0,111,3
0,166,1
0,200,1
0,290,1
0,498,1
0,618,3
0,848,1
0,918,1
0,935,1
0,987,1
0,988,1
0,1124,1
0,1129,1
0,1161,1
0,1301,1
0,1362,1
0,1426,1
1,26,1
1,301,3
1,333,3
1,662,1
1,701,1
1,1069,1
1,1152,1
1,1176,1
1,1220,1
1,1262,1
1,1277,1
1,1352,1
1,1414,1
1,1599,1
2,509,1
2,548,1
2,827,1
2,864,3
2,907,3
2,1110,3
2,1251,1
2,1287,1
2,1406,3
2,1421,3
2,1490,1
2,1491,1
2,1535,1
3,222,1
3,249,1
3,258,1
3,319,1
3,517,3
3,578,3
3,687,1
3,1322,1
3,1340,1
4,116,1
4,234,1
4,318,3
4,819,1
4,1319,3
5,190,3
5,495,1
5,590,3
5,842,3
5,1042,1
5,1231,1
5,1400,1
6,326,1
6,1207,1
6,1536,1
7,22,1
7,105,3
7,179,1
7,204,1
7,284,1
7,345,1
7,399,1
7,484,1
7,555,1
7,562,1
7,581,1
7,590,1
7,772,1
7,776,1
7,778,1
7,822,1
7,842,1
7,936,1
7,940,1
7,973,1
7,1122,1
7,1159,1
7,1180,1
7,1394,1
7,1458,1
7,1503,1
8,1031,3
8,1187,3
9,174,3
9,210,1
9,298,1
9,497,1
9,994,1
9,1084,1
9,1311,1
10,175,1
10,279,1
10,314,1
10,316,1
10,318,1
10,381,1
10,389,1
10,390,1
10,437,1
10,464,1
10,489,1
10,516,1
10,529,1
10,642,1
10,683,1
10,698,1
10,705,1
10,746,1
10,828,1
10,866,1
10,895,1
10,906,1
10,925,1
10,951,1
10,969,1
10,981,1
10,996,1
10,1008,1
10,1022,1
10,1028,1
10,1047,1
10,1054,1
10,1134,1
10,1143,1
10,1221,1
10,1226,1
10,1234,1
10,1235,1
10,1237,1
10,1427,1
10,1469,1
10,1504,1
10,1532,1
10,1553,1
10,1554,1
10,1560,1
10,1580,1
10,1628,1
11,40,3
11,77,1
11,194,3
11,243,1
11,319,1
11,413,3
11,460,1
11,475,1
11,496,1
11,628,1
11,632,1
11,680,1
11,716,1
11,726,1
11,745,1
11,805,1
11,836,1
11,858,1
11,1188,1
11,1191,1
11,1204,1
11,1213,1
11,1225,1
11,1242,1
11,1585,1
12,22,1
12,34,1
12,211,1
12,241,1
12,242,1
12,300,1
12,370,1
12,386,1
12,404,1
12,409,1
12,431,1
12,458,1
12,490,1
12,583,1
12,644,1
12,645,1
12,654,1
12,673,1
12,721,1
12,748,1
12,749,1
12,753,1
12,804,1
12,832,1
12,869,1
12,930,1
12,976,1
12,1095,1
12,1123,1
12,1180,1
12,1260,1
12,1266,1
12,1288,1
12,1314,1
12,1326,1
12,1349,1
12,1355,1
12,1366,1
12,1373,1
12,1425,3
12,1443,1
12,1463,1
12,1517,1
12,1527,1
12,1543,1
12,1571,1
12,1589,1
12,1609,1
12,1642,1
13,65,1
13,294,1
13,349,1
13,488,1
13,705,3
13,713,3
13,747,1
13,845,3
13,1091,3
13,1597,1
14,215,1
14,289,1
14,360,3
14,452,3
14,750,3
14,914,1
14,932,1
14,1050,3
14,1085,1
14,1401,1
15,108,1
15,114,1
15,118,1
15,307,1
15,315,1
15,328,1
15,339,3
15,444,1
15,525,1
15,654,3
15,686,1
15,757,1
15,824,1
15,852,1
15,887,1
15,1011,1
15,1063,1
15,1133,1
15,1228,1
15,1240,1
15,1280,1
15,1282,1
15,1367,1
15,1377,1
15,1379,1
15,1439,1
15,1504,3
15,1608,1
16,236,1
16,455,1
17,103,2
17,519,3
17,862,3
17,968,3
17,1457,3
17,1532,3
18,309,1
18,402,3
18,479,1
18,572,1
18,614,1
18,732,1
18,1112,1
18,1272,1
18,1369,1
18,1387,3
19,135,1
19,643,3
19,844,1
19,860,1
19,1170,1
20,17,1
20,475,1
20,612,1
20,829,1
20,1446,1
20,1606,1
21,252,1
21,333,1
21,375,1
21,513,1
21,1251,1
22,399,1
22,555,1
22,776,1
22,778,1
22,822,1
22,1106,1
22,1159,1
23,214,1
23,483,1
23,730,3
23,761,1
23,1050,3
23,1255,1
23,1286,3
23,1376,3
23,1436,1
23,1596,1
24,245,3
24,292,3
24,562,3
24,1029,1
24,1100,3
24,1181,1
24,1453,1
25,329,1
25,500,1
25,543,1
25,622,1
25,646,1
25,740,1
25,1298,1
25,1344,3
25,1603,1
26,41,3
26,49,3
26,56,2
26,769,3
26,1086,3
27,364,1
27,802,1
27,887,1
27,1182,1
27,1249,1
27,1266,3
27,1431,1
28,200,3
28,465,3
28,897,3
28,1127,3
28,1521,3
29,394,1
29,689,1
29,1122,1
29,1141,3
29,1189,3
29,1307,1
30,125,1
30,454,1
30,823,1
30,991,3
30,1167,1
30,1368,1
31,205,1
31,250,1
31,423,1
31,554,1
31,729,1
31,1013,1
31,1038,3
31,1168,1
31,1210,1
31,1308,1
31,1315,1
31,1335,1
31,1341,1
31,1353,1
32,16,1
32,841,1
32,1248,1
32,1296,1
33,240,1
33,775,3
33,831,3
33,874,1
33,886,1
33,1157,1
33,1187,1
33,1342,1
34,89,1
34,226,1
34,501,1
34,563,1
34,614,1
34,794,1
34,815,1
34,931,1
34,1106,1
34,1194,1
34,1305,1
34,1323,1
34,1565,1
34,1593,3
34,1606,1
35,78,1
35,319,1
35,442,1
35,525,3
35,647,1
35,789,1
35,853,1
35,1148,1
35,1548,3
35,1618,1
35,1636,3
36,164,2
36,178,1
36,247,1
36,248,1
36,263,1
36,301,1
36,421,1
36,454,3
36,542,1
36,635,1
36,795,1
36,815,1
36,841,1
36,950,1
36,955,1
36,974,1
36,1018,1
36,1236,3
36,1296,1
36,1308,1
36,1363,1
36,1498,3
37,111,3
37,197,1
37,285,1
37,341,1
37,526,1
37,787,1
37,840,1
37,949,3
37,1060,1
37,1233,1
37,1263,1
37,1451,1
38,57,1
38,249,1
38,391,1
38,602,1
38,666,1
38,793,1
38,943,1
38,1024,3
38,1033,1
38,1046,1
38,1261,1
38,1570,1
40,168,1
40,273,1
40,683,1
40,705,1
40,1007,1
40,1060,1
40,1065,1
40,1221,1
40,1349,1
40,1391,3
40,1532,1
40,1536,3
40,1579,3
41,187,1
41,277,1
41,318,1
41,607,1
41,661,3
41,821,1
41,1114,1
42,4,1
42,202,1
42,234,1
42,244,1
42,282,3
42,310,3
42,342,1
42,431,1
42,498,1
42,522,1
42,567,1
42,602,1
42,643,1
42,666,1
42,693,1
42,710,1
42,882,1
42,886,1
42,890,1
42,933,1
42,942,1
42,943,1
42,1002,1
42,1046,1
42,1113,1
42,1165,3
42,1201,1
42,1202,1
42,1222,1
42,1238,1
42,1330,1
42,1378,1
42,1383,1
42,1402,1
42,1500,1
42,1584,1
42,1588,1
42,1600,1
42,1614,1
43,160,1
43,207,1
43,313,1
43,327,1
43,367,1
43,383,1
43,392,1
43,485,1
43,518,1
43,574,1
43,596,1
43,616,1
43,637,1
43,649,1
43,747,1
43,820,1
43,856,1
43,867,1
43,942,1
43,946,1
43,953,1
43,993,1
43,1004,1
43,1014,1
43,1032,1
43,1044,1
43,1192,1
43,1289,1
43,1324,1
43,1392,1
43,1479,1
43,1481,1
43,1489,1
43,1492,1
43,1511,1
43,1568,1
43,1630,1
44,259,3
44,456,1
44,623,1
44,729,1
44,739,1
44,1138,1
44,1139,1
44,1406,1
44,1590,1
44,1591,1
45,607,3
45,701,3
45,974,3
46,205,3
47,201,1
47,252,1
47,295,1
47,305,1
47,345,3
47,354,1
47,364,1
47,397,1
47,441,1
47,461,1
47,517,1
47,536,1
47,584,1
47,592,1
47,599,1
47,604,1
47,658,1
47,697,1
47,699,1
47,710,1
47,715,1
47,718,1
47,724,3
47,739,3
47,834,1
47,839,1
47,846,1
47,887,1
47,954,1
47,964,1
47,971,1
47,980,1
47,1005,1
47,1015,1
47,1087,1
47,1098,1
47,1102,1
47,1119,1
47,1177,1
47,1183,1
47,1250,1
47,1316,1
47,1318,1
47,1360,1
47,1365,1
47,1390,1
47,1397,1
47,1410,1
47,1418,1
47,1487,1
47,1502,3
47,1528,1
47,1534,1
47,1552,1
47,1556,1
47,1575,1
47,1587,1
48,62,3
48,118,1
48,281,1
48,674,1
48,795,1
48,883,1
48,977,1
48,987,1
48,1239,1
48,1362,1
48,1470,1
48,1502,1
49,128,1
49,233,1
49,783,1
49,1041,3
49,1121,3
49,1146,1
49,1205,1
49,1345,1
49,1361,1
49,1384,1
49,1465,1
49,1594,1
49,1617,1
50,141,1
50,287,1
50,334,1
50,428,1
50,606,1
50,619,1
50,641,1
50,851,1
50,855,1
50,942,1
50,1459,1
50,1548,1
50,1614,1
51,77,1
51,164,1
51,178,1
51,247,1
51,263,1
51,301,1
51,363,1
51,391,1
51,432,1
51,462,1
51,478,1
51,576,1
51,635,1
51,690,1
51,702,3
51,766,1
51,795,1
51,841,1
51,950,1
51,955,1
51,997,1
51,1018,1
51,1061,1
51,1114,1
51,1170,1
51,1203,1
51,1211,1
51,1264,1
51,1296,1
51,1363,1
51,1462,1
51,1611,1
52,95,3
52,310,1
52,559,1
52,703,1
52,1030,3
52,1068,1
52,1132,3
52,1153,3
52,1274,1
53,686,3
53,942,1
53,1180,3
53,1469,1
54,914,1
54,1085,1
54,1192,3
55,736,3
56,209,1
56,223,1
56,313,3
56,730,1
56,1290,3
56,1320,1
56,1423,1
56,1557,1
57,255,1
57,284,3
57,358,1
57,365,1
57,438,1
57,466,1
57,713,1
57,897,1
57,1110,1
57,1164,1
57,1315,1
57,1409,3
57,1422,1
57,1576,1
58,117,1
58,229,1
58,293,1
58,369,1
58,443,1
58,451,1
58,604,1
58,712,1
58,798,1
58,994,3
58,1021,1
58,1156,1
58,1234,3
58,1380,1
58,1516,1
59,248,3
60,512,3
60,1300,3
61,359,1
61,493,1
61,816,1
61,901,1
61,1361,3
62,185,2
62,351,1
62,402,1
62,823,3
62,833,1
62,910,1
62,1065,1
62,1117,1
62,1149,1
62,1158,1
62,1275,1
62,1449,1
63,117,1
63,614,1
63,630,1
63,1092,3
63,1102,3
64,200,1
64,410,3
64,522,3
64,900,1
64,1305,1
65,249,1
65,520,1
65,549,1
65,744,1
65,800,1
65,888,1
65,1086,1
65,1167,1
65,1218,1
65,1249,1
65,1417,1
66,1239,3
66,1439,3
66,1593,3
66,1614,3
67,253,1
67,397,1
67,470,1
67,510,1
67,520,1
67,640,3
67,844,1
67,908,1
67,975,1
67,1126,1
67,1268,1
67,1360,1
67,1452,1
68,254,1
68,678,1
68,705,3
68,892,1
68,950,3
68,1219,1
68,1490,1
68,1505,1
68,1620,1
69,114,1
69,118,1
69,219,3
69,401,3
69,523,3
69,807,3
69,1415,1
70,44,1
70,103,1
70,459,1
70,470,1
70,755,1
70,935,1
70,945,1
70,987,1
70,989,1
70,1124,1
70,1273,1
70,1301,1
70,1419,1
70,1529,1
71,115,3
71,247,1
71,357,1
71,1018,3
71,1273,1
72,120,3
72,402,1
72,457,1
72,478,3
72,532,1
72,545,3
72,960,1
72,1452,1
72,1604,1
73,51,1
73,157,3
73,424,3
73,529,1
73,620,1
73,897,1
73,947,1
73,974,1
73,977,3
74,102,1
74,145,3
74,221,1
74,235,1
74,335,1
74,645,1
74,659,3
74,949,1
74,956,1
74,1043,3
74,1243,3
74,1294,1
74,1523,1
74,1537,1
74,1538,1
74,1545,1
74,1639,1
75,194,1
75,195,1
75,312,1
75,319,3
75,440,1
75,896,1
75,923,3
75,1006,1
75,1471,1
75,1497,1
75,1541,3
76,114,1
76,1564,1
77,64,1
77,82,1
77,91,1
77,116,3
77,118,1
77,237,1
77,239,1
77,243,1
77,257,1
77,261,1
77,291,1
77,384,1
77,412,1
77,414,1
77,446,1
77,451,1
77,475,1
77,510,1
77,512,1
77,519,1
77,538,1
77,539,1
77,557,1
77,564,1
77,585,1
77,587,1
77,593,1
77,618,1
77,628,1
77,639,1
77,650,1
77,675,1
77,688,1
77,691,1
77,696,1
77,726,1
77,767,1
77,805,1
77,858,1
77,868,1
77,892,1
77,893,1
77,912,1
77,923,1
77,948,1
77,1000,1
77,1010,1
77,1012,1
77,1021,1
77,1045,1
77,1067,1
77,1093,1
77,1097,1
77,1126,1
77,1153,1
77,1156,1
77,1191,1
77,1212,1
77,1284,1
77,1293,1
77,1310,1
77,1321,1
77,1332,1
77,1356,1
77,1363,1
77,1385,1
77,1398,1
77,1406,1
77,1455,1
77,1519,1
77,1525,1
77,1526,1
77,1539,1
77,1558,1
77,1579,1
77,1582,1
77,1615,1
77,1616,1
78,84,2
78,93,1
78,956,1
78,1198,1
78,1376,3
79,155,1
79,433,1
79,506,1
79,651,1
79,1191,3
79,1224,1
79,1414,1
79,1486,3
79,1506,1
79,1628,3
80,169,1
80,1162,1
81,229,1
81,314,3
81,803,1
81,810,1
81,1357,1
81,1411,1
82,67,1
82,218,1
82,246,1
82,347,3
82,513,3
82,552,1
82,632,1
82,704,1
82,773,1
82,776,1
82,818,1
82,884,1
82,1213,1
82,1270,1
82,1453,1
82,1454,1
82,1626,1
83,2,1
83,31,1
83,33,1
83,41,1
83,98,1
83,100,1
83,120,2
83,128,1
83,138,1
83,149,1
83,152,1
83,175,1
83,183,1
83,205,1
83,216,1
83,219,1
83,224,1
83,227,1
83,251,1
83,260,1
83,265,1
83,267,1
83,269,1
83,275,1
83,279,1
83,283,1
83,286,1
83,289,1
83,291,1
83,292,1
83,314,1
83,330,1
83,336,1
83,341,1
83,342,1
83,347,1
83,349,1
83,353,1
83,357,1
83,362,1
83,368,1
83,371,1
83,376,1
83,387,1
83,393,1
83,410,1
83,417,1
83,423,1
83,426,1
83,430,1
83,437,1
83,440,1
83,446,1
83,453,1
83,461,3
83,463,1
83,466,1
83,472,1
83,473,1
83,489,1
83,492,1
83,502,1
83,504,1
83,505,1
83,509,1
83,510,1
83,522,1
83,523,1
83,529,1
83,533,1
83,539,1
83,540,1
83,541,1
83,544,1
83,554,1
83,555,1
83,560,1
83,564,1
83,568,1
83,589,1
83,591,1
83,598,1
83,601,1
83,613,1
83,615,1
83,627,1
83,643,1
83,656,1
83,659,1
83,661,1
83,663,1
83,684,1
83,687,1
83,691,1
83,694,1
83,696,1
83,698,1
83,722,1
83,724,1
83,728,1
83,731,1
83,735,1
83,765,1
83,770,1
83,774,1
83,777,1
83,781,1
83,792,1
83,807,1
83,810,1
83,811,1
83,813,1
83,817,1
83,822,1
83,827,1
83,838,1
83,843,1
83,849,1
83,850,1
83,858,1
83,859,1
83,862,1
83,866,1
83,871,1
83,880,1
83,885,1
83,889,1
83,891,1
83,894,1
83,925,1
83,933,1
83,934,1
83,938,1
83,948,1
83,951,1
83,952,1
83,963,1
83,965,1
83,978,1
83,984,1
83,996,1
83,1009,1
83,1013,1
83,1016,1
83,1032,1
83,1042,1
83,1043,1
83,1050,1
83,1054,1
83,1055,1
83,1071,1
83,1075,1
83,1077,1
83,1079,1
83,1103,1
83,1106,1
83,1116,1
83,1122,1
83,1130,1
83,1143,1
83,1144,1
83,1152,1
83,1153,1
83,1159,1
83,1168,1
83,1171,1
83,1187,1
83,1194,1
83,1202,1
83,1204,1
83,1226,1
83,1229,1
83,1232,1
83,1234,1
83,1235,1
83,1237,1
83,1243,1
83,1244,1
83,1245,1
83,1249,1
83,1262,1
83,1274,1
83,1277,1
83,1281,1
83,1283,1
83,1290,1
83,1303,1
83,1305,1
83,1306,1
83,1309,1
83,1315,1
83,1321,1
83,1324,1
83,1325,1
83,1327,1
83,1329,1
83,1331,1
83,1341,1
83,1342,1
83,1346,1
83,1348,1
83,1353,1
83,1367,1
83,1374,1
83,1375,1
83,1376,1
83,1389,1
83,1398,1
83,1406,1
83,1412,1
83,1413,1
83,1420,1
83,1445,1
83,1448,1
83,1460,1
83,1461,1
83,1468,1
83,1470,1
83,1477,1
83,1481,1
83,1484,1
83,1491,1
83,1496,1
83,1497,1
83,1504,1
83,1508,1
83,1510,1
83,1515,1
83,1518,1
83,1535,1
83,1539,1
83,1542,1
83,1547,1
83,1555,1
83,1569,1
83,1578,1
83,1582,1
83,1599,1
83,1600,1
83,1601,1
83,1613,1
83,1615,1
83,1616,1
83,1623,1
83,1625,1
83,1628,1
83,1630,1
83,1632,1
84,337,3
84,495,3
84,813,1
84,1442,3
85,112,1
85,238,1
85,710,3
85,835,1
85,854,1
85,862,1
85,897,1
85,1128,1
85,1282,1
86,136,3
86,343,3
86,419,1
86,538,1
86,902,1
86,1062,1
86,1183,1
86,1359,1
87,79,1
87,160,1
87,268,1
87,415,1
87,433,1
87,499,3
87,506,1
87,508,1
87,602,1
87,638,1
87,743,1
87,847,1
87,909,3
87,943,1
87,947,1
87,1107,1
87,1125,1
87,1181,1
87,1350,1
87,1414,1
87,1506,1
87,1520,3
87,1570,1
88,174,3
88,351,3
88,662,3
89,875,3
89,949,3
89,1090,1
89,1120,1
89,1247,1
89,1288,1
89,1314,1
90,104,3
90,142,1
90,306,1
90,322,1
90,324,1
90,553,1
90,617,1
90,799,1
90,863,1
90,1133,1
90,1236,1
90,1291,1
90,1391,1
90,1475,1
90,1604,1
90,1633,1
91,219,1
91,229,1
91,340,1
91,355,1
91,357,1
91,360,1
91,405,1
91,422,1
91,430,1
91,435,1
91,501,1
91,507,1
91,527,1
91,586,3
91,702,3
91,737,1
91,746,3
91,779,1
91,810,1
91,864,1
91,983,1
91,991,1
91,1016,3
91,1038,1
91,1059,1
91,1140,1
91,1268,1
91,1286,1
91,1295,1
91,1429,1
91,1524,1
91,1549,1
91,1595,1
92,916,1
92,1068,3
92,1142,1
92,1636,1
93,431,1
93,1295,1
93,1549,1
94,198,1
94,199,1
94,220,1
94,234,1
94,241,1
94,306,1
94,374,1
94,401,1
94,419,3
94,469,1
94,551,1
94,779,3
94,844,1
94,995,1
94,1014,3
94,1019,1
94,1025,1
94,1051,1
94,1072,1
94,1095,1
94,1105,1
94,1106,1
94,1132,1
94,1155,1
94,1169,1
94,1194,1
94,1217,1
94,1223,1
94,1260,1
94,1366,1
94,1430,1
94,1454,1
94,1549,1
94,1609,1
95,109,1
95,134,2
95,281,1
95,494,1
95,674,1
95,883,1
95,1115,1
95,1239,1
95,1480,1
96,419,1
96,471,1
96,903,1
96,1017,1
96,1063,1
96,1092,1
96,1160,1
96,1175,1
96,1189,1
96,1522,1
96,1566,1
97,15,1
97,439,1
97,530,1
97,709,1
97,762,1
97,1135,3
97,1166,1
97,1298,3
97,1438,3
97,1514,1
98,125,2
98,128,2
98,549,3
98,602,3
98,783,1
98,850,3
98,1040,1
98,1205,1
98,1388,1
98,1396,1
98,1440,1
98,1465,1
98,1533,1
98,1617,1
99,5,1
99,115,1
99,185,1
99,211,1
99,220,1
99,301,1
99,370,1
99,409,1
99,474,1
99,588,1
99,603,1
99,605,1
99,644,1
99,672,1
99,773,1
99,791,1
99,832,1
99,841,1
99,901,1
99,955,1
99,1018,1
99,1101,1
99,1164,1
99,1284,1
99,1288,1
99,1296,1
99,1349,1
99,1425,1
99,1433,3
99,1593,1
99,1604,3
99,1639,1
100,183,1
100,275,1
100,316,1
100,318,1
100,349,1
100,372,1
100,659,1
100,738,3
100,746,1
100,906,1
100,909,1
100,963,1
100,969,1
100,1071,1
100,1134,1
100,1222,1
100,1342,1
100,1477,1
100,1554,1
101,172,2
101,1188,1
102,202,1
102,1336,3
102,1568,3
102,1584,1
103,1077,1
103,1097,3
103,1441,1
104,392,1
104,462,3
104,510,1
104,1191,3
104,1246,1
105,253,3
105,543,1
105,784,1
105,1395,1
106,511,1
106,558,1
106,629,1
106,1067,3
106,1510,1
106,1622,1
107,203,3
107,376,3
107,826,1
107,1257,3
107,1588,1
107,1603,1
107,1610,1
108,210,1
108,444,1
108,483,1
108,548,1
108,607,1
108,797,1
108,1108,1
108,1254,1
108,1280,1
108,1405,1
109,107,1
109,177,1
109,180,1
109,186,1
109,196,1
109,217,1
109,228,1
109,243,1
109,275,1
109,276,1
109,316,1
109,318,1
109,331,1
109,376,1
109,378,1
109,389,1
109,410,1
109,420,1
109,454,1
109,505,1
109,510,1
109,526,1
109,565,1
109,566,1
109,628,1
109,631,1
109,653,1
109,681,1
109,726,1
109,752,1
109,753,1
109,765,1
109,780,1
109,813,1
109,850,1
109,868,1
109,876,1
109,885,1
109,906,1
109,917,1
109,958,1
109,963,1
109,968,1
109,969,1
109,1020,1
109,1073,1
109,1077,1
109,1082,1
109,1103,1
109,1144,1
109,1155,1
109,1157,1
109,1191,1
109,1192,1
109,1229,1
109,1241,1
109,1247,1
109,1279,1
109,1312,1
109,1328,1
109,1350,1
109,1387,1
109,1393,1
109,1420,1
109,1444,1
109,1472,1
109,1494,1
109,1498,1
109,1509,1
109,1512,1
109,1531,1
109,1623,1
109,1624,1
109,1631,1
110,314,1
110,380,1
110,437,1
110,547,1
110,817,1
110,828,1
110,1628,1
111,163,1
111,269,1
111,438,1
111,868,3
111,878,1
111,1145,1
111,1292,1
112,164,3
112,299,1
112,417,1
112,1069,1
112,1206,3
112,1249,3
112,1318,3
112,1521,1
113,689,3
113,798,3
114,164,3
114,223,1
114,265,1
114,279,1
114,296,1
114,348,1
114,372,1
114,373,1
114,377,1
114,393,1
114,406,1
114,448,1
114,464,1
114,489,1
114,521,1
114,537,1
114,556,1
114,586,1
114,597,1
114,640,1
114,648,1
114,664,1
114,668,1
114,708,1
114,753,1
114,768,1
114,808,1
114,813,1
114,850,1
114,856,1
114,865,1
114,885,1
114,895,1
114,910,1
114,996,1
114,1008,1
114,1026,1
114,1041,1
114,1054,1
114,1074,1
114,1078,1
114,1115,1
114,1127,1
114,1136,1
114,1141,1
114,1147,3
114,1151,1
114,1172,1
114,1198,1
114,1220,1
114,1222,1
114,1234,1
114,1235,1
114,1237,1
114,1262,1
114,1317,1
114,1339,1
114,1374,1
114,1393,1
114,1409,1
114,1420,1
114,1437,1
114,1446,1
114,1480,1
114,1504,1
114,1529,1
114,1573,1
114,1635,1
114,1637,1
114,1638,1
115,292,1
115,315,1
115,382,1
115,656,1
115,1124,1
115,1280,1
115,1332,1
115,1460,1
115,1518,1
115,1616,3
116,486,1
116,577,1
116,1094,1
116,1206,1
116,1252,3
116,1314,3
116,1371,1
116,1495,1
117,442,1
117,584,1
117,586,3
117,647,1
117,789,1
117,791,1
117,1618,1
118,200,1
118,348,1
118,373,1
118,377,1
118,393,1
118,488,1
118,489,1
118,494,1
118,521,1
118,556,1
118,586,1
118,597,1
118,648,1
118,708,1
118,753,1
118,808,1
118,813,1
118,850,1
118,865,1
118,866,1
118,885,1
118,895,1
118,910,1
118,951,1
118,996,1
118,1008,1
118,1074,1
118,1078,1
118,1115,1
118,1136,1
118,1141,1
118,1143,1
118,1151,1
118,1220,1
118,1222,1
118,1229,1
118,1235,1
118,1262,1
118,1317,1
118,1339,1
118,1374,1
118,1420,1
118,1425,1
118,1427,1
118,1446,1
118,1461,3
118,1472,1
118,1498,1
118,1504,1
118,1512,1
118,1637,1
118,1638,1
119,1,1
119,2,1
119,4,1
119,11,1
119,12,1
119,18,1
119,26,1
119,31,1
119,56,1
119,57,1
119,61,1
119,62,1
119,90,1
119,96,1
119,108,1
119,112,1
119,114,1
119,116,1
119,118,1
119,121,1
119,125,1
119,134,1
119,141,1
119,149,1
119,151,1
119,164,1
119,168,1
119,170,2
119,180,1
119,183,1
119,185,1
119,188,1
119,192,1
119,194,1
119,195,1
119,199,1
119,202,1
119,205,1
119,209,1
119,230,1
231,119,0
234,119,0
237,119,0
238,119,0
240,119,0
244,119,0
253,119,0
256,119,0
287,119,0
291,119,0
299,119,0
302,119,0
312,119,0
320,119,0
324,119,0
331,119,0
333,119,0
334,119,0
336,119,0
342,119,0
344,119,0
361,119,0
374,119,0
385,119,0
395,119,0
405,119,0
411,119,0
414,119,0
419,119,0
423,119,0
428,119,0
433,119,0
444,119,0
454,119,0
456,119,0
457,119,0
467,119,0
471,119,0
477,119,0
481,119,0
486,119,0
119,489,3
491,119,0
493,119,0
494,119,0
495,119,0
500,119,0
503,119,0
506,119,0
508,119,0
515,119,0
528,119,0
531,119,0
532,119,0
541,119,0
546,119,0
551,119,0
553,119,0
570,119,0
576,119,0
577,119,0
578,119,0
593,119,0
596,119,0
600,119,0
602,119,0
606,119,0
609,119,0
611,119,0
614,119,0
617,119,0
626,119,0
642,119,0
652,119,0
655,119,0
658,119,0
662,119,0
666,119,0
669,119,0
674,119,0
675,119,0
676,119,0
677,119,0
683,119,0
685,119,0
693,119,0
696,119,0
701,119,0
711,119,0
713,119,0
714,119,0
721,119,0
723,119,0
727,119,0
729,119,0
730,119,0
738,119,0
754,119,0
756,119,0
764,119,0
769,119,0
777,119,0
783,119,0
788,119,0
789,119,0
793,119,0
794,119,0
798,119,0
802,119,0
807,119,0
812,119,0
816,119,0
818,119,0
823,119,0
826,119,0
827,119,0
830,119,0
835,119,0
844,119,0
848,119,0
853,119,0
854,119,0
855,119,0
857,119,0
859,119,0
861,119,0
863,119,0
868,119,0
877,119,0
879,119,0
883,119,0
886,119,0
893,119,0
896,119,0
897,119,0
898,119,0
900,119,0
912,119,0
920,119,0
923,119,0
927,119,0
928,119,0
929,119,0
931,119,0
932,119,0
944,119,0
948,119,0
950,119,0
953,119,0
957,119,0
959,119,0
960,119,0
962,119,0
966,119,0
970,119,0
979,119,0
986,119,0
990,119,0
1003,119,0
1007,119,0
1010,119,0
1013,119,0
1017,119,0
1022,119,0
1023,119,0
1029,119,0
1033,119,0
1034,119,0
1040,119,0
1044,119,0
1065,119,0
1071,119,0
1079,119,0
1080,119,0
1085,119,0
1092,119,0
1100,119,0
1107,119,0
1109,119,0
1121,119,0
1132,119,0
1138,119,0
1139,119,0
1142,119,0
1146,119,0
1148,119,0
1149,119,0
1152,119,0
1153,119,0
1158,119,0
1163,119,0
1164,119,0
1168,119,0
1176,119,0
1181,119,0
1185,119,0
1186,119,0
1189,119,0
1193,119,0
1194,119,0
1196,119,0
1197,119,0
1200,119,0
1202,119,0
1206,119,0
1217,119,0
1221,119,0
1224,119,0
1236,119,0
1238,119,0
1261,119,0
1262,119,0
1263,119,0
1274,119,0
1277,119,0
1280,119,0
1284,119,0
1287,119,0
1291,119,0
1293,119,0
1303,119,0
1305,119,0
1315,119,0
1319,119,0
1320,119,0
1323,119,0
1332,119,0
1334,119,0
1341,119,0
1342,119,0
1350,119,0
1353,119,0
1368,119,0
1371,119,0
1382,119,0
1384,119,0
1391,119,0
1400,119,0
1413,119,0
1421,119,0
1423,119,0
1438,119,0
1442,119,0
1445,119,0
1449,119,0
1454,119,0
1456,119,0
1457,119,0
1459,119,0
1464,119,0
1471,119,0
1478,119,0
1479,119,0
1491,119,0
1495,119,0
1497,119,0
1500,119,0
1513,119,0
1515,119,0
1516,119,0
1517,119,0
1521,119,0
1522,119,0
1526,119,0
1535,119,0
1544,119,0
1546,119,0
1551,119,0
1553,119,0
1555,119,0
1558,119,0
1566,119,0
1568,119,0
1569,119,0
1570,119,0
1579,119,0
1584,119,0
1599,119,0
1600,119,0
1604,119,0
1607,119,0
1610,119,0
1612,119,0
1616,119,0
1618,119,0
1621,119,0
119,1622,3
1629,119,0
1633,119,0
1636,119,0
1639,119,0
1640,119,0
1641,119,0
9,120,0
105,120,0
128,120,0
130,120,0
211,120,0
216,120,0
221,120,0
235,120,0
249,120,0
267,120,0
270,120,0
271,120,0
333,120,0
335,120,0
347,120,0
366,120,0
387,120,0
390,120,0
391,120,0
409,120,0
414,120,0
422,120,0
442,120,0
446,120,0
473,120,0
479,120,0
514,120,0
520,120,0
522,120,0
523,120,0
549,120,0
568,120,0
572,120,0
580,120,0
592,120,0
644,120,0
647,120,0
657,120,0
661,120,0
662,120,0
687,120,0
696,120,0
730,120,0
732,120,0
759,120,0
774,120,0
777,120,0
784,120,0
800,120,0
807,120,0
843,120,0
849,120,0
862,120,0
886,120,0
888,120,0
948,120,0
954,120,0
956,120,0
972,120,0
981,120,0
1009,120,0
1013,120,0
1042,120,0
1043,120,0
1047,120,0
1058,120,0
1064,120,0
1086,120,0
1148,120,0
1152,120,0
1153,120,0
1167,120,0
1168,120,0
1200,120,0
1208,120,0
1210,120,0
1214,120,0
1218,120,0
1220,120,0
1231,120,0
120,1233,3
1244,120,0
1262,120,0
1272,120,0
1281,120,0
1303,120,0
1306,120,0
1315,120,0
1321,120,0
1331,120,0
120,1332,3
1341,120,0
1346,120,0
1349,120,0
1363,120,0
1369,120,0
1395,120,0
1398,120,0
1412,120,0
1416,120,0
1476,120,0
1539,120,0
1557,120,0
1558,120,0
1560,120,0
1584,120,0
1601,120,0
1616,120,0
1618,120,0
1619,120,0
1632,120,0
1638,120,0
108,121,0
161,121,0
315,121,0
757,121,0
784,121,0
795,121,0
805,121,0
1112,121,0
1190,121,0
1216,121,0
1280,121,0
1581,121,0
1639,121,0
122,134,3
122,197,3
415,122,0
508,122,0
122,513,3
515,122,0
723,122,0
926,122,0
970,122,0
1107,122,0
122,1439,3
1546,122,0
1629,122,0
123,837,3
124,437,3
620,124,0
682,124,0
805,124,0
124,1123,3
1124,124,0
124,1349,3
15,125,0
396,125,0
657,125,0
671,125,0
702,125,0
823,125,0
922,125,0
930,125,0
948,125,0
991,125,0
1040,125,0
1049,125,0
1106,125,0
125,1171,3
125,1181,3
1194,125,0
1205,125,0
1265,125,0
1305,125,0
1356,125,0
1368,125,0
1465,125,0
1539,125,0
1617,125,0
1620,125,0
259,126,0
126,282,3
126,303,3
352,126,0
438,126,0
465,126,0
651,126,0
30,127,0
125,127,0
251,127,0
285,127,0
326,127,0
670,127,0
823,127,0
1258,127,0
1368,127,0
1466,127,0
128,197,3
289,128,0
414,128,0
624,128,0
751,128,0
783,128,0
823,128,0
874,128,0
1083,128,0
128,1088,3
1128,128,0
1205,128,0
1265,128,0
1266,128,0
1368,128,0
1388,128,0
1396,128,0
1440,128,0
1476,128,0
1533,128,0
128,1548,3
1571,128,0
1617,128,0
270,129,0
129,297,3
436,129,0
442,129,0
643,129,0
270,130,0
850,130,0
1619,130,0
61,131,0
131,442,3
482,131,0
830,131,0
963,131,0
1082,131,0
131,1152,3
1163,131,0
1583,131,0
13,132,0
98,132,0
128,132,0
370,132,0
409,132,0
432,132,0
690,132,0
832,132,0
892,132,0
985,132,0
1110,132,0
132,1159,3
132,1281,3
1288,132,0
1295,132,0
1349,132,0
132,1403,3
1549,132,0
1597,132,0
14,133,0
84,133,0
152,133,0
400,133,0
425,133,0
133,846,3
133,849,3
914,133,0
998,133,0
1024,133,0
1085,133,0
133,1143,3
1352,133,0
1541,133,0
494,134,0
674,134,0
847,134,0
1115,134,0
1239,134,0
1480,134,0
14,135,0
15,135,0
31,135,0
54,135,0
65,135,0
114,135,0
161,135,0
185,135,0
241,135,0
272,135,0
281,135,0
317,135,0
320,135,0
338,135,0
342,135,0
379,135,0
398,135,0
403,135,0
415,135,0
416,135,0
424,135,0
430,135,0
447,135,0
468,135,0
480,135,0
135,521,3
564,135,0
610,135,0
620,135,0
629,135,0
630,135,0
655,135,0
657,135,0
674,135,0
686,135,0
702,135,0
720,135,0
725,135,0
742,135,0
745,135,0
767,135,0
772,135,0
783,135,0
790,135,0
795,135,0
802,135,0
824,135,0
831,135,0
833,135,0
856,135,0
857,135,0
868,135,0
881,135,0
883,135,0
898,135,0
905,135,0
931,135,0
936,135,0
940,135,0
1027,135,0
1085,135,0
1088,135,0
1091,135,0
1095,135,0
1111,135,0
1113,135,0
1118,135,0
1131,135,0
1147,135,0
1150,135,0
1158,135,0
1187,135,0
1202,135,0
1205,135,0
1207,135,0
1239,135,0
1257,135,0
1265,135,0
1271,135,0
1297,135,0
1299,135,0
1323,135,0
1327,135,0
1351,135,0
1370,135,0
1372,135,0
1406,135,0
1415,135,0
1441,135,0
1449,135,0
1465,135,0
1472,135,0
1478,135,0
1483,135,0
1486,135,0
1498,135,0
1499,135,0
1507,135,0
1510,135,0
1536,135,0
1550,135,0
1561,135,0
1562,135,0
1563,135,0
1600,135,0
1,136,0
273,136,0
331,136,0
609,136,0
683,136,0
754,136,0
927,136,0
1221,136,0
1532,136,0
214,137,0
230,137,0
137,411,3
481,137,0
877,137,0
1121,137,0
1186,137,0
1319,137,0
1382,137,0
1464,137,0
1513,137,0
137,1611,3
404,138,0
735,138,0
138,878,3
1367,138,0
1389,138,0
1468,138,0
675,139,0
858,139,0
900,139,0
1121,139,0
139,1317,3
1393,139,0
1404,139,0
1532,139,0
2,140,0
84,140,0
90,140,0
100,140,0
118,140,0
121,140,0
170,140,0
140,193,2
202,140,0
216,140,0
230,140,0
243,140,0
254,140,0
275,140,0
277,140,0
282,140,0
290,140,0
292,140,0
302,140,0
304,140,0
318,140,0
324,140,0
328,140,0
333,140,0
342,140,0
347,140,0
375,140,0
387,140,0
389,140,0
140,395,3
415,140,0
429,140,0
446,140,0
474,140,0
479,140,0
480,140,0
481,140,0
503,140,0
504,140,0
509,140,0
545,140,0
555,140,0
562,140,0
612,140,0
617,140,0
619,140,0
628,140,0
645,140,0
656,140,0
678,140,0
696,140,0
711,140,0
719,140,0
722,140,0
726,140,0
731,140,0
732,140,0
757,140,0
765,140,0
769,140,0
771,140,0
778,140,0
792,140,0
795,140,0
813,140,0
817,140,0
821,140,0
827,140,0
845,140,0
850,140,0
865,140,0
871,140,0
872,140,0
877,140,0
885,140,0
900,140,0
909,140,0
913,140,0
933,140,0
949,140,0
963,140,0
969,140,0
987,140,0
988,140,0
990,140,0
1013,140,0
1032,140,0
1042,140,0
1056,140,0
1062,140,0
1063,140,0
1075,140,0
1088,140,0
1106,140,0
1111,140,0
1121,140,0
1122,140,0
1130,140,0
1147,140,0
1153,140,0
1154,140,0
1159,140,0
1180,140,0
1186,140,0
1188,140,0
1191,140,0
1194,140,0
1195,140,0
1201,140,0
1202,140,0
1210,140,0
1219,140,0
1225,140,0
1229,140,0
1236,140,0
1238,140,0
1249,140,0
1251,140,0
1263,140,0
1272,140,0
1277,140,0
1282,140,0
1287,140,0
1291,140,0
1295,140,0
1300,140,0
1305,140,0
1309,140,0
1314,140,0
1315,140,0
1319,140,0
1326,140,0
1332,140,0
1341,140,0
1362,140,0
1374,140,0
1382,140,0
1403,140,0
1404,140,0
1420,140,0
1460,140,0
1464,140,0
1469,140,0
1481,140,0
1489,140,0
1513,140,0
1518,140,0
1535,140,0
1554,140,0
1557,140,0
1580,140,0
1584,140,0
1585,140,0
1599,140,0
1601,140,0
1620,140,0
1630,140,0
1632,140,0
1633,140,0
1640,140,0
72,141,0
287,141,0
334,141,0
606,141,0
641,141,0
728,141,0
855,141,0
141,926,3
141,1498,3
1548,141,0
34,142,0
266,142,0
325,142,0
142,682,3
1084,142,0
1267,142,0
142,1428,3
1493,142,0
1560,142,0
243,143,0
249,143,0
279,143,0
489,143,0
550,143,0
569,143,0
628,143,0
726,143,0
743,143,0
744,143,0
941,143,0
965,143,0
1143,143,0
1188,143,0
1234,143,0
1235,143,0
1417,143,0
1434,143,0
144,174,2
144,252,3
355,144,0
144,583,3
613,144,0
144,638,3
809,144,0
144,824,3
144,1424,3
434,145,0
475,145,0
676,145,0
146,979,3
1015,146,0
146,1375,3
147,477,3
196,148,0
775,148,0
875,148,0
148,1150,3
1334,148,0
1337,148,0
148,1507,3
148,1564,3
149,250,3
291,149,0
502,149,0
149,791,3
894,149,0
1196,149,0
1200,149,0
149,1306,3
1547,149,0
337,150,0
150,363,3
760,150,0
829,150,0
1605,150,0
151,228,3
471,151,0
576,151,0
721,151,0
863,151,0
1438,151,0
657,152,0
152,701,3
152,998,3
152,1144,3
1476,152,0
771,153,0
845,153,0
1300,153,0
350,154,0
351,154,0
434,154,0
154,1036,3
1063,154,0
1296,154,0
253,155,0
311,155,0
155,323,3
336,155,0
505,155,0
538,155,0
593,155,0
765,155,0
807,155,0
1273,155,0
1284,155,0
1321,155,0
1356,155,0
1523,155,0
1526,155,0
1539,155,0
1558,155,0
1572,155,0
156,273,3
156,1181,3
3,157,0
294,157,0
695,157,0
750,157,0
157,963,3
157,1036,3
1081,157,0
1096,157,0
1135,157,0
157,1142,3
1358,157,0
1433,157,0
157,1484,3
157,1589,3
114,158,0
118,158,0
158,164,3
692,158,0
249,159,0
260,159,0
279,159,0
342,159,0
371,159,0
393,159,0
464,159,0
472,159,0
504,159,0
549,159,0
781,159,0
792,159,0
850,159,0
866,159,0
885,159,0
895,159,0
933,159,0
996,159,0
1008,159,0
1054,159,0
1077,159,0
1103,159,0
1143,159,0
1202,159,0
1229,159,0
1237,159,0
1247,159,0
1374,159,0
1417,159,0
1420,159,0
1484,159,0
1600,159,0
1625,159,0
191,160,0
329,160,0
481,160,0
625,160,0
160,670,3
706,160,0
1035,160,0
1259,160,0
160,1499,3
1516,160,0
624,161,0
665,161,0
161,1485,3
303,162,0
310,162,0
407,162,0
162,667,3
733,162,0
162,768,3
926,162,0
941,162,0
1061,162,0
1089,162,0
314,163,0
677,163,0
714,163,0
788,163,0
1034,163,0
1197,163,0
163,1569,3
1612,163,0
24,164,0
164,178,2
263,164,0
301,164,0
421,164,0
432,164,0
513,164,0
635,164,0
164,711,3
841,164,0
950,164,0
955,164,0
974,164,0
982,164,0
991,164,0
1018,164,0
164,1117,3
1170,164,0
1203,164,0
1205,164,0
1211,164,0
164,1212,3
1465,164,0
165,1068,3
165,1527,3
165,1529,3
165,1626,3
269,166,0
278,166,0
430,166,0
445,166,0
814,166,0
1137,166,0
1348,166,0
2,167,0
167,463,3
509,167,0
827,167,0
167,950,3
1251,167,0
167,1277,3
1491,167,0
1535,167,0
281,168,0
168,321,3
674,168,0
795,168,0
883,168,0
977,168,0
1362,168,0
15,169,0
114,169,0
118,169,0
328,169,0
757,169,0
824,169,0
852,169,0
887,169,0
1011,169,0
1063,169,0
1228,169,0
169,1234,3
1280,169,0
1439,169,0
4,170,0
12,170,0
18,170,0
48,170,0
128,170,0
135,170,0
164,170,0
199,170,0
212,170,0
218,170,0
232,170,0
249,170,0
253,170,0
255,170,0
264,170,0
291,170,0
293,170,0
297,170,0
302,170,0
320,170,0
332,170,0
335,170,0
339,170,0
346,170,0
356,170,0
374,170,0
381,170,0
387,170,0
388,170,0
391,170,0
405,170,0
408,170,0
424,170,0
427,170,0
450,170,0
454,170,0
455,170,0
468,170,0
482,170,0
487,170,0
494,170,0
503,170,0
519,170,0
541,170,0
549,170,0
561,170,0
575,170,0
579,170,0
580,170,0
591,170,0
607,170,0
170,614,3
634,170,0
636,170,0
643,170,0
660,170,0
683,170,0
692,170,0
693,170,0
721,170,0
722,170,0
728,170,0
734,170,0
742,170,0
744,170,0
745,170,0
757,170,0
758,170,0
763,170,0
765,170,0
777,170,0
783,170,0
790,170,0
796,170,0
798,170,0
799,170,0
801,170,0
807,170,0
819,170,0
825,170,0
831,170,0
844,170,0
849,170,0
850,170,0
860,170,0
863,170,0
881,170,0
888,170,0
897,170,0
899,170,0
907,170,0
914,170,0
915,170,0
916,170,0
919,170,0
932,170,0
939,170,0
950,170,0
995,170,0
999,170,0
1001,170,0
1036,170,0
1040,170,0
1048,170,0
1057,170,0
1066,170,0
1086,170,0
1104,170,0
1120,170,0
1131,170,0
1132,170,0
1150,170,0
1178,170,0
1184,170,0
1187,170,0
1199,170,0
1202,170,0
1220,170,0
1229,170,0
1232,170,0
1262,170,0
1269,170,0
1271,170,0
1277,170,0
1294,170,0
1309,170,0
1313,170,0
1314,170,0
1326,170,0
1333,170,0
1338,170,0
1343,170,0
1374,170,0
1396,170,0
1407,170,0
1420,170,0
1424,170,0
1429,170,0
1432,170,0
1435,170,0
1438,170,0
1441,170,0
1442,170,0
1467,170,0
1478,170,0
1482,170,0
1483,170,0
1486,170,0
1509,170,0
1516,170,0
1518,170,0
1532,170,0
1543,170,0
1546,170,0
1550,170,0
1557,170,0
1562,170,0
1563,170,0
1592,170,0
1598,170,0
1599,170,0
1601,170,0
1641,170,0
171,405,3
171,471,3
171,1152,3
283,172,0
172,352,3
591,172,0
1055,172,0
1291,172,0
172,1381,3
172,1556,3
321,173,0
173,681,3
1256,173,0
1473,173,0
174,509,3
174,539,3
174,697,3
174,743,3
809,174,0
31,175,0
138,175,0
149,175,0
175,189,3
175,207,3
227,175,0
279,175,0
291,175,0
292,175,0
342,175,0
347,175,0
362,175,0
366,175,0
368,175,0
371,175,0
387,175,0
393,175,0
417,175,0
422,175,0
175,427,3
463,175,0
464,175,0
502,175,0
504,175,0
514,175,0
615,175,0
643,175,0
656,175,0
175,668,3
684,175,0
694,175,0
701,175,0
728,175,0
744,175,0
759,175,0
774,175,0
777,175,0
781,175,0
792,175,0
850,175,0
866,175,0
888,175,0
894,175,0
895,175,0
925,175,0
939,175,0
951,175,0
996,175,0
1008,175,0
1043,175,0
1054,175,0
1058,175,0
1086,175,0
1171,175,0
1202,175,0
1214,175,0
1229,175,0
1232,175,0
1234,175,0
1235,175,0
1247,175,0
1249,175,0
1281,175,0
1283,175,0
1309,175,0
1325,175,0
1329,175,0
1345,175,0
1361,175,0
1389,175,0
1401,175,0
1413,175,0
1427,175,0
1460,175,0
1504,175,0
1509,175,0
1518,175,0
1547,175,0
1557,175,0
1594,175,0
1601,175,0
146,176,0
795,176,0
841,176,0
176,1124,3
1235,176,0
1296,176,0
177,483,3
887,177,0
1434,177,0
224,178,0
178,641,3
178,805,3
950,178,0
178,1622,3
179,744,3
777,179,0
1254,179,0
1537,179,0
180,878,3
1157,180,0
180,1449,3
31,181,0
37,181,0
108,181,0
197,181,0
225,181,0
308,181,0
315,181,0
323,181,0
343,181,0
396,181,0
443,181,0
444,181,0
499,181,0
548,181,0
571,181,0
573,181,0
608,181,0
609,181,0
621,181,0
633,181,0
671,181,0
741,181,0
754,181,0
762,181,0
181,776,3
786,181,0
787,181,0
838,181,0
876,181,0
992,181,0
1027,181,0
1052,181,0
1060,181,0
1062,181,0
1108,181,0
1209,181,0
181,1224,3
1227,181,0
1233,181,0
1276,181,0
1302,181,0
1332,181,0
1354,181,0
1364,181,0
1408,181,0
1447,181,0
1451,181,0
1474,181,0
1567,181,0
1572,181,0
449,182,0
521,182,0
706,182,0
785,182,0
182,1314,3
182,1466,3
183,357,3
659,183,0
770,183,0
183,844,3
859,183,0
1071,183,0
183,1134,3
1445,183,0
1477,183,0
1569,183,0
434,184,0
464,184,0
184,786,3
184,982,3
1537,184,0
184,1543,3
833,185,0
1149,185,0
1158,185,0
54,186,0
71,186,0
212,186,0
262,186,0
297,186,0
304,186,0
361,186,0
381,186,0
390,186,0
398,186,0
403,186,0
424,186,0
468,186,0
480,186,0
511,186,0
607,186,0
610,186,0
629,186,0
643,186,0
669,186,0
685,186,0
733,186,0
736,186,0
742,186,0
758,186,0
790,186,0
795,186,0
802,186,0
824,186,0
902,186,0
913,186,0
921,186,0
924,186,0
966,186,0
1028,186,0
1047,186,0
1062,186,0
186,1063,3
1088,186,0
1106,186,0
1111,186,0
1147,186,0
1150,186,0
1194,186,0
1195,186,0
1207,186,0
1225,186,0
1253,186,0
1305,186,0
1332,186,0
1338,186,0
1351,186,0
1357,186,0
186,1358,3
1372,186,0
1403,186,0
1407,186,0
1415,186,0
1441,186,0
1456,186,0
1465,186,0
1486,186,0
1550,186,0
1560,186,0
1577,186,0
1598,186,0
1641,186,0
187,760,3
764,187,0
799,187,0
873,187,0
937,187,0
187,1229,3
1257,187,0
1381,187,0
1447,187,0
1488,187,0
188,412,3
765,188,0
879,188,0
1544,188,0
245,190,0
190,278,3
288,190,0
190,417,3
744,190,0
190,858,3
961,190,0
1347,190,0
1596,190,0
293,191,0
405,191,0
553,191,0
754,191,0
806,191,0
191,847,3
914,191,0
1035,191,0
1248,191,0
1252,191,0
191,1365,3
192,256,3
192,998,3
1207,192,0
1607,192,0
2,193,0
71,193,0
78,193,0
90,193,0
100,193,0
121,193,0
202,193,0
209,193,0
216,193,0
230,193,0
243,193,0
250,193,0
254,193,0
277,193,0
282,193,0
290,193,0
302,193,0
304,193,0
309,193,0
316,193,0
318,193,0
324,193,0
333,193,0
342,193,0
347,193,0
193,357,3
362,193,0
375,193,0
376,193,0
193,406,3
415,193,0
429,193,0
446,193,0
474,193,0
479,193,0
480,193,0
484,193,0
491,193,0
503,193,0
504,193,0
509,193,0
529,193,0
545,193,0
555,193,0
572,193,0
591,193,0
612,193,0
619,193,0
628,193,0
645,193,0
656,193,0
711,193,0
719,193,0
722,193,0
731,193,0
745,193,0
746,193,0
757,193,0
765,193,0
769,193,0
771,193,0
774,193,0
777,193,0
792,193,0
798,193,0
813,193,0
821,193,0
827,193,0
845,193,0
850,193,0
886,193,0
900,193,0
902,193,0
906,193,0
909,193,0
913,193,0
925,193,0
933,193,0
959,193,0
969,193,0
976,193,0
987,193,0
990,193,0
1003,193,0
1009,193,0
1013,193,0
1032,193,0
1043,193,0
1056,193,0
1062,193,0
1075,193,0
1088,193,0
1111,193,0
1130,193,0
1134,193,0
1147,193,0
1154,193,0
1159,193,0
1168,193,0
1186,193,0
1188,193,0
1191,193,0
1193,193,0
1210,193,0
1219,193,0
1225,193,0
1229,193,0
1251,193,0
1272,193,0
1275,193,0
1277,193,0
1282,193,0
1291,193,0
1295,193,0
1319,193,0
1324,193,0
1326,193,0
1331,193,0
1332,193,0
1341,193,0
1351,193,0
1363,193,0
1374,193,0
1420,193,0
1457,193,0
1460,193,0
1464,193,0
1469,193,0
1475,193,0
1481,193,0
1489,193,0
1490,193,0
1491,193,0
1505,193,0
1518,193,0
1535,193,0
1536,193,0
1549,193,0
1557,193,0
1580,193,0
1584,193,0
1585,193,0
1600,193,0
1601,193,0
1620,193,0
1630,193,0
1632,193,0
1633,193,0
1640,193,0
1641,193,0
35,194,0
234,194,0
466,194,0
776,194,0
194,834,3
835,194,0
854,194,0
896,194,0
1006,194,0
195,517,3
195,1124,3
195,1325,3
196,809,3
196,887,3
196,1181,3
197,1207,3
198,332,3
198,1097,3
199,636,3
199,989,3
199,1482,3
199,1608,3
200,1458,3
201,909,3
202,981,3
203,1062,3
203,1435,3
205,993,3
206,946,3
206,1433,3
207,283,3
207,299,3
207,328,3
207,746,3
208,1164,3
209,414,3
209,850,3
209,1250,3
209,1548,3
210,266,3
210,659,3
211,329,3
211,845,3
211,1362,3
213,631,3
213,862,3
213,1438,3
214,910,3
215,1534,3
216,1611,3
216,1626,3
217,548,3
217,959,3
218,737,3
219,330,3
219,1069,3
219,1449,3
220,371,3
220,1169,3
221,1130,3
222,1144,3
222,1183,3
222,1377,3
222,1474,3
223,309,3
224,755,3
224,1351,3
225,715,3
225,1224,3
225,1433,3
226,395,3
226,595,3
226,1335,3
227,236,3
227,1251,3
229,730,3
229,1583,3
230,1126,3
232,495,3
232,996,3
233,412,3
234,468,3
234,858,3
234,1208,3
235,679,3
236,537,3
236,861,3
237,1244,3
237,1268,3
237,1484,3
238,1578,3
239,854,3
239,891,3
240,1124,3
240,1175,3
240,1294,3
240,1375,3
242,953,3
243,619,3
243,919,3
243,1387,3
243,1444,3
243,1483,3
244,963,3
245,501,3
246,422,3
246,515,3
247,916,3
248,1252,3
248,1262,3
249,720,3
250,678,3
250,1338,3
252,553,3
252,877,3
253,1441,3
253,1620,3
254,1424,3
255,537,3
255,966,3
256,504,3
256,513,3
256,753,3
256,1088,3
256,1296,3
256,1581,3
257,473,3
257,1192,3
258,306,3
258,420,3
258,483,3
258,1557,3
259,386,3
259,489,3
259,645,3
259,1210,3
261,1614,3
262,298,3
262,850,3
262,994,3
262,1142,3
262,1445,3
263,264,3
263,301,3
264,724,3
264,1344,3
265,688,3
267,625,3
268,511,3
268,867,3
268,880,3
268,1562,3
270,1068,3
270,1627,3
271,724,3
273,649,3
275,458,3
275,1601,3
276,702,3
276,1025,3
278,991,3
278,1168,3
280,557,3
281,957,3
282,1509,3
283,1403,3
285,1193,3
286,953,3
286,1149,3
288,453,3
289,429,3
289,1400,3
290,654,3
290,1102,3
292,1593,3
293,549,3
293,923,3
293,1212,3
294,532,3
296,1323,3
298,1151,3
299,555,3
299,1156,3
300,335,3
302,1441,3
304,1271,3
304,1272,3
304,1363,3
305,1266,3
305,1579,3
307,686,3
307,1009,3
307,1204,3
307,1407,3
309,451,3
309,979,3
309,1569,3
310,965,3
311,819,3
311,967,3
312,881,3
312,1365,3
312,1535,3
313,1052,3
313,1088,3
313,1093,3
313,1405,3
314,366,3
314,1326,3
314,1483,3
315,770,3
316,1084,3
318,1115,3
320,678,3
320,714,3
321,1068,3
322,1025,3
322,1463,3
323,939,3
323,1154,3
324,498,3
325,680,3
325,1117,3
326,1104,3
327,813,3
327,1220,3
328,1196,3
328,1508,3
329,505,3
329,804,3
329,1357,3
331,861,3
331,901,3
331,1203,3
332,778,3
332,1632,3
333,1545,3
334,367,3
335,697,3
336,1158,3
337,509,3
337,850,3
337,1299,3
337,1392,3
338,363,3
338,1191,3
339,1544,3
341,939,3
341,1448,3
341,1560,3
342,1416,3
343,398,3
343,795,3
343,1198,3
343,1374,3
343,1504,3
344,1150,3
344,1520,3
346,633,3
346,1587,3
348,839,3
349,1391,3
349,1637,3
351,921,3
351,1575,3
352,715,3
352,938,3
353,1556,3
354,1331,3
354,1538,3
356,384,3
357,426,3
357,494,3
357,940,3
358,387,3
359,441,3
359,1468,3
361,700,3
362,774,3
362,886,3
363,1331,3
363,1367,3
363,1381,3
365,1508,3
366,1115,3
367,1581,3
369,1057,3
370,386,3
370,878,3
371,704,3
371,814,3
371,1202,3
373,1076,3
375,489,3
375,638,3
375,1283,3
376,1461,3
378,383,3
378,609,3
378,800,3
378,991,3
378,1617,3
379,860,3
380,601,3
380,1110,3
380,1290,3
381,598,3
381,1530,3
382,1209,3
382,1261,3
383,778,3
383,791,3
383,891,3
383,1121,3
383,1540,3
384,992,3
385,415,3
385,1070,3
385,1543,3
386,965,3
387,634,3
387,647,3
389,703,3
389,1207,3
389,1337,3
390,1618,3
391,920,3
392,1399,3
393,1071,3
394,824,3
396,802,3
396,1567,3
397,456,3
399,785,3
400,1076,3
400,1200,3
401,1213,3
402,1371,3
404,405,3
404,616,3
405,713,3
405,1310,3
406,1424,3
407,598,3
410,1405,3
411,1566,3
413,855,3
414,857,3
414,1032,3
415,745,3
416,1409,3
416,1466,3
417,1359,3
418,430,3
418,943,3
418,1146,3
418,1200,3
419,1164,3
420,1108,3
420,1260,3
421,751,3
421,1300,3
422,912,3
422,1404,3
424,690,3
428,754,3
428,965,3
428,1347,3
428,1373,3
429,1300,3
430,1517,3
430,1609,3
431,777,3
431,845,3
433,541,3
433,1369,3
433,1631,3
437,501,3
437,1375,3
439,1469,3
441,512,3
442,945,3
442,1001,3
442,1471,3
443,485,3
444,893,3
445,817,3
445,848,3
446,503,3
446,1046,3
448,804,3
448,966,3
448,1414,3
450,868,3
450,1629,3
451,1397,3
452,702,3
454,1395,3
455,580,3
457,490,3
457,637,3
458,603,3
458,607,3
458,1565,3
458,1576,3
459,516,3
459,1024,3
460,594,3
460,1120,3
461,548,3
461,1521,3
462,535,3
462,690,3
462,852,3
463,715,3
463,744,3
463,877,3
463,895,3
464,533,3
464,706,3
466,704,3
466,1250,3
466,1393,3
467,1158,3
467,1538,3
468,471,3
469,601,3
472,1106,3
473,484,3
474,927,3
474,1366,3
475,1383,3
476,1555,3
477,1039,3
478,773,3
478,1555,3
481,686,3
481,857,3
483,702,3
483,1361,3
485,755,3
487,931,3
487,1405,3
488,821,3
489,1035,3
490,558,3
490,686,3
490,770,3
490,1187,3
490,1223,3
494,652,3
494,736,3
494,1326,3
495,1433,3
496,1621,3
497,934,3
498,1449,3
499,767,3
499,1217,3
499,1591,3
500,807,3
501,647,3
501,858,3
501,1508,3
502,866,3
502,1267,3
502,1533,3
502,1591,3
503,1041,3
504,738,3
505,704,3
505,962,3
506,552,3
506,871,3
507,895,3
507,1189,3
509,1163,3
509,1429,3
509,1594,3
510,1025,3
510,1606,3
514,735,3
514,1129,3
514,1511,3
516,1202,3
517,1534,3
518,1031,3
518,1165,3
519,605,3
519,1077,3
519,1276,3
521,1277,3
521,1421,3
523,1105,3
524,586,3
524,1067,3
525,728,3
525,1380,3
526,968,3
526,1171,3
526,1477,3
527,1047,3
527,1495,3
528,618,3
528,786,3
529,666,3
533,713,3
534,664,3
534,712,3
534,1001,3
534,1364,3
534,1397,3
535,842,3
535,1196,3
535,1555,3
536,1187,3
537,1113,3
539,695,3
543,1294,3
544,1190,3
544,1468,3
545,730,3
545,1063,3
545,1091,3
545,1591,3
545,1629,3
547,948,3
547,1410,3
548,1434,3
549,731,3
550,1166,3
550,1363,3
550,1527,3
551,1217,3
553,715,3
553,838,3
554,1242,3
554,1369,3
554,1383,3
555,842,3
557,734,3
558,1549,3
559,656,3
559,805,3
559,837,3
559,919,3
560,1092,3
560,1479,3
562,774,3
562,1038,3
563,1020,3
564,664,3
565,1035,3
566,1551,3
567,586,3
567,872,3
567,1586,3
568,1064,3
568,1186,3
569,1568,3
570,1300,3
571,841,3
573,652,3
573,942,3
574,1379,3
575,882,3
575,1469,3
577,1030,3
577,1052,3
578,665,3
578,928,3
579,941,3
580,586,3
580,1004,3
581,941,3
582,1115,3
582,1384,3
582,1416,3
583,1575,3
584,903,3
585,1009,3
585,1094,3
585,1121,3
585,1216,3
587,881,3
587,1275,3
592,1128,3
593,1574,3
594,1516,3
595,1455,3
596,666,3
596,1464,3
597,965,3
597,1014,3
597,1249,3
597,1536,3
597,1584,3
598,655,3
598,839,3
599,671,3
599,1614,3
600,770,3
600,1504,3
601,1011,3
601,1485,3
602,774,3
602,930,3
602,1021,3
602,1182,3
604,1093,3
605,897,3
605,1112,3
606,637,3
608,610,3
610,871,3
611,691,3
612,977,3
612,1005,3
612,1204,3
612,1231,3
613,1266,3
613,1589,3
614,993,3
614,1401,3
615,1119,3
616,811,3
616,1115,3
619,764,3
620,667,3
620,837,3
620,1148,3
622,1425,3
624,1126,3
624,1219,3
628,661,3
628,932,3
630,1152,3
631,676,3
631,949,3
632,1079,3
632,1372,3
632,1437,3
633,942,3
633,1061,3
633,1459,3
634,1198,3
634,1577,3
635,740,3
637,1096,3
637,1218,3
639,1361,3
640,653,3
641,914,3
642,1447,3
642,1513,3
643,1424,3
644,971,3
645,921,3
645,1606,3
647,1508,3
648,1042,3
648,1482,3
648,1638,3
649,1073,3
649,1536,3
654,1504,3
656,829,3
660,1285,3
661,1336,3
662,768,3
662,901,3
663,941,3
663,1533,3
667,794,3
669,839,3
669,1303,3
670,740,3
671,1414,3
671,1547,3
672,969,3
672,1373,3
672,1394,3
673,1373,3
675,1300,3
675,1358,3
675,1419,3
676,1527,3
678,1046,3
679,1034,3
680,691,3
680,1389,3
680,1472,3
681,770,3
682,970,3
682,1202,3
682,1545,3
682,1554,3
683,804,3
683,1127,3
683,1231,3
684,968,3
684,1271,3
684,1492,3
686,1427,3
689,1047,3
689,1079,3
689,1269,3
689,1425,3
690,722,3
691,698,3
691,1048,3
693,1303,3
694,745,3
694,1040,3
696,990,3
696,1616,3
697,759,3
699,717,3
700,963,3
700,1555,3
701,1103,3
701,1352,3
703,1616,3
704,1543,3
705,973,3
705,1157,3
705,1599,3
706,737,3
707,1065,3
708,832,3
708,1618,3
709,963,3
709,1564,3
710,892,3
712,1380,3
715,1217,3
717,816,3
720,939,3
720,985,3
720,1377,3
721,1309,3
721,1407,3
723,1582,3
724,764,3
725,808,3
725,1538,3
727,1262,3
727,1373,3
727,1586,3
728,1214,3
729,766,3
731,1002,3
732,1183,3
732,1378,3
733,831,3
734,768,3
735,756,3
735,1031,3
735,1281,3
736,1153,3
736,1626,3
737,1111,3
737,1458,3
738,903,3
738,1072,3
738,1355,3
738,1456,3
739,955,3
739,1013,3
739,1238,3
739,1368,3
740,1462,3
741,843,3
741,1190,3
743,804,3
744,1219,3
744,1471,3
745,919,3
745,1111,3
746,810,3
746,1468,3
748,1204,3
749,1334,3
750,950,3
751,850,3
752,807,3
752,914,3
752,1255,3
753,855,3
754,1050,3
754,1456,3
757,1166,3
758,796,3
759,1555,3
759,1608,3
760,861,3
760,1293,3
760,1350,3
761,1632,3
762,1225,3
764,1131,3
764,1464,3
765,1286,3
766,1579,3
767,847,3
767,1115,3
767,1318,3
768,1579,3
769,1593,3
770,1219,3
772,911,3
772,931,3
773,1389,3
775,1463,3
777,1166,3
778,1605,3
781,1590,3
784,1119,3
785,1002,3
786,978,3
786,1325,3
787,1327,3
787,1445,3
787,1466,3
791,955,3
791,1333,3
791,1487,3
794,1201,3
795,1010,3
795,1048,3
796,1098,3
796,1598,3
797,915,3
797,924,3
798,863,3
798,1268,3
799,1161,3
800,885,3
802,822,3
802,995,3
802,1165,3
804,1000,3
804,1206,3
806,1104,3
806,1263,3
806,1359,3
806,1417,3
808,1595,3
809,1444,3
809,1578,3
811,1112,3
816,1588,3
817,1577,3
819,1563,3
820,1138,3
823,995,3
824,1049,3
824,1102,3
824,1265,3
825,1226,3
826,1236,3
827,1224,3
827,1296,3
828,1480,3
829,994,3
830,1144,3
831,1437,3
833,987,3
833,1498,3
833,1597,3
837,1512,3
838,1122,3
838,1507,3
840,939,3
840,1575,3
841,1331,3
841,1438,3
842,1017,3
844,1209,3
847,953,3
847,1559,3
847,1590,3
848,1223,3
848,1590,3
849,1400,3
851,1416,3
853,1072,3
853,1329,3
855,1161,3
857,1340,3
857,1351,3
860,1364,3
860,1499,3
861,1528,3
861,1587,3
862,1292,3
863,988,3
863,1254,3
863,1433,3
866,1178,3
867,1226,3
867,1444,3
868,972,3
870,963,3
870,1600,3
872,887,3
872,1165,3
876,1250,3
877,1069,3
877,1184,3
885,1008,3
885,1046,3
891,1033,3
891,1206,3
892,963,3
894,1266,3
895,1091,3
896,1557,3
899,1493,3
901,1443,3
901,1509,3
902,1050,3
902,1072,3
903,905,3
903,994,3
903,1020,3
906,1050,3
906,1360,3
908,1553,3
910,1405,3
910,1543,3
912,1183,3
912,1265,3
913,1071,3
914,963,3
915,1272,3
916,1216,3
917,1192,3
919,960,3
919,1625,3
922,1310,3
922,1322,3
923,1370,3
923,1376,3
925,945,3
926,1275,3
928,974,3
931,1039,3
931,1518,3
931,1560,3
932,1200,3
933,1532,3
935,1506,3
937,1168,3
938,967,3
938,976,3
938,1469,3
940,1146,3
941,1346,3
942,1144,3
943,1357,3
943,1379,3
945,1172,3
945,1423,3
946,1617,3
947,1448,3
948,997,3
949,1051,3
949,1278,3
950,1228,3
950,1560,3
951,1413,3
952,1424,3
953,1223,3
954,1061,3
954,1391,3
954,1414,3
956,1028,3
958,1262,3
958,1360,3
959,1457,3
963,1303,3
963,1402,3
964,980,3
964,1071,3
964,1210,3
968,1496,3
970,1234,3
971,1638,3
972,1480,3
974,1012,3
974,1207,3
975,1315,3
976,1069,3
977,1008,3
977,1148,3
979,1627,3
980,1352,3
980,1369,3
981,1054,3
982,1256,3
982,1258,3
986,1214,3
987,1459,3
988,1105,3
989,1020,3
992,1630,3
993,1259,3
995,1073,3
996,1241,3
997,1234,3
997,1316,3
998,1133,3
998,1364,3
999,1536,3
1000,1023,3
1001,1120,3
1002,1040,3
1003,1023,3
1003,1306,3
1005,1115,3
1005,1627,3
1006,1349,3
1008,1165,3
1009,1044,3
1009,1115,3
1010,1031,3
1011,1614,3
1011,1620,3
1012,1156,3
1012,1627,3
1016,1146,3
1016,1372,3
1017,1200,3
1019,1303,3
1022,1363,3
1023,1485,3
1024,1383,3
1027,1267,3
1027,1414,3
1031,1378,3
1034,1606,3
1035,1485,3
1037,1243,3
1041,1281,3
1044,1158,3
1046,1263,3
1046,1432,3
1048,1229,3
1049,1456,3
1053,1623,3
1055,1190,3
1057,1281,3
1060,1251,3
1062,1145,3
1062,1475,3
1062,1556,3
1063,1069,3
1064,1637,3
1065,1382,3
1065,1532,3
1066,1170,3
1066,1199,3
1068,1359,3
1068,1508,3
1072,1222,3
1073,1513,3
1073,1631,3
1074,1568,3
1078,1410,3
1079,1229,3
1079,1276,3
1080,1093,3
1081,1616,3
1083,1255,3
1083,1496,3
1084,1130,3
1084,1535,3
1085,1469,3
1088,1386,3
1091,1099,3
1093,1190,3
1095,1407,3
1095,1570,3
1096,1290,3
1097,1148,3
1097,1370,3
1099,1585,3
1099,1636,3
1104,1223,3
1105,1212,3
1105,1400,3
1105,1637,3
1107,1291,3
1107,1633,3
1108,1430,3
1109,1567,3
1111,1365,3
1112,1123,3
1112,1630,3
1114,1405,3
1115,1314,3
1116,1303,3
1117,1327,3
1119,1575,3
1120,1316,3
1123,1419,3
1123,1478,3
1124,1249,3
1129,1263,3
1130,1278,3
1133,1144,3
1133,1303,3
1133,1444,3
1135,1326,3
1141,1571,3
1142,1363,3
1144,1215,3
1147,1315,3
1148,1298,3
1148,1416,3
1149,1335,3
1149,1440,3
1151,1319,3
1151,1436,3
1151,1586,3
1153,1232,3
1153,1494,3
1157,1339,3
1160,1617,3
1171,1464,3
1173,1352,3
1174,1583,3
1180,1201,3
1181,1297,3
1181,1594,3
1184,1564,3
1185,1528,3
1186,1627,3
1188,1399,3
1189,1286,3
1190,1227,3
1191,1367,3
1192,1307,3
1199,1396,3
1203,1360,3
1204,1252,3
1204,1296,3
1209,1401,3
1209,1501,3
1210,1326,3
1211,1608,3
1213,1436,3
1214,1541,3
1215,1289,3
1215,1580,3
1216,1220,3
1217,1259,3
1217,1474,3
1218,1549,3
1220,1247,3
1221,1237,3
1223,1272,3
1224,1400,3
1226,1228,3
1228,1267,3
1229,1276,3
1232,1270,3
1238,1609,3
1241,1609,3
1245,1367,3
1247,1303,3
1248,1346,3
1248,1567,3
1248,1628,3
1250,1280,3
1250,1516,3
1250,1629,3
1257,1490,3
1258,1354,3
1258,1395,3
1262,1490,3
1262,1533,3
1264,1583,3
1265,1428,3
1266,1604,3
1268,1638,3
1270,1420,3
1281,1413,3
1283,1412,3
1284,1372,3
1285,1373,3
1286,1420,3
1286,1472,3
1292,1530,3
1294,1436,3
1295,1636,3
1298,1413,3
1301,1466,3
1301,1621,3
1301,1626,3
1303,1617,3
1304,1332,3
1309,1505,3
1311,1435,3
1312,1447,3
1314,1389,3
1314,1467,3
1315,1554,3
1316,1558,3
1319,1418,3
1319,1553,3
1322,1471,3
1322,1506,3
1323,1554,3
1325,1524,3
1344,1420,3
1349,1410,3
1349,1544,3
1350,1414,3
1350,1415,3
1350,1500,3
1351,1401,3
1352,1402,3
1352,1629,3
1354,1523,3
1354,1547,3
1358,1617,3
1359,1489,3
1360,1479,3
1364,1382,3
1368,1487,3
1370,1616,3
1371,1621,3
1376,1586,3
1376,1593,3
1382,1525,3
1384,1615,3
1385,1397,3
1387,1595,3
1390,1492,3
1399,1502,3
1406,1450,3
1407,1441,3
1413,1532,3
1418,1485,3
1422,1532,3
1425,1619,3
1441,1612,3
1454,1515,3
1457,1567,3
1458,1607,3
1459,1528,3
1467,1510,3
1473,1625,3
1479,1633,3
1487,1540,3
1516,1624,3
1520,1592,3
1531,1605,3
1538,1622,3
1547,1613,3
1556,1605,3
1557,1617,3
1562,1607,3
1565,1604,3
1566,1576,3
1583,1634,3
1588,1601,3
1599,1626,3
