0,166,1
0,200,1
0,290,1
0,498,1
0,677,3
0,848,1
0,918,1
0,935,1
0,987,1
0,988,1
0,1124,1
0,1129,1
0,1145,3
0,1161,1
0,1301,1
0,1362,1
0,1426,1
1,26,1
1,662,1
1,701,1
1,1069,1
1,1152,1
1,1176,1
1,1220,1
1,1262,1
1,1277,1
1,1352,1
1,1414,1
1,1417,3
1,1486,3
1,1599,1
2,509,1
2,548,1
2,827,1
2,892,3
2,1221,3
2,1251,1
2,1287,1
2,1490,1
2,1491,1
2,1535,1
2,1538,3
3,222,1
3,249,1
3,258,1
3,319,1
3,460,3
3,687,1
3,865,3
3,1322,1
3,1340,1
4,29,3
4,116,1
4,151,3
4,234,1
4,819,1
4,1254,3
5,495,1
5,675,3
5,786,3
5,1042,1
5,1231,1
5,1400,1
6,65,3
6,130,3
6,326,1
6,1207,1
6,1536,1
7,22,1
7,114,3
7,179,1
7,204,1
7,284,1
7,345,1
7,399,1
7,484,1
7,555,1
7,562,1
7,581,1
7,590,1
7,772,1
7,776,1
7,778,1
7,822,1
7,842,1
7,936,1
7,940,1
7,973,1
7,1122,1
7,1159,1
7,1180,1
7,1379,3
7,1394,1
7,1458,1
7,1475,3
7,1503,1
8,369,3
9,210,1
9,298,1
9,497,1
9,994,1
9,1084,1
9,1267,3
9,1311,1
9,1398,3
9,1603,3
10,175,1
10,279,1
10,314,1
10,316,1
10,318,1
10,381,1
10,389,1
10,390,1
10,437,1
10,464,1
10,489,1
10,516,1
10,529,1
10,642,1
10,683,1
10,698,1
10,705,1
10,746,1
10,828,1
10,866,1
10,895,1
10,906,1
10,925,1
10,951,1
10,969,1
10,981,1
10,996,1
10,1008,1
10,1022,1
10,1028,1
10,1047,1
10,1054,1
10,1134,1
10,1143,1
10,1221,1
10,1226,1
10,1234,1
10,1235,1
10,1237,1
10,1427,1
10,1469,1
10,1504,1
10,1532,1
10,1553,1
10,1554,1
10,1560,1
10,1580,1
10,1628,1
11,77,1
11,243,1
11,319,1
11,460,1
11,475,1
11,496,1
11,567,3
11,582,3
11,628,1
11,632,1
11,680,1
11,716,1
11,726,1
11,745,1
11,805,1
11,836,1
11,858,1
11,1024,3
11,1093,3
11,1188,1
11,1191,1
11,1204,1
11,1213,1
11,1225,1
11,1242,1
11,1334,3
11,1585,1
12,22,1
12,34,1
12,211,1
12,241,1
12,242,1
12,300,1
12,370,1
12,386,1
12,404,1
12,409,1
12,431,1
12,458,1
12,490,1
12,583,1
12,635,3
12,644,1
12,645,1
12,651,3
12,654,1
12,673,1
12,698,3
12,721,1
12,748,1
12,749,1
12,753,1
12,804,1
12,832,1
12,869,1
12,930,1
12,969,3
12,976,1
12,1095,1
12,1123,1
12,1180,1
12,1260,1
12,1266,1
12,1288,1
12,1314,1
12,1326,1
12,1349,1
12,1355,1
12,1366,1
12,1373,1
12,1443,1
12,1463,1
12,1517,1
12,1527,1
12,1543,1
12,1571,1
12,1589,1
12,1609,1
12,1642,1
13,65,1
13,294,1
13,349,1
13,488,1
13,645,3
13,747,1
13,825,3
13,978,3
13,1597,1
14,215,1
14,289,1
14,914,1
14,932,1
14,1085,1
14,1401,1
15,108,1
15,114,1
15,118,1
15,307,1
15,315,1
15,328,1
15,444,1
15,525,1
15,686,1
15,757,1
15,824,1
15,852,1
15,887,1
15,1011,1
15,1063,1
15,1086,3
15,1133,1
15,1228,1
15,1240,1
15,1280,1
15,1282,1
15,1367,1
15,1377,1
15,1379,1
15,1439,1
15,1608,1
15,1611,3
16,236,1
16,336,3
16,455,1
16,886,3
16,911,3
17,386,3
17,1419,3
18,43,3
18,309,1
18,479,1
18,572,1
18,614,1
18,732,1
18,1112,1
18,1272,1
18,1369,1
19,135,1
19,844,1
19,860,1
19,1170,1
20,17,1
20,475,1
20,612,1
20,829,1
20,1446,1
20,1606,1
21,79,3
21,145,3
21,252,1
21,333,1
21,349,3
21,375,1
21,513,1
21,532,3
21,1251,1
21,1319,3
21,1533,3
22,222,3
22,399,1
22,555,1
22,776,1
22,778,1
22,822,1
22,1106,1
22,1159,1
22,1164,3
23,214,1
23,328,3
23,483,1
23,761,1
23,884,3
23,1226,3
23,1255,1
23,1436,1
23,1596,1
24,1029,1
24,1181,1
24,1286,3
24,1453,1
25,104,3
25,329,1
25,500,1
25,543,1
25,622,1
25,646,1
25,740,1
25,1298,1
25,1603,1
26,651,3
27,182,3
27,277,3
27,364,1
27,663,3
27,802,1
27,887,1
27,958,3
27,1182,1
27,1249,1
27,1431,1
27,1436,3
28,419,3
28,646,3
29,394,1
29,527,3
29,689,1
29,1122,1
29,1307,1
29,1451,3
30,125,1
30,454,1
30,823,1
30,1167,1
30,1368,1
31,205,1
31,250,1
31,423,1
31,506,3
31,554,1
31,729,1
31,976,3
31,1013,1
31,1168,1
31,1210,1
31,1308,1
31,1315,1
31,1335,1
31,1341,1
31,1353,1
32,16,1
32,841,1
32,1248,1
32,1296,1
32,1457,3
33,240,1
33,693,3
33,874,1
33,886,1
33,1157,1
33,1187,1
33,1225,3
33,1342,1
33,1437,3
33,1606,3
34,89,1
34,226,1
34,313,3
34,408,3
34,501,1
34,563,1
34,614,1
34,640,3
34,794,1
34,815,1
34,931,1
34,1106,1
34,1194,1
34,1305,1
34,1323,1
34,1565,1
34,1606,1
35,78,1
35,262,3
35,319,1
35,442,1
35,647,1
35,789,1
35,853,1
35,1148,1
35,1618,1
36,178,1
36,247,1
36,248,1
36,263,1
36,301,1
36,310,3
36,421,1
36,542,1
36,635,1
36,795,1
36,815,1
36,841,1
36,950,1
36,955,1
36,974,1
36,1018,1
36,1296,1
36,1308,1
36,1363,1
37,197,1
37,285,1
37,341,1
37,526,1
37,787,1
37,840,1
37,1060,1
37,1233,1
37,1263,1
37,1451,1
37,1571,3
38,57,1
38,249,1
38,391,1
38,563,3
38,602,1
38,666,1
38,753,3
38,793,1
38,943,1
38,1015,3
38,1033,1
38,1046,1
38,1261,1
38,1433,3
38,1570,1
39,63,3
39,1378,3
40,168,1
40,273,1
40,683,1
40,705,1
40,1007,1
40,1060,1
40,1065,1
40,1221,1
40,1349,1
40,1532,1
41,187,1
41,277,1
41,318,1
41,427,3
41,607,1
41,821,1
41,873,3
41,1114,1
41,1120,3
42,4,1
42,125,3
42,202,1
42,234,1
42,244,1
42,342,1
42,431,1
42,498,1
42,522,1
42,567,1
42,602,1
42,640,3
42,643,1
42,666,1
42,693,1
42,710,1
42,882,1
42,886,1
42,890,1
42,933,1
42,942,1
42,943,1
42,1002,1
42,1046,1
42,1113,1
42,1201,1
42,1202,1
42,1222,1
42,1238,1
42,1330,1
42,1378,1
42,1383,1
42,1402,1
42,1500,1
42,1584,1
42,1588,1
42,1600,1
42,1614,1
43,160,1
43,207,1
43,313,1
43,327,1
43,367,1
43,383,1
43,392,1
43,485,1
43,518,1
43,574,1
43,596,1
43,616,1
43,637,1
43,649,1
43,747,1
43,820,1
43,856,1
43,867,1
43,942,1
43,946,1
43,953,1
43,993,1
43,1002,3
43,1004,1
43,1014,1
43,1032,1
43,1044,1
43,1192,1
43,1289,1
43,1324,1
43,1392,1
43,1479,1
43,1481,1
43,1489,1
43,1492,1
43,1511,1
43,1568,1
43,1630,1
44,296,3
44,456,1
44,564,3
44,623,1
44,729,1
44,739,1
44,1138,1
44,1139,1
44,1406,1
44,1483,3
44,1522,3
44,1590,1
44,1591,1
46,486,3
46,525,3
47,201,1
47,252,1
47,295,1
47,305,1
47,354,1
47,364,1
47,397,1
47,441,1
47,461,1
47,517,1
47,536,1
47,584,1
47,592,1
47,599,1
47,604,1
47,658,1
47,697,1
47,699,1
47,710,1
47,715,1
47,718,1
47,834,1
47,839,1
47,846,1
47,887,1
47,954,1
47,964,1
47,971,1
47,980,1
47,1005,1
47,1015,1
47,1087,1
47,1098,1
47,1102,1
47,1112,3
47,1119,1
47,1177,1
47,1183,1
47,1250,1
47,1316,1
47,1318,1
47,1360,1
47,1365,1
47,1390,1
47,1397,1
47,1410,1
47,1418,1
47,1487,1
47,1528,1
47,1534,1
47,1552,1
47,1556,1
47,1575,1
47,1587,1
48,118,1
48,281,1
48,522,3
48,674,1
48,795,1
48,883,1
48,977,1
48,987,1
48,1239,1
48,1362,1
48,1470,1
48,1502,1
49,128,1
49,233,1
49,363,3
49,512,3
49,658,3
49,783,1
49,1146,1
49,1205,1
49,1345,1
49,1361,1
49,1384,1
49,1465,1
49,1594,1
49,1617,1
50,141,1
50,287,1
50,334,1
50,428,1
50,606,1
50,619,1
50,628,3
50,641,1
50,718,3
50,851,1
50,855,1
50,942,1
50,1459,1
50,1548,1
50,1614,1
51,77,1
51,152,3
51,164,1
51,178,1
51,247,1
51,263,1
51,301,1
51,363,1
51,391,1
51,432,1
51,462,1
51,478,1
51,492,3
51,576,1
51,635,1
51,690,1
51,766,1
51,795,1
51,841,1
51,916,3
51,950,1
51,955,1
51,997,1
51,1018,1
51,1061,1
51,1114,1
51,1170,1
51,1203,1
51,1211,1
51,1264,1
51,1296,1
51,1363,1
51,1462,1
51,1611,1
52,310,1
52,559,1
52,618,3
52,703,1
52,1068,1
52,1082,3
52,1274,1
53,798,3
53,942,1
53,1469,1
54,170,3
54,914,1
54,1085,1
54,1369,3
55,350,3
56,209,1
56,223,1
56,730,1
56,973,3
56,1320,1
56,1423,1
56,1557,1
57,255,1
57,358,1
57,365,1
57,438,1
57,466,1
57,561,3
57,713,1
57,897,1
57,1110,1
57,1164,1
57,1315,1
57,1422,1
57,1515,3
57,1576,1
58,117,1
58,229,1
58,274,3
58,293,1
58,369,1
58,443,1
58,451,1
58,604,1
58,712,1
58,798,1
58,1021,1
58,1156,1
58,1327,3
58,1380,1
58,1516,1
59,146,3
59,444,3
59,496,3
60,640,3
60,760,3
60,973,3
60,1016,3
60,1380,3
61,359,1
61,493,1
61,816,1
61,888,3
61,901,1
61,1072,3
61,1497,3
62,220,3
62,351,1
62,375,3
62,402,1
62,511,3
62,833,1
62,910,1
62,1065,1
62,1117,1
62,1149,1
62,1158,1
62,1275,1
62,1449,1
63,117,1
63,614,1
63,630,1
63,1354,3
64,200,1
64,234,3
64,584,3
64,900,1
64,1305,1
65,249,1
65,338,3
65,520,1
65,549,1
65,702,3
65,744,1
65,800,1
65,888,1
65,1049,3
65,1086,1
65,1167,1
65,1218,1
65,1249,1
65,1309,3
65,1417,1
66,266,3
66,821,3
66,1108,3
66,1361,3
66,1373,3
66,1581,3
67,253,1
67,397,1
67,470,1
67,510,1
67,520,1
67,652,3
67,844,1
67,908,1
67,975,1
67,1126,1
67,1190,3
67,1268,1
67,1360,1
67,1452,1
68,254,1
68,666,3
68,678,1
68,892,1
68,1219,1
68,1490,1
68,1505,1
68,1620,1
69,114,1
69,118,1
69,1415,1
69,1637,3
70,44,1
70,103,1
70,459,1
70,470,1
70,674,3
70,721,3
70,734,3
70,755,1
70,935,1
70,945,1
70,987,1
70,989,1
70,1124,1
70,1273,1
70,1301,1
70,1419,1
70,1529,1
71,181,3
71,247,1
71,357,1
71,1273,1
72,402,1
72,457,1
72,489,3
72,532,1
72,715,3
72,960,1
72,1452,1
72,1604,1
73,51,1
73,529,1
73,620,1
73,897,1
73,947,1
73,974,1
74,102,1
74,221,1
74,235,1
74,335,1
74,341,3
74,645,1
74,949,1
74,956,1
74,1294,1
74,1523,1
74,1537,1
74,1538,1
74,1545,1
74,1639,1
75,194,1
75,195,1
75,312,1
75,440,1
75,896,1
75,1006,1
75,1018,3
75,1471,1
75,1497,1
76,114,1
76,116,3
76,1564,1
77,64,1
77,82,1
77,91,1
77,118,1
77,237,1
77,239,1
77,243,1
77,257,1
77,261,1
77,291,1
77,384,1
77,412,1
77,414,1
77,446,1
77,451,1
77,475,1
77,510,1
77,512,1
77,519,1
77,538,1
77,539,1
77,557,1
77,564,1
77,585,1
77,587,1
77,593,1
77,618,1
77,628,1
77,639,1
77,650,1
77,675,1
77,688,1
77,691,1
77,696,1
77,726,1
77,767,1
77,805,1
77,858,1
77,868,1
77,892,1
77,893,1
77,912,1
77,923,1
77,948,1
77,1000,1
77,1010,1
77,1012,1
77,1021,1
77,1045,1
77,1067,1
77,1093,1
77,1097,1
77,1126,1
77,1153,1
77,1156,1
77,1191,1
77,1212,1
77,1284,1
77,1293,1
77,1310,1
77,1321,1
77,1332,1
77,1356,1
77,1363,1
77,1385,1
77,1398,1
77,1406,1
77,1455,1
77,1519,1
77,1525,1
77,1526,1
77,1539,1
77,1558,1
77,1579,1
77,1582,1
77,1615,1
77,1616,1
78,93,1
78,956,1
78,1198,1
79,155,1
79,258,3
79,433,1
79,506,1
79,651,1
79,1224,1
79,1274,3
79,1414,1
79,1506,1
80,169,1
80,381,3
80,404,3
80,1162,1
81,109,3
81,229,1
81,446,3
81,584,3
81,803,1
81,810,1
81,1054,3
81,1357,1
81,1411,1
81,1449,3
81,1544,3
82,67,1
82,218,1
82,246,1
82,552,1
82,632,1
82,704,1
82,773,1
82,776,1
82,818,1
82,884,1
82,1213,1
82,1270,1
82,1453,1
82,1454,1
82,1626,1
83,2,1
83,31,1
83,33,1
83,41,1
83,98,1
83,100,1
83,128,1
83,138,1
83,149,1
83,152,1
83,175,1
83,183,1
83,205,1
83,216,1
83,219,1
83,224,1
83,227,1
83,251,1
83,260,1
83,265,1
83,267,1
83,269,1
83,275,1
83,279,1
83,283,1
83,286,1
83,289,1
83,291,1
83,292,1
83,314,1
83,330,1
83,336,1
83,341,1
83,342,1
83,347,1
83,349,1
83,353,1
83,357,1
83,362,1
83,368,1
83,371,1
83,376,1
83,387,1
83,393,1
83,410,1
83,417,1
83,423,1
83,426,1
83,430,1
83,437,1
83,440,1
83,446,1
83,453,1
83,463,1
83,466,1
83,472,1
83,473,1
83,475,3
83,489,1
83,492,1
83,502,1
83,504,1
83,505,1
83,509,1
83,510,1
83,522,1
83,523,1
83,529,1
83,533,1
83,539,1
83,540,1
83,541,1
83,544,1
83,554,1
83,555,1
83,560,1
83,564,1
83,568,1
83,589,1
83,591,1
83,598,1
83,601,1
83,613,1
83,615,1
83,627,1
83,643,1
83,656,1
83,659,1
83,661,1
83,663,1
83,684,1
83,687,1
83,691,1
83,694,1
83,696,1
83,698,1
83,722,1
83,724,1
83,728,1
83,731,1
83,735,1
83,765,1
83,770,1
83,774,1
83,777,1
83,781,1
83,792,1
83,807,1
83,810,1
83,811,1
83,813,1
83,817,1
83,822,1
83,827,1
83,838,1
83,843,1
83,849,1
83,850,1
83,858,1
83,859,1
83,862,1
83,866,1
83,871,1
83,880,1
83,885,1
83,889,1
83,891,1
83,894,1
83,925,1
83,933,1
83,934,1
83,938,1
83,948,1
83,951,1
83,952,1
83,963,1
83,965,1
83,977,3
83,978,1
83,984,1
83,996,1
83,1009,1
83,1013,1
83,1016,1
83,1032,1
83,1042,1
83,1043,1
83,1050,1
83,1054,1
83,1055,1
83,1071,1
83,1075,1
83,1077,1
83,1079,1
83,1103,1
83,1106,1
83,1116,1
83,1122,1
83,1130,1
83,1143,1
83,1144,1
83,1152,1
83,1153,1
83,1159,1
83,1168,1
83,1171,1
83,1187,1
83,1194,1
83,1202,1
83,1204,1
83,1226,1
83,1229,1
83,1232,1
83,1234,1
83,1235,1
83,1237,1
83,1243,1
83,1244,1
83,1245,1
83,1249,1
83,1262,1
83,1274,1
83,1277,1
83,1281,1
83,1283,1
83,1290,1
83,1303,1
83,1305,1
83,1306,1
83,1309,1
83,1315,1
83,1321,1
83,1324,1
83,1325,1
83,1327,1
83,1329,1
83,1331,1
83,1341,1
83,1342,1
83,1346,1
83,1348,1
83,1353,1
83,1367,1
83,1374,1
83,1375,1
83,1376,1
83,1389,1
83,1398,1
83,1406,1
83,1412,1
83,1413,1
83,1420,1
83,1445,1
83,1448,1
83,1460,1
83,1461,1
83,1468,1
83,1470,1
83,1477,1
83,1481,1
83,1484,1
83,1491,1
83,1496,1
83,1497,1
83,1504,1
83,1508,1
83,1510,1
83,1515,1
83,1518,1
83,1535,1
83,1539,1
83,1542,1
83,1547,1
83,1555,1
83,1569,1
83,1578,1
83,1582,1
83,1599,1
83,1600,1
83,1601,1
83,1606,3
83,1613,1
83,1615,1
83,1616,1
83,1623,1
83,1625,1
83,1628,1
83,1630,1
83,1632,1
84,813,1
85,112,1
85,238,1
85,835,1
85,854,1
85,862,1
85,897,1
85,1033,3
85,1061,3
85,1128,1
85,1264,3
85,1282,1
86,148,3
86,419,1
86,538,1
86,902,1
86,980,3
86,1062,1
86,1183,1
86,1359,1
87,79,1
87,160,1
87,268,1
87,306,3
87,415,1
87,433,1
87,461,3
87,506,1
87,508,1
87,516,3
87,602,1
87,638,1
87,743,1
87,847,1
87,943,1
87,947,1
87,1107,1
87,1125,1
87,1181,1
87,1350,1
87,1414,1
87,1506,1
87,1570,1
89,1090,1
89,1120,1
89,1247,1
89,1288,1
89,1314,1
89,1387,3
90,142,1
90,306,1
90,322,1
90,324,1
90,368,3
90,553,1
90,617,1
90,673,3
90,799,1
90,863,1
90,1133,1
90,1236,1
90,1291,1
90,1333,3
90,1391,1
90,1475,1
90,1604,1
90,1633,1
91,219,1
91,229,1
91,340,1
91,355,1
91,357,1
91,360,1
91,405,1
91,422,1
91,430,1
91,435,1
91,501,1
91,507,1
91,527,1
91,737,1
91,779,1
91,810,1
91,849,3
91,864,1
91,983,1
91,991,1
91,1038,1
91,1059,1
91,1140,1
91,1268,1
91,1286,1
91,1295,1
91,1417,3
91,1429,1
91,1524,1
91,1549,1
91,1595,1
92,916,1
92,1142,1
92,1636,1
93,431,1
93,843,3
93,990,3
93,1160,3
93,1295,1
93,1549,1
94,198,1
94,199,1
94,220,1
94,234,1
94,241,1
94,306,1
94,374,1
94,401,1
94,469,1
94,551,1
94,844,1
94,995,1
94,1019,1
94,1025,1
94,1051,1
94,1072,1
94,1095,1
94,1105,1
94,1106,1
94,1132,1
94,1145,3
94,1155,1
94,1169,1
94,1194,1
94,1217,1
94,1223,1
94,1260,1
94,1366,1
94,1430,1
94,1454,1
94,1549,1
94,1609,1
94,1634,3
95,109,1
95,281,1
95,494,1
95,674,1
95,741,3
95,883,1
95,1115,1
95,1239,1
95,1480,1
96,376,3
96,419,1
96,471,1
96,706,3
96,903,1
96,1017,1
96,1063,1
96,1092,1
96,1160,1
96,1175,1
96,1189,1
96,1212,3
96,1522,1
96,1566,1
97,15,1
97,439,1
97,530,1
97,709,1
97,762,1
97,1166,1
97,1514,1
98,783,1
98,1040,1
98,1179,3
98,1205,1
98,1388,1
98,1396,1
98,1440,1
98,1465,1
98,1533,1
98,1617,1
99,5,1
99,115,1
99,185,1
99,211,1
99,220,1
99,292,3
99,301,1
99,370,1
99,409,1
99,474,1
99,588,1
99,603,1
99,605,1
99,644,1
99,672,1
99,699,3
99,773,1
99,791,1
99,815,3
99,832,1
99,841,1
99,901,1
99,955,1
99,1018,1
99,1101,1
99,1164,1
99,1284,1
99,1288,1
99,1296,1
99,1349,1
99,1425,1
99,1593,1
99,1639,1
100,183,1
100,275,1
100,316,1
100,318,1
100,349,1
100,372,1
100,659,1
100,746,1
100,906,1
100,909,1
100,963,1
100,969,1
100,1071,1
100,1134,1
100,1222,1
100,1342,1
100,1477,1
100,1554,1
101,1188,1
102,202,1
102,1144,3
102,1520,3
102,1584,1
103,892,3
103,1077,1
103,1441,1
103,1466,3
103,1551,3
104,392,1
104,510,1
104,719,3
104,1246,1
104,1263,3
105,543,1
105,784,1
105,881,3
105,1395,1
106,153,3
106,511,1
106,558,1
106,629,1
106,1506,3
106,1510,1
106,1622,1
107,545,3
107,743,3
107,826,1
107,1557,3
107,1588,1
107,1603,1
107,1610,1
108,210,1
108,444,1
108,483,1
108,548,1
108,607,1
108,797,1
108,1108,1
108,1254,1
108,1280,1
108,1405,1
109,107,1
109,177,1
109,180,1
109,186,1
109,196,1
109,217,1
109,228,1
109,243,1
109,275,1
109,276,1
109,316,1
109,318,1
109,331,1
109,376,1
109,378,1
109,389,1
109,410,1
109,420,1
109,454,1
109,505,1
109,510,1
109,526,1
109,565,1
109,566,1
109,628,1
109,631,1
109,653,1
109,681,1
109,726,1
109,752,1
109,753,1
109,765,1
109,780,1
109,813,1
109,850,1
109,868,1
109,876,1
109,885,1
109,906,1
109,917,1
109,958,1
109,963,1
109,968,1
109,969,1
109,1020,1
109,1073,1
109,1077,1
109,1082,1
109,1103,1
109,1144,1
109,1155,1
109,1157,1
109,1191,1
109,1192,1
109,1229,1
109,1241,1
109,1247,1
109,1279,1
109,1312,1
109,1328,1
109,1350,1
109,1387,1
109,1393,1
109,1420,1
109,1444,1
109,1472,1
109,1494,1
109,1498,1
109,1509,1
109,1512,1
109,1531,1
109,1623,1
109,1624,1
109,1631,1
110,314,1
110,380,1
110,437,1
110,547,1
110,817,1
110,828,1
110,1375,3
110,1382,3
110,1628,1
111,163,1
111,269,1
111,438,1
111,744,3
111,878,1
111,1145,1
111,1292,1
112,299,1
112,417,1
112,436,3
112,992,3
112,1069,1
112,1521,1
114,223,1
114,265,1
114,279,1
114,296,1
114,348,1
114,372,1
114,373,1
114,377,1
114,393,1
114,406,1
114,448,1
114,464,1
114,489,1
114,521,1
114,537,1
114,556,1
114,586,1
114,597,1
114,640,1
114,648,1
114,664,1
114,668,1
114,708,1
114,753,1
114,768,1
114,808,1
114,813,1
114,850,1
114,856,1
114,865,1
114,885,1
114,895,1
114,910,1
114,996,1
114,1008,1
114,1026,1
114,1041,1
114,1054,1
114,1074,1
114,1078,1
114,1115,1
114,1127,1
114,1136,1
114,1141,1
114,1151,1
114,1172,1
114,1198,1
114,1220,1
114,1222,1
114,1234,1
114,1235,1
114,1237,1
114,1262,1
114,1317,1
114,1339,1
114,1374,1
114,1393,1
114,1409,1
114,1420,1
114,1437,1
114,1446,1
114,1480,1
114,1504,1
114,1529,1
114,1573,1
114,1635,1
114,1637,1
114,1638,1
115,252,3
115,292,1
115,315,1
115,382,1
115,656,1
115,724,3
115,1124,1
115,1280,1
115,1332,1
115,1460,1
115,1518,1
116,178,3
116,486,1
116,577,1
116,1094,1
116,1206,1
116,1371,1
116,1495,1
117,230,3
117,442,1
117,584,1
117,647,1
117,702,3
117,789,1
117,791,1
117,1484,3
117,1618,1
118,200,1
118,348,1
118,373,1
118,377,1
118,393,1
118,488,1
118,489,1
118,494,1
118,521,1
118,556,1
118,586,1
118,597,1
118,648,1
118,676,3
118,708,1
118,753,1
118,808,1
118,813,1
118,850,1
118,865,1
118,866,1
118,885,1
118,895,1
118,910,1
118,948,3
118,951,1
118,996,1
118,1008,1
118,1074,1
118,1078,1
118,1115,1
118,1136,1
118,1141,1
118,1143,1
118,1151,1
118,1220,1
118,1222,1
118,1229,1
118,1235,1
118,1262,1
118,1317,1
118,1339,1
118,1374,1
118,1420,1
118,1425,1
118,1427,1
118,1446,1
118,1472,1
118,1498,1
118,1504,1
118,1512,1
118,1637,1
118,1638,1
119,1,1
119,2,1
119,4,1
119,11,1
119,12,1
119,18,1
119,26,1
119,31,1
119,56,1
119,57,1
119,61,1
119,62,1
119,90,1
119,96,1
119,108,1
119,112,1
119,114,1
119,116,1
119,118,1
119,121,1
119,125,1
119,134,1
119,141,1
119,149,1
119,151,1
119,164,1
119,168,1
119,180,1
119,183,1
119,185,1
119,188,1
119,192,1
119,194,1
119,195,1
119,199,1
119,202,1
119,205,1
119,209,1
119,230,1
231,119,0
234,119,0
237,119,0
238,119,0
240,119,0
244,119,0
253,119,0
256,119,0
287,119,0
291,119,0
299,119,0
302,119,0
312,119,0
320,119,0
324,119,0
331,119,0
333,119,0
334,119,0
336,119,0
342,119,0
344,119,0
361,119,0
374,119,0
385,119,0
395,119,0
405,119,0
411,119,0
414,119,0
419,119,0
423,119,0
428,119,0
433,119,0
444,119,0
454,119,0
456,119,0
457,119,0
467,119,0
471,119,0
477,119,0
481,119,0
486,119,0
491,119,0
493,119,0
494,119,0
495,119,0
500,119,0
503,119,0
506,119,0
508,119,0
515,119,0
528,119,0
531,119,0
532,119,0
541,119,0
546,119,0
551,119,0
553,119,0
570,119,0
576,119,0
577,119,0
578,119,0
593,119,0
596,119,0
600,119,0
602,119,0
606,119,0
609,119,0
611,119,0
614,119,0
617,119,0
626,119,0
642,119,0
652,119,0
655,119,0
658,119,0
662,119,0
666,119,0
669,119,0
674,119,0
675,119,0
676,119,0
677,119,0
683,119,0
685,119,0
693,119,0
696,119,0
701,119,0
711,119,0
713,119,0
714,119,0
721,119,0
723,119,0
727,119,0
729,119,0
730,119,0
738,119,0
754,119,0
756,119,0
764,119,0
769,119,0
777,119,0
783,119,0
788,119,0
789,119,0
793,119,0
794,119,0
798,119,0
802,119,0
807,119,0
812,119,0
816,119,0
818,119,0
823,119,0
826,119,0
827,119,0
830,119,0
835,119,0
844,119,0
848,119,0
853,119,0
854,119,0
855,119,0
857,119,0
859,119,0
861,119,0
863,119,0
868,119,0
877,119,0
879,119,0
883,119,0
886,119,0
893,119,0
896,119,0
897,119,0
898,119,0
900,119,0
912,119,0
920,119,0
923,119,0
927,119,0
928,119,0
929,119,0
931,119,0
932,119,0
944,119,0
948,119,0
950,119,0
953,119,0
957,119,0
959,119,0
960,119,0
962,119,0
966,119,0
970,119,0
979,119,0
986,119,0
990,119,0
1003,119,0
1007,119,0
1010,119,0
1013,119,0
1017,119,0
1022,119,0
1023,119,0
1029,119,0
1033,119,0
1034,119,0
1040,119,0
1044,119,0
1065,119,0
1071,119,0
1079,119,0
1080,119,0
1085,119,0
1092,119,0
1100,119,0
1107,119,0
1109,119,0
1121,119,0
1132,119,0
1138,119,0
1139,119,0
1142,119,0
1146,119,0
1148,119,0
1149,119,0
1152,119,0
1153,119,0
1158,119,0
1163,119,0
1164,119,0
1168,119,0
1176,119,0
1181,119,0
1185,119,0
1186,119,0
1189,119,0
1193,119,0
1194,119,0
1196,119,0
1197,119,0
1200,119,0
1202,119,0
1206,119,0
1217,119,0
1221,119,0
1224,119,0
1236,119,0
1238,119,0
1261,119,0
1262,119,0
1263,119,0
1274,119,0
1277,119,0
1280,119,0
1284,119,0
1287,119,0
1291,119,0
1293,119,0
1303,119,0
1305,119,0
1315,119,0
1319,119,0
1320,119,0
1323,119,0
1332,119,0
1334,119,0
1341,119,0
1342,119,0
1350,119,0
1353,119,0
1368,119,0
1371,119,0
1382,119,0
1384,119,0
1391,119,0
1400,119,0
1413,119,0
1421,119,0
1423,119,0
1438,119,0
1442,119,0
1445,119,0
1449,119,0
1454,119,0
1456,119,0
1457,119,0
1459,119,0
1464,119,0
1471,119,0
1478,119,0
1479,119,0
1491,119,0
1495,119,0
1497,119,0
1500,119,0
1513,119,0
1515,119,0
1516,119,0
1517,119,0
1521,119,0
1522,119,0
1526,119,0
1535,119,0
1544,119,0
1546,119,0
1551,119,0
1553,119,0
1555,119,0
1558,119,0
1566,119,0
1568,119,0
1569,119,0
1570,119,0
1579,119,0
1584,119,0
1599,119,0
1600,119,0
1604,119,0
1607,119,0
1610,119,0
1612,119,0
1616,119,0
1618,119,0
1621,119,0
1629,119,0
1633,119,0
1636,119,0
1639,119,0
1640,119,0
1641,119,0
9,120,0
105,120,0
128,120,0
130,120,0
211,120,0
216,120,0
221,120,0
235,120,0
249,120,0
267,120,0
270,120,0
271,120,0
333,120,0
335,120,0
347,120,0
366,120,0
387,120,0
390,120,0
391,120,0
409,120,0
414,120,0
422,120,0
442,120,0
446,120,0
473,120,0
479,120,0
514,120,0
520,120,0
522,120,0
523,120,0
549,120,0
568,120,0
572,120,0
580,120,0
592,120,0
644,120,0
647,120,0
657,120,0
661,120,0
662,120,0
687,120,0
696,120,0
730,120,0
732,120,0
759,120,0
774,120,0
777,120,0
784,120,0
800,120,0
807,120,0
843,120,0
849,120,0
862,120,0
886,120,0
888,120,0
948,120,0
954,120,0
956,120,0
972,120,0
981,120,0
1009,120,0
1013,120,0
1042,120,0
1043,120,0
1047,120,0
1058,120,0
1064,120,0
1086,120,0
1148,120,0
1152,120,0
1153,120,0
1167,120,0
1168,120,0
1200,120,0
1208,120,0
1210,120,0
1214,120,0
1218,120,0
1220,120,0
1231,120,0
1244,120,0
1262,120,0
1272,120,0
1281,120,0
1303,120,0
1306,120,0
1315,120,0
1321,120,0
1331,120,0
1341,120,0
1346,120,0
1349,120,0
1363,120,0
1369,120,0
1395,120,0
1398,120,0
1412,120,0
1416,120,0
1476,120,0
120,1518,3
1539,120,0
1557,120,0
1558,120,0
1560,120,0
120,1583,3
1584,120,0
1601,120,0
1616,120,0
1618,120,0
1619,120,0
1632,120,0
1638,120,0
108,121,0
161,121,0
315,121,0
121,361,3
757,121,0
784,121,0
795,121,0
805,121,0
121,1027,3
1112,121,0
1190,121,0
1216,121,0
1280,121,0
1581,121,0
1639,121,0
415,122,0
508,122,0
515,122,0
723,122,0
926,122,0
970,122,0
1107,122,0
1546,122,0
1629,122,0
123,325,3
123,1241,3
123,1265,3
123,1408,3
620,124,0
682,124,0
805,124,0
1124,124,0
15,125,0
396,125,0
657,125,0
671,125,0
702,125,0
823,125,0
922,125,0
930,125,0
948,125,0
991,125,0
1040,125,0
1049,125,0
1106,125,0
1194,125,0
1205,125,0
1265,125,0
1305,125,0
1356,125,0
1368,125,0
1465,125,0
125,1481,3
1539,125,0
1617,125,0
1620,125,0
259,126,0
352,126,0
438,126,0
465,126,0
126,506,3
651,126,0
126,1054,3
126,1299,3
126,1437,3
30,127,0
125,127,0
251,127,0
285,127,0
326,127,0
127,414,3
670,127,0
127,783,3
823,127,0
127,928,3
1258,127,0
1368,127,0
1466,127,0
289,128,0
414,128,0
128,526,3
624,128,0
751,128,0
783,128,0
823,128,0
874,128,0
1083,128,0
1128,128,0
1205,128,0
1265,128,0
1266,128,0
1368,128,0
1388,128,0
1396,128,0
1440,128,0
1476,128,0
1533,128,0
1571,128,0
1617,128,0
270,129,0
436,129,0
442,129,0
643,129,0
130,258,3
270,130,0
850,130,0
130,1542,3
1619,130,0
61,131,0
482,131,0
830,131,0
963,131,0
1082,131,0
131,1149,3
1163,131,0
1583,131,0
13,132,0
98,132,0
128,132,0
370,132,0
409,132,0
432,132,0
132,587,3
690,132,0
132,777,3
832,132,0
892,132,0
985,132,0
1110,132,0
1288,132,0
1295,132,0
1349,132,0
1549,132,0
1597,132,0
14,133,0
84,133,0
152,133,0
400,133,0
425,133,0
914,133,0
998,133,0
1024,133,0
1085,133,0
1352,133,0
1541,133,0
134,386,3
494,134,0
674,134,0
134,739,3
134,765,3
847,134,0
1115,134,0
1239,134,0
134,1326,3
1480,134,0
14,135,0
15,135,0
31,135,0
54,135,0
65,135,0
114,135,0
161,135,0
185,135,0
241,135,0
272,135,0
281,135,0
317,135,0
320,135,0
338,135,0
342,135,0
379,135,0
398,135,0
403,135,0
415,135,0
416,135,0
424,135,0
430,135,0
447,135,0
468,135,0
480,135,0
564,135,0
610,135,0
620,135,0
629,135,0
630,135,0
655,135,0
657,135,0
674,135,0
686,135,0
702,135,0
720,135,0
725,135,0
742,135,0
745,135,0
767,135,0
772,135,0
783,135,0
790,135,0
795,135,0
802,135,0
824,135,0
831,135,0
833,135,0
856,135,0
857,135,0
868,135,0
881,135,0
883,135,0
898,135,0
905,135,0
931,135,0
936,135,0
940,135,0
1027,135,0
1085,135,0
1088,135,0
1091,135,0
1095,135,0
1111,135,0
1113,135,0
1118,135,0
1131,135,0
1147,135,0
1150,135,0
1158,135,0
135,1178,3
1187,135,0
1202,135,0
1205,135,0
1207,135,0
1239,135,0
1257,135,0
1265,135,0
1271,135,0
1297,135,0
1299,135,0
1323,135,0
1327,135,0
1351,135,0
1370,135,0
1372,135,0
1406,135,0
1415,135,0
1441,135,0
1449,135,0
1465,135,0
1472,135,0
1478,135,0
1483,135,0
1486,135,0
1498,135,0
1499,135,0
1507,135,0
1510,135,0
1536,135,0
1550,135,0
1561,135,0
1562,135,0
1563,135,0
1600,135,0
1,136,0
273,136,0
331,136,0
136,549,3
609,136,0
683,136,0
754,136,0
136,913,3
927,136,0
136,1053,3
1221,136,0
1532,136,0
136,1592,3
214,137,0
230,137,0
481,137,0
877,137,0
1121,137,0
1186,137,0
1319,137,0
1382,137,0
1464,137,0
1513,137,0
138,395,3
404,138,0
735,138,0
138,920,3
1367,138,0
1389,138,0
1468,138,0
139,528,3
675,139,0
858,139,0
900,139,0
1121,139,0
1393,139,0
1404,139,0
1532,139,0
2,140,0
84,140,0
90,140,0
100,140,0
118,140,0
121,140,0
170,140,0
202,140,0
216,140,0
230,140,0
243,140,0
254,140,0
275,140,0
277,140,0
282,140,0
290,140,0
292,140,0
302,140,0
304,140,0
318,140,0
324,140,0
328,140,0
333,140,0
342,140,0
347,140,0
375,140,0
387,140,0
389,140,0
415,140,0
429,140,0
446,140,0
474,140,0
479,140,0
480,140,0
481,140,0
503,140,0
504,140,0
509,140,0
545,140,0
555,140,0
562,140,0
612,140,0
617,140,0
619,140,0
628,140,0
645,140,0
656,140,0
678,140,0
696,140,0
711,140,0
719,140,0
722,140,0
726,140,0
731,140,0
732,140,0
757,140,0
765,140,0
769,140,0
771,140,0
778,140,0
792,140,0
795,140,0
813,140,0
817,140,0
821,140,0
827,140,0
845,140,0
850,140,0
865,140,0
871,140,0
872,140,0
877,140,0
885,140,0
900,140,0
909,140,0
913,140,0
933,140,0
949,140,0
963,140,0
969,140,0
987,140,0
988,140,0
990,140,0
1013,140,0
1032,140,0
1042,140,0
1056,140,0
1062,140,0
1063,140,0
1075,140,0
1088,140,0
1106,140,0
1111,140,0
1121,140,0
1122,140,0
1130,140,0
1147,140,0
1153,140,0
1154,140,0
1159,140,0
1180,140,0
1186,140,0
1188,140,0
1191,140,0
1194,140,0
1195,140,0
1201,140,0
1202,140,0
1210,140,0
1219,140,0
1225,140,0
1229,140,0
1236,140,0
1238,140,0
1249,140,0
1251,140,0
1263,140,0
1272,140,0
1277,140,0
1282,140,0
1287,140,0
1291,140,0
1295,140,0
1300,140,0
1305,140,0
1309,140,0
1314,140,0
1315,140,0
1319,140,0
1326,140,0
1332,140,0
1341,140,0
1362,140,0
1374,140,0
1382,140,0
1403,140,0
1404,140,0
1420,140,0
1460,140,0
1464,140,0
1469,140,0
1481,140,0
1489,140,0
1513,140,0
1518,140,0
1535,140,0
1554,140,0
1557,140,0
1580,140,0
1584,140,0
1585,140,0
1599,140,0
1601,140,0
1620,140,0
1630,140,0
1632,140,0
1633,140,0
1640,140,0
72,141,0
287,141,0
334,141,0
606,141,0
641,141,0
728,141,0
855,141,0
1548,141,0
141,1554,3
34,142,0
266,142,0
142,272,3
325,142,0
142,403,3
142,927,3
1084,142,0
1267,142,0
142,1346,3
1493,142,0
1560,142,0
243,143,0
249,143,0
279,143,0
143,455,3
143,484,3
489,143,0
550,143,0
569,143,0
628,143,0
726,143,0
743,143,0
744,143,0
143,849,3
941,143,0
965,143,0
1143,143,0
1188,143,0
1234,143,0
1235,143,0
1417,143,0
1434,143,0
355,144,0
613,144,0
809,144,0
145,336,3
434,145,0
145,444,3
475,145,0
676,145,0
145,769,3
1015,146,0
146,1242,3
147,871,3
196,148,0
775,148,0
875,148,0
1334,148,0
1337,148,0
291,149,0
502,149,0
149,772,3
894,149,0
1196,149,0
1200,149,0
149,1500,3
1547,149,0
337,150,0
760,150,0
829,150,0
150,1006,3
150,1049,3
150,1187,3
1605,150,0
151,181,3
151,218,3
471,151,0
576,151,0
151,590,3
721,151,0
863,151,0
1438,151,0
151,1542,3
152,487,3
657,152,0
152,1283,3
1476,152,0
153,256,3
153,474,3
771,153,0
845,153,0
1300,153,0
350,154,0
351,154,0
434,154,0
154,699,3
1063,154,0
1296,154,0
154,1475,3
253,155,0
311,155,0
336,155,0
505,155,0
538,155,0
593,155,0
765,155,0
807,155,0
155,1107,3
1273,155,0
1284,155,0
1321,155,0
1356,155,0
155,1379,3
1523,155,0
1526,155,0
1539,155,0
1558,155,0
1572,155,0
156,534,3
156,723,3
156,1010,3
156,1100,3
3,157,0
294,157,0
695,157,0
750,157,0
1081,157,0
1096,157,0
1135,157,0
1358,157,0
157,1381,3
1433,157,0
157,1456,3
114,158,0
118,158,0
158,487,3
692,158,0
158,1390,3
249,159,0
260,159,0
279,159,0
342,159,0
371,159,0
393,159,0
464,159,0
472,159,0
504,159,0
549,159,0
781,159,0
792,159,0
850,159,0
866,159,0
885,159,0
895,159,0
933,159,0
996,159,0
1008,159,0
1054,159,0
1077,159,0
1103,159,0
1143,159,0
1202,159,0
1229,159,0
1237,159,0
1247,159,0
1374,159,0
1417,159,0
1420,159,0
1484,159,0
1600,159,0
1625,159,0
191,160,0
329,160,0
481,160,0
625,160,0
706,160,0
1035,160,0
1259,160,0
1516,160,0
624,161,0
665,161,0
161,824,3
161,1350,3
303,162,0
310,162,0
162,337,3
407,162,0
162,535,3
733,162,0
162,752,3
926,162,0
941,162,0
1061,162,0
1089,162,0
162,1410,3
314,163,0
677,163,0
714,163,0
788,163,0
1034,163,0
1197,163,0
1612,163,0
24,164,0
263,164,0
301,164,0
421,164,0
432,164,0
513,164,0
635,164,0
841,164,0
950,164,0
955,164,0
974,164,0
982,164,0
991,164,0
1018,164,0
1170,164,0
1203,164,0
1205,164,0
1211,164,0
1465,164,0
165,613,3
165,749,3
269,166,0
278,166,0
430,166,0
445,166,0
814,166,0
1137,166,0
1348,166,0
2,167,0
167,295,3
509,167,0
827,167,0
1251,167,0
1491,167,0
1535,167,0
281,168,0
168,404,3
168,578,3
674,168,0
795,168,0
168,812,3
883,168,0
168,921,3
977,168,0
168,1285,3
1362,168,0
15,169,0
114,169,0
118,169,0
328,169,0
169,378,3
757,169,0
169,763,3
824,169,0
169,826,3
852,169,0
887,169,0
1011,169,0
1063,169,0
1228,169,0
1280,169,0
1439,169,0
4,170,0
12,170,0
18,170,0
48,170,0
128,170,0
135,170,0
164,170,0
199,170,0
212,170,0
218,170,0
232,170,0
249,170,0
253,170,0
255,170,0
264,170,0
291,170,0
293,170,0
297,170,0
302,170,0
320,170,0
332,170,0
335,170,0
339,170,0
346,170,0
356,170,0
374,170,0
381,170,0
387,170,0
388,170,0
391,170,0
405,170,0
408,170,0
424,170,0
427,170,0
450,170,0
454,170,0
455,170,0
468,170,0
482,170,0
487,170,0
494,170,0
503,170,0
519,170,0
541,170,0
549,170,0
561,170,0
575,170,0
579,170,0
580,170,0
591,170,0
607,170,0
634,170,0
636,170,0
643,170,0
660,170,0
683,170,0
692,170,0
693,170,0
721,170,0
722,170,0
728,170,0
734,170,0
742,170,0
744,170,0
745,170,0
757,170,0
758,170,0
763,170,0
765,170,0
777,170,0
783,170,0
790,170,0
796,170,0
798,170,0
799,170,0
801,170,0
807,170,0
819,170,0
825,170,0
831,170,0
844,170,0
849,170,0
850,170,0
860,170,0
863,170,0
881,170,0
888,170,0
897,170,0
899,170,0
907,170,0
914,170,0
915,170,0
916,170,0
919,170,0
932,170,0
939,170,0
950,170,0
995,170,0
999,170,0
1001,170,0
1036,170,0
1040,170,0
1048,170,0
1057,170,0
1066,170,0
1086,170,0
1104,170,0
1120,170,0
1131,170,0
1132,170,0
1150,170,0
1178,170,0
1184,170,0
1187,170,0
1199,170,0
1202,170,0
1220,170,0
1229,170,0
1232,170,0
1262,170,0
1269,170,0
1271,170,0
1277,170,0
1294,170,0
1309,170,0
1313,170,0
1314,170,0
1326,170,0
1333,170,0
1338,170,0
1343,170,0
1374,170,0
1396,170,0
1407,170,0
1420,170,0
1424,170,0
1429,170,0
1432,170,0
1435,170,0
1438,170,0
1441,170,0
1442,170,0
1467,170,0
1478,170,0
1482,170,0
1483,170,0
1486,170,0
1509,170,0
1516,170,0
1518,170,0
1532,170,0
1543,170,0
1546,170,0
1550,170,0
1557,170,0
1562,170,0
1563,170,0
1592,170,0
1598,170,0
1599,170,0
1601,170,0
1641,170,0
171,357,3
171,493,3
283,172,0
591,172,0
172,915,3
1055,172,0
172,1231,3
1291,172,0
321,173,0
173,428,3
173,457,3
1256,173,0
1473,173,0
174,496,3
809,174,0
174,858,3
31,175,0
138,175,0
149,175,0
227,175,0
279,175,0
291,175,0
292,175,0
342,175,0
347,175,0
362,175,0
366,175,0
368,175,0
371,175,0
387,175,0
393,175,0
175,414,3
417,175,0
422,175,0
463,175,0
464,175,0
502,175,0
504,175,0
514,175,0
615,175,0
643,175,0
656,175,0
684,175,0
694,175,0
701,175,0
728,175,0
744,175,0
759,175,0
774,175,0
777,175,0
781,175,0
792,175,0
850,175,0
866,175,0
888,175,0
894,175,0
895,175,0
925,175,0
939,175,0
951,175,0
996,175,0
1008,175,0
1043,175,0
1054,175,0
1058,175,0
1086,175,0
175,1157,3
1171,175,0
1202,175,0
1214,175,0
1229,175,0
1232,175,0
1234,175,0
1235,175,0
1247,175,0
1249,175,0
1281,175,0
1283,175,0
1309,175,0
1325,175,0
1329,175,0
1345,175,0
1361,175,0
1389,175,0
1401,175,0
1413,175,0
1427,175,0
1460,175,0
1504,175,0
1509,175,0
1518,175,0
1547,175,0
1557,175,0
1594,175,0
1601,175,0
146,176,0
795,176,0
841,176,0
176,1130,3
1235,176,0
1296,176,0
176,1299,3
176,1388,3
177,801,3
887,177,0
177,1005,3
1434,177,0
224,178,0
178,735,3
178,882,3
950,178,0
178,1304,3
777,179,0
1254,179,0
1537,179,0
1157,180,0
31,181,0
37,181,0
108,181,0
197,181,0
225,181,0
308,181,0
315,181,0
323,181,0
343,181,0
396,181,0
181,398,3
443,181,0
444,181,0
499,181,0
548,181,0
571,181,0
573,181,0
608,181,0
609,181,0
621,181,0
633,181,0
181,642,3
671,181,0
741,181,0
754,181,0
762,181,0
786,181,0
787,181,0
838,181,0
876,181,0
992,181,0
1027,181,0
1052,181,0
1060,181,0
1062,181,0
1108,181,0
1209,181,0
1227,181,0
1233,181,0
1276,181,0
1302,181,0
1332,181,0
1354,181,0
1364,181,0
1408,181,0
1447,181,0
1451,181,0
1474,181,0
1567,181,0
1572,181,0
182,216,3
449,182,0
521,182,0
706,182,0
785,182,0
182,1254,3
182,1335,3
659,183,0
770,183,0
859,183,0
1071,183,0
1445,183,0
1477,183,0
183,1506,3
1569,183,0
434,184,0
464,184,0
1537,184,0
185,325,3
833,185,0
1149,185,0
1158,185,0
54,186,0
71,186,0
212,186,0
186,233,3
262,186,0
297,186,0
304,186,0
361,186,0
381,186,0
390,186,0
398,186,0
403,186,0
424,186,0
468,186,0
480,186,0
511,186,0
607,186,0
610,186,0
629,186,0
643,186,0
669,186,0
685,186,0
733,186,0
736,186,0
742,186,0
758,186,0
790,186,0
795,186,0
802,186,0
824,186,0
902,186,0
913,186,0
921,186,0
924,186,0
966,186,0
1028,186,0
1047,186,0
1062,186,0
1088,186,0
1106,186,0
1111,186,0
1147,186,0
1150,186,0
1194,186,0
1195,186,0
1207,186,0
1225,186,0
1253,186,0
1305,186,0
1332,186,0
1338,186,0
1351,186,0
1357,186,0
1372,186,0
1403,186,0
1407,186,0
1415,186,0
1441,186,0
1456,186,0
1465,186,0
1486,186,0
1550,186,0
1560,186,0
1577,186,0
1598,186,0
1641,186,0
187,393,3
764,187,0
799,187,0
873,187,0
937,187,0
1257,187,0
1381,187,0
187,1437,3
1447,187,0
1488,187,0
188,619,3
765,188,0
879,188,0
188,957,3
1544,188,0
189,200,3
189,763,3
245,190,0
288,190,0
744,190,0
961,190,0
1347,190,0
1596,190,0
293,191,0
405,191,0
553,191,0
754,191,0
806,191,0
914,191,0
1035,191,0
191,1044,3
1248,191,0
1252,191,0
192,587,3
1207,192,0
1607,192,0
2,193,0
71,193,0
78,193,0
90,193,0
100,193,0
121,193,0
202,193,0
209,193,0
216,193,0
230,193,0
243,193,0
250,193,0
254,193,0
277,193,0
282,193,0
290,193,0
302,193,0
304,193,0
309,193,0
316,193,0
318,193,0
324,193,0
333,193,0
342,193,0
347,193,0
362,193,0
375,193,0
376,193,0
415,193,0
429,193,0
446,193,0
474,193,0
479,193,0
480,193,0
484,193,0
491,193,0
503,193,0
504,193,0
509,193,0
529,193,0
545,193,0
193,550,3
555,193,0
572,193,0
591,193,0
612,193,0
619,193,0
628,193,0
645,193,0
656,193,0
711,193,0
719,193,0
722,193,0
731,193,0
745,193,0
746,193,0
757,193,0
765,193,0
769,193,0
771,193,0
774,193,0
777,193,0
792,193,0
798,193,0
813,193,0
821,193,0
827,193,0
845,193,0
850,193,0
886,193,0
900,193,0
902,193,0
906,193,0
909,193,0
913,193,0
193,921,3
925,193,0
933,193,0
959,193,0
969,193,0
976,193,0
987,193,0
990,193,0
1003,193,0
1009,193,0
1013,193,0
1032,193,0
1043,193,0
1056,193,0
1062,193,0
1075,193,0
1088,193,0
1111,193,0
1130,193,0
1134,193,0
1147,193,0
1154,193,0
1159,193,0
1168,193,0
1186,193,0
1188,193,0
1191,193,0
1193,193,0
1210,193,0
1219,193,0
1225,193,0
1229,193,0
1251,193,0
1272,193,0
1275,193,0
1277,193,0
1282,193,0
1291,193,0
1295,193,0
1319,193,0
1324,193,0
1326,193,0
1331,193,0
1332,193,0
1341,193,0
1351,193,0
1363,193,0
1374,193,0
1420,193,0
1457,193,0
1460,193,0
1464,193,0
1469,193,0
1475,193,0
1481,193,0
1489,193,0
1490,193,0
1491,193,0
1505,193,0
1518,193,0
1535,193,0
1536,193,0
1549,193,0
1557,193,0
1580,193,0
1584,193,0
1585,193,0
1600,193,0
1601,193,0
1620,193,0
1630,193,0
1632,193,0
1633,193,0
1640,193,0
1641,193,0
35,194,0
234,194,0
194,350,3
466,194,0
194,667,3
194,773,3
776,194,0
835,194,0
854,194,0
896,194,0
1006,194,0
195,708,3
195,1624,3
196,563,3
197,670,3
198,446,3
198,975,3
198,1119,3
200,380,3
200,649,3
201,1313,3
202,730,3
202,1047,3
204,662,3
204,1624,3
205,730,3
205,782,3
205,824,3
205,1053,3
206,342,3
207,605,3
207,682,3
207,1015,3
208,213,3
208,754,3
208,871,3
208,1441,3
208,1503,3
210,623,3
210,1055,3
211,671,3
211,1028,3
211,1206,3
212,1445,3
213,930,3
214,1061,3
214,1088,3
214,1461,3
215,315,3
215,1266,3
216,444,3
216,679,3
217,1213,3
218,257,3
218,762,3
219,585,3
220,1038,3
220,1089,3
221,321,3
221,570,3
221,814,3
222,1166,3
223,379,3
223,821,3
223,1410,3
223,1560,3
224,1016,3
224,1289,3
225,1155,3
226,522,3
226,967,3
227,1278,3
228,1189,3
229,806,3
230,1062,3
231,256,3
231,850,3
232,640,3
232,1009,3
232,1128,3
233,234,3
234,451,3
234,828,3
235,315,3
235,396,3
235,528,3
236,940,3
236,1057,3
236,1531,3
238,1513,3
238,1605,3
239,1032,3
239,1299,3
241,270,3
241,892,3
241,1122,3
241,1357,3
241,1358,3
241,1437,3
241,1521,3
242,1059,3
243,688,3
243,1034,3
243,1537,3
244,1259,3
244,1443,3
245,1638,3
247,923,3
247,1548,3
250,640,3
250,1244,3
251,1640,3
252,323,3
253,505,3
253,1526,3
254,1205,3
255,761,3
255,1075,3
256,887,3
257,271,3
257,287,3
257,506,3
257,547,3
257,984,3
257,1149,3
257,1475,3
257,1487,3
258,807,3
258,1327,3
258,1354,3
258,1522,3
259,1306,3
261,653,3
261,810,3
261,1474,3
261,1476,3
262,444,3
262,890,3
262,1111,3
262,1122,3
263,993,3
264,555,3
264,773,3
265,1347,3
267,380,3
267,936,3
267,937,3
267,1443,3
270,340,3
270,1359,3
271,1356,3
273,865,3
274,1122,3
275,781,3
275,1490,3
276,947,3
278,659,3
278,927,3
278,1409,3
280,649,3
282,653,3
283,1603,3
285,674,3
286,493,3
286,748,3
287,1171,3
287,1331,3
288,1138,3
288,1337,3
289,407,3
291,757,3
291,955,3
291,1263,3
292,1309,3
293,593,3
296,714,3
298,779,3
298,1541,3
299,1054,3
300,451,3
303,760,3
304,1145,3
304,1180,3
304,1299,3
305,857,3
305,1303,3
306,1484,3
306,1506,3
307,514,3
307,1576,3
309,1579,3
310,499,3
310,865,3
311,333,3
311,1259,3
311,1439,3
312,1076,3
312,1095,3
312,1225,3
312,1378,3
313,456,3
313,1365,3
313,1562,3
313,1641,3
314,679,3
314,848,3
315,565,3
316,975,3
318,1094,3
320,520,3
320,920,3
322,1418,3
324,851,3
324,1402,3
325,1099,3
325,1493,3
326,1508,3
328,865,3
328,1123,3
329,883,3
329,913,3
330,705,3
331,800,3
332,379,3
332,1381,3
332,1390,3
333,959,3
335,1433,3
336,633,3
336,947,3
336,1373,3
336,1518,3
337,897,3
337,1339,3
338,1459,3
339,460,3
339,1154,3
340,689,3
341,449,3
341,569,3
341,890,3
341,1076,3
342,680,3
343,1053,3
343,1436,3
344,406,3
346,1013,3
346,1073,3
347,371,3
347,499,3
347,891,3
347,1577,3
348,1384,3
349,606,3
350,1348,3
351,784,3
352,1084,3
353,1163,3
353,1458,3
354,929,3
354,1018,3
354,1385,3
354,1437,3
355,1462,3
356,839,3
356,898,3
357,959,3
357,1284,3
357,1371,3
358,494,3
358,922,3
358,1138,3
359,870,3
360,523,3
361,614,3
361,787,3
362,1095,3
362,1357,3
362,1445,3
365,1405,3
366,1435,3
367,1511,3
368,804,3
369,486,3
369,860,3
369,1399,3
369,1421,3
370,762,3
371,1162,3
372,1303,3
372,1483,3
373,1515,3
374,1526,3
375,1192,3
375,1463,3
376,1028,3
376,1091,3
377,1420,3
378,757,3
379,1105,3
379,1303,3
379,1362,3
380,645,3
380,1309,3
381,1236,3
381,1481,3
382,836,3
382,943,3
382,966,3
382,1470,3
382,1512,3
383,752,3
385,408,3
385,1272,3
386,640,3
386,939,3
386,1071,3
386,1199,3
389,1382,3
390,886,3
390,970,3
391,1365,3
391,1563,3
394,1549,3
395,1477,3
396,544,3
398,596,3
398,1249,3
398,1515,3
399,1445,3
400,531,3
400,949,3
402,1333,3
404,752,3
406,522,3
406,906,3
407,1532,3
409,722,3
409,1196,3
409,1209,3
412,1263,3
414,556,3
415,853,3
415,1306,3
415,1417,3
417,1004,3
420,470,3
420,511,3
420,1003,3
420,1206,3
420,1438,3
420,1610,3
421,902,3
422,744,3
423,1010,3
423,1527,3
423,1637,3
424,590,3
424,869,3
424,1528,3
426,1387,3
428,1129,3
428,1554,3
429,733,3
429,1223,3
430,773,3
432,457,3
432,956,3
433,1499,3
434,834,3
435,1169,3
436,1216,3
437,774,3
440,1555,3
441,1170,3
444,454,3
444,1147,3
444,1531,3
445,625,3
445,1470,3
446,671,3
449,496,3
450,733,3
450,736,3
450,1488,3
451,811,3
454,650,3
454,818,3
454,1266,3
456,879,3
457,582,3
457,846,3
457,1017,3
458,1027,3
459,1413,3
460,1500,3
461,1043,3
462,956,3
462,1558,3
463,745,3
463,891,3
463,1500,3
464,816,3
465,586,3
465,647,3
465,1528,3
467,503,3
467,527,3
467,1108,3
467,1148,3
468,806,3
468,821,3
468,893,3
468,989,3
468,1103,3
468,1189,3
469,1270,3
470,1332,3
470,1357,3
472,662,3
472,1046,3
472,1052,3
473,892,3
475,688,3
475,1476,3
476,1240,3
476,1625,3
479,617,3
481,564,3
481,864,3
481,1233,3
481,1293,3
482,1617,3
483,538,3
485,1281,3
485,1511,3
488,499,3
490,572,3
490,762,3
490,1161,3
491,907,3
491,1575,3
492,541,3
492,557,3
492,913,3
492,1141,3
493,1464,3
494,718,3
494,1075,3
495,622,3
496,1618,3
497,616,3
499,1186,3
499,1425,3
500,1147,3
501,724,3
502,1414,3
502,1441,3
502,1477,3
503,1104,3
503,1300,3
504,669,3
504,1233,3
505,527,3
505,719,3
506,728,3
506,1285,3
506,1342,3
507,1448,3
508,1175,3
510,717,3
510,842,3
512,553,3
512,1328,3
513,637,3
513,951,3
513,1576,3
516,1472,3
517,1338,3
517,1411,3
519,836,3
522,965,3
522,1328,3
522,1446,3
523,913,3
523,1551,3
523,1600,3
525,828,3
525,1451,3
526,638,3
527,627,3
527,1047,3
527,1557,3
528,1358,3
530,612,3
530,761,3
531,896,3
531,1599,3
532,1314,3
532,1369,3
532,1410,3
534,873,3
537,1331,3
538,577,3
538,695,3
539,1245,3
540,621,3
540,659,3
541,596,3
541,662,3
541,987,3
542,870,3
542,951,3
543,1288,3
546,1446,3
547,1466,3
547,1536,3
547,1544,3
548,809,3
549,568,3
549,773,3
549,809,3
549,1079,3
549,1452,3
550,1322,3
551,745,3
552,1186,3
553,1478,3
553,1563,3
554,1085,3
557,1608,3
558,652,3
559,610,3
559,646,3
559,664,3
559,1385,3
560,1162,3
561,1151,3
561,1462,3
562,810,3
562,1003,3
562,1304,3
563,1088,3
563,1308,3
565,660,3
565,705,3
566,1033,3
566,1603,3
568,623,3
568,1081,3
568,1350,3
568,1400,3
569,791,3
570,763,3
570,1031,3
571,1499,3
572,716,3
573,710,3
574,1461,3
575,1242,3
576,973,3
576,1590,3
577,1550,3
578,1617,3
579,675,3
579,1407,3
579,1538,3
581,1445,3
582,1181,3
583,950,3
584,1108,3
585,1570,3
586,712,3
587,730,3
587,1202,3
587,1605,3
589,676,3
589,703,3
589,969,3
589,1041,3
591,756,3
591,987,3
594,627,3
594,1009,3
594,1048,3
595,1301,3
596,1366,3
597,1529,3
598,868,3
598,1218,3
598,1266,3
598,1509,3
599,1528,3
600,722,3
600,923,3
600,1264,3
601,803,3
601,1412,3
602,1071,3
603,1241,3
604,644,3
604,964,3
604,1061,3
604,1358,3
605,806,3
606,719,3
606,1275,3
607,832,3
607,1424,3
608,1037,3
609,841,3
609,1006,3
610,640,3
610,773,3
610,1147,3
610,1323,3
612,1133,3
613,906,3
613,1574,3
615,1592,3
616,1167,3
617,1212,3
617,1534,3
618,1136,3
619,1348,3
619,1497,3
620,1583,3
623,899,3
625,1498,3
626,816,3
626,1214,3
627,1126,3
629,977,3
629,1136,3
629,1343,3
630,899,3
631,858,3
631,1147,3
632,696,3
632,720,3
632,821,3
633,1360,3
634,1012,3
635,896,3
638,1020,3
639,645,3
641,1057,3
642,910,3
643,752,3
643,1384,3
644,928,3
645,1020,3
646,743,3
646,1167,3
646,1293,3
648,1379,3
648,1642,3
650,683,3
650,1252,3
650,1483,3
650,1587,3
655,998,3
655,1561,3
657,1370,3
658,1488,3
660,927,3
661,1005,3
661,1522,3
662,803,3
664,1221,3
666,1120,3
666,1244,3
666,1368,3
667,1168,3
667,1399,3
668,1178,3
668,1542,3
668,1609,3
669,1294,3
673,1354,3
673,1362,3
673,1640,3
675,1138,3
677,892,3
678,891,3
679,959,3
680,1263,3
681,857,3
681,1070,3
681,1501,3
682,727,3
683,897,3
683,899,3
683,1005,3
683,1329,3
684,720,3
684,1143,3
684,1615,3
684,1624,3
688,1534,3
690,983,3
690,1039,3
690,1254,3
691,746,3
692,1230,3
693,966,3
693,1048,3
693,1486,3
694,1417,3
696,1215,3
699,1205,3
701,1077,3
701,1529,3
703,1189,3
704,1473,3
705,1049,3
706,1531,3
706,1588,3
708,1046,3
708,1626,3
709,918,3
709,1192,3
709,1578,3
710,1030,3
710,1233,3
712,1470,3
713,1203,3
713,1389,3
714,1595,3
715,1587,3
716,1266,3
717,1420,3
718,1372,3
719,995,3
719,1346,3
720,1534,3
721,841,3
721,944,3
723,1174,3
724,869,3
724,1276,3
726,879,3
727,1550,3
727,1558,3
728,760,3
728,787,3
728,1044,3
730,773,3
730,1582,3
731,1106,3
731,1297,3
733,1025,3
734,983,3
734,1040,3
735,998,3
735,1546,3
736,878,3
736,1383,3
736,1541,3
737,1290,3
737,1356,3
737,1473,3
737,1522,3
738,877,3
738,885,3
738,943,3
738,977,3
739,837,3
739,1520,3
740,1306,3
741,1167,3
743,802,3
743,900,3
743,1310,3
744,749,3
744,1119,3
745,1412,3
746,944,3
748,813,3
748,1544,3
749,843,3
750,765,3
750,1022,3
750,1045,3
750,1193,3
753,1241,3
753,1642,3
755,837,3
755,1300,3
757,879,3
757,909,3
757,937,3
757,1241,3
757,1391,3
759,821,3
760,1177,3
765,1466,3
765,1496,3
766,998,3
767,1091,3
767,1218,3
768,936,3
768,1106,3
770,1118,3
770,1601,3
771,1256,3
772,990,3
772,1130,3
776,998,3
778,1004,3
780,1263,3
781,827,3
783,826,3
787,1073,3
789,1298,3
791,1096,3
791,1145,3
792,988,3
792,1212,3
792,1378,3
799,954,3
799,1092,3
800,1227,3
801,1464,3
802,1502,3
803,867,3
803,1361,3
804,889,3
804,1206,3
804,1291,3
805,1132,3
807,881,3
808,1346,3
809,1348,3
811,1337,3
811,1348,3
811,1462,3
812,1501,3
813,959,3
815,1468,3
816,964,3
816,1006,3
816,1146,3
817,1355,3
818,855,3
818,859,3
818,1556,3
823,825,3
823,1101,3
824,969,3
824,1379,3
826,1430,3
827,1007,3
827,1042,3
827,1534,3
829,1425,3
830,1135,3
830,1566,3
831,1216,3
833,1193,3
833,1296,3
833,1420,3
834,1376,3
835,1061,3
836,1537,3
836,1550,3
841,1346,3
842,1003,3
842,1187,3
843,845,3
843,1339,3
844,967,3
844,1181,3
844,1507,3
847,1285,3
849,1102,3
850,1497,3
851,879,3
851,1010,3
852,921,3
852,1107,3
855,997,3
855,1415,3
856,949,3
857,1547,3
859,918,3
859,1144,3
861,979,3
861,1131,3
862,1134,3
864,1035,3
865,1353,3
866,1526,3
867,1027,3
868,1305,3
871,1005,3
871,1402,3
872,1514,3
873,1110,3
873,1378,3
874,1147,3
877,1228,3
877,1405,3
881,1025,3
881,1031,3
881,1388,3
891,1210,3
891,1538,3
896,1227,3
896,1587,3
897,1358,3
899,1604,3
900,1384,3
901,1479,3
903,1171,3
903,1252,3
903,1591,3
905,967,3
905,1049,3
905,1219,3
905,1232,3
905,1236,3
908,1118,3
908,1195,3
912,1443,3
914,1555,3
915,1163,3
916,1303,3
916,1349,3
917,993,3
918,973,3
918,1268,3
918,1550,3
920,1518,3
922,1275,3
923,1528,3
925,1217,3
925,1406,3
926,1190,3
926,1209,3
929,1303,3
930,1477,3
934,943,3
937,978,3
937,1060,3
937,1614,3
939,1184,3
941,1592,3
943,1513,3
944,1407,3
944,1623,3
945,1515,3
946,1160,3
948,1342,3
949,1225,3
949,1373,3
950,1551,3
951,1055,3
953,1139,3
953,1332,3
954,1477,3
955,1016,3
955,1017,3
957,1007,3
957,1208,3
957,1408,3
957,1433,3
960,968,3
960,1389,3
960,1579,3
961,1228,3
961,1560,3
962,1207,3
965,1012,3
967,1593,3
968,1222,3
970,1068,3
973,1441,3
973,1463,3
975,1127,3
975,1388,3
975,1533,3
978,1582,3
981,1110,3
981,1636,3
982,1270,3
983,1137,3
983,1523,3
985,1040,3
986,1532,3
986,1607,3
987,1088,3
988,1381,3
989,994,3
989,1394,3
989,1616,3
989,1634,3
990,1028,3
992,1234,3
993,1417,3
993,1554,3
995,1269,3
995,1446,3
997,1322,3
1000,1481,3
1001,1549,3
1003,1261,3
1003,1266,3
1004,1616,3
1006,1302,3
1008,1563,3
1009,1041,3
1009,1623,3
1010,1427,3
1011,1187,3
1011,1500,3
1013,1466,3
1014,1562,3
1015,1066,3
1016,1094,3
1016,1277,3
1016,1376,3
1017,1452,3
1018,1151,3
1018,1196,3
1018,1585,3
1019,1142,3
1021,1148,3
1021,1337,3
1022,1108,3
1022,1561,3
1026,1304,3
1028,1275,3
1028,1446,3
1030,1293,3
1030,1305,3
1032,1041,3
1034,1174,3
1034,1394,3
1035,1416,3
1039,1283,3
1041,1565,3
1044,1212,3
1045,1109,3
1045,1491,3
1046,1194,3
1048,1480,3
1049,1108,3
1050,1116,3
1052,1242,3
1053,1233,3
1055,1447,3
1056,1320,3
1057,1276,3
1060,1321,3
1060,1379,3
1062,1513,3
1063,1382,3
1063,1591,3
1065,1397,3
1066,1101,3
1069,1257,3
1070,1075,3
1070,1153,3
1070,1284,3
1071,1405,3
1072,1591,3
1074,1442,3
1077,1082,3
1077,1499,3
1079,1521,3
1080,1419,3
1080,1596,3
1081,1144,3
1082,1487,3
1083,1493,3
1084,1327,3
1086,1434,3
1088,1346,3
1089,1195,3
1089,1257,3
1089,1551,3
1091,1118,3
1092,1470,3
1094,1152,3
1099,1583,3
1101,1197,3
1101,1270,3
1102,1591,3
1106,1606,3
1107,1589,3
1109,1141,3
1109,1320,3
1110,1578,3
1112,1429,3
1114,1280,3
1115,1372,3
1116,1492,3
1116,1602,3
1117,1327,3
1118,1426,3
1120,1409,3
1122,1450,3
1122,1456,3
1123,1216,3
1125,1132,3
1125,1257,3
1127,1245,3
1127,1310,3
1127,1319,3
1128,1497,3
1138,1270,3
1138,1480,3
1141,1452,3
1143,1357,3
1145,1448,3
1145,1460,3
1146,1641,3
1147,1164,3
1147,1564,3
1147,1572,3
1149,1475,3
1150,1558,3
1152,1221,3
1155,1568,3
1158,1322,3
1163,1621,3
1164,1552,3
1165,1288,3
1174,1293,3
1175,1407,3
1176,1379,3
1176,1574,3
1178,1327,3
1178,1453,3
1181,1246,3
1181,1262,3
1181,1324,3
1184,1385,3
1188,1620,3
1192,1198,3
1193,1607,3
1195,1621,3
1196,1426,3
1200,1381,3
1200,1468,3
1200,1497,3
1202,1607,3
1203,1609,3
1204,1418,3
1206,1207,3
1206,1462,3
1206,1538,3
1211,1539,3
1212,1350,3
1212,1471,3
1213,1442,3
1213,1623,3
1216,1425,3
1218,1350,3
1218,1630,3
1220,1575,3
1222,1496,3
1224,1394,3
1228,1534,3
1232,1482,3
1237,1286,3
1238,1568,3
1240,1361,3
1240,1599,3
1241,1388,3
1242,1470,3
1242,1598,3
1243,1307,3
1251,1308,3
1251,1514,3
1253,1318,3
1255,1625,3
1256,1296,3
1260,1531,3
1261,1325,3
1261,1361,3
1261,1440,3
1265,1443,3
1273,1336,3
1273,1381,3
1274,1490,3
1274,1494,3
1274,1539,3
1274,1591,3
1283,1354,3
1286,1489,3
1290,1440,3
1291,1518,3
1293,1295,3
1293,1396,3
1294,1587,3
1295,1539,3
1297,1430,3
1302,1525,3
1303,1578,3
1304,1455,3
1305,1573,3
1306,1363,3
1306,1440,3
1307,1636,3
1308,1619,3
1309,1404,3
1313,1334,3
1315,1318,3
1316,1369,3
1319,1509,3
1334,1424,3
1335,1426,3
1336,1360,3
1336,1596,3
1337,1351,3
1337,1353,3
1338,1474,3
1340,1342,3
1344,1536,3
1347,1559,3
1350,1462,3
1353,1533,3
1354,1540,3
1355,1400,3
1358,1639,3
1367,1512,3
1368,1452,3
1371,1480,3
1376,1614,3
1379,1482,3
1381,1527,3
1383,1612,3
1384,1572,3
1391,1615,3
1398,1427,3
1404,1425,3
1409,1509,3
1410,1571,3
1419,1488,3
1422,1587,3
1424,1598,3
1427,1580,3
1441,1484,3
1455,1575,3
1461,1585,3
1464,1527,3
1464,1607,3
1471,1593,3
1478,1575,3
1485,1582,3
1495,1568,3
1507,1609,3
1514,1555,3
1527,1532,3
1530,1573,3
1542,1568,3
1546,1550,3
1547,1625,3
1549,1611,3
1555,1579,3
1555,1597,3
1562,1583,3
1572,1620,3
1612,1623,3
