0,166,1
0,200,1
0,290,1
0,498,1
0,848,1
0,918,1
935,0,0
987,0,0
0,988,1
0,1124,1
0,1129,1
0,1161,1
0,1301,1
1362,0,0
0,1426,1
0,1436,0
1,26,1
1,621,0
662,1,0
1,701,1
1,1069,1
1,1152,1
1,1176,1
1,1220,1
1,1262,1
1,1277,1
1,1352,1
1,1414,1
1,1599,1
509,2,0
2,548,1
2,827,1
2,1251,1
2,1287,1
2,1464,0
2,1490,1
2,1491,1
2,1535,1
222,3,0
3,249,1
3,258,1
3,319,1
687,3,0
3,1095,0
3,1322,1
1340,3,0
116,4,0
234,4,0
4,819,1
5,495,1
5,1042,1
5,1231,1
5,1298,0
5,1400,1
6,326,1
6,1207,1
1536,6,0
22,7,0
7,179,1
7,204,1
7,284,1
345,7,0
399,7,0
7,484,1
555,7,0
7,562,1
581,7,0
590,7,0
7,772,1
7,776,1
778,7,0
822,7,0
7,842,1
7,936,1
7,940,1
7,973,1
7,1122,1
7,1159,1
1180,7,0
1394,7,0
1458,7,0
7,1503,1
8,62,0
9,210,1
9,298,1
9,497,1
9,653,0
994,9,0
9,1084,1
9,1311,1
10,175,1
10,253,0
10,279,1
10,303,0
314,10,0
316,10,0
318,10,0
381,10,0
389,10,0
390,10,0
10,437,1
10,464,1
10,489,1
10,516,1
10,529,1
642,10,0
10,683,1
10,698,1
10,705,1
10,746,1
10,828,1
10,866,1
10,895,1
10,906,1
925,10,0
10,951,1
10,969,1
10,981,1
10,996,1
10,1008,1
10,1022,1
1028,10,0
10,1047,1
1054,10,0
10,1134,1
10,1143,1
10,1221,1
10,1226,1
1234,10,0
1235,10,0
10,1237,1
10,1427,1
10,1469,1
10,1504,1
10,1532,1
10,1553,1
10,1554,1
10,1560,1
10,1580,1
1628,10,0
11,77,1
11,243,1
11,319,1
11,460,1
475,11,0
11,496,1
11,604,0
11,628,1
632,11,0
11,680,1
11,716,1
11,726,1
11,745,1
11,805,1
836,11,0
11,858,1
11,1188,1
1191,11,0
1204,11,0
11,1213,1
1225,11,0
11,1242,1
11,1585,1
12,22,1
34,12,0
12,211,1
12,241,1
12,242,1
12,300,1
12,370,1
386,12,0
12,404,1
409,12,0
431,12,0
12,458,1
490,12,0
12,583,1
644,12,0
645,12,0
12,654,1
12,673,1
12,721,1
748,12,0
12,749,1
12,753,1
12,804,1
12,832,1
12,869,1
930,12,0
976,12,0
12,1095,1
1123,12,0
12,1180,1
1260,12,0
1266,12,0
12,1288,1
1314,12,0
12,1326,1
12,1349,1
12,1355,1
1366,12,0
1373,12,0
1443,12,0
12,1463,1
12,1517,1
12,1527,1
12,1543,1
1571,12,0
12,1589,1
12,1609,1
12,1642,1
65,13,0
13,294,1
13,349,1
13,488,1
13,719,0
13,747,1
13,1462,0
13,1597,1
14,215,1
14,289,1
14,876,0
14,914,1
14,932,1
14,1085,1
14,1140,0
14,1160,0
14,1168,0
14,1401,1
14,1577,0
15,108,1
114,15,0
118,15,0
15,201,0
15,307,1
315,15,0
15,328,1
15,425,0
15,444,1
525,15,0
15,686,1
15,757,1
824,15,0
15,852,1
15,887,1
15,929,0
15,1011,1
1063,15,0
15,1133,1
1228,15,0
15,1240,1
15,1280,1
15,1282,1
15,1367,1
15,1377,1
15,1379,1
15,1439,1
15,1577,0
1608,15,0
16,236,1
16,455,1
17,103,1
17,325,0
17,636,0
17,1363,0
18,309,1
18,479,1
18,572,1
18,614,1
18,723,0
732,18,0
1112,18,0
18,1272,1
1369,18,0
135,19,0
19,234,0
19,328,0
19,825,0
19,844,1
860,19,0
19,1073,0
19,1170,1
20,17,1
20,475,1
20,612,1
20,804,0
829,20,0
20,1446,1
1606,20,0
21,124,0
21,252,1
21,333,1
375,21,0
21,513,1
1251,21,0
22,399,1
555,22,0
22,776,1
22,778,1
22,822,1
22,827,0
1106,22,0
1159,22,0
23,50,0
23,214,1
23,483,1
23,736,0
761,23,0
23,1120,0
23,1255,1
23,1436,1
1596,23,0
24,48,0
24,1029,1
24,1181,1
24,1453,1
25,329,1
25,500,1
25,543,1
25,622,1
25,646,1
25,675,0
25,740,1
25,1298,1
25,1603,1
26,56,1
26,178,0
26,1536,0
27,89,0
27,364,1
27,802,1
27,835,0
27,887,1
27,1182,1
1249,27,0
27,1431,1
28,1086,0
394,29,0
29,689,1
1122,29,0
29,1307,1
30,125,1
30,454,1
30,823,1
30,1167,1
30,1368,1
205,31,0
31,250,1
423,31,0
554,31,0
31,729,1
31,1004,0
1013,31,0
1168,31,0
1210,31,0
31,1308,1
31,1315,1
31,1335,1
1341,31,0
1353,31,0
32,16,1
32,841,1
32,1231,0
32,1248,1
32,1296,1
33,240,1
33,874,1
886,33,0
33,1157,1
1187,33,0
33,1342,1
89,34,0
34,226,1
34,501,1
34,563,1
34,614,1
794,34,0
815,34,0
34,931,1
34,1106,1
34,1194,1
34,1305,1
34,1323,1
34,1388,0
1565,34,0
1606,34,0
35,78,1
35,319,1
35,442,1
647,35,0
789,35,0
35,853,1
35,1148,1
1618,35,0
36,164,1
178,36,0
36,247,1
248,36,0
263,36,0
36,301,1
421,36,0
542,36,0
635,36,0
36,795,1
815,36,0
36,841,1
950,36,0
36,955,1
36,974,1
36,1018,1
36,1231,0
1296,36,0
1308,36,0
1363,36,0
37,68,0
197,37,0
37,285,1
37,341,1
37,526,1
37,787,1
37,840,1
37,1060,1
1233,37,0
1263,37,0
37,1451,1
38,57,1
249,38,0
38,350,0
38,391,1
38,417,0
38,602,1
666,38,0
793,38,0
38,943,1
38,1033,1
1046,38,0
38,1261,1
38,1570,1
39,944,0
40,168,1
273,40,0
40,683,1
40,705,1
40,1007,1
1060,40,0
40,1065,1
40,1221,1
40,1349,1
40,1532,1
41,187,1
41,277,1
318,41,0
41,607,1
41,802,0
41,821,1
41,1114,1
41,1375,0
4,42,0
42,202,1
42,234,1
42,244,1
42,342,1
42,431,1
498,42,0
42,517,0
522,42,0
42,567,1
602,42,0
42,643,1
42,666,1
693,42,0
42,710,1
42,882,1
42,886,1
890,42,0
42,933,1
942,42,0
42,943,1
42,1002,1
42,1046,1
1113,42,0
42,1201,1
1202,42,0
42,1222,1
42,1238,1
1330,42,0
1378,42,0
42,1383,1
42,1402,1
42,1500,1
42,1584,1
42,1588,1
42,1600,1
42,1614,1
43,160,1
207,43,0
43,214,0
43,313,1
43,327,1
367,43,0
43,383,1
43,392,1
485,43,0
43,518,1
43,574,1
596,43,0
43,616,1
43,637,1
43,649,1
43,747,1
43,820,1
856,43,0
867,43,0
43,875,0
942,43,0
43,946,1
43,953,1
43,993,1
1004,43,0
1014,43,0
1032,43,0
1044,43,0
43,1192,1
43,1289,1
43,1324,1
43,1392,1
43,1479,1
43,1481,1
1489,43,0
1492,43,0
43,1511,1
1568,43,0
43,1630,1
44,407,0
456,44,0
623,44,0
729,44,0
739,44,0
44,1107,0
44,1138,1
1139,44,0
44,1406,1
44,1590,1
44,1591,1
45,651,0
45,920,0
45,1301,0
47,201,1
47,252,1
295,47,0
305,47,0
354,47,0
47,364,1
47,397,1
47,441,1
47,461,1
47,517,1
47,536,1
584,47,0
592,47,0
47,599,1
604,47,0
658,47,0
47,678,0
47,697,1
699,47,0
47,710,1
47,715,1
718,47,0
47,834,1
839,47,0
47,846,1
47,887,1
47,954,1
47,964,1
47,971,1
47,980,1
1005,47,0
47,1015,1
1087,47,0
47,1098,1
47,1102,1
47,1119,1
47,1177,1
47,1183,1
47,1250,1
1316,47,0
47,1318,1
1360,47,0
1365,47,0
47,1390,1
47,1397,1
1410,47,0
47,1418,1
47,1487,1
47,1528,1
47,1534,1
47,1552,1
47,1556,1
1575,47,0
47,1587,1
118,48,0
48,222,0
48,281,1
48,482,0
674,48,0
795,48,0
48,883,1
977,48,0
48,987,1
48,1239,1
48,1362,1
48,1470,1
48,1502,1
49,128,1
49,233,1
49,783,1
49,1146,1
49,1205,1
49,1285,0
49,1320,0
1345,49,0
49,1361,1
1384,49,0
49,1465,1
49,1594,1
49,1605,0
49,1617,1
141,50,0
50,287,1
50,334,1
50,428,1
50,530,0
50,606,1
619,50,0
641,50,0
50,851,1
50,855,1
942,50,0
1459,50,0
50,1505,0
50,1548,1
1614,50,0
51,77,1
164,51,0
178,51,0
51,247,1
263,51,0
51,301,1
363,51,0
51,391,1
51,432,1
51,462,1
51,478,1
51,576,1
51,635,1
51,690,1
51,766,1
795,51,0
841,51,0
51,950,1
51,955,1
51,997,1
51,1018,1
51,1061,1
1114,51,0
51,1170,1
51,1203,1
1211,51,0
51,1264,1
51,1296,1
51,1363,1
51,1462,1
51,1611,1
52,310,1
559,52,0
52,703,1
1068,52,0
52,1115,0
1274,52,0
52,1294,0
53,444,0
53,450,0
53,942,1
1469,53,0
54,777,0
54,914,1
1085,54,0
55,1505,0
56,209,1
56,223,1
56,730,1
56,1320,1
1423,56,0
56,1557,1
57,79,0
57,255,1
358,57,0
57,365,1
57,438,1
57,466,1
713,57,0
57,897,1
57,1110,1
57,1164,1
57,1315,1
57,1422,1
1576,57,0
58,117,1
58,229,1
293,58,0
58,369,1
58,443,1
58,451,1
58,586,0
58,604,1
58,712,1
58,798,1
1021,58,0
58,1156,1
1380,58,0
58,1403,0
1516,58,0
59,515,0
60,1012,0
60,1179,0
60,1456,0
61,359,1
493,61,0
61,816,1
61,901,1
62,185,1
62,351,1
402,62,0
62,833,1
62,910,1
1065,62,0
62,1117,1
62,1149,1
62,1158,1
62,1275,1
62,1449,1
117,63,0
63,384,0
63,614,1
630,63,0
64,200,1
64,900,1
1305,64,0
65,249,1
65,520,1
65,549,1
744,65,0
800,65,0
65,888,1
65,1070,0
1086,65,0
65,1167,1
1218,65,0
1249,65,0
65,1417,1
66,193,0
66,479,0
66,1390,0
66,1629,0
67,253,1
67,397,1
67,417,0
67,470,1
67,479,0
67,510,1
67,520,1
67,576,0
67,844,1
908,67,0
67,975,1
67,1126,1
67,1268,1
1360,67,0
67,1452,1
68,254,1
68,678,1
68,723,0
892,68,0
68,1219,1
68,1490,1
1505,68,0
68,1620,1
69,114,1
69,118,1
1415,69,0
70,44,1
70,103,1
70,209,0
70,459,1
470,70,0
755,70,0
70,935,1
70,938,0
70,945,1
70,987,1
70,989,1
70,1124,1
70,1273,1
70,1301,1
1419,70,0
70,1529,1
71,247,1
71,357,1
71,697,0
71,1273,1
402,72,0
72,457,1
72,532,1
960,72,0
72,1127,0
1452,72,0
72,1604,1
73,51,1
73,529,1
620,73,0
73,897,1
73,947,1
73,974,1
74,102,1
221,74,0
235,74,0
74,335,1
645,74,0
74,949,1
74,956,1
1294,74,0
74,1523,1
1537,74,0
74,1538,1
1545,74,0
74,1639,1
75,194,1
75,195,1
75,312,1
440,75,0
75,896,1
75,1006,1
1471,75,0
1497,75,0
76,114,1
76,1079,0
76,1172,0
76,1564,1
77,64,1
82,77,0
91,77,0
118,77,0
77,237,1
239,77,0
77,243,1
77,257,1
77,261,1
77,291,1
384,77,0
412,77,0
414,77,0
446,77,0
77,451,1
475,77,0
77,510,1
77,512,1
77,519,1
538,77,0
77,539,1
77,557,1
77,564,1
77,585,1
77,587,1
77,593,1
77,618,1
77,628,1
77,639,1
77,650,1
77,675,1
77,688,1
691,77,0
77,696,1
77,726,1
77,767,1
77,805,1
77,858,1
77,868,1
892,77,0
77,893,1
912,77,0
923,77,0
948,77,0
77,1000,1
77,1010,1
77,1012,1
1021,77,0
77,1045,1
77,1067,1
77,1093,1
77,1097,1
1126,77,0
77,1153,1
1156,77,0
1191,77,0
1212,77,0
77,1284,1
77,1293,1
77,1310,1
77,1321,1
77,1332,1
1356,77,0
77,1363,1
77,1385,1
77,1398,1
77,1406,1
77,1455,1
1519,77,0
77,1525,1
77,1526,1
77,1539,1
77,1558,1
1579,77,0
1582,77,0
77,1615,1
1616,77,0
78,84,1
78,93,1
78,891,0
78,952,0
78,956,1
78,1198,1
155,79,0
79,433,1
79,506,1
79,651,1
79,700,0
1224,79,0
79,1414,1
1506,79,0
169,80,0
80,1162,1
81,229,1
81,803,1
81,810,1
81,1357,1
1411,81,0
82,67,1
218,82,0
82,246,1
82,334,0
82,552,1
82,632,1
82,704,1
82,773,1
776,82,0
82,818,1
82,884,1
82,1213,1
1270,82,0
1453,82,0
82,1454,1
82,1626,1
83,2,1
31,83,0
83,33,1
41,83,0
83,98,1
83,100,1
83,120,1
83,128,1
138,83,0
149,83,0
83,152,1
83,175,1
183,83,0
83,205,1
216,83,0
219,83,0
83,224,1
83,227,1
83,251,1
83,260,1
265,83,0
83,267,1
269,83,0
83,275,1
279,83,0
283,83,0
83,286,1
83,289,1
83,291,1
83,292,1
83,314,1
83,330,1
336,83,0
341,83,0
342,83,0
83,347,1
349,83,0
83,353,1
83,357,1
83,362,1
83,368,1
371,83,0
83,376,1
83,387,1
83,393,1
410,83,0
417,83,0
83,423,1
426,83,0
83,430,1
83,437,1
83,440,1
83,446,1
83,453,1
463,83,0
83,466,1
83,472,1
83,473,1
489,83,0
492,83,0
83,502,1
83,504,1
83,505,1
83,509,1
510,83,0
522,83,0
83,523,1
529,83,0
83,533,1
83,539,1
540,83,0
541,83,0
83,544,1
83,554,1
555,83,0
83,560,1
83,564,1
568,83,0
83,589,1
591,83,0
598,83,0
83,601,1
613,83,0
83,615,1
83,627,1
643,83,0
656,83,0
83,659,1
661,83,0
83,663,1
83,684,1
687,83,0
83,691,1
694,83,0
696,83,0
83,698,1
722,83,0
83,724,1
728,83,0
83,731,1
83,735,1
765,83,0
83,770,1
774,83,0
83,777,1
83,781,1
792,83,0
807,83,0
810,83,0
83,811,1
813,83,0
83,817,1
822,83,0
83,827,1
83,838,1
83,843,1
849,83,0
850,83,0
83,858,1
83,859,1
862,83,0
866,83,0
83,871,1
83,880,1
885,83,0
889,83,0
83,891,1
83,894,1
925,83,0
933,83,0
83,934,1
83,938,1
83,948,1
83,951,1
952,83,0
83,963,1
965,83,0
83,978,1
83,984,1
83,996,1
83,1009,1
1013,83,0
83,1016,1
1032,83,0
83,1042,1
83,1043,1
83,1050,1
83,1054,1
1055,83,0
83,1071,1
83,1075,1
83,1077,1
83,1079,1
1103,83,0
83,1106,1
83,1116,1
1122,83,0
1130,83,0
1143,83,0
83,1144,1
1152,83,0
1153,83,0
83,1159,1
1168,83,0
83,1171,1
1187,83,0
83,1194,1
83,1202,1
83,1204,1
83,1226,1
83,1229,1
83,1232,1
83,1234,1
83,1235,1
83,1237,1
1243,83,0
1244,83,0
1245,83,0
83,1249,1
83,1262,1
1274,83,0
1277,83,0
1281,83,0
1283,83,0
83,1290,1
83,1303,1
83,1305,1
83,1306,1
83,1309,1
83,1315,1
83,1321,1
1324,83,0
83,1325,1
83,1327,1
83,1329,1
83,1331,1
83,1341,1
1342,83,0
83,1346,1
83,1348,1
83,1353,1
83,1367,1
83,1374,1
1375,83,0
83,1376,1
83,1389,1
83,1398,1
83,1406,1
1412,83,0
1413,83,0
1420,83,0
1445,83,0
83,1448,1
83,1460,1
1461,83,0
1468,83,0
83,1470,1
1477,83,0
83,1481,1
83,1484,1
83,1491,1
83,1496,1
1497,83,0
83,1504,1
83,1508,1
83,1510,1
83,1515,1
1518,83,0
1535,83,0
83,1539,1
1542,83,0
1547,83,0
83,1555,1
83,1569,1
83,1578,1
83,1582,1
83,1599,1
1600,83,0
83,1601,1
1613,83,0
83,1615,1
1616,83,0
83,1623,1
83,1625,1
1628,83,0
1630,83,0
1632,83,0
84,584,0
84,813,1
84,1189,0
84,1486,0
85,112,1
85,174,0
238,85,0
85,835,1
854,85,0
85,862,1
85,897,1
1128,85,0
85,1282,1
86,419,1
538,86,0
86,902,1
86,1062,1
1183,86,0
86,1359,1
87,79,1
87,160,1
87,268,1
415,87,0
433,87,0
506,87,0
87,508,1
602,87,0
87,638,1
87,697,0
87,743,1
847,87,0
87,943,1
947,87,0
87,1107,1
1125,87,0
87,1146,0
1181,87,0
87,1350,1
1414,87,0
1506,87,0
87,1570,1
87,1573,0
88,882,0
89,1090,1
1120,89,0
1247,89,0
89,1288,1
1314,89,0
89,1516,0
90,142,1
90,306,1
90,322,1
90,324,1
90,553,1
90,617,1
90,799,1
863,90,0
1133,90,0
90,1236,1
1291,90,0
90,1391,1
90,1475,1
90,1604,1
90,1633,1
91,219,1
91,229,1
91,340,1
91,355,1
91,357,1
360,91,0
405,91,0
422,91,0
430,91,0
91,435,1
91,501,1
91,507,1
527,91,0
737,91,0
91,779,1
91,810,1
864,91,0
91,983,1
91,991,1
91,1038,1
91,1059,1
91,1140,1
1268,91,0
91,1286,1
1295,91,0
1429,91,0
1524,91,0
1549,91,0
1595,91,0
92,289,0
92,871,0
92,916,1
92,1059,0
1142,92,0
92,1636,1
93,431,1
93,1100,0
93,1295,1
93,1549,1
94,198,1
94,199,1
94,220,1
234,94,0
94,241,1
94,306,1
94,374,1
94,401,1
94,430,0
94,469,1
551,94,0
94,627,0
94,844,1
94,980,0
94,995,1
1019,94,0
94,1025,1
1051,94,0
1072,94,0
1095,94,0
94,1105,1
94,1106,1
94,1132,1
94,1155,1
94,1169,1
94,1194,1
94,1202,0
94,1217,1
94,1223,1
1260,94,0
1366,94,0
94,1430,1
94,1454,1
94,1549,1
94,1609,1
109,95,0
95,134,1
95,281,1
95,494,1
95,591,0
95,674,1
883,95,0
95,940,0
95,1115,1
1239,95,0
95,1480,1
96,176,0
419,96,0
96,471,1
96,903,1
1017,96,0
96,1063,1
1092,96,0
96,1160,1
96,1175,1
96,1189,1
96,1254,0
96,1522,1
1566,96,0
97,15,1
97,439,1
97,530,1
709,97,0
97,762,1
97,1166,1
1514,97,0
98,125,1
98,128,1
98,387,0
98,783,1
98,909,0
1040,98,0
98,1205,1
98,1211,0
98,1388,1
1396,98,0
98,1440,1
98,1465,1
1533,98,0
1617,98,0
99,5,1
99,115,1
185,99,0
211,99,0
220,99,0
99,301,1
99,370,1
99,409,1
99,474,1
99,588,1
99,603,1
605,99,0
99,644,1
99,672,1
99,773,1
99,791,1
832,99,0
99,841,1
99,901,1
955,99,0
99,1018,1
1101,99,0
99,1164,1
99,1284,1
1288,99,0
1296,99,0
99,1349,1
99,1425,1
1593,99,0
99,1639,1
100,183,1
100,275,1
316,100,0
318,100,0
349,100,0
100,372,1
659,100,0
746,100,0
100,906,1
100,909,1
963,100,0
969,100,0
1071,100,0
100,1134,1
100,1222,1
100,1342,1
100,1477,1
100,1554,1
101,172,1
101,1188,1
102,202,1
102,1584,1
103,621,0
103,758,0
103,1077,1
103,1338,0
1441,103,0
104,258,0
104,392,1
104,510,1
104,1246,1
105,277,0
105,543,1
784,105,0
1395,105,0
105,1543,0
106,354,0
511,106,0
558,106,0
106,629,1
106,683,0
106,1436,0
106,1510,1
1622,106,0
107,127,0
826,107,0
107,1549,0
107,1588,1
107,1603,1
107,1610,1
108,210,1
444,108,0
108,483,1
108,548,1
607,108,0
108,797,1
108,1108,1
108,1195,0
1254,108,0
108,1280,1
108,1405,1
108,1410,0
109,107,1
109,177,1
109,180,1
186,109,0
109,196,1
217,109,0
109,228,1
109,243,1
275,109,0
109,276,1
109,309,0
109,316,1
318,109,0
109,331,1
109,376,1
378,109,0
109,389,1
410,109,0
109,420,1
109,454,1
505,109,0
510,109,0
109,520,0
109,526,1
565,109,0
109,566,1
628,109,0
109,631,1
653,109,0
109,681,1
109,726,1
752,109,0
109,753,1
109,765,1
780,109,0
813,109,0
109,850,1
109,868,1
109,876,1
885,109,0
109,906,1
109,917,1
109,958,1
963,109,0
109,968,1
109,969,1
109,1020,1
1073,109,0
1077,109,0
1082,109,0
1103,109,0
109,1144,1
1155,109,0
1157,109,0
109,1191,1
109,1192,1
1229,109,0
109,1241,1
109,1247,1
1279,109,0
1312,109,0
109,1328,1
1350,109,0
109,1387,1
109,1393,1
109,1420,1
1444,109,0
109,1472,1
109,1494,1
109,1498,1
109,1509,1
109,1512,1
109,1531,1
109,1623,1
109,1624,1
109,1631,1
110,314,1
110,380,1
437,110,0
110,547,1
817,110,0
110,828,1
110,1545,0
110,1628,1
111,163,1
111,269,1
438,111,0
878,111,0
111,1023,0
1145,111,0
1292,111,0
299,112,0
112,417,1
112,1069,1
112,1429,0
1521,112,0
114,223,1
114,265,1
279,114,0
114,296,1
114,348,1
114,360,0
372,114,0
373,114,0
114,377,1
114,393,1
114,406,1
114,448,1
464,114,0
114,489,1
114,521,1
114,537,1
114,556,1
114,586,1
114,597,1
114,640,1
114,648,1
114,664,1
114,668,1
114,708,1
114,753,1
768,114,0
808,114,0
114,813,1
114,850,1
114,856,1
114,865,1
114,885,1
114,895,1
114,910,1
996,114,0
1008,114,0
114,1025,0
114,1026,1
114,1041,1
1054,114,0
114,1074,1
114,1078,1
114,1115,1
114,1127,1
1136,114,0
114,1141,1
114,1151,1
114,1172,1
114,1198,1
1220,114,0
1222,114,0
1234,114,0
114,1235,1
114,1237,1
114,1262,1
114,1317,1
1339,114,0
1374,114,0
114,1393,1
114,1409,1
1420,114,0
114,1437,1
114,1446,1
114,1480,1
114,1504,1
114,1529,1
114,1573,1
114,1635,1
114,1637,1
114,1638,1
292,115,0
115,315,1
115,382,1
656,115,0
115,752,0
115,1124,1
115,1280,1
1332,115,0
115,1460,1
1518,115,0
116,121,0
116,209,0
116,486,1
116,577,1
1094,116,0
1206,116,0
116,1371,1
116,1495,1
117,442,1
117,584,1
117,647,1
117,789,1
117,791,1
117,885,0
117,1618,1
118,200,1
348,118,0
373,118,0
118,377,1
118,393,1
118,488,1
118,489,1
118,494,1
521,118,0
118,556,1
118,586,1
118,597,1
648,118,0
708,118,0
118,753,1
118,808,1
813,118,0
118,850,1
865,118,0
118,866,1
885,118,0
118,895,1
118,910,1
118,930,0
951,118,0
996,118,0
118,1008,1
1074,118,0
1078,118,0
118,1093,0
118,1115,1
118,1136,1
118,1141,1
1143,118,0
118,1151,1
118,1220,1
118,1222,1
118,1229,1
118,1235,1
118,1262,1
118,1296,0
118,1317,1
118,1339,1
1374,118,0
118,1420,1
118,1425,1
118,1427,1
118,1446,1
118,1472,1
118,1498,1
1504,118,0
118,1512,1
118,1637,1
118,1638,1
119,1,1
2,119,0
119,4,1
11,119,0
119,12,1
119,18,1
26,119,0
119,31,1
119,56,1
119,57,1
119,61,1
119,62,1
90,119,0
119,96,1
108,119,0
112,119,0
119,114,1
116,119,0
119,118,1
121,119,0
119,125,1
134,119,0
141,119,0
119,149,1
119,151,1
164,119,0
119,168,1
119,170,1
119,180,1
119,183,1
185,119,0
119,188,1
192,119,0
194,119,0
195,119,0
119,199,1
202,119,0
119,205,1
119,209,1
119,230,1
119,231,1
119,234,1
119,237,1
119,238,1
119,240,1
119,244,1
119,253,1
256,119,0
119,287,1
291,119,0
119,299,1
119,302,1
119,312,1
119,320,1
119,324,1
331,119,0
119,333,1
119,334,1
119,336,1
119,342,1
344,119,0
361,119,0
119,374,1
119,385,1
395,119,0
119,405,1
411,119,0
119,414,1
419,119,0
119,423,1
119,428,1
433,119,0
119,444,1
454,119,0
119,456,1
119,457,1
119,467,1
119,471,1
119,477,1
119,481,1
486,119,0
119,491,1
119,493,1
119,494,1
119,495,1
500,119,0
119,503,1
119,506,1
119,508,1
119,515,1
119,528,1
531,119,0
119,532,1
119,541,1
119,546,1
119,551,1
119,553,1
570,119,0
119,576,1
577,119,0
578,119,0
119,593,1
119,596,1
119,600,1
119,602,1
119,606,1
609,119,0
119,611,1
119,614,1
617,119,0
119,626,1
119,642,1
119,652,1
655,119,0
119,658,1
662,119,0
119,666,1
119,669,1
119,674,1
675,119,0
676,119,0
119,677,1
683,119,0
119,685,1
119,693,1
119,696,1
701,119,0
119,711,1
713,119,0
119,714,1
119,721,1
119,723,1
119,727,1
729,119,0
119,730,1
738,119,0
119,754,1
119,756,1
764,119,0
119,769,1
777,119,0
783,119,0
119,788,1
789,119,0
793,119,0
119,794,1
798,119,0
802,119,0
119,807,1
812,119,0
119,816,1
818,119,0
119,823,1
119,826,1
827,119,0
119,830,1
119,835,1
119,844,1
119,848,1
853,119,0
854,119,0
119,855,1
119,857,1
119,859,1
861,119,0
863,119,0
119,868,1
877,119,0
119,879,1
119,883,1
886,119,0
119,893,1
119,896,1
119,897,1
119,898,1
119,900,1
119,912,1
920,119,0
119,923,1
119,927,1
119,928,1
929,119,0
119,931,1
119,932,1
119,944,1
119,948,1
119,950,1
953,119,0
957,119,0
119,959,1
119,960,1
119,962,1
119,966,1
119,970,1
979,119,0
119,986,1
119,990,1
1003,119,0
1007,119,0
1010,119,0
119,1013,1
1017,119,0
1022,119,0
1023,119,0
1029,119,0
119,1033,1
1034,119,0
119,1040,1
119,1044,1
1065,119,0
119,1071,1
1079,119,0
119,1080,1
119,1085,1
1092,119,0
119,1100,1
1107,119,0
119,1109,1
1121,119,0
1132,119,0
119,1138,1
1139,119,0
1142,119,0
119,1146,1
1148,119,0
1149,119,0
119,1152,1
119,1153,1
119,1158,1
119,1163,1
1164,119,0
1168,119,0
1176,119,0
119,1181,1
119,1185,1
1186,119,0
119,1189,1
119,1193,1
1194,119,0
119,1196,1
119,1197,1
119,1200,1
1202,119,0
1206,119,0
119,1217,1
1221,119,0
1224,119,0
119,1236,1
1238,119,0
119,1261,1
119,1262,1
119,1263,1
1274,119,0
1277,119,0
119,1280,1
119,1284,1
119,1287,1
119,1291,1
119,1293,1
119,1303,1
119,1305,1
119,1315,1
1319,119,0
119,1320,1
119,1323,1
1332,119,0
119,1334,1
1341,119,0
119,1342,1
119,1350,1
119,1353,1
119,1368,1
119,1371,1
119,1382,1
119,1384,1
119,1391,1
119,1400,1
119,1413,1
119,1421,1
119,1423,1
1438,119,0
119,1442,1
119,1445,1
119,1449,1
1454,119,0
119,1456,1
119,1457,1
119,1459,1
119,1464,1
119,1471,1
1478,119,0
119,1479,1
119,1491,1
119,1495,1
119,1497,1
119,1500,1
1513,119,0
119,1515,1
119,1516,1
119,1517,1
1521,119,0
1522,119,0
119,1526,1
1535,119,0
1544,119,0
119,1546,1
119,1551,1
119,1553,1
119,1555,1
119,1558,1
119,1566,1
119,1568,1
119,1569,1
1570,119,0
1579,119,0
119,1584,1
1599,119,0
1600,119,0
119,1604,1
119,1607,1
119,1610,1
119,1612,1
1616,119,0
119,1618,1
119,1621,1
119,1629,1
119,1633,1
1636,119,0
1639,119,0
1640,119,0
119,1641,1
9,120,0
120,105,1
120,128,1
120,130,1
211,120,0
120,216,1
120,221,1
235,120,0
249,120,0
267,120,0
270,120,0
120,271,1
120,333,1
120,335,1
120,347,1
120,366,1
120,387,1
120,390,1
120,391,1
120,409,1
414,120,0
120,422,1
120,442,1
446,120,0
120,473,1
120,479,1
120,514,1
520,120,0
120,522,1
120,523,1
120,549,1
568,120,0
120,572,1
580,120,0
592,120,0
644,120,0
120,647,1
120,657,1
120,661,1
120,662,1
120,687,1
120,696,1
120,730,1
732,120,0
120,759,1
774,120,0
120,777,1
784,120,0
800,120,0
807,120,0
120,843,1
120,849,1
120,862,1
120,886,1
888,120,0
948,120,0
954,120,0
120,956,1
120,972,1
120,981,1
1009,120,0
120,1013,1
120,1042,1
120,1043,1
120,1047,1
120,1058,1
120,1064,1
1086,120,0
1148,120,0
120,1152,1
120,1153,1
120,1167,1
120,1168,1
120,1200,1
120,1208,1
120,1210,1
120,1214,1
120,1218,1
120,1220,1
1231,120,0
120,1244,1
1262,120,0
120,1272,1
120,1281,1
120,1303,1
120,1306,1
120,1315,1
1321,120,0
120,1331,1
120,1341,1
120,1346,1
120,1349,1
120,1363,1
1369,120,0
120,1395,1
120,1398,1
120,1412,1
120,1416,1
1476,120,0
120,1539,1
120,1557,1
120,1558,1
1560,120,0
1584,120,0
120,1601,1
120,1616,1
120,1618,1
120,1619,1
120,1632,1
120,1638,1
121,108,1
121,161,1
315,121,0
757,121,0
121,784,1
795,121,0
121,805,1
1112,121,0
1190,121,0
121,1216,1
121,1280,1
1581,121,0
121,1639,1
122,415,1
122,508,1
122,515,1
723,122,0
122,926,1
122,970,1
1107,122,0
1546,122,0
122,1629,1
124,224,0
620,124,0
682,124,0
805,124,0
124,1124,1
15,125,0
396,125,0
125,657,1
125,671,1
125,702,1
823,125,0
125,922,1
125,930,1
125,948,1
991,125,0
125,1040,1
125,1049,1
125,1106,1
1194,125,0
125,1205,1
125,1265,1
1305,125,0
125,1356,1
125,1368,1
125,1465,1
125,1539,1
125,1596,0
125,1617,1
125,1620,1
259,126,0
126,352,1
126,438,1
126,465,1
651,126,0
126,1022,0
127,30,1
127,125,1
251,127,0
127,270,0
127,285,1
127,316,0
127,326,1
127,583,0
670,127,0
127,823,1
127,957,0
127,964,0
1258,127,0
127,1368,1
1466,127,0
128,289,1
128,414,1
624,128,0
128,639,0
128,751,1
128,783,1
128,823,1
874,128,0
128,1083,1
128,1128,1
128,1205,1
1265,128,0
128,1266,1
128,1354,0
128,1368,1
128,1388,1
128,1396,1
128,1440,1
128,1476,1
128,1533,1
128,1571,1
1617,128,0
129,270,1
129,436,1
129,442,1
129,643,1
130,270,1
130,352,0
850,130,0
130,1087,0
130,1138,0
130,1619,1
131,61,1
131,482,1
830,131,0
131,963,1
131,1082,1
1163,131,0
131,1313,0
131,1583,1
132,13,1
132,98,1
128,132,0
132,370,1
132,409,1
132,432,1
132,690,1
132,832,1
892,132,0
132,985,1
132,1110,1
132,1288,1
132,1295,1
1349,132,0
1549,132,0
1597,132,0
14,133,0
133,84,1
152,133,0
133,400,1
133,425,1
133,914,1
133,998,1
133,1024,1
133,1085,1
1352,133,0
133,1541,1
133,1598,0
494,134,0
134,674,1
847,134,0
134,901,0
1115,134,0
134,1122,0
134,1239,1
134,1480,1
135,14,1
15,135,0
135,31,1
54,135,0
65,135,0
135,114,1
161,135,0
135,185,1
135,241,1
135,256,0
135,272,1
135,281,1
317,135,0
135,320,1
135,338,1
135,342,1
135,379,1
135,398,1
135,403,1
135,415,1
135,416,1
135,424,1
430,135,0
135,447,1
468,135,0
135,480,1
135,564,1
135,610,1
620,135,0
135,629,1
630,135,0
135,655,1
135,657,1
135,674,1
135,686,1
135,702,1
135,720,1
135,725,1
742,135,0
135,745,1
767,135,0
135,772,1
135,783,1
790,135,0
795,135,0
135,802,1
824,135,0
831,135,0
135,833,1
135,856,1
857,135,0
135,868,1
881,135,0
135,883,1
898,135,0
135,905,1
931,135,0
936,135,0
940,135,0
1027,135,0
135,1085,1
1088,135,0
135,1091,1
1095,135,0
135,1111,1
1113,135,0
1118,135,0
135,1131,1
1147,135,0
135,1150,1
1158,135,0
1187,135,0
135,1202,1
1205,135,0
135,1207,1
1239,135,0
135,1257,1
1265,135,0
135,1271,1
135,1297,1
135,1299,1
1323,135,0
135,1327,1
135,1351,1
135,1370,1
135,1372,1
135,1399,0
1406,135,0
135,1415,1
1441,135,0
135,1449,1
135,1465,1
135,1472,1
1478,135,0
135,1483,1
135,1486,1
135,1498,1
135,1499,1
135,1507,1
135,1510,1
135,1536,1
135,1550,1
135,1561,1
135,1562,1
135,1563,1
135,1600,1
136,1,1
136,273,1
136,331,1
136,609,1
136,683,1
136,754,1
136,927,1
136,931,0
136,1221,1
136,1258,0
136,1532,1
137,214,1
137,230,1
481,137,0
137,495,0
137,877,1
137,1097,0
137,1121,1
137,1186,1
1319,137,0
137,1382,1
137,1464,1
137,1513,1
138,404,1
138,735,1
138,745,0
1367,138,0
1389,138,0
138,1468,1
675,139,0
858,139,0
139,900,1
1121,139,0
139,1163,0
139,1393,1
1404,139,0
139,1532,1
140,2,1
140,84,1
140,90,1
140,100,1
140,118,1
140,121,1
170,140,0
140,193,1
140,202,1
140,216,1
140,230,1
140,243,1
140,254,1
140,275,1
140,277,1
282,140,0
140,290,1
140,292,1
140,302,1
140,304,1
140,318,1
140,324,1
140,328,1
140,333,1
140,342,1
347,140,0
140,375,1
140,387,1
389,140,0
140,415,1
140,429,1
140,446,1
474,140,0
140,476,0
479,140,0
480,140,0
481,140,0
140,503,1
504,140,0
140,509,1
545,140,0
140,555,1
140,562,1
140,612,1
617,140,0
140,619,1
140,628,1
140,645,1
140,656,1
140,678,1
140,696,1
140,711,1
140,719,1
140,722,1
140,726,1
731,140,0
732,140,0
757,140,0
140,765,1
769,140,0
140,771,1
140,778,1
792,140,0
795,140,0
140,813,1
140,817,1
140,821,1
827,140,0
140,845,1
140,850,1
865,140,0
140,871,1
872,140,0
140,877,1
885,140,0
140,900,1
909,140,0
140,913,1
140,933,1
140,949,1
140,963,1
969,140,0
987,140,0
140,988,1
140,990,1
1013,140,0
140,1032,1
1042,140,0
1056,140,0
140,1062,1
140,1063,1
1075,140,0
140,1088,1
140,1106,1
140,1111,1
140,1121,1
1122,140,0
140,1130,1
1147,140,0
140,1153,1
140,1154,1
1159,140,0
140,1180,1
140,1186,1
140,1188,1
1191,140,0
140,1194,1
140,1195,1
140,1201,1
140,1202,1
1210,140,0
1219,140,0
140,1225,1
140,1229,1
1236,140,0
140,1238,1
140,1249,1
140,1251,1
140,1263,1
140,1272,1
1277,140,0
1282,140,0
140,1287,1
140,1291,1
140,1295,1
1300,140,0
1305,140,0
1309,140,0
1314,140,0
1315,140,0
1319,140,0
1326,140,0
1332,140,0
140,1341,1
140,1362,1
140,1374,1
1382,140,0
140,1403,1
140,1404,1
140,1420,1
140,1460,1
1464,140,0
1469,140,0
1481,140,0
140,1489,1
140,1513,1
140,1518,1
140,1535,1
140,1554,1
140,1557,1
1580,140,0
140,1584,1
1585,140,0
1599,140,0
1601,140,0
140,1620,1
1630,140,0
140,1632,1
140,1633,1
140,1640,1
141,72,1
287,141,0
141,334,1
141,606,1
141,641,1
141,720,0
728,141,0
855,141,0
141,1548,1
142,34,1
142,239,0
266,142,0
325,142,0
142,1084,1
142,1267,1
142,1489,0
142,1493,1
1560,142,0
243,143,0
143,245,0
249,143,0
279,143,0
143,489,1
143,550,1
143,569,1
143,628,1
143,726,1
743,143,0
143,744,1
143,941,1
965,143,0
143,1143,1
143,1188,1
143,1234,1
143,1235,1
143,1417,1
143,1434,1
144,174,1
355,144,0
613,144,0
144,809,1
144,1273,0
145,434,1
145,475,1
145,614,0
145,676,1
146,1015,1
147,806,0
148,196,1
775,148,0
148,875,1
148,1334,1
1337,148,0
291,149,0
502,149,0
149,583,0
149,894,1
149,1156,0
1196,149,0
1200,149,0
1547,149,0
337,150,0
760,150,0
829,150,0
150,1605,1
151,471,1
576,151,0
151,721,1
151,863,1
151,1321,0
151,1438,1
152,608,0
657,152,0
152,1011,0
152,1476,1
152,1559,0
771,153,0
153,845,1
153,1300,1
350,154,0
154,351,1
154,434,1
154,1063,1
154,1296,1
154,1414,0
155,253,1
311,155,0
155,336,1
155,505,1
155,538,1
155,593,1
155,765,1
807,155,0
155,1273,1
155,1284,1
155,1321,1
155,1356,1
1523,155,0
155,1526,1
155,1539,1
155,1558,1
155,1572,1
156,697,0
157,3,1
157,294,1
157,695,1
157,750,1
157,1081,1
157,1096,1
1135,157,0
157,1358,1
157,1433,1
158,114,1
158,118,1
158,163,0
158,526,0
158,692,1
158,941,0
158,1103,0
159,184,0
159,249,1
159,260,1
159,279,1
159,342,1
371,159,0
159,393,1
159,464,1
472,159,0
159,504,1
159,549,1
781,159,0
159,792,1
159,850,1
159,866,1
885,159,0
159,895,1
159,933,1
159,996,1
1008,159,0
159,1054,1
159,1077,1
159,1103,1
1143,159,0
159,1194,0
159,1202,1
1229,159,0
1237,159,0
1247,159,0
159,1374,1
159,1417,1
159,1420,1
159,1484,1
159,1600,1
159,1625,1
191,160,0
160,329,1
160,481,1
625,160,0
160,706,1
160,1035,1
160,1259,1
1516,160,0
624,161,0
665,161,0
162,303,1
310,162,0
162,407,1
162,733,1
926,162,0
941,162,0
162,1061,1
162,1089,1
163,314,1
677,163,0
163,714,1
788,163,0
1034,163,0
163,1091,0
163,1135,0
163,1197,1
163,1612,1
164,24,1
164,178,1
164,263,1
164,301,1
164,421,1
432,164,0
164,513,1
635,164,0
841,164,0
164,950,1
955,164,0
974,164,0
164,982,1
164,991,1
1018,164,0
164,1165,0
164,1170,1
164,1203,1
164,1205,1
1211,164,0
164,1465,1
166,269,1
278,166,0
166,430,1
445,166,0
166,539,0
166,814,1
1137,166,0
166,1348,1
167,2,1
167,509,1
827,167,0
167,1251,1
1491,167,0
1535,167,0
281,168,0
168,674,1
795,168,0
168,883,1
977,168,0
168,1362,1
169,15,1
169,114,1
118,169,0
328,169,0
169,757,1
824,169,0
169,852,1
169,887,1
169,1011,1
169,1059,0
169,1063,1
169,1228,1
169,1280,1
169,1439,1
170,4,1
12,170,0
170,18,1
48,170,0
128,170,0
170,135,1
170,164,1
199,170,0
170,212,1
218,170,0
170,232,1
170,249,1
170,253,1
170,255,1
264,170,0
170,291,1
293,170,0
170,297,1
302,170,0
170,320,1
170,321,0
332,170,0
335,170,0
339,170,0
170,346,1
170,356,1
374,170,0
381,170,0
170,387,1
170,388,1
170,391,1
170,394,0
170,405,1
170,408,1
170,424,1
427,170,0
450,170,0
454,170,0
170,455,1
170,468,1
482,170,0
170,487,1
170,494,1
170,503,1
519,170,0
541,170,0
170,549,1
170,561,1
170,575,1
170,579,1
580,170,0
170,591,1
607,170,0
634,170,0
636,170,0
170,643,1
170,660,1
170,683,1
692,170,0
170,693,1
170,721,1
170,722,1
728,170,0
734,170,0
742,170,0
170,744,1
170,745,1
170,757,1
170,758,1
170,763,1
170,765,1
170,777,1
170,783,1
170,790,1
170,796,1
170,798,1
170,799,1
801,170,0
807,170,0
819,170,0
170,825,1
170,831,1
844,170,0
170,849,1
850,170,0
860,170,0
170,863,1
170,881,1
888,170,0
170,897,1
899,170,0
907,170,0
170,914,1
915,170,0
170,916,1
170,919,1
170,932,1
939,170,0
170,950,1
170,995,1
999,170,0
170,1001,1
170,1036,1
170,1040,1
1048,170,0
170,1057,1
170,1066,1
1086,170,0
170,1104,1
170,1120,1
1131,170,0
170,1132,1
170,1150,1
170,1178,1
170,1184,1
170,1187,1
1199,170,0
1202,170,0
170,1220,1
1229,170,0
170,1232,1
170,1262,1
170,1269,1
170,1271,1
1277,170,0
1294,170,0
1309,170,0
170,1313,1
170,1314,1
170,1326,1
170,1333,1
170,1338,1
170,1343,1
1374,170,0
170,1396,1
1407,170,0
170,1420,1
1424,170,0
1429,170,0
1432,170,0
170,1435,1
1438,170,0
170,1441,1
170,1442,1
1467,170,0
1478,170,0
1482,170,0
1483,170,0
170,1486,1
170,1509,1
1516,170,0
170,1518,1
1532,170,0
170,1543,1
170,1546,1
170,1550,1
1557,170,0
1562,170,0
170,1563,1
170,1592,1
170,1598,1
1599,170,0
170,1601,1
170,1641,1
171,565,0
172,283,1
172,591,1
172,1055,1
172,1232,0
172,1291,1
173,321,1
173,827,0
173,1256,1
1473,173,0
174,809,1
175,31,1
175,138,1
149,175,0
175,227,1
175,279,1
291,175,0
175,292,1
175,342,1
347,175,0
175,362,1
175,366,1
175,368,1
175,371,1
175,387,1
175,393,1
175,417,1
175,422,1
463,175,0
175,464,1
502,175,0
175,504,1
514,175,0
615,175,0
175,643,1
175,656,1
175,684,1
694,175,0
175,701,1
175,728,1
175,744,1
759,175,0
175,774,1
175,777,1
175,781,1
175,792,1
175,850,1
866,175,0
175,888,1
175,894,1
895,175,0
175,925,1
939,175,0
175,951,1
175,996,1
175,1008,1
1043,175,0
175,1054,1
1058,175,0
175,1086,1
175,1171,1
175,1202,1
175,1214,1
175,1229,1
175,1232,1
175,1234,1
1235,175,0
175,1247,1
175,1249,1
175,1281,1
175,1283,1
175,1309,1
175,1325,1
175,1329,1
175,1345,1
175,1361,1
175,1389,1
175,1401,1
175,1413,1
175,1427,1
175,1460,1
175,1504,1
175,1509,1
175,1518,1
1547,175,0
175,1557,1
1594,175,0
1601,175,0
176,146,1
176,297,0
176,795,1
841,176,0
176,928,0
1235,176,0
1296,176,0
177,887,1
177,1434,1
178,224,1
178,950,1
179,777,1
179,1067,0
1254,179,0
179,1281,0
179,1380,0
1537,179,0
180,1157,1
181,31,1
181,37,1
108,181,0
181,197,1
181,225,1
181,282,0
181,308,1
181,315,1
323,181,0
181,343,1
396,181,0
181,443,1
181,444,1
181,499,1
181,548,1
181,571,1
181,573,1
608,181,0
181,609,1
621,181,0
181,633,1
181,671,1
741,181,0
754,181,0
181,762,1
786,181,0
181,787,1
838,181,0
876,181,0
992,181,0
1027,181,0
1052,181,0
1060,181,0
1062,181,0
181,1108,1
181,1209,1
181,1227,1
1233,181,0
181,1276,1
181,1302,1
181,1332,1
181,1354,1
1364,181,0
181,1408,1
1447,181,0
181,1451,1
181,1474,1
181,1567,1
1572,181,0
182,281,0
182,449,1
521,182,0
706,182,0
785,182,0
182,882,0
183,409,0
659,183,0
183,770,1
859,183,0
183,1071,1
183,1445,1
1477,183,0
183,1569,1
184,434,1
184,464,1
184,1537,1
833,185,0
1149,185,0
185,1158,1
186,54,1
71,186,0
186,212,1
186,262,1
186,297,1
186,304,1
361,186,0
186,381,1
186,390,1
186,398,1
186,403,1
186,424,1
468,186,0
186,480,1
511,186,0
186,544,0
186,607,1
186,610,1
186,629,1
186,643,1
186,669,1
186,685,1
186,733,1
186,736,1
186,742,1
758,186,0
790,186,0
186,795,1
186,802,1
186,824,1
186,902,1
186,906,0
186,913,1
921,186,0
186,924,1
966,186,0
186,984,0
186,1028,1
1047,186,0
1062,186,0
186,1088,1
186,1106,1
186,1111,1
1147,186,0
186,1150,1
1194,186,0
186,1195,1
1207,186,0
186,1225,1
186,1253,1
1305,186,0
186,1332,1
186,1338,1
186,1351,1
1357,186,0
1372,186,0
186,1403,1
1407,186,0
186,1415,1
186,1441,1
1456,186,0
186,1465,1
1486,186,0
1550,186,0
1560,186,0
186,1577,1
186,1598,1
186,1641,1
187,764,1
799,187,0
873,187,0
937,187,0
187,1127,0
187,1257,1
1381,187,0
187,1447,1
1488,187,0
188,765,1
188,879,1
188,1544,1
245,190,0
288,190,0
190,744,1
190,961,1
190,1347,1
190,1596,1
191,293,1
191,405,1
553,191,0
754,191,0
191,806,1
191,914,1
1035,191,0
191,1248,1
191,1252,1
191,1290,0
191,1511,0
192,1207,1
1607,192,0
193,2,1
193,71,1
78,193,0
90,193,0
193,100,1
121,193,0
193,202,1
193,209,1
193,216,1
193,230,1
193,243,1
193,250,1
193,254,1
193,277,1
193,282,1
193,290,1
193,302,1
193,304,1
193,309,1
193,316,1
193,318,1
193,324,1
193,333,1
193,342,1
347,193,0
193,362,1
193,375,1
193,376,1
193,415,1
429,193,0
446,193,0
193,474,1
193,479,1
480,193,0
484,193,0
491,193,0
193,503,1
504,193,0
509,193,0
193,529,1
545,193,0
193,555,1
193,572,1
193,591,1
612,193,0
193,619,1
628,193,0
645,193,0
193,656,1
193,711,1
719,193,0
193,722,1
193,731,1
745,193,0
746,193,0
193,757,1
193,765,1
193,769,1
771,193,0
193,774,1
777,193,0
792,193,0
193,798,1
193,813,1
821,193,0
193,827,1
845,193,0
193,850,1
193,886,1
900,193,0
193,902,1
193,906,1
909,193,0
913,193,0
193,925,1
933,193,0
193,959,1
969,193,0
193,976,1
193,987,1
990,193,0
193,1003,1
193,1009,1
1013,193,0
1032,193,0
193,1043,1
193,1056,1
1062,193,0
193,1075,1
193,1088,1
193,1111,1
1130,193,0
193,1134,1
1147,193,0
1154,193,0
193,1159,1
193,1168,1
193,1186,1
1188,193,0
193,1191,1
193,1193,1
1210,193,0
193,1219,1
193,1225,1
193,1229,1
193,1251,1
193,1272,1
193,1275,1
1277,193,0
193,1282,1
1291,193,0
1295,193,0
193,1319,1
1324,193,0
193,1326,1
1331,193,0
193,1332,1
193,1341,1
193,1351,1
193,1363,1
193,1374,1
193,1420,1
1457,193,0
193,1460,1
193,1464,1
193,1469,1
193,1475,1
193,1481,1
193,1489,1
193,1490,1
193,1491,1
1505,193,0
193,1518,1
1535,193,0
1536,193,0
1549,193,0
193,1557,1
193,1580,1
193,1584,1
193,1585,1
1600,193,0
193,1601,1
1620,193,0
193,1630,1
1632,193,0
193,1633,1
193,1640,1
193,1641,1
194,35,1
234,194,0
194,466,1
194,567,0
194,776,1
194,835,1
854,194,0
194,896,1
1006,194,0
194,1638,0
196,1121,0
196,1313,0
197,1634,0
198,564,0
199,1125,0
200,629,0
201,1121,0
203,304,0
203,923,0
203,1190,0
203,1528,0
204,646,0
204,1160,0
206,741,0
206,787,0
207,326,0
207,936,0
208,1027,0
208,1131,0
209,1248,0
209,1440,0
209,1617,0
215,551,0
216,675,0
216,832,0
217,226,0
218,717,0
218,1292,0
219,370,0
219,394,0
219,1078,0
220,1327,0
221,1207,0
222,1406,0
222,1501,0
223,390,0
225,574,0
226,1597,0
227,444,0
227,1611,0
228,470,0
228,940,0
228,1003,0
229,568,0
229,1416,0
230,822,0
230,878,0
232,784,0
232,1533,0
232,1620,0
233,459,0
233,557,0
235,302,0
235,327,0
235,1366,0
237,974,0
238,528,0
239,700,0
240,383,0
240,1422,0
240,1499,0
241,727,0
241,944,0
241,1218,0
242,907,0
243,1146,0
245,814,0
247,327,0
249,1055,0
250,481,0
251,720,0
252,386,0
252,511,0
254,1294,0
256,1541,0
257,1406,0
259,743,0
261,1095,0
262,943,0
263,280,0
264,727,0
264,1375,0
265,773,0
267,1173,0
268,1428,0
269,779,0
269,1078,0
271,426,0
271,493,0
271,1176,0
273,1410,0
274,386,0
274,456,0
274,655,0
276,928,0
276,1142,0
278,880,0
278,1059,0
278,1616,0
279,796,0
280,327,0
282,454,0
282,473,0
282,719,0
283,1118,0
285,857,0
285,1541,0
286,1298,0
287,1544,0
288,637,0
288,1354,0
288,1563,0
290,1611,0
291,818,0
292,829,0
293,458,0
293,533,0
294,1410,0
295,760,0
296,604,0
297,1389,0
298,455,0
299,1567,0
300,513,0
301,930,0
302,899,0
302,934,0
302,1141,0
302,1482,0
304,440,0
304,555,0
305,711,0
306,341,0
306,718,0
306,1317,0
307,1484,0
308,1639,0
309,771,0
309,895,0
310,448,0
310,478,0
313,382,0
313,843,0
316,478,0
316,713,0
317,1331,0
318,1368,0
319,351,0
319,621,0
319,827,0
319,1049,0
320,967,0
320,1119,0
321,669,0
322,1412,0
323,699,0
323,1132,0
323,1176,0
323,1640,0
326,1091,0
329,560,0
329,1277,0
330,364,0
330,1507,0
333,1017,0
336,436,0
337,769,0
340,1302,0
342,792,0
343,465,0
343,532,0
343,1395,0
343,1413,0
344,370,0
345,605,0
346,1523,0
347,1200,0
348,578,0
348,1190,0
348,1235,0
350,695,0
351,1019,0
352,546,0
352,766,0
352,1570,0
352,1624,0
353,1549,0
355,688,0
355,864,0
355,1526,0
356,760,0
356,961,0
357,483,0
357,524,0
357,1305,0
358,903,0
360,544,0
360,1425,0
362,1585,0
363,1373,0
366,945,0
366,1359,0
369,1515,0
370,636,0
370,716,0
370,1080,0
371,1224,0
372,711,0
372,730,0
373,590,0
374,1061,0
375,585,0
375,1633,0
376,967,0
376,1046,0
376,1380,0
376,1415,0
378,689,0
380,1228,0
381,727,0
381,798,0
381,1557,0
382,895,0
382,903,0
383,492,0
383,589,0
384,852,0
384,1105,0
384,1163,0
385,1052,0
385,1155,0
385,1288,0
386,626,0
386,1209,0
386,1465,0
386,1538,0
388,556,0
388,992,0
389,669,0
390,810,0
390,1396,0
393,796,0
393,1486,0
394,1165,0
394,1454,0
394,1508,0
395,420,0
395,1464,0
396,1197,0
396,1253,0
396,1632,0
398,1543,0
399,1474,0
402,417,0
402,612,0
403,1044,0
409,927,0
409,1031,0
410,1333,0
411,1300,0
412,645,0
413,845,0
415,1056,0
418,429,0
418,1252,0
418,1506,0
419,604,0
419,1305,0
420,1173,0
420,1274,0
421,1232,0
423,437,0
423,1134,0
424,820,0
424,1562,0
426,829,0
426,974,0
426,1030,0
427,874,0
428,684,0
433,1039,0
435,1018,0
435,1114,0
436,1143,0
436,1161,0
436,1205,0
438,688,0
438,1054,0
439,723,0
441,761,0
442,583,0
444,649,0
447,487,0
450,1450,0
452,469,0
452,478,0
453,556,0
455,457,0
455,529,0
459,547,0
459,680,0
460,1303,0
461,1410,0
464,788,0
465,609,0
466,949,0
467,641,0
467,1224,0
468,518,0
470,694,0
471,1189,0
471,1414,0
474,544,0
475,631,0
475,1498,0
477,807,0
480,981,0
480,1289,0
482,500,0
482,862,0
485,1583,0
486,941,0
486,1212,0
487,590,0
488,1180,0
489,795,0
490,684,0
492,1550,0
494,680,0
495,1521,0
496,884,0
497,920,0
499,1279,0
500,860,0
501,865,0
501,877,0
501,1408,0
504,997,0
504,1169,0
505,1321,0
506,873,0
508,1535,0
509,1265,0
510,899,0
510,972,0
510,1560,0
515,1489,0
516,1414,0
517,618,0
517,723,0
518,780,0
518,906,0
518,1008,0
519,712,0
519,1560,0
520,554,0
523,773,0
523,1340,0
523,1469,0
525,894,0
526,946,0
526,1278,0
527,1039,0
533,1099,0
533,1193,0
536,1302,0
538,1132,0
538,1274,0
541,1491,0
545,1150,0
548,1114,0
550,1273,0
551,703,0
555,1007,0
556,688,0
556,1495,0
557,977,0
559,1022,0
560,1044,0
560,1126,0
561,889,0
561,1322,0
564,767,0
564,1046,0
565,1025,0
565,1086,0
568,762,0
568,809,0
569,657,0
569,881,0
570,932,0
571,1391,0
574,857,0
575,847,0
578,1365,0
580,696,0
581,1040,0
584,919,0
586,982,0
587,777,0
587,881,0
588,1262,0
590,677,0
592,1376,0
593,1430,0
597,1360,0
599,1012,0
599,1248,0
600,1565,0
601,1118,0
602,626,0
604,685,0
604,1478,0
609,1194,0
610,1053,0
610,1062,0
610,1125,0
610,1312,0
611,1110,0
612,1159,0
613,1004,0
614,1047,0
615,936,0
615,979,0
616,1592,0
617,1189,0
618,1552,0
620,698,0
620,718,0
621,1071,0
621,1150,0
622,959,0
622,1033,0
622,1099,0
622,1227,0
623,862,0
623,1017,0
623,1140,0
623,1422,0
627,897,0
627,1132,0
627,1537,0
632,1037,0
634,1373,0
634,1464,0
635,1275,0
636,768,0
636,1286,0
637,1268,0
640,1517,0
641,1539,0
642,1373,0
643,1541,0
644,795,0
646,1171,0
647,801,0
647,901,0
647,1616,0
651,1352,0
652,709,0
654,1127,0
655,690,0
656,1143,0
656,1591,0
659,1017,0
662,1258,0
663,1291,0
664,781,0
664,1217,0
675,920,0
675,1346,0
676,1175,0
679,1557,0
680,1223,0
681,827,0
681,864,0
682,825,0
682,827,0
685,1405,0
686,1258,0
687,1083,0
689,1179,0
691,698,0
691,1192,0
692,998,0
692,1579,0
694,899,0
695,1445,0
696,1109,0
699,1471,0
700,976,0
700,1261,0
700,1587,0
701,999,0
702,728,0
703,1217,0
704,1563,0
707,1621,0
708,766,0
708,915,0
710,917,0
712,898,0
713,1551,0
714,735,0
714,1397,0
715,1061,0
716,814,0
717,804,0
717,898,0
720,1323,0
722,1330,0
722,1348,0
723,1091,0
723,1561,0
724,1010,0
724,1048,0
724,1612,0
726,987,0
726,1621,0
727,856,0
727,1398,0
728,1081,0
729,1159,0
730,984,0
730,1174,0
730,1574,0
731,1222,0
734,766,0
734,1452,0
735,1480,0
735,1518,0
735,1598,0
736,1259,0
737,859,0
738,944,0
738,1230,0
739,1253,0
742,774,0
742,919,0
748,980,0
748,1078,0
749,1531,0
750,917,0
750,954,0
752,1199,0
752,1290,0
754,1066,0
754,1321,0
756,1150,0
758,945,0
758,1371,0
759,856,0
759,1508,0
761,1416,0
765,1183,0
765,1373,0
767,1024,0
769,809,0
769,925,0
769,996,0
773,1278,0
776,1048,0
777,1135,0
778,1401,0
780,947,0
780,1325,0
784,1562,0
784,1582,0
785,1624,0
786,1044,0
788,1576,0
789,916,0
796,1102,0
796,1386,0
797,905,0
798,1248,0
802,1593,0
803,1605,0
804,1164,0
807,922,0
809,1071,0
810,1027,0
810,1411,0
811,1081,0
811,1232,0
813,1292,0
815,1641,0
822,1634,0
826,1129,0
826,1139,0
826,1516,0
827,1503,0
829,1022,0
830,1270,0
831,1566,0
833,907,0
838,1163,0
838,1616,0
839,1465,0
842,1255,0
843,1155,0
845,1108,0
846,1565,0
847,1600,0
848,1098,0
848,1266,0
853,1366,0
854,857,0
856,1125,0
856,1482,0
856,1558,0
856,1605,0
858,1115,0
859,1282,0
860,1461,0
860,1636,0
864,1000,0
864,1242,0
864,1301,0
867,904,0
868,1038,0
869,1262,0
872,1014,0
872,1413,0
873,1529,0
876,1014,0
878,1295,0
878,1590,0
878,1596,0
880,1447,0
883,1387,0
888,1080,0
888,1098,0
888,1383,0
889,1196,0
889,1249,0
897,1504,0
898,1453,0
902,1573,0
903,932,0
904,1049,0
907,983,0
907,1506,0
908,1157,0
910,1093,0
911,1465,0
912,1432,0
912,1599,0
919,979,0
919,1148,0
925,1011,0
928,1618,0
932,1166,0
932,1182,0
933,1387,0
936,1559,0
940,1038,0
941,1533,0
946,1562,0
948,1292,0
955,1102,0
955,1373,0
958,1363,0
960,1479,0
961,1094,0
962,1088,0
964,1612,0
969,1308,0
971,1022,0
974,1154,0
975,1027,0
979,1136,0
980,1486,0
983,1308,0
983,1605,0
987,1047,0
992,1457,0
995,1028,0
997,1465,0
999,1190,0
999,1586,0
1001,1314,0
1003,1487,0
1003,1519,0
1004,1330,0
1004,1598,0
1005,1099,0
1007,1295,0
1008,1565,0
1009,1258,0
1009,1456,0
1009,1631,0
1015,1415,0
1016,1223,0
1017,1222,0
1018,1519,0
1021,1248,0
1022,1075,0
1022,1163,0
1026,1269,0
1026,1365,0
1027,1404,0
1030,1098,0
1033,1189,0
1037,1246,0
1040,1230,0
1043,1277,0
1043,1328,0
1043,1360,0
1050,1580,0
1053,1536,0
1055,1057,0
1055,1173,0
1057,1543,0
1064,1098,0
1064,1598,0
1065,1291,0
1065,1360,0
1065,1400,0
1066,1245,0
1067,1600,0
1071,1535,0
1076,1337,0
1077,1139,0
1078,1345,0
1083,1410,0
1086,1106,0
1087,1236,0
1087,1251,0
1088,1171,0
1088,1213,0
1095,1163,0
1096,1366,0
1097,1149,0
1097,1221,0
1099,1128,0
1100,1322,0
1102,1120,0
1102,1491,0
1104,1292,0
1108,1190,0
1112,1386,0
1115,1461,0
1118,1373,0
1122,1529,0
1124,1390,0
1126,1164,0
1130,1389,0
1132,1248,0
1134,1291,0
1134,1615,0
1136,1144,0
1146,1153,0
1146,1177,0
1151,1170,0
1152,1220,0
1157,1531,0
1159,1352,0
1160,1580,0
1163,1398,0
1165,1327,0
1166,1439,0
1168,1574,0
1170,1636,0
1172,1298,0
1174,1202,0
1183,1239,0
1186,1327,0
1189,1259,0
1189,1268,0
1189,1454,0
1199,1597,0
1201,1617,0
1203,1583,0
1205,1241,0
1206,1293,0
1210,1476,0
1214,1506,0
1216,1384,0
1216,1472,0
1217,1328,0
1224,1323,0
1228,1456,0
1235,1513,0
1240,1490,0
1241,1632,0
1243,1564,0
1245,1295,0
1246,1622,0
1250,1259,0
1250,1335,0
1257,1622,0
1259,1335,0
1259,1371,0
1260,1320,0
1262,1568,0
1263,1416,0
1263,1419,0
1263,1625,0
1271,1488,0
1272,1499,0
1273,1297,0
1275,1419,0
1279,1325,0
1288,1468,0
1294,1301,0
1303,1416,0
1316,1573,0
1316,1593,0
1320,1528,0
1322,1572,0
1325,1585,0
1331,1603,0
1334,1599,0
1335,1432,0
1336,1443,0
1342,1357,0
1342,1553,0
1343,1574,0
1353,1409,0
1354,1567,0
1354,1571,0
1355,1378,0
1360,1427,0
1360,1599,0
1362,1490,0
1365,1436,0
1366,1632,0
1369,1491,0
1373,1397,0
1387,1471,0
1397,1638,0
1398,1564,0
1403,1557,0
1403,1605,0
1417,1480,0
1446,1545,0
1456,1604,0
1460,1617,0
1469,1495,0
1469,1594,0
1482,1604,0
1490,1535,0
1501,1621,0
1513,1534,0
1516,1630,0
1542,1613,0
1553,1555,0
1565,1590,0
1611,1625,0
