0,0,1
0,7,1
0,10,1
0,25,1
0,27,1
0,28,1
0,43,1
0,91,1
100,0,0
111,0,0
0,152,1
0,175,1
0,176,1
0,177,1
0,178,1
0,179,1
180,0,0
0,181,1
182,0,0
0,183,1
0,184,1
0,185,1
0,186,1
0,187,1
0,188,1
0,189,1
0,190,1
0,191,1
0,192,1
0,193,1
0,194,1
195,0,0
0,196,1
0,197,1
0,198,1
0,199,1
0,200,1
0,201,1
0,202,1
203,0,0
0,204,1
0,205,1
206,0,0
0,207,1
0,208,1
209,0,0
210,0,0
211,0,0
0,212,1
0,213,1
0,214,1
0,215,1
0,216,1
0,217,1
0,218,1
0,219,1
220,0,0
0,221,1
0,222,1
0,223,1
224,0,0
225,0,0
0,226,1
227,0,0
228,0,0
229,0,0
230,0,0
0,231,1
0,232,1
233,0,0
0,234,1
235,0,0
0,236,1
0,237,1
0,238,1
0,239,1
0,240,1
0,241,1
242,0,0
243,0,0
244,0,0
0,245,1
0,246,1
0,247,1
0,248,1
249,0,0
0,250,1
0,251,1
0,252,1
0,253,1
254,0,0
0,255,1
256,0,0
257,0,0
0,258,1
259,0,0
0,260,1
0,261,1
0,262,1
0,263,1
0,264,1
0,265,1
266,0,0
0,267,1
0,268,1
0,269,1
0,270,1
0,271,1
0,272,1
0,273,1
0,274,1
275,0,0
0,276,1
0,277,1
0,278,1
0,279,1
0,280,1
0,281,1
282,0,0
0,283,1
284,0,0
0,285,1
0,286,1
0,287,1
0,288,1
0,289,1
290,0,0
0,291,1
292,0,0
0,293,1
0,294,1
0,295,1
0,296,1
0,297,1
0,298,1
0,299,1
0,300,1
301,0,0
0,302,1
0,303,1
0,304,1
0,305,1
0,306,1
307,0,0
308,0,0
0,309,1
310,0,0
311,0,0
0,312,1
0,313,1
0,314,1
0,315,1
316,0,0
317,0,0
318,0,0
319,0,0
320,0,0
321,0,0
0,322,1
0,323,1
0,324,1
0,325,1
326,0,0
0,327,1
328,0,0
0,329,1
0,330,1
331,0,0
0,332,1
0,333,1
0,334,1
335,0,0
336,0,0
337,0,0
0,338,1
0,339,1
340,0,0
0,341,1
342,0,0
0,343,1
0,344,1
0,345,1
346,0,0
0,347,1
0,348,1
0,349,1
0,350,1
351,0,0
352,0,0
0,353,1
354,0,0
0,355,1
356,0,0
0,357,1
358,0,0
0,359,1
360,0,0
0,361,1
0,362,1
0,363,1
364,0,0
0,365,1
366,0,0
0,367,1
0,368,1
0,369,1
0,370,1
0,371,1
372,0,0
0,373,1
0,374,1
0,375,1
0,376,1
377,0,0
0,378,1
0,379,1
0,380,1
0,381,1
0,382,1
0,383,1
0,384,1
0,385,1
0,386,1
0,387,1
388,0,0
389,0,0
390,0,0
0,391,1
392,0,0
1,25,1
1,100,1
1,199,1
200,1,0
1,269,1
1,272,1
278,1,0
1,279,1
1,393,1
1,394,1
395,1,0
1,396,1
397,1,0
398,1,0
1,399,1
1,400,1
1,401,1
1,402,1
1,403,1
1,404,1
405,1,0
1,406,1
1,407,1
1,408,1
409,1,0
1,410,1
1,411,1
1,412,1
413,1,0
414,1,0
1,415,1
1,416,1
417,1,0
1,418,1
419,1,0
1,420,1
1,421,1
1,422,1
1,423,1
1,424,1
1,425,1
426,1,0
427,1,0
2,428,1
2,429,1
430,2,0
2,431,1
432,2,0
433,2,0
2,434,1
2,435,1
2,436,1
2,437,1
2,438,1
2,1445,0
3,43,1
3,244,1
245,3,0
254,3,0
439,3,0
3,440,1
3,441,1
3,442,1
3,443,1
3,444,1
3,445,1
3,880,0
4,25,1
4,100,1
4,106,1
4,121,1
4,429,1
4,446,1
4,447,1
4,448,1
4,449,1
4,450,1
4,451,1
4,452,1
453,4,0
454,4,0
455,4,0
456,4,0
4,457,1
4,458,1
4,459,1
4,460,1
4,461,1
462,4,0
4,463,1
4,464,1
465,4,0
4,466,1
467,4,0
468,4,0
4,469,1
470,4,0
471,4,0
472,4,0
4,473,1
474,4,0
475,4,0
4,476,1
477,4,0
4,478,1
4,479,1
4,480,1
4,481,1
4,482,1
4,483,1
4,484,1
4,485,1
486,4,0
487,4,0
4,488,1
489,4,0
4,490,1
4,491,1
4,492,1
4,493,1
5,33,1
5,191,1
192,5,0
5,193,1
5,194,1
5,195,1
196,5,0
5,494,1
5,495,1
496,5,0
5,497,1
5,498,1
499,5,0
5,500,1
5,501,1
502,5,0
5,503,1
5,504,1
505,5,0
506,5,0
5,507,1
508,5,0
5,509,1
510,5,0
511,5,0
5,512,1
513,5,0
514,5,0
5,515,1
5,516,1
517,5,0
518,5,0
5,519,1
5,520,1
521,5,0
522,5,0
523,5,0
5,524,1
5,525,1
5,526,1
5,527,1
5,528,1
5,529,1
530,5,0
531,5,0
5,1227,0
6,6,1
8,6,0
9,6,0
6,11,1
6,17,1
6,21,1
6,22,1
6,28,1
6,29,1
33,6,0
6,61,1
103,6,0
6,104,1
6,108,1
6,112,1
158,6,0
6,164,1
6,175,1
6,177,1
6,185,1
186,6,0
6,189,1
6,190,1
6,195,1
6,196,1
197,6,0
6,201,1
6,206,1
207,6,0
6,208,1
6,225,1
6,235,1
238,6,0
6,239,1
6,240,1
6,241,1
6,242,1
6,243,1
249,6,0
275,6,0
276,6,0
6,277,1
282,6,0
6,283,1
285,6,0
6,290,1
292,6,0
293,6,0
6,294,1
6,295,1
6,346,1
6,383,1
385,6,0
6,401,1
6,441,1
6,504,1
511,6,0
6,513,1
6,515,1
6,516,1
6,517,1
6,520,1
6,526,1
528,6,0
6,529,1
6,532,1
6,533,1
534,6,0
6,535,1
6,536,1
6,537,1
6,538,1
6,539,1
6,540,1
6,541,1
6,542,1
543,6,0
544,6,0
545,6,0
6,546,1
6,547,1
6,548,1
6,549,1
6,550,1
6,551,1
6,552,1
553,6,0
6,554,1
6,555,1
6,556,1
6,557,1
558,6,0
6,559,1
6,560,1
561,6,0
562,6,0
563,6,0
6,564,1
6,565,1
6,566,1
6,567,1
568,6,0
6,569,1
570,6,0
6,571,1
6,572,1
573,6,0
574,6,0
575,6,0
6,576,1
6,577,1
6,578,1
6,579,1
6,580,1
581,6,0
6,582,1
6,583,1
6,584,1
585,6,0
6,586,1
6,587,1
588,6,0
6,589,1
6,590,1
591,6,0
592,6,0
593,6,0
6,594,1
595,6,0
6,596,1
6,597,1
598,6,0
599,6,0
600,6,0
6,601,1
602,6,0
6,603,1
604,6,0
6,605,1
6,606,1
6,607,1
6,608,1
6,609,1
6,610,1
611,6,0
6,612,1
6,613,1
6,614,1
6,615,1
6,616,1
6,617,1
6,618,1
619,6,0
6,620,1
6,621,1
622,6,0
6,623,1
624,6,0
6,625,1
626,6,0
627,6,0
628,6,0
6,629,1
6,630,1
6,631,1
6,632,1
6,633,1
6,634,1
6,635,1
636,6,0
6,637,1
6,638,1
6,639,1
640,6,0
641,6,0
642,6,0
643,6,0
6,644,1
6,645,1
6,646,1
6,647,1
6,648,1
6,649,1
6,650,1
6,651,1
6,652,1
6,653,1
6,654,1
6,655,1
6,656,1
657,6,0
6,658,1
6,659,1
660,6,0
661,6,0
6,662,1
6,663,1
6,664,1
6,665,1
6,666,1
6,667,1
668,6,0
6,669,1
670,6,0
671,6,0
672,6,0
6,673,1
674,6,0
675,6,0
676,6,0
6,677,1
678,6,0
679,6,0
680,6,0
681,6,0
6,682,1
6,683,1
6,684,1
6,685,1
6,686,1
687,6,0
6,688,1
6,689,1
690,6,0
6,691,1
692,6,0
6,693,1
694,6,0
6,695,1
696,6,0
697,6,0
6,698,1
6,699,1
6,700,1
6,701,1
6,702,1
703,6,0
6,704,1
6,705,1
6,706,1
707,6,0
6,708,1
6,709,1
6,710,1
6,711,1
6,712,1
6,713,1
714,6,0
6,715,1
6,716,1
717,6,0
6,718,1
719,6,0
6,720,1
6,721,1
722,6,0
6,723,1
6,724,1
6,725,1
726,6,0
6,727,1
6,728,1
729,6,0
6,730,1
6,731,1
6,1182,0
7,12,1
7,21,1
7,25,1
7,30,1
44,7,0
7,51,1
7,52,1
54,7,0
7,55,1
7,56,1
7,60,1
66,7,0
7,67,1
7,68,1
7,69,1
7,77,1
79,7,0
7,80,1
84,7,0
7,95,1
7,96,1
7,97,1
100,7,0
102,7,0
104,7,0
7,106,1
7,107,1
7,111,1
7,112,1
7,114,1
7,116,1
7,120,1
7,127,1
7,145,1
7,152,1
153,7,0
7,155,1
156,7,0
167,7,0
7,169,1
7,180,1
7,181,1
182,7,0
185,7,0
187,7,0
7,188,1
7,190,1
191,7,0
7,192,1
7,193,1
7,201,1
203,7,0
7,205,1
7,206,1
7,207,1
7,209,1
7,213,1
7,215,1
223,7,0
7,225,1
226,7,0
7,227,1
228,7,0
7,230,1
7,231,1
7,232,1
234,7,0
7,241,1
242,7,0
7,243,1
7,244,1
7,246,1
251,7,0
7,256,1
257,7,0
7,260,1
264,7,0
7,265,1
7,266,1
7,269,1
7,270,1
7,273,1
278,7,0
7,279,1
7,286,1
7,300,1
7,301,1
7,304,1
7,305,1
7,340,1
7,384,1
385,7,0
386,7,0
7,392,1
393,7,0
7,396,1
7,411,1
421,7,0
7,441,1
460,7,0
474,7,0
475,7,0
7,489,1
494,7,0
495,7,0
7,530,1
7,532,1
7,535,1
536,7,0
7,538,1
559,7,0
7,560,1
7,597,1
598,7,0
7,599,1
7,600,1
601,7,0
7,603,1
604,7,0
607,7,0
7,608,1
7,617,1
7,622,1
7,633,1
635,7,0
636,7,0
637,7,0
7,638,1
7,639,1
7,641,1
642,7,0
7,665,1
7,670,1
675,7,0
7,678,1
708,7,0
7,709,1
710,7,0
722,7,0
723,7,0
7,724,1
7,732,1
733,7,0
7,734,1
735,7,0
7,736,1
7,737,1
7,738,1
7,739,1
7,740,1
7,741,1
7,742,1
7,743,1
744,7,0
7,745,1
7,746,1
747,7,0
7,748,1
7,749,1
7,750,1
7,751,1
7,752,1
7,753,1
7,754,1
7,755,1
7,756,1
7,757,1
758,7,0
7,759,1
760,7,0
7,761,1
7,762,1
7,763,1
764,7,0
765,7,0
7,766,1
767,7,0
7,768,1
7,769,1
770,7,0
771,7,0
7,772,1
7,773,1
7,774,1
7,775,1
7,776,1
777,7,0
7,778,1
779,7,0
7,780,1
7,781,1
782,7,0
7,783,1
7,784,1
7,785,1
7,786,1
7,787,1
7,788,1
7,789,1
790,7,0
7,791,1
7,792,1
7,793,1
7,794,1
795,7,0
7,796,1
797,7,0
7,798,1
7,799,1
800,7,0
7,801,1
7,802,1
803,7,0
804,7,0
7,805,1
7,806,1
7,807,1
7,808,1
7,809,1
7,810,1
811,7,0
7,812,1
813,7,0
7,814,1
7,815,1
7,816,1
817,7,0
7,818,1
7,819,1
7,820,1
7,821,1
7,822,1
7,823,1
824,7,0
7,825,1
7,826,1
7,827,1
828,7,0
7,829,1
830,7,0
7,831,1
7,832,1
7,833,1
7,834,1
835,7,0
836,7,0
7,837,1
7,838,1
7,839,1
7,840,1
7,841,1
842,7,0
843,7,0
7,844,1
7,845,1
7,846,1
7,847,1
848,7,0
849,7,0
850,7,0
7,851,1
852,7,0
7,853,1
7,854,1
7,855,1
856,7,0
857,7,0
7,858,1
859,7,0
860,7,0
7,861,1
7,862,1
863,7,0
7,864,1
865,7,0
7,866,1
867,7,0
7,868,1
869,7,0
870,7,0
871,7,0
872,7,0
7,873,1
7,874,1
7,875,1
7,876,1
877,7,0
7,878,1
879,7,0
880,7,0
7,881,1
7,882,1
7,883,1
7,884,1
7,885,1
886,7,0
7,887,1
888,7,0
7,889,1
7,891,1
7,892,1
7,893,1
894,7,0
895,7,0
896,7,0
7,897,1
7,898,1
7,899,1
7,900,1
7,901,1
7,902,1
7,903,1
904,7,0
7,905,1
7,906,1
7,907,1
7,908,1
910,7,0
911,7,0
912,7,0
7,913,1
7,914,1
7,915,1
916,7,0
7,926,1
7,927,1
7,928,1
7,929,1
7,930,1
931,7,0
932,7,0
933,7,0
7,934,1
935,7,0
936,7,0
7,937,1
938,7,0
7,939,1
940,7,0
941,7,0
942,7,0
7,943,1
7,944,1
7,945,1
7,946,1
7,947,1
7,948,1
949,7,0
950,7,0
7,951,1
952,7,0
7,953,1
7,954,1
955,7,0
7,956,1
957,7,0
958,7,0
7,959,1
7,960,1
7,961,1
962,7,0
7,963,1
7,964,1
965,7,0
7,966,1
7,967,1
968,7,0
7,969,1
970,7,0
7,971,1
7,972,1
7,973,1
974,7,0
7,975,1
7,976,1
977,7,0
7,978,1
979,7,0
980,7,0
7,981,1
982,7,0
983,7,0
7,984,1
7,985,1
7,986,1
7,987,1
988,7,0
7,989,1
7,990,1
7,991,1
7,992,1
7,993,1
7,994,1
995,7,0
7,996,1
7,997,1
998,7,0
7,999,1
7,1000,1
7,1001,1
7,1002,1
7,1003,1
1004,7,0
1005,7,0
1006,7,0
7,1007,1
1008,7,0
1009,7,0
7,1010,1
7,1011,1
7,1012,1
1013,7,0
1014,7,0
7,1015,1
1016,7,0
1017,7,0
7,1018,1
1019,7,0
7,1020,1
7,1021,1
1022,7,0
7,1023,1
7,1024,1
1025,7,0
1026,7,0
7,1027,1
7,1028,1
1029,7,0
7,1030,1
7,1031,1
1032,7,0
7,1895,0
8,8,1
8,1033,1
1034,8,0
9,13,1
9,20,1
9,36,1
9,41,1
43,9,0
48,9,0
9,52,1
9,82,1
9,88,1
9,92,1
9,97,1
9,98,1
9,99,1
9,100,1
9,104,1
9,105,1
9,107,1
9,110,1
9,112,1
9,117,1
9,118,1
9,119,1
122,9,0
9,127,1
9,149,1
161,9,0
163,9,0
9,177,1
239,9,0
9,268,1
285,9,0
304,9,0
9,311,1
428,9,0
440,9,0
441,9,0
9,442,1
9,444,1
9,445,1
9,447,1
9,468,1
472,9,0
9,505,1
9,520,1
9,521,1
9,522,1
523,9,0
9,544,1
9,546,1
562,9,0
9,599,1
9,601,1
9,621,1
633,9,0
9,687,1
694,9,0
719,9,0
730,9,0
9,734,1
9,738,1
9,743,1
9,744,1
9,758,1
782,9,0
788,9,0
802,9,0
9,808,1
810,9,0
828,9,0
9,834,1
852,9,0
9,863,1
885,9,0
9,888,1
9,889,1
9,891,1
9,899,1
9,905,1
9,910,1
915,9,0
928,9,0
953,9,0
9,971,1
9,997,1
9,1014,1
9,1019,1
9,1023,1
1035,9,0
1036,9,0
1037,9,0
9,1038,1
1039,9,0
9,1040,1
9,1041,1
9,1042,1
1043,9,0
9,1044,1
9,1045,1
1046,9,0
9,1047,1
9,1048,1
9,1049,1
9,1050,1
9,1051,1
9,1052,1
1053,9,0
9,1054,1
1055,9,0
1056,9,0
9,1057,1
9,1058,1
1059,9,0
1060,9,0
1061,9,0
9,1062,1
9,1063,1
9,1064,1
1065,9,0
9,1066,1
9,1067,1
9,1068,1
9,1069,1
1070,9,0
9,1071,1
9,1072,1
9,1073,1
1074,9,0
9,1075,1
1076,9,0
9,1077,1
1078,9,0
1079,9,0
9,1080,1
9,1081,1
9,1082,1
1083,9,0
9,1084,1
9,1085,1
1086,9,0
1087,9,0
1088,9,0
1089,9,0
1090,9,0
1091,9,0
1092,9,0
1093,9,0
9,1094,1
1095,9,0
1096,9,0
9,1097,1
9,1098,1
1099,9,0
1100,9,0
9,1101,1
9,1102,1
1103,9,0
9,1104,1
9,1105,1
9,1106,1
9,1107,1
1108,9,0
1109,9,0
9,1110,1
9,1111,1
9,1112,1
1113,9,0
1114,9,0
9,1115,1
1116,9,0
9,1117,1
1118,9,0
9,1119,1
9,1120,1
9,1121,1
9,1122,1
9,1123,1
1124,9,0
9,1125,1
1126,9,0
1127,9,0
1128,9,0
9,1129,1
9,1130,1
9,1131,1
9,1132,1
9,1133,1
9,1134,1
9,1135,1
1136,9,0
9,1137,1
9,1138,1
9,1139,1
9,1140,1
9,1141,1
1142,9,0
9,1143,1
9,1144,1
9,1145,1
1146,9,0
1147,9,0
1148,9,0
9,1149,1
9,1150,1
1151,9,0
9,1152,1
1153,9,0
9,1154,1
9,1155,1
9,1156,1
9,1157,1
9,1158,1
9,1159,1
9,1160,1
9,1161,1
9,1162,1
9,1163,1
1164,9,0
1165,9,0
1166,9,0
9,1167,1
1168,9,0
9,1169,1
9,1170,1
1171,9,0
1172,9,0
1173,9,0
9,1174,1
1175,9,0
9,1176,1
9,1177,1
1178,9,0
9,1179,1
9,1180,1
9,1181,1
1182,9,0
9,1183,1
9,1184,1
9,1185,1
9,1186,1
9,1187,1
9,1188,1
9,1189,1
1190,9,0
9,1191,1
9,1192,1
1193,9,0
9,1194,1
9,1195,1
1196,9,0
9,1197,1
9,1198,1
9,1199,1
9,1200,1
1201,9,0
1202,9,0
9,1203,1
1204,9,0
9,1205,1
1206,9,0
1207,9,0
9,1208,1
9,1209,1
1210,9,0
9,1211,1
9,1212,1
1213,9,0
9,1214,1
1215,9,0
9,1216,1
9,1217,1
9,1218,1
9,1219,1
9,1220,1
9,1221,1
9,1222,1
1223,9,0
9,1224,1
9,1225,1
1226,9,0
1227,9,0
9,1228,1
9,1229,1
1230,9,0
1231,9,0
9,1232,1
1233,9,0
9,1234,1
9,1235,1
9,1236,1
9,1237,1
9,1238,1
1239,9,0
9,1240,1
9,1241,1
1242,9,0
1243,9,0
9,1244,1
9,1245,1
1246,9,0
1247,9,0
9,1248,1
9,1249,1
1250,9,0
9,1251,1
9,1252,1
9,1253,1
9,1254,1
9,1255,1
9,1256,1
9,1257,1
9,1258,1
9,1259,1
9,1260,1
1261,9,0
1262,9,0
9,1263,1
9,1264,1
9,1265,1
9,1266,1
9,1267,1
9,1268,1
9,1269,1
9,1270,1
9,1271,1
1272,9,0
1273,9,0
1274,9,0
9,1275,1
9,1276,1
1277,9,0
9,1278,1
9,1279,1
1280,9,0
9,1281,1
1282,9,0
9,1283,1
1284,9,0
9,1285,1
1286,9,0
9,1287,1
1288,9,0
1289,9,0
9,1290,1
9,1291,1
1292,9,0
9,1293,1
9,1294,1
9,1295,1
9,1296,1
1297,9,0
9,1298,1
1299,9,0
1300,9,0
1301,9,0
9,1302,1
1303,9,0
1304,9,0
9,1305,1
1306,9,0
1307,9,0
9,1308,1
9,1309,1
9,1310,1
9,1311,1
1312,9,0
9,1313,1
1314,9,0
9,1315,1
9,1316,1
9,1317,1
9,1318,1
1319,9,0
9,1320,1
1321,9,0
1322,9,0
1323,9,0
9,1324,1
9,1325,1
1326,9,0
1327,9,0
9,1328,1
9,1329,1
9,1330,1
9,1331,1
9,1332,1
9,1333,1
9,1334,1
1335,9,0
1336,9,0
9,1337,1
9,1338,1
9,1339,1
9,1340,1
1341,9,0
9,1342,1
9,1343,1
9,1344,1
1345,9,0
9,1346,1
9,1347,1
9,1348,1
1349,9,0
9,1350,1
1351,9,0
1352,9,0
9,1353,1
1354,9,0
9,1355,1
9,1356,1
1357,9,0
9,1358,1
9,1359,1
9,1360,1
9,1361,1
1362,9,0
9,1363,1
9,1364,1
9,1365,1
9,1366,1
9,1367,1
9,1368,1
1369,9,0
9,1370,1
9,1371,1
9,1372,1
9,1373,1
9,1374,1
1375,9,0
9,1376,1
9,1377,1
9,1378,1
9,1379,1
1380,9,0
9,1381,1
9,1382,1
9,1383,1
9,1384,1
1385,9,0
9,1386,1
1387,9,0
10,8,1
10,10,1
10,15,1
10,19,1
29,10,0
10,52,1
62,10,0
10,65,1
10,87,1
96,10,0
97,10,0
115,10,0
10,129,1
10,134,1
10,143,1
10,148,1
10,181,1
182,10,0
10,190,1
10,226,1
10,228,1
10,242,1
245,10,0
304,10,0
10,319,1
320,10,0
10,327,1
328,10,0
346,10,0
10,348,1
10,349,1
10,350,1
10,356,1
10,357,1
10,359,1
10,360,1
362,10,0
10,363,1
10,364,1
366,10,0
10,368,1
10,371,1
10,383,1
10,385,1
10,420,1
479,10,0
10,480,1
10,481,1
10,534,1
10,546,1
10,549,1
10,551,1
10,553,1
554,10,0
10,615,1
10,671,1
10,731,1
10,780,1
10,781,1
10,788,1
789,10,0
10,812,1
10,813,1
10,814,1
10,847,1
10,859,1
10,860,1
880,10,0
888,10,0
915,10,0
916,10,0
10,1082,1
10,1115,1
10,1181,1
10,1280,1
1306,10,0
10,1367,1
10,1368,1
1388,10,0
10,1389,1
1390,10,0
10,1391,1
1392,10,0
1393,10,0
10,1394,1
1395,10,0
1396,10,0
10,1397,1
10,1398,1
10,1399,1
10,1400,1
10,1401,1
10,1402,1
1403,10,0
10,1404,1
10,1405,1
10,1406,1
10,1407,1
10,1408,1
10,1409,1
10,1410,1
10,1411,1
10,1412,1
10,1413,1
1414,10,0
1415,10,0
10,1416,1
10,1417,1
10,1418,1
10,1419,1
10,1420,1
10,1421,1
10,1422,1
10,1423,1
10,1424,1
1425,10,0
1426,10,0
1427,10,0
10,1428,1
10,1429,1
10,1430,1
10,1431,1
1432,10,0
1433,10,0
1434,10,0
1435,10,0
1436,10,0
10,1437,1
10,1438,1
1439,10,0
10,1440,1
10,1441,1
1442,10,0
10,1443,1
11,1,1
11,11,1
25,11,0
100,11,0
11,182,0
11,251,1
11,272,1
11,393,1
397,11,0
11,399,1
11,401,1
402,11,0
404,11,0
405,11,0
407,11,0
11,409,1
11,410,1
412,11,0
11,413,1
11,419,1
11,420,1
11,422,1
427,11,0
11,1271,1
1444,11,0
1445,11,0
11,1446,1
11,1447,1
11,1448,1
11,1449,1
11,1450,1
1451,11,0
11,1452,1
12,82,1
12,156,1
400,12,0
12,406,1
12,419,1
422,12,0
12,425,1
570,12,0
575,12,0
12,682,1
12,875,1
940,12,0
12,1053,1
12,1055,1
1118,12,0
12,1325,1
12,1385,1
1453,12,0
12,1454,1
12,1455,1
12,1456,1
1457,12,0
12,1458,1
1459,12,0
12,1460,1
12,1461,1
12,1462,1
12,1463,1
1464,12,0
1465,12,0
12,1466,1
1467,12,0
12,1468,1
12,1469,1
12,1470,1
12,1617,0
13,3,1
28,13,0
13,29,1
13,46,1
13,116,1
579,13,0
13,867,1
13,868,1
13,869,1
13,870,1
871,13,0
13,1036,1
1093,13,0
13,1144,1
1315,13,0
13,1429,1
13,1471,1
1472,13,0
1473,13,0
13,1474,1
13,1475,1
1476,13,0
13,1477,1
1478,13,0
13,1479,1
1480,13,0
13,1481,1
1482,13,0
13,1483,1
13,1484,1
13,1485,1
1486,13,0
13,1487,1
13,1488,1
13,1489,1
1490,13,0
13,1491,1
13,1492,1
13,1493,1
13,1494,1
1495,13,0
1496,13,0
13,1497,1
1498,13,0
14,14,1
14,109,1
14,661,1
14,684,1
14,685,1
686,14,0
14,1230,1
14,1389,1
1390,14,0
1391,14,0
14,1393,1
1499,14,0
14,1500,1
14,1501,1
1502,14,0
14,1503,1
1504,14,0
14,1505,1
1506,14,0
14,1507,1
1508,14,0
1509,14,0
14,1510,1
14,1511,1
14,1512,1
28,15,0
15,65,1
270,15,0
271,15,0
15,383,1
475,15,0
476,15,0
488,15,0
15,1280,1
15,1417,1
15,1418,1
15,1420,1
15,1513,1
15,1514,1
1515,15,0
15,1516,1
15,1517,1
1518,15,0
15,1899,0
16,98,1
16,780,1
781,16,0
16,1398,1
16,1744,0
17,27,1
17,38,1
17,50,1
87,17,0
17,90,1
17,111,1
113,17,0
133,17,0
17,145,1
17,187,1
17,188,1
17,199,1
200,17,0
17,205,1
217,17,0
221,17,0
17,225,1
17,249,1
266,17,0
17,275,1
17,288,1
17,289,1
290,17,0
291,17,0
292,17,0
17,293,1
17,294,1
17,295,1
17,303,1
17,383,1
396,17,0
401,17,0
17,411,1
420,17,0
17,506,1
17,508,1
17,509,1
533,17,0
17,535,1
17,536,1
17,544,1
546,17,0
548,17,0
559,17,0
576,17,0
17,583,1
17,585,1
586,17,0
17,590,1
17,593,1
596,17,0
17,598,1
17,600,1
17,601,1
602,17,0
17,603,1
604,17,0
609,17,0
622,17,0
17,627,1
17,628,1
17,629,1
635,17,0
17,639,1
665,17,0
674,17,0
17,677,1
17,680,1
17,688,1
17,689,1
17,690,1
17,734,1
17,737,1
798,17,0
803,17,0
811,17,0
820,17,0
17,824,1
17,886,1
890,17,0
909,17,0
17,928,1
17,932,1
17,946,1
17,970,1
17,995,1
17,1033,1
17,1034,1
1058,17,0
17,1076,1
17,1144,1
17,1145,1
17,1186,1
17,1198,1
1519,17,0
17,1520,1
17,1521,1
17,1522,1
17,1523,1
1524,17,0
17,1525,1
17,1526,1
17,1527,1
1528,17,0
17,1529,1
17,1530,1
1531,17,0
1532,17,0
1533,17,0
17,1534,1
1535,17,0
17,1536,1
17,1537,1
17,1538,1
17,1539,1
17,1540,1
17,1541,1
17,1542,1
17,1543,1
1544,17,0
17,1545,1
17,1546,1
17,1547,1
1548,17,0
17,1549,1
1550,17,0
17,1551,1
1552,17,0
17,1553,1
17,1554,1
17,1555,1
17,1556,1
1557,17,0
17,1558,1
1559,17,0
1560,17,0
17,1561,1
17,1562,1
1563,17,0
1564,17,0
17,1565,1
1566,17,0
17,1567,1
17,1568,1
17,1569,1
18,1320,0
18,1429,0
1570,18,0
18,1571,1
19,19,1
1406,19,0
19,1407,1
2,20,0
11,20,0
20,14,1
20,16,1
20,20,1
20,29,1
20,60,1
20,63,1
20,64,1
20,98,1
20,108,1
109,20,0
20,130,1
134,20,0
20,138,1
20,141,1
20,165,1
20,172,1
174,20,0
20,175,1
20,192,1
20,202,1
20,203,1
20,204,1
224,20,0
258,20,0
266,20,0
274,20,0
20,287,1
306,20,0
307,20,0
20,319,1
320,20,0
20,321,1
20,322,1
20,326,1
20,327,1
328,20,0
20,338,1
20,347,1
348,20,0
20,349,1
351,20,0
352,20,0
20,353,1
20,355,1
20,356,1
20,357,1
359,20,0
361,20,0
20,363,1
20,364,1
365,20,0
366,20,0
371,20,0
20,374,1
20,385,1
20,396,1
417,20,0
421,20,0
20,423,1
434,20,0
20,437,1
20,441,1
20,444,1
445,20,0
20,456,1
20,505,1
20,506,1
507,20,0
20,508,1
20,509,1
530,20,0
20,533,1
538,20,0
20,548,1
20,556,1
20,559,1
20,561,1
20,562,1
20,628,1
20,631,1
20,633,1
645,20,0
20,705,1
20,722,1
20,788,1
20,796,1
20,820,1
20,827,1
20,837,1
20,847,1
853,20,0
888,20,0
20,889,1
20,891,1
20,892,1
20,914,1
20,997,1
20,999,1
20,1014,1
20,1034,1
20,1040,1
1060,20,0
1064,20,0
20,1065,1
20,1066,1
20,1067,1
1070,20,0
1077,20,0
20,1078,1
20,1088,1
1092,20,0
20,1107,1
20,1125,1
20,1128,1
1134,20,0
20,1144,1
1145,20,0
20,1164,1
20,1186,1
20,1198,1
20,1225,1
20,1227,1
20,1231,1
1238,20,0
20,1255,1
20,1290,1
20,1299,1
20,1366,1
1378,20,0
20,1380,1
1396,20,0
20,1397,1
20,1398,1
20,1400,1
20,1404,1
1417,20,0
1419,20,0
1443,20,0
20,1516,1
20,1538,1
20,1572,1
1573,20,0
1574,20,0
20,1575,1
20,1576,1
1577,20,0
20,1578,1
20,1579,1
20,1580,1
20,1581,1
20,1582,1
20,1583,1
20,1584,1
20,1585,1
20,1586,1
20,1587,1
1588,20,0
20,1589,1
20,1590,1
20,1591,1
20,1592,1
20,1593,1
20,1594,1
20,1595,1
1596,20,0
20,1597,1
1598,20,0
20,1599,1
1600,20,0
20,1601,1
20,1602,1
20,1603,1
1604,20,0
1605,20,0
1606,20,0
20,1607,1
1608,20,0
1609,20,0
1610,20,0
20,1611,1
20,1612,1
1613,20,0
20,1614,1
20,1615,1
1616,20,0
20,1617,1
20,1618,1
1619,20,0
20,1620,1
20,1621,1
1622,20,0
20,1623,1
1624,20,0
20,1625,1
20,1626,1
20,1627,1
1628,20,0
1629,20,0
20,1630,1
20,1631,1
20,1632,1
1633,20,0
1634,20,0
1635,20,0
20,1636,1
20,1637,1
20,1638,1
20,1639,1
20,1640,1
20,1641,1
20,1642,1
1643,20,0
20,1644,1
20,1645,1
20,1646,1
1647,20,0
1648,20,0
1649,20,0
20,1650,1
20,1651,1
20,1652,1
20,1653,1
20,1654,1
20,1655,1
1656,20,0
1657,20,0
20,1658,1
20,1659,1
1660,20,0
1661,20,0
20,1662,1
20,1663,1
20,1664,1
1665,20,0
20,1666,1
20,1667,1
20,1668,1
1669,20,0
20,1670,1
20,1671,1
1672,20,0
20,1673,1
1674,20,0
20,1675,1
20,1676,1
1677,20,0
20,1678,1
20,1679,1
20,1680,1
20,1681,1
20,1682,1
20,1683,1
20,1684,1
1685,20,0
20,1686,1
20,1687,1
1688,20,0
1689,20,0
20,1690,1
20,1691,1
1692,20,0
20,1693,1
20,1694,1
20,1695,1
1696,20,0
1697,20,0
20,1698,1
20,1699,1
21,21,1
21,612,1
21,708,1
21,710,1
21,712,1
713,21,0
22,21,1
22,22,1
496,22,0
22,497,1
501,22,0
22,502,1
22,531,1
22,566,1
22,569,1
22,612,1
624,22,0
709,22,0
22,710,1
22,711,1
22,713,1
716,22,0
22,1700,1
22,1701,1
1702,22,0
23,23,1
23,498,0
1703,23,0
23,1704,1
23,1705,1
23,1706,1
1707,23,0
890,24,0
24,1941,0
25,25,1
25,50,1
25,100,1
272,25,0
25,393,1
25,395,1
25,397,1
25,399,1
25,401,1
25,402,1
25,404,1
25,405,1
406,25,0
407,25,0
409,25,0
25,413,1
25,420,1
427,25,0
25,468,0
812,25,0
814,25,0
25,876,1
25,972,0
1417,25,0
25,1418,1
25,1419,1
1445,25,0
1450,25,0
25,1518,0
25,1561,1
1708,25,0
25,1709,1
25,1710,1
1711,25,0
25,1913,0
26,26,1
26,217,1
26,219,1
26,220,1
26,221,1
26,222,1
523,26,0
26,524,1
26,526,1
527,26,0
26,528,1
26,603,0
1455,26,0
1463,26,0
26,1465,1
26,1467,1
26,1712,1
1713,26,0
26,1714,1
1715,26,0
26,1716,1
26,1717,1
1718,26,0
26,1719,1
27,73,0
27,1121,0
27,1356,0
1563,27,0
27,1565,1
28,28,1
28,29,1
28,52,1
28,270,1
28,383,1
646,28,0
28,656,1
28,811,1
915,28,0
28,1033,1
28,1242,0
28,1417,1
28,1418,1
28,1420,1
28,1516,1
1622,28,0
28,1679,1
1720,28,0
28,1721,1
28,1722,1
28,1723,1
1724,28,0
28,1725,1
29,270,1
29,383,1
29,414,0
29,1417,1
29,1418,1
1423,29,0
29,1516,1
30,94,0
965,30,0
30,1026,1
30,1027,1
30,1029,1
30,1423,0
31,1113,0
31,1726,1
31,1727,1
32,14,1
32,24,1
29,32,0
32,52,1
32,133,1
32,396,1
32,403,1
32,404,1
32,412,1
32,795,1
32,797,1
32,829,1
1073,32,0
32,1238,1
1417,32,0
32,1418,1
1419,32,0
1420,32,0
32,1452,1
32,1487,1
1728,32,0
32,1729,1
1730,32,0
32,1731,1
32,1732,1
32,1733,1
32,1734,1
32,1735,1
32,1736,1
1737,32,0
1738,32,0
1739,32,0
32,1740,1
112,33,0
33,164,1
33,190,1
33,195,1
33,197,1
218,33,0
33,219,1
33,220,1
33,222,1
33,235,1
237,33,0
241,33,0
33,249,1
33,277,1
33,280,1
281,33,0
33,282,1
33,285,1
33,287,1
33,288,1
289,33,0
33,290,1
291,33,0
33,292,1
293,33,0
295,33,0
33,296,1
389,33,0
390,33,0
515,33,0
516,33,0
33,517,1
33,518,1
33,521,1
33,524,1
525,33,0
532,33,0
33,533,1
33,538,1
33,544,1
545,33,0
33,552,1
557,33,0
33,558,1
33,575,1
33,598,0
33,611,1
33,617,1
33,618,1
33,619,1
33,620,1
628,33,0
33,629,1
33,647,1
648,33,0
33,649,1
33,663,1
675,33,0
676,33,0
678,33,0
33,679,1
33,682,1
33,683,1
695,33,0
33,699,1
702,33,0
33,703,1
33,717,1
33,1091,0
1150,33,0
33,1248,0
33,1280,1
33,1542,1
1544,33,0
33,1547,1
33,1566,1
33,1741,1
1742,33,0
33,1815,0
190,34,0
34,217,1
34,222,1
241,34,0
34,243,1
34,277,1
280,34,0
281,34,0
282,34,0
34,390,1
34,515,1
517,34,0
34,518,1
34,519,1
34,520,1
521,34,0
34,522,1
523,34,0
34,524,1
34,526,1
529,34,0
552,34,0
34,575,1
620,34,0
34,682,1
34,683,1
717,34,0
1280,34,0
34,1537,0
34,1958,0
972,35,0
35,973,1
35,974,1
976,35,0
35,978,1
35,979,1
35,980,1
35,981,1
1743,35,0
52,36,0
36,65,1
36,672,1
915,36,0
36,1280,1
1323,36,0
1324,36,0
36,1744,1
36,1745,1
36,1746,1
37,37,1
412,37,0
37,413,1
832,37,0
1747,37,0
37,1748,1
134,38,0
183,38,0
38,246,1
250,38,0
38,257,1
38,263,1
38,267,1
340,38,0
38,561,1
38,576,0
633,38,0
900,38,0
38,1108,1
38,1306,1
38,1384,0
1402,38,0
38,1426,1
38,1514,1
38,1634,1
38,1728,1
38,1749,1
38,1750,1
1751,38,0
38,1752,1
38,1753,1
38,1754,1
1755,38,0
1756,38,0
38,1757,1
1758,38,0
38,1759,1
38,1760,1
38,1761,1
1762,38,0
38,1763,1
38,1764,1
38,1765,1
1766,38,0
1767,38,0
38,1768,1
38,1769,1
1770,38,0
456,39,0
39,457,1
39,1370,0
40,40,1
40,42,1
40,157,1
199,40,0
40,200,1
40,411,1
40,728,0
40,956,1
40,1119,1
40,1557,1
40,1570,1
40,1771,1
1772,40,0
40,1773,1
1774,40,0
40,1775,1
40,1776,1
1777,40,0
41,954,1
41,1513,1
41,1514,1
1516,41,0
41,1587,1
42,42,1
735,42,0
43,43,1
43,198,1
211,43,0
43,212,1
244,43,0
43,304,1
393,43,0
43,460,1
43,985,0
43,1778,1
43,1779,1
43,2059,0
44,44,1
44,135,1
44,753,1
44,754,1
755,44,0
44,756,1
759,44,0
821,44,0
44,822,1
44,823,1
829,44,0
44,830,1
831,44,0
44,839,1
44,840,1
44,914,1
1280,44,0
44,1395,1
44,1620,1
1679,44,0
1724,44,0
1780,44,0
44,1781,1
1782,44,0
1783,44,0
1784,44,0
45,45,1
45,663,1
45,717,1
45,1261,0
185,46,0
46,186,1
46,187,1
46,188,1
46,921,0
46,1492,1
46,1494,1
1496,46,0
46,1961,0
47,47,1
47,1788,1
47,1789,1
48,48,1
48,350,0
48,534,1
48,616,1
48,664,1
48,1790,1
48,1791,1
1304,49,0
49,1796,1
49,1797,1
50,50,1
50,841,1
51,51,1
51,749,0
51,914,1
52,186,1
52,187,1
52,188,1
52,386,1
450,52,0
52,453,1
52,467,1
52,561,1
562,52,0
52,633,1
52,1051,1
1082,52,0
52,1164,1
52,1417,1
52,1419,1
52,1443,1
52,1487,0
52,1645,1
1708,52,0
53,54,1
53,912,1
53,941,1
53,942,1
1015,53,0
53,1016,1
53,1471,1
53,1847,1
53,2165,0
54,54,1
54,936,1
942,54,0
54,1016,1
55,55,1
55,729,1
55,874,1
55,943,1
55,952,1
56,56,1
56,873,1
56,875,1
56,940,1
56,994,1
57,57,1
57,83,0
873,57,0
994,57,0
57,1617,0
58,228,0
58,294,0
934,58,0
58,935,1
58,1010,1
1011,58,0
1012,58,0
58,1013,1
58,1848,1
59,59,1
59,81,0
59,207,0
59,430,1
59,431,1
59,434,1
59,1849,1
59,1850,1
59,1851,1
59,1852,1
59,1853,1
1854,59,0
1855,59,0
60,226,1
228,60,0
60,571,1
815,60,0
60,816,1
817,60,0
60,887,1
60,1038,0
60,1856,1
61,146,1
185,61,0
188,61,0
61,189,1
225,61,0
61,240,1
535,61,0
536,61,0
774,61,0
61,775,1
61,776,1
61,1513,1
1514,61,0
61,1553,1
61,1555,1
1587,61,0
61,1731,1
61,1802,1
61,1857,1
1858,61,0
61,1859,1
1860,61,0
61,1861,1
61,1862,1
1863,61,0
61,1864,1
61,1865,1
1866,61,0
62,561,1
62,562,1
781,62,0
63,98,1
63,121,0
63,385,1
63,938,1
63,939,1
954,63,0
63,972,1
974,63,0
975,63,0
977,63,0
63,978,1
63,979,1
980,63,0
63,982,1
63,1031,1
63,1145,1
63,1181,1
1368,63,0
1433,63,0
63,1434,1
1436,63,0
63,1439,1
63,1440,1
63,1575,0
63,1867,1
63,1868,1
1869,63,0
64,43,1
64,378,0
64,1396,1
1397,64,0
1399,64,0
64,1400,1
64,1401,1
1424,64,0
1870,64,0
64,2122,0
52,65,0
65,65,1
65,217,1
220,65,0
222,65,0
65,602,0
65,916,1
65,1423,1
65,1519,1
1533,65,0
1871,65,0
741,66,0
742,66,0
66,743,1
66,745,1
66,746,1
882,66,0
66,1232,0
66,1724,1
66,1872,1
66,1873,1
66,1874,1
66,1875,1
67,902,1
68,88,0
68,825,1
826,68,0
193,69,0
194,69,0
69,460,1
69,752,1
69,865,1
866,69,0
69,1541,0
70,70,1
560,70,0
70,645,1
70,1556,1
70,1725,0
70,1864,0
28,71,0
71,71,1
383,71,0
863,71,0
71,1418,1
71,1419,1
71,1655,0
1742,71,0
71,2036,0
72,72,1
72,99,0
72,944,1
1001,72,0
72,1002,1
1876,72,0
72,1877,1
72,1878,1
72,1879,1
72,1880,1
73,234,1
73,391,1
73,1395,1
73,1478,0
73,1850,0
74,74,1
141,74,0
74,258,0
74,1475,0
1881,74,0
74,1882,1
74,1998,0
75,1883,1
75,1884,1
75,1885,1
75,1886,1
75,1887,1
76,191,1
76,192,1
193,76,0
76,194,1
76,833,1
76,1052,0
77,77,1
77,78,1
77,230,1
77,732,0
789,77,0
77,790,1
791,77,0
77,898,1
911,77,0
77,1247,0
77,1264,0
230,78,0
231,78,0
78,790,1
78,791,1
828,78,0
205,79,0
206,79,0
79,207,1
208,79,0
79,800,1
79,802,1
79,814,0
894,79,0
79,1593,0
80,813,1
80,814,1
80,1973,0
81,149,1
81,1221,1
81,1223,1
81,1373,1
81,1513,1
81,1514,1
1529,81,0
81,1530,1
81,1587,1
81,1784,1
81,1802,1
1858,81,0
1859,81,0
1860,81,0
1861,81,0
81,1862,1
1865,81,0
81,1888,1
1889,81,0
1890,81,0
81,1891,1
81,1892,1
1893,81,0
81,1894,1
81,1895,1
81,1896,1
81,1897,1
1898,81,0
1899,81,0
81,1900,1
81,1901,1
81,1902,1
81,1903,1
81,1904,1
81,1905,1
1906,81,0
1907,81,0
81,1908,1
1909,81,0
1910,81,0
81,1911,1
81,1912,1
81,1913,1
1914,81,0
81,1915,1
82,82,1
82,565,1
82,1069,1
82,1472,0
82,1598,1
82,1916,1
83,183,1
184,83,0
252,83,0
83,580,1
83,581,1
631,83,0
83,849,0
83,1112,1
83,1734,1
1735,83,0
83,1754,1
83,1916,1
1917,83,0
83,1918,1
83,1919,1
83,1920,1
1921,83,0
83,1922,1
1923,83,0
1924,83,0
83,1925,1
83,1926,1
1927,83,0
83,1928,1
67,84,0
84,84,1
84,1261,0
84,1735,0
85,85,1
85,246,0
85,804,0
85,992,0
85,1929,1
86,13,1
1488,86,0
86,1930,1
87,219,1
221,87,0
222,87,0
87,1519,1
87,1532,1
87,1952,0
88,88,1
88,1040,1
1101,88,0
88,1666,0
1931,89,0
89,1932,1
89,1933,1
89,1934,1
1523,90,0
92,92,1
1043,92,0
92,1151,0
1935,92,0
92,1936,1
93,93,1
93,389,0
93,763,1
93,764,1
94,765,1
766,94,0
95,95,1
782,95,0
95,783,1
784,95,0
95,785,1
95,786,1
787,95,0
96,96,1
96,97,1
96,859,1
96,871,0
1024,96,0
96,1260,0
97,386,0
97,965,0
97,1024,1
98,8,1
98,98,1
98,148,1
98,181,1
98,182,1
633,98,0
1109,98,0
98,1356,1
98,1442,1
1621,98,0
98,1950,1
98,1951,1
98,1952,1
1953,98,0
1954,98,0
99,99,1
99,122,0
99,330,0
99,1200,0
99,2093,0
100,100,1
100,272,1
837,101,0
101,1955,1
101,1956,1
101,1957,1
102,102,1
843,102,0
102,844,1
102,845,1
102,846,1
102,1435,0
1734,102,0
102,1958,1
102,1959,1
102,1960,1
103,11,1
397,103,0
401,103,0
103,435,1
103,1165,1
103,1857,0
104,607,1
608,104,0
104,614,1
104,724,1
104,725,1
105,104,1
105,607,1
105,614,1
105,723,1
105,724,1
105,725,1
105,1189,0
106,479,1
106,480,1
106,482,1
483,106,0
106,1129,1
1416,106,0
106,1604,1
106,1748,0
106,1803,1
1826,106,0
106,1961,1
106,1962,1
1963,106,0
1964,106,0
1965,106,0
106,1966,1
1967,106,0
1968,106,0
1969,106,0
1970,106,0
106,1971,1
107,107,1
819,107,0
108,108,1
108,1735,0
109,661,1
109,685,1
686,109,0
109,687,1
109,1230,1
1505,109,0
109,1506,1
1972,110,0
1973,110,0
66,111,0
111,111,1
111,301,1
111,305,1
877,111,0
111,878,1
111,879,1
111,1471,0
112,636,1
112,638,1
112,639,1
112,641,1
112,1124,0
112,1324,0
113,848,0
113,1548,1
114,115,0
202,114,0
114,250,1
460,114,0
492,114,0
114,550,1
114,595,0
114,732,1
863,114,0
1416,114,0
114,1588,1
114,1975,1
114,1976,1
1977,114,0
114,1978,1
1979,114,0
114,1980,1
1981,114,0
114,1982,1
1983,114,0
28,115,0
383,115,0
561,115,0
115,562,1
115,633,1
116,116,1
961,116,0
116,962,1
116,963,1
117,117,1
117,1984,1
117,1985,1
117,1986,1
117,1987,1
118,451,0
118,1471,1
118,1554,0
118,1847,1
119,1151,0
119,1235,1
1236,119,0
119,1689,0
119,1988,1
1989,119,0
119,1990,1
1991,119,0
119,1992,1
119,1993,1
120,120,1
120,984,1
985,120,0
120,986,1
120,987,1
120,988,1
991,120,0
121,121,1
121,414,1
121,446,1
121,485,1
121,486,1
121,487,1
621,121,0
122,122,1
122,1261,1
122,1996,1
11,123,0
25,123,0
100,123,0
123,103,1
272,123,0
123,412,1
123,420,1
123,780,1
781,123,0
124,124,1
124,183,1
124,508,0
125,116,1
750,125,0
125,751,1
125,1056,1
125,1419,0
126,452,0
847,126,0
126,956,1
2016,126,0
126,2017,1
126,2018,1
127,260,0
127,1478,0
2019,127,0
128,1467,0
2020,128,0
128,2021,1
2022,128,0
2023,128,0
128,2024,1
2025,128,0
2026,128,0
129,469,1
129,479,1
129,691,0
129,1071,1
1401,129,0
129,1755,1
129,2027,1
129,2028,1
2029,129,0
130,130,1
131,2030,1
2031,131,0
132,132,1
1942,132,0
132,1946,1
2032,132,0
2033,132,0
132,2196,0
133,235,1
133,236,1
457,133,0
133,479,1
133,481,1
133,1429,1
98,134,0
134,180,1
181,134,0
134,182,1
134,226,1
134,227,1
134,228,1
371,134,0
226,135,0
227,135,0
135,228,1
135,537,1
1780,135,0
135,2037,1
135,2038,1
135,2039,1
2040,135,0
135,2041,1
2042,135,0
2043,135,0
135,2044,1
135,2045,1
412,136,0
136,413,1
136,1297,0
137,1881,0
2046,137,0
137,2047,1
139,418,0
139,979,0
139,1358,1
139,2033,0
139,2049,1
139,2098,0
140,8,1
140,106,1
140,374,0
140,479,1
480,140,0
140,481,1
140,2050,1
140,2051,1
140,2052,1
141,722,0
141,1387,0
141,1542,0
141,1727,0
142,142,1
1216,142,0
52,143,0
143,270,1
386,143,0
143,469,1
143,479,1
143,480,1
143,481,1
143,483,1
143,780,1
781,143,0
143,916,1
143,1417,1
143,1419,1
143,2027,0
144,50,1
144,106,1
387,144,0
144,479,1
144,1395,1
144,2057,1
144,2058,1
145,689,1
145,969,1
145,970,1
146,146,1
146,1091,0
1101,146,0
146,1513,1
1802,146,0
146,1858,1
1860,146,0
146,1861,1
146,1863,1
146,1864,1
146,1866,1
147,147,1
147,165,0
147,856,0
148,781,1
1617,148,0
148,2072,1
149,872,1
149,955,1
2073,149,0
149,2074,1
150,150,1
150,1657,1
1694,150,0
150,2081,1
150,2082,1
2083,150,0
151,151,1
151,1449,0
151,1879,0
151,2093,1
151,2094,1
151,2100,0
152,9,1
152,152,1
202,152,0
203,152,0
204,152,0
152,475,1
152,488,1
646,152,0
152,656,1
152,847,1
152,1279,1
152,1402,1
152,1461,0
152,1520,1
152,1662,1
152,1682,1
1767,152,0
152,1768,1
152,1782,0
152,2084,1
152,2095,1
2096,152,0
2097,152,0
152,2098,1
152,2099,1
152,2100,1
152,2101,1
152,2102,1
152,2103,1
2104,152,0
2105,152,0
152,2106,1
153,1,1
153,129,1
153,271,1
153,396,1
153,402,1
153,420,1
153,456,1
153,457,1
153,479,1
480,153,0
153,482,0
653,153,0
780,153,0
781,153,0
153,832,1
153,858,0
153,893,0
153,1217,1
1552,153,0
1557,153,0
2003,153,0
2150,153,0
153,2151,1
153,2152,1
153,2153,1
154,941,0
154,1217,0
1265,154,0
154,1266,1
154,1756,0
2158,154,0
154,2159,1
2160,154,0
154,2161,1
155,820,0
947,155,0
948,155,0
949,155,0
155,1025,1
155,1117,0
6,156,0
156,103,1
156,156,1
185,156,0
156,186,1
156,187,1
188,156,0
156,189,1
156,201,1
224,156,0
156,240,1
397,156,0
156,401,1
156,409,1
156,441,1
457,156,0
156,505,1
506,156,0
507,156,0
156,509,1
156,539,1
156,549,1
156,553,1
156,554,1
563,156,0
156,565,1
156,597,1
156,598,1
600,156,0
156,601,1
602,156,0
603,156,0
156,615,1
656,156,0
156,671,1
156,731,1
156,757,1
156,768,1
156,769,1
156,774,1
777,156,0
778,156,0
156,779,1
967,156,0
1115,156,0
1182,156,0
156,1251,0
1368,156,0
156,1385,1
156,1434,1
156,1435,1
156,1437,1
1438,156,0
156,1440,1
156,1463,1
156,1464,1
156,1466,1
156,1586,1
156,1598,1
156,1713,1
156,1714,1
156,1718,1
156,1719,1
156,1800,1
156,1867,1
156,1923,1
1982,156,0
156,2034,1
2166,156,0
156,2167,1
2168,156,0
156,2169,1
2170,156,0
156,2171,1
156,2172,1
156,2173,1
156,2174,1
2175,156,0
156,2176,1
156,2177,1
156,2178,1
157,1772,1
157,1898,0
157,2152,0
158,201,1
158,532,1
538,158,0
158,555,1
556,158,0
557,158,0
558,158,0
835,158,0
158,1078,0
159,1831,1
159,2179,1
2180,159,0
159,2181,1
2182,159,0
159,2183,1
2184,159,0
159,2185,1
159,2186,1
159,2187,1
160,1079,0
160,1524,1
160,2188,1
160,2189,1
160,2190,1
161,1418,0
162,510,1
162,905,0
2191,162,0
2192,162,0
164,164,1
164,647,1
164,648,1
164,649,1
165,2193,1
166,267,1
166,698,0
166,1325,1
2194,166,0
167,1007,1
167,1008,1
167,2126,0
168,82,1
827,168,0
168,1069,1
168,1456,1
1733,168,0
168,2053,1
2054,168,0
168,2055,1
168,2195,1
2196,168,0
168,2197,1
2198,168,0
169,425,0
169,504,0
1006,169,0
169,1861,0
170,170,1
170,382,0
170,1086,1
170,1346,1
170,2199,1
171,226,1
171,958,1
171,2200,1
172,1496,1
2201,172,0
173,1217,0
173,1429,0
173,1810,0
173,2147,1
2202,173,0
174,518,0
1300,174,0
2056,174,0
174,2203,1
2204,174,0
177,1728,0
179,1444,0
183,879,0
184,884,0
184,1913,0
184,2179,0
185,818,0
185,1885,0
186,962,0
186,2099,0
187,1319,0
187,1804,0
188,226,0
189,505,0
189,1596,0
190,1743,0
192,385,0
192,2133,0
194,1087,0
195,1509,0
196,331,0
196,1269,0
198,874,0
199,361,0
199,488,0
199,775,0
200,499,0
201,269,0
201,2037,0
202,656,0
202,1772,0
203,1183,0
204,1535,0
204,1577,0
207,2111,0
208,642,0
209,226,0
209,461,0
210,1499,0
212,1239,0
212,1596,0
213,1632,0
214,2159,0
215,1267,0
215,1729,0
218,290,0
218,335,0
220,969,0
220,1867,0
222,635,0
222,1213,0
222,1874,0
224,1136,0
224,1572,0
225,1279,0
225,1755,0
226,1167,0
229,1258,0
229,2002,0
231,508,0
232,1528,0
232,1775,0
237,661,0
238,830,0
238,1191,0
240,899,0
240,1319,0
241,2090,0
244,1258,0
246,2121,0
248,1878,0
249,416,0
251,1089,0
251,1491,0
252,862,0
254,408,0
255,356,0
255,576,0
257,687,0
257,802,0
260,1844,0
262,285,0
262,1262,0
265,1277,0
269,461,0
269,666,0
271,879,0
272,694,0
272,1646,0
272,1823,0
273,691,0
273,886,0
274,1221,0
274,1721,0
275,359,0
277,682,0
278,1946,0
279,844,0
280,870,0
280,935,0
281,1821,0
281,2016,0
282,1615,0
282,1896,0
283,621,0
283,658,0
284,632,0
285,1506,0
286,1704,0
287,1191,0
287,1249,0
287,1495,0
292,527,0
293,1464,0
293,1512,0
300,877,0
300,1483,0
302,1196,0
302,1400,0
303,553,0
303,615,0
303,1927,0
304,604,0
304,1330,0
307,403,0
307,924,0
310,1269,0
311,531,0
315,877,0
315,1543,0
318,1260,0
319,1375,0
320,326,0
320,835,0
320,1933,0
321,1867,0
322,488,0
325,721,0
325,1574,0
326,488,0
326,1879,0
328,1310,0
329,658,0
329,2019,0
331,507,0
332,2169,0
336,1048,0
336,1574,0
337,1958,0
338,1551,0
339,673,0
339,1033,0
339,1474,0
340,807,0
340,2199,0
341,1886,0
342,879,0
342,1019,0
344,967,0
346,1998,0
350,1556,0
352,356,0
354,1362,0
355,2179,0
356,1663,0
358,1877,0
361,1769,0
362,1090,0
366,1421,0
367,1118,0
368,601,0
369,1357,0
369,2017,0
371,688,0
371,866,0
373,1392,0
374,1812,0
375,1283,0
377,1978,0
378,813,0
378,1959,0
378,2145,0
380,2171,0
382,836,0
382,1825,0
382,2150,0
384,1062,0
385,1188,0
385,1523,0
386,442,0
386,884,0
387,528,0
388,705,0
388,1016,0
390,1977,0
391,1738,0
392,549,0
393,1214,0
395,1696,0
396,1889,0
397,1224,0
400,1995,0
401,844,0
402,1087,0
403,565,0
404,595,0
404,1993,0
404,2036,0
405,2148,0
407,807,0
407,1920,0
408,1064,0
408,1434,0
409,1557,0
410,1412,0
410,1626,0
410,2143,0
411,425,0
413,986,0
414,777,0
416,437,0
416,610,0
418,560,0
419,863,0
420,599,0
420,1329,0
421,1549,0
421,2082,0
422,831,0
423,1555,0
426,1357,0
428,1147,0
429,772,0
429,1082,0
430,1974,0
431,718,0
433,806,0
433,2001,0
436,2066,0
437,827,0
437,2141,0
439,1114,0
440,488,0
441,1254,0
442,1979,0
444,1275,0
445,789,0
445,822,0
445,1796,0
445,2031,0
447,535,0
447,1548,0
449,2096,0
450,721,0
450,1240,0
450,1437,0
451,2086,0
452,1100,0
453,731,0
454,585,0
456,1920,0
457,1265,0
457,1816,0
458,657,0
458,1376,0
458,1547,0
459,2156,0
460,2200,0
461,1851,0
466,2000,0
470,747,0
471,1636,0
472,492,0
473,1471,0
474,1679,0
475,567,0
475,2015,0
476,1047,0
477,944,0
479,2056,0
481,801,0
482,1001,0
482,1351,0
482,1364,0
483,1760,0
484,929,0
487,2157,0
488,1231,0
488,2011,0
489,1312,0
489,1759,0
490,1469,0
490,2038,0
491,657,0
491,1379,0
492,1198,0
493,554,0
493,592,0
493,1400,0
494,1378,0
501,1923,0
502,589,0
502,1193,0
502,1393,0
504,1352,0
504,2049,0
505,1079,0
508,570,0
508,2163,0
509,1217,0
510,567,0
512,1595,0
513,1502,0
513,1950,0
515,2096,0
517,1077,0
518,873,0
518,1578,0
519,778,0
519,1544,0
520,1279,0
520,1720,0
522,1866,0
524,823,0
525,922,0
526,1453,0
527,1172,0
527,2039,0
528,787,0
529,797,0
531,1025,0
531,1222,0
532,982,0
535,1591,0
536,830,0
536,899,0
537,874,0
538,554,0
539,816,0
540,891,0
540,970,0
541,1490,0
542,813,0
542,1965,0
543,1056,0
545,584,0
546,1573,0
548,1549,0
548,1632,0
549,554,0
550,1838,0
550,2125,0
553,1122,0
554,2003,0
555,1630,0
555,1972,0
556,651,0
557,1722,0
557,1974,0
562,1076,0
562,1350,0
562,1514,0
563,951,0
563,1849,0
565,1075,0
569,1381,0
570,1408,0
571,712,0
575,719,0
577,718,0
577,1082,0
581,1289,0
581,2082,0
581,2129,0
582,620,0
582,1812,0
583,1632,0
586,738,0
589,715,0
590,1297,0
591,969,0
592,1399,0
594,1000,0
595,1521,0
597,1057,0
597,1555,0
600,824,0
600,1440,0
600,2101,0
605,1315,0
605,1455,0
609,764,0
610,1167,0
612,1862,0
612,1908,0
615,1808,0
615,1914,0
616,1300,0
617,1938,0
619,959,0
620,1428,0
624,1404,0
630,1398,0
630,2123,0
632,1199,0
633,1205,0
633,1321,0
634,837,0
634,1016,0
640,1890,0
642,1774,0
646,748,0
646,1041,0
646,1791,0
647,1161,0
648,1476,0
649,971,0
650,845,0
651,1093,0
655,1555,0
657,815,0
657,1105,0
657,2088,0
658,1384,0
659,1748,0
662,1154,0
663,929,0
663,933,0
663,1356,0
665,667,0
668,782,0
668,1096,0
669,1772,0
670,876,0
671,1649,0
676,1781,0
676,2126,0
678,1037,0
679,1100,0
680,1019,0
682,1186,0
683,962,0
684,736,0
687,1134,0
687,1734,0
687,2160,0
688,1513,0
690,1995,0
694,1394,0
695,1455,0
695,1984,0
700,1182,0
701,1243,0
702,2187,0
703,1331,0
703,1592,0
704,726,0
706,1415,0
706,1975,0
710,896,0
710,1163,0
712,1143,0
715,1347,0
715,1839,0
716,1889,0
717,1081,0
719,1548,0
720,1064,0
721,1744,0
722,1661,0
723,1230,0
724,1118,0
725,1786,0
726,1835,0
727,2092,0
728,1759,0
730,1276,0
733,945,0
739,1103,0
739,1564,0
740,979,0
740,1305,0
741,2110,0
743,832,0
745,1401,0
748,990,0
748,1574,0
748,1589,0
751,1480,0
756,2135,0
762,1087,0
764,870,0
765,1562,0
767,969,0
771,1837,0
773,1019,0
774,1152,0
774,1321,0
775,1368,0
775,1838,0
777,825,0
777,1229,0
777,2177,0
780,1734,0
781,1693,0
782,1027,0
783,931,0
783,1991,0
785,1070,0
785,1786,0
786,1356,0
792,1834,0
793,1044,0
793,1126,0
793,1377,0
795,1244,0
797,1260,0
799,1403,0
801,1666,0
802,1544,0
804,1259,0
804,1413,0
804,1544,0
805,942,0
809,1841,0
810,2141,0
812,1029,0
812,1655,0
813,1512,0
817,1787,0
820,966,0
820,1162,0
820,1903,0
822,1173,0
822,2038,0
824,1635,0
825,1492,0
825,2048,0
826,1444,0
827,1910,0
829,1854,0
833,1215,0
835,1429,0
838,1909,0
839,1114,0
840,1459,0
840,1572,0
840,2057,0
841,1178,0
841,1885,0
841,2022,0
841,2177,0
842,1553,0
843,1184,0
844,1062,0
844,2142,0
846,2146,0
847,1966,0
849,2123,0
849,2180,0
850,2013,0
852,1292,0
853,2111,0
855,906,0
857,1223,0
861,2176,0
866,895,0
866,1181,0
869,1492,0
869,1702,0
869,1730,0
874,1645,0
878,1642,0
880,1682,0
881,2120,0
882,1400,0
882,1750,0
883,1250,0
883,1266,0
883,2192,0
890,1037,0
890,1264,0
896,1015,0
897,1136,0
899,2030,0
900,1504,0
909,1990,0
910,1582,0
911,936,0
920,1952,0
923,1438,0
924,987,0
924,1857,0
925,1267,0
928,1152,0
930,1968,0
931,1116,0
933,1970,0
933,2049,0
938,1649,0
939,986,0
939,1204,0
941,1899,0
942,1027,0
942,1968,0
944,1025,0
944,1829,0
944,2022,0
945,1733,0
946,1610,0
947,1438,0
949,1790,0
951,2174,0
953,1119,0
954,1052,0
955,1268,0
955,1988,0
957,1818,0
958,2022,0
959,1682,0
960,1453,0
960,2078,0
967,980,0
968,1902,0
970,1998,0
971,1891,0
973,1019,0
974,1079,0
975,1267,0
976,1265,0
978,1674,0
979,2095,0
982,2074,0
983,1412,0
983,1963,0
985,1803,0
985,1962,0
987,1572,0
988,2144,0
990,2031,0
991,1543,0
992,1695,0
992,1806,0
992,2095,0
995,1504,0
996,1416,0
996,1603,0
996,1676,0
999,1230,0
999,1599,0
1000,1841,0
1001,1119,0
1002,2083,0
1004,2063,0
1005,1290,0
1007,1407,0
1007,2062,0
1009,1310,0
1010,1800,0
1011,1352,0
1011,1673,0
1018,1827,0
1019,1216,0
1019,1511,0
1020,2147,0
1021,1053,0
1023,1152,0
1024,1075,0
1032,1732,0
1032,1936,0
1032,2143,0
1033,1181,0
1034,1333,0
1037,1943,0
1038,1504,0
1038,1732,0
1040,1181,0
1041,1895,0
1042,2161,0
1043,2105,0
1045,2176,0
1046,2106,0
1047,2042,0
1048,2113,0
1051,1242,0
1051,2197,0
1054,1198,0
1055,1566,0
1057,1674,0
1058,1182,0
1060,1936,0
1062,1509,0
1063,1281,0
1063,1581,0
1067,1858,0
1071,1223,0
1074,1099,0
1074,1535,0
1074,1730,0
1075,1698,0
1077,1929,0
1079,2203,0
1081,1472,0
1084,1315,0
1084,1703,0
1086,1917,0
1086,2127,0
1092,1778,0
1093,1737,0
1095,1230,0
1095,1938,0
1096,1919,0
1099,1166,0
1101,1312,0
1104,1813,0
1110,2115,0
1114,1324,0
1115,1359,0
1118,1358,0
1119,1878,0
1120,1495,0
1120,1587,0
1124,1427,0
1127,2000,0
1133,1695,0
1134,2135,0
1136,2147,0
1138,1964,0
1140,1485,0
1140,2071,0
1141,1181,0
1145,1332,0
1145,1580,0
1146,2192,0
1147,1765,0
1149,1244,0
1151,1843,0
1154,1183,0
1154,1302,0
1155,1512,0
1155,1769,0
1156,1522,0
1156,1868,0
1157,1698,0
1161,1266,0
1162,1623,0
1164,1213,0
1166,1664,0
1170,1405,0
1171,1970,0
1171,2167,0
1173,2101,0
1176,1574,0
1178,1185,0
1180,1404,0
1183,1400,0
1184,1572,0
1186,1943,0
1189,1910,0
1191,1542,0
1191,1598,0
1192,2103,0
1201,1378,0
1201,1649,0
1202,1583,0
1204,1218,0
1204,2178,0
1208,1725,0
1211,1753,0
1214,2053,0
1222,2001,0
1222,2070,0
1223,1329,0
1223,1454,0
1223,2029,0
1230,1306,0
1230,1670,0
1233,1664,0
1235,1952,0
1235,1986,0
1236,1659,0
1241,2073,0
1244,1480,0
1245,1632,0
1248,2061,0
1250,2066,0
1266,1271,0
1271,1776,0
1280,1510,0
1280,1843,0
1281,1656,0
1288,2072,0
1292,1620,0
1297,1834,0
1298,1687,0
1300,1389,0
1301,1479,0
1304,1557,0
1306,2132,0
1306,2173,0
1307,1515,0
1310,1476,0
1310,1868,0
1311,1385,0
1316,1685,0
1317,1346,0
1322,1887,0
1324,1647,0
1326,1817,0
1330,1471,0
1330,2070,0
1331,1397,0
1343,1496,0
1349,1428,0
1350,1784,0
1352,1717,0
1358,2097,0
1360,1976,0
1363,1697,0
1363,2178,0
1366,1512,0
1367,1422,0
1368,1477,0
1369,1392,0
1370,2169,0
1372,1472,0
1376,1440,0
1378,1391,0
1379,1678,0
1379,1920,0
1385,1705,0
1389,1716,0
1393,2063,0
1396,1882,0
1396,2098,0
1397,1958,0
1398,1544,0
1400,1708,0
1401,1714,0
1404,1970,0
1407,1776,0
1407,1862,0
1408,1515,0
1413,2195,0
1414,2151,0
1418,1462,0
1418,1543,0
1419,1904,0
1421,2053,0
1427,2055,0
1430,1452,0
1439,2195,0
1442,1949,0
1443,2186,0
1444,1925,0
1451,2132,0
1453,1716,0
1454,1674,0
1454,2104,0
1456,1637,0
1457,1647,0
1457,2019,0
1458,2198,0
1470,1694,0
1474,1639,0
1475,1524,0
1480,1718,0
1481,2014,0
1485,2144,0
1486,2053,0
1486,2117,0
1487,2019,0
1495,1691,0
1496,1762,0
1498,1554,0
1502,2137,0
1511,1698,0
1515,2026,0
1517,1545,0
1519,1781,0
1520,1606,0
1523,2009,0
1524,1554,0
1525,1590,0
1526,1823,0
1526,2169,0
1535,1567,0
1536,1665,0
1541,2069,0
1552,1842,0
1554,1647,0
1554,2077,0
1559,1573,0
1563,1785,0
1564,1690,0
1568,1699,0
1568,1851,0
1574,1741,0
1582,1911,0
1582,1922,0
1583,1748,0
1593,1830,0
1595,1766,0
1598,1940,0
1600,2031,0
1604,2017,0
1605,1660,0
1608,2057,0
1611,2092,0
1611,2134,0
1614,1769,0
1614,2055,0
1620,1977,0
1622,1756,0
1626,1729,0
1627,2145,0
1628,1743,0
1629,2130,0
1633,2044,0
1633,2188,0
1642,1763,0
1643,1663,0
1643,1892,0
1647,2053,0
1651,2041,0
1657,1681,0
1657,1823,0
1663,2034,0
1665,2124,0
1668,1700,0
1668,2183,0
1669,1908,0
1672,1863,0
1672,2131,0
1675,2029,0
1676,1801,0
1676,1878,0
1678,2197,0
1679,1823,0
1682,2032,0
1684,1866,0
1686,1911,0
1688,2034,0
1692,1813,0
1697,2064,0
1703,2075,0
1706,1895,0
1713,1800,0
1714,2195,0
1716,2035,0
1718,2040,0
1726,1802,0
1731,1846,0
1738,1887,0
1754,1909,0
1756,1813,0
1757,1815,0
1759,2130,0
1770,2141,0
1779,2095,0
1779,2179,0
1784,1995,0
1798,1882,0
1801,1904,0
1808,1895,0
1809,1920,0
1823,2154,0
1845,1905,0
1854,1941,0
1863,1878,0
1874,2091,0
1888,2162,0
1892,2191,0
1894,2056,0
1896,1901,0
1907,2011,0
1927,2013,0
1948,2103,0
1963,1993,0
1964,1977,0
1985,2159,0
1996,2021,0
2000,2141,0
2004,2044,0
2019,2074,0
2026,2077,0
2029,2036,0
2032,2066,0
2036,2045,0
2044,2146,0
2061,2100,0
2066,2125,0
2073,2185,0
2093,2192,0
2111,2129,0
2118,2153,0
2159,2176,0
