0,10,1
0,25,1
0,27,1
0,28,1
0,43,1
0,91,1
0,100,1
0,111,1
0,152,1
0,175,1
0,176,1
0,177,1
0,178,1
0,179,1
0,180,1
0,181,1
0,182,1
0,183,1
0,184,1
0,185,1
0,186,1
0,187,1
0,188,1
0,189,1
0,190,1
0,191,1
0,192,1
0,193,1
0,194,1
0,195,1
0,196,1
0,197,1
0,198,1
0,199,1
0,200,1
0,201,1
0,202,1
0,203,1
0,204,1
0,205,1
0,206,1
0,207,1
0,208,1
0,209,1
0,210,1
0,211,1
0,212,1
0,213,1
0,214,1
0,215,1
0,216,1
0,217,1
0,218,1
0,219,1
0,220,1
0,221,1
0,222,1
0,223,1
0,224,1
0,225,1
0,226,1
0,227,1
0,228,1
0,229,1
0,230,1
0,231,1
0,232,1
0,233,1
0,234,1
0,235,1
0,236,1
0,237,1
0,238,1
0,239,1
0,240,1
0,241,1
0,242,1
0,243,1
0,244,1
0,245,1
0,246,1
0,247,1
0,248,1
0,249,1
0,250,1
0,251,1
0,252,1
0,253,1
0,254,1
0,255,1
0,256,1
0,257,1
0,258,1
0,259,1
0,260,1
0,261,1
0,262,1
0,263,1
0,264,1
0,265,1
0,266,1
0,267,1
0,268,1
0,269,1
0,270,1
0,271,1
0,272,1
0,273,1
0,274,1
0,275,1
0,276,1
0,277,1
0,278,1
0,279,1
0,280,1
0,281,1
0,282,1
0,283,1
0,284,1
0,285,1
0,286,1
0,287,1
0,288,1
0,289,1
0,290,1
0,291,1
0,292,1
0,293,1
0,294,1
0,295,1
0,296,1
0,297,1
0,298,1
0,299,1
0,300,1
0,301,1
0,302,1
0,303,1
0,304,1
0,305,1
0,306,1
0,307,1
0,308,1
0,309,1
0,310,1
0,311,1
0,312,1
0,313,1
0,314,1
0,315,1
0,316,1
0,317,1
0,318,1
0,319,1
0,320,1
0,321,1
0,322,1
0,323,1
0,324,1
0,325,1
0,326,1
0,327,1
0,328,1
0,329,1
0,330,1
0,331,1
0,332,1
0,333,1
0,334,1
0,335,1
0,336,1
0,337,1
0,338,1
0,339,1
0,340,1
0,341,1
0,342,1
0,343,1
0,344,1
0,345,1
0,346,1
0,347,1
0,348,1
0,349,1
0,350,1
0,351,1
0,352,1
0,353,1
0,354,1
0,355,1
0,356,1
0,357,1
0,358,1
0,359,1
0,360,1
0,361,1
0,362,1
0,363,1
0,364,1
0,365,1
0,366,1
0,367,1
0,368,1
0,369,1
0,370,1
0,371,1
0,372,1
0,373,1
0,374,1
0,375,1
0,376,1
0,377,1
0,378,1
0,379,1
0,380,1
0,381,1
0,382,1
0,383,1
0,384,1
0,385,1
0,386,1
0,387,1
0,388,1
0,389,1
0,390,1
0,391,1
0,392,1
0,958,3
0,1216,3
1,100,1
1,199,1
1,200,1
1,269,1
1,272,1
1,278,1
1,279,1
1,393,1
1,394,1
1,395,1
1,396,1
1,397,1
1,398,1
1,399,1
1,400,1
1,401,1
1,402,1
1,403,1
1,404,1
1,405,1
1,406,1
1,407,1
1,408,1
1,409,1
1,410,1
1,411,1
1,412,1
1,413,1
1,414,1
1,415,1
1,416,1
1,417,1
1,418,1
1,419,1
1,420,1
1,421,1
1,422,1
1,423,1
1,424,1
1,425,1
1,426,1
1,427,1
1,2082,3
2,428,1
2,429,1
2,430,1
2,431,1
2,432,1
2,433,1
2,434,1
2,435,1
2,436,1
2,437,1
2,438,1
2,595,3
2,1381,3
2,1879,3
2,2071,3
3,43,1
3,244,1
3,245,1
3,254,1
3,439,1
3,440,1
3,441,1
3,442,1
3,443,1
3,444,1
3,445,1
3,1196,3
4,25,1
4,100,1
4,106,1
4,121,1
4,153,3
4,336,3
4,429,1
4,446,1
4,447,1
4,448,1
4,449,1
4,450,1
4,451,1
4,452,1
4,453,1
4,454,1
4,455,1
4,456,1
4,457,1
4,458,1
4,459,1
4,460,1
4,461,1
4,462,1
4,463,1
4,464,1
4,465,1
4,466,1
4,467,1
4,468,1
4,469,1
4,470,1
4,471,1
4,472,1
4,473,1
4,474,1
4,475,1
4,476,1
4,477,1
4,478,1
4,479,1
4,480,1
4,481,1
4,482,1
4,483,1
4,484,1
4,485,1
4,486,1
4,487,1
4,488,1
4,489,1
4,490,1
4,491,1
4,492,1
4,493,1
4,624,3
5,33,1
5,191,1
5,192,1
5,193,1
5,194,1
5,195,1
5,196,1
5,494,1
5,495,1
5,496,1
5,497,1
5,498,1
5,499,1
5,500,1
5,501,1
5,502,1
5,503,1
5,504,1
5,505,1
5,506,1
5,507,1
5,508,1
5,509,1
5,510,1
5,511,1
5,512,1
5,513,1
5,514,1
5,515,1
5,516,1
5,517,1
5,518,1
5,519,1
5,520,1
5,521,1
5,522,1
5,523,1
5,524,1
5,525,1
5,526,1
5,527,1
5,528,1
5,529,1
5,530,1
5,531,1
5,1320,3
5,1325,3
6,8,1
6,9,1
6,11,1
6,21,1
6,22,1
6,28,1
6,29,1
6,33,1
6,61,1
6,103,1
6,104,1
6,108,1
6,112,1
6,146,3
6,158,1
6,164,1
6,175,1
6,177,1
6,185,1
6,186,1
6,189,1
6,190,1
6,195,1
6,196,1
6,197,1
6,201,1
6,206,1
6,207,1
6,208,1
6,225,1
6,235,1
6,238,1
6,239,1
6,240,1
6,241,1
6,242,1
6,243,1
6,249,1
6,275,1
6,276,1
6,277,1
6,282,1
6,283,1
6,285,1
6,290,1
6,292,1
6,293,1
6,294,1
6,295,1
6,346,1
6,383,1
6,385,1
6,401,1
6,441,1
6,504,1
6,511,1
6,513,1
6,515,1
6,516,1
6,517,1
6,520,1
6,526,1
6,528,1
6,529,1
6,532,1
6,533,1
6,534,1
6,535,1
6,536,1
6,537,1
6,538,1
6,539,1
6,540,1
6,541,1
6,542,1
6,543,1
6,544,1
6,545,1
6,546,1
6,547,1
6,548,1
6,549,1
6,550,1
6,551,1
6,552,1
6,553,1
6,554,1
6,555,1
6,556,1
6,557,1
6,558,1
6,559,1
6,560,1
6,561,1
6,562,1
6,563,1
6,564,1
6,565,1
6,566,1
6,567,1
6,568,1
6,569,1
6,570,1
6,571,1
6,572,1
6,573,1
6,574,1
6,575,1
6,576,1
6,577,1
6,578,1
6,579,1
6,580,1
6,581,1
6,582,1
6,583,1
6,584,1
6,585,1
6,586,1
6,587,1
6,588,1
6,589,1
6,590,1
6,591,1
6,592,1
6,593,1
6,594,1
6,595,1
6,596,1
6,597,1
6,598,1
6,599,1
6,600,1
6,601,1
6,602,1
6,603,1
6,604,1
6,605,1
6,606,1
6,607,1
6,608,1
6,609,1
6,610,1
6,611,1
6,612,1
6,613,1
6,614,1
6,615,1
6,616,1
6,617,1
6,618,1
6,619,1
6,620,1
6,621,1
6,622,1
6,623,1
6,624,1
6,625,1
6,626,1
6,627,1
6,628,1
6,629,1
6,630,1
6,631,1
6,632,1
6,633,1
6,634,1
6,635,1
6,636,1
6,637,1
6,638,1
6,639,1
6,640,1
6,641,1
6,642,1
6,643,1
6,644,1
6,645,1
6,646,1
6,647,1
6,648,1
6,649,1
6,650,1
6,651,1
6,652,1
6,653,1
6,654,1
6,655,1
6,656,1
6,657,1
6,658,1
6,659,1
6,660,1
6,661,1
6,662,1
6,663,1
6,664,1
6,665,1
6,666,1
6,667,1
6,668,1
6,669,1
6,670,1
6,671,1
6,672,1
6,673,1
6,674,1
6,675,1
6,676,1
6,677,1
6,678,1
6,679,1
6,680,1
6,681,1
6,682,1
6,683,1
6,684,1
6,685,1
6,686,1
6,687,1
6,688,1
6,689,1
6,690,1
6,691,1
6,692,1
6,693,1
6,694,1
6,695,1
6,696,1
6,697,1
6,698,1
6,699,1
6,700,1
6,701,1
6,702,1
6,703,1
6,704,1
6,705,1
6,706,1
6,707,1
6,708,1
6,709,1
6,710,1
6,711,1
6,712,1
6,713,1
6,714,1
6,715,1
6,716,1
6,717,1
6,718,1
6,719,1
6,720,1
6,721,1
6,722,1
6,723,1
6,724,1
6,725,1
6,726,1
6,727,1
6,728,1
6,729,1
6,730,1
6,731,1
7,12,1
7,21,1
7,25,1
7,30,1
7,44,1
7,51,1
7,52,1
7,54,1
7,55,1
7,56,1
7,60,1
7,66,1
7,67,1
7,68,1
7,69,1
7,77,1
7,79,1
7,80,1
7,84,1
7,95,1
7,96,1
7,97,1
7,100,1
7,102,1
7,104,1
7,106,1
7,107,1
7,111,1
7,112,1
7,114,1
7,116,1
7,120,1
7,127,1
7,145,1
7,152,1
7,153,1
7,155,1
7,156,1
7,167,1
7,169,1
7,180,1
7,181,1
7,182,1
7,185,1
7,187,1
7,188,1
7,190,1
7,191,1
7,192,1
7,193,1
7,201,1
7,203,1
7,205,1
7,206,1
7,207,1
7,209,1
7,213,1
7,215,1
7,223,1
7,225,1
7,226,1
7,227,1
7,228,1
7,230,1
7,231,1
7,232,1
7,234,1
7,241,1
7,242,1
7,243,1
7,244,1
7,246,1
7,251,1
7,256,1
7,257,1
7,260,1
7,264,1
7,265,1
7,266,1
7,269,1
7,270,1
7,273,1
7,278,1
7,279,1
7,286,1
7,300,1
7,301,1
7,304,1
7,305,1
7,340,1
7,384,1
7,385,1
7,386,1
7,392,1
7,393,1
7,396,1
7,411,1
7,421,1
7,441,1
7,460,1
7,474,1
7,475,1
7,489,1
7,494,1
7,495,1
7,530,1
7,532,1
7,535,1
7,536,1
7,538,1
7,559,1
7,560,1
7,597,1
7,598,1
7,599,1
7,600,1
7,601,1
7,603,1
7,604,1
7,607,1
7,608,1
7,617,1
7,622,1
7,633,1
7,635,1
7,636,1
7,637,1
7,638,1
7,639,1
7,641,1
7,642,1
7,665,1
7,670,1
7,675,1
7,678,1
7,708,1
7,709,1
7,710,1
7,722,1
7,723,1
7,724,1
7,732,1
7,733,1
7,734,1
7,735,1
7,736,1
7,737,1
7,738,1
7,739,1
7,740,1
7,741,1
7,742,1
7,743,1
7,744,1
7,745,1
7,746,1
7,747,1
7,748,1
7,749,1
7,750,1
7,751,1
7,752,1
7,753,1
7,754,1
7,755,1
7,756,1
7,757,1
7,758,1
7,759,1
7,760,1
7,761,1
7,762,1
7,763,1
7,764,1
7,765,1
7,766,1
7,767,1
7,768,1
7,769,1
7,770,1
7,771,1
7,772,1
7,773,1
7,774,1
7,775,1
7,776,1
7,777,1
7,778,1
7,779,1
7,780,1
7,781,1
7,782,1
7,783,1
7,784,1
7,785,1
7,786,1
7,787,1
7,788,1
7,789,1
7,790,1
7,791,1
7,792,1
7,793,1
7,794,1
7,795,1
7,796,1
7,797,1
7,798,1
7,799,1
7,800,1
7,801,1
7,802,1
7,803,1
7,804,1
7,805,1
7,806,1
7,807,1
7,808,1
7,809,1
7,810,1
7,811,1
7,812,1
7,813,1
7,814,1
7,815,1
7,816,1
7,817,1
7,818,1
7,819,1
7,820,1
7,821,1
7,822,1
7,823,1
7,824,1
7,825,1
7,826,1
7,827,1
7,828,1
7,829,1
7,830,1
7,831,1
7,832,1
7,833,1
7,834,1
7,835,1
7,836,1
7,837,1
7,838,1
7,839,1
7,840,1
7,841,1
7,842,1
7,843,1
7,844,1
7,845,1
7,846,1
7,847,1
7,848,1
7,849,1
7,850,1
7,851,1
7,852,1
7,853,1
7,854,1
7,855,1
7,856,1
7,857,1
7,858,1
7,859,1
7,860,1
7,861,1
7,862,1
7,863,1
7,864,1
7,865,1
7,866,1
7,867,1
7,868,1
7,869,1
7,870,1
7,871,1
7,872,1
7,873,1
7,874,1
7,875,1
7,876,1
7,877,1
7,878,1
7,879,1
7,880,1
7,881,1
7,882,1
7,883,1
7,884,1
7,885,1
7,886,1
7,887,1
7,888,1
7,889,1
7,891,1
7,892,1
7,893,1
7,894,1
7,895,1
7,896,1
7,897,1
7,898,1
7,899,1
7,900,1
7,901,1
7,902,1
7,903,1
7,904,1
7,905,1
7,906,1
7,907,1
7,908,1
7,910,1
7,911,1
7,912,1
7,913,1
7,914,1
7,915,1
7,916,1
7,926,1
7,927,1
7,928,1
7,929,1
7,930,1
7,931,1
7,932,1
7,933,1
7,934,1
7,935,1
7,936,1
7,937,1
7,938,1
7,939,1
7,940,1
7,941,1
7,942,1
7,943,1
7,944,1
7,945,1
7,946,1
7,947,1
7,948,1
7,949,1
7,950,1
7,951,1
7,952,1
7,953,1
7,954,1
7,955,1
7,956,1
7,957,1
7,958,1
7,959,1
7,960,1
7,961,1
7,962,1
7,963,1
7,964,1
7,965,1
7,966,1
7,967,1
7,968,1
7,969,1
7,970,1
7,971,1
7,972,1
7,973,1
7,974,1
7,975,1
7,976,1
7,977,1
7,978,1
7,979,1
7,980,1
7,981,1
7,982,1
7,983,1
7,984,1
7,985,1
7,986,1
7,987,1
7,988,1
7,989,1
7,990,1
7,991,1
7,992,1
7,993,1
7,994,1
7,995,1
7,996,1
7,997,1
7,998,1
7,999,1
7,1000,1
7,1001,1
7,1002,1
7,1003,1
7,1004,1
7,1005,1
7,1006,1
7,1007,1
7,1008,1
7,1009,1
7,1010,1
7,1011,1
7,1012,1
7,1013,1
7,1014,1
7,1015,1
7,1016,1
7,1017,1
7,1018,1
7,1019,1
7,1020,1
7,1021,1
7,1022,1
7,1023,1
7,1024,1
7,1025,1
7,1026,1
7,1027,1
7,1028,1
7,1029,1
7,1030,1
7,1031,1
7,1032,1
7,1143,3
7,1380,3
7,1860,3
8,222,3
8,1033,1
8,1034,1
8,1508,3
9,13,1
9,36,1
9,41,1
9,43,1
9,48,1
9,52,1
9,82,1
9,88,1
9,92,1
9,97,1
9,98,1
9,99,1
9,100,1
9,104,1
9,105,1
9,107,1
9,110,1
9,112,1
9,117,1
9,118,1
9,119,1
9,122,1
9,127,1
9,149,1
9,161,1
9,163,1
9,177,1
9,239,1
9,268,1
9,285,1
9,304,1
9,311,1
9,428,1
9,440,1
9,441,1
9,442,1
9,444,1
9,445,1
9,447,1
9,468,1
9,472,1
9,505,1
9,520,1
9,521,1
9,522,1
9,523,1
9,544,1
9,546,1
9,562,1
9,599,1
9,601,1
9,621,1
9,633,1
9,687,1
9,694,1
9,719,1
9,730,1
9,734,1
9,738,1
9,743,1
9,744,1
9,758,1
9,782,1
9,788,1
9,802,1
9,808,1
9,810,1
9,818,3
9,828,1
9,834,1
9,852,1
9,863,1
9,885,1
9,888,1
9,889,1
9,891,1
9,899,1
9,905,1
9,910,1
9,915,1
9,928,1
9,953,1
9,971,1
9,997,1
9,1014,1
9,1019,1
9,1023,1
9,1035,1
9,1036,1
9,1037,1
9,1038,1
9,1039,1
9,1040,1
9,1041,1
9,1042,1
9,1043,1
9,1044,1
9,1045,1
9,1046,1
9,1047,1
9,1048,1
9,1049,1
9,1050,1
9,1051,1
9,1052,1
9,1053,1
9,1054,1
9,1055,1
9,1056,1
9,1057,1
9,1058,1
9,1059,1
9,1060,1
9,1061,1
9,1062,1
9,1063,1
9,1064,1
9,1065,1
9,1066,1
9,1067,1
9,1068,1
9,1069,1
9,1070,1
9,1071,1
9,1072,1
9,1073,1
9,1074,1
9,1075,1
9,1076,1
9,1077,1
9,1078,1
9,1079,1
9,1080,1
9,1081,1
9,1082,1
9,1083,1
9,1084,1
9,1085,1
9,1086,1
9,1087,1
9,1088,1
9,1089,1
9,1090,1
9,1091,1
9,1092,1
9,1093,1
9,1094,1
9,1095,1
9,1096,1
9,1097,1
9,1098,1
9,1099,1
9,1100,1
9,1101,1
9,1102,1
9,1103,1
9,1104,1
9,1105,1
9,1106,1
9,1107,1
9,1108,1
9,1109,1
9,1110,1
9,1111,1
9,1112,1
9,1113,1
9,1114,1
9,1115,1
9,1116,1
9,1117,1
9,1118,1
9,1119,1
9,1120,1
9,1121,1
9,1122,1
9,1123,1
9,1124,1
9,1125,1
9,1126,1
9,1127,1
9,1128,1
9,1129,1
9,1130,1
9,1131,1
9,1132,1
9,1133,1
9,1134,1
9,1135,1
9,1136,1
9,1137,1
9,1138,1
9,1139,1
9,1140,1
9,1141,1
9,1142,1
9,1143,1
9,1144,1
9,1145,1
9,1146,1
9,1147,1
9,1148,1
9,1149,1
9,1150,1
9,1151,1
9,1152,1
9,1153,1
9,1154,1
9,1155,1
9,1156,1
9,1157,1
9,1158,1
9,1159,1
9,1160,1
9,1161,1
9,1162,1
9,1163,1
9,1164,1
9,1165,1
9,1166,1
9,1167,1
9,1168,1
9,1169,1
9,1170,1
9,1171,1
9,1172,1
9,1173,1
9,1174,1
9,1175,1
9,1176,1
9,1177,1
9,1178,1
9,1179,1
9,1180,1
9,1181,1
9,1182,1
9,1183,1
9,1184,1
9,1185,1
9,1186,1
9,1187,1
9,1188,1
9,1189,1
9,1190,1
9,1191,1
9,1192,1
9,1193,1
9,1194,1
9,1195,1
9,1196,1
9,1197,1
9,1198,1
9,1199,1
9,1200,1
9,1201,1
9,1202,1
9,1203,1
9,1204,1
9,1205,1
9,1206,1
9,1207,1
9,1208,1
9,1209,1
9,1210,1
9,1211,1
9,1212,1
9,1213,1
9,1214,1
9,1215,1
9,1216,1
9,1217,1
9,1218,1
9,1219,1
9,1220,1
9,1221,1
9,1222,1
9,1223,1
9,1224,1
9,1225,1
9,1226,1
9,1227,1
9,1228,1
9,1229,1
9,1230,1
9,1231,1
9,1232,1
9,1233,1
9,1234,1
9,1235,1
9,1236,1
9,1237,1
9,1238,1
9,1239,1
9,1240,1
9,1241,1
9,1242,1
9,1243,1
9,1244,1
9,1245,1
9,1246,1
9,1247,1
9,1248,1
9,1249,1
9,1250,1
9,1251,1
9,1252,1
9,1253,1
9,1254,1
9,1255,1
9,1256,1
9,1257,1
9,1258,1
9,1259,1
9,1260,1
9,1261,1
9,1262,1
9,1263,1
9,1264,1
9,1265,1
9,1266,1
9,1267,1
9,1268,1
9,1269,1
9,1270,1
9,1271,1
9,1272,1
9,1273,1
9,1274,1
9,1275,1
9,1276,1
9,1277,1
9,1278,1
9,1279,1
9,1280,1
9,1281,1
9,1282,1
9,1283,1
9,1284,1
9,1285,1
9,1286,1
9,1287,1
9,1288,1
9,1289,1
9,1290,1
9,1291,1
9,1292,1
9,1293,1
9,1294,1
9,1295,1
9,1296,1
9,1297,1
9,1298,1
9,1299,1
9,1300,1
9,1301,1
9,1302,1
9,1303,1
9,1304,1
9,1305,1
9,1306,1
9,1307,1
9,1308,1
9,1309,1
9,1310,1
9,1311,1
9,1312,1
9,1313,1
9,1314,1
9,1315,1
9,1316,1
9,1317,1
9,1318,1
9,1319,1
9,1320,1
9,1321,1
9,1322,1
9,1323,1
9,1324,1
9,1325,1
9,1326,1
9,1327,1
9,1328,1
9,1329,1
9,1330,1
9,1331,1
9,1332,1
9,1333,1
9,1334,1
9,1335,1
9,1336,1
9,1337,1
9,1338,1
9,1339,1
9,1340,1
9,1341,1
9,1342,1
9,1343,1
9,1344,1
9,1345,1
9,1346,1
9,1347,1
9,1348,1
9,1349,1
9,1350,1
9,1351,1
9,1352,1
9,1353,1
9,1354,1
9,1355,1
9,1356,1
9,1357,1
9,1358,1
9,1359,1
9,1360,1
9,1361,1
9,1362,1
9,1363,1
9,1364,1
9,1365,1
9,1366,1
9,1367,1
9,1368,1
9,1369,1
9,1370,1
9,1371,1
9,1372,1
9,1373,1
9,1374,1
9,1375,1
9,1376,1
9,1377,1
9,1378,1
9,1379,1
9,1380,1
9,1381,1
9,1382,1
9,1383,1
9,1384,1
9,1385,1
9,1386,1
9,1387,1
10,8,1
10,15,1
10,19,1
10,29,1
10,52,1
10,62,1
10,65,1
10,87,1
10,96,1
10,97,1
10,115,1
10,129,1
10,134,1
10,143,1
10,148,1
10,181,1
10,182,1
10,190,1
10,226,1
10,228,1
10,242,1
10,245,1
10,304,1
10,319,1
10,320,1
10,327,1
10,328,1
10,346,1
10,348,1
10,349,1
10,350,1
10,356,1
10,357,1
10,359,1
10,360,1
10,362,1
10,363,1
10,364,1
10,366,1
10,368,1
10,371,1
10,383,1
10,385,1
10,420,1
10,479,1
10,480,1
10,481,1
10,534,1
10,546,1
10,549,1
10,551,1
10,553,1
10,554,1
10,615,1
10,671,1
10,731,1
10,780,1
10,781,1
10,788,1
10,789,1
10,812,1
10,813,1
10,814,1
10,847,1
10,859,1
10,860,1
10,880,1
10,888,1
10,915,1
10,916,1
10,1082,1
10,1115,1
10,1181,1
10,1280,1
10,1306,1
10,1367,1
10,1368,1
10,1388,1
10,1389,1
10,1390,1
10,1391,1
10,1392,1
10,1393,1
10,1394,1
10,1395,1
10,1396,1
10,1397,1
10,1398,1
10,1399,1
10,1400,1
10,1401,1
10,1402,1
10,1403,1
10,1404,1
10,1405,1
10,1406,1
10,1407,1
10,1408,1
10,1409,1
10,1410,1
10,1411,1
10,1412,1
10,1413,1
10,1414,1
10,1415,1
10,1416,1
10,1417,1
10,1418,1
10,1419,1
10,1420,1
10,1421,1
10,1422,1
10,1423,1
10,1424,1
10,1425,1
10,1426,1
10,1427,1
10,1428,1
10,1429,1
10,1430,1
10,1431,1
10,1432,1
10,1433,1
10,1434,1
10,1435,1
10,1436,1
10,1437,1
10,1438,1
10,1439,1
10,1440,1
10,1441,1
10,1442,1
10,1443,1
11,1,1
11,25,1
11,100,1
11,251,1
11,272,1
11,393,1
11,397,1
11,399,1
11,401,1
11,402,1
11,404,1
11,405,1
11,407,1
11,409,1
11,410,1
11,412,1
11,413,1
11,419,1
11,420,1
11,422,1
11,427,1
11,925,3
11,1271,1
11,1444,1
11,1445,1
11,1446,1
11,1447,1
11,1448,1
11,1449,1
11,1450,1
11,1451,1
11,1452,1
12,82,1
12,156,1
12,400,1
12,406,1
12,419,1
12,422,1
12,425,1
12,466,3
12,570,1
12,575,1
12,682,1
12,808,3
12,875,1
12,940,1
12,1053,1
12,1055,1
12,1118,1
12,1325,1
1385,12,0
1453,12,0
1454,12,0
1455,12,0
1456,12,0
1457,12,0
1458,12,0
1459,12,0
1460,12,0
1461,12,0
1462,12,0
1463,12,0
1464,12,0
1465,12,0
1466,12,0
1467,12,0
1468,12,0
1469,12,0
1470,12,0
12,1810,3
3,13,0
28,13,0
29,13,0
46,13,0
116,13,0
579,13,0
867,13,0
868,13,0
869,13,0
870,13,0
871,13,0
1036,13,0
1093,13,0
1144,13,0
1315,13,0
1429,13,0
13,1439,3
1471,13,0
1472,13,0
1473,13,0
1474,13,0
1475,13,0
1476,13,0
1477,13,0
1478,13,0
1479,13,0
1480,13,0
1481,13,0
1482,13,0
1483,13,0
1484,13,0
1485,13,0
1486,13,0
1487,13,0
1488,13,0
1489,13,0
1490,13,0
1491,13,0
1492,13,0
1493,13,0
1494,13,0
1495,13,0
1496,13,0
1497,13,0
1498,13,0
109,14,0
14,529,3
661,14,0
684,14,0
685,14,0
686,14,0
1230,14,0
1389,14,0
1390,14,0
1391,14,0
1393,14,0
1499,14,0
1500,14,0
1501,14,0
1502,14,0
1503,14,0
1504,14,0
1505,14,0
1506,14,0
1507,14,0
1508,14,0
1509,14,0
1510,14,0
1511,14,0
1512,14,0
14,1811,3
28,15,0
65,15,0
270,15,0
271,15,0
383,15,0
475,15,0
476,15,0
488,15,0
15,1091,3
1280,15,0
1417,15,0
1418,15,0
1420,15,0
1513,15,0
1514,15,0
1515,15,0
1516,15,0
1517,15,0
1518,15,0
98,16,0
16,758,3
780,16,0
781,16,0
16,943,3
16,1080,3
16,1361,3
1398,16,0
16,1422,3
16,1918,3
16,1960,3
27,17,0
38,17,0
50,17,0
87,17,0
90,17,0
111,17,0
113,17,0
133,17,0
145,17,0
187,17,0
188,17,0
199,17,0
200,17,0
205,17,0
217,17,0
221,17,0
225,17,0
249,17,0
266,17,0
275,17,0
288,17,0
289,17,0
290,17,0
291,17,0
292,17,0
293,17,0
294,17,0
295,17,0
303,17,0
383,17,0
396,17,0
401,17,0
411,17,0
420,17,0
506,17,0
508,17,0
509,17,0
533,17,0
535,17,0
536,17,0
544,17,0
546,17,0
548,17,0
559,17,0
576,17,0
583,17,0
585,17,0
586,17,0
590,17,0
593,17,0
596,17,0
598,17,0
600,17,0
601,17,0
602,17,0
603,17,0
604,17,0
609,17,0
622,17,0
627,17,0
628,17,0
629,17,0
635,17,0
639,17,0
665,17,0
674,17,0
677,17,0
680,17,0
688,17,0
689,17,0
690,17,0
17,713,3
734,17,0
737,17,0
798,17,0
803,17,0
811,17,0
820,17,0
824,17,0
886,17,0
890,17,0
909,17,0
928,17,0
932,17,0
946,17,0
970,17,0
995,17,0
1033,17,0
1034,17,0
1058,17,0
1076,17,0
1144,17,0
1145,17,0
1186,17,0
1198,17,0
1519,17,0
1520,17,0
1521,17,0
1522,17,0
1523,17,0
1524,17,0
1525,17,0
1526,17,0
1527,17,0
1528,17,0
1529,17,0
1530,17,0
1531,17,0
1532,17,0
1533,17,0
1534,17,0
1535,17,0
1536,17,0
1537,17,0
1538,17,0
1539,17,0
1540,17,0
1541,17,0
1542,17,0
1543,17,0
1544,17,0
1545,17,0
1546,17,0
1547,17,0
1548,17,0
1549,17,0
1550,17,0
1551,17,0
1552,17,0
1553,17,0
1554,17,0
1555,17,0
1556,17,0
1557,17,0
1558,17,0
1559,17,0
1560,17,0
1561,17,0
1562,17,0
1563,17,0
1564,17,0
1565,17,0
1566,17,0
1567,17,0
1568,17,0
1569,17,0
18,432,3
1570,18,0
1571,18,0
18,2115,3
1406,19,0
1407,19,0
19,1421,3
19,1486,3
2,20,0
11,20,0
14,20,0
16,20,0
29,20,0
60,20,0
63,20,0
64,20,0
98,20,0
108,20,0
109,20,0
130,20,0
134,20,0
138,20,0
141,20,0
165,20,0
172,20,0
174,20,0
175,20,0
192,20,0
202,20,0
203,20,0
204,20,0
224,20,0
258,20,0
266,20,0
274,20,0
287,20,0
306,20,0
307,20,0
319,20,0
320,20,0
321,20,0
322,20,0
326,20,0
327,20,0
328,20,0
338,20,0
347,20,0
348,20,0
349,20,0
351,20,0
352,20,0
353,20,0
355,20,0
356,20,0
357,20,0
359,20,0
361,20,0
363,20,0
364,20,0
365,20,0
366,20,0
371,20,0
374,20,0
385,20,0
396,20,0
417,20,0
421,20,0
423,20,0
434,20,0
437,20,0
441,20,0
444,20,0
445,20,0
456,20,0
505,20,0
506,20,0
507,20,0
508,20,0
509,20,0
530,20,0
533,20,0
538,20,0
548,20,0
556,20,0
559,20,0
561,20,0
562,20,0
628,20,0
631,20,0
633,20,0
645,20,0
705,20,0
722,20,0
788,20,0
796,20,0
820,20,0
827,20,0
837,20,0
847,20,0
853,20,0
888,20,0
889,20,0
891,20,0
892,20,0
914,20,0
20,960,3
997,20,0
999,20,0
1014,20,0
1034,20,0
1040,20,0
1060,20,0
1064,20,0
1065,20,0
1066,20,0
1067,20,0
1070,20,0
1077,20,0
1078,20,0
1088,20,0
1092,20,0
1107,20,0
1125,20,0
1128,20,0
1134,20,0
1144,20,0
1145,20,0
1164,20,0
1186,20,0
1198,20,0
1225,20,0
1227,20,0
1231,20,0
1238,20,0
1255,20,0
1290,20,0
1299,20,0
1366,20,0
1378,20,0
1380,20,0
1396,20,0
1397,20,0
1398,20,0
1400,20,0
1404,20,0
1417,20,0
1419,20,0
1443,20,0
1516,20,0
1538,20,0
1572,20,0
1573,20,0
1574,20,0
1575,20,0
1576,20,0
1577,20,0
1578,20,0
1579,20,0
1580,20,0
1581,20,0
1582,20,0
1583,20,0
1584,20,0
1585,20,0
1586,20,0
1587,20,0
1588,20,0
1589,20,0
1590,20,0
1591,20,0
1592,20,0
1593,20,0
1594,20,0
1595,20,0
1596,20,0
1597,20,0
1598,20,0
1599,20,0
1600,20,0
1601,20,0
1602,20,0
1603,20,0
1604,20,0
1605,20,0
1606,20,0
1607,20,0
1608,20,0
1609,20,0
1610,20,0
1611,20,0
1612,20,0
1613,20,0
1614,20,0
1615,20,0
1616,20,0
1617,20,0
1618,20,0
1619,20,0
1620,20,0
1621,20,0
1622,20,0
1623,20,0
1624,20,0
1625,20,0
1626,20,0
1627,20,0
1628,20,0
1629,20,0
1630,20,0
1631,20,0
1632,20,0
1633,20,0
1634,20,0
1635,20,0
1636,20,0
1637,20,0
1638,20,0
1639,20,0
1640,20,0
1641,20,0
1642,20,0
1643,20,0
1644,20,0
1645,20,0
1646,20,0
1647,20,0
1648,20,0
1649,20,0
1650,20,0
1651,20,0
1652,20,0
1653,20,0
1654,20,0
1655,20,0
1656,20,0
1657,20,0
1658,20,0
1659,20,0
1660,20,0
1661,20,0
1662,20,0
1663,20,0
1664,20,0
1665,20,0
1666,20,0
1667,20,0
1668,20,0
1669,20,0
1670,20,0
1671,20,0
1672,20,0
1673,20,0
1674,20,0
1675,20,0
1676,20,0
1677,20,0
1678,20,0
1679,20,0
1680,20,0
1681,20,0
1682,20,0
1683,20,0
1684,20,0
1685,20,0
1686,20,0
1687,20,0
1688,20,0
1689,20,0
1690,20,0
1691,20,0
1692,20,0
1693,20,0
1694,20,0
1695,20,0
1696,20,0
1697,20,0
1698,20,0
1699,20,0
612,21,0
708,21,0
710,21,0
712,21,0
713,21,0
21,22,0
22,391,3
496,22,0
497,22,0
501,22,0
502,22,0
531,22,0
566,22,0
569,22,0
612,22,0
624,22,0
709,22,0
710,22,0
711,22,0
713,22,0
716,22,0
22,1111,3
22,1433,3
1700,22,0
1701,22,0
1702,22,0
1703,23,0
1704,23,0
1705,23,0
1706,23,0
1707,23,0
24,787,3
890,24,0
24,1326,3
24,1674,3
50,25,0
272,25,0
393,25,0
395,25,0
397,25,0
399,25,0
401,25,0
402,25,0
404,25,0
405,25,0
406,25,0
407,25,0
409,25,0
413,25,0
420,25,0
427,25,0
812,25,0
814,25,0
876,25,0
1417,25,0
1418,25,0
1419,25,0
1445,25,0
1450,25,0
1561,25,0
1708,25,0
1709,25,0
1710,25,0
1711,25,0
26,148,3
217,26,0
219,26,0
220,26,0
221,26,0
222,26,0
523,26,0
524,26,0
526,26,0
527,26,0
528,26,0
26,848,3
26,1017,3
1455,26,0
1463,26,0
1465,26,0
1467,26,0
1712,26,0
1713,26,0
1714,26,0
1715,26,0
1716,26,0
1717,26,0
1718,26,0
1719,26,0
1563,27,0
1565,27,0
27,1648,3
27,1697,3
27,1928,3
270,28,0
383,28,0
28,405,3
646,28,0
656,28,0
811,28,0
915,28,0
1033,28,0
28,1109,3
1417,28,0
1418,28,0
1420,28,0
1516,28,0
1622,28,0
1679,28,0
1720,28,0
1721,28,0
1722,28,0
1723,28,0
1724,28,0
1725,28,0
270,29,0
29,379,3
383,29,0
29,1200,3
1417,29,0
1418,29,0
1423,29,0
1516,29,0
30,275,3
30,916,3
965,30,0
1026,30,0
1027,30,0
1029,30,0
30,1508,3
30,1670,3
1726,31,0
1727,31,0
14,32,0
24,32,0
29,32,0
52,32,0
133,32,0
396,32,0
403,32,0
404,32,0
412,32,0
795,32,0
797,32,0
829,32,0
1073,32,0
1238,32,0
1417,32,0
1418,32,0
1419,32,0
1420,32,0
1452,32,0
1487,32,0
32,1540,3
1728,32,0
1729,32,0
1730,32,0
1731,32,0
1732,32,0
1733,32,0
1734,32,0
1735,32,0
1736,32,0
1737,32,0
1738,32,0
1739,32,0
1740,32,0
112,33,0
164,33,0
190,33,0
195,33,0
197,33,0
218,33,0
219,33,0
220,33,0
222,33,0
235,33,0
237,33,0
241,33,0
249,33,0
277,33,0
280,33,0
281,33,0
282,33,0
285,33,0
287,33,0
288,33,0
289,33,0
290,33,0
291,33,0
292,33,0
293,33,0
295,33,0
296,33,0
389,33,0
390,33,0
515,33,0
516,33,0
517,33,0
518,33,0
521,33,0
524,33,0
525,33,0
532,33,0
533,33,0
538,33,0
544,33,0
545,33,0
552,33,0
557,33,0
558,33,0
575,33,0
611,33,0
617,33,0
618,33,0
619,33,0
620,33,0
628,33,0
629,33,0
647,33,0
648,33,0
649,33,0
663,33,0
675,33,0
676,33,0
678,33,0
679,33,0
682,33,0
683,33,0
695,33,0
699,33,0
702,33,0
703,33,0
717,33,0
33,965,3
1150,33,0
1280,33,0
1542,33,0
1544,33,0
1547,33,0
1566,33,0
1741,33,0
1742,33,0
34,158,3
190,34,0
217,34,0
222,34,0
241,34,0
243,34,0
277,34,0
280,34,0
281,34,0
282,34,0
390,34,0
515,34,0
517,34,0
518,34,0
519,34,0
520,34,0
521,34,0
522,34,0
523,34,0
524,34,0
526,34,0
529,34,0
552,34,0
575,34,0
620,34,0
34,629,3
682,34,0
683,34,0
717,34,0
34,727,3
1280,34,0
34,2128,3
35,283,3
972,35,0
973,35,0
974,35,0
976,35,0
978,35,0
979,35,0
980,35,0
981,35,0
35,1615,3
35,1686,3
1743,35,0
52,36,0
65,36,0
672,36,0
915,36,0
1280,36,0
1323,36,0
1324,36,0
1744,36,0
1745,36,0
1746,36,0
36,1892,3
412,37,0
413,37,0
832,37,0
37,1186,3
37,1577,3
37,1734,3
1747,37,0
1748,37,0
37,1911,3
134,38,0
183,38,0
246,38,0
250,38,0
257,38,0
263,38,0
267,38,0
340,38,0
561,38,0
633,38,0
900,38,0
1108,38,0
1306,38,0
1402,38,0
1426,38,0
1514,38,0
1634,38,0
1728,38,0
1749,38,0
1750,38,0
1751,38,0
1752,38,0
1753,38,0
1754,38,0
1755,38,0
1756,38,0
1757,38,0
1758,38,0
1759,38,0
1760,38,0
1761,38,0
1762,38,0
1763,38,0
1764,38,0
1765,38,0
1766,38,0
1767,38,0
1768,38,0
1769,38,0
1770,38,0
456,39,0
457,39,0
42,40,0
157,40,0
199,40,0
200,40,0
411,40,0
956,40,0
1119,40,0
40,1394,3
1557,40,0
1570,40,0
1771,40,0
1772,40,0
1773,40,0
1774,40,0
1775,40,0
1776,40,0
1777,40,0
954,41,0
1513,41,0
1514,41,0
1516,41,0
1587,41,0
42,410,3
735,42,0
42,851,3
198,43,0
211,43,0
212,43,0
244,43,0
304,43,0
393,43,0
460,43,0
43,1405,3
1778,43,0
1779,43,0
135,44,0
44,324,3
753,44,0
754,44,0
755,44,0
756,44,0
759,44,0
44,815,3
821,44,0
822,44,0
823,44,0
829,44,0
830,44,0
831,44,0
839,44,0
840,44,0
914,44,0
1280,44,0
1395,44,0
1620,44,0
1679,44,0
1724,44,0
1780,44,0
1781,44,0
1782,44,0
1783,44,0
1784,44,0
45,177,3
663,45,0
717,45,0
185,46,0
186,46,0
187,46,0
188,46,0
46,624,3
1492,46,0
1494,46,0
1496,46,0
47,1252,3
1788,47,0
1789,47,0
48,451,3
534,48,0
48,582,3
616,48,0
664,48,0
1790,48,0
1791,48,0
49,464,3
49,738,3
1304,49,0
1796,49,0
1797,49,0
50,147,3
50,563,3
841,50,0
914,51,0
51,1376,3
186,52,0
187,52,0
188,52,0
386,52,0
450,52,0
453,52,0
467,52,0
561,52,0
562,52,0
633,52,0
52,1048,3
1051,52,0
1082,52,0
1164,52,0
1417,52,0
1419,52,0
1443,52,0
1645,52,0
1708,52,0
54,53,0
912,53,0
941,53,0
942,53,0
1015,53,0
1016,53,0
53,1046,3
53,1205,3
1471,53,0
1847,53,0
936,54,0
942,54,0
54,962,3
1016,54,0
54,1462,3
54,1530,3
55,370,3
729,55,0
874,55,0
943,55,0
952,55,0
873,56,0
875,56,0
940,56,0
994,56,0
56,2189,3
57,340,3
873,57,0
994,57,0
57,1189,3
57,1550,3
57,2079,3
934,58,0
935,58,0
1010,58,0
1011,58,0
1012,58,0
1013,58,0
58,1230,3
1848,58,0
430,59,0
431,59,0
434,59,0
59,1289,3
1849,59,0
1850,59,0
1851,59,0
1852,59,0
1853,59,0
1854,59,0
1855,59,0
226,60,0
228,60,0
60,293,3
571,60,0
815,60,0
816,60,0
817,60,0
887,60,0
1856,60,0
60,1877,3
146,61,0
185,61,0
188,61,0
189,61,0
225,61,0
240,61,0
535,61,0
536,61,0
774,61,0
775,61,0
776,61,0
61,992,3
1513,61,0
1514,61,0
1553,61,0
1555,61,0
1587,61,0
1731,61,0
1802,61,0
1857,61,0
1858,61,0
1859,61,0
1860,61,0
1861,61,0
1862,61,0
1863,61,0
1864,61,0
1865,61,0
1866,61,0
561,62,0
562,62,0
781,62,0
98,63,0
385,63,0
938,63,0
939,63,0
954,63,0
972,63,0
974,63,0
975,63,0
977,63,0
978,63,0
979,63,0
980,63,0
982,63,0
1031,63,0
1145,63,0
1181,63,0
1368,63,0
1433,63,0
1434,63,0
1436,63,0
1439,63,0
1440,63,0
1867,63,0
1868,63,0
1869,63,0
43,64,0
64,376,3
1396,64,0
1397,64,0
1399,64,0
1400,64,0
1401,64,0
1424,64,0
1870,64,0
52,65,0
217,65,0
220,65,0
222,65,0
65,873,3
916,65,0
1423,65,0
65,1459,3
1519,65,0
1533,65,0
1871,65,0
741,66,0
742,66,0
743,66,0
745,66,0
746,66,0
882,66,0
1724,66,0
1872,66,0
1873,66,0
1874,66,0
1875,66,0
902,67,0
67,1681,3
68,266,3
825,68,0
826,68,0
193,69,0
194,69,0
460,69,0
752,69,0
865,69,0
866,69,0
69,1322,3
69,1390,3
560,70,0
645,70,0
1556,70,0
28,71,0
383,71,0
863,71,0
71,960,3
1418,71,0
1419,71,0
1742,71,0
72,698,3
944,72,0
1001,72,0
1002,72,0
72,1531,3
1876,72,0
1877,72,0
1878,72,0
1879,72,0
1880,72,0
234,73,0
391,73,0
1395,73,0
141,74,0
74,1234,3
1881,74,0
1882,74,0
74,1997,3
75,1765,3
1883,75,0
1884,75,0
1885,75,0
1886,75,0
1887,75,0
76,152,3
191,76,0
192,76,0
193,76,0
194,76,0
833,76,0
76,997,3
76,1145,3
230,77,0
789,77,0
790,77,0
791,77,0
898,77,0
911,77,0
77,1367,3
77,2115,3
230,78,0
231,78,0
790,78,0
791,78,0
828,78,0
78,1102,3
78,1592,3
205,79,0
206,79,0
207,79,0
208,79,0
800,79,0
802,79,0
894,79,0
79,1998,3
813,80,0
814,80,0
80,1148,3
80,1254,3
149,81,0
81,163,3
1221,81,0
1223,81,0
1373,81,0
1513,81,0
1514,81,0
1529,81,0
1530,81,0
1587,81,0
1784,81,0
1802,81,0
1858,81,0
1859,81,0
1860,81,0
1861,81,0
1862,81,0
1865,81,0
1888,81,0
1889,81,0
1890,81,0
1891,81,0
1892,81,0
1893,81,0
1894,81,0
1895,81,0
1896,81,0
1897,81,0
1898,81,0
1899,81,0
1900,81,0
1901,81,0
1902,81,0
1903,81,0
1904,81,0
1905,81,0
1906,81,0
1907,81,0
1908,81,0
1909,81,0
1910,81,0
1911,81,0
1912,81,0
1913,81,0
1914,81,0
1915,81,0
565,82,0
1069,82,0
1598,82,0
1916,82,0
82,2019,3
183,83,0
184,83,0
252,83,0
580,83,0
581,83,0
631,83,0
1112,83,0
1734,83,0
1735,83,0
1754,83,0
1916,83,0
1917,83,0
1918,83,0
1919,83,0
1920,83,0
1921,83,0
1922,83,0
1923,83,0
1924,83,0
1925,83,0
1926,83,0
1927,83,0
1928,83,0
67,84,0
84,338,3
84,663,3
84,1610,3
84,2105,3
1929,85,0
85,2110,3
13,86,0
86,1015,3
86,1313,3
1488,86,0
1930,86,0
219,87,0
221,87,0
222,87,0
87,1210,3
1519,87,0
1532,87,0
88,399,3
1040,88,0
88,1055,3
1101,88,0
89,238,3
89,898,3
89,1210,3
1931,89,0
1932,89,0
1933,89,0
1934,89,0
90,1395,3
1523,90,0
90,1726,3
92,401,3
92,470,3
1043,92,0
92,1050,3
1935,92,0
1936,92,0
763,93,0
764,93,0
93,945,3
765,94,0
766,94,0
94,849,3
95,495,3
782,95,0
783,95,0
784,95,0
785,95,0
786,95,0
787,95,0
95,1397,3
96,399,3
859,96,0
1024,96,0
1024,97,0
97,2071,3
8,98,0
148,98,0
181,98,0
182,98,0
98,337,3
633,98,0
1109,98,0
1356,98,0
1442,98,0
1621,98,0
1950,98,0
1951,98,0
1952,98,0
1953,98,0
1954,98,0
99,851,3
272,100,0
837,101,0
1955,101,0
1956,101,0
1957,101,0
102,231,3
102,592,3
843,102,0
844,102,0
845,102,0
846,102,0
1734,102,0
1958,102,0
1959,102,0
1960,102,0
11,103,0
397,103,0
401,103,0
435,103,0
1165,103,0
607,104,0
608,104,0
614,104,0
724,104,0
725,104,0
104,105,0
105,260,3
607,105,0
614,105,0
723,105,0
724,105,0
725,105,0
105,1145,3
105,1308,3
105,1319,3
105,1542,3
106,292,3
479,106,0
480,106,0
482,106,0
483,106,0
1129,106,0
1416,106,0
1604,106,0
1803,106,0
1826,106,0
1961,106,0
1962,106,0
1963,106,0
1964,106,0
1965,106,0
1966,106,0
1967,106,0
1968,106,0
1969,106,0
1970,106,0
1971,106,0
819,107,0
107,1321,3
107,1862,3
107,2021,3
107,2057,3
108,221,3
661,109,0
685,109,0
686,109,0
687,109,0
109,1041,3
1230,109,0
1505,109,0
1506,109,0
110,621,3
110,1405,3
1972,110,0
1973,110,0
66,111,0
301,111,0
305,111,0
877,111,0
878,111,0
879,111,0
636,112,0
638,112,0
639,112,0
641,112,0
112,1096,3
112,1277,3
113,863,3
1548,113,0
202,114,0
250,114,0
460,114,0
492,114,0
550,114,0
732,114,0
863,114,0
1416,114,0
1588,114,0
1975,114,0
1976,114,0
1977,114,0
1978,114,0
1979,114,0
1980,114,0
1981,114,0
1982,114,0
1983,114,0
28,115,0
383,115,0
115,413,3
561,115,0
562,115,0
633,115,0
961,116,0
962,116,0
963,116,0
116,1434,3
116,1638,3
1984,117,0
1985,117,0
1986,117,0
1987,117,0
1471,118,0
118,1726,3
1847,118,0
1235,119,0
1236,119,0
1988,119,0
1989,119,0
1990,119,0
1991,119,0
1992,119,0
1993,119,0
120,611,3
120,913,3
984,120,0
985,120,0
986,120,0
987,120,0
988,120,0
991,120,0
414,121,0
446,121,0
485,121,0
486,121,0
487,121,0
621,121,0
121,1568,3
121,1602,3
1261,122,0
1996,122,0
11,123,0
25,123,0
100,123,0
103,123,0
272,123,0
412,123,0
420,123,0
123,757,3
780,123,0
781,123,0
123,1306,3
123,2187,3
183,124,0
124,569,3
124,761,3
124,1451,3
124,1720,3
116,125,0
750,125,0
751,125,0
1056,125,0
125,1209,3
847,126,0
956,126,0
126,1975,3
2016,126,0
2017,126,0
2018,126,0
127,1587,3
2019,127,0
2020,128,0
2021,128,0
2022,128,0
2023,128,0
2024,128,0
2025,128,0
2026,128,0
129,431,3
469,129,0
479,129,0
1071,129,0
1401,129,0
1755,129,0
129,1932,3
2027,129,0
2028,129,0
2029,129,0
131,1911,3
2030,131,0
2031,131,0
132,287,3
132,577,3
132,1241,3
1942,132,0
1946,132,0
2032,132,0
2033,132,0
235,133,0
236,133,0
457,133,0
479,133,0
481,133,0
1429,133,0
98,134,0
180,134,0
181,134,0
182,134,0
226,134,0
227,134,0
228,134,0
134,270,3
371,134,0
134,1536,3
134,1685,3
134,2152,3
135,214,3
226,135,0
227,135,0
228,135,0
537,135,0
135,939,3
1780,135,0
2037,135,0
2038,135,0
2039,135,0
2040,135,0
2041,135,0
2042,135,0
2043,135,0
2044,135,0
2045,135,0
412,136,0
413,136,0
136,1188,3
2046,137,0
2047,137,0
138,653,3
138,943,3
138,2150,3
1358,139,0
2049,139,0
8,140,0
106,140,0
479,140,0
480,140,0
481,140,0
140,1420,3
2050,140,0
2051,140,0
2052,140,0
141,1897,3
142,232,3
1216,142,0
52,143,0
270,143,0
386,143,0
469,143,0
479,143,0
480,143,0
481,143,0
483,143,0
780,143,0
781,143,0
916,143,0
1417,143,0
1419,143,0
50,144,0
106,144,0
387,144,0
479,144,0
144,818,3
1395,144,0
2057,144,0
2058,144,0
145,673,3
689,145,0
145,844,3
969,145,0
970,145,0
145,1712,3
1101,146,0
146,1319,3
1513,146,0
1802,146,0
1858,146,0
1860,146,0
1861,146,0
1863,146,0
1864,146,0
1866,146,0
147,742,3
781,148,0
1617,148,0
148,1977,3
2072,148,0
148,2160,3
149,650,3
872,149,0
955,149,0
149,1008,3
149,1062,3
2073,149,0
2074,149,0
1657,150,0
1694,150,0
2081,150,0
2082,150,0
2083,150,0
2093,151,0
2094,151,0
9,152,0
202,152,0
203,152,0
204,152,0
475,152,0
488,152,0
646,152,0
656,152,0
152,786,3
847,152,0
1279,152,0
1402,152,0
152,1420,3
1520,152,0
1662,152,0
1682,152,0
1767,152,0
1768,152,0
152,1815,3
152,2038,3
2084,152,0
2095,152,0
2096,152,0
2097,152,0
2098,152,0
2099,152,0
2100,152,0
2101,152,0
2102,152,0
2103,152,0
2104,152,0
2105,152,0
2106,152,0
1,153,0
129,153,0
271,153,0
396,153,0
402,153,0
420,153,0
456,153,0
457,153,0
479,153,0
480,153,0
653,153,0
780,153,0
781,153,0
832,153,0
1217,153,0
1552,153,0
1557,153,0
153,1953,3
2003,153,0
2150,153,0
2151,153,0
2152,153,0
2153,153,0
1265,154,0
1266,154,0
2158,154,0
2159,154,0
2160,154,0
2161,154,0
947,155,0
948,155,0
949,155,0
1025,155,0
6,156,0
103,156,0
185,156,0
186,156,0
187,156,0
188,156,0
189,156,0
201,156,0
224,156,0
240,156,0
397,156,0
401,156,0
409,156,0
441,156,0
457,156,0
505,156,0
506,156,0
507,156,0
509,156,0
539,156,0
549,156,0
553,156,0
554,156,0
563,156,0
565,156,0
597,156,0
598,156,0
600,156,0
601,156,0
602,156,0
603,156,0
615,156,0
656,156,0
671,156,0
731,156,0
757,156,0
768,156,0
769,156,0
774,156,0
777,156,0
778,156,0
779,156,0
967,156,0
1115,156,0
1182,156,0
1368,156,0
1385,156,0
1434,156,0
1435,156,0
1437,156,0
1438,156,0
1440,156,0
1463,156,0
1464,156,0
1466,156,0
1586,156,0
1598,156,0
1713,156,0
1714,156,0
1718,156,0
1719,156,0
1800,156,0
1867,156,0
1923,156,0
1982,156,0
2034,156,0
2166,156,0
2167,156,0
2168,156,0
2169,156,0
2170,156,0
2171,156,0
2172,156,0
2173,156,0
2174,156,0
2175,156,0
2176,156,0
2177,156,0
2178,156,0
1772,157,0
157,1872,3
157,1875,3
157,1964,3
157,2181,3
201,158,0
532,158,0
538,158,0
555,158,0
556,158,0
557,158,0
558,158,0
158,599,3
835,158,0
158,881,3
158,1227,3
1831,159,0
2179,159,0
2180,159,0
2181,159,0
2182,159,0
2183,159,0
2184,159,0
2185,159,0
2186,159,0
2187,159,0
160,610,3
160,804,3
160,1488,3
1524,160,0
2188,160,0
2189,160,0
2190,160,0
161,2076,3
161,2149,3
162,403,3
510,162,0
162,655,3
2191,162,0
2192,162,0
163,1055,3
163,1666,3
163,1778,3
647,164,0
648,164,0
649,164,0
164,1538,3
165,937,3
165,1740,3
2193,165,0
267,166,0
1325,166,0
2194,166,0
167,454,3
1007,167,0
1008,167,0
82,168,0
168,447,3
827,168,0
1069,168,0
168,1401,3
1456,168,0
1733,168,0
168,1783,3
2053,168,0
2054,168,0
2055,168,0
2195,168,0
2196,168,0
2197,168,0
2198,168,0
169,866,3
1006,169,0
1086,170,0
1346,170,0
2199,170,0
226,171,0
958,171,0
171,1664,3
2200,171,0
172,294,3
1496,172,0
2201,172,0
173,509,3
2147,173,0
2202,173,0
1300,174,0
174,1625,3
2056,174,0
2203,174,0
2204,174,0
175,604,3
176,1573,3
176,1835,3
178,1816,3
180,365,3
180,1153,3
182,219,3
182,1251,3
183,1698,3
183,2009,3
186,588,3
186,1557,3
187,501,3
187,1629,3
188,683,3
190,1558,3
190,1560,3
192,1605,3
193,1680,3
194,316,3
194,633,3
194,1287,3
194,1548,3
194,2049,3
195,504,3
197,1511,3
198,446,3
198,630,3
198,1070,3
198,1872,3
200,217,3
200,741,3
200,768,3
200,1347,3
200,1394,3
201,731,3
201,983,3
201,1116,3
201,1130,3
201,1571,3
202,832,3
202,1360,3
203,509,3
203,518,3
203,687,3
203,747,3
203,1647,3
203,1910,3
204,1002,3
207,682,3
208,287,3
208,462,3
208,1056,3
209,2146,3
210,391,3
210,745,3
210,860,3
210,1125,3
211,311,3
211,539,3
213,227,3
213,1941,3
214,229,3
214,1146,3
214,1808,3
215,783,3
215,844,3
215,1202,3
215,2150,3
216,876,3
217,1294,3
217,1429,3
218,1082,3
220,494,3
221,1481,3
222,302,3
222,1216,3
222,2168,3
223,1213,3
223,1780,3
224,1611,3
224,1718,3
226,700,3
226,1319,3
228,2177,3
229,908,3
229,1284,3
231,408,3
231,632,3
232,290,3
232,1923,3
236,1637,3
237,255,3
237,1686,3
237,2137,3
238,1063,3
238,1457,3
239,500,3
239,1950,3
240,1009,3
240,1232,3
240,1445,3
240,1946,3
242,1443,3
242,1468,3
242,1641,3
245,1945,3
246,658,3
246,1132,3
247,1041,3
247,2192,3
248,1609,3
249,687,3
249,1258,3
250,284,3
250,1624,3
250,1932,3
251,374,3
252,1002,3
253,1681,3
254,604,3
255,655,3
256,543,3
257,985,3
257,1005,3
257,1053,3
258,1259,3
258,1724,3
258,2068,3
259,1317,3
259,1550,3
259,1955,3
260,963,3
261,1616,3
262,377,3
263,697,3
263,815,3
263,2056,3
264,626,3
265,509,3
266,1757,3
267,1550,3
269,442,3
269,1217,3
271,1973,3
272,436,3
272,785,3
272,932,3
273,399,3
274,1794,3
275,1470,3
275,2085,3
276,824,3
276,1166,3
276,1829,3
276,1887,3
276,1966,3
279,775,3
279,1989,3
279,2165,3
280,1758,3
280,2185,3
282,1330,3
283,1392,3
284,1435,3
286,961,3
287,2163,3
288,508,3
288,698,3
288,987,3
288,1564,3
288,1675,3
289,1274,3
290,1325,3
290,1719,3
291,815,3
291,1690,3
292,1449,3
293,1136,3
293,1601,3
293,1821,3
294,1605,3
295,1184,3
295,1781,3
295,1811,3
299,797,3
300,2084,3
301,909,3
302,1742,3
303,1178,3
304,461,3
304,1713,3
304,1910,3
305,644,3
305,1242,3
305,1265,3
306,444,3
306,1304,3
306,1452,3
306,1864,3
307,479,3
307,2083,3
312,894,3
312,1052,3
315,583,3
315,877,3
315,1534,3
316,1240,3
316,1349,3
317,325,3
317,1747,3
319,1450,3
319,1656,3
320,1195,3
321,395,3
321,1367,3
321,1428,3
321,1790,3
322,1197,3
323,495,3
324,1463,3
325,427,3
325,902,3
327,1403,3
327,1742,3
328,628,3
329,933,3
330,504,3
330,590,3
330,718,3
331,887,3
332,1034,3
332,1191,3
333,1270,3
334,1654,3
335,356,3
336,517,3
337,780,3
337,1505,3
337,1912,3
338,1171,3
338,1791,3
339,1033,3
339,1129,3
339,2162,3
339,2169,3
340,1171,3
340,1220,3
343,1201,3
343,1335,3
344,1103,3
344,1390,3
346,1134,3
346,2123,3
349,1066,3
351,362,3
351,370,3
351,1998,3
352,1764,3
353,625,3
354,924,3
355,722,3
355,973,3
355,1234,3
356,930,3
356,944,3
356,1391,3
357,1542,3
357,1865,3
359,638,3
360,1252,3
363,1295,3
363,1947,3
364,836,3
364,915,3
365,1383,3
366,1115,3
367,786,3
368,1177,3
369,1382,3
369,2187,3
370,607,3
373,715,3
376,397,3
376,1879,3
377,764,3
377,1544,3
378,741,3
378,2072,3
379,1209,3
379,1218,3
380,1088,3
380,1688,3
382,1342,3
382,1581,3
383,920,3
383,2054,3
384,1908,3
386,1311,3
387,787,3
389,617,3
389,1911,3
390,1162,3
390,1690,3
390,1947,3
391,2043,3
392,935,3
392,1890,3
393,1199,3
394,777,3
394,1252,3
394,1297,3
394,1817,3
394,1905,3
395,2138,3
398,1121,3
399,1949,3
400,468,3
400,479,3
405,1892,3
406,562,3
406,2095,3
407,686,3
407,701,3
407,1841,3
408,1383,3
408,2062,3
409,780,3
410,1425,3
411,562,3
411,1092,3
412,1528,3
413,1276,3
413,1773,3
414,1421,3
416,1544,3
417,1990,3
418,1974,3
419,453,3
420,1787,3
421,706,3
422,1196,3
423,901,3
423,1208,3
424,598,3
424,892,3
425,2102,3
427,795,3
428,1883,3
428,2199,3
429,792,3
429,820,3
429,1520,3
429,2138,3
429,2148,3
430,633,3
431,698,3
433,1650,3
434,713,3
434,919,3
437,1254,3
437,1873,3
438,458,3
438,2040,3
441,1466,3
443,1152,3
443,1651,3
444,1208,3
445,1333,3
446,1842,3
447,450,3
447,1214,3
447,1628,3
448,1643,3
449,676,3
450,485,3
451,763,3
452,1556,3
452,1730,3
452,1927,3
454,2016,3
455,1868,3
456,573,3
456,860,3
457,837,3
458,964,3
460,785,3
460,889,3
462,2098,3
464,1726,3
465,2076,3
466,699,3
467,1157,3
468,1185,3
469,1469,3
471,595,3
471,1947,3
471,2081,3
472,552,3
472,2069,3
473,1627,3
476,2102,3
477,1966,3
478,1716,3
480,1327,3
480,1792,3
483,2074,3
484,556,3
484,1288,3
484,1450,3
484,1567,3
484,2086,3
485,1849,3
486,1061,3
486,1616,3
486,1731,3
487,1592,3
489,1045,3
489,1519,3
490,528,3
492,778,3
492,894,3
492,1098,3
492,1728,3
492,2086,3
493,2117,3
496,545,3
496,927,3
497,1180,3
500,572,3
501,1230,3
502,2107,3
503,794,3
503,857,3
503,1312,3
503,1388,3
504,938,3
508,1614,3
509,802,3
509,1762,3
510,535,3
511,683,3
511,1529,3
512,992,3
513,1543,3
513,2174,3
514,825,3
516,635,3
517,1488,3
519,1727,3
520,854,3
520,979,3
520,2108,3
520,2176,3
523,720,3
523,1464,3
525,714,3
525,1478,3
526,1742,3
529,590,3
530,1748,3
531,661,3
531,1052,3
531,1459,3
532,927,3
532,1028,3
533,1484,3
533,1925,3
533,2088,3
534,2024,3
535,1211,3
537,1390,3
537,2044,3
537,2091,3
537,2094,3
539,1472,3
541,667,3
542,545,3
542,1478,3
542,1761,3
542,1932,3
543,1035,3
543,1677,3
543,1853,3
544,1980,3
545,1576,3
546,1504,3
550,2061,3
551,1705,3
555,994,3
558,1508,3
558,2079,3
558,2130,3
562,965,3
562,991,3
563,1817,3
564,867,3
564,1751,3
566,824,3
566,1733,3
566,2184,3
567,844,3
570,1659,3
571,1387,3
572,1556,3
573,1478,3
573,1560,3
574,1368,3
574,2002,3
575,1818,3
577,1798,3
577,2014,3
578,1629,3
579,1438,3
579,1623,3
579,1776,3
580,1234,3
582,599,3
582,1149,3
582,1972,3
583,1267,3
586,1518,3
587,1714,3
588,1476,3
589,1195,3
591,937,3
592,945,3
593,2144,3
595,1032,3
596,1548,3
597,1117,3
597,1586,3
598,1309,3
599,1235,3
601,1740,3
602,898,3
603,1197,3
604,756,3
604,1487,3
604,1772,3
606,1032,3
606,1919,3
610,1134,3
611,780,3
612,1021,3
612,1578,3
612,1652,3
612,1884,3
613,641,3
614,824,3
614,1183,3
614,1815,3
614,1847,3
614,1910,3
615,1914,3
616,2144,3
617,1403,3
618,1302,3
619,1111,3
620,1116,3
620,1219,3
622,1182,3
624,1423,3
624,1703,3
625,1063,3
625,1676,3
625,1752,3
626,1826,3
627,1312,3
627,1402,3
628,641,3
629,1028,3
630,983,3
634,1503,3
638,1412,3
641,807,3
642,996,3
642,1152,3
642,1160,3
642,1866,3
645,677,3
645,1070,3
645,1268,3
646,978,3
648,1769,3
649,1903,3
651,1925,3
651,2061,3
652,1143,3
653,1909,3
654,1899,3
655,1195,3
656,1038,3
657,986,3
658,726,3
658,753,3
658,1129,3
659,1336,3
660,906,3
660,1944,3
661,1280,3
661,1758,3
662,943,3
662,1499,3
663,1085,3
663,1896,3
664,1396,3
665,1060,3
665,1791,3
666,971,3
666,1507,3
668,731,3
668,1855,3
669,905,3
669,1307,3
670,822,3
671,1328,3
671,2009,3
672,1506,3
673,904,3
674,1133,3
674,1957,3
675,824,3
675,968,3
675,1552,3
676,908,3
676,1659,3
676,2193,3
677,897,3
678,834,3
678,1674,3
679,685,3
679,1336,3
680,1352,3
681,1389,3
682,1083,3
682,1472,3
682,1648,3
683,1829,3
684,1770,3
686,1294,3
687,1882,3
688,1084,3
690,934,3
690,1959,3
692,943,3
692,1197,3
692,1283,3
693,1380,3
693,1639,3
694,856,3
694,862,3
694,891,3
694,1858,3
695,885,3
695,1831,3
698,1812,3
699,746,3
699,1908,3
701,907,3
701,1560,3
702,1013,3
704,823,3
704,1235,3
704,2080,3
705,1545,3
706,1169,3
707,1976,3
707,2031,3
710,1610,3
712,863,3
714,1966,3
715,735,3
715,967,3
715,1994,3
717,1155,3
717,1716,3
717,1814,3
717,1940,3
718,1609,3
719,746,3
719,1426,3
719,1945,3
721,752,3
721,1722,3
722,1475,3
723,1150,3
726,1401,3
726,2160,3
728,1459,3
728,1601,3
729,1494,3
729,1539,3
729,1965,3
730,1659,3
733,1288,3
734,2044,3
735,972,3
735,1027,3
735,1806,3
738,1872,3
739,746,3
739,1635,3
739,2039,3
740,2153,3
742,793,3
742,1037,3
743,1062,3
743,1942,3
744,771,3
744,811,3
744,1002,3
744,1409,3
745,1060,3
745,1097,3
745,1339,3
746,1516,3
746,1764,3
747,1752,3
748,1283,3
749,1341,3
750,2187,3
751,1094,3
751,1343,3
751,1908,3
751,2032,3
752,1129,3
752,1779,3
758,967,3
759,777,3
762,1305,3
763,886,3
763,1675,3
764,1757,3
764,2109,3
766,1303,3
768,1858,3
769,1452,3
770,871,3
770,1415,3
777,2028,3
778,1097,3
778,1228,3
778,1249,3
778,1637,3
779,1285,3
781,1324,3
782,2076,3
783,1701,3
784,2160,3
785,1037,3
786,1170,3
788,875,3
789,951,3
789,1183,3
790,1683,3
791,1077,3
793,1019,3
794,2019,3
797,1652,3
799,997,3
799,1067,3
799,1317,3
799,1440,3
799,1909,3
800,1019,3
800,1547,3
800,1723,3
800,1743,3
800,1815,3
802,1648,3
803,811,3
803,1717,3
804,1864,3
804,1931,3
808,855,3
811,2021,3
812,927,3
814,1332,3
814,1596,3
816,986,3
816,2034,3
818,2124,3
821,823,3
821,937,3
822,1772,3
823,1845,3
825,912,3
825,1548,3
826,1112,3
827,1464,3
829,1798,3
830,2184,3
832,1111,3
832,1873,3
833,1003,3
833,1608,3
834,1411,3
835,1936,3
836,1098,3
839,1185,3
840,2168,3
841,1196,3
841,1406,3
841,1736,3
842,1256,3
843,1938,3
848,2001,3
848,2170,3
850,875,3
851,899,3
852,883,3
852,1137,3
853,1703,3
853,2151,3
854,931,3
854,1124,3
854,2083,3
855,1970,3
858,1694,3
860,1360,3
861,1403,3
861,1865,3
862,1883,3
870,1072,3
870,1269,3
871,1155,3
875,921,3
875,947,3
875,2037,3
875,2093,3
876,1120,3
878,1143,3
879,1211,3
879,1768,3
880,1441,3
880,2079,3
881,1149,3
881,1887,3
881,2028,3
882,1129,3
882,2181,3
883,1443,3
884,1631,3
884,1966,3
886,1402,3
887,1322,3
889,1590,3
891,1338,3
891,1966,3
891,2137,3
892,1798,3
893,1130,3
895,1536,3
895,1678,3
895,2023,3
896,1792,3
897,1900,3
902,2037,3
903,1637,3
904,923,3
904,989,3
904,1775,3
904,1790,3
905,1683,3
905,1979,3
906,1888,3
907,1027,3
908,1894,3
910,1226,3
911,1162,3
912,1692,3
913,948,3
914,1411,3
916,1580,3
920,1345,3
921,1187,3
921,1369,3
921,2160,3
925,1090,3
925,1537,3
926,2172,3
927,1207,3
927,1879,3
929,1763,3
930,1063,3
933,987,3
936,1048,3
937,2190,3
938,1288,3
938,1452,3
939,1143,3
939,1359,3
939,1597,3
939,1720,3
940,1322,3
941,1477,3
944,1200,3
947,1384,3
947,1978,3
950,1578,3
951,1268,3
953,1593,3
953,1594,3
953,1867,3
954,2027,3
955,1921,3
956,1865,3
957,1897,3
959,1138,3
960,1410,3
961,963,3
962,1137,3
967,1155,3
967,1679,3
967,1937,3
968,1329,3
970,2194,3
972,1627,3
973,2074,3
977,1124,3
977,1769,3
977,2055,3
978,1084,3
978,1109,3
979,1718,3
980,1589,3
980,1951,3
982,1965,3
983,2021,3
989,1837,3
990,1872,3
990,1979,3
991,1426,3
992,1687,3
995,1267,3
995,1315,3
995,1823,3
996,1360,3
998,1219,3
999,1004,3
999,1239,3
999,1305,3
1000,1773,3
1001,1371,3
1001,1417,3
1004,1528,3
1006,1492,3
1007,1041,3
1007,1701,3
1010,2115,3
1012,1901,3
1013,1556,3
1014,1059,3
1015,1189,3
1016,1828,3
1016,2120,3
1017,2152,3
1018,1310,3
1018,1791,3
1019,1981,3
1019,2089,3
1021,1863,3
1022,1225,3
1022,1550,3
1025,1061,3
1026,1275,3
1027,2043,3
1031,1737,3
1034,1335,3
1034,2028,3
1034,2065,3
1037,1249,3
1037,1989,3
1037,2147,3
1038,1591,3
1038,2079,3
1039,1878,3
1040,1916,3
1040,1946,3
1044,1181,3
1044,2095,3
1045,1250,3
1046,1896,3
1047,1997,3
1047,2079,3
1052,1611,3
1052,1894,3
1053,1231,3
1054,1255,3
1054,1325,3
1055,1292,3
1057,1452,3
1061,1658,3
1061,1810,3
1064,1318,3
1065,1236,3
1066,1201,3
1066,2095,3
1067,1211,3
1067,1310,3
1067,1351,3
1067,1992,3
1070,1580,3
1070,2188,3
1071,1294,3
1071,1832,3
1073,1147,3
1073,1885,3
1076,1117,3
1076,1958,3
1077,1378,3
1077,1382,3
1077,1790,3
1080,1796,3
1080,1946,3
1082,1461,3
1085,1692,3
1087,1280,3
1093,2188,3
1095,1174,3
1095,1337,3
1099,1182,3
1100,1170,3
1101,1558,3
1102,2182,3
1105,1890,3
1105,1996,3
1106,1884,3
1106,1923,3
1107,1539,3
1107,2156,3
1108,1716,3
1112,2021,3
1114,1408,3
1115,1299,3
1116,1613,3
1117,1393,3
1118,1184,3
1119,1310,3
1123,1659,3
1125,1273,3
1126,1834,3
1129,1534,3
1129,1736,3
1131,2076,3
1132,1444,3
1138,1782,3
1138,1814,3
1139,1416,3
1143,1918,3
1144,2063,3
1145,1206,3
1145,1960,3
1148,1850,3
1149,1871,3
1150,1642,3
1151,1778,3
1155,2108,3
1157,2085,3
1158,1209,3
1159,1170,3
1160,1796,3
1162,1423,3
1166,1833,3
1166,1857,3
1169,1555,3
1169,1621,3
1172,2090,3
1173,1474,3
1174,1622,3
1175,1310,3
1175,1636,3
1175,2146,3
1176,1544,3
1181,1193,3
1184,1709,3
1187,1598,3
1193,1978,3
1194,1436,3
1196,1218,3
1197,1861,3
1198,1538,3
1198,1596,3
1198,1660,3
1202,1773,3
1203,1281,3
1203,1893,3
1204,1271,3
1205,1861,3
1206,1416,3
1207,1242,3
1209,1532,3
1210,1330,3
1211,1740,3
1212,2197,3
1213,1338,3
1214,2165,3
1217,1465,3
1220,2101,3
1222,1318,3
1225,1893,3
1225,2194,3
1229,1395,3
1229,1805,3
1229,2171,3
1230,2062,3
1231,1659,3
1232,1901,3
1233,1709,3
1233,1872,3
1234,1597,3
1237,1247,3
1238,2028,3
1239,1835,3
1243,1606,3
1243,2086,3
1244,1318,3
1247,1278,3
1249,1816,3
1249,2019,3
1252,1959,3
1253,1624,3
1255,2125,3
1256,1805,3
1258,2041,3
1260,1895,3
1260,2020,3
1264,1475,3
1266,1325,3
1269,1672,3
1273,1457,3
1278,1664,3
1283,1495,3
1287,1306,3
1287,1520,3
1287,1649,3
1287,2185,3
1288,1801,3
1288,1958,3
1291,2032,3
1293,1340,3
1294,1550,3
1295,1708,3
1296,1710,3
1298,1527,3
1300,2127,3
1300,2190,3
1301,1603,3
1303,1905,3
1303,1987,3
1305,1687,3
1305,1789,3
1305,2016,3
1308,1997,3
1313,1394,3
1315,1489,3
1315,1768,3
1316,1608,3
1316,1917,3
1317,1503,3
1317,1981,3
1318,1771,3
1318,1947,3
1319,1434,3
1319,1646,3
1326,1352,3
1326,1920,3
1327,1545,3
1327,2123,3
1328,1809,3
1332,1358,3
1333,1407,3
1333,1816,3
1333,1855,3
1334,1867,3
1335,1421,3
1335,2078,3
1338,1618,3
1339,1665,3
1339,2002,3
1340,1799,3
1342,1419,3
1342,2126,3
1342,2190,3
1343,1770,3
1343,1991,3
1343,2056,3
1344,1836,3
1346,1892,3
1348,2124,3
1349,1400,3
1349,1936,3
1350,1961,3
1354,1429,3
1355,1441,3
1355,1698,3
1356,1630,3
1357,1358,3
1357,1511,3
1357,1891,3
1360,1971,3
1361,2189,3
1363,1700,3
1363,1790,3
1368,1887,3
1368,2107,3
1369,1698,3
1369,2160,3
1370,2132,3
1371,1398,3
1372,1562,3
1373,1570,3
1373,1820,3
1375,2017,3
1381,2036,3
1383,1618,3
1385,1456,3
1387,2083,3
1387,2187,3
1388,1661,3
1390,2100,3
1392,1893,3
1393,2080,3
1393,2153,3
1399,1980,3
1402,1833,3
1409,1636,3
1411,2122,3
1412,2026,3
1415,1931,3
1417,1958,3
1421,1836,3
1422,2142,3
1423,2002,3
1423,2098,3
1425,2070,3
1429,1515,3
1435,1471,3
1435,1578,3
1435,1792,3
1437,1590,3
1439,1578,3
1439,1906,3
1441,1520,3
1441,1538,3
1441,1805,3
1444,1529,3
1444,1834,3
1445,1646,3
1446,1997,3
1447,1584,3
1447,1999,3
1449,1570,3
1450,1718,3
1451,1475,3
1451,1561,3
1458,1470,3
1458,1759,3
1458,2183,3
1460,1932,3
1461,1627,3
1465,1503,3
1465,1918,3
1478,2143,3
1482,1603,3
1484,1875,3
1487,2197,3
1490,1538,3
1491,1730,3
1491,1824,3
1494,1937,3
1498,1801,3
1500,1632,3
1500,2128,3
1503,2192,3
1505,1594,3
1506,1522,3
1508,1719,3
1512,1617,3
1516,1969,3
1516,2109,3
1517,1675,3
1518,1889,3
1518,2065,3
1520,1605,3
1522,1985,3
1524,1577,3
1524,1997,3
1527,1730,3
1528,1984,3
1540,1710,3
1542,1959,3
1543,1771,3
1548,1865,3
1551,1748,3
1552,1599,3
1555,2101,3
1556,1878,3
1561,1629,3
1561,1767,3
1564,2004,3
1564,2188,3
1566,1894,3
1568,1666,3
1572,1771,3
1574,1995,3
1579,2039,3
1580,1980,3
1585,1907,3
1587,1775,3
1587,1901,3
1593,1922,3
1594,2168,3
1595,2086,3
1600,1999,3
1601,1732,3
1601,1927,3
1607,1840,3
1607,2203,3
1610,1801,3
1610,2142,3
1611,2203,3
1612,1643,3
1615,1639,3
1616,2139,3
1617,1831,3
1617,2077,3
1619,1941,3
1625,1836,3
1627,1650,3
1629,1700,3
1629,2027,3
1632,2025,3
1635,1664,3
1637,1707,3
1638,2005,3
1642,1692,3
1644,1752,3
1648,2168,3
1648,2185,3
1650,1953,3
1653,1942,3
1655,1954,3
1658,1937,3
1660,1822,3
1660,2113,3
1661,1774,3
1661,1955,3
1662,1979,3
1665,1777,3
1667,2160,3
1668,1929,3
1673,1827,3
1674,1726,3
1677,2029,3
1680,1822,3
1691,2067,3
1693,1813,3
1698,1756,3
1698,1841,3
1705,1936,3
1713,2104,3
1715,1752,3
1720,2025,3
1721,1956,3
1728,1735,3
1728,1983,3
1729,1731,3
1731,1798,3
1731,1873,3
1737,2048,3
1740,1870,3
1741,1764,3
1742,2100,3
1744,2180,3
1745,1950,3
1750,1827,3
1751,1942,3
1757,1821,3
1758,1805,3
1764,1957,3
1772,1903,3
1773,1831,3
1775,1787,3
1777,1925,3
1778,1835,3
1778,1846,3
1785,2061,3
1786,1896,3
1788,1832,3
1796,2079,3
1799,2107,3
1800,2155,3
1812,2143,3
1817,1892,3
1823,2137,3
1830,2153,3
1831,2186,3
1832,1882,3
1838,1888,3
1840,1847,3
1842,2156,3
1847,2191,3
1856,1858,3
1860,2184,3
1869,2173,3
1875,1888,3
1876,2093,3
1878,2188,3
1879,1960,3
1883,2037,3
1884,2202,3
1886,2009,3
1894,2127,3
1898,1952,3
1900,1993,3
1921,1957,3
1924,2012,3
1931,2193,3
1932,2131,3
1937,2111,3
1962,2058,3
1966,2151,3
1970,2045,3
1975,2109,3
1996,2021,3
1998,2037,3
2001,2178,3
2006,2048,3
2009,2042,3
2027,2145,3
2029,2084,3
2033,2039,3
2048,2191,3
2057,2097,3
2075,2141,3
2099,2109,3
2100,2164,3
2101,2155,3
2106,2133,3
2110,2162,3
2117,2127,3
2159,2176,3
