0,0,2
0,7,2
0,10,1
0,25,1
0,27,1
0,28,1
0,43,1
0,91,1
0,100,1
0,111,1
0,152,1
0,175,1
0,176,1
0,177,1
0,178,1
0,179,1
0,180,1
0,181,1
0,182,1
0,183,1
0,184,1
0,185,1
0,186,1
0,187,1
0,188,1
0,189,1
0,190,1
0,191,1
0,192,1
0,193,1
0,194,1
0,195,1
0,196,1
0,197,1
0,198,1
0,199,1
0,200,1
0,201,1
0,202,1
0,203,1
0,204,1
0,205,1
0,206,1
0,207,1
0,208,1
0,209,1
0,210,1
0,211,1
0,212,1
0,213,1
0,214,1
0,215,1
0,216,1
0,217,1
0,218,1
0,219,1
0,220,1
0,221,1
0,222,1
0,223,1
0,224,1
0,225,1
0,226,1
0,227,1
0,228,1
0,229,1
0,230,1
0,231,1
0,232,1
0,233,1
0,234,1
0,235,1
0,236,1
0,237,1
0,238,1
0,239,1
0,240,1
0,241,1
0,242,1
0,243,1
0,244,1
0,245,1
0,246,1
0,247,1
0,248,1
0,249,1
0,250,1
0,251,1
0,252,1
0,253,1
0,254,1
0,255,1
0,256,1
0,257,1
0,258,1
0,259,1
0,260,1
0,261,1
0,262,1
0,263,1
0,264,1
0,265,1
0,266,1
0,267,1
0,268,1
0,269,1
0,270,1
0,271,1
0,272,1
0,273,1
0,274,1
0,275,1
0,276,1
0,277,1
0,278,1
0,279,1
0,280,1
0,281,1
0,282,1
0,283,1
0,284,1
0,285,1
0,286,1
0,287,1
0,288,1
0,289,1
0,290,1
0,291,1
0,292,1
0,293,1
0,294,1
0,295,1
0,296,1
0,297,1
0,298,1
0,299,1
0,300,1
0,301,1
0,302,1
0,303,1
0,304,1
0,305,1
0,306,1
0,307,1
0,308,1
0,309,1
0,310,1
0,311,1
0,312,1
0,313,1
0,314,1
0,315,1
0,316,1
0,317,1
0,318,1
0,319,1
0,320,1
0,321,1
0,322,1
0,323,1
0,324,1
0,325,1
0,326,1
0,327,1
0,328,1
0,329,1
0,330,1
0,331,1
0,332,1
0,333,1
0,334,1
0,335,1
0,336,1
0,337,1
0,338,1
0,339,1
0,340,1
0,341,1
0,342,1
0,343,1
0,344,1
0,345,1
0,346,1
0,347,1
0,348,1
0,349,1
0,350,1
0,351,1
0,352,1
0,353,1
0,354,1
0,355,1
0,356,1
0,357,1
0,358,1
0,359,1
0,360,1
0,361,1
0,362,1
0,363,1
0,364,1
0,365,1
0,366,1
0,367,1
0,368,1
0,369,1
0,370,1
0,371,1
0,372,1
0,373,1
0,374,1
0,375,1
0,376,1
0,377,1
0,378,1
0,379,1
0,380,1
0,381,1
0,382,1
0,383,1
0,384,1
0,385,1
0,386,1
0,387,1
0,388,1
0,389,1
0,390,1
0,391,1
0,392,1
0,1454,3
0,1949,3
1,25,2
1,100,1
1,199,1
1,200,1
1,269,1
1,272,1
1,278,1
1,279,1
1,393,1
1,394,1
1,395,1
1,396,1
1,397,1
1,398,1
1,399,1
1,400,1
1,401,1
1,402,1
1,403,1
1,404,1
1,405,1
1,406,1
1,407,1
1,408,1
1,409,1
1,410,1
1,411,1
1,412,1
1,413,1
1,414,1
1,415,1
1,416,1
1,417,1
1,418,1
1,419,1
1,420,1
1,421,1
1,422,1
1,423,1
1,424,1
1,425,1
1,426,1
1,427,1
1,1583,3
1,1633,3
2,323,3
2,428,1
2,429,1
2,430,1
2,431,1
2,432,1
2,433,1
2,434,1
2,435,1
2,436,1
2,437,1
2,438,1
2,1112,3
2,1151,3
3,43,1
3,244,1
3,245,1
3,254,1
3,439,1
3,440,1
3,441,1
3,442,1
3,443,1
3,444,1
3,445,1
3,1821,3
4,25,1
4,100,1
4,106,1
4,121,1
4,429,1
4,446,1
4,447,1
4,448,1
4,449,1
4,450,1
4,451,1
4,452,1
4,453,1
4,454,1
4,455,1
4,456,1
4,457,1
4,458,1
4,459,1
4,460,1
4,461,1
4,462,1
4,463,1
4,464,1
4,465,1
4,466,1
4,467,1
4,468,1
4,469,1
4,470,1
4,471,1
4,472,1
4,473,1
4,474,1
4,475,1
4,476,1
4,477,1
4,478,1
4,479,1
4,480,1
4,481,1
4,482,1
4,483,1
4,484,1
4,485,1
4,486,1
4,487,1
4,488,1
4,489,1
4,490,1
4,491,1
4,492,1
4,493,1
4,754,3
4,2051,3
5,33,1
5,58,3
5,191,1
5,192,1
5,193,1
5,194,1
5,195,1
5,196,1
5,494,1
5,495,1
5,496,1
5,497,1
5,498,1
5,499,1
5,500,1
5,501,1
5,502,1
5,503,1
5,504,1
5,505,1
5,506,1
5,507,1
5,508,1
5,509,1
5,510,1
5,511,1
5,512,1
5,513,1
5,514,1
5,515,1
5,516,1
5,517,1
5,518,1
5,519,1
5,520,1
5,521,1
5,522,1
5,523,1
5,524,1
5,525,1
5,526,1
5,527,1
5,528,1
5,529,1
5,530,1
5,531,1
5,2090,3
6,6,2
6,8,1
6,9,1
6,11,1
6,17,2
6,21,1
6,22,1
6,28,1
6,29,1
6,33,1
6,61,1
6,103,1
6,104,1
6,108,1
6,112,1
6,158,1
6,164,1
6,175,1
6,177,1
6,185,1
6,186,1
6,189,1
6,190,1
6,195,1
6,196,1
6,197,1
6,201,1
6,206,1
6,207,1
6,208,1
6,225,1
6,235,1
6,238,1
6,239,1
6,240,1
6,241,1
6,242,1
6,243,1
6,249,1
6,257,3
6,275,1
6,276,1
6,277,1
6,282,1
6,283,1
6,285,1
6,290,1
6,292,1
6,293,1
6,294,1
6,295,1
6,346,1
6,383,1
6,385,1
6,401,1
6,441,1
6,504,1
6,511,1
6,513,1
6,515,1
6,516,1
6,517,1
6,520,1
6,526,1
6,528,1
6,529,1
6,532,1
6,533,1
6,534,1
6,535,1
6,536,1
6,537,1
6,538,1
6,539,1
6,540,1
6,541,1
6,542,1
6,543,1
6,544,1
6,545,1
6,546,1
6,547,1
6,548,1
6,549,1
6,550,1
6,551,1
6,552,1
6,553,1
6,554,1
6,555,1
6,556,1
6,557,1
6,558,1
6,559,1
6,560,1
6,561,1
6,562,1
6,563,1
6,564,1
6,565,1
6,566,1
6,567,1
6,568,1
6,569,1
6,570,1
6,571,1
6,572,1
6,573,1
6,574,1
6,575,1
6,576,1
6,577,1
6,578,1
6,579,1
6,580,1
6,581,1
6,582,1
6,583,1
6,584,1
6,585,1
6,586,1
6,587,1
6,588,1
6,589,1
6,590,1
6,591,1
6,592,1
6,593,1
6,594,1
6,595,1
6,596,1
6,597,1
6,598,1
6,599,1
6,600,1
6,601,1
6,602,1
6,603,1
6,604,1
6,605,1
6,606,1
6,607,1
6,608,1
6,609,1
6,610,1
6,611,1
6,612,1
6,613,1
6,614,1
6,615,1
6,616,1
6,617,1
6,618,1
6,619,1
6,620,1
6,621,1
6,622,1
6,623,1
6,624,1
6,625,1
6,626,1
6,627,1
6,628,1
6,629,1
6,630,1
6,631,1
6,632,1
6,633,1
6,634,1
6,635,1
6,636,1
6,637,1
6,638,1
6,639,1
6,640,1
6,641,1
6,642,1
6,643,1
6,644,1
6,645,1
6,646,1
6,647,1
6,648,1
6,649,1
6,650,1
6,651,1
6,652,1
6,653,1
6,654,1
6,655,1
6,656,1
6,657,1
6,658,1
6,659,1
6,660,1
6,661,1
6,662,1
6,663,1
6,664,1
6,665,1
6,666,1
6,667,1
6,668,1
6,669,1
6,670,1
6,671,1
6,672,1
6,673,1
6,674,1
6,675,1
6,676,1
6,677,1
6,678,1
6,679,1
6,680,1
6,681,1
6,682,1
6,683,1
6,684,1
6,685,1
6,686,1
6,687,1
6,688,1
6,689,1
6,690,1
6,691,1
6,692,1
6,693,1
6,694,1
6,695,1
6,696,1
6,697,1
6,698,1
6,699,1
6,700,1
6,701,1
6,702,1
6,703,1
6,704,1
6,705,1
6,706,1
6,707,1
6,708,1
6,709,1
6,710,1
6,711,1
6,712,1
6,713,1
6,714,1
6,715,1
6,716,1
6,717,1
6,718,1
6,719,1
6,720,1
6,721,1
6,722,1
6,723,1
6,724,1
6,725,1
6,726,1
6,727,1
6,728,1
6,729,1
6,730,1
6,731,1
6,1420,3
7,12,1
7,21,1
7,25,1
7,30,1
7,44,1
7,51,1
7,52,1
7,54,1
7,55,1
7,56,1
7,60,1
7,66,1
7,67,1
7,68,1
7,69,1
7,77,1
7,79,1
7,80,1
7,84,1
7,95,1
7,96,1
7,97,1
7,100,1
7,102,1
7,104,1
7,106,1
7,107,1
7,111,1
7,112,1
7,114,1
7,116,1
7,120,1
7,127,1
7,145,1
7,152,1
7,153,1
7,155,1
7,156,1
7,167,1
7,169,1
7,180,1
7,181,1
7,182,1
7,185,1
7,187,1
7,188,1
7,190,1
7,191,1
7,192,1
7,193,1
7,201,1
7,203,1
7,205,1
7,206,1
7,207,1
7,209,1
7,213,1
7,215,1
7,223,1
7,225,1
7,226,1
7,227,1
7,228,1
7,230,1
7,231,1
7,232,1
7,234,1
7,241,1
7,242,1
7,243,1
7,244,1
7,246,1
7,251,1
7,256,1
7,257,1
7,260,1
7,264,1
7,265,1
7,266,1
7,269,1
7,270,1
7,273,1
7,278,1
7,279,1
7,286,1
7,300,1
7,301,1
7,304,1
7,305,1
7,340,1
7,384,1
7,385,1
7,386,1
7,392,1
7,393,1
7,396,1
7,411,1
7,421,1
7,441,1
7,460,1
7,474,1
7,475,1
7,489,1
7,494,1
7,495,1
7,530,1
7,532,1
7,535,1
7,536,1
7,538,1
7,558,3
7,559,1
7,560,1
7,597,1
7,598,1
7,599,1
7,600,1
7,601,1
7,603,1
7,604,1
7,607,1
7,608,1
7,617,1
7,622,1
7,633,1
7,635,1
7,636,1
7,637,1
7,638,1
7,639,1
7,641,1
7,642,1
7,665,1
7,670,1
7,675,1
7,678,1
7,708,1
7,709,1
7,710,1
7,722,1
7,723,1
7,724,1
7,732,1
7,733,1
7,734,1
7,735,1
7,736,1
7,737,1
7,738,1
7,739,1
7,740,1
7,741,1
7,742,1
7,743,1
7,744,1
7,745,1
7,746,1
7,747,1
7,748,1
7,749,1
7,750,1
7,751,1
7,752,1
7,753,1
7,754,1
7,755,1
7,756,1
7,757,1
7,758,1
7,759,1
7,760,1
7,761,1
7,762,1
7,763,1
7,764,1
7,765,1
7,766,1
7,767,1
7,768,1
7,769,1
7,770,1
7,771,1
7,772,1
7,773,1
7,774,1
7,775,1
7,776,1
7,777,1
7,778,1
7,779,1
7,780,1
7,781,1
7,782,1
7,783,1
7,784,1
7,785,1
7,786,1
7,787,1
7,788,1
7,789,1
7,790,1
7,791,1
7,792,1
7,793,1
7,794,1
7,795,1
7,796,1
7,797,1
7,798,1
7,799,1
7,800,1
7,801,1
7,802,1
7,803,1
7,804,1
7,805,1
7,806,1
7,807,1
7,808,1
7,809,1
7,810,1
7,811,1
7,812,1
7,813,1
7,814,1
7,815,1
7,816,1
7,817,1
7,818,1
7,819,1
7,820,1
7,821,1
7,822,1
7,823,1
7,824,1
7,825,1
7,826,1
7,827,1
7,828,1
7,829,1
7,830,1
7,831,1
7,832,1
7,833,1
7,834,1
7,835,1
7,836,1
7,837,1
7,838,1
7,839,1
7,840,1
7,841,1
7,842,1
7,843,1
7,844,1
7,845,1
7,846,1
7,847,1
7,848,1
7,849,1
7,850,1
7,851,1
7,852,1
7,853,1
7,854,1
7,855,1
7,856,1
7,857,1
7,858,1
7,859,1
7,860,1
7,861,1
7,862,1
7,863,1
7,864,1
7,865,1
7,866,1
7,867,1
7,868,1
7,869,1
7,870,1
7,871,1
7,872,1
7,873,1
7,874,1
7,875,1
7,876,1
7,877,1
7,878,1
7,879,1
7,880,1
7,881,1
7,882,1
7,883,1
7,884,1
7,885,1
7,886,1
7,887,1
7,888,1
7,889,1
7,891,1
7,892,1
7,893,1
7,894,1
7,895,1
7,896,1
7,897,1
7,898,1
7,899,1
7,900,1
7,901,1
7,902,1
7,903,1
7,904,1
7,905,1
7,906,1
7,907,1
7,908,1
7,910,1
7,911,1
7,912,1
7,913,1
7,914,1
7,915,1
7,916,1
7,926,1
7,927,1
7,928,1
7,929,1
7,930,1
7,931,1
7,932,1
7,933,1
7,934,1
7,935,1
7,936,1
7,937,1
7,938,1
7,939,1
7,940,1
7,941,1
7,942,1
7,943,1
7,944,1
7,945,1
7,946,1
7,947,1
7,948,1
7,949,1
7,950,1
7,951,1
7,952,1
7,953,1
7,954,1
7,955,1
7,956,1
7,957,1
7,958,1
7,959,1
7,960,1
7,961,1
7,962,1
7,963,1
7,964,1
7,965,1
7,966,1
7,967,1
7,968,1
7,969,1
7,970,1
7,971,1
7,972,1
7,973,1
7,974,1
7,975,1
7,976,1
7,977,1
7,978,1
7,979,1
7,980,1
7,981,1
7,982,1
7,983,1
7,984,1
7,985,1
7,986,1
7,987,1
7,988,1
7,989,1
7,990,1
7,991,1
7,992,1
7,993,1
7,994,1
7,995,1
7,996,1
7,997,1
7,998,1
7,999,1
7,1000,1
7,1001,1
7,1002,1
7,1003,1
7,1004,1
7,1005,1
7,1006,1
7,1007,1
7,1008,1
7,1009,1
7,1010,1
7,1011,1
7,1012,1
7,1013,1
7,1014,1
7,1015,1
7,1016,1
7,1017,1
7,1018,1
7,1019,1
7,1020,1
7,1021,1
7,1022,1
7,1023,1
7,1024,1
7,1025,1
7,1026,1
7,1027,1
7,1028,1
7,1029,1
7,1030,1
7,1031,1
7,1032,1
7,1089,3
7,1408,3
7,2115,3
8,8,2
8,669,3
8,1033,1
8,1034,1
8,1359,3
9,13,1
9,20,2
9,36,1
9,41,1
9,43,1
9,48,1
9,52,1
9,82,1
9,88,1
9,92,1
9,97,1
9,98,1
9,99,1
9,100,1
9,104,1
9,105,1
9,107,1
9,110,1
9,112,1
9,117,1
9,118,1
9,119,1
9,122,1
9,127,1
9,149,1
9,161,1
9,163,1
9,177,1
9,239,1
9,268,1
9,285,1
9,304,1
9,311,1
9,428,1
9,440,1
9,441,1
9,442,1
9,444,1
9,445,1
9,447,1
9,468,1
9,472,1
9,505,1
9,520,1
9,521,1
9,522,1
9,523,1
9,544,1
9,546,1
9,562,1
9,599,1
9,601,1
9,621,1
9,633,1
9,687,1
9,694,1
9,719,1
9,730,1
9,734,1
9,738,1
9,743,1
9,744,1
9,758,1
9,782,1
9,788,1
9,802,1
9,808,1
9,810,1
9,828,1
9,834,1
9,852,1
9,863,1
9,885,1
9,888,1
9,889,1
9,891,1
9,899,1
9,905,1
9,910,1
9,915,1
9,928,1
9,953,1
9,971,1
9,997,1
9,1014,1
9,1019,1
9,1023,1
9,1035,1
9,1036,1
9,1037,1
9,1038,1
9,1039,1
9,1040,1
9,1041,1
9,1042,1
9,1043,1
9,1044,1
9,1045,1
9,1046,1
9,1047,1
9,1048,1
9,1049,1
9,1050,1
9,1051,1
9,1052,1
9,1053,1
9,1054,1
9,1055,1
9,1056,1
9,1057,1
9,1058,1
9,1059,1
9,1060,1
9,1061,1
9,1062,1
9,1063,1
9,1064,1
9,1065,1
9,1066,1
9,1067,1
9,1068,1
9,1069,1
9,1070,1
9,1071,1
9,1072,1
9,1073,1
9,1074,1
9,1075,1
9,1076,1
9,1077,1
9,1078,1
9,1079,1
9,1080,1
9,1081,1
9,1082,1
9,1083,1
9,1084,1
9,1085,1
9,1086,1
9,1087,1
9,1088,1
9,1089,1
9,1090,1
9,1091,1
9,1092,1
9,1093,1
9,1094,1
9,1095,1
9,1096,1
9,1097,1
9,1098,1
9,1099,1
9,1100,1
9,1101,1
9,1102,1
9,1103,1
9,1104,1
9,1105,1
9,1106,1
9,1107,1
9,1108,1
9,1109,1
9,1110,1
9,1111,1
9,1112,1
9,1113,1
9,1114,1
9,1115,1
9,1116,1
9,1117,1
9,1118,1
9,1119,1
9,1120,1
9,1121,1
9,1122,1
9,1123,1
9,1124,1
9,1125,1
9,1126,1
9,1127,1
9,1128,1
9,1129,1
9,1130,1
9,1131,1
9,1132,1
9,1133,1
9,1134,1
9,1135,1
9,1136,1
9,1137,1
9,1138,1
9,1139,1
9,1140,1
9,1141,1
9,1142,1
9,1143,1
9,1144,1
9,1145,1
9,1146,1
9,1147,1
9,1148,1
9,1149,1
9,1150,1
9,1151,1
9,1152,1
9,1153,1
9,1154,1
9,1155,1
9,1156,1
9,1157,1
9,1158,1
9,1159,1
9,1160,1
9,1161,1
9,1162,1
9,1163,1
9,1164,1
9,1165,1
9,1166,1
9,1167,1
9,1168,1
9,1169,1
9,1170,1
9,1171,1
9,1172,1
9,1173,1
9,1174,1
9,1175,1
9,1176,1
9,1177,1
9,1178,1
9,1179,1
9,1180,1
9,1181,1
9,1182,1
9,1183,1
9,1184,1
9,1185,1
9,1186,1
9,1187,1
9,1188,1
9,1189,1
9,1190,1
9,1191,1
9,1192,1
9,1193,1
9,1194,1
9,1195,1
9,1196,1
9,1197,1
9,1198,1
9,1199,1
9,1200,1
9,1201,1
9,1202,1
9,1203,1
9,1204,1
9,1205,1
9,1206,1
9,1207,1
9,1208,1
9,1209,1
9,1210,1
9,1211,1
9,1212,1
9,1213,1
9,1214,1
9,1215,1
9,1216,1
9,1217,1
9,1218,1
9,1219,1
9,1220,1
9,1221,1
9,1222,1
9,1223,1
9,1224,1
9,1225,1
9,1226,1
9,1227,1
9,1228,1
9,1229,1
9,1230,1
9,1231,1
9,1232,1
9,1233,1
9,1234,1
9,1235,1
9,1236,1
9,1237,1
9,1238,1
9,1239,1
9,1240,1
9,1241,1
9,1242,1
9,1243,1
9,1244,1
9,1245,1
9,1246,1
9,1247,1
9,1248,1
9,1249,1
9,1250,1
9,1251,1
9,1252,1
9,1253,1
9,1254,1
9,1255,1
9,1256,1
9,1257,1
9,1258,1
9,1259,1
9,1260,1
9,1261,1
9,1262,1
9,1263,1
9,1264,1
9,1265,1
9,1266,1
9,1267,1
9,1268,1
9,1269,1
9,1270,1
9,1271,1
9,1272,1
9,1273,1
9,1274,1
9,1275,1
9,1276,1
9,1277,1
9,1278,1
9,1279,1
9,1280,1
9,1281,1
9,1282,1
9,1283,1
9,1284,1
9,1285,1
9,1286,1
9,1287,1
9,1288,1
9,1289,1
9,1290,1
9,1291,1
9,1292,1
9,1293,1
9,1294,1
9,1295,1
9,1296,1
9,1297,1
9,1298,1
9,1299,1
9,1300,1
9,1301,1
9,1302,1
9,1303,1
9,1304,1
9,1305,1
9,1306,1
9,1307,1
9,1308,1
9,1309,1
9,1310,1
9,1311,1
9,1312,1
9,1313,1
9,1314,1
9,1315,1
9,1316,1
9,1317,1
9,1318,1
9,1319,1
9,1320,1
9,1321,1
9,1322,1
9,1323,1
9,1324,1
9,1325,1
9,1326,1
9,1327,1
9,1328,1
9,1329,1
9,1330,1
9,1331,1
9,1332,1
9,1333,1
9,1334,1
9,1335,1
9,1336,1
9,1337,1
9,1338,1
9,1339,1
9,1340,1
9,1341,1
9,1342,1
9,1343,1
9,1344,1
9,1345,1
9,1346,1
9,1347,1
9,1348,1
9,1349,1
9,1350,1
9,1351,1
9,1352,1
9,1353,1
9,1354,1
9,1355,1
9,1356,1
9,1357,1
9,1358,1
9,1359,1
9,1360,1
9,1361,1
9,1362,1
9,1363,1
9,1364,1
9,1365,1
9,1366,1
9,1367,1
9,1368,1
9,1369,1
9,1370,1
9,1371,1
9,1372,1
9,1373,1
9,1374,1
9,1375,1
9,1376,1
9,1377,1
9,1378,1
9,1379,1
9,1380,1
9,1381,1
9,1382,1
9,1383,1
9,1384,1
9,1385,1
9,1386,1
9,1387,1
10,8,1
10,10,2
10,15,1
10,19,1
10,29,1
10,52,1
10,62,1
10,65,1
10,87,1
10,96,1
10,97,1
10,115,1
10,129,1
10,134,1
10,143,1
10,148,1
10,181,1
10,182,1
10,190,1
10,226,1
10,228,1
10,242,1
10,245,1
10,304,1
10,319,1
10,320,1
10,327,1
10,328,1
10,346,1
10,348,1
10,349,1
10,350,1
10,356,1
10,357,1
10,359,1
10,360,1
10,362,1
10,363,1
10,364,1
10,366,1
10,368,1
10,371,1
10,383,1
10,385,1
10,420,1
10,462,3
10,479,1
10,480,1
10,481,1
10,534,1
10,546,1
10,549,1
10,551,1
10,553,1
10,554,1
10,615,1
10,671,1
10,731,1
10,780,1
10,781,1
10,788,1
10,789,1
10,812,1
10,813,1
10,814,1
10,847,1
10,859,1
10,860,1
10,880,1
10,888,1
10,915,1
10,916,1
10,1082,1
10,1115,1
10,1181,1
10,1280,1
10,1306,1
10,1367,1
10,1368,1
10,1388,1
10,1389,1
10,1390,1
10,1391,1
10,1392,1
10,1393,1
10,1394,1
10,1395,1
10,1396,1
10,1397,1
10,1398,1
10,1399,1
10,1400,1
10,1401,1
10,1402,1
10,1403,1
10,1404,1
10,1405,1
10,1406,1
10,1407,1
10,1408,1
10,1409,1
10,1410,1
10,1411,1
10,1412,1
10,1413,1
10,1414,1
10,1415,1
10,1416,1
10,1417,1
10,1418,1
10,1419,1
10,1420,1
10,1421,1
10,1422,1
10,1423,1
10,1424,1
10,1425,1
10,1426,1
10,1427,1
10,1428,1
10,1429,1
10,1430,1
10,1431,1
10,1432,1
10,1433,1
10,1434,1
10,1435,1
10,1436,1
10,1437,1
10,1438,1
10,1439,1
10,1440,1
10,1441,1
10,1442,1
10,1443,1
10,1780,3
11,1,1
11,11,2
11,25,1
11,100,1
11,196,3
11,251,1
11,272,1
11,393,1
11,397,1
11,399,1
11,401,1
11,402,1
11,404,1
11,405,1
11,407,1
11,409,1
11,410,1
11,412,1
11,413,1
11,419,1
11,420,1
11,422,1
11,427,1
11,1271,1
11,1444,1
11,1445,1
11,1446,1
11,1447,1
11,1448,1
11,1449,1
11,1450,1
11,1451,1
11,1452,1
11,1663,3
12,82,1
12,156,1
12,400,1
12,406,1
12,419,1
12,422,1
12,425,1
12,570,1
12,575,1
12,682,1
12,795,3
12,875,1
12,940,1
12,1053,1
12,1055,1
12,1118,1
12,1325,1
1385,12,0
1453,12,0
1454,12,0
1455,12,0
1456,12,0
1457,12,0
1458,12,0
1459,12,0
1460,12,0
1461,12,0
1462,12,0
1463,12,0
1464,12,0
1465,12,0
1466,12,0
1467,12,0
1468,12,0
1469,12,0
1470,12,0
3,13,0
28,13,0
29,13,0
46,13,0
116,13,0
579,13,0
13,651,3
867,13,0
868,13,0
869,13,0
870,13,0
871,13,0
1036,13,0
1093,13,0
1144,13,0
1315,13,0
1429,13,0
1471,13,0
1472,13,0
1473,13,0
1474,13,0
1475,13,0
1476,13,0
1477,13,0
1478,13,0
1479,13,0
1480,13,0
1481,13,0
1482,13,0
1483,13,0
1484,13,0
1485,13,0
1486,13,0
1487,13,0
1488,13,0
1489,13,0
1490,13,0
1491,13,0
1492,13,0
1493,13,0
1494,13,0
1495,13,0
1496,13,0
1497,13,0
1498,13,0
14,14,2
109,14,0
661,14,0
684,14,0
685,14,0
686,14,0
14,1211,3
1230,14,0
1389,14,0
1390,14,0
1391,14,0
1393,14,0
1499,14,0
1500,14,0
1501,14,0
1502,14,0
1503,14,0
1504,14,0
1505,14,0
1506,14,0
1507,14,0
1508,14,0
1509,14,0
1510,14,0
1511,14,0
1512,14,0
28,15,0
65,15,0
270,15,0
271,15,0
383,15,0
475,15,0
476,15,0
488,15,0
15,1277,3
1280,15,0
1417,15,0
1418,15,0
1420,15,0
1513,15,0
1514,15,0
1515,15,0
1516,15,0
1517,15,0
1518,15,0
98,16,0
780,16,0
781,16,0
1398,16,0
27,17,0
38,17,0
50,17,0
87,17,0
90,17,0
111,17,0
113,17,0
133,17,0
145,17,0
187,17,0
188,17,0
199,17,0
200,17,0
205,17,0
217,17,0
221,17,0
225,17,0
249,17,0
266,17,0
275,17,0
288,17,0
289,17,0
290,17,0
291,17,0
292,17,0
293,17,0
294,17,0
295,17,0
303,17,0
383,17,0
396,17,0
401,17,0
411,17,0
420,17,0
506,17,0
508,17,0
509,17,0
533,17,0
535,17,0
536,17,0
544,17,0
546,17,0
548,17,0
559,17,0
576,17,0
583,17,0
585,17,0
586,17,0
590,17,0
593,17,0
596,17,0
598,17,0
600,17,0
601,17,0
602,17,0
603,17,0
604,17,0
609,17,0
622,17,0
627,17,0
628,17,0
629,17,0
635,17,0
639,17,0
665,17,0
674,17,0
677,17,0
680,17,0
688,17,0
689,17,0
690,17,0
734,17,0
737,17,0
798,17,0
803,17,0
811,17,0
820,17,0
824,17,0
17,843,3
886,17,0
890,17,0
909,17,0
928,17,0
932,17,0
946,17,0
970,17,0
995,17,0
1033,17,0
1034,17,0
1058,17,0
1076,17,0
1144,17,0
1145,17,0
1186,17,0
1198,17,0
17,1341,3
17,1469,3
1519,17,0
1520,17,0
1521,17,0
1522,17,0
1523,17,0
1524,17,0
1525,17,0
1526,17,0
1527,17,0
1528,17,0
1529,17,0
1530,17,0
1531,17,0
1532,17,0
1533,17,0
1534,17,0
1535,17,0
1536,17,0
1537,17,0
1538,17,0
1539,17,0
1540,17,0
1541,17,0
1542,17,0
1543,17,0
1544,17,0
1545,17,0
1546,17,0
1547,17,0
1548,17,0
1549,17,0
1550,17,0
1551,17,0
1552,17,0
1553,17,0
1554,17,0
1555,17,0
1556,17,0
1557,17,0
1558,17,0
1559,17,0
1560,17,0
1561,17,0
1562,17,0
1563,17,0
1564,17,0
1565,17,0
1566,17,0
1567,17,0
1568,17,0
1569,17,0
17,1611,3
17,1905,3
18,847,3
1570,18,0
1571,18,0
18,1923,3
19,19,2
19,273,3
19,1310,3
1406,19,0
1407,19,0
2,20,0
11,20,0
14,20,0
16,20,0
20,20,2
29,20,0
60,20,0
63,20,0
64,20,0
98,20,0
108,20,0
109,20,0
130,20,0
134,20,0
138,20,0
141,20,0
165,20,0
172,20,0
174,20,0
175,20,0
192,20,0
202,20,0
203,20,0
204,20,0
224,20,0
258,20,0
266,20,0
274,20,0
287,20,0
306,20,0
307,20,0
319,20,0
320,20,0
321,20,0
322,20,0
326,20,0
327,20,0
328,20,0
338,20,0
347,20,0
348,20,0
349,20,0
351,20,0
352,20,0
353,20,0
355,20,0
356,20,0
357,20,0
359,20,0
361,20,0
363,20,0
364,20,0
365,20,0
366,20,0
371,20,0
374,20,0
385,20,0
396,20,0
417,20,0
421,20,0
423,20,0
434,20,0
437,20,0
441,20,0
444,20,0
445,20,0
456,20,0
505,20,0
506,20,0
507,20,0
508,20,0
509,20,0
530,20,0
533,20,0
538,20,0
548,20,0
556,20,0
559,20,0
561,20,0
562,20,0
20,568,3
628,20,0
631,20,0
633,20,0
645,20,0
705,20,0
722,20,0
788,20,0
796,20,0
820,20,0
827,20,0
837,20,0
847,20,0
853,20,0
888,20,0
889,20,0
891,20,0
892,20,0
914,20,0
997,20,0
999,20,0
1014,20,0
1034,20,0
1040,20,0
1060,20,0
1064,20,0
1065,20,0
1066,20,0
1067,20,0
1070,20,0
1077,20,0
1078,20,0
1088,20,0
1092,20,0
1107,20,0
1125,20,0
1128,20,0
1134,20,0
1144,20,0
1145,20,0
1164,20,0
1186,20,0
1198,20,0
1225,20,0
1227,20,0
1231,20,0
1238,20,0
1255,20,0
1290,20,0
1299,20,0
1366,20,0
1378,20,0
1380,20,0
1396,20,0
1397,20,0
1398,20,0
1400,20,0
1404,20,0
1417,20,0
1419,20,0
1443,20,0
1516,20,0
1538,20,0
1572,20,0
1573,20,0
1574,20,0
1575,20,0
1576,20,0
1577,20,0
1578,20,0
1579,20,0
1580,20,0
1581,20,0
1582,20,0
1583,20,0
1584,20,0
1585,20,0
1586,20,0
1587,20,0
1588,20,0
1589,20,0
1590,20,0
1591,20,0
1592,20,0
1593,20,0
1594,20,0
1595,20,0
1596,20,0
1597,20,0
1598,20,0
1599,20,0
1600,20,0
1601,20,0
1602,20,0
1603,20,0
1604,20,0
1605,20,0
1606,20,0
1607,20,0
1608,20,0
1609,20,0
1610,20,0
1611,20,0
1612,20,0
1613,20,0
1614,20,0
1615,20,0
1616,20,0
1617,20,0
1618,20,0
1619,20,0
1620,20,0
1621,20,0
1622,20,0
1623,20,0
1624,20,0
1625,20,0
1626,20,0
1627,20,0
1628,20,0
1629,20,0
1630,20,0
1631,20,0
1632,20,0
1633,20,0
1634,20,0
1635,20,0
1636,20,0
1637,20,0
1638,20,0
1639,20,0
1640,20,0
1641,20,0
1642,20,0
1643,20,0
1644,20,0
1645,20,0
1646,20,0
1647,20,0
1648,20,0
1649,20,0
1650,20,0
1651,20,0
1652,20,0
1653,20,0
1654,20,0
1655,20,0
1656,20,0
1657,20,0
1658,20,0
1659,20,0
1660,20,0
1661,20,0
1662,20,0
1663,20,0
1664,20,0
1665,20,0
1666,20,0
1667,20,0
1668,20,0
1669,20,0
1670,20,0
1671,20,0
1672,20,0
1673,20,0
1674,20,0
1675,20,0
1676,20,0
1677,20,0
1678,20,0
1679,20,0
1680,20,0
1681,20,0
1682,20,0
1683,20,0
1684,20,0
1685,20,0
1686,20,0
1687,20,0
1688,20,0
1689,20,0
1690,20,0
1691,20,0
1692,20,0
1693,20,0
1694,20,0
1695,20,0
1696,20,0
1697,20,0
1698,20,0
1699,20,0
21,21,2
21,308,3
21,463,3
612,21,0
708,21,0
710,21,0
712,21,0
713,21,0
21,2124,3
21,22,0
22,22,2
496,22,0
497,22,0
501,22,0
502,22,0
531,22,0
566,22,0
569,22,0
612,22,0
624,22,0
709,22,0
710,22,0
711,22,0
713,22,0
716,22,0
1700,22,0
1701,22,0
1702,22,0
23,23,2
23,137,3
23,972,3
23,1470,3
1703,23,0
1704,23,0
1705,23,0
1706,23,0
1707,23,0
890,24,0
25,25,2
50,25,0
25,100,2
272,25,0
393,25,0
395,25,0
397,25,0
399,25,0
401,25,0
402,25,0
404,25,0
405,25,0
406,25,0
407,25,0
409,25,0
413,25,0
420,25,0
427,25,0
25,793,3
812,25,0
814,25,0
876,25,0
25,1142,3
25,1363,3
1417,25,0
1418,25,0
1419,25,0
1445,25,0
1450,25,0
1561,25,0
1708,25,0
1709,25,0
1710,25,0
1711,25,0
26,26,2
217,26,0
219,26,0
220,26,0
221,26,0
222,26,0
523,26,0
524,26,0
526,26,0
527,26,0
528,26,0
1455,26,0
1463,26,0
1465,26,0
1467,26,0
1712,26,0
1713,26,0
1714,26,0
1715,26,0
1716,26,0
1717,26,0
1718,26,0
1719,26,0
26,2048,3
27,1093,3
1563,27,0
1565,27,0
27,1952,3
28,28,2
28,29,2
28,52,2
270,28,0
383,28,0
646,28,0
656,28,0
811,28,0
915,28,0
1033,28,0
28,1263,3
28,1404,3
1417,28,0
1418,28,0
1420,28,0
28,1444,3
1516,28,0
1622,28,0
1679,28,0
1720,28,0
1721,28,0
1722,28,0
1723,28,0
1724,28,0
1725,28,0
29,200,3
270,29,0
383,29,0
29,906,3
1417,29,0
1418,29,0
1423,29,0
1516,29,0
965,30,0
1026,30,0
1027,30,0
1029,30,0
30,1468,3
31,916,3
1726,31,0
1727,31,0
31,1849,3
31,1961,3
14,32,0
24,32,0
29,32,0
52,32,0
133,32,0
396,32,0
403,32,0
404,32,0
412,32,0
795,32,0
797,32,0
829,32,0
1073,32,0
1238,32,0
1417,32,0
1418,32,0
1419,32,0
1420,32,0
32,1430,3
1452,32,0
1487,32,0
1728,32,0
1729,32,0
1730,32,0
1731,32,0
1732,32,0
1733,32,0
1734,32,0
1735,32,0
1736,32,0
1737,32,0
1738,32,0
1739,32,0
1740,32,0
32,1761,3
112,33,0
164,33,0
190,33,0
195,33,0
197,33,0
218,33,0
219,33,0
220,33,0
222,33,0
235,33,0
237,33,0
241,33,0
249,33,0
277,33,0
280,33,0
281,33,0
282,33,0
285,33,0
287,33,0
288,33,0
289,33,0
290,33,0
291,33,0
292,33,0
293,33,0
295,33,0
296,33,0
389,33,0
390,33,0
515,33,0
516,33,0
517,33,0
518,33,0
521,33,0
524,33,0
525,33,0
532,33,0
533,33,0
538,33,0
544,33,0
545,33,0
552,33,0
557,33,0
558,33,0
575,33,0
611,33,0
617,33,0
618,33,0
619,33,0
620,33,0
628,33,0
629,33,0
647,33,0
648,33,0
649,33,0
663,33,0
675,33,0
676,33,0
678,33,0
679,33,0
682,33,0
683,33,0
695,33,0
699,33,0
702,33,0
703,33,0
717,33,0
1150,33,0
1280,33,0
1542,33,0
1544,33,0
1547,33,0
1566,33,0
1741,33,0
1742,33,0
190,34,0
217,34,0
222,34,0
241,34,0
243,34,0
277,34,0
280,34,0
281,34,0
282,34,0
390,34,0
515,34,0
517,34,0
518,34,0
519,34,0
520,34,0
521,34,0
522,34,0
523,34,0
524,34,0
526,34,0
529,34,0
552,34,0
575,34,0
620,34,0
682,34,0
683,34,0
717,34,0
1280,34,0
34,1986,3
35,568,3
972,35,0
973,35,0
974,35,0
976,35,0
978,35,0
979,35,0
980,35,0
981,35,0
35,1370,3
1743,35,0
52,36,0
65,36,0
36,376,3
672,36,0
915,36,0
36,1011,3
36,1276,3
1280,36,0
1323,36,0
1324,36,0
1744,36,0
1745,36,0
1746,36,0
36,1789,3
37,37,2
37,136,3
412,37,0
413,37,0
37,468,3
832,37,0
1747,37,0
1748,37,0
134,38,0
183,38,0
246,38,0
250,38,0
257,38,0
263,38,0
267,38,0
340,38,0
38,434,3
561,38,0
633,38,0
900,38,0
1108,38,0
1306,38,0
1402,38,0
1426,38,0
1514,38,0
1634,38,0
1728,38,0
1749,38,0
1750,38,0
1751,38,0
1752,38,0
1753,38,0
1754,38,0
1755,38,0
1756,38,0
1757,38,0
1758,38,0
1759,38,0
1760,38,0
1761,38,0
1762,38,0
1763,38,0
1764,38,0
1765,38,0
1766,38,0
1767,38,0
1768,38,0
1769,38,0
1770,38,0
456,39,0
457,39,0
39,1379,3
39,1763,3
40,40,2
42,40,0
157,40,0
199,40,0
200,40,0
411,40,0
40,426,3
40,430,3
956,40,0
1119,40,0
1557,40,0
1570,40,0
1771,40,0
1772,40,0
1773,40,0
1774,40,0
1775,40,0
1776,40,0
1777,40,0
954,41,0
1513,41,0
1514,41,0
1516,41,0
1587,41,0
42,42,2
735,42,0
42,1272,3
43,43,2
198,43,0
211,43,0
212,43,0
244,43,0
304,43,0
393,43,0
460,43,0
1778,43,0
1779,43,0
44,44,2
135,44,0
753,44,0
754,44,0
755,44,0
756,44,0
759,44,0
821,44,0
822,44,0
823,44,0
829,44,0
830,44,0
831,44,0
839,44,0
840,44,0
914,44,0
44,1009,3
44,1122,3
1280,44,0
1395,44,0
1620,44,0
1679,44,0
1724,44,0
1780,44,0
1781,44,0
1782,44,0
1783,44,0
1784,44,0
45,45,2
663,45,0
717,45,0
45,1647,3
185,46,0
186,46,0
187,46,0
188,46,0
46,415,3
1492,46,0
1494,46,0
1496,46,0
46,2050,3
47,47,2
47,1705,3
1788,47,0
1789,47,0
48,48,2
534,48,0
48,585,3
616,48,0
664,48,0
1790,48,0
1791,48,0
1304,49,0
1796,49,0
1797,49,0
50,50,2
50,765,3
841,50,0
50,1806,3
51,51,2
914,51,0
51,1177,3
186,52,0
187,52,0
188,52,0
386,52,0
450,52,0
453,52,0
467,52,0
561,52,0
562,52,0
633,52,0
1051,52,0
1082,52,0
1164,52,0
1417,52,0
1419,52,0
1443,52,0
1645,52,0
1708,52,0
54,53,0
53,593,3
53,625,3
912,53,0
941,53,0
942,53,0
1015,53,0
1016,53,0
1471,53,0
1847,53,0
54,54,2
54,432,3
54,916,3
936,54,0
942,54,0
1016,54,0
55,55,2
729,55,0
874,55,0
943,55,0
952,55,0
55,1516,3
56,56,2
873,56,0
875,56,0
940,56,0
994,56,0
57,57,2
873,57,0
994,57,0
57,1023,3
934,58,0
935,58,0
1010,58,0
1011,58,0
1012,58,0
1013,58,0
58,1387,3
58,1550,3
1848,58,0
59,59,2
430,59,0
431,59,0
434,59,0
1849,59,0
1850,59,0
1851,59,0
1852,59,0
1853,59,0
1854,59,0
1855,59,0
226,60,0
228,60,0
571,60,0
815,60,0
816,60,0
817,60,0
887,60,0
60,1006,3
60,1354,3
1856,60,0
60,1900,3
146,61,0
185,61,0
188,61,0
189,61,0
225,61,0
240,61,0
535,61,0
536,61,0
774,61,0
775,61,0
776,61,0
61,964,3
1513,61,0
1514,61,0
1553,61,0
1555,61,0
1587,61,0
1731,61,0
1802,61,0
1857,61,0
1858,61,0
1859,61,0
1860,61,0
1861,61,0
1862,61,0
1863,61,0
1864,61,0
1865,61,0
1866,61,0
561,62,0
562,62,0
781,62,0
62,2075,3
98,63,0
385,63,0
938,63,0
939,63,0
954,63,0
972,63,0
974,63,0
975,63,0
977,63,0
978,63,0
979,63,0
980,63,0
982,63,0
1031,63,0
63,1135,3
1145,63,0
1181,63,0
1368,63,0
63,1389,3
1433,63,0
1434,63,0
1436,63,0
1439,63,0
1440,63,0
1867,63,0
1868,63,0
1869,63,0
43,64,0
64,126,3
64,601,3
1396,64,0
1397,64,0
1399,64,0
1400,64,0
1401,64,0
1424,64,0
1870,64,0
52,65,0
65,65,2
217,65,0
220,65,0
222,65,0
916,65,0
1423,65,0
1519,65,0
1533,65,0
1871,65,0
66,187,3
741,66,0
742,66,0
743,66,0
745,66,0
746,66,0
882,66,0
66,1569,3
1724,66,0
1872,66,0
1873,66,0
1874,66,0
1875,66,0
67,237,3
902,67,0
68,352,3
825,68,0
826,68,0
68,2155,3
193,69,0
194,69,0
460,69,0
752,69,0
865,69,0
866,69,0
70,70,2
560,70,0
645,70,0
1556,70,0
28,71,0
71,71,2
383,71,0
863,71,0
71,1083,3
1418,71,0
1419,71,0
1742,71,0
72,72,2
72,201,3
944,72,0
1001,72,0
1002,72,0
1876,72,0
1877,72,0
1878,72,0
1879,72,0
1880,72,0
72,1973,3
234,73,0
391,73,0
1395,73,0
74,74,2
141,74,0
74,251,3
74,338,3
74,948,3
1881,74,0
1882,74,0
75,518,3
1883,75,0
1884,75,0
1885,75,0
1886,75,0
1887,75,0
191,76,0
192,76,0
193,76,0
194,76,0
833,76,0
77,77,2
77,78,2
230,77,0
789,77,0
790,77,0
791,77,0
898,77,0
911,77,0
77,1917,3
78,205,3
230,78,0
231,78,0
790,78,0
791,78,0
828,78,0
78,1084,3
205,79,0
206,79,0
207,79,0
208,79,0
800,79,0
802,79,0
894,79,0
79,1850,3
813,80,0
814,80,0
149,81,0
1221,81,0
1223,81,0
1373,81,0
1513,81,0
1514,81,0
1529,81,0
1530,81,0
1587,81,0
1784,81,0
1802,81,0
1858,81,0
1859,81,0
1860,81,0
1861,81,0
1862,81,0
1865,81,0
1888,81,0
1889,81,0
1890,81,0
1891,81,0
1892,81,0
1893,81,0
1894,81,0
1895,81,0
1896,81,0
1897,81,0
1898,81,0
1899,81,0
1900,81,0
1901,81,0
1902,81,0
1903,81,0
1904,81,0
1905,81,0
1906,81,0
1907,81,0
1908,81,0
1909,81,0
1910,81,0
1911,81,0
1912,81,0
1913,81,0
1914,81,0
1915,81,0
82,82,2
565,82,0
1069,82,0
82,1103,3
1598,82,0
1916,82,0
183,83,0
184,83,0
252,83,0
580,83,0
581,83,0
631,83,0
1112,83,0
83,1709,3
1734,83,0
1735,83,0
1754,83,0
1916,83,0
1917,83,0
1918,83,0
1919,83,0
1920,83,0
1921,83,0
1922,83,0
1923,83,0
1924,83,0
1925,83,0
1926,83,0
1927,83,0
1928,83,0
67,84,0
84,84,2
84,646,3
84,1730,3
85,85,2
85,361,3
1929,85,0
13,86,0
1488,86,0
1930,86,0
219,87,0
221,87,0
222,87,0
87,574,3
87,1346,3
1519,87,0
1532,87,0
88,88,2
88,334,3
88,714,3
1040,88,0
1101,88,0
1931,89,0
1932,89,0
1933,89,0
1934,89,0
90,1287,3
1523,90,0
91,515,3
91,2171,3
92,92,2
1043,92,0
1935,92,0
1936,92,0
93,93,2
93,398,3
763,93,0
764,93,0
94,506,3
765,94,0
766,94,0
94,1074,3
94,1415,3
94,1861,3
94,1892,3
95,95,2
782,95,0
783,95,0
784,95,0
785,95,0
786,95,0
787,95,0
95,1061,3
95,1235,3
95,1822,3
96,96,2
96,97,2
96,314,3
859,96,0
1024,96,0
96,1442,3
96,2186,3
1024,97,0
8,98,0
98,98,2
98,146,3
148,98,0
181,98,0
182,98,0
633,98,0
98,901,3
98,994,3
1109,98,0
1356,98,0
1442,98,0
1621,98,0
1950,98,0
1951,98,0
1952,98,0
1953,98,0
1954,98,0
99,99,2
99,590,3
99,1277,3
100,100,2
272,100,0
837,101,0
101,947,3
101,1815,3
1955,101,0
1956,101,0
1957,101,0
102,102,2
102,138,3
843,102,0
844,102,0
845,102,0
846,102,0
102,1411,3
1734,102,0
1958,102,0
1959,102,0
1960,102,0
11,103,0
397,103,0
401,103,0
435,103,0
103,929,3
1165,103,0
103,2021,3
607,104,0
608,104,0
614,104,0
724,104,0
725,104,0
104,872,3
104,105,0
105,545,3
607,105,0
614,105,0
723,105,0
724,105,0
725,105,0
479,106,0
480,106,0
482,106,0
483,106,0
1129,106,0
1416,106,0
1604,106,0
1803,106,0
1826,106,0
1961,106,0
1962,106,0
1963,106,0
1964,106,0
1965,106,0
1966,106,0
1967,106,0
1968,106,0
1969,106,0
1970,106,0
1971,106,0
107,107,2
107,784,3
819,107,0
107,1260,3
108,108,2
661,109,0
685,109,0
686,109,0
687,109,0
1230,109,0
1505,109,0
1506,109,0
110,768,3
1972,110,0
1973,110,0
66,111,0
111,111,2
301,111,0
305,111,0
877,111,0
878,111,0
879,111,0
112,416,3
636,112,0
638,112,0
639,112,0
641,112,0
113,1089,3
1548,113,0
202,114,0
250,114,0
460,114,0
492,114,0
550,114,0
732,114,0
863,114,0
1416,114,0
1588,114,0
1975,114,0
1976,114,0
1977,114,0
1978,114,0
1979,114,0
1980,114,0
1981,114,0
1982,114,0
1983,114,0
28,115,0
383,115,0
561,115,0
562,115,0
633,115,0
116,116,2
116,627,3
961,116,0
962,116,0
963,116,0
116,1539,3
116,1617,3
117,117,2
117,189,3
117,856,3
117,1018,3
1984,117,0
1985,117,0
1986,117,0
1987,117,0
1471,118,0
1847,118,0
119,253,3
119,423,3
119,441,3
119,518,3
1235,119,0
1236,119,0
119,1252,3
1988,119,0
1989,119,0
1990,119,0
1991,119,0
1992,119,0
1993,119,0
119,2022,3
120,120,2
984,120,0
985,120,0
986,120,0
987,120,0
988,120,0
991,120,0
120,1115,3
120,2171,3
121,121,2
414,121,0
446,121,0
485,121,0
486,121,0
487,121,0
621,121,0
121,2008,3
122,122,2
122,289,3
1261,122,0
1996,122,0
11,123,0
25,123,0
100,123,0
103,123,0
272,123,0
412,123,0
420,123,0
123,744,3
780,123,0
781,123,0
124,124,2
183,124,0
116,125,0
125,175,3
750,125,0
751,125,0
1056,125,0
847,126,0
956,126,0
2016,126,0
2017,126,0
2018,126,0
127,462,3
127,514,3
2019,127,0
128,631,3
2020,128,0
2021,128,0
2022,128,0
2023,128,0
2024,128,0
2025,128,0
2026,128,0
128,2185,3
469,129,0
479,129,0
1071,129,0
1401,129,0
1755,129,0
129,1903,3
2027,129,0
2028,129,0
2029,129,0
130,130,2
130,402,3
130,1221,3
131,1983,3
2030,131,0
2031,131,0
131,2149,3
132,132,2
132,506,3
132,1863,3
1942,132,0
1946,132,0
2032,132,0
2033,132,0
132,2095,3
235,133,0
236,133,0
457,133,0
479,133,0
481,133,0
133,599,3
1429,133,0
133,1542,3
98,134,0
180,134,0
181,134,0
182,134,0
226,134,0
227,134,0
228,134,0
371,134,0
134,1121,3
226,135,0
227,135,0
228,135,0
537,135,0
135,1331,3
1780,135,0
2037,135,0
2038,135,0
2039,135,0
2040,135,0
2041,135,0
2042,135,0
2043,135,0
2044,135,0
2045,135,0
412,136,0
413,136,0
136,1016,3
2046,137,0
2047,137,0
137,2103,3
138,292,3
139,1119,3
1358,139,0
139,1474,3
2049,139,0
8,140,0
106,140,0
479,140,0
480,140,0
481,140,0
140,872,3
2050,140,0
2051,140,0
2052,140,0
141,170,3
141,1011,3
141,1352,3
141,1409,3
141,1876,3
142,142,2
142,200,3
142,1177,3
1216,142,0
142,1916,3
52,143,0
270,143,0
386,143,0
469,143,0
479,143,0
480,143,0
481,143,0
483,143,0
780,143,0
781,143,0
916,143,0
1417,143,0
1419,143,0
50,144,0
106,144,0
387,144,0
479,144,0
1395,144,0
2057,144,0
2058,144,0
145,152,3
689,145,0
969,145,0
970,145,0
145,1120,3
145,2049,3
146,146,2
1101,146,0
1513,146,0
1802,146,0
1858,146,0
1860,146,0
1861,146,0
1863,146,0
1864,146,0
1866,146,0
147,147,2
147,1248,3
781,148,0
148,1333,3
1617,148,0
148,1632,3
2072,148,0
872,149,0
955,149,0
2073,149,0
2074,149,0
150,150,2
150,763,3
1657,150,0
1694,150,0
2081,150,0
2082,150,0
2083,150,0
151,151,2
151,1514,3
151,1920,3
2093,151,0
2094,151,0
9,152,0
152,152,2
202,152,0
203,152,0
204,152,0
475,152,0
488,152,0
646,152,0
656,152,0
847,152,0
1279,152,0
152,1333,3
1402,152,0
1520,152,0
1662,152,0
1682,152,0
1767,152,0
1768,152,0
2084,152,0
2095,152,0
2096,152,0
2097,152,0
2098,152,0
2099,152,0
2100,152,0
2101,152,0
2102,152,0
2103,152,0
2104,152,0
2105,152,0
2106,152,0
1,153,0
129,153,0
271,153,0
396,153,0
402,153,0
420,153,0
456,153,0
457,153,0
479,153,0
480,153,0
153,501,3
653,153,0
780,153,0
781,153,0
832,153,0
1217,153,0
1552,153,0
1557,153,0
2003,153,0
2150,153,0
2151,153,0
2152,153,0
2153,153,0
154,694,3
1265,154,0
1266,154,0
2158,154,0
2159,154,0
2160,154,0
2161,154,0
947,155,0
948,155,0
949,155,0
1025,155,0
6,156,0
103,156,0
156,156,2
185,156,0
186,156,0
187,156,0
188,156,0
189,156,0
201,156,0
224,156,0
240,156,0
397,156,0
401,156,0
409,156,0
441,156,0
457,156,0
505,156,0
506,156,0
507,156,0
509,156,0
539,156,0
549,156,0
553,156,0
554,156,0
563,156,0
565,156,0
597,156,0
598,156,0
600,156,0
601,156,0
602,156,0
603,156,0
615,156,0
656,156,0
671,156,0
731,156,0
757,156,0
768,156,0
769,156,0
774,156,0
777,156,0
778,156,0
779,156,0
967,156,0
156,1054,3
1115,156,0
1182,156,0
156,1199,3
156,1276,3
1368,156,0
1385,156,0
1434,156,0
1435,156,0
1437,156,0
1438,156,0
1440,156,0
1463,156,0
1464,156,0
1466,156,0
1586,156,0
1598,156,0
1713,156,0
1714,156,0
1718,156,0
1719,156,0
1800,156,0
1867,156,0
156,1907,3
1923,156,0
1982,156,0
2034,156,0
2166,156,0
2167,156,0
2168,156,0
2169,156,0
2170,156,0
2171,156,0
2172,156,0
2173,156,0
2174,156,0
2175,156,0
2176,156,0
2177,156,0
2178,156,0
157,939,3
1772,157,0
201,158,0
532,158,0
538,158,0
555,158,0
556,158,0
557,158,0
558,158,0
835,158,0
159,1780,3
1831,159,0
2179,159,0
2180,159,0
2181,159,0
2182,159,0
2183,159,0
2184,159,0
2185,159,0
2186,159,0
2187,159,0
1524,160,0
160,1764,3
2188,160,0
2189,160,0
2190,160,0
160,2192,3
161,1547,3
510,162,0
162,692,3
2191,162,0
2192,162,0
164,164,2
164,542,3
647,164,0
648,164,0
649,164,0
164,825,3
164,1269,3
164,1459,3
164,2139,3
165,393,3
165,943,3
2193,165,0
267,166,0
1325,166,0
2194,166,0
167,638,3
1007,167,0
1008,167,0
167,1682,3
167,2082,3
82,168,0
827,168,0
1069,168,0
1456,168,0
1733,168,0
2053,168,0
2054,168,0
2055,168,0
2195,168,0
2196,168,0
2197,168,0
2198,168,0
169,597,3
169,598,3
169,914,3
1006,169,0
169,2062,3
170,170,2
1086,170,0
1346,170,0
2199,170,0
226,171,0
171,496,3
958,171,0
171,1891,3
2200,171,0
1496,172,0
172,1528,3
2201,172,0
173,2078,3
2147,173,0
2202,173,0
1300,174,0
174,1571,3
2056,174,0
2203,174,0
2204,174,0
175,2180,3
176,1787,3
177,1966,3
178,469,3
178,647,3
178,1510,3
179,1163,3
180,470,3
180,1672,3
182,488,3
182,2133,3
183,1630,3
183,2080,3
184,1851,3
185,1223,3
185,1318,3
186,1473,3
186,1516,3
187,457,3
187,952,3
188,1280,3
189,266,3
189,1923,3
190,720,3
190,1563,3
193,1567,3
193,2119,3
195,1846,3
196,690,3
197,510,3
197,1230,3
197,1818,3
197,1983,3
198,1248,3
198,1705,3
200,929,3
200,1565,3
200,1781,3
201,952,3
201,2001,3
202,1572,3
202,1739,3
203,297,3
203,403,3
203,790,3
204,930,3
204,1556,3
204,1895,3
204,2078,3
204,2160,3
205,1236,3
205,1591,3
206,1053,3
206,1343,3
206,1550,3
206,1995,3
207,555,3
207,626,3
208,377,3
211,1530,3
211,1975,3
211,2010,3
212,321,3
213,757,3
213,1439,3
213,1689,3
213,1998,3
214,1363,3
215,2086,3
216,1468,3
219,795,3
220,1852,3
221,861,3
221,1147,3
221,1958,3
222,1198,3
222,1637,3
222,1771,3
223,769,3
223,2100,3
225,613,3
225,813,3
226,318,3
227,275,3
228,647,3
228,1968,3
229,940,3
230,458,3
230,1896,3
230,2148,3
231,1912,3
232,294,3
233,1843,3
234,419,3
235,582,3
235,899,3
235,1517,3
238,1069,3
238,1609,3
239,786,3
239,1808,3
243,1141,3
244,347,3
244,1105,3
244,1663,3
244,1862,3
244,1913,3
245,492,3
247,248,3
248,571,3
248,608,3
248,1234,3
248,1355,3
249,972,3
249,1132,3
249,1149,3
251,1529,3
252,1491,3
253,297,3
253,1009,3
254,1103,3
254,2051,3
255,1704,3
256,264,3
256,1462,3
257,498,3
257,2130,3
258,1419,3
259,1490,3
261,702,3
261,1261,3
262,280,3
262,1129,3
263,1684,3
264,581,3
264,621,3
265,824,3
265,1312,3
265,1506,3
266,1446,3
266,2058,3
267,754,3
267,2040,3
269,605,3
269,753,3
270,1615,3
270,1657,3
271,732,3
271,2054,3
272,1967,3
275,1963,3
276,1342,3
277,1993,3
278,1129,3
281,571,3
281,1041,3
282,600,3
282,838,3
283,942,3
285,428,3
285,2057,3
286,388,3
286,431,3
286,886,3
286,1148,3
286,1333,3
286,1785,3
288,336,3
288,1782,3
289,491,3
290,1226,3
291,480,3
292,469,3
292,1433,3
293,635,3
293,1891,3
296,1717,3
297,1742,3
297,2092,3
297,2181,3
298,375,3
298,1439,3
298,2191,3
299,1116,3
300,305,3
300,801,3
300,1183,3
300,1589,3
301,2094,3
302,1465,3
302,1766,3
303,538,3
304,1274,3
304,1814,3
305,362,3
308,994,3
310,1689,3
311,617,3
311,1443,3
311,1543,3
311,2138,3
312,531,3
312,1073,3
312,1888,3
313,500,3
313,948,3
313,1316,3
313,1597,3
313,1781,3
313,1804,3
314,510,3
314,1415,3
318,468,3
318,568,3
320,1799,3
321,1482,3
322,996,3
322,1373,3
322,1863,3
323,1603,3
326,893,3
327,559,3
327,1225,3
328,1057,3
328,1083,3
328,1719,3
328,1741,3
328,1901,3
329,1606,3
330,1309,3
331,615,3
331,2042,3
331,2201,3
333,1858,3
333,2106,3
335,409,3
335,1888,3
337,956,3
337,1030,3
337,1111,3
338,463,3
339,1350,3
339,2122,3
341,871,3
343,1863,3
344,611,3
345,546,3
345,1287,3
346,1508,3
347,550,3
347,1733,3
347,2082,3
348,1828,3
348,2058,3
349,401,3
349,428,3
349,739,3
349,1061,3
351,658,3
351,1036,3
352,861,3
352,952,3
354,894,3
355,921,3
356,1727,3
357,1778,3
357,1872,3
358,2022,3
360,1642,3
361,493,3
362,1371,3
363,495,3
363,1254,3
363,1896,3
365,490,3
365,921,3
365,1074,3
367,1735,3
367,2060,3
369,2195,3
370,913,3
371,548,3
371,594,3
371,1745,3
371,1777,3
372,1433,3
373,1882,3
374,633,3
374,815,3
375,1833,3
376,1644,3
376,1685,3
379,788,3
381,1675,3
382,1583,3
382,2012,3
383,723,3
383,1819,3
385,689,3
385,1071,3
385,1149,3
387,569,3
387,1119,3
388,746,3
388,1034,3
388,1794,3
389,1327,3
390,464,3
392,1119,3
393,618,3
394,911,3
395,503,3
395,1875,3
396,1421,3
396,1462,3
397,1225,3
397,1524,3
397,1828,3
398,632,3
399,1808,3
400,576,3
400,648,3
400,2031,3
400,2086,3
401,857,3
402,2076,3
403,1677,3
403,2186,3
404,579,3
408,473,3
408,921,3
410,581,3
410,1218,3
410,1302,3
410,1569,3
411,1322,3
412,1121,3
412,1391,3
414,450,3
414,802,3
414,1665,3
414,1864,3
415,983,3
416,1076,3
417,459,3
418,832,3
419,833,3
419,2019,3
419,2040,3
421,439,3
421,1612,3
422,1246,3
422,1526,3
422,2148,3
423,1165,3
423,1383,3
425,600,3
426,1366,3
427,952,3
427,1056,3
427,1354,3
427,1440,3
427,1714,3
428,1422,3
428,1616,3
428,1823,3
429,1574,3
431,2071,3
433,656,3
433,768,3
434,1561,3
435,1533,3
435,1739,3
436,1261,3
438,823,3
440,544,3
440,1445,3
441,779,3
441,1579,3
443,1300,3
444,715,3
444,2072,3
445,511,3
445,1397,3
445,1530,3
447,535,3
448,618,3
451,889,3
451,1002,3
451,1419,3
454,691,3
454,1709,3
455,1667,3
455,1777,3
456,1822,3
456,1958,3
457,1871,3
458,530,3
460,1015,3
462,1213,3
462,2179,3
463,715,3
464,855,3
465,636,3
466,711,3
467,1350,3
468,1894,3
469,549,3
470,534,3
470,909,3
470,1521,3
473,1262,3
475,673,3
476,660,3
477,2047,3
477,2203,3
479,2013,3
480,992,3
481,1199,3
481,1989,3
481,2049,3
482,1049,3
483,1229,3
484,829,3
484,1017,3
484,1398,3
485,2122,3
487,2023,3
488,928,3
489,686,3
490,1639,3
491,1074,3
491,1113,3
492,1080,3
492,1881,3
493,1851,3
495,958,3
495,1319,3
496,1008,3
497,899,3
498,1914,3
499,1337,3
499,2127,3
499,2133,3
500,704,3
500,709,3
501,1190,3
505,1051,3
506,1358,3
507,1875,3
508,565,3
509,1232,3
509,1299,3
510,1054,3
511,644,3
512,952,3
512,1276,3
513,2019,3
514,2164,3
517,1405,3
518,1557,3
518,1583,3
519,1214,3
519,1513,3
521,1983,3
521,2183,3
525,1552,3
525,1951,3
526,1939,3
529,1618,3
531,808,3
531,1779,3
532,788,3
533,543,3
533,1249,3
534,604,3
534,1113,3
534,1409,3
534,1727,3
536,647,3
536,903,3
539,1466,3
540,986,3
540,1053,3
540,1061,3
542,1966,3
543,1771,3
544,1352,3
545,2105,3
546,1374,3
546,1569,3
547,1973,3
547,2143,3
548,883,3
548,1628,3
549,1811,3
549,2134,3
553,1968,3
553,2101,3
556,1904,3
559,2082,3
560,597,3
560,1063,3
561,1921,3
561,2092,3
563,651,3
564,838,3
564,1681,3
566,935,3
566,2170,3
567,1700,3
568,1313,3
571,1418,3
572,1530,3
573,1182,3
574,1438,3
574,1460,3
575,1770,3
576,906,3
577,885,3
580,675,3
580,1476,3
581,1897,3
582,1571,3
582,1812,3
583,924,3
584,1283,3
584,2106,3
585,1713,3
586,1240,3
587,711,3
588,1584,3
589,1019,3
589,1902,3
591,1081,3
592,1107,3
592,2092,3
595,1642,3
596,1774,3
597,1658,3
598,728,3
598,768,3
598,1669,3
600,773,3
601,1581,3
601,2192,3
602,1911,3
603,2023,3
604,1793,3
604,1833,3
605,847,3
605,1561,3
608,879,3
609,710,3
610,716,3
611,792,3
611,1017,3
611,1288,3
611,1313,3
612,1789,3
612,2007,3
612,2095,3
613,854,3
613,1267,3
614,1388,3
615,849,3
615,1033,3
615,1623,3
616,1218,3
618,1013,3
618,1305,3
620,1251,3
622,1600,3
622,1735,3
622,2084,3
623,694,3
623,1270,3
624,1584,3
626,1446,3
626,2036,3
628,1094,3
629,1473,3
630,1840,3
636,2191,3
639,1157,3
641,765,3
644,893,3
644,956,3
644,1168,3
644,1867,3
646,1294,3
646,1485,3
646,1937,3
647,1393,3
649,1264,3
650,1251,3
651,2028,3
652,1369,3
653,1046,3
653,1305,3
654,1405,3
654,1501,3
655,1293,3
655,2172,3
656,1048,3
656,1058,3
656,1504,3
657,1687,3
657,1979,3
658,726,3
658,1199,3
658,1864,3
659,804,3
659,1490,3
660,1615,3
661,1477,3
662,1766,3
663,2101,3
663,2177,3
664,1367,3
664,1608,3
666,763,3
666,903,3
667,1025,3
667,1250,3
667,1505,3
668,1564,3
668,2093,3
669,2156,3
670,1671,3
671,865,3
671,1791,3
671,1856,3
672,1247,3
673,2153,3
674,1791,3
675,1254,3
675,1766,3
676,759,3
676,986,3
677,1127,3
677,1300,3
677,1561,3
677,1733,3
678,730,3
678,941,3
678,1051,3
678,1077,3
678,2089,3
680,841,3
681,869,3
682,1458,3
683,1422,3
684,1226,3
685,1953,3
688,2156,3
689,1344,3
689,1558,3
690,1337,3
690,1673,3
690,1688,3
690,1738,3
690,1797,3
691,2101,3
692,1535,3
693,1932,3
695,884,3
695,978,3
697,1082,3
697,2156,3
698,765,3
699,841,3
699,1595,3
699,1619,3
699,1939,3
700,1548,3
701,935,3
701,1802,3
701,1805,3
704,1492,3
708,1133,3
712,744,3
712,1568,3
713,878,3
715,1004,3
716,1783,3
717,1391,3
717,1559,3
717,2167,3
718,884,3
718,1937,3
719,1762,3
719,2074,3
721,1404,3
724,1319,3
725,1358,3
725,1498,3
728,1197,3
728,2154,3
729,1737,3
729,1865,3
731,1149,3
731,1523,3
731,1544,3
732,1285,3
736,1611,3
738,764,3
738,1438,3
738,1681,3
738,1722,3
743,946,3
743,1336,3
744,1711,3
744,1777,3
744,1869,3
746,2093,3
746,2176,3
748,1082,3
748,2166,3
749,1231,3
749,1288,3
750,1115,3
750,1191,3
750,2135,3
751,1197,3
752,855,3
752,1107,3
753,821,3
754,1964,3
754,2069,3
755,943,3
758,1654,3
758,1851,3
758,1919,3
759,945,3
759,1473,3
759,1717,3
759,2161,3
763,1812,3
764,2052,3
769,1067,3
769,1473,3
770,801,3
771,1176,3
771,2123,3
772,1603,3
775,1579,3
775,1758,3
775,1974,3
777,938,3
782,1293,3
782,1747,3
782,2026,3
783,928,3
783,1434,3
784,1305,3
785,1990,3
787,1785,3
788,924,3
789,1858,3
789,2133,3
791,1611,3
793,1892,3
795,841,3
795,896,3
796,887,3
796,1534,3
797,1329,3
799,857,3
802,864,3
802,1921,3
802,2164,3
802,2188,3
803,1196,3
803,2090,3
803,2118,3
804,1252,3
804,1689,3
804,2148,3
805,2128,3
808,2068,3
810,1886,3
811,2109,3
812,1988,3
813,1243,3
816,916,3
818,1328,3
818,1551,3
819,1797,3
819,2013,3
821,1840,3
822,2172,3
823,1909,3
824,1823,3
825,1135,3
828,1639,3
829,958,3
829,1798,3
830,1022,3
831,997,3
831,1771,3
832,2104,3
834,1975,3
835,2161,3
838,1184,3
838,1212,3
839,1152,3
839,1966,3
841,1289,3
841,1772,3
844,910,3
845,1673,3
846,1231,3
846,1751,3
846,2132,3
849,1313,3
849,1510,3
853,1828,3
853,1931,3
853,1932,3
854,1490,3
854,1967,3
855,1033,3
856,1979,3
857,1365,3
857,1440,3
857,2119,3
859,1886,3
860,1452,3
863,1326,3
865,1306,3
865,1870,3
866,1072,3
867,1691,3
874,1281,3
874,1488,3
875,1113,3
877,2032,3
878,900,3
879,1346,3
880,886,3
880,1102,3
881,1318,3
882,1687,3
882,1800,3
882,1859,3
882,2076,3
883,1813,3
883,1860,3
884,923,3
884,1285,3
884,1441,3
884,2074,3
886,1028,3
886,1916,3
888,2003,3
888,2084,3
890,1770,3
892,987,3
892,1190,3
892,1259,3
893,1027,3
893,1432,3
896,924,3
896,1213,3
896,1468,3
898,1013,3
898,1275,3
903,1604,3
904,1156,3
904,1855,3
905,1156,3
905,1907,3
905,2072,3
908,1513,3
908,1773,3
909,1263,3
910,1178,3
911,1909,3
912,1645,3
914,1601,3
916,1564,3
916,1888,3
919,1631,3
922,1725,3
925,1790,3
925,2112,3
926,1082,3
926,1768,3
929,1599,3
930,1079,3
931,1035,3
932,1058,3
932,1240,3
933,1428,3
934,1266,3
936,1083,3
938,1046,3
940,1410,3
941,1269,3
941,1820,3
942,1258,3
943,1121,3
943,1903,3
944,1001,3
945,1106,3
945,1987,3
947,2025,3
950,1688,3
951,1315,3
952,1554,3
953,963,3
953,1523,3
954,1149,3
954,1203,3
956,1389,3
956,2087,3
959,1803,3
959,1811,3
960,1531,3
962,1231,3
962,1369,3
963,1054,3
966,1465,3
967,2083,3
967,2196,3
968,1160,3
970,1300,3
970,1569,3
970,2179,3
972,2041,3
973,1221,3
973,1755,3
974,1125,3
974,1159,3
975,1664,3
976,1770,3
976,2097,3
977,1572,3
978,1846,3
982,1073,3
983,1406,3
983,1546,3
984,1054,3
984,2187,3
987,1829,3
988,1188,3
988,1597,3
988,1606,3
991,1185,3
991,1291,3
991,2064,3
992,1287,3
993,1222,3
993,1460,3
993,2044,3
996,2052,3
1000,1634,3
1000,1643,3
1000,2088,3
1001,2010,3
1004,1855,3
1004,2041,3
1005,1060,3
1005,1913,3
1007,1014,3
1007,1122,3
1007,1715,3
1007,1797,3
1007,2166,3
1008,1258,3
1009,1067,3
1009,1865,3
1010,1295,3
1010,2100,3
1012,2186,3
1013,1494,3
1015,1791,3
1019,1810,3
1021,1222,3
1021,2129,3
1022,1191,3
1023,2173,3
1024,1939,3
1024,2040,3
1025,1158,3
1025,1244,3
1027,1186,3
1029,1626,3
1030,1053,3
1034,1979,3
1036,1155,3
1036,1176,3
1039,1908,3
1040,1725,3
1040,2116,3
1044,1173,3
1044,1837,3
1044,2015,3
1045,2145,3
1046,1141,3
1046,1729,3
1049,1127,3
1051,2099,3
1052,1594,3
1054,1603,3
1055,1486,3
1056,1412,3
1058,1294,3
1058,1448,3
1058,1528,3
1058,1603,3
1060,1661,3
1062,1442,3
1063,1290,3
1063,1592,3
1063,2182,3
1065,1852,3
1066,1400,3
1068,1955,3
1068,2042,3
1069,1306,3
1069,1414,3
1069,1707,3
1072,1798,3
1072,1947,3
1074,1317,3
1076,2047,3
1077,1124,3
1081,1905,3
1082,1126,3
1082,1245,3
1084,2091,3
1086,1921,3
1088,1725,3
1089,1148,3
1091,1103,3
1091,1472,3
1093,1297,3
1093,1447,3
1093,1768,3
1093,1778,3
1093,2127,3
1098,1217,3
1099,2027,3
1100,1471,3
1100,1776,3
1101,1477,3
1102,2065,3
1104,1937,3
1108,2165,3
1110,1875,3
1110,1890,3
1114,1250,3
1114,1367,3
1116,1589,3
1116,2023,3
1121,1993,3
1122,1129,3
1122,1540,3
1126,1246,3
1127,1345,3
1127,1702,3
1128,1397,3
1130,1862,3
1132,2093,3
1134,1292,3
1135,1353,3
1140,1328,3
1141,1280,3
1142,1176,3
1143,1930,3
1146,1527,3
1147,1434,3
1152,2089,3
1153,1370,3
1154,1882,3
1155,1225,3
1156,1367,3
1156,1819,3
1158,1913,3
1159,1245,3
1160,2003,3
1161,2087,3
1162,1547,3
1165,1196,3
1168,1698,3
1171,2091,3
1174,2030,3
1175,1369,3
1176,1570,3
1177,1998,3
1178,1649,3
1179,1550,3
1179,2010,3
1183,1570,3
1184,1839,3
1185,1249,3
1185,1764,3
1190,1534,3
1192,1401,3
1192,1477,3
1197,1532,3
1198,1419,3
1199,1737,3
1202,1301,3
1202,1644,3
1206,1740,3
1211,1224,3
1212,1800,3
1213,1893,3
1215,2156,3
1216,1534,3
1220,1749,3
1223,1327,3
1224,1983,3
1225,1375,3
1225,2114,3
1226,2023,3
1226,2166,3
1227,1554,3
1227,1803,3
1228,1729,3
1229,1234,3
1230,1443,3
1233,1891,3
1233,1984,3
1235,1258,3
1237,1669,3
1238,2089,3
1239,1394,3
1242,1516,3
1242,1916,3
1244,1391,3
1244,1905,3
1247,1284,3
1249,1490,3
1250,1421,3
1255,1971,3
1257,1432,3
1261,1264,3
1261,1705,3
1264,1918,3
1268,1289,3
1270,1964,3
1271,1418,3
1272,1711,3
1272,1995,3
1273,1886,3
1273,2101,3
1274,2082,3
1275,1601,3
1276,1678,3
1276,1865,3
1278,2133,3
1282,1531,3
1284,2078,3
1284,2109,3
1285,2033,3
1287,2052,3
1287,2092,3
1289,2147,3
1290,1391,3
1290,1430,3
1292,1322,3
1294,1801,3
1298,1408,3
1298,1623,3
1298,2153,3
1299,1470,3
1299,1640,3
1299,2152,3
1301,1928,3
1302,1334,3
1302,1719,3
1302,1791,3
1306,1523,3
1306,1762,3
1306,1769,3
1306,1910,3
1309,1762,3
1313,1790,3
1314,1488,3
1315,1771,3
1316,1650,3
1317,1781,3
1317,2192,3
1318,1488,3
1319,1576,3
1320,1860,3
1320,1974,3
1321,1751,3
1323,2059,3
1325,1723,3
1325,1824,3
1325,2020,3
1326,1681,3
1326,1812,3
1326,1896,3
1332,1415,3
1335,1886,3
1336,2197,3
1337,1700,3
1338,1834,3
1341,1436,3
1341,1692,3
1343,1412,3
1345,1696,3
1345,1918,3
1347,1359,3
1348,1734,3
1350,2150,3
1352,2007,3
1353,1397,3
1353,2144,3
1359,1793,3
1360,1801,3
1360,2092,3
1361,1620,3
1361,2179,3
1362,1398,3
1364,1653,3
1364,2141,3
1366,1761,3
1368,1383,3
1371,1679,3
1371,1911,3
1374,1961,3
1378,1399,3
1379,1980,3
1379,1999,3
1383,2032,3
1388,1574,3
1389,1775,3
1389,1823,3
1394,1453,3
1397,1622,3
1402,2102,3
1404,1916,3
1405,2045,3
1407,2062,3
1410,1416,3
1413,1600,3
1414,2074,3
1415,2170,3
1416,1427,3
1417,2094,3
1420,1660,3
1426,1769,3
1426,1845,3
1426,2165,3
1429,1953,3
1431,1772,3
1432,2145,3
1433,2028,3
1434,1943,3
1435,1797,3
1437,1808,3
1437,1901,3
1440,1660,3
1442,1452,3
1442,1933,3
1443,1629,3
1444,2173,3
1445,2198,3
1446,1991,3
1446,2062,3
1453,2059,3
1454,1543,3
1456,1616,3
1457,1539,3
1458,1659,3
1460,2151,3
1461,2064,3
1469,2147,3
1470,1744,3
1474,1788,3
1477,1797,3
1480,1643,3
1481,1541,3
1481,1654,3
1485,1572,3
1490,2183,3
1491,1881,3
1492,1716,3
1497,2006,3
1498,1765,3
1498,1798,3
1500,2095,3
1504,1732,3
1511,1558,3
1511,1586,3
1511,1606,3
1512,1984,3
1512,2091,3
1513,1954,3
1515,2149,3
1517,1852,3
1519,1724,3
1521,1709,3
1521,2087,3
1529,1991,3
1531,1703,3
1532,1618,3
1538,1724,3
1541,2016,3
1542,1767,3
1545,1697,3
1546,1574,3
1550,1782,3
1551,2001,3
1553,1896,3
1554,1773,3
1555,1577,3
1558,1915,3
1560,1838,3
1563,1629,3
1565,1886,3
1566,1611,3
1569,1686,3
1570,2011,3
1574,1810,3
1578,1771,3
1579,2119,3
1581,1732,3
1582,1750,3
1582,1874,3
1582,2071,3
1587,1903,3
1588,2154,3
1594,2069,3
1594,2127,3
1595,1653,3
1595,2016,3
1597,2004,3
1600,1930,3
1601,1979,3
1602,1778,3
1603,1867,3
1613,1941,3
1617,2133,3
1619,1887,3
1619,2166,3
1622,1623,3
1625,2062,3
1626,1861,3
1628,1895,3
1629,1989,3
1629,2122,3
1636,1776,3
1637,1759,3
1646,1817,3
1648,1892,3
1652,2062,3
1657,1679,3
1657,2129,3
1658,1805,3
1660,1834,3
1660,2065,3
1662,1752,3
1664,1821,3
1665,1747,3
1665,2029,3
1668,1910,3
1669,1820,3
1669,1953,3
1669,2108,3
1676,1752,3
1676,1801,3
1679,1988,3
1679,2104,3
1683,2037,3
1692,1789,3
1693,2187,3
1698,1854,3
1698,1902,3
1700,1865,3
1700,1916,3
1702,1918,3
1704,1837,3
1704,2144,3
1707,1845,3
1709,1835,3
1711,1822,3
1712,1858,3
1712,2040,3
1713,1727,3
1717,1768,3
1718,1733,3
1722,2004,3
1723,2010,3
1729,2180,3
1737,1897,3
1738,1945,3
1741,1919,3
1745,1848,3
1745,2099,3
1745,2169,3
1760,1843,3
1760,2187,3
1764,1831,3
1767,2197,3
1772,2137,3
1774,1891,3
1783,1915,3
1789,2064,3
1797,1823,3
1807,1825,3
1808,1885,3
1810,1882,3
1823,2087,3
1827,1896,3
1833,1841,3
1845,2158,3
1852,2102,3
1857,1918,3
1861,2061,3
1868,1885,3
1870,2097,3
1874,1940,3
1877,2184,3
1884,1887,3
1884,1897,3
1886,1925,3
1893,2193,3
1896,2166,3
1900,2030,3
1918,1950,3
1920,2116,3
1933,2067,3
1934,2064,3
1936,2017,3
1951,2165,3
1953,2092,3
1958,2141,3
1963,2086,3
2006,2007,3
2006,2141,3
2012,2132,3
2017,2045,3
2018,2095,3
2025,2176,3
2027,2074,3
2029,2195,3
2038,2168,3
2043,2116,3
2060,2071,3
2074,2182,3
2075,2105,3
2077,2081,3
2093,2156,3
2097,2135,3
2102,2126,3
2110,2200,3
