1,843,0
2,64,1
2,654,1
2,720,1
2,781,1
2,833,1
2,1026,1
1587,2,0
2,1692,0
2,1950,1
2,2055,1
2,2095,1
2222,2,0
2,2244,1
2,2291,1
2310,2,0
2,2317,1
2,2319,1
2,2320,1
2,2376,1
2,2384,1
2,2393,1
2,2401,1
2409,2,0
2,2428,1
4,1382,0
5,1911,0
5,2072,0
6,242,0
7,555,0
7,760,0
8,2324,0
9,1450,0
10,156,0
11,1712,0
12,111,0
12,783,0
12,1286,0
2425,12,0
13,29,1
13,203,1
221,13,0
250,13,0
13,251,1
305,13,0
13,339,1
13,341,1
386,13,0
408,13,0
13,426,1
13,448,1
13,452,1
13,459,1
13,563,1
13,599,1
13,628,1
13,634,1
13,654,1
13,656,1
661,13,0
13,664,1
13,690,1
13,706,1
800,13,0
13,819,1
13,857,1
13,935,1
13,939,1
951,13,0
13,1048,1
13,1072,1
13,1143,1
1265,13,0
1307,13,0
13,1318,1
13,1322,1
13,1425,1
13,1458,1
13,1488,1
13,1489,1
13,1510,1
1529,13,0
13,1530,1
1576,13,0
13,1602,1
13,1612,1
13,1712,1
13,1836,1
1879,13,0
13,1921,1
13,1925,1
13,1938,1
13,1964,1
13,1993,1
2183,13,0
2203,13,0
13,2281,0
13,2342,1
13,2425,1
13,2462,1
15,1949,0
15,2423,0
18,1391,0
18,2155,0
19,1025,0
20,918,0
20,1126,0
21,2195,0
21,2415,0
21,2466,0
24,615,0
24,648,0
24,1053,0
25,541,0
25,1871,0
25,2141,0
26,789,0
26,1225,0
26,1321,0
26,2324,0
27,1438,0
28,84,0
29,316,0
554,30,0
30,571,1
30,640,1
30,813,1
881,30,0
30,1246,1
30,1277,1
1696,30,0
30,1996,1
30,2426,1
31,63,1
31,215,1
31,326,1
470,31,0
31,571,0
635,31,0
638,31,0
31,687,1
31,833,1
31,1215,1
1298,31,0
31,1820,1
31,2081,1
31,2410,0
32,516,0
32,1538,0
33,900,0
33,1122,0
33,1631,0
33,1639,0
34,246,0
34,351,0
414,34,0
34,512,1
653,34,0
1994,34,0
583,36,0
629,36,0
36,814,0
36,1921,0
36,1956,0
36,2076,1
37,722,0
38,828,0
38,934,0
939,39,0
39,1103,1
40,292,0
40,1965,0
41,1510,0
42,234,1
42,825,0
42,851,0
42,1096,0
42,1361,1
42,2447,1
43,1115,0
43,1375,0
43,1683,0
43,2404,0
44,267,0
44,1223,0
44,1656,0
45,1848,0
46,167,0
46,773,0
46,1925,0
47,59,1
105,47,0
124,47,0
47,142,1
168,47,0
47,248,0
47,313,1
47,340,1
47,359,1
47,394,1
47,620,1
654,47,0
47,743,1
47,814,1
47,899,1
47,1145,1
1150,47,0
47,1173,0
47,1182,1
1185,47,0
47,1239,1
47,1404,1
47,1459,1
1585,47,0
47,1664,1
1682,47,0
1831,47,0
1881,47,0
1992,47,0
2014,47,0
47,2145,1
2245,47,0
47,2276,1
47,2358,1
48,268,0
48,870,0
49,1656,0
50,16,1
46,50,0
50,75,1
50,209,1
50,212,1
619,50,0
50,690,1
50,815,1
50,950,1
50,987,0
50,1081,1
1381,50,0
50,1525,1
50,1674,1
50,1793,1
1863,50,0
1905,50,0
1955,50,0
50,2166,1
52,1077,0
52,2094,0
635,53,0
53,1586,0
54,158,0
54,716,0
54,1196,1
54,1302,0
54,1540,0
54,2075,0
54,2273,0
56,1284,0
57,273,1
57,333,0
57,2215,0
58,1395,0
59,2087,0
59,2100,0
60,67,0
60,88,1
60,195,1
60,215,1
60,269,1
60,304,1
60,326,1
60,430,0
60,433,1
519,60,0
60,563,1
60,620,1
60,709,1
60,1591,1
60,1740,0
60,1771,1
62,336,0
63,81,1
99,63,0
63,152,1
412,63,0
63,429,1
63,585,1
621,63,0
63,659,1
63,891,1
63,1403,0
1514,63,0
63,1683,1
63,2331,1
64,297,0
64,354,0
65,303,0
65,421,0
65,1617,0
66,623,0
66,1260,0
66,1850,0
67,773,0
68,8,1
68,146,1
236,68,0
68,392,1
68,429,1
68,452,1
68,560,1
663,68,0
68,939,1
68,1167,1
1215,68,0
68,1326,1
68,1375,1
1483,68,0
1505,68,0
68,1568,1
68,1620,1
1628,68,0
68,1688,1
68,1741,1
1803,68,0
1990,68,0
68,2087,1
68,2093,1
68,2240,1
68,2357,1
68,2398,0
69,1483,0
70,1382,0
71,1096,0
71,1739,0
71,2362,0
72,1280,1
73,694,0
73,1005,0
73,2122,0
160,76,0
76,586,1
864,76,0
76,1882,1
77,1579,0
78,204,1
78,635,1
78,1128,1
78,1176,1
78,1215,1
78,1582,1
78,1717,1
1940,78,0
79,1350,0
79,2456,0
82,529,0
82,1991,1
82,2291,0
83,149,0
83,307,0
83,922,0
83,1165,0
83,1230,0
83,1755,0
84,309,0
84,692,0
84,1574,0
84,1648,0
1792,84,0
85,95,0
85,235,0
2242,85,0
86,563,1
86,2084,0
87,240,0
87,1199,0
87,2150,0
88,1528,0
89,329,1
89,431,0
985,89,0
89,1388,1
89,1425,1
89,2021,0
89,2076,0
89,2144,1
90,1181,0
90,1374,0
90,2094,0
91,1512,0
92,213,0
93,2163,0
95,230,0
95,1814,0
96,409,0
96,704,0
96,2256,0
96,2375,0
97,2376,0
98,433,0
98,624,0
98,986,0
98,1329,0
99,2008,0
100,640,0
100,1578,0
102,351,0
102,392,0
102,777,0
103,2240,1
105,693,0
105,2059,0
107,2296,0
8,108,0
108,105,1
108,181,1
108,481,1
877,108,0
108,1234,1
108,1311,1
108,1406,1
108,1427,1
108,1477,0
1622,108,0
108,1649,0
1697,108,0
108,1770,1
108,1933,1
1955,108,0
109,917,0
110,2230,0
111,725,1
1274,111,0
112,339,0
112,1775,0
113,670,0
113,1459,0
113,2183,0
114,2360,0
115,510,0
115,646,0
47,116,0
625,116,0
116,1147,1
1344,116,0
116,2062,0
116,2115,1
117,1107,0
117,2359,0
29,118,0
529,118,0
118,646,1
700,118,0
118,732,1
118,751,0
118,780,1
959,118,0
118,1196,1
118,1468,1
118,1573,1
118,1677,0
118,1824,1
1828,118,0
118,1830,1
118,1847,1
118,2165,0
118,2198,1
2385,118,0
2412,118,0
119,2400,0
120,987,0
120,1331,0
120,2149,1
121,399,1
121,455,0
121,1939,1
121,2284,0
122,1785,0
124,907,0
124,1614,1
125,531,0
125,550,0
125,957,0
126,1990,0
127,1032,0
127,1494,0
128,936,0
128,1497,0
128,1771,0
129,619,0
129,1639,0
129,2227,0
130,1171,1
1983,130,0
130,2058,1
131,1171,0
132,381,0
132,933,1
132,1062,0
132,1472,0
2213,132,0
133,590,0
133,1132,0
135,1691,1
135,1926,1
136,1159,0
136,1994,0
137,102,1
137,408,1
427,137,0
432,137,0
137,624,1
137,628,1
137,635,1
137,737,1
137,818,0
137,864,1
137,900,1
935,137,0
137,939,1
137,963,1
1094,137,0
137,1244,0
137,1351,1
137,1383,1
137,1415,1
137,1416,1
1441,137,0
1466,137,0
137,1601,1
137,1704,0
137,1724,1
137,1783,1
137,1836,1
137,1847,1
137,1868,1
1912,137,0
1921,137,0
137,1965,1
2015,137,0
137,2035,1
2053,137,0
137,2183,1
2293,137,0
2342,137,0
137,2426,1
137,2462,1
138,679,0
138,1832,0
138,2252,0
181,140,0
140,273,1
340,140,0
140,399,1
140,541,0
140,777,1
939,140,0
140,1047,1
1062,140,0
140,1285,1
1761,140,0
140,1830,0
142,2370,0
142,2470,0
143,1907,0
144,563,0
144,2197,0
145,603,0
145,993,0
145,1980,0
146,629,0
147,1170,1
147,1528,0
148,592,0
148,1977,0
33,149,0
79,149,0
149,273,1
149,690,1
149,939,1
150,997,1
64,151,0
151,1181,0
151,2055,1
151,2222,1
2291,151,0
151,2319,1
151,2320,1
151,2338,0
151,2376,1
151,2384,1
151,2393,1
151,2409,1
152,1399,0
152,2029,0
153,153,1
659,153,0
153,695,1
153,1132,1
153,1200,1
153,1371,0
153,1933,1
2436,153,0
939,154,0
154,1507,0
154,1607,1
154,1836,0
156,700,1
156,847,0
156,1824,1
157,628,0
157,2436,0
159,509,1
160,759,0
161,645,0
161,884,0
706,162,0
162,1688,0
1838,162,0
162,1987,0
162,2347,0
163,453,0
164,66,1
164,80,1
164,99,1
164,123,1
164,158,1
293,164,0
164,397,1
164,435,1
164,680,1
164,769,1
802,164,0
164,891,1
929,164,0
164,1126,1
164,1183,1
1316,164,0
164,1391,1
164,1404,1
1945,164,0
2019,164,0
164,2091,1
164,2311,0
165,1104,0
165,1146,0
165,1642,0
64,166,0
166,385,0
654,166,0
166,1026,1
166,1637,0
166,1835,0
166,2055,1
166,2222,1
2244,166,0
166,2291,1
166,2317,1
2319,166,0
166,2376,1
166,2384,1
166,2393,1
2401,166,0
166,2409,1
167,497,0
167,970,0
168,744,0
320,169,0
169,377,1
413,169,0
169,457,1
169,603,1
169,707,1
718,169,0
779,169,0
840,169,0
850,169,0
169,870,1
169,908,1
959,169,0
169,1024,1
169,1114,1
1209,169,0
169,1297,1
1463,169,0
169,1554,0
1580,169,0
169,1591,1
169,1612,1
169,1636,1
169,1646,1
169,1723,1
1845,169,0
169,1857,1
169,1868,1
169,1874,1
169,1999,1
169,2059,1
169,2172,1
169,2381,1
170,281,0
170,293,1
170,609,0
170,966,0
170,1921,1
170,2339,0
171,762,0
171,779,0
171,974,0
1159,172,0
172,1658,0
172,2140,0
173,29,1
173,91,1
173,434,1
635,173,0
173,939,1
173,1315,1
173,1354,1
173,1629,1
173,2213,1
2338,173,0
2371,173,0
174,388,0
174,1025,0
174,2082,0
47,175,0
175,917,0
175,1302,0
176,833,0
176,2161,0
177,2310,0
178,150,1
178,213,1
178,273,1
178,476,0
690,178,0
777,178,0
178,827,1
178,1205,1
1234,178,0
178,1427,1
178,1453,0
1566,178,0
178,1626,1
178,2029,1
178,2128,1
178,2362,1
179,1460,0
179,2353,0
180,1730,0
181,564,1
997,181,0
181,1759,1
181,1761,1
181,1795,1
181,1830,0
181,2035,1
181,2086,1
182,984,0
183,430,1
183,1087,0
183,1118,0
192,184,0
184,269,1
184,939,1
184,1523,0
199,185,0
185,721,0
725,185,0
185,1171,0
185,1236,0
185,1414,1
1568,185,0
185,1683,0
185,1691,1
1773,185,0
185,1810,1
1933,185,0
185,2035,1
185,2145,1
185,2338,0
186,466,1
467,186,0
468,186,0
186,619,1
186,872,0
1196,186,0
186,1205,1
186,1404,1
186,2449,0
187,344,0
188,673,1
188,674,1
188,982,1
188,994,1
188,1121,1
188,1258,1
188,2186,1
189,2403,0
190,591,0
191,1619,0
191,1977,0
192,332,0
192,932,0
192,1855,0
193,247,0
193,2308,0
194,1483,0
195,318,0
195,2258,0
196,722,0
196,1614,0
196,1868,0
196,2280,0
99,198,0
198,194,1
198,304,1
519,198,0
198,546,1
198,797,1
198,845,1
198,911,1
198,941,0
198,1215,1
198,1648,0
198,1979,1
198,2055,0
198,2098,1
198,2331,1
199,1661,0
199,2344,0
200,479,1
200,764,0
200,1659,0
201,2009,0
201,2380,0
202,300,1
202,493,0
605,202,0
202,1048,0
202,1086,1
202,1239,1
202,1415,1
202,1441,1
202,1503,1
202,2075,1
2224,202,0
2308,202,0
2309,202,0
203,1024,0
80,204,0
204,234,1
204,345,0
364,204,0
204,553,1
204,636,1
204,921,1
204,935,1
1040,204,0
204,1071,1
204,1081,1
204,1277,1
204,1387,1
1837,204,0
204,1852,1
204,1913,1
204,2126,0
204,2161,1
204,2470,1
205,213,1
205,214,1
205,242,1
205,268,1
205,274,1
205,342,1
205,361,1
205,584,1
205,625,1
205,660,1
205,673,1
205,680,0
706,205,0
707,205,0
205,783,1
814,205,0
205,878,1
205,908,1
205,1176,1
1229,205,0
205,1258,1
205,1259,1
205,1387,0
1567,205,0
205,1585,1
205,1661,1
1695,205,0
1838,205,0
1941,205,0
205,2057,1
206,1774,0
207,345,0
207,796,0
207,2278,0
208,658,0
208,743,0
209,1620,0
210,646,0
210,2087,0
211,304,1
211,564,0
211,659,1
211,758,1
211,939,1
211,1017,0
1208,211,0
211,1862,0
211,2240,1
214,274,1
214,361,1
214,584,1
214,638,0
214,660,1
214,706,1
707,214,0
1299,214,0
214,1523,0
1838,214,0
214,2104,1
214,2115,1
214,2174,1
215,6,1
99,215,0
215,141,1
215,215,1
215,225,1
294,215,0
419,215,0
215,473,1
555,215,0
596,215,0
215,649,1
215,652,1
215,677,1
724,215,0
752,215,0
215,789,1
804,215,0
947,215,0
953,215,0
215,969,1
215,1136,1
1145,215,0
215,1155,1
215,1188,1
215,1366,1
215,1502,1
215,1512,1
215,1518,1
215,1563,1
215,1620,1
215,1685,1
215,1855,1
2109,215,0
215,2140,1
215,2159,1
215,2197,1
2344,215,0
2368,215,0
216,95,1
216,190,1
216,725,1
216,1181,1
1316,216,0
216,1377,1
216,1421,0
216,1672,1
216,1702,1
1969,216,0
216,1981,0
2052,216,0
2202,216,0
2215,216,0
216,2277,1
63,217,0
215,217,0
217,326,1
638,217,0
687,217,0
217,902,0
217,1215,1
217,1820,1
217,2081,1
218,559,0
218,1131,1
218,1404,1
218,2414,0
219,2024,0
220,724,0
220,2342,0
221,1215,1
221,2280,0
223,326,0
223,724,0
223,1008,0
223,1206,0
223,1349,0
223,1379,0
225,1254,0
226,1594,0
227,11,1
29,227,0
47,227,0
452,227,0
227,457,1
227,718,1
227,823,1
1066,227,0
227,1182,1
1352,227,0
227,1645,0
1925,227,0
1999,227,0
227,2115,1
227,2154,0
227,2176,0
227,2239,1
227,2308,0
227,2435,1
228,1087,0
228,1831,0
229,285,0
1311,229,0
229,1776,0
231,919,0
232,1489,0
233,791,0
233,1154,0
234,942,0
235,656,0
235,816,0
235,977,0
235,1968,0
236,1542,0
236,1761,0
237,1799,0
238,1597,0
239,2142,0
239,2451,0
240,1568,1
241,17,1
241,74,1
241,79,1
241,81,1
241,127,1
241,235,1
277,241,0
328,241,0
399,241,0
241,413,1
241,422,1
439,241,0
455,241,0
241,508,1
241,546,1
585,241,0
625,241,0
241,635,1
638,241,0
785,241,0
241,822,1
241,833,1
993,241,0
241,1066,1
1068,241,0
1147,241,0
241,1148,1
1196,241,0
1216,241,0
1250,241,0
241,1635,1
1684,241,0
241,1801,1
241,1921,1
241,1947,1
241,1978,1
1990,241,0
241,2080,1
241,2209,1
2256,241,0
241,2380,1
242,906,0
242,1755,0
243,1978,0
245,2002,0
245,2064,0
246,310,0
246,441,0
246,751,0
1142,247,0
247,1425,1
247,1959,1
247,2144,1
248,525,0
248,1451,0
248,1925,0
249,563,0
249,1040,0
250,238,1
250,459,0
250,619,1
250,768,0
250,879,0
250,1142,1
251,1971,0
251,2474,0
252,304,1
252,472,0
252,1161,0
1182,252,0
252,1832,0
253,519,1
253,644,0
1315,253,0
253,1691,1
253,1920,0
254,1839,0
1972,254,0
256,1159,1
256,1179,0
256,2473,0
257,721,0
257,1107,0
257,1495,0
257,1838,0
257,1866,0
258,827,0
258,1687,0
259,433,0
261,1001,0
261,1571,0
261,1772,1
262,366,0
262,564,0
262,1282,0
1327,263,0
263,2453,0
264,216,1
1138,264,0
264,1998,0
264,2202,0
264,2321,1
264,2475,0
265,1414,0
47,266,0
266,1215,1
266,1389,1
266,2284,1
267,358,0
267,1026,0
268,1350,0
268,2144,0
269,1653,0
269,2089,0
270,1160,0
270,2354,0
63,271,0
271,635,1
638,271,0
271,687,1
271,833,1
271,1214,0
271,1215,1
271,1230,1
1298,271,0
1820,271,0
1999,271,0
271,2035,1
271,2081,1
271,2265,0
271,2390,0
272,363,0
272,896,0
272,1890,0
273,596,0
918,273,0
273,924,0
273,997,1
273,1759,1
2035,273,0
273,2342,1
753,274,0
274,754,1
274,2272,0
116,275,0
275,200,1
275,430,1
275,855,1
864,275,0
275,984,0
275,1205,1
275,1316,1
275,1620,1
275,1750,0
1789,275,0
275,1955,1
276,1265,0
277,875,0
277,1328,0
277,1333,0
277,2376,0
278,374,0
278,917,0
278,2074,1
279,938,0
279,1401,0
250,280,0
281,451,0
281,552,0
281,1237,0
281,2161,0
283,2069,0
283,2352,0
22,284,0
222,284,0
289,284,0
284,365,1
284,423,1
284,497,1
284,670,1
284,743,1
284,962,0
284,1082,1
284,1271,1
284,1399,1
284,1570,1
1689,284,0
284,2015,1
284,2017,1
284,2064,1
284,2079,1
2117,284,0
284,2310,0
284,2392,1
284,2434,1
285,304,0
285,1268,0
285,1319,0
285,2433,0
287,369,0
287,1429,0
287,1541,0
287,2165,0
21,288,0
288,275,1
288,347,1
595,288,0
288,597,1
288,604,1
288,648,1
288,669,1
814,288,0
288,979,1
288,1002,0
288,1009,1
288,1048,1
1073,288,0
288,1074,1
288,1215,1
288,1419,1
288,1585,1
288,1641,1
1794,288,0
288,1902,1
288,1903,1
288,1904,1
288,1906,1
288,1908,1
288,1909,1
288,1921,1
1975,288,0
288,2170,1
2171,288,0
288,2176,1
2178,288,0
288,2185,1
288,2248,1
288,2252,1
2336,288,0
288,2337,1
289,339,0
289,1949,0
289,2277,0
290,322,0
290,605,0
290,657,0
291,511,0
2205,291,0
2346,291,0
292,799,0
292,1194,0
292,1497,0
292,1515,0
293,549,0
293,1339,0
294,419,0
294,829,0
294,1789,0
295,1574,0
297,989,0
297,1598,0
297,2229,0
216,298,0
298,1138,1
298,1435,1
298,1691,1
2321,298,0
300,995,0
300,1296,0
302,1469,0
304,2461,0
305,1641,0
306,981,0
306,2006,0
307,454,0
307,1066,0
308,700,1
308,903,0
308,1824,1
308,2092,0
309,2057,0
340,310,0
310,617,1
939,310,0
310,1205,0
1345,310,0
310,1349,1
310,2386,1
311,1373,0
312,587,0
312,928,0
312,2152,0
313,1727,0
314,457,0
315,904,0
316,797,0
317,330,0
317,1795,0
317,1968,0
318,983,0
318,2137,0
319,1117,0
320,507,0
320,729,0
1427,321,0
321,1993,1
321,2444,1
322,2177,0
324,527,0
1182,324,0
324,1992,1
325,409,0
325,749,0
326,2019,0
328,802,0
329,1564,0
329,1673,0
330,939,1
330,1282,0
330,1528,1
330,1704,0
1742,330,0
330,1962,0
331,1241,0
332,363,0
332,412,0
333,1066,0
333,1358,0
334,374,0
334,871,0
334,906,0
334,954,0
335,1259,0
337,1238,0
338,1728,0
339,1129,0
21,340,0
197,340,0
340,260,1
347,340,0
340,366,0
484,340,0
505,340,0
561,340,0
340,563,1
564,340,0
340,595,1
340,604,1
340,635,1
340,648,1
654,340,0
690,340,0
340,730,1
340,740,1
939,340,0
340,979,1
340,996,1
1005,340,0
1009,340,0
340,1065,1
340,1073,1
340,1074,1
340,1204,0
340,1293,1
340,1300,1
340,1311,1
340,1315,1
340,1389,1
1395,340,0
340,1416,1
1419,340,0
1436,340,0
1575,340,0
340,1585,1
340,1641,1
340,1691,1
1743,340,0
340,1768,1
340,1794,1
340,1834,1
1891,340,0
340,1899,1
340,1902,1
340,1903,1
340,1904,1
1908,340,0
340,1909,1
340,1921,1
340,2074,1
340,2102,1
340,2176,1
2185,340,0
340,2190,1
340,2226,1
2239,340,0
2248,340,0
340,2252,1
2258,340,0
340,2336,1
2337,340,0
2419,340,0
340,2454,1
341,1783,0
342,2151,0
342,2199,0
169,343,0
1215,343,0
343,2172,1
344,415,0
344,929,0
344,1481,0
345,1186,0
345,1476,0
345,1821,0
346,521,0
346,1915,0
346,2377,0
347,944,0
348,2104,0
349,1247,0
349,1832,0
350,1682,0
351,399,0
351,800,0
351,1016,0
351,1738,0
351,2012,0
352,688,1
352,2060,0
353,2066,0
353,2092,0
354,2406,0
355,2136,0
356,606,0
356,1547,0
357,535,1
625,357,0
357,809,1
357,875,1
357,1303,0
1389,357,0
357,1577,1
1589,357,0
357,1868,1
357,2137,1
357,2302,1
2458,357,0
358,908,0
358,1100,0
358,1554,0
358,2164,0
0,359,0
359,8,1
359,30,1
359,293,1
359,328,1
399,359,0
359,412,1
359,483,1
565,359,0
359,635,1
359,658,0
359,826,1
359,847,1
877,359,0
359,925,1
939,359,0
359,1017,1
1163,359,0
359,1184,1
359,1311,1
359,1351,1
1435,359,0
1451,359,0
1517,359,0
359,1519,1
359,1548,1
359,1562,1
1705,359,0
359,1729,1
359,1868,1
359,1918,0
359,2051,1
2074,359,0
359,2090,0
359,2134,1
359,2233,1
359,2360,1
360,1490,0
360,1976,0
361,753,1
754,361,0
361,1727,0
362,304,1
362,718,1
362,939,1
362,1023,0
362,1219,1
1311,362,0
362,1675,0
362,1921,1
362,2035,1
362,2119,1
363,1103,0
364,1118,0
364,1697,0
365,1565,0
365,2158,0
366,307,1
366,601,1
366,1328,1
1691,366,0
367,1315,0
367,1461,0
367,1555,0
367,1921,0
367,2074,0
367,2380,0
370,1806,0
370,2255,0
371,1602,0
372,81,1
372,772,0
1427,372,0
372,1475,0
373,398,0
375,740,0
376,502,0
376,782,0
376,2096,0
376,2261,0
377,29,1
377,45,1
377,213,1
377,273,1
377,307,1
323,377,0
377,429,1
377,529,1
635,377,0
377,646,1
377,690,1
700,377,0
732,377,0
377,870,1
377,907,1
377,939,1
959,377,0
989,377,0
1176,377,0
1196,377,0
377,1374,0
1466,377,0
377,1468,1
377,1519,0
377,1573,1
377,1724,1
1824,377,0
377,1830,1
377,1847,1
377,1921,1
377,2035,1
377,2198,1
2385,377,0
377,2412,1
378,966,0
378,2154,0
378,2168,0
379,1512,0
1668,379,0
380,883,0
380,1941,0
381,822,0
381,1739,1
381,1850,1
381,2183,1
2316,381,0
2440,381,0
382,1844,0
383,2146,0
384,105,1
384,322,1
384,340,1
384,463,0
878,384,0
384,1708,0
384,1838,0
387,467,0
388,1672,0
388,1926,0
388,2028,0
388,2049,0
389,841,0
390,99,1
390,413,0
390,512,1
391,1743,0
392,567,0
392,919,0
392,1139,0
393,2267,0
393,2434,0
393,2457,0
29,394,0
394,122,1
394,134,1
394,203,1
394,213,1
394,251,1
394,253,1
299,394,0
394,326,1
394,339,1
386,394,0
394,426,1
394,448,1
394,452,1
394,459,1
394,563,1
394,577,1
599,394,0
394,628,1
394,634,1
654,394,0
394,660,1
664,394,0
394,700,1
800,394,0
394,826,0
935,394,0
394,939,1
394,1048,1
394,1053,0
394,1058,1
394,1064,1
394,1081,1
394,1088,1
394,1143,1
1215,394,0
1307,394,0
394,1318,1
394,1322,1
394,1405,1
394,1425,1
394,1458,1
394,1489,1
1510,394,0
394,1530,1
394,1576,1
394,1602,1
394,1612,1
394,1626,1
394,1723,1
394,1756,1
1836,394,0
394,1879,1
394,1921,1
394,1925,1
394,1993,1
394,2044,1
394,2128,1
394,2176,1
394,2183,1
394,2203,1
394,2245,0
394,2342,1
394,2373,0
395,800,0
395,2122,0
395,2447,1
635,396,0
396,687,1
396,833,1
1192,396,0
396,1215,1
1678,396,0
396,1745,1
1829,396,0
396,2193,1
396,2287,1
398,843,0
398,1255,0
398,2142,0
398,2256,0
399,29,1
399,55,1
79,399,0
92,399,0
399,171,1
399,174,1
399,203,1
399,251,1
399,293,1
399,304,1
399,307,1
399,339,1
399,341,1
399,346,1
391,399,0
399,399,1
406,399,0
448,399,0
399,452,1
399,459,1
399,496,1
399,520,1
399,563,1
399,577,1
599,399,0
399,635,1
399,654,1
399,664,1
681,399,0
690,399,0
692,399,0
399,696,1
399,792,1
399,843,1
399,844,1
399,891,1
399,902,1
399,903,1
399,939,1
399,981,1
399,1043,1
1055,399,0
399,1101,1
399,1169,1
399,1193,1
1265,399,0
1382,399,0
1433,399,0
399,1458,1
399,1466,1
399,1489,1
1493,399,0
399,1510,1
399,1529,1
1530,399,0
399,1557,1
399,1576,1
399,1577,1
1602,399,0
399,1641,1
1661,399,0
399,1664,1
399,1691,1
399,1706,1
1712,399,0
1724,399,0
1901,399,0
399,1928,1
399,1984,1
1993,399,0
399,2011,1
2083,399,0
399,2140,1
399,2203,1
2329,399,0
399,2379,1
399,2400,1
402,754,0
402,844,0
403,1215,1
403,1293,0
403,1770,0
404,464,0
3,405,0
13,405,0
58,405,0
405,80,1
105,405,0
405,253,1
405,468,1
405,489,1
405,528,1
405,660,1
405,666,0
405,706,1
405,707,1
405,782,1
405,799,1
405,891,1
924,405,0
405,941,0
405,992,1
1107,405,0
405,1157,1
405,1160,1
1215,405,0
405,1220,1
405,1311,1
1316,405,0
405,1368,1
405,1385,1
405,1404,1
405,1431,1
405,1432,1
1566,405,0
405,1571,1
405,1598,1
405,1624,1
1890,405,0
405,2026,1
405,2059,1
405,2242,1
405,2309,1
406,603,1
619,406,0
406,1337,0
1490,406,0
406,1955,1
2030,406,0
2053,406,0
407,1994,1
407,2399,0
408,1410,0
29,409,0
409,127,1
413,409,0
409,517,1
548,409,0
409,619,1
785,409,0
889,409,0
409,959,1
409,1108,0
409,1517,0
409,1876,0
409,1925,1
409,1955,1
409,2104,0
409,2279,1
409,2453,1
410,213,1
410,268,1
783,410,0
410,908,1
410,1205,1
410,1229,1
1259,410,0
1567,410,0
1661,410,0
410,1664,1
410,1847,1
410,1941,1
410,2057,1
410,2087,0
410,2385,1
411,2083,0
413,642,0
413,700,1
413,1824,1
413,2266,0
413,2312,0
56,415,0
415,258,1
269,415,0
383,415,0
415,420,0
415,560,0
811,415,0
415,998,1
415,1023,1
415,1040,1
1215,415,0
415,1230,1
415,1244,1
415,1247,1
415,1248,1
415,1267,1
1361,415,0
1370,415,0
415,1654,1
1793,415,0
415,1837,1
2377,415,0
2436,415,0
116,416,0
242,416,0
416,268,1
416,342,1
416,361,1
416,428,0
416,660,1
673,416,0
416,674,1
416,707,1
416,878,1
416,908,1
416,994,1
1147,416,0
416,1182,1
416,1205,1
416,1229,1
416,1258,1
1259,416,0
416,1398,0
416,1567,1
1593,416,0
416,1661,1
416,1664,1
416,1761,0
416,1847,1
1941,416,0
416,2057,1
416,2385,1
417,99,1
417,1797,1
1926,417,0
418,1072,0
418,2160,0
419,1199,0
419,2136,0
420,635,1
420,939,1
420,1042,0
420,1211,0
420,1379,0
420,1625,0
421,786,1
421,1763,0
421,1850,0
422,789,0
424,1096,0
424,1801,0
425,696,0
425,1006,1
426,433,0
427,1330,0
427,1905,0
428,1028,0
428,1218,0
428,2070,0
429,635,1
10,430,0
430,26,1
430,47,1
430,48,1
91,430,0
430,105,1
430,131,1
208,430,0
430,245,1
430,293,1
301,430,0
430,311,1
430,316,1
430,326,1
430,431,1
475,430,0
511,430,0
430,512,1
430,519,1
538,430,0
563,430,0
635,430,0
690,430,0
430,702,1
430,796,0
430,874,1
939,430,0
430,948,1
984,430,0
430,1051,1
430,1058,1
1075,430,0
430,1085,1
430,1094,1
1099,430,0
430,1104,1
1157,430,0
1182,430,0
430,1190,1
1215,430,0
1225,430,0
430,1236,1
1257,430,0
430,1280,1
1294,430,0
1333,430,0
430,1357,1
1374,430,0
430,1385,1
430,1389,1
430,1391,1
1412,430,0
1427,430,0
430,1449,1
1450,430,0
430,1538,1
430,1690,1
430,1716,1
430,1767,1
430,1781,1
1785,430,0
430,1796,0
430,1834,1
430,1865,1
430,1921,1
1924,430,0
430,1944,1
430,1994,1
430,2006,1
430,2024,1
430,2027,1
2042,430,0
2066,430,0
430,2113,1
2130,430,0
2165,430,0
430,2194,1
430,2218,1
430,2219,1
2262,430,0
430,2283,1
430,2294,1
430,2345,1
2383,430,0
430,2463,1
2472,430,0
431,527,0
431,919,0
431,2025,0
431,2413,0
520,433,0
433,554,1
433,573,1
433,721,0
433,1215,1
1425,433,0
433,1865,1
433,2178,1
435,2092,0
435,2474,0
436,513,0
436,2180,0
437,621,0
437,1097,0
437,1191,0
437,1736,0
439,677,0
439,2448,0
440,949,0
441,1910,0
442,412,1
442,2231,0
2375,442,0
443,81,1
443,1427,1
443,1502,0
444,99,1
445,837,0
445,1225,0
445,1366,0
446,1573,0
447,2139,0
448,1107,0
448,1739,0
449,27,1
449,177,1
449,312,1
331,449,0
449,348,1
449,402,1
449,449,1
449,794,0
449,803,1
449,898,1
449,934,0
449,1044,1
1211,449,0
449,1526,1
449,1560,1
1663,449,0
449,1687,1
1723,449,0
449,1851,1
2059,449,0
449,2187,1
2306,449,0
2422,449,0
449,2424,1
2466,449,0
450,2353,0
451,1618,0
451,1794,0
452,797,0
453,79,1
99,453,0
453,412,1
453,589,0
453,742,1
1106,453,0
453,1537,1
453,1880,1
454,1878,0
454,1949,0
455,863,0
456,326,1
635,456,0
1126,456,0
456,1227,1
456,1254,0
456,1435,1
1591,456,0
456,1852,1
457,1086,0
458,1818,0
458,2050,0
459,1867,0
460,1971,1
461,2299,0
1241,462,0
462,1531,0
463,29,1
463,213,1
307,463,0
463,323,1
412,463,0
463,427,1
429,463,0
463,529,1
463,635,1
463,690,1
463,700,1
463,711,0
732,463,0
870,463,0
939,463,0
463,959,1
989,463,0
1176,463,0
463,1466,1
463,1468,1
463,1494,0
463,1573,1
463,1724,1
463,1828,1
463,1847,1
1965,463,0
463,2035,1
463,2198,1
463,2293,0
463,2385,1
603,465,0
465,868,0
465,1044,0
466,642,0
466,915,0
466,1594,0
466,1941,0
466,2171,0
467,1124,0
468,30,1
468,718,1
468,830,1
1324,468,0
1691,468,0
468,2057,0
469,1057,0
469,1148,0
469,1309,0
469,1515,0
469,2112,0
469,2446,0
472,616,0
472,1597,0
1200,473,0
475,772,0
47,476,0
476,120,1
314,476,0
476,680,0
476,1215,1
476,1817,0
476,1818,0
477,218,1
477,585,0
477,1228,0
477,1537,1
477,1810,0
477,1985,1
477,2238,1
478,891,0
478,2349,0
479,1280,0
481,787,0
482,2147,0
483,1246,0
483,1345,0
484,1166,0
485,1084,0
485,1125,0
486,29,1
486,81,1
412,486,0
486,1515,0
486,1626,1
487,1240,0
487,1695,0
488,1453,0
489,539,0
489,1573,0
489,1860,0
489,1950,0
490,837,0
490,1338,0
491,748,0
491,2000,0
491,2157,0
492,835,0
943,492,0
495,1010,0
495,1113,0
497,948,0
498,803,0
498,1930,0
498,2027,0
499,1122,0
499,1135,0
1925,499,0
500,1661,0
500,2281,0
17,501,0
81,501,0
501,413,1
501,439,1
501,455,1
585,501,0
501,625,1
785,501,0
501,822,1
959,501,0
501,1066,1
1148,501,0
501,1250,1
1630,501,0
501,1684,1
501,1695,1
501,1824,1
501,1947,1
501,2209,1
501,2380,1
502,1918,0
503,827,0
504,304,1
939,504,0
504,1137,1
504,1311,1
504,1921,1
505,1727,0
506,619,1
506,2375,0
507,802,0
507,1233,0
507,1316,0
508,915,0
508,1287,0
508,1772,0
509,965,0
510,2259,0
510,2370,0
511,1099,0
511,1183,0
512,1540,0
513,1834,1
514,897,0
514,1531,0
515,621,0
516,1050,0
516,1251,0
516,1425,1
516,2144,1
517,1434,0
517,1696,0
517,1941,0
517,2274,0
518,577,0
518,1263,0
518,2450,0
862,519,0
519,1311,1
520,636,0
520,2153,0
520,2475,1
522,869,0
522,1444,0
522,2308,0
523,534,0
523,573,0
524,447,1
524,1673,1
524,1799,1
524,2435,0
524,2446,1
524,2471,1
526,815,0
526,1106,0
526,1846,0
527,1724,0
527,2038,0
527,2087,0
527,2093,0
528,777,0
528,2153,1
1210,530,0
530,1482,0
530,1600,1
530,1793,1
530,2231,0
531,2323,0
534,1384,1
534,1507,0
534,1755,0
534,1832,0
534,1885,0
535,1067,0
536,399,1
536,1939,1
536,2418,0
537,689,0
537,1216,0
537,2221,0
538,1571,0
539,304,1
1182,539,0
628,540,0
540,958,0
540,1314,0
541,2232,0
542,776,0
542,2417,0
258,543,0
543,346,1
543,445,1
543,523,1
636,543,0
786,543,0
543,814,1
543,891,1
910,543,0
1277,543,0
1487,543,0
543,1630,1
543,1663,1
1717,543,0
543,1762,1
543,1968,1
2026,543,0
543,2072,1
2111,543,0
543,2253,1
544,959,1
544,2422,0
545,699,0
545,1497,1
1544,545,0
545,1933,1
546,555,0
546,932,0
547,854,0
547,1605,0
547,1634,0
547,1909,0
547,1995,0
549,939,1
549,979,0
549,1058,1
549,1556,1
549,2471,0
550,187,1
405,550,0
550,603,0
550,619,1
550,886,0
550,1005,1
550,1164,0
550,1316,1
551,87,1
1215,551,0
2161,551,0
552,2026,0
553,1453,0
553,1585,0
553,2243,0
553,2244,0
554,663,0
554,1258,0
554,2007,0
555,1919,0
556,635,1
556,961,0
556,1215,1
557,238,1
275,557,0
552,557,0
557,581,0
558,647,0
558,764,0
558,1124,1
558,2417,0
558,2430,0
559,1255,0
559,1413,0
559,2382,0
560,2284,0
561,2012,0
561,2258,0
562,738,1
562,1183,0
562,1293,0
562,2426,1
563,740,0
563,2366,0
564,70,1
564,233,1
564,849,1
564,964,0
564,978,1
983,564,0
564,1681,0
564,1736,1
564,1779,0
564,1821,0
63,565,0
565,124,1
319,565,0
320,565,0
598,565,0
565,635,1
565,775,1
902,565,0
565,939,1
1094,565,0
565,1215,1
1281,565,0
565,1311,1
1425,565,0
1427,565,0
565,1516,1
565,1532,1
565,1566,1
565,1720,1
1784,565,0
565,1841,1
565,1966,1
2094,565,0
565,2164,1
565,2259,1
565,2342,0
566,998,0
567,779,0
567,2161,0
568,145,1
568,577,1
568,654,1
568,1094,1
568,1111,1
1196,568,0
568,1243,1
1263,568,0
568,2404,1
569,6,1
569,141,1
569,143,1
294,569,0
569,419,1
569,569,1
569,649,1
569,652,1
569,677,1
569,724,1
569,789,1
569,804,1
953,569,0
569,969,1
569,1012,1
1136,569,0
569,1188,1
569,1366,1
1518,569,0
1563,569,0
569,1620,1
569,1685,1
569,1855,1
569,2109,1
569,2159,1
569,2166,0
569,2333,1
144,570,0
628,570,0
997,570,0
1764,570,0
2010,570,0
572,153,1
572,1132,1
572,1747,0
572,1933,1
572,1939,0
572,1986,0
573,851,0
573,1107,0
573,1542,0
573,2465,0
574,653,0
574,1123,0
575,767,0
575,1979,0
576,429,1
577,2327,0
578,1178,0
578,2362,0
579,102,1
408,579,0
579,427,1
579,432,1
579,624,1
628,579,0
579,634,1
635,579,0
690,579,0
737,579,0
579,891,1
900,579,0
579,935,1
963,579,0
1072,579,0
579,1322,1
579,1351,1
579,1383,1
579,1415,1
1416,579,0
579,1466,1
579,1488,1
579,1601,1
579,1724,1
579,1783,1
579,1836,1
579,1868,1
579,1912,1
579,1965,1
579,2015,1
579,2035,1
579,2293,1
2342,579,0
579,2462,1
580,1014,0
580,1080,1
581,1584,0
582,1203,0
582,1767,0
582,2425,0
583,771,0
99,584,0
124,584,0
584,142,1
584,242,1
584,274,1
584,451,1
584,584,1
697,584,0
584,706,1
707,584,0
584,857,1
895,584,0
1147,584,0
1299,584,0
584,1348,1
584,1436,1
584,1490,1
584,1506,1
584,2041,1
584,2410,1
585,1782,0
585,2025,0
586,29,1
586,646,1
700,586,0
586,732,1
586,780,1
959,586,0
1196,586,0
1573,586,0
586,1731,0
586,1824,1
1830,586,0
2385,586,0
587,1981,0
839,588,0
1215,588,0
589,707,0
590,1049,0
590,1180,1
590,1621,0
590,2064,1
591,1778,0
939,592,0
595,2222,0
596,2069,0
597,643,0
597,2388,0
598,739,0
599,1914,0
599,2133,0
600,678,0
601,2039,0
602,748,0
604,2242,0
604,2418,0
604,2426,0
605,1904,0
606,234,1
606,1361,1
606,2389,0
607,47,1
607,1664,0
150,610,0
181,610,0
610,273,1
405,610,0
610,777,1
800,610,0
1259,610,0
610,1386,1
610,2086,1
2128,610,0
610,2362,1
610,2472,0
611,2122,0
456,612,0
613,530,1
615,1987,1
616,739,1
924,616,0
616,1161,0
616,1481,0
616,1727,0
616,1894,1
617,661,0
618,1906,0
618,2204,0
619,3,1
619,8,1
10,619,0
619,17,1
29,619,0
619,32,1
619,45,1
619,51,1
69,619,0
619,71,1
619,79,1
619,81,1
619,95,1
619,99,1
619,116,1
127,619,0
619,213,1
619,214,1
619,235,1
619,242,1
251,619,0
619,259,1
619,268,1
619,274,1
619,277,1
619,285,1
619,293,1
619,301,1
619,304,1
619,307,1
619,309,1
328,619,0
619,339,1
361,619,0
369,619,0
399,619,0
619,405,1
619,413,1
619,439,1
619,451,1
619,452,1
467,619,0
482,619,0
619,505,1
619,508,1
619,515,1
517,619,0
547,619,0
583,619,0
619,584,1
619,589,1
619,646,1
619,660,1
619,672,1
619,676,1
696,619,0
619,700,1
707,619,0
619,719,1
619,727,1
619,732,1
619,742,1
619,762,1
619,781,1
619,793,1
808,619,0
619,809,1
619,822,1
619,823,1
619,828,1
833,619,0
619,843,1
619,848,1
619,853,1
619,858,1
619,859,1
619,877,1
619,883,1
619,888,1
619,889,1
619,907,1
916,619,0
933,619,0
936,619,0
619,939,1
619,951,1
959,619,0
969,619,0
619,981,1
619,1042,1
619,1064,1
1066,619,0
1068,619,0
619,1097,1
619,1126,1
619,1147,1
619,1148,1
1161,619,0
619,1176,1
1205,619,0
619,1206,1
619,1215,1
619,1217,1
619,1221,1
619,1228,1
619,1234,1
1239,619,0
1250,619,0
619,1270,1
619,1278,1
619,1287,1
1325,619,0
619,1327,1
619,1351,1
1394,619,0
619,1404,1
1424,619,0
1426,619,0
619,1428,1
619,1433,1
1434,619,0
619,1448,1
619,1466,1
619,1468,1
1501,619,0
1504,619,0
1507,619,0
619,1537,1
1579,619,0
619,1583,1
1585,619,0
1593,619,0
1635,619,0
619,1647,1
619,1658,1
619,1664,1
619,1684,1
619,1690,1
619,1695,1
619,1705,1
619,1708,1
1712,619,0
1717,619,0
1748,619,0
619,1762,1
619,1764,1
1778,619,0
1801,619,0
619,1824,1
619,1827,1
619,1834,1
1838,619,0
619,1839,1
619,1846,1
1847,619,0
619,1856,1
619,1921,1
1925,619,0
619,1926,1
1932,619,0
619,1957,1
619,1965,1
619,1990,1
1997,619,0
619,2012,1
619,2017,0
2023,619,0
619,2044,1
619,2072,1
2092,619,0
619,2107,1
619,2108,1
2110,619,0
2119,619,0
619,2125,1
619,2131,1
619,2133,1
2167,619,0
2173,619,0
619,2204,1
2223,619,0
619,2241,1
619,2263,1
619,2279,1
2296,619,0
619,2299,1
2323,619,0
619,2341,1
619,2352,1
619,2363,1
2382,619,0
619,2385,1
619,2388,1
2390,619,0
619,2391,1
2427,619,0
619,2458,1
2464,619,0
619,2465,1
2469,619,0
620,1340,0
622,29,1
622,529,1
622,646,1
622,700,1
622,732,1
622,780,1
622,1468,1
622,1573,1
622,1585,0
622,1824,1
622,1830,1
622,2385,1
623,857,1
623,1400,0
623,1727,1
625,1524,0
625,2160,0
503,626,0
627,913,0
627,1906,0
627,2018,0
627,2374,0
93,628,0
628,564,1
628,593,1
628,624,1
628,634,1
636,628,0
637,628,0
628,732,0
628,778,1
935,628,0
628,1210,1
1307,628,0
1488,628,0
628,2086,1
2342,628,0
629,1745,0
629,1772,0
630,307,1
630,636,0
630,690,1
630,829,1
630,2091,0
631,55,1
631,750,0
631,955,1
631,1007,0
631,1104,1
631,1273,1
631,1633,0
1756,631,0
631,1921,1
1972,631,0
632,1605,0
633,846,0
633,1161,0
633,1446,0
633,1683,0
633,1832,0
634,1175,0
634,2220,0
635,1274,0
636,1252,0
636,1860,0
637,933,0
637,1496,0
637,1628,0
637,1985,0
637,2405,0
638,1516,0
639,385,1
639,701,0
639,1133,0
639,1236,1
640,2015,0
641,635,1
939,641,0
641,1108,0
641,1176,1
641,1389,1
641,1511,0
641,1802,1
642,112,1
241,642,0
642,568,1
642,1786,0
2226,642,0
643,110,1
643,1792,1
643,2225,0
646,1220,0
647,989,0
647,2331,0
647,2355,0
6,649,0
80,649,0
141,649,0
225,649,0
649,294,1
649,419,1
649,485,1
649,652,1
649,677,1
724,649,0
789,649,0
649,804,1
877,649,0
908,649,0
649,912,1
649,920,1
947,649,0
649,953,1
649,969,1
649,1058,0
649,1136,1
649,1155,1
649,1188,1
1366,649,0
649,1518,1
649,1563,1
649,1685,1
649,1855,1
2109,649,0
649,2159,1
2197,649,0
650,908,0
650,1184,0
651,726,0
2269,651,0
651,2423,0
652,745,0
652,977,0
652,1383,0
652,1517,0
653,424,1
653,876,0
653,1126,1
653,1215,1
653,1574,0
653,1826,1
653,1834,1
1915,653,0
653,1948,0
654,1322,0
654,1613,0
658,1740,0
62,659,0
659,99,1
659,197,1
488,659,0
659,625,1
654,659,0
700,659,0
659,1109,1
1196,659,0
659,1205,1
1304,659,0
659,1391,1
659,1402,1
1404,659,0
659,1490,1
659,1547,1
659,1721,1
659,1793,1
659,1847,1
1858,659,0
659,1870,1
659,2102,1
659,2322,0
2425,659,0
660,328,1
660,1000,0
660,1067,1
2207,660,0
661,1520,0
661,2229,0
521,662,0
662,1383,0
662,1632,0
663,304,1
663,635,1
663,751,0
663,829,1
939,663,0
1139,663,0
663,1379,1
663,1391,1
663,1510,1
663,1847,1
663,1921,1
663,1937,0
663,2288,1
665,1860,0
665,1955,0
226,667,0
667,257,1
269,667,0
667,334,1
667,546,1
667,997,1
1005,667,0
1170,667,0
667,1309,1
667,1335,1
667,1675,1
667,1795,0
667,2008,1
2056,667,0
667,2070,0
667,2100,1
2350,667,0
668,144,1
628,668,0
668,863,0
997,668,0
668,2010,1
669,10,1
669,302,1
669,624,1
669,634,1
669,741,1
669,885,1
886,669,0
669,1039,1
1207,669,0
1303,669,0
669,1321,1
669,1351,0
669,1470,1
1610,669,0
669,1754,1
1790,669,0
1809,669,0
1836,669,0
669,1997,1
669,2012,1
2342,669,0
2365,669,0
669,2381,0
670,1178,0
670,2326,0
29,671,0
671,188,1
671,646,1
959,671,0
671,1221,1
1468,671,0
671,1664,1
1824,671,0
671,1847,1
671,2290,0
2385,671,0
672,987,0
673,2157,0
674,1969,0
675,813,0
675,1506,0
676,1703,0
677,2397,0
678,384,1
678,2098,0
679,728,0
679,1937,0
680,750,0
680,1371,0
680,1906,0
680,2081,0
681,311,1
681,414,1
512,681,0
653,681,0
1994,681,0
681,2033,0
2472,681,0
682,1284,0
682,1343,0
682,1877,1
683,704,0
683,1103,0
683,1506,0
684,1933,0
684,2028,0
685,1166,0
685,1498,0
686,2110,0
687,1560,0
688,324,1
1921,688,0
2196,688,0
688,2242,1
67,689,0
689,307,1
689,563,1
689,594,1
870,689,0
897,689,0
689,907,1
908,689,0
689,982,0
689,1210,0
689,1269,0
689,1456,1
1537,689,0
689,1868,1
1930,689,0
689,1999,1
689,2358,0
692,1027,0
692,2328,0
693,1988,0
693,2376,0
695,2017,0
697,793,0
697,883,0
700,929,0
700,1989,0
701,1300,0
701,1332,0
701,1742,0
702,1726,0
702,1949,0
703,1327,0
706,2358,0
707,1499,0
708,2099,0
710,4,1
47,710,0
710,304,1
546,710,0
710,619,1
710,687,1
710,689,1
710,743,1
765,710,0
905,710,0
710,939,1
989,710,0
710,1001,0
710,1159,1
710,1176,1
1239,710,0
1336,710,0
2025,710,0
710,2045,0
2404,710,0
2406,710,0
711,2225,0
758,712,0
712,796,1
712,837,0
712,974,1
712,1059,1
712,1283,0
713,904,0
713,1314,0
714,759,0
715,213,1
1085,715,0
715,1094,1
716,2233,0
716,2347,0
717,2071,0
718,140,1
718,201,1
384,718,0
508,718,0
718,718,1
718,769,1
883,718,0
718,1036,0
718,1221,1
718,1425,1
1455,718,0
718,2216,1
720,929,0
720,1222,0
720,1412,0
720,2031,0
512,722,0
722,1215,1
722,1299,0
722,1899,0
722,1970,0
722,2232,0
723,654,1
723,916,0
723,920,1
939,723,0
723,1280,1
723,1436,1
723,1827,0
724,1647,0
724,2020,0
725,26,1
43,725,0
725,241,1
725,246,1
583,725,0
725,635,1
725,1215,1
725,1261,0
725,1274,1
725,1316,1
725,1926,1
725,2384,0
700,726,0
727,2261,0
729,768,0
730,1123,0
1327,730,0
730,2024,0
732,1262,0
733,2187,0
734,401,1
734,780,0
734,1222,1
735,1072,0
735,1247,0
736,2456,0
738,1170,0
740,1534,0
741,849,0
741,2435,0
742,1933,0
743,3,1
743,29,1
743,49,1
50,743,0
52,743,0
743,126,1
743,180,1
214,743,0
743,251,1
265,743,0
743,274,1
743,318,1
743,328,1
743,340,1
743,343,1
743,360,1
743,386,1
743,413,1
743,502,1
743,608,1
743,657,1
743,658,1
743,660,1
743,670,1
687,743,0
690,743,0
743,700,1
705,743,0
743,728,1
833,743,0
872,743,0
743,939,1
743,951,1
743,959,1
1009,743,0
743,1064,1
743,1164,1
1168,743,0
1173,743,0
743,1196,1
1215,743,0
743,1219,1
743,1224,1
743,1234,1
743,1242,1
743,1251,1
743,1259,1
743,1262,1
1282,743,0
1292,743,0
743,1302,1
743,1351,1
1385,743,0
743,1466,1
743,1513,1
743,1545,1
743,1639,1
743,1654,1
1669,743,0
743,1690,1
1705,743,0
1724,743,0
743,1824,1
1839,743,0
743,1840,1
743,1885,1
743,1897,1
743,1898,1
743,1925,1
743,1941,1
1951,743,0
1965,743,0
743,2055,1
2058,743,0
743,2063,1
743,2124,1
2125,743,0
743,2144,1
2145,743,0
743,2179,1
2192,743,0
2244,743,0
743,2270,1
2276,743,0
743,2291,1
743,2317,1
2319,743,0
2320,743,0
743,2376,1
743,2384,1
743,2393,1
2394,743,0
2401,743,0
743,2409,1
2427,743,0
743,2456,1
743,2469,1
744,1609,0
744,1959,0
746,924,0
746,1799,1
747,778,0
747,1564,0
748,624,1
748,1583,0
749,144,1
628,749,0
997,749,0
749,1073,0
749,1435,0
749,1764,1
2010,749,0
749,2136,0
750,843,0
750,2172,0
750,2366,0
751,1859,0
751,2419,0
751,2456,0
752,873,0
752,1162,0
752,1472,0
752,1952,0
753,2169,0
635,755,0
755,654,1
755,939,1
755,1209,0
756,1679,0
757,1369,0
757,1742,0
758,1282,0
758,1673,0
759,816,0
759,863,0
760,138,1
760,231,1
760,768,0
760,1160,1
760,2369,0
761,1819,0
762,1399,0
762,1779,0
762,1924,0
635,764,0
764,687,1
764,833,1
764,909,0
764,1192,1
764,1215,1
764,1356,0
764,1389,0
764,1469,0
1678,764,0
764,1913,1
764,2193,1
765,102,1
765,194,1
765,307,1
765,328,1
765,432,1
487,765,0
765,507,1
765,531,1
603,765,0
765,628,1
634,765,0
765,635,1
637,765,0
765,660,1
765,700,1
765,737,1
747,765,0
939,765,0
765,1072,1
765,1322,1
1351,765,0
765,1383,1
1415,765,0
1416,765,0
765,1441,1
1466,765,0
1488,765,0
765,1601,1
1629,765,0
1712,765,0
1724,765,0
1824,765,0
1836,765,0
1847,765,0
765,1925,1
1952,765,0
1955,765,0
765,1965,1
2015,765,0
765,2035,1
2053,765,0
765,2342,1
765,2385,1
765,2426,1
765,2453,1
765,2462,1
766,1416,0
767,346,1
391,767,0
459,767,0
767,520,1
767,577,1
690,767,0
767,843,1
844,767,0
981,767,0
767,1052,0
767,1318,0
1466,767,0
767,1537,1
1965,767,0
2046,767,0
768,1292,1
769,911,0
769,1341,0
769,1636,0
770,1,1
770,3,1
770,37,1
770,47,1
770,161,1
770,285,1
770,295,1
770,374,1
770,386,1
770,392,1
487,770,0
770,672,1
770,885,1
1116,770,0
770,1130,1
1133,770,0
1134,770,0
770,1321,1
1341,770,0
770,1442,1
770,1605,1
770,1642,1
770,1712,1
770,1822,1
770,1847,1
770,1888,1
770,1900,1
770,1977,1
2021,770,0
770,2044,1
770,2074,1
2097,770,0
770,2121,1
770,2176,1
770,2272,1
2290,770,0
770,2354,1
770,2416,1
770,2417,1
772,1294,0
772,1337,0
772,1342,0
772,1702,0
773,805,0
63,775,0
775,68,1
775,74,1
99,775,0
775,239,1
775,290,1
775,293,1
299,775,0
775,340,1
775,355,1
412,775,0
430,775,0
775,480,1
625,775,0
775,635,1
775,829,1
833,775,0
775,870,1
775,903,1
775,939,1
775,1014,1
775,1208,1
775,1278,1
775,1287,1
1311,775,0
775,1369,1
775,1404,1
1405,775,0
1555,775,0
775,1603,1
775,1705,1
775,1775,1
775,1868,1
775,2087,1
775,2149,1
775,2214,1
2447,775,0
2452,775,0
2455,775,0
776,1408,0
776,1770,1
776,1847,1
2156,776,0
777,1186,0
777,1210,0
777,1421,0
777,1629,1
777,1795,1
777,1874,1
777,2035,1
777,2350,0
778,2432,0
779,1817,0
779,2028,0
780,861,0
780,1145,0
782,864,0
782,1709,0
783,1981,0
783,2390,0
784,825,0
939,784,0
784,2344,0
785,946,0
787,102,1
787,756,1
787,924,0
788,306,1
788,788,1
1370,788,0
788,1415,1
789,797,0
790,619,1
790,965,0
790,1188,0
790,1345,0
790,1955,1
790,2002,0
791,1054,0
791,1222,0
792,2223,0
793,1284,0
794,654,1
911,794,0
794,1425,1
794,1427,1
794,2231,0
794,2360,0
795,1078,0
795,1179,0
795,2147,0
796,198,1
796,1633,0
797,1841,0
797,1928,0
798,1259,0
798,1732,0
799,1015,0
801,825,0
801,2135,0
802,1476,0
802,1540,0
803,1260,0
804,969,0
399,805,0
805,2084,0
807,213,1
807,688,1
1381,807,0
807,2332,0
809,1207,0
809,1822,0
810,1723,0
810,2243,0
813,515,1
813,654,1
660,813,0
902,813,0
813,987,0
813,1035,1
813,1043,0
813,1246,1
813,1422,0
814,1301,0
814,1946,0
815,876,0
815,1200,0
815,2253,0
816,654,1
816,1263,0
1427,816,0
817,1114,0
817,1605,0
817,2355,0
458,818,0
818,498,1
818,1081,1
818,1115,1
818,1277,1
818,1325,0
1686,818,0
818,1748,0
2096,818,0
818,2396,0
818,2398,1
819,11,1
63,819,0
819,64,1
819,102,1
819,113,1
146,819,0
213,819,0
819,264,1
267,819,0
819,386,1
408,819,0
819,457,1
819,487,1
819,624,1
819,628,1
819,635,1
690,819,0
819,708,1
819,737,1
788,819,0
819,864,1
900,819,0
819,935,1
819,963,1
819,976,1
819,988,1
1072,819,0
819,1094,1
819,1205,1
819,1237,1
1239,819,0
1307,819,0
1322,819,0
819,1351,1
1367,819,0
819,1371,0
819,1373,1
1383,819,0
819,1415,1
819,1416,1
819,1441,1
1466,819,0
1488,819,0
819,1528,1
819,1581,1
819,1601,1
819,1748,1
819,1783,1
819,1836,1
819,1868,1
819,1912,1
1921,819,0
819,1965,1
819,1996,1
2003,819,0
2015,819,0
2035,819,0
819,2051,1
2053,819,0
819,2055,1
2137,819,0
819,2183,1
2222,819,0
819,2244,1
2291,819,0
819,2293,1
2317,819,0
2319,819,0
819,2320,1
819,2342,1
819,2368,1
2384,819,0
819,2393,1
2401,819,0
2426,819,0
819,2435,1
819,2462,1
820,1125,0
821,337,1
792,821,0
821,1258,0
822,1218,0
822,1626,0
822,2035,1
822,2145,1
823,43,1
823,328,1
823,491,1
823,532,1
823,608,1
823,840,1
823,1032,1
823,1104,1
823,1130,1
823,1171,1
823,1215,1
823,1240,0
823,1684,1
1705,823,0
823,1792,1
823,1827,1
823,1921,1
823,2093,1
823,2098,1
824,1893,0
826,90,1
131,826,0
243,826,0
826,369,1
826,408,1
629,826,0
632,826,0
826,635,1
826,653,1
826,654,1
826,672,1
781,826,0
826,809,1
833,826,0
826,885,1
826,889,1
826,935,1
826,939,1
826,972,1
991,826,0
826,997,1
826,1028,1
1042,826,0
826,1072,1
826,1269,1
1305,826,0
826,1307,1
826,1321,1
1330,826,0
826,1392,1
1397,826,0
826,1407,1
826,1413,1
826,1425,1
826,1450,1
826,1488,1
826,1541,1
1755,826,0
826,1767,1
1821,826,0
826,1834,1
826,1864,1
826,1892,1
826,1958,1
826,1974,1
1989,826,0
826,2011,1
826,2325,1
826,2326,1
2327,826,0
2359,826,0
826,2447,1
827,2437,0
828,2188,0
830,2184,0
831,1894,0
832,1220,1
1933,832,0
835,211,1
835,952,1
836,514,1
836,1260,0
836,1315,1
837,2250,0
838,1569,0
839,1085,1
839,2012,0
840,1058,0
840,1771,0
841,454,1
841,1556,0
841,2183,1
842,1300,0
846,703,1
1405,846,0
846,1981,0
847,449,1
848,1235,0
848,1594,0
848,1738,0
848,2451,0
850,2084,0
851,1215,1
851,2372,0
852,1240,0
852,1672,0
852,2225,0
854,2240,1
855,1339,0
855,1377,0
855,2071,0
856,1321,1
1773,856,0
1880,856,0
1921,856,0
856,2406,1
857,1389,0
857,1888,0
858,1162,0
858,1810,0
860,2377,0
861,1615,0
861,1743,0
862,1273,0
862,1980,0
863,1712,0
857,865,0
865,1371,1
865,1480,1
865,2059,1
758,866,0
866,796,1
866,974,1
866,1059,1
866,1374,0
866,1375,0
866,1934,1
867,1181,0
868,2420,0
624,869,0
869,1373,0
870,35,1
45,870,0
870,51,1
870,80,1
870,119,1
167,870,0
870,248,1
870,391,1
394,870,0
870,398,1
870,476,1
870,500,1
508,870,0
870,594,1
870,690,1
870,727,1
870,823,1
829,870,0
870,871,1
870,889,1
870,907,1
870,939,1
870,970,1
870,974,0
870,1030,1
870,1040,1
870,1049,1
870,1196,1
1259,870,0
870,1321,1
870,1327,1
1390,870,0
870,1393,0
870,1404,1
1433,870,0
1490,870,0
1537,870,0
1577,870,0
1620,870,0
870,1629,1
870,1694,1
870,1707,1
870,1714,1
870,1769,1
1779,870,0
1780,870,0
870,1834,1
870,1926,1
870,1957,1
870,2016,1
870,2240,1
870,2261,1
870,2385,1
870,2453,1
872,950,0
872,1755,0
873,64,1
873,654,1
873,833,1
1021,873,0
873,1026,1
873,1063,0
873,1540,0
873,2055,1
2310,873,0
873,2317,1
873,2319,1
873,2320,1
2384,873,0
873,2393,1
2409,873,0
875,1049,0
876,2467,0
878,1321,0
878,2219,0
654,879,0
690,879,0
939,880,0
880,1427,1
880,1911,0
882,153,1
882,1092,0
884,1102,0
884,1559,0
884,2140,0
885,2263,0
885,2364,0
885,2390,0
887,1586,0
887,1592,0
887,1768,0
887,1779,1
1984,887,0
888,1946,0
890,399,1
890,1074,0
890,1939,1
892,1190,0
893,1389,0
1484,894,0
896,481,1
897,1306,0
898,2142,0
898,2290,0
900,1077,0
900,1671,0
901,79,1
901,1190,0
901,1343,0
901,1639,1
901,2171,1
81,902,0
902,99,1
158,902,0
902,307,1
902,328,1
902,340,1
902,377,1
902,418,1
902,438,1
902,452,1
902,463,1
902,476,1
902,515,1
902,774,1
902,924,0
902,943,1
902,1049,1
902,1171,0
902,1450,1
902,1461,1
1476,902,0
902,1627,0
902,1746,0
1754,902,0
902,1808,1
1922,902,0
902,1960,0
902,2077,1
902,2242,1
902,2280,1
902,2348,1
902,2474,1
903,2288,0
904,1750,0
905,1720,0
906,30,1
906,562,1
842,906,0
906,968,1
1632,906,0
906,1945,0
907,1392,0
907,1965,0
908,809,1
908,1387,1
908,1534,0
909,1157,0
909,1685,0
909,2093,0
909,2369,1
910,2237,0
911,1130,0
912,231,1
912,635,1
912,2183,0
912,2370,0
913,1035,0
914,573,1
2040,914,0
915,1271,0
917,3,1
917,1104,1
917,1301,1
1800,917,0
917,1996,1
918,92,1
307,918,0
918,430,1
654,918,0
721,918,0
918,737,1
918,1182,1
1383,918,0
918,1389,1
1415,918,0
918,1441,1
1550,918,0
918,1601,1
918,1954,0
2309,918,0
918,2385,1
169,919,0
919,1742,0
919,1987,1
922,1448,0
922,1638,0
923,1286,0
924,1952,0
925,1852,0
926,1544,0
928,1023,0
928,1450,0
930,1273,0
930,1293,0
931,582,1
932,21,1
932,275,1
932,347,1
932,595,1
932,597,1
932,604,1
635,932,0
932,814,1
932,979,1
932,1048,1
932,1073,1
1074,932,0
1077,932,0
932,1230,1
932,1419,1
932,1585,1
932,1641,1
1761,932,0
932,1904,1
932,1906,1
932,1909,1
1921,932,0
932,1975,1
932,2171,1
932,2178,1
932,2185,1
2248,932,0
932,2252,1
2336,932,0
932,2337,1
933,99,1
320,933,0
933,659,1
696,933,0
1236,933,0
933,1725,1
68,934,0
190,934,0
934,508,1
706,934,0
934,725,1
934,797,1
934,1181,1
934,1215,1
934,1377,1
934,1918,1
1969,934,0
934,2202,1
935,1767,0
936,2424,0
937,413,1
937,510,1
937,719,1
883,937,0
937,1063,1
937,1652,0
937,1840,0
937,2175,1
937,2459,0
45,938,0
938,99,1
567,938,0
904,938,0
1605,938,0
938,1651,1
938,2345,1
939,1388,0
939,2213,0
939,2460,0
1408,940,0
940,1448,1
940,1817,0
941,1327,1
941,1467,0
983,942,0
942,1921,1
942,2112,0
942,2424,0
943,63,1
943,87,1
307,943,0
943,690,1
943,1083,1
943,1234,1
943,2154,1
943,2266,1
94,944,0
944,1143,0
944,1359,0
1490,944,0
945,1404,1
2385,945,0
946,1482,0
948,2285,0
951,116,1
126,951,0
951,413,1
512,951,0
951,581,1
951,660,1
951,779,1
951,850,1
951,872,1
889,951,0
939,951,0
951,1482,1
1741,951,0
1810,951,0
951,1811,1
951,1824,1
951,1839,1
951,1865,1
951,1875,0
951,1921,1
1925,951,0
2058,951,0
2257,951,0
2276,951,0
951,2399,1
954,1466,0
955,381,1
955,505,1
955,725,1
955,1105,1
955,1176,1
955,1270,1
955,1799,1
955,1881,0
955,2123,1
955,2155,1
2188,955,0
955,2440,1
956,102,1
956,1190,0
956,1553,0
956,1748,0
957,939,1
957,1907,0
958,2086,1
959,2228,0
960,102,1
960,430,1
1245,960,0
960,1272,0
960,1311,1
1730,960,0
2128,960,0
960,2332,0
311,961,0
526,961,0
961,1162,0
962,1973,0
963,11,1
963,452,1
963,457,1
963,619,1
963,860,1
963,1066,1
963,1352,1
1713,963,0
963,1847,1
1955,963,0
963,2124,0
963,2435,1
964,1413,0
965,1832,0
965,2435,0
966,3,1
966,30,1
99,966,0
966,756,1
966,788,1
811,966,0
966,885,1
966,1230,1
966,1277,1
966,1717,1
966,1825,1
967,1108,0
967,1943,0
2425,967,0
571,968,0
968,881,1
1993,968,0
969,1617,0
969,1981,0
971,1470,0
972,2404,0
546,973,0
973,635,1
973,759,1
973,929,1
1176,973,0
973,1263,0
973,1962,1
973,2277,0
1670,974,0
975,650,1
975,779,1
975,1629,0
1815,975,0
975,1893,0
975,2112,0
976,2017,0
978,1156,0
979,1715,0
216,980,0
811,980,0
980,953,1
980,1138,1
980,1435,1
980,1620,1
980,1802,1
1980,980,0
980,2269,1
980,2292,1
980,2321,1
982,1121,1
983,1131,0
984,75,1
317,984,0
389,984,0
984,413,1
984,428,1
984,660,1
984,719,1
859,984,0
984,872,1
984,1007,1
1008,984,0
1087,984,0
984,1209,0
984,1217,1
984,1424,1
984,1426,1
984,1428,1
984,1684,1
984,1747,0
1839,984,0
984,1840,1
2060,984,0
984,2100,0
2131,984,0
984,2135,1
984,2157,1
984,2173,1
984,2311,1
984,2363,1
984,2382,1
984,2388,1
984,2396,1
984,2415,1
2420,984,0
985,1548,0
985,2238,0
985,2330,0
986,116,1
986,242,1
986,340,1
986,446,1
571,986,0
986,584,1
986,625,1
635,986,0
986,660,1
986,687,1
986,706,1
986,718,1
769,986,0
833,986,0
986,864,1
986,872,1
986,939,1
986,951,1
986,1147,1
1168,986,0
1173,986,0
986,1215,1
986,1219,1
1224,986,0
986,1242,1
986,1282,1
986,1351,1
986,1654,1
1898,986,0
2064,986,0
986,2125,1
986,2140,1
986,2426,1
2456,986,0
988,1026,0
988,1874,0
74,989,0
989,264,1
292,989,0
299,989,0
989,565,1
635,989,0
989,638,1
687,989,0
989,833,1
989,870,1
877,989,0
989,908,1
989,1385,1
989,1999,1
99,990,0
990,1533,0
990,1542,0
992,1957,0
993,1968,0
994,2091,0
1311,995,0
995,2091,0
996,1625,0
996,2125,0
29,997,0
997,37,1
997,161,1
295,997,0
374,997,0
392,997,0
997,939,1
997,1055,1
997,1116,1
997,1130,1
1134,997,0
1207,997,0
1341,997,0
997,1480,0
997,1598,1
997,1605,1
997,1703,1
1712,997,0
997,1758,1
997,1822,1
997,1888,1
997,1977,1
997,2044,1
997,2074,1
997,2097,1
997,2354,1
997,2416,1
997,2417,1
998,1742,0
998,1957,0
999,81,1
999,99,1
292,999,0
999,635,1
999,828,1
999,1242,0
999,1427,1
999,1868,1
1000,1041,0
1000,1378,0
1000,1834,1
1001,603,1
1925,1001,0
1002,1438,0
1002,1755,0
1003,700,1
1003,1578,0
1004,165,1
1004,399,1
625,1004,0
1004,690,1
1004,1136,0
1004,1196,1
1004,1464,1
1005,1599,0
1006,102,1
1006,131,1
1006,195,1
359,1006,0
1006,427,1
1006,531,1
1006,628,1
1006,635,1
690,1006,0
1006,737,1
1006,864,1
900,1006,0
1006,907,1
1006,939,1
1006,1019,1
1006,1041,1
1006,1072,1
1006,1094,1
1165,1006,0
1006,1307,1
1006,1322,1
1006,1351,1
1006,1383,1
1006,1406,1
1006,1416,1
1429,1006,0
1441,1006,0
1006,1466,1
1006,1488,1
1614,1006,0
1006,1627,1
1006,1724,1
1006,1805,1
1006,1836,1
1006,1847,1
1868,1006,0
1006,1888,0
1006,1921,1
1965,1006,0
1992,1006,0
1006,2007,1
1006,2015,1
1006,2142,1
1006,2293,1
2342,1006,0
1006,2426,1
1006,2462,1
1007,1944,0
1008,1938,0
1009,1047,0
1009,1504,0
1010,1284,0
1011,45,1
1011,438,1
1011,554,1
1011,1197,1
1011,1981,1
1012,1256,0
1013,700,1
1013,959,1
1196,1013,0
1013,1227,0
1013,1824,1
1013,2249,1
1013,2276,1
1013,2385,1
2453,1013,0
1013,2465,1
1013,2469,1
1016,2420,0
1017,1360,0
1017,1933,0
1017,2169,0
1019,1401,0
1020,696,1
1021,1768,0
1021,2170,0
430,1022,0
1025,2408,0
1026,1465,0
326,1027,0
1027,625,1
907,1027,0
1027,1158,1
1027,1327,0
1028,1241,0
1028,1789,0
1029,3,1
287,1029,0
1029,811,1
1029,1097,0
1178,1029,0
1029,1717,1
1029,2032,1
1029,2242,1
1029,2274,1
1029,2385,0
1030,187,1
1030,293,1
1030,1427,1
1030,1958,0
1673,1031,0
1031,2446,1
2471,1031,0
1033,2335,0
1034,654,1
911,1034,0
1034,1425,1
1034,1427,1
1034,1439,0
1034,1994,0
1036,939,1
1037,2220,0
1038,2298,1
1039,1719,0
1040,1138,0
1040,1684,0
1041,2020,0
1041,2381,0
1041,2427,0
1043,1895,0
1043,2225,0
1043,2392,0
1044,1070,0
1045,1923,0
1047,1469,0
1048,1894,0
1048,2051,0
1049,2356,0
1050,11,1
1050,29,1
193,1050,0
1050,213,1
457,1050,0
1050,635,1
1050,718,1
1050,781,1
1050,823,1
940,1050,0
1182,1050,0
1050,1255,1
1050,1352,1
1050,1613,1
1050,1804,0
1050,1925,1
1999,1050,0
1050,2124,1
1050,2288,0
1050,2406,1
1050,2435,1
1053,1252,0
1053,1268,0
1053,1884,1
1053,2218,0
1053,2226,0
1053,2424,0
1054,2033,0
1054,2465,0
1056,681,1
1056,1383,0
1056,1473,0
1056,1914,0
1056,2113,0
1056,2339,1
1057,2440,0
41,1058,0
1058,99,1
146,1058,0
1058,326,1
1058,349,1
385,1058,0
1058,690,1
1058,891,1
969,1058,0
1125,1058,0
1280,1058,0
1058,1427,1
1058,1691,1
1694,1058,0
1059,1361,0
1059,2090,0
1059,2454,0
1060,1308,0
1060,2282,0
1061,1283,0
1063,1832,0
1064,1401,0
1064,1658,0
1065,1694,0
1066,11,1
1066,214,1
268,1066,0
1066,274,1
1066,328,1
342,1066,0
361,1066,0
1066,584,1
1066,660,1
1066,673,1
674,1066,0
706,1066,0
1066,707,1
1066,878,1
994,1066,0
1066,1052,1
1066,1147,1
1066,1176,1
1066,1229,1
1066,1259,1
1066,1352,1
1066,1567,1
1066,1593,1
1664,1066,0
1066,1695,1
1838,1066,0
1066,1847,1
1066,1941,1
1066,2077,1
1066,2149,1
2435,1066,0
1068,1573,0
1069,1186,0
1069,1878,0
1069,2081,0
1582,1070,0
1070,1717,1
1070,1729,0
1070,1940,1
1073,1281,0
1073,2393,0
1074,1796,0
1074,1905,0
1075,1083,0
1075,2222,0
1076,2177,0
116,1077,0
1077,239,1
1077,300,1
328,1077,0
1077,343,1
1077,364,1
611,1077,0
1077,631,1
1077,1104,1
1077,1215,1
1077,1273,1
1343,1077,0
1416,1077,0
1511,1077,0
1077,1594,1
1077,1749,0
1077,1756,1
1972,1077,0
1077,2044,1
2368,1077,0
2445,1077,0
917,1078,0
1078,1156,0
1079,144,1
1079,628,1
1079,997,1
1079,1199,0
1764,1079,0
1079,1963,0
1079,2010,1
1081,286,1
1081,400,1
1081,408,1
1081,430,1
666,1081,0
1081,1149,1
1081,1412,0
1081,1793,1
2343,1081,0
1082,1689,0
1082,2277,0
1083,1425,0
1083,2251,0
1094,1084,0
1084,1705,1
1084,1772,1
1085,4,1
8,1085,0
1085,18,1
73,1085,0
1085,78,1
102,1085,0
182,1085,0
1085,213,1
224,1085,0
1085,239,1
1085,259,1
327,1085,0
1085,328,1
354,1085,0
1085,364,1
1085,408,1
1085,450,1
1085,478,1
1085,507,1
1085,512,1
535,1085,0
624,1085,0
634,1085,0
1085,635,1
1085,676,1
1085,809,1
1085,828,1
930,1085,0
1085,1039,1
1085,1045,1
1085,1046,1
1085,1167,1
1085,1189,1
1085,1215,1
1085,1311,1
1340,1085,0
1085,1367,1
1421,1085,0
1085,1423,1
1481,1085,0
1085,1693,1
1085,1726,1
1085,1730,1
1776,1085,0
1786,1085,0
1085,1790,1
1085,1836,1
1085,1867,1
1085,1868,1
1085,1913,1
1921,1085,0
1085,1926,1
1085,1963,1
1085,1997,1
2076,1085,0
1085,2086,1
1085,2119,1
1085,2126,1
1085,2232,1
1085,2238,1
1085,2254,1
1085,2278,1
2301,1085,0
1085,2342,1
1085,2366,1
1085,2402,1
1086,2117,0
1087,2097,0
1087,2184,0
1087,2188,0
1089,63,1
1089,902,1
1089,1197,0
144,1090,0
1090,628,1
1090,997,1
1090,1130,0
1090,1764,1
1090,2010,1
1091,1751,0
1092,1113,0
1093,1629,0
1094,1582,0
1094,2378,0
1095,1758,0
1103,2088,0
1104,1164,0
1105,1747,0
1106,1631,0
1106,1811,0
1108,64,1
2055,1108,0
1108,2222,1
1108,2244,1
1108,2291,1
2317,1108,0
2319,1108,0
1108,2320,1
2376,1108,0
2384,1108,0
1108,2401,1
2409,1108,0
1109,1753,0
1110,1761,0
1111,1972,0
1111,2293,0
1113,1367,0
1113,1527,0
1113,1685,0
1113,1819,0
1113,2140,0
1114,2132,0
1116,2468,0
1118,2404,0
1119,1808,0
1120,414,1
1120,1215,1
1121,38,1
1121,113,1
1121,884,1
1121,1089,1
1121,1128,1
1121,2051,1
1121,2107,0
1121,2305,1
1122,2348,0
1123,146,1
1123,911,1
1123,1050,1
1123,1691,1
1123,1696,0
2124,1123,0
1123,2299,0
1123,2392,0
1124,2133,0
1125,285,1
1126,1411,0
1127,203,1
341,1127,0
1127,399,1
1127,618,1
654,1127,0
1127,690,1
698,1127,0
891,1127,0
1127,1270,0
1127,1290,1
1127,1500,1
1834,1127,0
1127,2210,0
1128,2137,0
1130,2030,0
1131,1745,0
1133,2322,0
1136,2427,0
95,1138,0
190,1138,0
1138,725,1
1316,1138,0
1138,1672,1
1138,1702,1
1138,2052,1
1138,2202,1
1138,2277,1
1140,2351,0
1142,81,1
1142,117,1
148,1142,0
1142,157,1
210,1142,0
1142,230,1
1142,293,1
326,1142,0
1142,388,1
1142,414,1
1142,472,1
1142,490,1
1142,495,1
1142,614,1
675,1142,0
814,1142,0
851,1142,0
876,1142,0
1142,939,1
1142,971,1
1096,1142,0
1142,1140,1
1391,1142,0
1142,1716,1
1142,1760,1
1808,1142,0
1959,1142,0
1143,1994,0
1144,1311,0
1146,2234,0
1146,2289,0
1147,2086,0
1150,672,1
1150,1653,0
1150,1921,1
1152,249,1
1152,2026,0
1152,2230,1
1153,1161,0
1153,1458,0
1153,1467,0
38,1154,0
1154,113,1
1154,188,1
1154,547,1
1154,912,1
1154,982,1
1089,1154,0
1128,1154,0
1154,1348,1
1415,1154,0
1154,1956,1
1155,1245,0
1155,1311,0
1155,1928,0
1156,1433,0
1156,2172,0
1157,1886,0
27,1159,0
1159,100,1
1159,293,1
1159,309,1
1159,312,1
1159,336,1
1159,341,1
1159,393,1
412,1159,0
1159,490,1
1159,625,1
1159,635,1
1159,690,1
1159,707,1
1159,795,1
1159,823,1
1159,843,1
1159,870,1
1159,908,1
1159,962,1
1159,976,1
1176,1159,0
1159,1182,1
1159,1220,1
1235,1159,0
1365,1159,0
1159,1385,1
1159,1466,1
1159,1480,1
1506,1159,0
1159,1521,1
1159,1648,1
1159,1650,1
1159,1663,1
1691,1159,0
1159,1765,1
1159,1868,1
1159,2128,1
1159,2238,1
2353,1159,0
2423,1159,0
1160,29,1
213,1160,0
1160,824,1
1160,1058,1
1174,1160,0
1160,1308,0
1325,1160,0
1160,1851,0
1160,2051,0
1161,1785,0
1161,2044,0
255,1162,0
1162,415,1
1162,761,1
1162,861,1
1162,1267,1
1406,1162,0
1162,1457,1
1162,1557,0
1162,1710,1
1162,1859,1
1883,1162,0
1900,1162,0
2132,1162,0
1162,2274,1
2402,1162,0
1162,2407,1
1162,2408,1
1163,667,1
939,1163,0
1163,1427,1
1163,2346,0
1166,1491,0
1167,1946,0
1167,2112,0
1168,1935,0
1169,1914,0
1170,1252,0
1170,1842,0
1171,99,1
1171,1066,1
1264,1171,0
1436,1171,0
1171,1513,0
1862,1171,0
1172,1401,1
1172,1723,0
1172,1848,1
1172,2313,0
1173,2204,0
1175,1954,0
1177,30,1
1178,1199,0
1178,1733,0
1178,1871,0
1178,1963,0
1179,2063,0
1179,2304,0
1180,1744,0
1180,2118,0
1181,241,1
1181,587,1
939,1181,0
1181,1202,1
1181,1215,1
1181,1309,1
1316,1181,0
700,1182,0
1182,846,1
1182,1395,0
1182,1824,1
1182,2183,0
1183,2179,0
1184,2142,0
1185,2268,0
1186,891,1
1186,1913,1
1186,2183,1
1186,2411,0
1188,1934,0
1194,1476,0
1194,1900,0
1195,1244,0
1195,1858,0
1196,1465,0
1196,1933,0
1197,815,1
1197,1377,0
1739,1197,0
1826,1197,0
1198,619,1
1694,1199,0
1202,108,1
128,1202,0
1202,542,1
1202,732,1
833,1202,0
1202,1316,1
1388,1202,0
1712,1202,0
1202,1993,1
1202,2255,0
1203,433,1
1203,1443,1
1207,2292,0
1208,99,1
1208,122,1
1208,257,1
1208,307,1
434,1208,0
1208,632,1
654,1208,0
1208,1035,1
1208,1049,1
1208,1077,1
1126,1208,0
1208,1196,1
1208,1285,1
1208,1311,1
1319,1208,0
1208,1338,1
1208,1643,1
1812,1208,0
1902,1208,0
1208,2044,1
1208,2061,1
1208,2081,1
1208,2205,1
2346,1208,0
1209,700,1
1465,1209,0
1209,2385,1
1210,1378,0
1210,1915,0
283,1212,0
1212,1239,1
1212,1383,1
1212,1413,0
1212,1415,1
1212,1441,1
1601,1212,0
1212,1697,1
1212,1842,1
2053,1212,0
1212,2127,1
1212,2137,1
1212,2151,1
1212,2309,1
1214,71,1
1214,270,1
1214,1835,0
1215,8,1
1215,9,1
1215,40,1
1215,44,1
1215,253,1
1215,279,1
307,1215,0
1215,367,1
378,1215,0
1215,412,1
449,1215,0
1215,485,1
512,1215,0
1215,518,1
1215,522,1
1215,546,1
1215,591,1
633,1215,0
1215,635,1
1215,690,1
1215,744,1
1215,759,1
800,1215,0
1215,801,1
1215,833,1
1215,877,1
891,1215,0
1215,899,1
922,1215,0
1215,929,1
939,1215,0
1215,977,1
1055,1215,0
1119,1215,0
1215,1143,1
1215,1175,1
1215,1176,1
1215,1179,1
1215,1198,1
1215,1244,0
1215,1311,1
1315,1215,0
1215,1466,1
1215,1529,1
1530,1215,0
1553,1215,0
1569,1215,0
1215,1576,1
1215,1602,1
1215,1654,1
1215,1691,1
1215,1706,1
1215,1724,1
1215,1729,1
1736,1215,0
1215,1746,1
1215,1808,1
1896,1215,0
1899,1215,0
1966,1215,0
1986,1215,0
1215,2113,1
1215,2236,1
1215,2237,1
2276,1215,0
2330,1215,0
2332,1215,0
1215,2333,1
1215,2334,1
1215,2340,1
1215,2347,1
2378,1215,0
2389,1215,0
1215,2422,1
1216,1727,0
1217,1679,0
1217,1759,0
1218,531,1
1218,2262,0
1219,1538,0
1219,1570,0
1219,1641,0
1220,65,1
129,1220,0
1220,237,1
303,1220,0
1220,412,1
1220,469,1
1220,605,1
1220,617,1
1220,629,1
1220,690,1
1220,704,1
1220,710,1
745,1220,0
1220,939,1
1220,1345,1
1220,1349,1
1220,1408,0
1511,1220,0
1220,1745,0
1220,1860,0
1220,1877,1
1921,1220,0
1926,1220,0
1220,1968,1
2047,1220,0
2163,1220,0
1220,2268,1
508,1221,0
1221,1024,1
1221,2288,0
843,1222,0
1222,1490,1
1222,1771,0
355,1223,0
1223,585,1
1223,1461,1
1552,1223,0
1853,1223,0
1223,2263,1
2289,1223,0
1223,2373,1
1224,1346,0
1225,47,1
1225,81,1
1225,99,1
1225,136,1
1225,153,1
213,1225,0
1225,902,1
1225,1110,1
1213,1225,0
1225,1844,0
1895,1225,0
1225,1902,0
1226,512,1
1228,1465,1
1228,2011,0
1228,2385,1
1229,1839,0
1230,1398,0
1230,2218,0
1231,63,1
215,1231,0
269,1231,0
326,1231,0
1231,470,1
519,1231,0
1231,620,1
635,1231,0
1231,638,1
709,1231,0
758,1231,0
1231,833,1
1231,974,1
1231,1215,1
1591,1231,0
1231,1820,1
1231,2081,1
1233,1516,0
1234,2379,0
1237,1821,0
1238,1820,0
1238,1852,0
1238,2203,0
1239,2403,0
1240,1603,0
1240,2207,0
1240,2311,0
1242,1990,0
1242,2155,0
1243,1548,0
1243,2400,0
1244,2254,0
1246,1363,0
1247,1628,0
1248,1449,0
1249,1602,0
1249,1904,0
1250,1435,0
1251,1262,0
1251,2044,0
1252,340,1
1253,126,1
1253,214,1
274,1253,0
361,1253,0
635,1253,0
1253,687,1
1253,728,1
1253,872,1
1064,1253,0
1253,1215,1
1253,1219,1
1253,1251,1
1351,1253,0
1885,1253,0
1913,1253,0
1921,1253,0
2063,1253,0
1253,2068,1
1253,2125,1
2225,1253,0
1254,334,1
1254,1973,1
1254,2094,0
1255,2154,0
1255,2436,0
1256,1569,0
1257,1328,0
1257,2428,0
1258,1351,0
1259,1423,0
1261,1568,0
1261,1685,0
1262,1567,0
1264,63,1
282,1264,0
326,1264,0
1264,333,1
479,1264,0
635,1264,0
638,1264,0
1264,669,1
1264,687,1
1264,833,1
1230,1264,0
1264,1298,1
1264,1555,1
1264,1728,1
1820,1264,0
1264,1987,1
1264,2081,1
1264,2183,1
1264,2266,1
1264,2364,1
1265,1756,0
1266,1470,0
1267,1312,0
1267,1594,0
1267,1975,0
519,1268,0
745,1268,0
1268,939,1
1445,1268,0
1268,1474,0
1268,1682,1
1268,1736,0
1269,2002,0
1269,2293,0
1271,1992,0
1272,2214,0
1272,2249,0
1273,1340,0
1273,1346,0
1274,591,1
1274,1021,1
1274,1294,1
1274,2012,0
1275,1872,0
1276,2408,0
1277,788,1
1277,1657,1
1277,2011,0
1278,2288,0
1280,34,1
1280,47,1
1280,245,1
681,1280,0
801,1280,0
1280,846,1
1280,939,1
1280,1118,1
1280,1215,1
1280,1280,1
1280,2284,1
1280,2383,1
1282,21,1
1282,275,1
1282,347,1
1282,563,1
597,1282,0
1282,635,1
648,1282,0
814,1282,0
939,1282,0
979,1282,0
1282,1073,1
1074,1282,0
1282,1077,1
1416,1282,0
1282,1585,1
1641,1282,0
1895,1282,0
1903,1282,0
1282,1904,1
1282,1906,1
1921,1282,0
1282,1975,1
1282,1997,0
1282,2170,1
1282,2171,1
2176,1282,0
1282,2185,1
1282,2248,1
2252,1282,0
2336,1282,0
1282,2337,1
1629,1283,0
1283,1855,0
99,1284,0
1285,1732,0
1285,2168,0
1286,1532,0
1286,1568,1
1286,1716,0
1286,1742,0
1286,2328,0
1288,21,1
1288,275,1
1288,347,1
1288,595,1
1288,604,1
648,1288,0
814,1288,0
1288,979,1
1073,1288,0
1288,1074,1
1288,1077,1
1419,1288,0
1641,1288,0
1288,1834,1
1902,1288,0
1288,1903,1
1906,1288,0
1288,1908,1
1909,1288,0
1921,1288,0
1975,1288,0
2170,1288,0
1288,2178,1
1288,2213,0
2248,1288,0
1288,2252,1
1288,2337,1
1289,1646,0
1289,2169,0
1290,1997,0
149,1292,0
1292,304,1
1292,343,1
1292,394,1
631,1292,0
1292,635,1
1292,822,1
1292,889,1
1292,893,1
918,1292,0
1292,939,1
1292,1104,1
1292,1287,1
1292,1292,1
1292,1354,0
1384,1292,0
1292,1523,1
1292,1925,1
2090,1292,0
1293,1366,0
1294,1698,0
1294,1707,0
1294,1842,0
1295,1570,0
1296,1432,0
1297,1422,0
1298,2302,0
1299,1751,0
269,1300,0
823,1300,0
1300,939,1
2368,1300,0
1301,1476,0
1301,1600,0
1302,700,1
779,1302,0
1302,1445,1
1302,1723,1
1302,1824,1
1302,2122,0
1302,2242,1
1304,63,1
1304,927,1
1304,1085,1
1304,1390,0
1304,1834,1
1304,2453,0
1305,1511,0
1305,1633,1
625,1306,0
1306,1611,0
1306,1682,0
1307,1441,0
1307,1525,0
1307,1580,0
1307,2002,0
1307,2040,0
1309,526,1
1309,553,1
1309,907,1
1309,1291,1
1310,1488,0
1311,7,1
1311,47,1
55,1311,0
80,1311,0
1311,88,1
1311,97,1
1311,101,1
1311,106,1
1311,109,1
134,1311,0
149,1311,0
1311,155,1
179,1311,0
1311,223,1
1311,262,1
1311,269,1
285,1311,0
1311,293,1
1311,304,1
1311,307,1
1311,326,1
1311,332,1
358,1311,0
1311,415,1
1311,459,1
1311,471,1
1311,493,1
1311,494,1
1311,496,1
503,1311,0
554,1311,0
635,1311,0
1311,653,1
1311,654,1
1311,681,1
1311,683,1
1311,690,1
1311,701,1
714,1311,0
720,1311,0
1311,735,1
1311,736,1
1311,800,1
1311,838,1
1311,855,1
1311,862,1
1311,874,1
1311,877,1
892,1311,0
1311,920,1
1311,939,1
1311,997,1
1311,1033,1
1311,1039,1
1042,1311,0
1311,1049,1
1311,1057,1
1311,1058,1
1311,1069,1
1311,1078,1
1311,1088,1
1311,1098,1
1126,1311,0
1311,1150,1
1311,1182,1
1311,1236,1
1311,1259,1
1263,1311,0
1311,1278,1
1290,1311,0
1311,1292,1
1311,1310,1
1325,1311,0
1311,1329,1
1311,1342,1
1404,1311,0
1311,1439,1
1311,1447,1
1311,1454,1
1311,1471,1
1592,1311,0
1311,1603,1
1311,1629,1
1311,1653,1
1665,1311,0
1311,1677,1
1311,1691,1
1700,1311,0
1311,1729,1
1311,1744,1
1311,1798,1
1802,1311,0
1311,1812,1
1311,1819,1
1311,1865,1
1311,1873,1
1887,1311,0
1311,1921,1
1924,1311,0
1926,1311,0
1311,1946,1
1311,2005,1
1311,2019,1
2032,1311,0
2034,1311,0
1311,2067,1
1311,2085,1
1311,2130,1
1311,2221,1
1311,2231,1
1311,2299,1
2303,1311,0
2340,1311,0
1311,2345,1
1311,2395,0
2406,1311,0
1311,2463,1
1312,939,1
1312,1357,0
51,1313,0
1302,1313,0
1313,1350,1
1873,1313,0
100,1314,0
1314,188,1
1314,254,1
1314,361,1
1314,433,1
1314,758,1
1314,939,1
974,1314,0
1215,1314,0
1348,1314,0
1314,1425,1
1621,1314,0
1747,1314,0
1934,1314,0
1315,2282,0
1315,2286,0
1315,2362,0
1316,2456,0
603,1317,0
1317,679,1
1317,923,1
928,1317,0
1611,1317,0
1618,1317,0
1317,1939,0
1317,2220,1
1318,2412,0
1319,2193,0
1322,1717,0
1322,1916,0
1322,2411,0
1323,1275,1
1324,2050,0
1325,1363,0
1325,1370,0
1325,1679,0
1325,2130,0
1326,2226,0
1328,2037,0
1329,2180,0
1330,2110,0
300,1332,0
1332,605,1
1239,1332,0
1503,1332,0
1332,1987,0
1332,2075,1
1332,2224,1
2308,1332,0
1332,2309,1
1334,47,1
1334,1092,1
1335,1533,0
1335,1822,0
1337,1568,0
1337,1882,1
1338,2109,0
1339,78,1
1339,116,1
1339,139,1
1339,163,1
1339,182,1
1339,302,1
1339,354,1
408,1339,0
1339,411,1
478,1339,0
634,1339,0
1339,636,1
1339,637,1
1339,717,1
741,1339,0
1339,773,1
791,1339,0
1339,817,1
1339,935,1
1339,1045,1
1339,1046,1
1339,1135,1
1339,1153,1
1167,1339,0
1189,1339,0
1339,1303,1
1339,1387,1
1339,1401,0
1339,1423,1
1470,1339,0
1481,1339,0
1339,1522,1
1339,1535,1
1561,1339,0
1339,1610,1
1339,1615,1
1655,1339,0
1339,1693,1
1339,1726,1
1754,1339,0
1339,1764,1
1339,1786,1
1339,1793,1
1339,1807,0
1339,1809,1
1339,1836,1
1339,1867,1
1339,2065,1
1339,2076,1
1339,2180,1
2232,1339,0
1339,2238,1
1339,2254,1
2366,1339,0
1340,63,1
644,1340,0
706,1340,0
1580,1340,0
1340,1626,1
1340,1682,1
1340,1792,1
1900,1340,0
1920,1340,0
1340,2251,0
2361,1340,0
1343,2209,0
1343,2261,1
1343,2404,1
1344,2393,0
1345,1409,0
79,1346,0
99,1346,0
1346,690,1
1346,750,1
1346,1741,0
1346,1965,1
1346,2094,0
673,1348,0
1348,994,1
1348,2403,0
1349,2400,0
1351,2326,0
64,1353,0
1353,1692,0
1353,1705,1
1353,2055,1
2222,1353,0
2291,1353,0
2317,1353,0
1353,2319,1
2320,1353,0
1353,2376,1
1353,2401,1
1354,1360,0
1355,29,1
1355,203,1
1355,221,1
251,1355,0
341,1355,0
1355,426,1
1355,448,1
1355,459,1
1355,512,1
563,1355,0
1355,577,1
599,1355,0
1355,654,1
1355,656,1
1355,661,1
1355,664,1
1355,690,1
800,1355,0
939,1355,0
1355,1048,1
1355,1143,1
1355,1243,1
1355,1458,1
1355,1510,1
1355,1529,1
1530,1355,0
1712,1355,0
1868,1355,0
1355,1921,1
1355,2035,1
2203,1355,0
1357,2074,0
1358,1980,1
1359,102,1
1359,408,1
1359,427,1
432,1359,0
1359,624,1
634,1359,0
1359,635,1
1359,737,1
1359,935,1
1359,939,1
1359,963,1
1072,1359,0
1359,1094,1
1359,1322,1
1359,1351,1
1359,1383,1
1416,1359,0
1441,1359,0
1359,1466,1
1359,1488,1
1359,1539,0
1359,1601,1
1359,1724,1
1359,1783,1
1359,1847,1
1359,1868,1
1359,1912,1
1921,1359,0
1359,1965,1
1359,2092,0
1359,2293,1
1359,2426,1
1359,2462,1
1360,1158,1
1361,1963,0
1361,2107,0
1361,2178,0
1361,2332,0
1363,1787,0
1363,1838,0
1364,1498,0
1364,1671,0
1365,79,1
1365,99,1
1365,430,1
1365,933,1
1091,1365,0
1365,1278,1
1365,1921,1
1365,2039,1
1365,2044,1
1366,1642,0
1367,1951,0
1369,1528,0
1369,1677,0
1370,1781,0
1371,1441,0
1371,1663,1
1372,1792,0
1372,2311,0
1375,2326,0
1376,2279,0
1377,1274,1
539,1378,0
1378,1812,0
1379,2202,0
1380,399,1
1380,1479,0
1380,1815,0
23,1381,0
1381,173,1
1381,293,1
1381,537,1
1381,559,1
603,1381,0
1381,619,1
1381,645,1
1381,1205,1
1381,1236,1
1473,1381,0
1381,1600,1
1381,1614,1
1381,1778,1
1846,1381,0
1913,1381,0
1381,1921,1
1381,1955,1
1381,1999,1
1382,1662,0
1382,2127,0
1382,2270,0
1384,1617,0
1385,2212,0
1388,1965,0
1390,2223,0
1391,1975,0
399,1393,0
1394,2218,0
1395,1587,0
206,1396,0
370,1396,0
619,1396,0
1396,913,1
1396,1113,1
1396,1122,1
1347,1396,0
1450,1396,0
1396,1953,1
1398,1461,0
1398,1605,0
1398,2375,0
1399,1898,0
654,1400,0
1400,939,1
1215,1400,0
1400,1847,1
1402,2055,0
1403,102,1
1403,133,1
189,1403,0
427,1403,0
602,1403,0
1403,624,1
1403,634,1
635,1403,0
1403,716,1
729,1403,0
1403,864,1
935,1403,0
939,1403,0
1403,1072,1
1094,1403,0
1232,1403,0
1403,1307,1
1403,1322,1
1403,1351,1
1383,1403,0
1415,1403,0
1416,1403,0
1441,1403,0
1495,1403,0
1403,1513,1
1403,1545,1
1403,1601,1
1403,1711,1
1724,1403,0
1403,1783,1
1403,1836,1
1403,1847,1
1868,1403,0
1912,1403,0
1921,1403,0
1403,1965,1
1403,2053,1
1403,2102,0
1403,2293,1
1403,2342,1
1403,2411,1
1403,2426,1
1406,2069,0
1409,939,1
1409,1834,1
1411,107,1
1411,870,1
1411,1050,1
1411,1539,1
1411,1594,0
1868,1411,0
1411,1879,0
1411,1899,1
1999,1411,0
1412,1447,0
1413,1425,0
1414,2209,0
1414,2449,0
1415,2292,0
1417,1741,0
1417,2331,1
1417,2424,0
1420,1421,0
1421,1721,0
1422,939,1
1422,1684,0
1422,1852,0
1422,2281,1
1423,2249,0
1425,2311,0
1428,2063,0
1428,2065,0
1428,2337,0
1429,1513,0
1431,2152,0
1432,2064,0
1432,2324,0
1432,2338,0
1433,2231,0
1434,1521,0
1435,95,1
1435,190,1
1435,725,1
1435,1377,1
1702,1435,0
1435,1832,0
1435,1969,1
1435,2202,1
1435,2277,1
99,1436,0
1436,281,1
1436,848,1
1436,1467,0
1436,1514,1
1436,1848,1
2118,1436,0
1436,2144,1
1436,2331,1
1993,1437,0
1438,629,1
991,1438,0
1321,1438,0
1438,1845,0
1958,1438,0
1438,2210,0
1438,2325,1
1439,63,1
283,1439,0
1439,470,1
669,1439,0
684,1439,0
687,1439,0
1439,833,1
1439,1215,1
1439,1230,1
1298,1439,0
1439,1921,0
2035,1439,0
2081,1439,0
1439,2183,1
1441,1518,0
1441,2215,0
1442,1578,0
1442,2021,0
1443,1929,0
1446,1942,0
1446,2119,0
1448,1789,0
1449,1643,0
1450,8,1
1450,80,1
1450,207,1
304,1450,0
1450,653,1
1450,781,1
1450,800,1
855,1450,0
1450,877,1
1351,1450,0
1418,1450,0
1450,1921,1
1450,2356,1
1451,2185,0
99,1452,0
1452,1886,1
1453,2033,0
1453,2092,0
1453,2425,0
1454,1743,0
1454,1868,0
1455,1492,0
153,1459,0
1459,2308,0
1459,2316,1
1460,2120,0
1462,2056,0
1462,2123,0
1462,2132,0
1466,2377,0
1466,2463,0
1467,1952,0
90,1469,0
369,1469,0
1469,635,1
1469,654,1
1469,672,1
1469,718,1
1469,781,1
1469,809,1
1469,833,1
1469,870,1
1469,885,1
1469,889,1
1469,891,1
1469,935,1
1469,939,1
1469,997,1
1042,1469,0
1060,1469,0
1469,1072,1
1469,1080,1
1469,1126,1
1469,1196,1
1469,1263,1
1269,1469,0
1307,1469,0
1469,1330,1
1469,1392,1
1397,1469,0
1407,1469,0
1469,1425,1
1501,1469,0
1532,1469,0
1541,1469,0
1574,1469,0
1469,1722,1
1469,1821,1
1469,1836,1
1469,1864,1
1469,1892,1
1469,1974,1
1469,1989,1
1469,2342,1
1469,2447,1
1470,1585,0
1471,2061,0
1472,399,1
1472,1620,1
1472,1802,1
1472,1980,1
1472,2150,0
1472,2292,1
1473,2164,0
1474,265,1
1474,635,1
1474,1633,0
1475,61,1
1475,191,1
376,1475,0
413,1475,0
1475,437,1
527,1475,0
655,1475,0
1475,685,1
1475,824,1
1475,1025,1
1475,1095,1
1475,1119,1
1475,1233,1
1475,1404,1
1475,1462,1
1598,1475,0
1475,1644,1
1475,1766,1
1475,1813,1
1476,1611,0
1477,2465,0
1478,2126,0
1478,2221,0
1479,1796,0
1479,2236,0
1480,312,1
1480,449,1
1480,803,1
1205,1480,0
1480,1272,1
1480,1551,1
1650,1480,0
1480,1691,1
1705,1480,0
1480,1851,1
1480,2238,1
1480,2349,1
1481,1574,0
1482,2119,0
1482,2132,0
1485,265,1
1485,2078,0
1486,213,1
1486,954,1
1487,2465,0
1490,1773,0
1491,63,1
1491,326,1
1491,638,1
1491,687,1
1491,833,1
1491,1215,1
1491,1298,1
1491,1999,1
1491,2035,1
1492,628,1
1494,1889,0
415,1496,0
1496,535,1
1498,373,1
1498,1050,1
1498,1446,1
1498,2010,0
1500,1517,0
1500,2395,0
834,1503,0
1503,1415,1
1504,1851,0
939,1505,0
1505,1665,0
1506,2268,0
1512,2163,0
1512,2381,0
1514,1826,0
1515,1509,1
1515,2363,0
1516,1824,0
1518,1529,0
1518,1786,0
1518,2255,0
1518,2363,0
1519,1477,1
1519,1540,1
245,1520,0
351,1520,0
1520,563,1
1520,812,1
1520,1404,1
1520,1533,1
1522,1639,0
1523,2277,0
1524,2400,0
1526,386,1
2238,1526,0
1526,2417,0
1527,2034,0
1529,1889,0
1529,2274,0
1531,29,1
646,1531,0
1531,732,1
959,1531,0
1531,1221,1
1531,1348,1
1531,1664,1
1531,1847,1
1531,2082,0
1531,2385,1
1533,1711,0
1534,2015,0
1535,2390,0
1536,2015,0
1536,2427,0
1537,1977,0
1538,2201,0
1542,635,1
826,1542,0
1542,2122,1
79,1543,0
1543,276,1
1543,294,1
350,1543,0
1543,353,1
1543,575,1
1543,644,1
1543,829,1
891,1543,0
1219,1543,0
1543,1259,1
1754,1543,0
1543,1847,1
1543,2389,0
1543,2416,0
1544,98,1
328,1544,0
1544,341,1
412,1544,0
1544,600,1
1544,707,1
1544,870,1
1544,908,1
1170,1544,0
1544,1182,1
1544,1480,1
1544,1543,1
1544,1695,1
1765,1544,0
1544,1847,1
1868,1544,0
1544,1999,1
1544,2098,1
1544,2188,0
1545,1560,0
102,1546,0
1546,408,1
427,1546,0
1546,432,1
1546,624,1
1546,628,1
635,1546,0
1546,690,1
1546,737,1
1546,763,1
864,1546,0
935,1546,0
1546,939,1
963,1546,0
1546,1072,1
1546,1094,1
1546,1307,1
1322,1546,0
1546,1351,1
1383,1546,0
1546,1415,1
1416,1546,0
1546,1441,1
1546,1466,1
1546,1488,1
1546,1724,1
1546,1783,1
1836,1546,0
1546,1912,1
1546,1921,1
1546,1965,1
1546,2015,1
1546,2035,1
1546,2053,1
1546,2183,1
1546,2222,0
1546,2426,1
1546,2462,1
1549,755,1
1549,2272,0
1555,1947,0
870,1558,0
1558,908,1
1558,1868,1
213,1559,0
1559,258,1
1559,346,1
1559,571,1
1559,583,1
636,1559,0
1559,686,1
1559,891,1
1559,910,1
1559,1054,1
1160,1559,0
1559,1183,1
1559,1331,1
1630,1559,0
1559,1717,1
1559,1762,1
1559,1865,0
1559,1886,0
2058,1559,0
2111,1559,0
2279,1559,0
1560,2400,0
1561,1763,0
1561,1776,0
1561,2363,0
1562,1728,0
1562,1755,0
1562,2114,0
1562,2289,0
1563,1677,0
1563,2392,0
1564,1911,0
1564,1991,1
1566,2158,0
1566,2240,1
1566,2436,0
1567,2229,0
1568,19,1
1568,292,1
1568,625,1
1568,690,1
1568,964,1
1568,1083,1
1568,1102,1
1568,1348,1
1682,1568,0
1568,1694,1
1568,1715,1
1972,1568,0
1976,1568,0
1568,2035,1
1568,2052,0
1568,2138,1
1568,2242,1
1568,2469,1
1569,1674,0
1570,1710,0
1571,1969,0
1688,1572,0
1921,1572,0
1573,1662,0
1573,1845,0
1574,1678,0
1574,1942,0
1574,2271,0
1575,1327,1
1575,1985,1
2010,1575,0
1576,1898,0
1576,2142,0
1577,1983,0
47,1578,0
1578,1278,1
1578,2087,1
1581,1242,1
1582,1676,0
1582,2358,0
1586,441,1
1586,665,1
1586,2123,0
1588,1847,1
1588,2268,0
1589,1694,0
1589,2402,0
1590,1661,0
1590,1928,0
1591,1794,0
1594,1650,0
1595,1699,0
2125,1596,0
408,1597,0
1597,628,1
1597,935,1
1597,1072,1
1597,1307,1
1322,1597,0
1597,1488,1
1836,1597,0
2462,1597,0
1600,2289,0
1602,1824,0
1604,1834,1
1606,23,1
190,1606,0
1606,584,1
1606,706,1
1606,725,1
1181,1606,0
1377,1606,0
1606,1672,1
1606,1702,1
1606,1969,1
2202,1606,0
1606,2277,1
1606,2439,0
1608,1707,0
1847,1608,0
1609,546,1
1609,974,1
1609,1215,1
1609,1459,1
1819,1609,0
1609,2443,1
1610,2401,0
1616,619,1
1616,1018,1
1616,1142,1
1616,1840,0
1616,1976,1
144,1617,0
1617,628,1
997,1617,0
1617,1764,1
2010,1617,0
1618,2450,0
1621,2097,0
1622,1841,0
939,1623,0
1625,304,1
647,1625,0
1625,2073,0
1625,2453,0
1626,2177,0
1627,2304,0
28,1629,0
1629,32,1
1629,195,1
1040,1629,0
1049,1629,0
1629,1574,1
1629,1907,0
1629,1992,1
1629,2304,0
1631,32,1
1631,74,1
939,1631,0
1631,959,1
1631,1113,1
1631,1147,1
1287,1631,0
1565,1631,0
1632,571,1
881,1632,0
1632,1908,0
1632,2426,1
1497,1634,0
1634,2407,0
1637,216,1
591,1637,0
1702,1637,0
2148,1637,0
1638,1701,0
1638,1981,0
1638,2396,0
1639,2048,0
1640,2072,0
1641,1942,0
1643,2337,0
1644,2161,0
385,1645,0
412,1645,0
1645,1848,1
1875,1645,0
1645,2405,1
1646,1779,0
1648,2297,0
1651,2163,0
673,1652,0
810,1652,0
1652,2410,0
1653,328,1
1215,1653,0
1653,2128,1
1656,2127,0
1658,1956,0
1659,2441,0
1661,1990,0
1662,1751,0
1663,2182,0
1663,2410,0
1664,2255,0
1665,2211,0
1666,1826,0
1666,2027,0
1667,1749,0
1670,79,1
1670,1460,1
1670,2310,1
1613,1671,0
1673,1671,0
1671,2446,1
1672,241,1
1672,635,1
939,1672,0
1672,1316,1
1672,1834,1
1673,2140,0
1676,1877,0
1676,2458,0
1679,574,1
1679,1264,1
1414,1679,0
1679,2381,0
1680,1738,1
1680,2310,0
1680,2385,1
924,1681,0
1681,1993,1
1684,2085,0
1684,2095,0
1684,2154,0
1688,1840,0
1689,2191,0
1690,2447,0
690,1692,0
1692,902,1
1692,1420,1
1692,1512,1
1696,1887,0
1697,1234,1
1700,92,1
1700,176,1
196,1700,0
380,1700,0
1700,690,1
1700,1005,1
1700,1126,1
1700,1195,1
1700,1467,1
1865,1700,0
1700,1984,0
1700,2105,1
1701,187,1
1701,1903,0
1701,2248,0
1701,2415,0
1702,587,1
1702,635,1
813,1702,0
1702,969,1
1702,1005,1
1202,1702,0
1215,1702,0
1309,1702,0
1702,1316,1
1702,2273,1
1703,1811,0
1703,2330,0
1704,1734,0
1704,2058,0
1704,2347,0
1708,2332,0
1709,415,1
1709,713,1
1709,742,1
1709,2112,1
1710,269,1
1710,383,1
1710,2304,0
1714,2464,0
1717,2216,0
1717,2374,0
1718,889,1
1718,1812,0
1719,300,1
1719,605,1
1719,1415,1
1441,1719,0
1719,1503,1
1719,2075,1
1719,2224,1
2308,1719,0
1719,2324,1
1720,1803,0
1721,1918,0
1722,2158,0
1723,2089,0
1726,2067,0
1730,1843,0
1731,739,1
1731,924,1
1732,1872,0
1733,3,1
213,1733,0
1733,255,1
1733,293,1
315,1733,0
1733,325,1
1733,464,1
693,1733,0
1733,861,1
1733,939,1
1733,1131,1
1733,1160,1
1208,1733,0
1405,1733,0
1733,1583,1
1733,1704,1
1733,2020,1
1733,2082,0
1733,2299,1
1733,2408,1
1734,30,1
1734,59,1
1734,244,1
1734,311,1
1734,1196,1
1263,1734,0
1553,1734,0
1734,1912,0
1738,273,1
1738,1935,0
1739,1750,0
1741,2172,0
1743,2456,0
430,1744,0
1744,1922,0
1744,2102,0
1745,1938,0
1746,681,1
1746,1860,1
1746,2318,1
1749,706,1
1750,1233,1
1750,1816,0
1751,296,1
1717,1751,0
1752,2159,0
1753,1660,1
1753,2340,0
1534,1757,0
1757,1607,1
1759,213,1
1759,635,1
989,1759,0
1759,1899,0
1760,2158,0
1761,2193,0
1763,2221,0
1769,119,1
476,1769,0
1770,25,1
32,1770,0
1770,213,1
1770,335,1
1770,467,1
1770,584,1
608,1770,0
1770,635,1
1770,687,1
1770,706,1
1770,728,1
1770,743,1
751,1770,0
820,1770,0
1770,833,1
1770,872,1
1770,939,1
1064,1770,0
1147,1770,0
1770,1205,1
1209,1770,0
1770,1215,1
1770,1219,1
1770,1224,1
1251,1770,0
1351,1770,0
1770,1868,1
1885,1770,0
1898,1770,0
1770,1913,1
1770,1921,1
1770,1932,1
2140,1770,0
2309,1770,0
1771,99,1
1771,100,1
1771,116,1
1771,144,1
1771,188,1
309,1771,0
361,1771,0
1771,412,1
1771,433,1
1771,520,1
563,1771,0
1771,637,1
1771,659,1
1771,1145,1
1771,1156,1
1771,1348,1
1771,1425,1
1771,1441,1
1771,1679,1
1771,1691,1
1705,1771,0
1771,1793,1
1771,1817,1
1771,1832,1
2189,1771,0
2200,1771,0
1771,2267,1
1772,2092,0
635,1773,0
1290,1773,0
1633,1773,0
1773,1834,1
1773,1868,1
1773,2367,0
1774,1659,1
1775,1947,0
1775,2098,0
1777,258,1
1777,300,1
1777,314,1
412,1777,0
846,1777,0
1778,2032,0
1780,2432,0
1781,1970,0
1781,2079,0
1782,654,1
1782,911,1
1427,1782,0
1782,1914,0
1783,2193,0
1786,2381,0
1787,220,1
1787,2003,0
1788,2402,0
1794,1881,0
1795,1874,0
1795,2068,0
1389,1796,0
1799,1936,0
1800,1848,0
1801,1922,0
1801,2208,0
1802,79,1
228,1802,0
1802,283,1
635,1802,0
1802,819,1
1215,1802,0
1802,1230,1
1802,1280,1
1537,1802,0
1728,1802,0
1802,2035,1
1803,2356,0
505,1804,0
1804,711,1
1804,1291,1
1804,2313,0
1805,2049,0
68,1806,0
508,1806,0
1806,584,1
797,1806,0
1806,1181,1
1806,1196,1
1806,1215,1
1377,1806,0
1806,1702,1
1969,1806,0
1806,2018,0
2052,1806,0
1806,2277,1
3,1807,0
1808,1691,1
1810,82,1
1482,1810,0
1811,1810,0
2058,1810,0
1811,1981,0
1811,2473,0
1814,1963,1
1816,1196,1
1816,2011,0
1816,2041,0
1234,1818,0
1819,65,1
80,1819,0
1819,114,1
1819,130,1
1819,188,1
1819,307,1
326,1819,0
360,1819,0
1819,361,1
375,1819,0
386,1819,0
1819,399,1
1819,404,1
1819,412,1
417,1819,0
436,1819,0
446,1819,0
520,1819,0
525,1819,0
1819,542,1
1819,561,1
602,1819,0
1819,603,1
1819,608,1
1819,635,1
659,1819,0
660,1819,0
665,1819,0
1819,667,1
1819,670,1
1819,673,1
1819,674,1
687,1819,0
1819,690,1
705,1819,0
1819,709,1
1819,718,1
1819,743,1
1819,798,1
1819,806,1
1819,833,1
1819,843,1
864,1819,0
872,1819,0
1819,877,1
1819,893,1
1819,902,1
1819,939,1
1819,951,1
994,1819,0
1819,1004,1
1819,1058,1
1062,1819,0
1819,1064,1
1819,1066,1
1819,1078,1
1819,1103,1
1173,1819,0
1819,1186,1
1819,1196,1
1205,1819,0
1819,1206,1
1208,1819,0
1819,1215,1
1219,1819,0
1242,1819,0
1251,1819,0
1819,1258,1
1819,1259,1
1268,1819,0
1819,1282,1
1819,1320,1
1819,1351,1
1404,1819,0
1819,1466,1
1819,1565,1
1819,1638,1
1819,1704,1
1819,1705,1
1819,1724,1
1819,1824,1
1819,1836,1
1819,1868,1
1882,1819,0
1819,1892,1
1913,1819,0
1914,1819,0
1926,1819,0
1819,1929,1
1819,1932,1
1965,1819,0
1819,1984,1
1998,1819,0
1819,2063,1
1819,2064,1
1819,2124,1
1819,2125,1
2140,1819,0
1819,2144,1
1819,2179,1
1819,2191,1
1819,2329,1
1819,2342,1
1819,2395,1
2411,1819,0
1819,2426,1
1819,2443,1
2456,1819,0
2475,1819,0
1822,2040,0
1823,939,1
1823,2458,0
1826,2176,0
1827,1876,0
1828,1907,0
1829,1969,0
1831,874,1
1831,1763,1
1831,2413,0
340,1833,0
1833,1014,1
2214,1833,0
1833,2410,0
1834,24,1
1834,79,1
1834,99,1
1834,158,1
213,1834,0
272,1834,0
1834,284,1
1834,348,1
386,1834,0
394,1834,0
1834,471,1
480,1834,0
766,1834,0
825,1834,0
1834,939,1
1117,1834,0
1834,1290,1
1834,1316,1
1834,1325,1
1834,1327,1
1834,1363,1
1834,1404,1
1834,1527,1
1834,1575,1
1834,1641,1
1667,1834,0
1737,1834,0
1758,1834,0
1802,1834,0
1877,1834,0
1907,1834,0
1834,1948,1
1834,1955,1
1834,1967,1
1834,2054,1
1834,2116,1
1834,2144,1
1834,2224,1
2345,1834,0
2351,1834,0
1835,687,1
1835,819,1
1835,974,1
1835,1921,1
1835,2261,1
1836,2045,0
1836,2266,0
1838,2156,0
1839,2207,0
50,1842,0
323,1842,0
505,1842,0
1842,1239,1
1842,1415,1
1842,1441,1
1842,1676,1
1842,2151,1
1842,2233,1
1843,2051,0
1844,430,1
1327,1844,0
1845,1972,0
1845,2384,0
1847,2111,0
79,1849,0
1849,99,1
1849,566,1
1849,1514,1
1849,1611,1
1850,2108,0
1851,2313,0
1853,2172,0
1854,757,1
906,1854,0
1854,1277,1
1854,2459,1
1860,1883,0
1860,2050,0
1860,2106,0
1040,1861,0
1862,2178,0
1865,2003,0
1866,2035,1
1868,11,1
1868,32,1
80,1868,0
1868,213,1
1868,214,1
1868,232,1
1868,242,1
251,1868,0
268,1868,0
1868,274,1
1868,307,1
1868,345,1
1868,361,1
1868,391,1
1868,433,1
1868,603,1
1868,635,1
660,1868,0
1868,690,1
700,1868,0
1868,707,1
1868,809,1
1868,843,1
1868,867,1
876,1868,0
1868,949,1
959,1868,0
1868,1066,1
1868,1100,1
1147,1868,0
1868,1161,1
1165,1868,0
1176,1868,0
1259,1868,0
1352,1868,0
1868,1466,1
1868,1501,1
1868,1626,1
1661,1868,0
1868,1695,1
1788,1868,0
1868,1824,1
1868,1838,1
1868,1893,1
1925,1868,0
1965,1868,0
1992,1868,0
1868,2000,1
1868,2182,1
1868,2263,1
1868,2385,1
1868,2435,1
1868,2453,1
2458,1868,0
1868,2464,1
1868,2465,1
1868,2468,1
1868,2469,1
1869,758,1
796,1869,0
1869,1059,1
1934,1869,0
2316,1872,0
1873,1876,0
1876,38,1
1876,188,1
884,1876,0
1876,912,1
1876,982,1
1089,1876,0
1876,1128,1
1348,1876,0
1876,2051,1
1876,2305,1
1878,430,1
1327,1878,0
29,1881,0
126,1881,0
1881,213,1
657,1881,0
687,1881,0
1881,728,1
833,1881,0
872,1881,0
1881,939,1
1881,1064,1
1881,1164,1
1881,1215,1
1881,1219,1
1881,1251,1
1545,1881,0
1839,1881,0
1881,1885,1
1913,1881,0
1921,1881,0
1881,1951,1
2063,1881,0
1881,2125,1
2145,1881,0
2192,1881,0
2456,1881,0
1884,863,1
1886,1888,0
1887,2434,0
1889,1209,1
1889,2234,0
1891,2455,0
1892,2177,0
1893,1978,0
1893,2385,0
1894,2228,0
1895,2036,1
1899,11,1
1899,213,1
1899,290,1
457,1899,0
1899,706,1
1899,1066,1
1899,1925,1
1899,2003,0
2307,1899,0
1899,2435,1
1901,2447,0
1902,2184,0
1904,2312,0
1906,2443,0
1907,2259,0
1908,2240,0
1910,2133,0
1911,1362,1
1868,1911,0
1914,2468,0
1916,2229,0
1917,399,1
1917,1918,0
1939,1917,0
1919,51,1
307,1919,0
891,1919,0
1140,1919,0
1919,1215,1
1919,1427,1
1919,2035,1
1919,2056,1
1920,2418,0
1923,304,1
1923,655,1
939,1923,0
1923,1182,1
1923,2007,0
1924,1999,0
1925,1933,0
1926,2021,0
1926,2143,0
1926,2376,0
1928,99,1
1929,1935,0
1929,2232,0
1929,2426,1
1931,2172,0
1932,2345,0
1933,2449,0
47,1934,0
1935,130,1
384,1935,0
408,1935,0
1935,706,1
1935,840,1
1935,926,1
1935,939,1
1935,998,1
1049,1935,0
1097,1935,0
1935,1118,1
1935,1144,1
1196,1935,0
1935,1221,1
1239,1935,0
1935,1296,1
1415,1935,0
1935,1444,1
1935,1640,1
1935,1847,1
2073,1935,0
1935,2172,0
1935,2405,0
2432,1935,0
1935,2473,1
1936,1377,1
1937,2169,0
1125,1938,0
1938,1994,0
635,1942,0
1942,690,1
1942,714,1
1942,1802,1
1942,2060,0
1943,430,1
1943,2114,0
1943,2339,1
1945,2202,0
1947,2046,0
1949,328,1
2406,1949,0
1950,65,1
178,1950,0
179,1950,0
1950,188,1
1950,300,1
1950,301,1
306,1950,0
405,1950,0
1950,533,1
609,1950,0
619,1950,0
696,1950,0
1950,771,1
868,1950,0
1950,915,1
939,1950,0
1950,1005,1
1950,1030,1
1142,1950,0
1187,1950,0
1189,1950,0
1950,1191,1
1270,1950,0
1316,1950,0
1950,1327,1
1950,1328,1
1405,1950,0
1497,1950,0
1950,1499,1
1950,1533,1
1950,1584,1
1619,1950,0
1950,1717,1
1950,1934,1
1950,1937,1
1950,1955,1
1950,1957,0
1950,1997,1
1950,2129,1
2283,1950,0
2307,1950,0
2310,1950,0
2316,1950,0
1951,268,1
1951,700,1
858,1951,0
1951,859,1
1951,959,1
1951,1217,1
1951,1424,1
1661,1951,0
1951,1664,1
1951,1824,1
1847,1951,0
1925,1951,0
1951,2173,1
2204,1951,0
2363,1951,0
1951,2385,1
1951,2388,1
1951,2390,1
1951,2391,1
48,1952,0
1952,1285,1
1952,1660,1
1952,1819,1
1953,2391,0
1955,3,1
4,1955,0
1955,10,1
1955,17,1
1955,32,1
1955,45,1
1955,51,1
1955,71,1
74,1955,0
1955,79,1
1955,80,1
1955,81,1
1955,95,1
1955,100,1
1955,116,1
127,1955,0
1955,186,1
1955,214,1
1955,235,1
242,1955,0
1955,258,1
1955,259,1
268,1955,0
1955,277,1
285,1955,0
1955,304,1
1955,307,1
1955,323,1
1955,326,1
339,1955,0
1955,359,1
361,1955,0
1955,369,1
399,1955,0
1955,408,1
412,1955,0
422,1955,0
1955,425,1
1955,466,1
482,1955,0
1955,505,1
1955,508,1
1955,515,1
517,1955,0
1955,546,1
1955,547,1
1955,563,1
1955,619,1
635,1955,0
638,1955,0
1955,646,1
660,1955,0
1955,672,1
688,1955,0
1955,690,1
1955,706,1
707,1955,0
1955,719,1
1955,727,1
1955,733,1
742,1955,0
762,1955,0
785,1955,0
1955,823,1
1955,828,1
1955,833,1
1955,843,1
1955,848,1
853,1955,0
1955,859,1
1955,870,1
1955,877,1
883,1955,0
1955,888,1
1955,889,1
891,1955,0
907,1955,0
1955,916,1
1955,939,1
1955,951,1
965,1955,0
1955,981,1
993,1955,0
1955,1042,1
1064,1955,0
1955,1126,1
1955,1147,1
1148,1955,0
1161,1955,0
1176,1955,0
1196,1955,0
1215,1955,0
1955,1217,1
1221,1955,0
1955,1228,1
1234,1955,0
1239,1955,0
1955,1240,1
1955,1259,1
1270,1955,0
1955,1278,1
1325,1955,0
1327,1955,0
1351,1955,0
1394,1955,0
1424,1955,0
1955,1428,1
1433,1955,0
1448,1955,0
1955,1466,1
1955,1468,1
1955,1501,1
1955,1504,1
1507,1955,0
1955,1537,1
1955,1579,1
1955,1583,1
1585,1955,0
1955,1626,1
1955,1635,1
1955,1647,1
1658,1955,0
1955,1661,1
1664,1955,0
1684,1955,0
1690,1955,0
1705,1955,0
1955,1712,1
1717,1955,0
1955,1724,1
1748,1955,0
1955,1764,1
1801,1955,0
1955,1824,1
1827,1955,0
1955,1838,1
1955,1839,1
1955,1847,1
1856,1955,0
1913,1955,0
1921,1955,0
1925,1955,0
1955,1926,1
1955,1932,1
1955,1935,1
1955,1957,1
1965,1955,0
1955,1997,1
2011,1955,0
1955,2012,1
2023,1955,0
1955,2072,1
1955,2073,1
2092,1955,0
1955,2107,1
1955,2108,1
1955,2119,1
1955,2125,1
2131,1955,0
1955,2133,1
2145,1955,0
1955,2167,1
1955,2173,1
2204,1955,0
1955,2209,1
1955,2223,1
1955,2238,1
1955,2263,1
1955,2276,1
1955,2296,1
1955,2299,1
2341,1955,0
1955,2347,1
1955,2352,1
2380,1955,0
2382,1955,0
1955,2385,1
2390,1955,0
1955,2391,1
1955,2427,1
1955,2441,1
1955,2453,1
1955,2458,1
1955,2464,1
1955,2469,1
1956,2214,0
1960,946,1
63,1961,0
1961,933,1
1581,1961,0
1961,2003,1
1961,2052,0
1963,2412,0
59,1970,0
1970,116,1
1970,126,1
242,1970,0
1970,571,1
1970,584,1
635,1970,0
1970,687,1
1970,705,1
1970,706,1
1970,718,1
728,1970,0
1970,833,1
939,1970,0
1970,951,1
1970,1147,1
1168,1970,0
1173,1970,0
1970,1215,1
1219,1970,0
1224,1970,0
1970,1251,1
1282,1970,0
1351,1970,0
1654,1970,0
1970,1885,1
1898,1970,0
1913,1970,0
1970,1921,1
2063,1970,0
1970,2064,1
2140,1970,0
1970,2426,1
1971,2001,0
669,1972,0
1973,2350,0
1975,2288,0
1981,2278,0
1982,1316,1
1986,2223,0
1987,2163,0
1987,2416,0
1988,2004,0
1990,690,1
1992,131,1
1992,184,1
195,1992,0
359,1992,0
1992,425,1
1992,765,1
1992,877,1
1992,1115,1
1196,1992,0
1301,1992,0
1992,1835,1
1992,2128,0
1992,2422,1
1995,99,1
116,1995,0
144,1995,0
1995,361,1
1995,563,1
1995,608,1
1995,939,1
1995,1156,1
1995,1215,1
1348,1995,0
1995,1621,1
1679,1995,0
1995,1705,1
1832,1995,0
1995,2010,1
2189,1995,0
1995,2289,0
1999,11,1
1999,1196,1
1255,1999,0
1999,1352,1
1925,1999,0
234,2002,0
2002,1361,1
2003,807,1
2003,811,1
1311,2004,0
2005,2253,0
2006,79,1
687,2006,0
2006,833,1
2006,1159,1
2006,1230,1
2006,1316,1
2006,1385,1
2006,1537,1
2006,2110,0
939,2007,0
2007,1913,1
2007,2210,1
2009,939,1
2011,2290,0
2013,953,1
2013,2015,0
2013,2177,0
2014,2319,0
2018,70,1
2020,2206,0
2020,2396,0
2022,2039,1
2022,2048,0
2022,2071,0
2024,2332,0
2027,359,1
2027,1215,1
2027,1376,1
2027,1421,1
1536,2027,0
2027,1819,1
2027,2377,0
2028,1921,1
2028,2040,0
563,2029,0
2029,1151,1
2029,2265,0
2029,2289,0
2029,2319,0
2029,2391,0
1242,2031,0
2031,2234,0
2033,725,1
2033,1274,1
2033,2217,1
2034,2242,0
11,2035,0
17,2035,0
29,2035,0
2035,45,1
2035,46,1
2035,47,1
2035,79,1
80,2035,0
81,2035,0
2035,83,1
98,2035,0
2035,100,1
213,2035,0
2035,214,1
242,2035,0
2035,268,1
2035,274,1
275,2035,0
2035,290,1
2035,307,1
341,2035,0
2035,345,1
2035,357,1
2035,361,1
391,2035,0
412,2035,0
433,2035,0
487,2035,0
508,2035,0
2035,520,1
2035,547,1
2035,563,1
586,2035,0
2035,603,1
2035,619,1
2035,625,1
2035,637,1
659,2035,0
2035,669,1
2035,690,1
706,2035,0
2035,707,1
2035,732,1
785,2035,0
808,2035,0
2035,809,1
843,2035,0
2035,860,1
2035,959,1
2035,987,1
2035,1037,1
2035,1066,1
2035,1077,1
1083,2035,0
2035,1112,1
1143,2035,0
1159,2035,0
1165,2035,0
2035,1176,1
2035,1205,1
2035,1215,1
1234,2035,0
1239,2035,0
1289,2035,0
2035,1311,1
2035,1352,1
2035,1369,1
1494,2035,0
2035,1501,1
2035,1626,1
2035,1629,1
1691,2035,0
2035,1695,1
2035,1702,1
1724,2035,0
1824,2035,0
2035,1827,1
1839,2035,0
1847,2035,0
2035,1893,1
1921,2035,0
2035,1925,1
2035,1930,1
2035,1949,1
2035,1955,1
2035,1965,1
2035,1992,1
1999,2035,0
2035,2044,1
2035,2142,1
2182,2035,0
2035,2209,1
2035,2238,1
2035,2263,1
2035,2323,1
2035,2385,1
2427,2035,0
2435,2035,0
2035,2453,1
2035,2458,1
2035,2464,1
2035,2465,1
2035,2468,1
2035,2469,1
2039,2226,0
2040,2311,0
2041,242,1
706,2041,0
2041,1234,1
2041,1279,1
63,2043,0
2043,902,1
2044,2348,0
269,2045,0
2045,512,1
2045,1389,1
116,2046,0
2046,348,1
2046,1205,1
2046,1656,1
2046,1760,1
1637,2048,0
136,2049,0
2049,171,1
2049,1427,1
2049,1868,1
2051,304,1
2051,382,1
1921,2051,0
169,2056,0
2056,1048,1
2056,1085,1
1453,2056,0
2056,1723,1
2056,1834,1
2056,2059,1
2056,2195,1
2057,809,1
2057,1769,1
2057,2107,0
2057,2264,0
305,2058,0
2058,412,1
2058,608,1
706,2058,0
2058,1705,1
2058,2222,1
2058,2225,1
2320,2058,0
2058,2330,1
2376,2058,0
2058,2384,1
2058,2389,1
2058,2393,1
2058,2401,1
2058,2409,1
2059,2474,0
2061,2332,0
2062,2070,0
1276,2066,0
852,2069,0
2070,852,1
2071,2387,0
2077,2146,0
665,2078,0
2078,939,1
2078,1182,1
2078,1356,1
2078,1835,1
2081,30,1
2081,57,1
2081,79,1
2081,226,1
2081,337,1
338,2081,0
580,2081,0
591,2081,0
2081,611,1
667,2081,0
953,2081,0
2081,1295,1
2081,1440,1
2081,1460,1
1474,2081,0
2081,1673,1
2081,1910,1
2431,2081,0
2081,2432,0
2081,2434,1
2082,939,1
2082,1182,1
1311,2082,0
1364,2082,0
2082,2177,0
20,2084,0
2084,337,1
1779,2084,0
2085,2411,0
2088,144,1
2088,628,1
2088,997,1
1764,2088,0
2010,2088,0
2089,102,1
2089,408,1
432,2089,0
624,2089,0
628,2089,0
634,2089,0
690,2089,0
864,2089,0
2089,900,1
2089,935,1
939,2089,0
2089,963,1
1072,2089,0
1094,2089,0
2089,1322,1
2089,1351,1
2089,1383,1
1416,2089,0
1441,2089,0
2089,1466,1
1488,2089,0
2089,1601,1
2089,1783,1
1836,2089,0
2089,1847,1
2089,1868,1
2089,1912,1
1921,2089,0
2089,2015,1
2089,2035,1
2089,2183,1
2089,2293,1
2089,2342,1
2089,2426,1
2089,2462,1
2090,2385,0
2091,2437,0
2094,169,1
584,2094,0
698,2094,0
706,2094,0
1176,2094,0
1440,2094,0
1723,2094,0
2094,2360,1
2096,1277,1
2426,2096,0
1272,2099,0
1650,2099,0
2099,1691,1
2099,2183,1
29,2101,0
2101,99,1
933,2101,0
2101,1308,1
2101,1329,1
2101,1404,1
1427,2101,0
1478,2101,0
2101,1913,1
1926,2101,0
2101,2197,0
2101,2206,1
2103,273,1
2103,1202,1
2103,1699,1
2103,1735,1
2103,2259,1
2106,1301,1
2106,2394,0
2114,359,1
2114,833,1
2114,1239,1
2114,1291,1
1415,2114,0
2120,190,1
584,2120,0
706,2120,0
725,2120,0
2120,1181,1
2120,1377,1
1672,2120,0
2120,1969,1
2052,2120,0
2202,2120,0
2120,2277,1
90,2122,0
369,2122,0
2122,399,1
408,2122,0
2122,476,1
2122,635,1
2122,718,1
2122,809,1
2122,819,1
2122,833,1
885,2122,0
889,2122,0
939,2122,0
2122,1028,1
1072,2122,0
1126,2122,0
2122,1269,1
1330,2122,0
1392,2122,0
2122,1397,1
1407,2122,0
1413,2122,0
2122,1450,1
1501,2122,0
2122,1532,1
1755,2122,0
2122,1821,1
2122,1892,1
2122,1974,1
2122,2011,1
2123,1261,1
1414,2123,0
2124,2332,0
2127,541,1
2127,955,1
2127,2228,1
2128,27,1
2128,59,1
2128,99,1
2128,229,1
2128,474,1
2128,503,1
2128,690,1
696,2128,0
2128,759,1
846,2128,0
915,2128,0
2128,1010,1
2128,1142,1
1146,2128,0
2128,1239,1
2128,1297,1
2128,1372,1
2128,1404,1
2128,1740,1
2128,1771,1
1779,2128,0
2128,1780,1
2128,1834,1
2128,1874,1
1916,2128,0
2128,2035,1
2127,2128,0
2128,2263,1
2129,2291,0
2134,77,1
2134,104,1
2134,563,1
2134,632,1
892,2134,0
2134,959,1
2134,1143,1
2134,1484,1
2134,1882,1
1907,2134,0
1958,2134,0
2134,2265,1
2134,2325,1
2134,2326,1
2134,2327,1
2134,2328,1
2134,2329,1
2135,80,1
1094,2135,0
2135,1834,1
2137,2290,0
2137,2370,0
2143,29,1
2143,188,1
2143,646,1
2143,700,1
2143,732,1
1196,2143,0
2143,1348,1
2143,1468,1
2143,1824,1
2143,2385,1
2145,660,1
2145,858,1
2145,859,1
2145,883,1
2145,1217,1
2145,1424,1
2145,1684,1
2157,2145,0
2145,2204,1
2145,2276,1
2311,2145,0
2145,2363,1
2145,2382,1
2145,2385,1
2145,2388,1
2145,2390,1
2146,1568,1
2147,1220,1
2147,2331,1
1,2149,0
5,2149,0
14,2149,0
15,2149,0
2149,26,1
2149,45,1
2149,51,1
2149,58,1
79,2149,0
2149,96,1
2149,100,1
2149,178,1
2149,188,1
204,2149,0
213,2149,0
2149,219,1
2149,222,1
2149,285,1
293,2149,0
2149,297,1
2149,300,1
307,2149,0
2149,309,1
2149,314,1
2149,344,1
345,2149,0
2149,357,1
368,2149,0
371,2149,0
2149,385,1
2149,405,1
406,2149,0
2149,412,1
2149,442,1
452,2149,0
464,2149,0
2149,496,1
2149,507,1
2149,520,1
2149,533,1
2149,546,1
2149,554,1
2149,563,1
568,2149,0
2149,575,1
2149,577,1
2149,601,1
2149,605,1
2149,609,1
2149,619,1
627,2149,0
2149,635,1
653,2149,0
2149,654,1
2149,670,1
672,2149,0
690,2149,0
2149,692,1
2149,727,1
2149,731,1
2149,772,1
2149,831,1
833,2149,0
870,2149,0
871,2149,0
2149,877,1
2149,889,1
2149,903,1
910,2149,0
2149,935,1
955,2149,0
998,2149,0
1001,2149,0
2149,1002,1
2149,1013,1
1026,2149,0
2149,1030,1
2149,1040,1
2149,1048,1
2149,1058,1
2149,1061,1
2149,1076,1
1077,2149,0
2149,1093,1
2149,1142,1
2149,1143,1
1152,2149,0
1161,2149,0
1166,2149,0
2149,1176,1
1187,2149,0
1189,2149,0
2149,1193,1
2149,1196,1
2149,1205,1
2149,1215,1
2149,1228,1
2149,1238,1
1249,2149,0
2149,1255,1
2149,1256,1
2149,1260,1
1266,2149,0
1270,2149,0
1316,2149,0
1321,2149,0
1328,2149,0
2149,1354,1
2149,1383,1
2149,1389,1
2149,1391,1
1398,2149,0
1404,2149,0
1405,2149,0
2149,1415,1
1425,2149,0
2149,1427,1
2149,1430,1
2149,1479,1
2149,1490,1
2149,1494,1
1497,2149,0
2149,1499,1
1524,2149,0
1528,2149,0
1537,2149,0
2149,1554,1
1555,2149,0
2149,1580,1
1601,2149,0
1603,2149,0
2149,1611,1
2149,1613,1
1662,2149,0
1691,2149,0
2149,1700,1
1712,2149,0
2149,1717,1
2149,1725,1
1732,2149,0
1752,2149,0
2149,1779,1
1791,2149,0
2149,1827,1
2149,1834,1
2149,1874,1
2149,1895,1
2149,1902,1
2149,1927,1
2149,1934,1
2149,1937,1
2149,1950,1
2149,1954,1
2149,1968,1
2149,1980,1
2149,1984,1
1985,2149,0
2149,2001,1
2037,2149,0
2149,2038,1
2044,2149,0
2149,2047,1
2149,2076,1
2149,2101,1
2149,2117,1
2124,2149,0
2149,2128,1
2149,2129,1
2136,2149,0
2149,2150,1
2161,2149,0
2149,2163,1
2149,2167,1
2149,2178,1
2149,2187,1
2149,2255,1
2149,2260,1
2149,2264,1
2149,2283,1
2286,2149,0
2299,2149,0
2307,2149,0
2149,2316,1
2149,2328,1
2329,2149,0
2345,2149,0
2149,2368,1
2149,2370,1
2149,2400,1
2149,2410,1
2149,2432,1
2149,2435,1
2439,2149,0
2149,2457,1
2149,2473,1
2150,2168,0
667,2151,0
2151,854,1
2151,1383,1
1415,2151,0
2151,1441,1
1601,2151,0
2151,1663,1
2151,1727,1
2152,690,1
2153,2183,0
2154,2384,0
2158,1599,1
2160,1761,1
2162,180,1
878,2162,0
2166,2207,0
78,2169,0
116,2169,0
2169,163,1
204,2169,0
2169,302,1
354,2169,0
393,2169,0
2169,408,1
411,2169,0
2169,478,1
611,2169,0
2169,624,1
634,2169,0
2169,635,1
2169,636,1
2169,717,1
2169,741,1
773,2169,0
2169,791,1
811,2169,0
2169,886,1
2169,930,1
2169,935,1
2169,1045,1
1046,2169,0
2169,1135,1
2169,1147,1
1153,2169,0
2169,1167,1
1176,2169,0
1215,2169,0
1303,2169,0
2169,1387,1
1410,2169,0
2169,1423,1
2169,1470,1
2169,1481,1
2169,1522,1
1535,2169,0
2169,1561,1
1594,2169,0
2169,1610,1
2169,1615,1
2169,1655,1
2169,1693,1
2169,1717,1
2169,1726,1
1764,2169,0
2169,1776,1
2169,1786,1
2169,1790,1
2169,1793,1
2169,1809,1
2169,1836,1
2169,1867,1
2169,1963,1
2169,1997,1
2076,2169,0
2169,2180,1
2169,2232,1
2169,2238,1
2169,2254,1
2169,2342,1
2169,2366,1
2378,2169,0
2169,2382,0
2170,2240,0
2171,2402,0
2175,2229,0
2177,635,1
2177,2244,0
10,2179,0
2179,78,1
2179,139,1
163,2179,0
213,2179,0
302,2179,0
2179,306,1
2179,411,1
2179,634,1
2179,636,1
2179,637,1
2179,717,1
2179,773,1
2179,791,1
2179,817,1
2179,935,1
1045,2179,0
1072,2179,0
2179,1153,1
2179,1176,1
2179,1215,1
1293,2179,0
2179,1307,1
1387,2179,0
2179,1423,1
1481,2179,0
2179,1488,1
2179,1522,1
2179,1561,1
1596,2179,0
1610,2179,0
2179,1615,1
1655,2179,0
2179,1776,1
1790,2179,0
2179,1793,1
1809,2179,0
1836,2179,0
2179,1997,1
2179,2180,1
2179,2254,1
2179,2304,1
2179,2342,1
2179,2402,1
2179,2447,1
2180,2438,0
2181,63,1
215,2181,0
2181,326,1
2181,461,1
2181,470,1
638,2181,0
2181,687,1
833,2181,0
2181,1215,1
2181,1298,1
1820,2181,0
2081,2181,0
2181,2141,1
399,2183,0
2183,457,1
2183,578,1
1129,2183,0
2183,1194,1
2183,1539,1
2183,1799,1
2183,1868,1
125,2184,0
2184,239,1
2184,490,1
2184,829,1
2183,2184,0
2185,2428,0
2188,2203,0
2190,1067,1
2190,2397,1
2190,2399,0
29,2199,0
2199,646,1
700,2199,0
732,2199,0
2199,959,1
2199,1196,1
2199,1221,1
2199,1468,1
2199,1664,1
2199,1824,1
1847,2199,0
2385,2199,0
2200,2257,0
2201,2035,1
2203,2254,0
2208,1,1
387,2208,0
2208,1927,1
2210,2212,0
2211,1585,1
2212,939,1
2216,2427,0
130,2221,0
2221,304,1
452,2221,0
521,2221,0
2221,554,1
755,2221,0
2221,1201,1
2221,1264,1
2221,2030,1
2221,2238,1
2223,2283,0
115,2227,0
2228,654,1
911,2228,0
2228,1425,1
2228,1427,1
833,2229,0
2229,2183,1
2231,2289,0
2234,1834,1
2235,193,1
2235,1613,1
2235,2237,0
2406,2235,0
2237,51,1
2237,63,1
2237,99,1
419,2237,0
512,2237,0
2237,874,1
2237,889,1
1058,2237,0
1555,2237,0
1705,2237,0
2237,1775,1
2149,2237,0
2368,2237,0
2240,635,1
684,2240,0
1215,2240,0
2240,1926,1
2240,1981,1
2240,2062,1
2240,2139,1
2183,2240,0
2240,2285,1
269,2242,0
2242,1311,1
2246,190,1
584,2246,0
706,2246,0
725,2246,0
2246,1181,1
1377,2246,0
2246,1672,1
2246,1702,1
1969,2246,0
2052,2246,0
2246,2202,1
2246,2277,1
2247,2446,1
2247,2450,0
2250,654,1
911,2250,0
1425,2250,0
1427,2250,0
2251,837,1
2256,2327,0
2269,2349,0
2271,1405,1
2271,2236,1
2275,63,1
2275,215,1
2275,326,1
470,2275,0
2275,635,1
687,2275,0
2275,690,1
833,2275,0
1215,2275,0
2275,1298,1
2275,1820,1
2275,2081,1
2275,2287,0
635,2277,0
939,2277,0
2277,1215,1
755,2282,0
2284,512,1
2284,1094,1
1311,2284,0
2284,1781,1
1865,2284,0
2284,1994,1
2284,2019,1
2066,2284,0
2383,2284,0
2285,2337,0
2293,2401,0
1868,2295,0
2295,2134,1
2297,198,1
2300,188,1
1348,2300,0
15,2304,0
2304,56,1
2304,363,1
2304,699,1
2304,1040,1
2304,1717,1
2308,2437,0
2312,90,1
2312,369,1
2312,408,1
2312,476,1
635,2312,0
2312,654,1
2312,781,1
833,2312,0
2312,885,1
2312,935,1
939,2312,0
2312,972,1
1028,2312,0
2312,1042,1
1072,2312,0
1126,2312,0
2312,1263,1
2312,1269,1
2312,1330,1
2312,1392,1
1397,2312,0
2312,1425,1
2312,1488,1
2312,1501,1
2312,1532,1
2312,1541,1
2312,1755,1
2312,1767,1
2312,1821,1
2312,1864,1
1892,2312,0
1974,2312,0
2312,1989,1
2312,2011,1
2313,1490,1
1590,2314,0
2315,78,1
2315,116,1
2315,139,1
2315,182,1
2315,354,1
2315,411,1
624,2315,0
2315,634,1
2315,637,1
717,2315,0
2315,741,1
2315,773,1
817,2315,0
2315,886,1
930,2315,0
2315,935,1
2315,1045,1
1046,2315,0
2315,1135,1
2315,1189,1
2315,1303,1
2315,1387,1
1423,2315,0
1470,2315,0
2315,1481,1
2315,1522,1
2315,1535,1
1693,2315,0
1754,2315,0
1764,2315,0
1793,2315,0
2315,1836,1
2315,1867,1
2315,1997,1
2065,2315,0
2315,2232,1
2238,2315,0
2254,2315,0
2315,2301,1
2315,2366,1
95,2321,0
190,2321,0
725,2321,0
1181,2321,0
1316,2321,0
2321,1377,1
2321,1672,1
1702,2321,0
2202,2321,0
1663,2322,0
1871,2322,0
68,2324,0
2330,939,1
2331,338,1
591,2331,0
2331,694,1
2331,758,1
2331,829,1
953,2331,0
2331,1204,1
2331,1309,1
2331,1508,1
1649,2331,0
2331,1698,1
2331,1733,1
2331,2050,1
2331,2081,1
2331,2388,0
2403,2331,0
2413,2331,0
2332,939,1
2334,939,1
2339,47,1
120,2339,0
157,2339,0
414,2339,0
691,2339,0
1085,2339,0
1215,2339,0
2339,1622,1
1666,2339,0
2339,1763,1
2345,2423,0
939,2347,0
2349,2468,0
2350,2081,1
2350,2426,0
2355,102,1
2355,427,1
2355,635,1
690,2355,0
2355,737,1
2355,864,1
900,2355,0
2355,963,1
2355,1094,1
2355,1351,1
2355,1415,1
1416,2355,0
2355,1466,1
2355,1601,1
2355,1724,1
2355,1868,1
1921,2355,0
2355,1965,1
2355,2015,1
2053,2355,0
2355,2293,1
2426,2355,0
2358,126,1
2358,172,1
2358,299,1
2358,657,1
939,2358,0
1016,2358,0
2358,1141,1
1292,2358,0
2358,1448,1
2358,1545,1
2358,1595,1
2358,1839,1
2358,1931,1
2358,2145,1
2157,2358,0
2358,2192,1
2358,2257,1
2358,2311,1
2362,997,1
2367,1355,1
2372,646,1
2372,733,1
926,2372,0
2372,1085,1
1239,2372,0
2372,1321,1
1664,2372,0
2372,2331,1
2374,79,1
430,2374,0
1988,2374,0
2374,2433,0
2385,32,1
328,2385,0
2387,81,1
158,2387,0
2387,328,1
2387,418,1
2387,742,1
2387,823,1
2387,1049,1
2387,1450,1
1461,2387,0
2387,1476,1
2387,1868,1
1880,2387,0
2387,2003,1
2077,2387,0
2387,2242,1
2387,2348,1
2387,2396,0
2387,2474,1
2389,939,1
2414,939,1
2418,328,1
1847,2421,0
2422,59,1
2422,440,1
2422,542,1
2422,603,1
2422,811,1
2422,829,1
2422,1118,1
1297,2422,0
2422,1415,1
2422,1640,1
2422,1895,1
2422,2125,1
2422,2266,1
2286,2422,0
2422,2450,0
2425,344,1
2425,356,1
836,2425,0
2425,933,1
1142,2425,0
2425,1311,1
1684,2425,0
1871,2425,0
2425,2071,1
2429,108,1
2430,1459,1
2335,2430,0
2433,724,1
2437,307,1
635,2437,0
2437,654,1
2437,690,1
2168,2437,0
2243,2437,0
2438,1702,1
105,2442,0
2448,1650,1
1327,2449,0
2449,1834,1
659,2450,0
2450,1458,1
2451,413,1
2459,1843,1
2460,304,1
2460,1215,1
2461,1847,1
2463,293,1
2463,1085,1
2463,1280,1
901,2467,0
1436,2467,0
1673,2471,0
