0,2067,0
1,2022,0
2,64,1
2,654,1
2,720,1
2,781,1
2,806,0
2,833,1
2,1026,1
1587,2,0
2,1950,1
2,2055,1
2,2095,1
2222,2,0
2,2244,1
2,2291,1
2310,2,0
2,2317,1
2,2319,1
2,2320,1
2,2376,1
2,2384,1
2,2393,1
2,2401,1
2409,2,0
2,2428,1
3,7,0
3,228,0
3,662,0
4,586,0
4,1044,0
5,1387,0
6,264,0
7,544,0
8,628,0
8,1164,0
8,2093,0
8,2149,0
9,2070,0
10,2395,0
11,1254,0
2425,12,0
13,29,1
13,203,1
221,13,0
250,13,0
13,251,1
305,13,0
13,339,1
13,341,1
386,13,0
408,13,0
13,426,1
13,448,1
13,452,1
13,459,1
13,563,1
13,599,1
13,628,1
13,634,1
13,654,1
13,656,1
661,13,0
13,664,1
13,690,1
13,706,1
800,13,0
13,819,1
13,857,1
13,935,1
13,939,1
951,13,0
13,1048,1
13,1072,1
13,1143,1
1265,13,0
13,1271,0
1307,13,0
13,1318,1
13,1322,1
13,1425,1
13,1458,1
13,1488,1
13,1489,1
13,1510,1
1529,13,0
13,1530,1
1576,13,0
13,1602,1
13,1612,1
13,1712,1
13,1836,1
13,1868,0
1879,13,0
13,1921,1
13,1925,1
13,1938,1
13,1964,1
13,1993,1
2183,13,0
2203,13,0
13,2342,1
13,2425,1
13,2462,1
14,882,0
14,2191,0
14,2214,0
15,2310,0
16,643,0
16,725,0
19,305,0
19,347,0
19,599,0
19,1265,0
19,1755,0
19,2228,0
20,1424,0
20,1449,0
20,1564,0
21,197,0
21,1399,0
22,621,0
22,2451,0
23,2102,0
24,417,0
24,945,0
24,1976,0
24,2115,0
25,977,0
25,1532,0
25,1535,0
26,1088,0
27,1794,0
28,285,0
28,516,0
28,2305,0
29,2263,0
554,30,0
30,571,1
30,640,1
30,813,1
881,30,0
30,1246,1
30,1277,1
1696,30,0
30,1996,1
30,2426,1
31,63,1
31,215,1
31,326,1
470,31,0
31,479,0
31,635,1
638,31,0
31,687,1
31,833,1
31,1215,1
1298,31,0
31,1820,1
31,2081,1
31,2153,0
32,921,0
33,51,0
33,289,0
33,599,0
34,173,0
414,34,0
34,512,1
653,34,0
34,747,0
34,1203,0
34,1946,0
1994,34,0
34,2204,0
35,1909,0
583,36,0
629,36,0
36,1398,0
2076,36,0
36,2139,0
36,2299,0
37,97,0
37,402,0
37,1592,0
37,1786,0
37,1969,0
39,939,1
39,1103,1
39,1512,0
40,1178,0
42,234,1
42,1361,1
42,1678,0
42,2447,1
43,402,0
43,2024,0
43,2124,0
44,469,0
44,2317,0
45,1568,0
45,1869,0
46,1162,0
47,59,1
105,47,0
124,47,0
47,142,1
168,47,0
47,301,0
47,313,1
47,340,1
47,359,1
47,394,1
47,620,1
690,47,0
47,743,1
47,781,1
47,814,1
47,899,1
939,47,0
47,1145,1
1150,47,0
47,1182,1
47,1185,1
47,1239,1
1404,47,0
47,1450,1
1459,47,0
1585,47,0
1664,47,0
1682,47,0
1831,47,0
47,1881,1
1992,47,0
47,2014,1
47,2145,1
47,2245,1
2276,47,0
47,2335,0
47,2358,1
48,1008,0
50,16,1
46,50,0
50,75,1
50,209,1
50,212,1
50,251,1
50,311,0
50,619,1
690,50,0
50,815,1
50,950,1
50,1001,0
50,1081,1
1381,50,0
1525,50,0
1674,50,0
50,1743,0
50,1793,1
1863,50,0
50,1905,1
50,1955,1
50,2166,1
50,2426,1
52,2421,0
53,635,1
53,1705,0
53,2022,0
53,2211,0
54,1196,1
55,461,0
55,1524,0
56,595,0
56,996,0
56,1537,0
56,2060,0
57,273,1
59,1348,0
60,88,1
60,195,1
215,60,0
60,269,1
60,304,1
60,326,1
60,433,1
60,519,1
656,60,0
60,709,1
60,1360,0
60,1591,1
1771,60,0
60,2051,0
61,895,0
61,1425,0
62,662,0
63,81,1
63,99,1
152,63,0
63,412,1
63,429,1
585,63,0
63,621,1
63,659,1
63,891,1
63,1062,0
63,1282,0
1514,63,0
1683,63,0
63,2331,1
64,478,0
67,2257,0
68,8,1
68,146,1
236,68,0
68,392,1
68,412,1
429,68,0
560,68,0
68,635,1
663,68,0
68,725,1
1167,68,0
68,1215,1
68,1326,1
1375,68,0
68,1483,1
68,1505,1
1568,68,0
1620,68,0
68,1628,1
68,1688,1
68,1741,1
68,1803,1
68,1990,1
2087,68,0
2093,68,0
68,2146,0
68,2240,1
68,2357,1
69,1420,0
71,356,0
71,2357,0
72,458,0
72,613,0
72,916,0
72,1280,1
72,2271,0
73,173,0
73,755,0
73,978,0
73,1677,0
73,2237,0
74,503,0
74,1162,0
74,1499,0
75,1971,0
76,160,1
76,586,1
76,864,1
76,1473,0
76,1870,0
76,1882,1
77,164,0
77,1329,0
78,204,1
78,342,0
78,635,1
78,879,0
1128,78,0
78,1176,1
1215,78,0
78,1582,1
78,1717,1
78,1940,1
79,816,0
79,1499,0
80,170,0
81,526,0
82,837,0
1991,82,0
84,1149,0
84,1792,1
85,1492,0
85,2177,0
85,2242,1
86,563,1
86,894,0
86,1141,0
87,2322,0
87,2459,0
89,329,1
89,372,0
89,946,0
985,89,0
89,1388,1
89,1425,1
89,1524,0
89,2144,1
89,2308,0
90,958,0
91,574,0
91,1782,0
92,386,0
93,1353,0
93,1715,0
93,2442,0
96,1861,0
97,291,0
99,1502,0
100,362,0
100,512,0
101,348,0
102,336,0
103,736,0
103,2223,0
2240,103,0
104,1250,0
104,1529,0
105,270,0
105,1618,0
106,152,0
107,585,0
108,8,1
108,105,1
108,181,1
108,208,0
108,340,1
481,108,0
877,108,0
108,1234,1
108,1406,1
1427,108,0
108,1478,0
108,1622,1
1697,108,0
108,1933,1
109,1423,0
109,2260,0
110,680,0
110,1967,0
725,111,0
111,1274,1
111,1641,0
112,140,0
112,1055,0
112,1904,0
113,1653,0
114,2331,0
47,116,0
116,397,0
625,116,0
116,1018,0
1147,116,0
1344,116,0
116,2115,1
117,321,0
117,531,0
117,1654,0
29,118,0
118,529,1
118,646,1
700,118,0
118,732,1
118,780,1
118,959,1
118,1196,1
1468,118,0
118,1573,1
118,1824,1
118,1828,1
1830,118,0
1847,118,0
118,2198,1
118,2385,1
118,2412,1
119,1138,0
119,1908,0
120,1103,0
120,2149,1
121,399,1
121,446,0
121,1841,0
1939,121,0
121,2382,0
122,1704,0
123,2446,0
124,684,0
124,1429,0
124,1614,1
124,2029,0
125,386,0
128,960,0
128,1467,0
129,1611,0
1171,130,0
130,1298,0
130,1548,0
130,1912,0
130,1983,1
130,2058,1
130,2399,0
131,2461,0
132,933,1
132,1152,0
132,2213,1
134,1534,0
134,1693,0
135,1691,1
1926,135,0
135,2119,0
136,212,0
137,102,1
137,408,1
137,427,1
137,432,1
137,624,1
137,634,1
137,635,1
737,137,0
137,786,0
137,900,1
963,137,0
1072,137,0
137,1094,1
137,1351,1
137,1383,1
1415,137,0
1416,137,0
1441,137,0
137,1466,1
137,1601,1
137,1724,1
137,1783,1
137,1836,1
137,1868,1
1912,137,0
1921,137,0
137,1965,1
2015,137,0
2035,137,0
137,2053,1
2183,137,0
137,2293,1
2342,137,0
137,2426,1
137,2459,0
2462,137,0
138,1347,0
138,2063,0
138,2243,0
139,1848,0
140,181,1
140,273,1
340,140,0
140,777,1
140,939,1
1047,140,0
140,1062,1
1285,140,0
140,1544,0
140,1761,1
141,729,0
142,1927,0
142,2287,0
143,1173,0
145,216,0
145,422,0
145,2233,0
146,1151,0
146,1628,0
1170,147,0
147,2023,0
148,221,0
148,1915,0
149,33,1
79,149,0
690,149,0
149,939,1
150,997,1
150,1946,0
150,2106,0
151,64,1
151,1201,0
151,1301,0
2222,151,0
151,2244,1
151,2317,1
151,2319,1
2320,151,0
151,2376,1
151,2384,1
151,2393,1
151,2401,1
152,2368,0
153,659,1
153,695,1
153,943,0
153,947,0
1132,153,0
153,1200,1
153,1445,0
153,2436,1
154,939,1
1607,154,0
155,1862,0
156,336,0
156,700,1
1824,156,0
156,1936,0
157,361,0
157,890,0
157,1312,0
158,1336,0
158,1597,0
159,509,1
159,1897,0
160,843,0
160,1368,0
160,1531,0
161,709,0
161,1152,0
161,1187,0
161,1896,0
162,706,1
162,1405,0
162,1748,0
162,1838,1
163,2191,0
66,164,0
80,164,0
164,123,1
164,158,1
164,281,0
164,293,1
164,397,1
164,435,1
164,554,1
680,164,0
164,740,0
164,769,1
164,802,1
164,891,1
929,164,0
1126,164,0
164,1142,1
1183,164,0
164,1234,1
1316,164,0
164,1391,1
164,1945,1
164,2019,1
2091,164,0
165,1593,0
166,64,1
166,265,0
654,166,0
166,753,0
166,833,1
166,852,0
1026,166,0
166,1726,0
166,2055,1
166,2222,1
166,2244,1
2310,166,0
166,2317,1
166,2320,1
2376,166,0
166,2384,1
166,2401,1
166,2409,1
167,751,0
167,1631,0
320,169,0
169,377,1
413,169,0
169,449,1
169,457,1
603,169,0
169,707,1
169,718,1
779,169,0
840,169,0
169,850,1
870,169,0
908,169,0
169,1024,1
1114,169,0
169,1184,0
169,1209,1
169,1297,1
1463,169,0
169,1580,1
169,1591,1
1612,169,0
1636,169,0
169,1646,1
169,1723,1
169,1845,1
169,1857,1
169,1868,1
169,1874,1
1999,169,0
169,2059,1
169,2093,1
169,2172,1
169,2179,0
169,2381,1
170,293,1
170,737,0
170,1921,1
171,293,0
172,487,0
172,1159,1
173,29,1
91,173,0
173,412,1
173,434,1
173,745,0
173,939,1
1315,173,0
173,1354,1
173,1629,1
173,1700,1
173,2213,1
173,2338,1
2371,173,0
174,1536,0
47,175,0
175,349,0
175,1533,0
175,1701,0
176,946,0
176,2254,0
177,307,0
177,1875,0
178,150,1
178,181,1
178,213,1
178,273,1
690,178,0
178,766,0
777,178,0
178,827,1
943,178,0
1205,178,0
1234,178,0
178,1427,1
178,1566,1
178,1626,1
178,2029,1
178,2035,1
2128,178,0
178,2362,1
181,564,1
181,659,0
181,1364,0
181,1759,1
181,1761,1
181,1795,1
181,2035,1
181,2086,1
182,1766,0
182,2263,0
430,183,0
183,459,0
183,580,0
183,1015,0
183,1586,0
184,192,1
269,184,0
184,918,0
184,2186,0
199,185,0
185,725,1
185,943,1
1414,185,0
1568,185,0
185,1600,0
185,1691,1
185,1773,1
1810,185,0
185,1933,1
185,2035,1
2145,185,0
466,186,0
186,467,1
468,186,0
186,542,0
186,619,1
186,646,1
186,700,1
186,784,0
186,1205,1
186,1404,1
186,1592,0
186,2051,0
186,2261,0
188,673,1
188,674,1
188,982,1
994,188,0
188,1121,1
188,1258,1
188,1387,0
188,1522,0
188,1760,0
188,1843,0
188,2186,1
189,1320,0
189,1848,0
190,370,0
190,637,0
191,278,0
191,316,0
191,594,0
191,1107,0
192,889,0
192,1628,0
193,2070,0
193,2381,0
194,1221,0
195,1212,0
195,1963,0
196,475,0
196,2337,0
197,812,0
197,816,0
197,2283,0
198,99,1
194,198,0
198,304,1
198,519,1
198,546,1
198,797,1
198,845,1
198,911,1
198,939,1
198,1979,1
198,2098,1
2331,198,0
199,1098,0
199,2237,0
200,479,1
200,1684,0
200,2011,0
200,2265,0
202,300,1
202,605,1
202,1086,1
202,1239,1
202,1415,1
1503,202,0
202,2056,0
2075,202,0
202,2224,1
2308,202,0
202,2309,1
202,2324,1
203,213,0
80,204,0
204,234,1
204,364,1
204,553,1
204,636,1
921,204,0
204,935,1
204,1040,1
204,1071,1
1387,204,0
204,1837,1
204,1852,1
204,1858,0
204,1913,1
204,2051,0
204,2161,1
204,2470,1
205,213,1
205,214,1
205,242,1
205,268,1
205,274,1
205,342,1
205,361,1
205,660,1
205,668,0
205,673,1
205,674,1
205,706,1
707,205,0
205,783,1
814,205,0
878,205,0
205,908,1
205,1147,1
205,1176,1
1205,205,0
205,1229,1
205,1258,1
1259,205,0
205,1567,1
1585,205,0
1661,205,0
205,1664,1
1695,205,0
205,1838,1
205,1941,1
205,2057,1
205,2363,0
206,402,0
207,371,0
207,2428,0
208,594,0
209,646,0
210,1185,0
210,1644,0
210,1970,0
211,304,1
211,449,0
211,659,1
758,211,0
211,939,1
211,1251,0
211,1394,0
213,2358,0
214,274,1
214,361,1
214,584,1
214,660,1
706,214,0
707,214,0
1299,214,0
214,1545,0
214,2104,1
214,2115,1
214,2174,1
215,6,1
99,215,0
215,141,1
215,215,1
215,225,1
294,215,0
419,215,0
215,473,1
215,475,0
215,494,0
555,215,0
215,569,1
596,215,0
215,652,1
215,677,1
215,724,1
752,215,0
215,789,1
804,215,0
877,215,0
947,215,0
215,953,1
215,969,1
215,1092,0
1136,215,0
215,1145,1
215,1155,1
215,1188,1
215,1366,1
215,1502,1
215,1512,1
215,1518,1
215,1563,1
215,1620,1
215,1685,1
215,1691,0
1855,215,0
215,2109,1
215,2140,1
215,2159,1
215,2197,1
2344,215,0
2368,215,0
215,2444,0
216,95,1
216,190,1
216,428,0
216,611,0
216,725,1
1181,216,0
216,1377,1
216,1672,1
216,1702,1
216,1789,0
1969,216,0
2052,216,0
216,2202,1
2215,216,0
216,2277,1
63,217,0
215,217,0
217,326,1
217,638,1
687,217,0
217,833,1
217,1215,1
217,1820,1
217,2081,1
217,2455,0
218,1131,1
218,1404,1
219,670,0
219,1367,0
219,1716,0
220,1234,0
221,1895,0
221,2034,0
221,2280,0
221,2466,0
223,824,0
223,1298,0
224,542,0
224,2372,0
226,470,0
226,1234,0
227,11,1
29,227,0
47,227,0
457,227,0
227,823,1
227,1066,1
227,1352,1
1925,227,0
1999,227,0
2115,227,0
2239,227,0
2435,227,0
229,1311,1
229,1878,0
229,2448,0
230,1251,0
233,742,0
233,771,0
234,938,0
234,1051,0
234,2024,0
237,1197,0
238,1743,0
238,1811,0
239,239,1
239,1672,0
239,1980,0
240,992,0
240,1512,0
240,1568,1
240,1807,0
241,17,1
241,29,1
74,241,0
241,79,1
241,81,1
241,127,1
241,213,1
241,235,1
241,277,1
328,241,0
399,241,0
422,241,0
241,439,1
241,455,1
241,508,1
546,241,0
241,625,1
241,635,1
241,638,1
785,241,0
241,822,1
993,241,0
241,1012,0
1066,241,0
241,1068,1
241,1147,1
1148,241,0
241,1196,1
241,1216,1
1250,241,0
241,1409,0
241,1635,1
241,1684,1
1695,241,0
1801,241,0
241,1908,0
241,1913,1
1925,241,0
241,1947,1
241,1978,1
241,1990,1
241,2080,1
2209,241,0
2256,241,0
241,2380,1
243,842,0
243,1163,0
244,773,0
244,1001,0
244,1334,0
245,2045,0
247,316,0
1142,247,0
247,1834,1
247,1959,1
2144,247,0
247,2148,0
248,779,0
248,1979,0
249,526,0
249,537,0
249,1316,0
250,238,1
250,619,1
250,758,1
250,959,0
250,1142,1
250,1395,0
252,304,1
252,478,0
252,828,0
252,939,1
252,1182,1
252,1955,0
519,253,0
939,253,0
253,1315,1
253,1382,0
1691,253,0
254,1972,1
254,2350,0
255,564,0
255,1647,0
255,1808,0
255,2015,0
256,1159,1
256,2217,0
257,259,0
257,1230,0
257,1262,0
257,2030,0
258,1789,0
259,1382,0
259,1456,0
260,275,0
260,1300,0
261,924,0
261,1223,0
261,1681,0
1772,261,0
262,319,0
262,1771,0
262,2206,0
263,282,0
263,504,0
263,1327,1
216,264,0
264,1010,0
264,1138,1
264,1380,0
264,1820,0
2321,264,0
265,413,0
265,1181,0
266,47,1
266,302,0
266,709,0
266,1215,1
266,1389,1
2284,266,0
266,2340,0
267,537,0
267,662,0
267,2406,0
268,310,0
269,1165,0
269,1584,0
270,280,0
271,63,1
271,326,1
271,388,0
470,271,0
271,635,1
271,638,1
271,669,1
271,687,1
833,271,0
1215,271,0
271,1230,1
271,1820,1
1999,271,0
271,2035,1
2081,271,0
271,2183,1
271,2398,0
273,638,0
273,907,0
918,273,0
273,997,1
273,1554,0
273,1759,1
2035,273,0
273,2216,0
273,2342,1
274,630,0
274,753,1
274,754,1
274,1600,0
275,116,1
200,275,0
275,213,1
275,340,1
275,430,1
855,275,0
275,864,1
947,275,0
275,1205,1
275,1210,0
1239,275,0
1316,275,0
275,1620,1
275,1789,1
275,1921,1
276,1113,0
276,1947,0
277,1439,0
278,2074,1
278,2203,0
279,2320,0
280,250,1
280,1710,0
280,2007,0
281,1141,0
281,2355,0
283,1543,0
283,1662,0
283,1740,0
284,22,1
284,222,1
284,289,1
284,364,0
284,365,1
284,423,1
497,284,0
284,670,1
284,1082,1
284,1271,1
1399,284,0
1570,284,0
284,1689,1
284,1771,0
2017,284,0
284,2064,1
284,2079,1
2117,284,0
284,2392,1
284,2434,1
285,1387,0
286,2258,0
287,364,0
287,453,0
287,1348,0
288,21,1
288,275,1
347,288,0
288,595,1
288,597,1
288,604,1
648,288,0
288,814,1
288,939,1
288,979,1
288,1009,1
288,1048,1
1073,288,0
288,1074,1
288,1215,1
288,1419,1
288,1641,1
288,1794,1
288,1902,1
288,1903,1
1904,288,0
288,1906,1
1908,288,0
288,1909,1
1975,288,0
288,2060,0
288,2170,1
288,2171,1
288,2176,1
2178,288,0
288,2185,1
2248,288,0
2252,288,0
2336,288,0
288,2337,1
290,454,0
290,923,0
290,2280,0
291,2205,1
291,2346,1
292,886,0
292,1615,0
294,1352,0
298,216,1
298,727,0
1138,298,0
298,1435,1
1691,298,0
298,2124,0
298,2321,1
299,662,0
299,2294,0
300,403,0
300,837,0
301,388,0
301,390,0
301,645,0
302,478,0
302,1745,0
303,2285,0
304,1890,0
304,1917,0
305,914,0
305,1598,0
305,2098,0
307,572,0
700,308,0
308,1005,0
309,1005,0
309,1679,0
309,2053,0
340,310,0
310,617,1
310,907,0
310,1345,1
310,1349,1
310,2186,0
2386,310,0
311,679,0
312,507,0
312,1304,0
313,1841,0
314,2373,0
316,574,0
317,2147,0
319,1229,0
321,506,0
321,799,0
321,1427,1
1993,321,0
321,2444,1
322,632,0
322,1589,0
323,962,0
324,720,0
324,1031,0
324,1182,1
324,1992,1
324,2250,0
324,2329,0
325,1812,0
325,2032,0
325,2224,0
325,2407,0
327,2096,0
328,1519,0
329,1655,0
939,330,0
330,1097,0
330,1182,1
1528,330,0
330,1742,1
330,1866,0
331,563,0
332,627,0
332,1843,0
332,2158,0
334,1517,0
334,1916,0
335,1292,0
336,1792,0
336,1927,0
336,2376,0
337,1088,0
338,601,0
338,977,0
338,1384,0
338,1466,0
21,340,0
197,340,0
260,340,0
347,340,0
340,484,1
505,340,0
340,561,1
340,563,1
340,595,1
340,597,1
604,340,0
648,340,0
340,654,1
340,669,1
340,690,1
730,340,0
340,740,1
814,340,0
939,340,0
340,979,1
340,996,1
340,1005,1
340,1009,1
340,1065,1
340,1074,1
340,1077,1
340,1239,1
1293,340,0
340,1300,1
1311,340,0
1315,340,0
1395,340,0
340,1416,1
340,1419,1
340,1575,1
340,1585,1
1641,340,0
340,1691,1
340,1743,1
1768,340,0
340,1794,1
340,1802,1
340,1834,1
340,1869,0
340,1891,1
1899,340,0
1903,340,0
340,1904,1
340,1905,1
340,1906,1
340,1908,1
340,1909,1
1921,340,0
340,1975,1
2035,340,0
2074,340,0
340,2102,1
2171,340,0
2176,340,0
340,2178,1
2185,340,0
340,2190,1
2226,340,0
340,2239,1
2248,340,0
340,2252,1
340,2258,1
2336,340,0
340,2419,1
340,2454,1
341,2431,0
342,360,0
342,1199,0
343,169,1
449,343,0
2172,343,0
344,815,0
344,1485,0
344,1758,0
344,2015,0
344,2346,0
344,2457,0
346,395,0
346,2170,0
347,953,0
348,2087,0
348,2244,0
349,909,0
350,1039,0
350,2080,0
350,2284,0
351,1438,0
351,1853,0
351,2172,0
352,688,1
352,2283,0
353,576,0
353,2158,0
354,1859,0
355,2019,0
356,976,0
356,981,0
356,1802,0
357,535,1
357,588,0
625,357,0
357,792,0
809,357,0
357,819,1
357,855,1
357,875,1
357,1389,1
1577,357,0
357,1589,1
357,1729,0
357,1868,1
357,2137,1
2302,357,0
357,2458,1
358,908,0
358,1520,0
358,1635,0
359,0,1
8,359,0
359,30,1
359,328,1
399,359,0
412,359,0
359,483,1
359,488,0
359,565,1
359,826,1
359,847,1
359,862,0
877,359,0
925,359,0
1017,359,0
359,1163,1
359,1172,0
359,1184,1
359,1215,1
1311,359,0
359,1351,1
359,1435,1
359,1451,1
1517,359,0
1519,359,0
359,1548,1
359,1562,1
359,1705,1
1729,359,0
359,1868,1
359,1933,0
359,2051,1
359,2074,1
359,2134,1
2233,359,0
359,2360,1
361,753,1
362,304,1
362,718,1
362,833,1
362,1219,1
1921,362,0
362,2035,1
362,2111,0
2119,362,0
363,1208,0
364,434,0
364,1279,0
364,2312,0
365,1232,0
366,307,1
366,601,1
366,1328,1
366,1691,1
367,1887,0
367,2100,0
368,402,0
368,640,0
368,648,0
369,1411,0
369,2466,0
371,1545,0
371,1618,0
372,81,1
372,1069,0
372,2462,0
373,499,0
373,1674,0
374,1413,0
374,1895,0
375,2142,0
377,29,1
45,377,0
213,377,0
377,307,1
377,323,1
377,412,1
429,377,0
529,377,0
377,635,1
377,646,1
377,690,1
700,377,0
377,732,1
780,377,0
870,377,0
907,377,0
377,959,1
377,989,1
377,1176,1
1196,377,0
377,1349,0
377,1466,1
377,1468,1
377,1573,1
377,1724,1
377,1828,1
1830,377,0
377,1847,1
1868,377,0
377,1921,1
377,2035,1
377,2198,1
2385,377,0
2412,377,0
378,2025,0
378,2222,0
379,763,0
379,1190,0
379,1668,1
381,1618,0
381,1739,1
381,1850,1
2183,381,0
381,2316,1
381,2440,1
383,853,0
383,891,0
383,2200,0
105,384,0
384,322,1
384,340,1
384,878,1
384,937,0
384,1417,0
384,2422,1
385,944,0
386,1593,0
387,562,0
387,795,0
387,914,0
388,556,0
388,676,0
388,894,0
388,976,0
388,1275,0
389,593,0
389,1050,0
389,1197,0
389,1761,0
389,2117,0
390,99,1
390,512,1
391,2473,0
392,922,0
392,2220,0
393,703,0
29,394,0
394,50,1
394,122,1
134,394,0
203,394,0
394,213,1
394,221,1
394,251,1
394,253,1
394,299,1
339,394,0
394,341,1
394,386,1
408,394,0
394,412,1
448,394,0
394,452,1
459,394,0
512,394,0
394,563,1
394,577,1
394,599,1
394,628,1
394,634,1
394,656,1
394,660,1
661,394,0
394,700,1
800,394,0
394,935,1
394,939,1
394,1058,1
394,1064,1
394,1072,1
1081,394,0
394,1088,1
394,1094,1
394,1143,1
394,1215,1
394,1307,1
394,1322,1
394,1405,1
1488,394,0
394,1529,1
394,1530,1
394,1576,1
394,1602,1
394,1626,1
394,1723,1
394,1756,1
394,1836,1
394,1921,1
394,1925,1
394,1993,1
2044,394,0
394,2128,1
394,2176,1
2183,394,0
394,2203,1
2342,394,0
394,2462,1
2447,395,0
396,635,1
396,687,1
396,833,1
396,1192,1
1678,396,0
1745,396,0
396,1829,1
396,1849,0
396,1866,0
396,1913,1
396,2193,1
396,2287,1
398,716,0
398,892,0
398,1601,0
399,29,1
399,55,1
399,79,1
399,92,1
399,99,1
399,171,1
174,399,0
203,399,0
221,399,0
399,268,1
399,339,1
399,341,1
399,346,1
399,391,1
399,406,1
426,399,0
399,448,1
399,452,1
399,459,1
399,496,1
520,399,0
554,399,0
399,563,1
399,577,1
399,599,1
399,654,1
399,656,1
399,661,1
399,664,1
399,681,1
399,690,1
399,692,1
696,399,0
399,792,1
399,843,1
399,844,1
857,399,0
891,399,0
903,399,0
399,939,1
399,981,1
399,1043,1
1055,399,0
399,1101,1
399,1143,1
1169,399,0
399,1193,1
399,1259,1
399,1382,1
1433,399,0
399,1458,1
1466,399,0
399,1493,1
399,1519,1
399,1529,1
1530,399,0
1557,399,0
1576,399,0
399,1591,1
399,1602,1
1641,399,0
399,1661,1
1664,399,0
399,1691,1
399,1706,1
1712,399,0
399,1724,1
399,1834,1
1879,399,0
399,1901,1
1928,399,0
1965,399,0
399,1984,1
2011,399,0
399,2083,1
399,2140,1
399,2203,1
399,2329,1
399,2379,1
399,2400,1
400,686,0
400,1024,0
400,1136,0
401,1458,0
402,1474,0
402,2280,0
403,1215,1
403,2336,0
404,1640,0
404,2091,0
405,3,1
405,13,1
405,58,1
80,405,0
405,253,1
489,405,0
405,528,1
405,706,1
707,405,0
405,782,1
405,799,1
891,405,0
405,924,1
405,992,1
405,1094,1
405,1107,1
405,1157,1
1160,405,0
405,1215,1
405,1220,1
405,1311,1
1316,405,0
405,1368,1
405,1385,1
405,1404,1
405,1431,1
405,1432,1
1571,405,0
1598,405,0
405,1624,1
1890,405,0
1965,405,0
405,2026,1
2309,405,0
406,535,1
603,406,0
406,619,1
406,787,0
1490,406,0
1955,406,0
2030,406,0
406,2053,1
407,1439,0
407,1474,0
407,1994,1
408,801,0
408,1827,0
408,1859,0
408,2070,0
409,29,1
409,127,1
409,328,1
413,409,0
517,409,0
409,548,1
409,619,1
409,785,1
409,889,1
409,1366,0
1925,409,0
409,1955,1
409,1968,0
2279,409,0
409,2453,1
410,213,1
410,342,1
410,783,1
410,908,1
410,1229,1
410,1259,1
410,1567,1
1661,410,0
410,1664,1
1847,410,0
410,1941,1
410,1981,0
2057,410,0
410,2355,0
410,2385,1
411,414,0
412,1666,0
412,1875,0
413,859,0
413,1388,0
413,1824,1
413,1853,0
414,921,0
414,1012,0
414,1215,1
414,1803,0
414,1971,0
414,2174,0
56,415,0
415,258,1
415,269,1
415,383,1
415,408,1
415,811,1
935,415,0
415,998,1
415,1023,1
1040,415,0
415,1072,1
1215,415,0
1230,415,0
1244,415,0
1247,415,0
415,1248,1
415,1267,1
415,1307,1
415,1361,1
1370,415,0
415,1381,1
415,1488,1
415,1654,1
415,1793,1
1837,415,0
415,2377,1
415,2436,1
416,116,1
416,213,1
214,416,0
416,361,1
416,584,1
660,416,0
416,673,1
416,674,1
416,706,1
707,416,0
416,783,1
416,994,1
416,1147,1
416,1176,1
1205,416,0
416,1229,1
416,1258,1
416,1259,1
416,1567,1
1593,416,0
416,1661,1
416,1664,1
416,1838,1
1847,416,0
416,2385,1
417,99,1
417,1618,0
1797,417,0
417,1926,1
418,438,0
418,812,0
418,2230,0
419,1450,0
419,2086,0
420,460,0
420,635,1
420,916,0
939,420,0
420,1647,0
420,1802,1
421,786,1
421,1715,0
422,1798,0
422,1874,0
422,1925,0
423,1340,0
423,1715,0
424,1677,0
425,1006,1
427,2164,0
428,641,0
428,1173,0
429,543,0
429,635,1
429,1661,0
429,2306,0
10,430,0
430,26,1
47,430,0
430,48,1
430,105,1
131,430,0
208,430,0
245,430,0
253,430,0
430,293,1
430,301,1
311,430,0
316,430,0
430,326,1
430,414,1
431,430,0
430,475,1
430,476,0
430,511,1
512,430,0
519,430,0
538,430,0
430,563,1
635,430,0
430,690,1
702,430,0
855,430,0
430,864,1
874,430,0
939,430,0
948,430,0
430,984,1
1051,430,0
430,1058,1
430,1075,1
430,1085,1
1094,430,0
1099,430,0
430,1104,1
1142,430,0
430,1157,1
430,1182,1
430,1190,1
430,1215,1
430,1225,1
1236,430,0
430,1257,1
430,1280,1
430,1294,1
430,1333,1
1351,430,0
430,1357,1
430,1374,1
430,1385,1
430,1389,1
1391,430,0
1412,430,0
430,1427,1
1449,430,0
430,1538,1
430,1622,1
430,1690,1
430,1691,1
1716,430,0
430,1741,1
430,1767,1
430,1781,1
1785,430,0
430,1831,1
430,1865,1
1921,430,0
1924,430,0
430,1944,1
430,1994,1
2024,430,0
430,2027,1
2042,430,0
430,2066,1
430,2113,1
430,2130,1
2165,430,0
430,2194,1
430,2218,1
430,2219,1
430,2262,1
430,2283,1
2294,430,0
430,2314,0
430,2345,1
430,2383,1
430,2463,1
430,2472,1
432,455,0
432,1389,0
433,573,1
939,433,0
433,1352,0
433,1425,1
433,1865,1
433,2178,1
435,1476,0
436,1553,0
436,2374,0
439,1732,0
439,1829,0
440,662,0
441,2296,0
412,442,0
442,1311,1
1847,442,0
2375,442,0
443,81,1
443,693,0
443,2314,0
444,99,1
444,658,0
444,1784,0
444,2453,0
445,2299,0
446,1928,0
446,2243,0
448,1542,0
27,449,0
177,449,0
449,312,1
331,449,0
348,449,0
449,402,1
449,803,1
449,898,1
1044,449,0
449,1048,1
449,1211,1
449,1526,1
1560,449,0
1663,449,0
449,1687,1
449,1723,1
449,1777,0
1851,449,0
449,2059,1
2128,449,0
449,2172,1
449,2187,1
449,2306,1
2422,449,0
449,2424,1
2466,449,0
452,1050,0
452,1202,0
452,1523,0
453,79,1
453,735,0
742,453,0
453,1106,1
453,1537,1
453,1880,1
454,1295,0
455,542,0
455,561,0
455,1267,0
456,326,1
412,456,0
891,456,0
1126,456,0
456,1227,1
1852,456,0
457,897,0
457,1844,0
458,810,0
458,2130,0
458,2219,0
459,2399,0
460,806,0
460,1016,0
1971,460,0
461,631,0
461,1119,0
461,1628,0
461,1649,0
462,1241,1
462,1250,0
463,29,1
463,45,1
463,273,1
463,307,1
412,463,0
463,429,1
463,529,1
463,635,1
646,463,0
463,690,1
463,700,1
463,732,1
780,463,0
463,870,1
939,463,0
989,463,0
1176,463,0
463,1196,1
1466,463,0
463,1573,1
463,1724,1
463,1824,1
463,1828,1
463,1830,1
463,1847,1
1868,463,0
1921,463,0
463,2035,1
463,2063,0
2198,463,0
2385,463,0
2412,463,0
464,750,0
464,859,0
464,1132,0
464,1498,0
603,465,0
465,1070,0
465,1814,0
468,30,1
468,830,1
1215,468,0
468,1324,1
468,1485,0
468,2189,0
471,1681,0
472,864,0
473,1320,0
473,1827,0
474,604,0
474,2089,0
475,912,0
475,1228,0
475,2356,0
47,476,0
314,476,0
1215,476,0
218,477,0
477,490,0
477,1537,1
1985,477,0
477,2238,1
478,2164,0
480,842,0
480,1052,0
480,1214,0
481,1386,0
482,2028,0
482,2247,0
484,902,0
485,672,0
485,1472,0
29,486,0
486,81,1
486,412,1
486,1102,0
487,1270,0
487,2381,0
488,706,0
488,807,0
489,819,0
489,1266,0
490,959,0
491,634,0
491,1471,0
492,542,0
492,943,1
493,1742,0
493,1825,0
495,1112,0
496,1420,0
496,2221,0
496,2341,0
497,567,0
497,758,0
497,1850,0
498,960,0
499,1869,0
499,1925,1
500,1532,0
501,17,1
501,79,1
501,413,1
508,501,0
501,585,1
501,625,1
501,700,1
501,822,1
501,1066,1
501,1147,1
501,1148,1
1196,501,0
501,1216,1
501,1630,1
501,1695,1
501,1801,1
501,1824,1
501,1925,1
2080,501,0
501,2209,1
501,2380,1
502,556,0
503,879,0
503,2050,0
503,2190,0
503,2415,0
504,304,1
504,770,0
504,939,1
504,1137,1
504,1311,1
504,2159,0
504,2218,0
505,957,0
505,1584,0
506,619,1
1543,506,0
506,1653,0
507,686,0
507,1550,0
508,1079,0
509,1459,0
509,1562,0
510,1124,0
511,1497,0
511,2314,0
512,2010,0
512,2279,0
512,2358,0
513,603,0
513,936,0
513,1834,1
513,2458,0
514,857,0
515,1712,0
516,840,0
1425,516,0
517,1035,0
517,1289,0
517,2341,0
517,2374,0
518,601,0
519,862,1
520,2475,1
521,1208,0
523,1260,0
524,447,1
524,591,0
1673,524,0
1799,524,0
524,2446,1
524,2471,1
525,578,0
525,1147,0
525,1397,0
525,1964,0
2153,528,0
528,2334,0
529,1077,0
529,2414,0
1210,530,0
530,1600,1
530,1793,1
531,1031,0
531,1229,0
531,1590,0
531,1658,0
532,740,0
533,1674,0
533,1835,0
533,2112,0
534,1284,0
534,1384,1
535,1078,0
399,536,0
537,1308,0
537,1544,0
539,304,1
539,430,1
939,539,0
1182,539,0
539,1969,0
539,2209,0
628,540,0
540,1821,0
542,816,0
542,2137,0
543,258,1
543,346,1
543,445,1
520,543,0
543,523,1
543,786,1
543,814,1
543,891,1
910,543,0
543,1160,1
543,1236,1
543,1239,1
543,1277,1
543,1469,0
543,1487,1
1630,543,0
1663,543,0
543,1691,1
543,1717,1
1762,543,0
543,1860,0
1968,543,0
543,2072,1
543,2095,1
543,2111,1
543,2253,1
544,959,1
544,2122,0
544,2472,0
545,1287,0
545,1497,1
545,1544,1
545,1706,0
547,1516,0
547,1829,0
547,2396,0
548,2221,0
548,2223,0
548,2433,0
939,549,0
549,1058,1
1556,549,0
549,2400,1
550,187,1
1005,550,0
1316,550,0
551,87,1
551,743,0
551,912,0
551,1066,0
551,1215,1
2161,551,0
552,1714,0
553,1915,0
553,2039,0
554,2159,0
555,1675,0
635,556,0
1215,556,0
556,1224,0
556,1921,1
238,557,0
557,275,1
552,557,0
557,2161,0
1124,558,0
558,1539,0
558,1810,0
559,1201,0
559,1509,0
560,609,0
560,620,0
560,2333,0
562,738,1
562,1053,0
562,2426,1
563,1516,0
563,2303,0
564,70,1
564,233,1
445,564,0
564,849,1
978,564,0
983,564,0
564,1026,1
564,1255,0
564,1736,1
564,2273,0
565,63,1
565,99,1
565,124,1
565,307,1
565,319,1
320,565,0
512,565,0
565,598,1
565,635,1
565,902,1
565,939,1
565,1094,1
1160,565,0
565,1215,1
565,1281,1
565,1311,1
565,1425,1
565,1427,1
565,1516,1
565,1532,1
1566,565,0
565,1720,1
1784,565,0
1841,565,0
565,1966,1
565,2041,0
565,2058,1
2164,565,0
565,2259,1
566,993,0
566,1124,0
566,1423,0
567,1186,0
567,2285,0
568,145,1
568,577,1
568,654,1
568,1094,1
568,1111,1
568,1243,1
1263,568,0
1293,568,0
2404,568,0
569,6,1
141,569,0
569,143,1
569,555,1
569,569,1
569,596,1
569,652,1
569,677,1
724,569,0
569,752,1
569,789,1
569,804,1
569,867,0
947,569,0
569,953,1
969,569,0
1012,569,0
569,1136,1
569,1188,1
1366,569,0
569,1502,1
1512,569,0
569,1563,1
569,1620,1
569,1855,1
569,2109,1
2159,569,0
569,2197,1
569,2333,1
570,144,1
570,884,0
570,997,1
570,1728,0
570,1764,1
570,2010,1
572,153,1
574,1712,0
574,2106,0
574,2375,0
575,1701,0
576,429,1
576,1647,0
576,1851,0
576,1976,0
577,911,0
577,1947,0
578,2323,0
579,102,1
579,408,1
579,432,1
579,624,1
579,628,1
634,579,0
579,635,1
690,579,0
737,579,0
579,891,1
579,900,1
579,935,1
579,939,1
579,1072,1
1307,579,0
1351,579,0
579,1383,1
579,1415,1
1416,579,0
1441,579,0
579,1466,1
579,1488,1
579,1601,1
579,1724,1
579,1783,1
579,1868,1
579,1921,1
579,1965,1
2015,579,0
579,2053,1
579,2183,1
2342,579,0
2426,579,0
2462,579,0
580,1080,1
581,1112,0
581,1749,0
582,1102,0
583,2171,0
99,584,0
584,142,1
242,584,0
361,584,0
584,451,1
584,584,1
584,625,1
697,584,0
857,584,0
584,895,1
584,1253,1
1348,584,0
584,1409,0
1436,584,0
1490,584,0
1506,584,0
584,1543,1
584,1664,1
1733,584,0
584,1838,1
584,2014,1
2041,584,0
584,2410,1
585,839,0
585,890,0
585,1112,0
29,586,0
586,529,1
586,646,1
586,700,1
732,586,0
586,780,1
586,793,0
586,959,1
586,1196,1
586,1573,1
1824,586,0
1828,586,0
586,1830,1
586,2198,1
588,839,1
1215,588,0
588,1536,0
588,2027,0
588,2260,0
589,1638,0
1180,590,0
590,2064,1
592,661,0
592,939,1
592,1412,0
593,1427,0
593,2029,0
595,2242,0
600,2177,0
601,1029,0
601,1430,0
602,711,0
602,774,0
602,1656,0
602,2142,0
603,1064,0
604,1341,0
604,1944,0
606,234,1
606,1361,1
606,1961,0
606,2354,0
607,47,1
607,851,0
607,1805,0
609,991,0
609,1475,0
150,610,0
610,405,1
610,800,1
610,1259,1
610,1386,1
610,2362,1
456,612,0
612,1587,0
613,530,1
613,1088,0
613,1568,1
615,1987,1
616,739,1
616,924,1
616,1637,1
616,1894,1
617,1813,0
617,2246,0
617,2249,0
617,2417,0
618,879,0
619,3,1
619,8,1
10,619,0
619,17,1
29,619,0
619,32,1
45,619,0
51,619,0
619,69,1
619,71,1
619,79,1
619,95,1
116,619,0
213,619,0
619,214,1
619,235,1
619,242,1
251,619,0
258,619,0
259,619,0
619,268,1
619,274,1
619,285,1
619,293,1
619,301,1
619,304,1
309,619,0
619,323,1
339,619,0
619,369,1
619,391,1
619,405,1
619,412,1
619,422,1
619,439,1
619,452,1
619,466,1
467,619,0
619,482,1
619,505,1
619,508,1
515,619,0
619,517,1
619,547,1
619,563,1
619,583,1
619,589,1
619,603,1
619,625,1
619,635,1
619,646,1
672,619,0
676,619,0
619,690,1
696,619,0
619,700,1
619,706,1
707,619,0
719,619,0
619,727,1
619,732,1
619,742,1
762,619,0
619,793,1
619,808,1
619,813,1
619,822,1
619,823,1
828,619,0
619,833,1
843,619,0
619,848,1
619,853,1
619,858,1
619,859,1
619,870,1
619,877,1
883,619,0
619,888,1
889,619,0
619,891,1
619,907,1
916,619,0
619,933,1
619,936,1
939,619,0
619,951,1
959,619,0
969,619,0
619,981,1
619,993,1
1042,619,0
619,1064,1
619,1066,1
619,1068,1
619,1097,1
1126,619,0
1147,619,0
1148,619,0
1161,619,0
619,1176,1
619,1196,1
1205,619,0
1206,619,0
619,1215,1
619,1217,1
619,1228,1
619,1239,1
619,1259,1
619,1270,1
619,1278,1
619,1287,1
1325,619,0
1327,619,0
619,1351,1
1394,619,0
619,1424,1
1426,619,0
1428,619,0
1433,619,0
619,1434,1
1448,619,0
619,1466,1
619,1501,1
1504,619,0
619,1507,1
619,1579,1
1583,619,0
619,1585,1
1626,619,0
619,1635,1
619,1647,1
619,1658,1
1661,619,0
619,1690,1
1695,619,0
619,1705,1
619,1708,1
1712,619,0
619,1717,1
619,1724,1
1748,619,0
1762,619,0
619,1764,1
619,1778,1
619,1801,1
1824,619,0
619,1827,1
619,1834,1
1838,619,0
1839,619,0
619,1846,1
619,1847,1
619,1856,1
1899,619,0
619,1913,1
619,1921,1
1925,619,0
619,1926,1
619,1932,1
1935,619,0
619,1947,1
619,1957,1
1997,619,0
619,2012,1
2023,619,0
619,2072,1
2092,619,0
619,2107,1
2108,619,0
619,2110,1
619,2119,1
619,2125,1
619,2131,1
619,2133,1
619,2167,1
619,2173,1
619,2204,1
619,2223,1
619,2238,1
619,2241,1
619,2263,1
619,2279,1
2296,619,0
619,2299,1
2323,619,0
619,2341,1
619,2352,1
619,2363,1
2380,619,0
2382,619,0
619,2385,1
2388,619,0
619,2390,1
2391,619,0
2427,619,0
619,2453,1
2464,619,0
619,2465,1
619,2469,1
620,703,0
620,981,0
621,1653,0
622,29,1
622,529,1
622,646,1
622,700,1
622,732,1
780,622,0
622,959,1
622,1347,0
1468,622,0
622,1824,1
622,1828,1
622,1847,1
622,2198,1
2385,622,0
623,857,1
623,1727,1
624,1302,0
625,852,0
626,503,1
627,1072,0
627,1521,0
93,628,0
628,408,1
564,628,0
628,593,1
628,624,1
628,636,1
637,628,0
778,628,0
1072,628,0
628,1210,1
628,1307,1
628,1488,1
628,1793,1
628,1836,1
628,1891,0
629,1654,0
629,1665,0
630,307,1
690,630,0
630,770,0
630,829,1
630,1906,0
631,55,1
955,631,0
631,1273,1
631,1389,1
1756,631,0
631,1972,1
632,930,0
632,1565,0
633,852,0
633,2350,0
634,705,0
634,835,0
634,1535,0
635,2375,0
637,1094,0
637,1580,0
637,1840,0
637,1963,0
637,1977,0
637,2175,0
638,1347,0
638,1640,0
639,385,1
639,1236,1
639,2410,0
640,1331,0
641,635,1
641,683,0
641,939,1
1176,641,0
641,1389,1
641,1769,0
641,1802,1
641,2367,0
642,112,1
642,241,1
642,568,1
1585,642,0
642,2017,0
2226,642,0
643,110,1
643,979,0
643,1085,0
1792,643,0
643,1934,0
645,1504,0
645,2183,0
645,2438,0
647,1797,0
647,2426,0
649,6,1
649,141,1
649,225,1
294,649,0
419,649,0
649,485,1
649,555,1
596,649,0
649,649,1
649,652,1
724,649,0
752,649,0
649,789,1
649,908,1
912,649,0
920,649,0
953,649,0
649,1155,1
1366,649,0
649,1512,1
649,1518,1
649,1620,1
649,1685,1
649,1845,0
1855,649,0
649,1921,1
649,2159,1
649,2197,1
2368,649,0
651,1554,0
651,2269,1
652,1883,0
652,1899,0
348,653,0
653,424,1
653,1126,1
653,1215,1
1575,653,0
653,1826,1
653,1834,1
1915,653,0
654,851,0
654,1624,0
654,1752,0
654,1921,0
655,1585,0
656,1465,0
656,1489,0
657,919,0
657,968,0
657,1229,0
658,1411,0
658,2435,0
62,659,0
659,197,1
659,484,1
659,488,1
659,625,1
659,654,1
659,996,1
1109,659,0
659,1205,1
659,1322,0
659,1391,1
1402,659,0
659,1405,1
659,1490,1
659,1547,1
1721,659,0
659,1793,1
659,1847,1
659,1858,1
659,1870,1
1874,659,0
659,2102,1
659,2425,1
328,660,0
660,1048,0
1067,660,0
660,1360,0
2207,660,0
662,521,1
663,304,1
663,654,1
663,939,1
663,1139,1
663,1311,1
663,1379,1
1391,663,0
663,1510,1
1688,663,0
1847,663,0
663,1921,1
663,2288,1
665,833,0
666,1099,0
666,1435,0
226,667,0
667,257,1
334,667,0
667,546,1
997,667,0
1005,667,0
667,1170,1
667,1202,1
1309,667,0
1335,667,0
667,1675,1
667,1733,1
667,1906,0
2008,667,0
667,2100,1
667,2137,0
667,2331,1
2350,667,0
668,144,1
628,668,0
668,1556,0
668,1738,0
668,1764,1
2010,668,0
669,10,1
669,302,1
669,452,1
634,669,0
741,669,0
885,669,0
886,669,0
669,1039,1
669,1207,1
669,1261,0
1303,669,0
1321,669,0
1470,669,0
669,1610,1
669,1754,1
669,1790,1
669,1809,1
1836,669,0
669,1941,0
2012,669,0
669,2342,1
2365,669,0
671,29,1
188,671,0
671,646,1
700,671,0
671,732,1
671,959,1
671,1091,0
671,1165,0
1196,671,0
671,1221,1
1348,671,0
671,1446,0
671,1664,1
671,1824,1
671,1847,1
671,2385,1
673,1745,0
674,1484,0
675,1560,0
675,1651,0
675,2462,0
676,2231,0
677,2178,0
677,2314,0
384,678,0
678,2475,0
680,2323,0
311,681,0
681,414,1
653,681,0
681,939,1
681,977,0
681,1831,0
681,1994,1
2472,681,0
1877,682,0
683,1057,0
685,773,0
686,1326,0
687,695,0
687,818,0
687,2122,0
688,324,1
688,1039,0
1196,688,0
688,1539,0
1921,688,0
2196,688,0
688,2242,1
689,67,1
689,307,1
689,563,1
594,689,0
689,819,1
689,897,1
907,689,0
908,689,0
689,1080,0
1456,689,0
689,1537,1
1868,689,0
1930,689,0
689,2327,0
690,718,0
690,2396,0
691,742,0
691,960,0
691,1004,0
693,701,0
693,1554,0
693,2365,0
694,764,0
694,1724,0
695,965,0
697,805,0
697,1108,0
697,1354,0
698,769,0
699,1907,0
700,808,0
700,1902,0
700,2421,0
702,1561,0
702,2400,0
703,957,0
705,960,0
705,2143,0
706,1173,0
706,1715,0
707,839,0
708,1632,0
708,2422,0
709,1471,0
710,4,1
47,710,0
304,710,0
710,546,1
710,619,1
710,687,1
689,710,0
710,743,1
710,765,1
710,905,1
989,710,0
710,1159,1
710,1311,1
1336,710,0
710,2025,1
710,2404,1
710,2406,1
712,758,1
712,974,1
1059,712,0
712,1488,0
1934,712,0
712,2416,0
715,213,1
715,1085,1
715,1094,1
715,1273,0
715,1855,0
716,1032,0
717,1721,0
717,1926,0
717,2119,0
718,140,1
718,201,1
384,718,0
508,718,0
718,619,1
718,718,1
718,769,1
939,718,0
718,1221,1
718,1425,1
1455,718,0
718,1913,1
718,2216,1
718,2337,0
719,1317,0
719,1804,0
722,512,1
722,1829,0
722,1869,0
723,654,1
723,920,1
723,1280,1
723,1314,1
723,1436,1
723,2145,1
724,903,0
724,1767,0
725,26,1
725,43,1
725,241,1
725,246,1
725,430,1
583,725,0
635,725,0
939,725,0
725,1215,1
725,1274,1
725,1926,1
700,726,0
726,1007,0
726,1053,0
726,1370,0
726,1765,0
726,1824,1
727,1288,0
727,2312,0
728,813,0
728,1047,0
728,1139,0
728,2436,0
729,1737,0
730,977,0
730,1327,1
731,818,0
732,1481,0
733,1790,0
734,401,1
1222,734,0
734,2018,0
734,2417,0
735,2180,0
737,1292,0
737,1924,0
738,1573,0
739,1806,0
741,876,0
741,1237,0
742,2190,0
743,3,1
743,29,1
49,743,0
743,50,1
743,52,1
126,743,0
743,180,1
743,213,1
743,251,1
743,265,1
743,274,1
743,318,1
743,328,1
340,743,0
743,343,1
743,360,1
743,361,1
386,743,0
743,413,1
743,451,1
743,502,1
743,571,1
743,608,1
635,743,0
743,657,1
658,743,0
660,743,0
743,690,1
700,743,0
743,705,1
743,728,1
743,843,1
743,864,1
743,872,1
743,939,1
951,743,0
959,743,0
743,1009,1
1064,743,0
743,1164,1
743,1168,1
1173,743,0
743,1196,1
1215,743,0
743,1224,1
1234,743,0
1242,743,0
743,1251,1
1262,743,0
743,1292,1
1302,743,0
743,1311,1
1351,743,0
743,1513,1
743,1545,1
743,1639,1
743,1654,1
1669,743,0
743,1690,1
1705,743,0
743,1724,1
743,1824,1
743,1840,1
743,1881,1
1885,743,0
743,1897,1
1898,743,0
743,1921,1
1941,743,0
743,1951,1
1965,743,0
743,2058,1
743,2063,1
743,2064,1
743,2124,1
2125,743,0
743,2140,1
743,2144,1
743,2145,1
743,2179,1
2192,743,0
743,2222,1
743,2244,1
743,2270,1
743,2276,1
743,2317,1
743,2320,1
743,2376,1
2384,743,0
743,2393,1
743,2394,1
2409,743,0
743,2426,1
2427,743,0
743,2456,1
2469,743,0
744,794,0
744,1891,0
745,1999,0
746,1360,0
746,1692,0
746,1799,1
746,2432,0
747,2361,0
748,624,1
748,2384,0
749,144,1
628,749,0
749,977,0
1764,749,0
749,2010,1
751,1097,0
752,802,0
752,1682,0
752,2346,0
753,1815,0
754,1221,0
754,1711,0
755,635,1
755,865,0
939,755,0
755,1500,0
755,1681,0
755,1716,0
756,1839,0
757,1005,0
757,1718,0
758,933,1
758,1261,0
138,760,0
231,760,0
761,1073,0
761,2365,0
763,1769,0
763,1898,0
635,764,0
833,764,0
764,916,0
764,1192,1
1215,764,0
764,1278,0
764,1678,1
1745,764,0
1829,764,0
1913,764,0
2193,764,0
102,765,0
194,765,0
765,307,1
408,765,0
765,427,1
487,765,0
765,507,1
531,765,0
765,634,1
765,635,1
765,637,1
765,660,1
765,690,1
765,700,1
747,765,0
864,765,0
765,900,1
935,765,0
765,939,1
765,963,1
1072,765,0
1094,765,0
1196,765,0
765,1307,1
1351,765,0
1383,765,0
765,1416,1
765,1441,1
765,1466,1
765,1488,1
765,1570,0
765,1712,1
765,1836,1
765,1839,1
765,1847,1
765,1868,1
765,1921,1
765,1925,1
1955,765,0
765,2015,1
765,2035,1
2053,765,0
765,2068,0
2293,765,0
765,2360,0
2385,765,0
765,2426,1
765,2453,1
2462,765,0
767,346,1
767,459,1
767,520,1
767,563,1
767,690,1
767,783,0
767,800,1
767,843,1
767,844,1
767,925,1
767,1692,0
1965,767,0
767,2046,1
768,1129,0
768,1292,1
768,1466,0
768,2234,0
1,770,0
3,770,0
770,37,1
47,770,0
161,770,0
770,295,1
770,374,1
770,392,1
487,770,0
770,672,1
770,885,1
770,1014,0
1055,770,0
770,1116,1
770,1130,1
770,1133,1
1134,770,0
770,1207,1
770,1314,0
770,1321,1
1341,770,0
770,1408,0
770,1442,1
770,1605,1
1642,770,0
770,1822,1
770,1847,1
1888,770,0
770,1900,1
770,1977,1
770,2021,1
770,2044,1
770,2074,1
770,2097,1
2121,770,0
770,2176,1
770,2227,0
770,2272,1
770,2290,1
2354,770,0
2416,770,0
770,2417,1
772,2104,0
774,1068,0
774,1942,0
775,63,1
775,68,1
775,74,1
775,99,1
775,105,1
775,213,1
239,775,0
290,775,0
293,775,0
775,299,1
328,775,0
775,340,1
775,355,1
775,412,1
775,430,1
480,775,0
775,625,1
775,635,1
829,775,0
775,833,1
775,870,1
775,939,1
775,1014,1
775,1094,1
1287,775,0
775,1311,1
775,1369,1
775,1404,1
1405,775,0
775,1555,1
775,1585,1
1603,775,0
775,1705,1
775,1775,1
1868,775,0
2087,775,0
775,2149,1
775,2214,1
775,2320,1
2447,775,0
2452,775,0
775,2455,1
776,836,0
776,1412,0
776,1730,0
776,1770,1
776,1847,1
776,2156,1
997,777,0
1629,777,0
777,1795,1
777,1874,1
777,2035,1
778,1691,0
778,2290,0
778,2373,0
779,1632,0
779,1785,0
782,1533,0
783,816,0
783,957,0
783,1489,0
783,1970,0
783,2264,0
939,784,0
784,2234,0
784,2253,0
785,1351,0
785,1668,0
785,2109,0
785,2409,0
787,102,1
787,756,1
787,1873,0
306,788,0
788,788,1
788,1218,0
1370,788,0
1415,788,0
788,1601,1
2309,788,0
789,2205,0
790,619,1
790,1000,0
790,1945,0
790,1955,1
790,2168,0
791,793,0
793,1387,0
654,794,0
794,911,1
794,1425,1
794,1427,1
794,1983,0
795,1694,0
795,2008,0
795,2277,0
796,198,1
796,1187,0
796,1785,0
798,1523,0
798,2151,0
800,1668,0
801,1273,0
801,1711,0
801,2098,0
802,940,0
399,805,0
805,888,0
805,1362,0
805,1939,1
806,956,0
806,1249,0
806,1421,0
213,807,0
688,807,0
807,1381,1
807,1987,0
808,2242,0
809,2131,0
809,2346,0
810,1981,0
810,2045,0
811,1946,0
812,2327,0
512,813,0
813,515,1
813,654,1
813,660,1
793,813,0
813,902,1
813,1035,1
814,2273,0
815,844,0
815,1203,0
816,654,1
816,911,1
816,1094,0
1425,816,0
816,1981,0
458,818,0
818,498,1
818,1081,1
1115,818,0
1277,818,0
818,1686,1
818,2096,1
818,2398,1
819,11,1
64,819,0
102,819,0
819,113,1
819,213,1
819,264,1
819,267,1
819,386,1
819,408,1
819,427,1
819,432,1
457,819,0
819,487,1
819,506,1
624,819,0
628,819,0
819,635,1
819,660,1
690,819,0
819,708,1
737,819,0
788,819,0
819,790,1
819,839,0
819,864,1
819,933,1
935,819,0
963,819,0
819,976,1
819,988,1
819,1027,0
819,1072,1
819,1094,1
1237,819,0
819,1239,1
1307,819,0
1322,819,0
819,1352,1
819,1367,1
1373,819,0
819,1383,1
819,1385,1
819,1416,1
819,1441,1
819,1466,1
819,1581,1
819,1724,1
819,1836,1
819,1847,1
819,1868,1
819,1921,1
819,1965,1
819,1996,1
2003,819,0
819,2015,1
819,2035,1
819,2051,1
819,2053,1
819,2055,1
819,2137,1
2183,819,0
819,2222,1
2244,819,0
819,2291,1
819,2293,1
2319,819,0
819,2342,1
819,2368,1
819,2393,1
819,2401,1
2426,819,0
819,2435,1
2470,819,0
820,1836,0
821,337,1
821,792,1
821,914,0
821,1089,0
821,1966,0
822,1174,0
822,1955,1
822,2035,1
822,2145,1
822,2359,0
823,43,1
823,328,1
823,491,1
532,823,0
823,608,1
840,823,0
823,1032,1
823,1104,1
1130,823,0
823,1171,1
823,1215,1
1684,823,0
823,1792,1
823,1827,1
1921,823,0
823,2093,1
823,2098,1
823,2128,1
824,2187,0
825,897,0
825,1912,0
825,2057,0
826,90,1
826,131,1
826,243,1
369,826,0
826,476,1
629,826,0
632,826,0
826,635,1
826,653,1
826,654,1
826,672,1
826,718,1
781,826,0
826,809,1
826,833,1
885,826,0
889,826,0
826,935,1
939,826,0
826,972,1
826,991,1
826,997,1
826,1028,1
826,1042,1
826,1072,1
826,1126,1
826,1269,1
826,1305,1
1307,826,0
826,1321,1
826,1330,1
826,1392,1
826,1397,1
1407,826,0
1413,826,0
826,1425,1
826,1450,1
1488,826,0
826,1541,1
826,1755,1
1767,826,0
826,1821,1
826,1834,1
826,1864,1
826,1892,1
826,1958,1
1974,826,0
1989,826,0
826,2011,1
826,2325,1
826,2326,1
826,2327,1
2359,826,0
826,2447,1
827,884,0
827,1260,0
827,2256,0
828,1487,0
829,994,0
829,1346,0
829,2027,0
830,1676,0
832,1220,1
833,2346,0
834,1966,0
211,835,0
835,952,1
836,514,1
836,1123,0
836,1315,1
836,2458,0
839,1085,1
839,1325,0
840,2069,0
454,841,0
841,1433,0
841,2183,1
842,1709,0
842,1766,0
843,875,0
843,1576,0
844,1144,0
846,703,1
846,1405,1
847,449,1
848,1322,0
849,1664,0
849,2059,0
849,2127,0
850,1123,0
1215,851,0
851,1730,0
852,1186,0
852,1795,0
852,1845,0
852,2176,0
854,2240,1
854,2252,0
854,2279,0
855,971,0
856,1321,1
856,1773,1
856,1880,1
856,1921,1
856,2113,0
856,2406,1
857,950,0
857,1174,0
857,1812,0
859,2359,0
860,1430,0
860,2172,0
861,1288,0
861,1526,0
861,1767,0
862,2392,0
863,878,0
864,2081,0
864,2279,0
865,857,1
865,1024,1
865,1371,1
1480,865,0
865,2059,1
758,866,0
866,974,1
866,1033,0
866,1059,1
1934,866,0
867,1204,0
867,1492,0
868,901,0
868,1432,0
624,869,0
869,2393,0
35,870,0
45,870,0
870,80,1
870,119,1
870,167,1
870,248,1
870,293,1
394,870,0
398,870,0
870,476,1
870,500,1
870,594,1
870,690,1
870,742,1
870,829,1
870,871,1
870,889,1
870,939,1
870,970,1
870,1030,1
870,1040,1
1049,870,0
870,1196,1
1259,870,0
870,1321,1
870,1327,1
870,1390,1
870,1404,1
1433,870,0
1537,870,0
870,1577,1
1620,870,0
1629,870,0
870,1694,1
870,1707,1
870,1714,1
870,1769,1
1779,870,0
870,1780,1
870,1789,0
870,1834,1
1847,870,0
870,1926,1
870,1957,1
870,2016,1
870,2018,0
870,2240,1
2261,870,0
871,873,0
872,2126,0
873,64,1
833,873,0
873,1021,1
873,1026,1
873,2055,1
873,2244,1
873,2291,1
873,2310,1
873,2320,1
873,2376,1
873,2409,1
874,1535,0
875,2028,0
875,2110,0
877,1751,0
878,1214,0
879,654,1
879,2021,0
879,2155,0
879,2165,0
880,939,1
880,1327,0
880,1373,0
880,1427,1
880,1576,0
881,1726,0
881,1785,0
882,153,1
882,1286,0
883,1385,0
884,1068,0
885,1862,0
886,1298,0
887,1779,1
889,2039,0
399,890,0
1939,890,0
891,1196,0
893,913,0
893,1397,0
894,925,0
1484,894,0
894,1666,0
894,1900,0
895,1340,0
895,1869,0
895,2178,0
896,481,1
896,1000,0
896,1487,0
897,1521,0
898,1780,0
899,1144,0
899,1571,0
899,2340,0
900,1127,0
900,1833,0
900,2036,0
900,2086,0
900,2393,0
901,79,1
901,2171,1
902,81,1
902,99,1
902,164,1
902,307,1
328,902,0
902,340,1
902,418,1
438,902,0
902,463,1
902,476,1
902,515,1
902,742,1
902,774,1
823,902,0
902,943,1
902,1461,1
902,1476,1
902,1808,1
902,1868,1
1922,902,0
902,2003,1
902,2077,1
2242,902,0
2280,902,0
902,2348,1
2474,902,0
905,941,0
905,1142,0
906,30,1
562,906,0
906,842,1
906,1577,0
1632,906,0
907,1339,0
908,809,1
2369,909,0
911,1802,0
231,912,0
912,635,1
912,1948,0
573,914,0
914,1817,0
2040,914,0
915,1166,0
915,1826,0
917,3,1
917,1104,1
917,1301,1
917,1373,1
917,1456,0
917,1800,1
917,2183,1
918,92,1
918,307,1
918,430,1
721,918,0
918,1182,1
918,1402,0
918,1415,1
918,1441,1
918,1550,1
1601,918,0
918,2053,1
918,2070,0
918,2309,1
918,2385,1
919,169,1
919,1987,1
920,1414,0
920,1825,0
922,2029,0
922,2075,0
927,2267,0
928,2184,0
930,1364,0
930,1410,0
582,931,0
931,1987,0
932,21,1
932,275,1
347,932,0
932,597,1
932,604,1
932,648,1
932,669,1
814,932,0
932,979,1
1009,932,0
932,1048,1
932,1077,1
1215,932,0
932,1585,1
932,1761,1
1903,932,0
1905,932,0
932,1921,1
1975,932,0
932,2152,0
932,2176,1
932,2185,1
2252,932,0
932,2337,1
933,99,1
933,320,1
933,659,1
933,696,1
933,1236,1
1514,933,0
933,1725,1
933,2382,0
934,68,1
934,190,1
934,214,1
706,934,0
934,797,1
934,998,0
934,1181,1
1215,934,0
934,1377,1
1672,934,0
1918,934,0
1969,934,0
934,2052,1
2277,934,0
935,992,0
935,1556,0
936,1029,0
936,1292,0
937,413,1
937,510,1
719,937,0
883,937,0
937,975,0
937,1063,1
937,1129,0
937,2175,1
45,938,0
938,99,1
938,412,1
938,567,1
938,904,1
938,1651,1
938,2299,1
1408,940,0
1448,940,0
940,1510,0
941,1327,1
941,2358,0
983,942,0
63,943,0
87,943,0
943,690,1
943,1083,1
943,1234,1
943,1466,1
943,2154,1
943,2266,1
944,94,1
1490,944,0
944,1505,0
945,1404,1
2385,945,0
947,1045,0
948,1129,0
948,1576,0
948,2206,0
949,2181,0
116,951,0
258,951,0
951,413,1
951,430,1
951,512,1
951,581,1
951,660,1
823,951,0
850,951,0
951,872,1
889,951,0
951,920,1
951,939,1
951,1176,1
951,1205,1
951,1374,0
951,1482,1
951,1741,1
951,1811,1
951,1839,1
951,1865,1
1921,951,0
951,1925,1
951,2058,1
951,2257,1
951,2276,1
951,2289,0
951,2347,1
951,2388,1
2399,951,0
952,1712,0
952,2241,0
954,1000,0
381,955,0
505,955,0
725,955,0
939,955,0
1105,955,0
955,1176,1
955,1212,1
955,1270,1
955,1799,1
955,1848,0
955,2123,1
955,2155,1
955,2188,1
2316,955,0
955,2318,0
956,102,1
956,1579,0
939,957,0
958,1136,0
958,2086,1
958,2252,0
960,102,1
960,535,1
1245,960,0
960,1251,0
960,1311,1
960,1448,1
1730,960,0
2128,960,0
961,311,1
961,526,1
961,1181,0
961,1433,0
962,2099,0
962,2137,0
963,11,1
963,452,1
457,963,0
619,963,0
860,963,0
1066,963,0
1196,963,0
1713,963,0
963,1847,1
963,1868,1
963,1925,1
1955,963,0
963,2435,1
964,2067,0
965,2474,0
3,966,0
966,30,1
672,966,0
966,756,1
788,966,0
966,811,1
966,885,1
966,1230,1
966,1277,1
966,1717,1
1825,966,0
967,1834,0
967,2425,1
968,571,1
968,881,1
968,1695,0
968,2206,0
968,2426,1
969,1672,0
970,1561,0
972,1718,0
546,973,0
635,973,0
973,759,1
973,1176,1
973,1962,1
975,650,1
779,975,0
975,1779,1
975,1780,0
975,1815,1
977,2314,0
977,2465,0
978,1297,0
978,1617,0
978,1676,0
216,980,0
811,980,0
980,1435,1
980,1620,1
980,1802,1
980,1980,1
980,2269,1
2292,980,0
980,2321,1
982,1702,0
982,1906,0
75,984,0
317,984,0
984,389,1
984,428,1
984,660,1
984,719,1
984,858,1
984,872,1
984,1007,1
984,1008,1
984,1064,0
984,1087,1
984,1158,0
1217,984,0
984,1262,1
984,1424,1
984,1426,1
984,1840,1
984,1925,1
2060,984,0
984,2131,1
2135,984,0
984,2157,1
984,2173,1
984,2204,1
984,2276,1
984,2311,1
2363,984,0
2385,984,0
984,2388,1
984,2391,1
984,2396,1
984,2415,1
984,2420,1
116,986,0
126,986,0
986,340,1
446,986,0
986,571,1
986,584,1
986,635,1
986,687,1
718,986,0
986,728,1
769,986,0
986,833,1
986,864,1
872,986,0
939,986,0
986,1064,1
1147,986,0
1168,986,0
1215,986,0
986,1219,1
1224,986,0
1242,986,0
986,1351,1
986,1425,1
1654,986,0
986,1815,0
986,1898,1
986,1913,1
2063,986,0
986,2064,1
2125,986,0
2140,986,0
986,2426,1
986,2456,1
987,1034,0
988,1280,0
988,1809,0
988,2050,0
74,989,0
264,989,0
292,989,0
299,989,0
989,439,1
989,635,1
989,638,1
687,989,0
989,833,1
870,989,0
989,877,1
989,908,1
989,1507,0
989,1868,1
1999,989,0
989,2056,0
990,99,1
990,1466,1
990,2150,0
990,2325,0
991,1157,0
992,1129,0
992,2051,0
994,1271,0
995,1311,1
995,1394,0
996,1664,0
997,29,1
997,37,1
997,285,1
997,295,1
997,323,1
997,374,1
997,392,1
997,487,1
891,997,0
939,997,0
997,1085,1
997,1116,1
997,1130,1
997,1133,1
997,1207,1
997,1442,1
997,1605,1
1642,997,0
997,1703,1
997,1758,1
1822,997,0
997,1888,1
997,1975,0
997,1977,1
997,2044,1
997,2074,1
997,2097,1
2416,997,0
997,2417,1
999,81,1
999,99,1
999,292,1
999,635,1
828,999,0
999,1427,1
999,1868,1
999,1979,0
1000,1534,0
1834,1000,0
1001,603,1
1001,1380,0
1002,2360,0
1003,700,1
1003,1824,1
1003,2158,0
1004,165,1
1004,399,1
625,1004,0
1004,690,1
1004,1196,1
1004,1464,1
1004,1847,1
1004,1869,0
1004,2238,0
1006,102,1
1006,105,1
1006,184,1
195,1006,0
267,1006,0
1006,359,1
1006,408,1
1006,427,1
531,1006,0
1006,628,1
1006,634,1
1006,635,1
1006,690,1
900,1006,0
1006,907,1
935,1006,0
1006,939,1
963,1006,0
1006,1019,1
1006,1041,1
1006,1072,1
1094,1006,0
1165,1006,0
1006,1322,1
1006,1351,1
1006,1383,1
1006,1415,1
1006,1416,1
1006,1429,1
1006,1466,1
1006,1488,1
1627,1006,0
1629,1006,0
1006,1724,1
1006,1805,1
1006,1847,1
1921,1006,0
1006,1965,1
1006,1992,1
1006,2007,1
2015,1006,0
2053,1006,0
1006,2142,1
1006,2145,1
1006,2154,0
2293,1006,0
1006,2426,1
1007,2076,0
1010,1699,0
1010,2124,0
1011,45,1
438,1011,0
1011,1741,0
1011,1981,1
1012,1017,0
700,1013,0
1013,1133,0
1013,1196,1
1013,1824,1
1013,1847,1
1013,2249,1
1013,2276,1
1013,2385,1
1013,2465,1
2469,1013,0
1014,2407,0
1015,1015,1
1015,1407,0
1019,1180,0
1019,1220,0
1019,2331,0
1020,696,1
1020,2047,0
1021,1244,0
1021,2211,0
430,1022,0
1023,1308,0
1024,1065,0
1027,326,1
625,1027,0
1027,907,1
1027,1158,1
1027,1826,0
1027,2123,0
1027,2320,1
1028,1157,0
1029,3,1
1029,287,1
1029,811,1
1178,1029,0
1029,1826,1
1921,1029,0
1029,2032,1
1029,2242,1
1029,2274,1
2326,1029,0
187,1030,0
293,1030,0
1030,1427,1
1030,1973,0
1031,1504,0
1031,1673,1
1031,2211,0
1031,2446,1
1031,2471,1
1032,1903,0
654,1034,0
1034,911,1
1034,1427,1
1036,939,1
1036,1926,0
1036,2227,0
1036,2312,0
1038,1450,0
1038,2298,1
1039,1132,0
1039,1264,0
1040,1852,0
1041,1822,0
1043,1734,0
1043,2141,0
1045,1144,0
1046,1572,0
1046,1746,0
1047,2423,0
1048,1131,0
1050,11,1
1050,29,1
193,1050,0
1050,213,1
635,1050,0
1050,781,1
1050,823,1
940,1050,0
1050,1182,1
1050,1196,1
1255,1050,0
1050,1274,0
1050,1331,0
1352,1050,0
1613,1050,0
1050,1925,1
1050,1999,1
2124,1050,0
1050,2160,0
1050,2406,1
1050,2424,0
2435,1050,0
1052,1217,0
1053,1884,1
1054,1536,0
1054,1623,0
1055,1238,0
1056,681,1
1056,1064,0
1056,2339,1
1057,1804,0
1057,2432,0
41,1058,0
99,1058,0
1058,146,1
1058,349,1
1058,385,1
1058,877,1
969,1058,0
1058,1066,0
1058,1125,1
1058,1233,0
1058,1427,1
1058,1590,0
2214,1058,0
1059,1209,0
1060,2395,0
1062,2250,0
1063,1969,0
1063,2007,0
1064,1406,0
1066,11,1
1066,213,1
1066,214,1
1066,242,1
1066,268,1
1066,274,1
1066,328,1
1066,361,1
584,1066,0
1066,625,1
660,1066,0
1066,673,1
1066,674,1
1066,707,1
1066,783,1
878,1066,0
1066,908,1
1066,994,1
1066,1052,1
1147,1066,0
1066,1176,1
1066,1258,1
1066,1352,1
1567,1066,0
1066,1593,1
1695,1066,0
1066,1838,1
1066,1847,1
1066,2077,1
2149,1066,0
2385,1066,0
1066,2435,1
1067,1638,0
1068,1174,0
1069,1786,0
1070,1257,0
1070,1582,1
1070,1642,0
1717,1070,0
1940,1070,0
1072,1344,0
1072,2219,0
1073,2099,0
1073,2418,0
1074,1577,0
1074,1620,0
1075,1087,0
1075,1667,0
1076,1237,0
1076,2031,0
1076,2361,0
1077,116,1
1077,300,1
611,1077,0
1077,631,1
1104,1077,0
1077,1114,1
1077,1215,1
1273,1077,0
1077,1287,1
1077,1343,1
1077,1416,1
1077,1511,1
1077,1594,1
1077,1756,1
1972,1077,0
1077,2044,1
2368,1077,0
1077,2445,1
917,1078,0
1078,1425,1
1078,1561,0
1078,2144,1
1079,144,1
1079,628,1
1079,1205,0
1079,1526,0
1764,1079,0
2010,1079,0
1080,1232,0
1080,1261,0
1081,213,1
286,1081,0
400,1081,0
430,1081,0
666,1081,0
1081,1149,1
1081,1793,1
2343,1081,0
1082,2450,0
1084,1094,1
1215,1084,0
1084,1705,1
1084,1772,1
1084,1915,0
1084,2041,0
1085,4,1
1085,8,1
1085,18,1
73,1085,0
182,1085,0
1085,224,1
239,1085,0
1085,259,1
1085,287,1
1085,327,1
1085,328,1
354,1085,0
1085,364,1
1085,408,1
1085,412,1
1085,450,1
1085,478,1
1085,507,1
1085,535,1
635,1085,0
1085,809,1
930,1085,0
939,1085,0
1039,1085,0
1085,1045,1
1085,1046,1
1085,1167,1
1189,1085,0
1215,1085,0
1085,1311,1
1085,1340,1
1085,1367,1
1085,1387,1
1085,1421,1
1085,1423,1
1481,1085,0
1085,1693,1
1085,1726,1
1730,1085,0
1085,1764,1
1085,1776,1
1085,1786,1
1085,1790,1
1085,1867,1
1085,1868,1
1085,1913,1
1963,1085,0
1085,1997,1
1085,2058,1
1085,2076,1
1085,2086,1
1085,2119,1
2126,1085,0
1085,2232,1
1085,2238,1
1085,2254,1
1085,2278,1
2301,1085,0
2342,1085,0
1085,2366,1
1085,2402,1
1087,1284,0
63,1089,0
902,1089,0
1089,1305,0
144,1090,0
997,1090,0
2010,1090,0
1091,1666,0
1092,1209,0
1092,2246,0
1093,1495,0
1093,2075,0
1094,1904,0
1104,1868,0
1105,1359,0
1105,1965,0
1106,2024,0
1106,2263,0
1108,64,1
2055,1108,0
2291,1108,0
1108,2317,1
1108,2320,1
1108,2384,1
1108,2393,1
1108,2401,1
1108,2409,1
1110,2414,0
1111,2031,0
1112,2093,0
1113,2380,0
1114,2113,0
1114,2155,0
1114,2450,0
1115,1489,0
1115,2432,0
1117,2138,0
1118,2225,0
1120,414,1
1120,653,1
1120,1215,1
1120,1342,0
1120,2094,0
1121,38,1
1121,113,1
1121,884,1
912,1121,0
1121,1089,1
1121,1128,1
1121,1348,1
2051,1121,0
1121,2305,1
1122,1716,0
1123,146,1
1123,654,1
911,1123,0
1123,1050,1
1425,1123,0
1427,1123,0
1123,2124,1
1124,1435,0
1125,285,1
1125,1883,0
1126,1235,0
1126,1453,0
203,1127,0
399,1127,0
618,1127,0
1127,690,1
698,1127,0
1127,891,1
1127,1290,1
1127,1500,1
1127,1834,1
1128,1176,0
1128,1318,0
1128,1645,0
1128,1835,0
1130,1657,0
1132,1593,0
1133,1986,0
1136,2138,0
1138,95,1
1138,725,1
1138,1181,1
1377,1138,0
1138,1672,1
1969,1138,0
1138,2052,1
1138,2277,1
1140,2138,0
1142,81,1
117,1142,0
1142,148,1
1142,157,1
1142,210,1
1142,230,1
304,1142,0
388,1142,0
1142,414,1
472,1142,0
490,1142,0
1142,495,1
1142,614,1
675,1142,0
1142,814,1
876,1142,0
1142,939,1
1142,971,1
1096,1142,0
1140,1142,0
1142,1391,1
1142,1716,1
1142,1760,1
1959,1142,0
1142,2058,1
1142,2237,1
1142,2288,1
1143,2141,0
1147,1356,0
1147,1816,0
1149,2306,0
1150,672,1
1150,1581,0
1150,2329,0
1152,249,1
1152,2230,1
1153,1361,0
38,1154,0
113,1154,0
188,1154,0
547,1154,0
884,1154,0
1154,912,1
1154,982,1
1154,1081,1
1154,1089,1
1154,1348,1
1154,1415,1
1154,1956,1
2051,1154,0
1155,1309,0
1155,1518,0
1155,1789,0
1155,1981,0
1158,2114,0
1158,2458,0
27,1159,0
1159,100,1
1159,134,1
1159,293,1
1159,304,1
1159,307,1
1159,309,1
1159,312,1
1159,336,1
1159,393,1
1159,490,1
1159,577,1
625,1159,0
1159,635,1
690,1159,0
1159,707,1
795,1159,0
1159,840,1
1159,870,1
1159,953,1
1159,962,1
1176,1159,0
1159,1182,1
1159,1220,1
1159,1235,1
1159,1365,1
1427,1159,0
1159,1480,1
1159,1506,1
1159,1521,1
1159,1529,0
1543,1159,0
1648,1159,0
1650,1159,0
1159,1691,1
1159,1724,1
1765,1159,0
1847,1159,0
1159,1868,1
1933,1159,0
1159,1965,1
1159,1999,1
1159,2098,1
1159,2128,1
1159,2238,1
2353,1159,0
1159,2423,1
1160,29,1
1160,213,1
824,1160,0
1058,1160,0
1174,1160,0
1215,1160,0
1160,1267,0
1160,1325,1
1161,1553,0
1162,255,1
1162,415,1
1162,761,1
861,1162,0
1162,1267,1
1162,1406,1
1162,1457,1
1710,1162,0
1859,1162,0
1162,1883,1
1162,1900,1
1162,2132,1
1162,2402,1
1162,2404,1
1162,2407,1
2408,1162,0
1163,939,1
1163,1427,1
1163,1499,0
1163,1663,0
1163,1809,0
1164,1560,0
1164,2022,0
1165,1447,0
1167,1433,0
1170,1317,0
1171,99,1
1066,1171,0
1171,1259,1
1171,1264,1
1171,1485,0
1171,1543,1
1171,1862,1
1172,1401,1
1172,1848,1
1172,1994,0
1174,2429,0
1175,1624,0
1175,2340,0
1176,2016,0
1177,30,1
1177,339,1
829,1177,0
1178,1738,0
1179,1449,0
1179,1600,0
1181,241,1
587,1181,0
1181,635,1
939,1181,0
1181,1202,1
1181,1215,1
1181,1316,1
700,1182,0
846,1182,0
1182,1384,0
1183,2019,0
1184,1476,0
1184,1964,0
1184,1994,0
1184,2464,0
1185,1685,0
1185,1810,0
1186,891,1
1186,1913,1
1186,2046,0
1186,2183,1
1187,1778,0
1189,1276,0
1189,2357,0
1191,1193,0
1192,1951,0
1193,2464,0
1197,815,1
1197,1826,1
1198,619,1
1199,1694,1
1199,1832,0
1200,1513,0
1200,1760,0
1200,2262,0
1200,2386,0
1201,2010,0
1201,2268,0
1202,108,1
128,1202,0
542,1202,0
707,1202,0
1202,732,1
1202,881,1
1202,1316,1
1712,1202,0
1203,433,1
1203,1443,1
99,1208,0
1208,122,1
1208,171,1
257,1208,0
1208,326,1
434,1208,0
1208,635,1
1208,667,1
1208,759,1
1208,939,1
959,1208,0
1208,1049,1
1077,1208,0
1126,1208,0
1208,1196,1
1208,1285,1
1208,1311,1
1208,1319,1
1321,1208,0
1208,1338,1
1629,1208,0
1208,1643,1
1812,1208,0
1208,1902,1
1208,2061,1
1208,2081,1
1208,2205,1
1208,2346,1
1209,700,1
1209,1465,1
1209,2373,0
1212,283,1
1212,505,1
1212,1239,1
1212,1383,1
1415,1212,0
1212,1441,1
1601,1212,0
1212,1697,1
2053,1212,0
2127,1212,0
2151,1212,0
1212,2309,1
1213,1747,0
1214,71,1
1214,198,1
270,1214,0
1215,8,1
1215,9,1
1215,40,1
1215,44,1
203,1215,0
253,1215,0
1215,279,1
1215,330,1
1215,367,1
1215,378,1
412,1215,0
1215,449,1
1215,485,1
490,1215,0
1215,518,1
522,1215,0
546,1215,0
1215,591,1
1215,633,1
1215,690,1
1215,744,1
1215,759,1
800,1215,0
1215,801,1
809,1215,0
1215,833,1
843,1215,0
877,1215,0
1215,891,1
1215,922,1
1215,929,1
1215,977,1
1215,1055,1
1215,1119,1
1215,1175,1
1176,1215,0
1215,1179,1
1198,1215,0
1315,1215,0
1215,1432,1
1455,1215,0
1466,1215,0
1215,1530,1
1215,1553,1
1569,1215,0
1576,1215,0
1654,1215,0
1215,1665,0
1691,1215,0
1215,1706,1
1215,1724,1
1215,1736,1
1215,1746,1
1847,1215,0
1215,1896,1
1215,1899,1
1901,1215,0
1215,1962,1
1965,1215,0
1215,1986,1
1215,2113,1
1215,2236,1
1215,2237,1
1215,2276,1
1215,2319,0
1215,2340,1
1215,2378,1
1215,2422,1
1218,531,1
1218,624,1
1218,1517,0
1220,65,1
129,1220,0
1220,237,1
1220,290,1
303,1220,0
412,1220,0
1220,450,1
469,1220,0
1220,605,1
690,1220,0
704,1220,0
1220,710,1
745,1220,0
1220,939,1
1349,1220,0
1385,1220,0
1511,1220,0
1220,1877,1
1926,1220,0
1220,1968,1
1220,2010,0
2047,1220,0
1220,2163,1
2268,1220,0
1221,508,1
1221,984,1
1221,1971,0
1222,843,1
1222,2410,1
1223,355,1
1223,1461,1
1552,1223,0
1223,1853,1
1223,1950,0
1223,2263,1
2289,1223,0
1223,2318,0
2373,1223,0
1223,2390,0
1225,47,1
1225,81,1
1225,99,1
1225,136,1
153,1225,0
213,1225,0
902,1225,0
1225,1110,1
1213,1225,0
1225,1657,0
1225,1675,1
1895,1225,0
1225,2040,0
512,1226,0
1226,1309,0
1226,2282,0
1228,700,1
1228,1450,0
1465,1228,0
1228,2349,0
1228,2385,1
1229,1595,0
1230,1398,0
1231,63,1
215,1231,0
1231,269,1
1231,326,1
1231,433,1
1231,470,1
1231,519,1
563,1231,0
1231,620,1
635,1231,0
1231,709,1
1231,758,1
1231,833,1
1231,974,1
1298,1231,0
1231,1514,0
1231,1591,1
1231,1820,1
1232,2063,0
1234,1512,0
1234,1542,0
1236,2341,0
1239,1988,0
1240,1452,0
1240,1459,0
1242,1438,0
1243,2347,0
1244,1711,0
1245,2314,0
1246,1373,0
1246,1715,0
1247,2360,0
1248,1966,0
1248,1990,0
1248,2255,0
1249,2312,0
1250,1889,0
1251,1944,0
1251,1946,0
1251,2043,0
1252,340,1
1252,1910,0
126,1253,0
361,1253,0
625,1253,0
1253,635,1
660,1253,0
1253,687,1
1253,728,1
833,1253,0
1253,939,1
1253,1064,1
1215,1253,0
1253,1219,1
1253,1224,1
1251,1253,0
1351,1253,0
1253,1794,0
1253,1885,1
1913,1253,0
1253,1921,1
1253,2063,1
1253,2068,1
2125,1253,0
1253,2140,1
1253,2225,1
2456,1253,0
1254,334,1
1254,1355,0
1254,1973,1
1254,2254,0
1255,2412,0
1256,1794,0
1257,1434,0
1257,1804,0
1258,1449,0
1260,2395,0
1262,1724,0
1262,1880,0
1262,2236,0
1263,2220,0
1264,63,1
1264,282,1
1264,333,1
1264,470,1
479,1264,0
1264,635,1
638,1264,0
1264,669,1
1264,687,1
1264,833,1
1264,1230,1
1264,1298,1
1264,1555,1
1264,1728,1
1264,1987,1
1264,1999,1
1264,2035,1
1264,2045,0
2081,1264,0
1264,2171,0
1264,2183,1
2364,1264,0
1266,2211,0
1268,519,1
1268,939,1
1268,1445,1
1268,1682,1
1269,2208,0
1269,2393,0
1270,2022,0
1270,2134,0
1271,1353,0
1273,1532,0
1274,591,1
1274,1021,1
1274,1294,1
1274,1778,0
1274,2192,0
1275,1753,0
1275,1859,0
1275,2318,0
1275,2364,0
1276,1309,0
1276,2127,0
1277,571,1
1657,1277,0
1277,2046,0
1278,2015,0
1278,2125,0
1279,2055,0
1279,2108,0
1280,34,1
1280,47,1
245,1280,0
266,1280,0
681,1280,0
1280,690,1
1280,846,1
939,1280,0
1118,1280,0
1280,1215,1
1868,1280,0
1280,2184,0
2284,1280,0
2383,1280,0
1281,2016,0
1282,21,1
1282,275,1
563,1282,0
595,1282,0
1282,597,1
1282,648,1
1282,669,1
814,1282,0
1282,939,1
979,1282,0
1282,1009,1
1074,1282,0
1077,1282,0
1215,1282,0
1282,1278,1
1282,1416,1
1282,1419,1
1282,1550,0
1282,1641,1
1282,1794,1
1282,1895,1
1902,1282,0
1903,1282,0
1282,1904,1
1905,1282,0
1282,1908,1
1282,1909,1
1921,1282,0
1282,1975,1
2170,1282,0
2176,1282,0
2178,1282,0
2248,1282,0
1283,1629,1
1283,1812,0
1992,1283,0
99,1284,0
1284,1546,0
1286,1568,1
1287,1952,0
21,1288,0
275,1288,0
347,1288,0
595,1288,0
1288,597,1
1288,604,1
814,1288,0
1288,1009,1
1288,1073,1
1077,1288,0
1288,1419,1
1288,1585,1
1288,1641,1
1288,1794,1
1834,1288,0
1288,1902,1
1288,1904,1
1288,1905,1
1906,1288,0
1288,1908,1
1288,1909,1
1288,2008,0
1288,2170,1
2171,1288,0
2248,1288,0
2252,1288,0
1288,2336,1
2337,1288,0
1289,2337,0
1290,1301,0
1290,1464,0
1290,1798,0
1290,1823,0
1290,1853,0
1290,1998,0
1291,1297,0
1291,2332,0
1292,149,1
304,1292,0
1292,343,1
1292,631,1
1292,893,1
1292,918,1
1292,939,1
1292,1077,1
1292,1104,1
1292,1215,1
1292,1292,1
1292,1384,1
1404,1292,0
1292,1523,1
1292,1688,1
1292,1925,1
1292,1956,0
1292,1972,1
1292,2001,0
1292,2090,1
1293,2436,0
1295,1768,0
1295,2265,0
1296,2393,0
1297,1637,0
1297,2440,0
1299,2323,0
269,1300,0
939,1300,0
1300,1645,0
1300,2368,1
1302,700,1
1302,779,1
1302,959,1
1302,1024,1
1690,1302,0
1824,1302,0
1302,2437,0
1303,1817,0
1304,63,1
1304,340,1
927,1304,0
1304,1085,1
1304,2061,0
1305,1633,1
1305,2043,0
625,1306,0
1307,1783,0
1308,1549,0
1308,1737,0
526,1309,0
1309,553,1
1309,907,1
1309,1291,1
1309,1441,1
1309,1500,1
1309,1946,0
7,1311,0
1311,47,1
1311,88,1
1311,97,1
1311,101,1
1311,106,1
109,1311,0
149,1311,0
155,1311,0
1311,179,1
1311,186,1
1311,223,1
1311,262,1
1311,279,1
1311,285,1
293,1311,0
304,1311,0
1311,326,1
1311,332,1
1311,358,1
1311,369,1
1311,459,1
1311,471,1
1311,493,1
1311,494,1
503,1311,0
1311,553,1
1311,563,1
1311,629,1
1311,635,1
653,1311,0
1311,654,1
1311,681,1
1311,683,1
1311,701,1
1311,714,1
1311,735,1
1311,736,1
1311,781,1
800,1311,0
1311,838,1
1311,862,1
1311,874,1
1311,877,1
892,1311,0
1311,920,1
1311,939,1
997,1311,0
1311,1033,1
1039,1311,0
1311,1057,1
1311,1069,1
1078,1311,0
1311,1098,1
1311,1150,1
1311,1236,1
1311,1259,1
1311,1278,1
1292,1311,0
1311,1310,1
1311,1311,1
1311,1325,1
1329,1311,0
1342,1311,0
1311,1351,1
1311,1373,0
1311,1386,0
1405,1311,0
1311,1447,1
1311,1454,1
1311,1455,1
1471,1311,0
1311,1476,0
1311,1592,1
1311,1603,1
1311,1629,1
1311,1653,1
1311,1665,1
1677,1311,0
1700,1311,0
1311,1729,1
1744,1311,0
1311,1760,1
1311,1773,1
1311,1798,1
1802,1311,0
1311,1819,1
1311,1865,1
1311,1873,1
1311,1887,1
1921,1311,0
1311,1924,1
1926,1311,0
1946,1311,0
1311,2005,1
2019,1311,0
1311,2034,1
1311,2067,1
2085,1311,0
1311,2113,1
2130,1311,0
1311,2221,1
1311,2231,1
1311,2232,0
2238,1311,0
1311,2299,1
1311,2301,0
1311,2303,1
1311,2353,1
1311,2406,1
1311,2463,1
1312,939,1
51,1313,0
1302,1313,0
1350,1313,0
1873,1313,0
100,1314,0
1314,116,1
188,1314,0
1314,254,1
361,1314,0
1314,433,1
563,1314,0
1314,758,1
796,1314,0
1314,974,1
1348,1314,0
1314,1425,1
1314,1455,0
1621,1314,0
1314,1679,1
1747,1314,0
1314,1934,1
1314,2466,1
1315,1773,0
1315,1876,0
603,1317,0
1317,679,1
1317,923,1
1317,928,1
1317,1547,1
1317,1611,1
1317,1618,1
1317,1910,0
1317,2161,1
1317,2220,1
1317,2389,0
1320,1788,0
1321,1384,0
1323,1275,1
1325,1431,0
1326,1430,0
1327,2277,0
1328,1487,0
1329,1450,0
1330,1884,0
1330,2337,0
1331,1650,0
1331,1852,0
1331,2084,0
1332,300,1
605,1332,0
1332,1239,1
1332,1350,0
1332,1415,1
1503,1332,0
1332,2075,1
1332,2224,1
1332,2308,1
2309,1332,0
1334,47,1
419,1334,0
1092,1334,0
1335,1890,0
1336,1580,0
1336,2332,0
1337,1882,1
1339,78,1
1339,116,1
1339,139,1
1339,163,1
1339,182,1
302,1339,0
1339,364,1
1339,408,1
1339,411,1
1339,624,1
634,1339,0
1339,636,1
1339,637,1
717,1339,0
1339,741,1
773,1339,0
1339,791,1
817,1339,0
1339,886,1
1339,930,1
935,1339,0
1339,1045,1
1339,1046,1
1339,1135,1
1339,1153,1
1339,1167,1
1339,1189,1
1339,1423,1
1339,1470,1
1522,1339,0
1339,1535,1
1339,1561,1
1339,1611,0
1615,1339,0
1339,1655,1
1693,1339,0
1726,1339,0
1339,1754,1
1764,1339,0
1339,1786,1
1339,1793,1
1809,1339,0
1867,1339,0
1339,1963,1
1339,2065,1
1339,2076,1
2180,1339,0
2238,1339,0
1339,2366,1
1340,63,1
1340,625,1
635,1340,0
1340,644,1
706,1340,0
1340,761,1
1340,902,1
1682,1340,0
1792,1340,0
1920,1340,0
1340,2361,1
1341,1690,0
1342,1951,0
1343,2261,1
2404,1343,0
1344,1431,0
1345,1077,1
1345,1952,0
1345,2243,0
1346,79,1
1346,99,1
1346,690,1
1346,750,1
1346,1913,0
1965,1346,0
1348,994,1
1348,1258,1
1348,1375,0
1348,1482,0
1349,2009,0
1350,1853,0
1351,1443,0
1351,1899,0
1352,1457,0
1352,1563,0
1353,64,1
1353,1705,1
2055,1353,0
1353,2222,1
2244,1353,0
1353,2291,1
1353,2317,1
1353,2320,1
1353,2376,1
1353,2409,1
1354,1384,0
1354,1679,0
1355,29,1
203,1355,0
1355,221,1
1355,251,1
1355,339,1
1355,341,1
1355,386,1
1355,426,1
452,1355,0
512,1355,0
1355,563,1
577,1355,0
599,1355,0
1355,654,1
1355,664,1
1355,690,1
1355,857,1
1355,920,1
939,1355,0
1243,1355,0
1355,1265,1
1355,1293,1
1355,1318,1
1355,1458,1
1355,1576,1
1355,1712,1
1355,1716,0
1355,1868,1
1879,1355,0
1355,1921,1
1355,2035,1
1356,2438,0
1358,1980,1
102,1359,0
408,1359,0
624,1359,0
1359,628,1
1359,634,1
1359,690,1
1359,737,1
1359,864,1
1359,900,1
1359,935,1
939,1359,0
1359,1072,1
1359,1094,1
1359,1307,1
1359,1322,1
1359,1383,1
1359,1410,0
1359,1415,1
1359,1416,1
1359,1441,1
1359,1466,1
1488,1359,0
1724,1359,0
1359,1836,1
1359,1847,1
1359,1868,1
1359,1912,1
1921,1359,0
1359,2015,1
1359,2035,1
2053,1359,0
1359,2183,1
1359,2293,1
1359,2342,1
1359,2462,1
1158,1360,0
1362,2312,0
1364,2432,0
1365,79,1
1365,99,1
1365,430,1
1365,1091,1
1365,1469,1
1365,1633,0
1921,1365,0
1365,2039,1
1365,2044,1
1366,2151,0
1367,1562,0
1368,1728,0
1368,1748,0
1369,1386,0
1369,1404,0
1370,1473,0
1370,1973,0
1371,1638,0
1663,1371,0
1371,1666,0
1371,2110,0
1371,2347,0
1372,2385,0
1373,1473,0
1377,1274,1
1377,1677,0
539,1378,0
1379,1744,0
1380,399,1
1380,1571,0
1381,23,1
173,1381,0
293,1381,0
537,1381,0
1381,559,1
603,1381,0
1381,619,1
645,1381,0
1205,1381,0
1381,1236,1
1381,1473,1
1600,1381,0
1381,1778,1
1846,1381,0
1381,1913,1
1381,1921,1
1381,1999,1
2404,1381,0
1382,1866,0
1383,1539,0
1383,2249,0
1386,1786,0
1386,1884,0
1387,1838,0
1387,2105,0
1389,2115,0
1392,1869,0
399,1393,0
1939,1393,0
1394,2427,0
1395,2004,0
1396,206,1
1396,370,1
619,1396,0
1396,913,1
1113,1396,0
1122,1396,0
1347,1396,0
1396,1450,1
1953,1396,0
1397,1943,0
1397,2189,0
654,1400,0
939,1400,0
1400,1215,1
1400,1847,1
1400,2378,0
1401,1562,0
1402,1457,0
1402,1863,0
1403,102,1
133,1403,0
189,1403,0
408,1403,0
427,1403,0
602,1403,0
1403,624,1
1403,628,1
1403,635,1
690,1403,0
1403,716,1
1403,729,1
1403,737,1
1403,743,1
864,1403,0
1403,900,1
935,1403,0
939,1403,0
1403,963,1
1403,1072,1
1403,1232,1
1403,1322,1
1403,1351,1
1403,1383,1
1403,1415,1
1403,1416,1
1403,1466,1
1403,1495,1
1403,1513,1
1545,1403,0
1403,1601,1
1403,1711,1
1836,1403,0
1403,1847,1
1403,1868,1
1403,1912,1
1403,1921,1
1403,1965,1
1403,2015,1
2035,1403,0
1403,2053,1
1403,2293,1
1403,2411,1
1403,2426,1
2462,1403,0
1404,213,1
1407,1418,0
1409,939,1
1409,1834,1
1409,2041,0
1411,107,1
870,1411,0
1050,1411,0
1411,1539,1
1411,1868,1
2447,1411,0
1413,1910,0
1417,1486,0
1417,1510,0
1417,2233,0
2331,1417,0
1418,1736,0
1419,2215,0
1420,2066,0
939,1422,0
1422,2062,0
1422,2281,1
1423,1471,0
1424,1847,0
1425,1618,0
1425,2393,0
1426,1488,0
1427,1856,0
1429,1857,0
1433,1903,0
1433,1977,0
1433,2033,0
1433,2163,0
1435,95,1
190,1435,0
1435,725,1
1181,1435,0
1316,1435,0
1377,1435,0
1435,1524,0
1435,1672,1
1435,1702,1
1435,2202,1
99,1436,0
281,1436,0
1436,718,1
1436,848,1
1436,1514,1
1436,1612,0
1436,1848,1
1436,1995,0
2118,1436,0
1436,2144,1
1437,1993,1
1437,2265,0
1438,629,1
632,1438,0
1438,672,1
1321,1438,0
1438,1808,0
1438,1973,0
1438,2110,0
1438,2299,0
2325,1438,0
63,1439,0
1439,283,1
326,1439,0
1439,470,1
635,1439,0
638,1439,0
1439,669,1
684,1439,0
687,1439,0
833,1439,0
1439,1215,1
1439,1230,1
1439,1298,1
1439,2035,1
1439,2183,1
1440,1867,0
1441,1646,0
1444,1569,0
1445,1712,0
1445,1892,0
1446,1541,0
1446,2460,0
1448,2232,0
1448,2260,0
1449,1980,0
1450,8,1
1450,80,1
1450,207,1
1450,304,1
1450,653,1
1450,781,1
1450,800,1
1450,855,1
877,1450,0
1315,1450,0
1450,1351,1
1450,1418,1
1450,1839,0
1450,1921,1
1450,2149,1
1450,2356,1
1451,1971,0
1452,99,1
1886,1452,0
1453,1966,0
1456,2183,0
1456,2202,0
1456,2391,0
1458,1633,0
1459,153,1
1459,1718,0
1459,2316,1
1465,1985,0
1465,2230,0
1468,1808,0
90,1469,0
1469,131,1
1469,369,1
408,1469,0
476,1469,0
635,1469,0
654,1469,0
1469,672,1
1469,809,1
1469,833,1
1469,870,1
1469,885,1
1469,889,1
1469,891,1
1469,935,1
1469,939,1
1469,997,1
1469,1060,1
1469,1072,1
1469,1080,1
1469,1196,1
1469,1307,1
1469,1330,1
1469,1392,1
1469,1397,1
1407,1469,0
1413,1469,0
1469,1425,1
1532,1469,0
1541,1469,0
1469,1574,1
1469,1694,0
1469,1722,1
1469,1755,1
1469,1767,1
1469,1821,1
1469,1834,1
1469,1836,1
1864,1469,0
1469,1867,1
1469,1892,1
1469,1933,0
1469,1974,1
1469,2011,1
1469,2342,1
1469,2447,1
1471,2030,0
1471,2110,0
1472,399,1
1170,1472,0
1472,1202,1
1472,1980,1
1472,2035,0
2269,1472,0
2292,1472,0
265,1474,0
1474,2050,0
1475,61,1
1475,191,1
1475,376,1
1475,413,1
1475,437,1
1475,527,1
1475,655,1
1475,685,1
1475,824,1
1475,1025,1
1475,1095,1
1475,1119,1
1475,1233,1
1475,1336,1
1475,1404,1
1475,1462,1
1598,1475,0
1475,1644,1
1475,1766,1
1475,1813,1
1478,1893,0
1479,2390,0
1480,312,1
449,1480,0
1480,758,1
803,1480,0
1480,1205,1
1480,1272,1
1480,1405,1
1480,1480,1
1551,1480,0
1480,2221,0
2349,1480,0
1480,2428,0
1481,2464,0
1483,1592,0
1484,2109,0
265,1485,0
1485,1688,0
1486,213,1
1486,838,1
1486,954,1
1487,1538,0
1488,1720,0
1490,1891,0
1490,1948,0
63,1491,0
1491,470,1
1491,638,1
669,1491,0
1491,1215,1
1230,1491,0
1491,1298,1
1491,1820,1
1491,1999,1
1491,2035,1
1491,2081,1
2183,1491,0
1492,628,1
1492,2160,0
1492,2323,0
1495,1675,0
1495,2415,0
1496,415,1
1496,535,1
373,1498,0
1498,1050,1
1446,1498,0
1499,2035,0
1501,2277,0
834,1503,0
1503,2053,1
1503,2238,1
1503,2390,0
1504,1861,0
1505,269,1
304,1505,0
1311,1505,0
1506,1608,0
1506,2069,0
1507,1118,1
1507,2104,0
1514,1603,0
1514,1860,0
1509,1515,0
1515,2094,0
1518,2442,0
1519,560,1
1519,1477,1
1519,1520,0
1519,1540,1
245,1520,0
351,1520,0
1520,563,1
1520,812,1
1520,939,1
1520,1404,1
1533,1520,0
1520,2314,0
1521,2130,0
1522,2081,0
1523,1625,0
1526,386,1
1526,1813,0
1526,2104,0
1526,2238,1
1527,1758,0
1529,2071,0
1530,1644,0
1531,29,1
188,1531,0
700,1531,0
1531,732,1
1196,1531,0
1531,1221,1
1348,1531,0
1531,1468,1
1531,1535,0
1664,1531,0
1531,1824,1
1531,1847,1
1531,2385,1
1532,1536,0
1534,1545,0
1536,2294,0
1537,2417,0
1538,2305,0
1538,2443,0
1539,1617,0
1540,2237,0
1542,635,1
826,1542,0
1542,939,1
1542,1469,1
1542,2122,1
1542,2197,0
79,1543,0
276,1543,0
1543,294,1
328,1543,0
1543,350,1
1543,353,1
1543,575,1
644,1543,0
829,1543,0
1543,891,1
1543,1259,1
1516,1543,0
1543,1754,1
1543,1847,1
1544,98,1
1544,328,1
1544,412,1
1544,600,1
707,1544,0
1544,840,1
1544,870,1
1544,908,1
1544,1170,1
1544,1182,1
1544,1480,1
1544,1765,1
1544,1847,1
1544,1868,1
2098,1544,0
1546,102,1
1546,427,1
1546,432,1
624,1546,0
1546,628,1
1546,634,1
1546,635,1
690,1546,0
737,1546,0
1546,763,1
1546,864,1
1546,935,1
1546,939,1
1072,1546,0
1546,1094,1
1322,1546,0
1546,1351,1
1546,1383,1
1415,1546,0
1416,1546,0
1441,1546,0
1466,1546,0
1546,1488,1
1546,1601,1
1546,1783,1
1546,1847,1
1546,1868,1
1546,1912,1
1546,1921,1
1546,1965,1
2035,1546,0
1546,2053,1
1546,2183,1
1546,2293,1
2342,1546,0
2426,1546,0
1546,2446,0
1546,2462,1
1548,1940,0
1548,2201,0
1548,2338,0
1549,755,1
1549,1182,1
1551,2237,0
1557,1734,0
870,1558,0
908,1558,0
1558,1868,1
1558,1999,1
213,1559,0
258,1559,0
1559,346,1
1559,445,1
1559,520,1
1559,523,1
1559,563,1
1559,571,1
1559,583,1
636,1559,0
1559,686,1
1559,786,1
1559,814,1
1559,891,1
1559,910,1
966,1559,0
1054,1559,0
1160,1559,0
1559,1183,1
1559,1239,1
1559,1331,1
1559,1663,1
1559,1691,1
1559,1968,1
1559,2026,1
2095,1559,0
2111,1559,0
1559,2279,1
1560,2220,0
1560,2247,0
1561,2239,0
1562,1749,0
1562,1922,0
1562,2187,0
1563,2285,0
1564,1661,0
1564,1740,0
1564,1991,1
1564,2013,0
1564,2053,0
1565,2255,0
2240,1566,0
1567,2414,0
1568,19,1
1568,169,1
292,1568,0
1568,625,1
964,1568,0
1568,1083,1
1568,1102,1
1348,1568,0
1568,1448,1
1568,1663,1
1568,1682,1
1568,1694,1
1715,1568,0
1972,1568,0
1568,1976,1
2035,1568,0
1568,2138,1
2242,1568,0
1568,2348,0
1568,2376,0
1568,2469,1
1569,1657,0
1569,2374,0
1570,1856,0
1571,2059,0
1688,1572,0
1921,1572,0
1573,2200,0
1573,2250,0
1573,2372,0
1574,1824,0
1574,2124,0
635,1575,0
1985,1575,0
1575,2257,0
1575,2404,0
1576,2167,0
1576,2206,0
1578,47,1
2087,1578,0
1580,2158,0
1242,1581,0
1581,1826,0
1583,1728,0
1586,441,1
1586,665,1
1587,1798,0
1588,1752,0
1588,1847,1
1589,2103,0
1589,2124,0
1590,2448,0
1592,2453,0
1595,1710,0
1595,1953,0
1596,1876,0
1596,2125,1
1597,408,1
628,1597,0
1597,634,1
1597,935,1
1072,1597,0
1597,1307,1
1597,1488,1
1836,1597,0
2462,1597,0
1600,2302,0
1604,1834,1
1606,23,1
190,1606,0
214,1606,0
584,1606,0
706,1606,0
725,1606,0
1606,1181,1
1377,1606,0
1606,1672,1
1969,1606,0
1606,2257,0
1847,1608,0
1609,546,1
619,1609,0
1609,974,1
1609,1459,1
1609,1819,1
1970,1609,0
1609,2035,1
2183,1609,0
1609,2443,1
1611,1859,0
1615,2002,0
1616,619,1
1616,823,1
1018,1616,0
1616,1142,1
1616,1543,1
1616,1976,1
1616,2136,0
144,1617,0
628,1617,0
1617,997,1
2010,1617,0
1619,2235,0
1621,1788,0
1621,2436,0
1622,1655,0
1623,939,1
1623,1936,0
1624,1630,0
1625,304,1
647,1625,0
1625,1716,0
1628,1771,0
1628,1794,0
1629,28,1
1629,32,1
1629,195,1
1629,307,1
1629,660,1
1040,1629,0
1049,1629,0
1574,1629,0
1629,1992,1
1630,2267,0
1630,2288,0
1631,32,1
1631,74,1
1631,603,1
1631,672,1
822,1631,0
1631,939,1
1631,1147,1
1631,1196,1
1631,1287,1
1565,1631,0
1632,571,1
881,1632,0
1632,1907,0
1632,2099,0
1632,2426,1
1633,1737,0
1497,1634,0
1634,2362,0
1635,2120,0
1636,2108,0
1637,216,1
1637,591,1
1637,1702,1
1637,2148,1
1639,1851,0
1639,2316,0
1641,2433,0
1643,2400,0
1645,385,1
1645,412,1
1645,1848,1
1645,1875,1
1645,2220,0
1645,2369,0
1645,2405,1
1647,1833,0
1650,1769,0
1650,2148,0
1652,673,1
1652,810,1
1652,1205,1
1652,1966,0
1652,2385,1
328,1653,0
1653,1215,1
1653,2128,1
1655,1943,0
1657,1658,0
1657,1851,0
1659,2435,0
1660,1748,0
1662,2197,0
1664,2039,0
1664,2231,0
1666,1700,0
1670,79,1
1460,1670,0
1670,2124,1
1670,2251,0
1671,1613,1
1672,241,1
1672,635,1
939,1672,0
1672,1316,1
1834,1672,0
1672,2109,0
1674,2221,0
1674,2261,0
1679,574,1
1679,1264,1
1414,1679,0
1679,1872,0
1679,1900,0
1933,1679,0
1679,2420,0
1680,1738,1
1681,924,1
1684,2172,0
1685,2011,0
1687,1744,0
1687,1867,0
1688,2451,0
1690,2249,0
1692,690,1
1692,902,1
1420,1692,0
1694,2441,0
1696,2031,0
496,1697,0
1698,1936,0
1698,2464,0
1700,92,1
176,1700,0
1700,196,1
1700,380,1
1700,690,1
1700,1005,1
1700,1195,1
1700,1215,1
1700,1467,1
1700,2105,1
2225,1700,0
187,1701,0
1701,1967,0
1701,1990,0
1702,241,1
587,1702,0
1702,813,1
1702,1005,1
1702,1202,1
1702,2273,1
1703,2071,0
1704,2113,0
1704,2373,0
1705,2038,0
1705,2148,0
1705,2183,0
1709,415,1
1709,465,1
713,1709,0
742,1709,0
1709,1331,1
1709,2112,1
1709,2146,0
1710,269,1
383,1710,0
1710,2440,0
1714,2282,0
1716,2287,0
1717,2091,0
889,1718,0
959,1718,0
1719,300,1
605,1719,0
1719,1086,1
1719,1239,1
1719,1441,1
1719,2075,1
1719,2224,1
2324,1719,0
1721,2379,0
1723,2206,0
1723,2277,0
1724,1785,0
1727,1754,0
1731,739,1
1731,924,1
1732,1780,0
1733,3,1
1733,213,1
1733,255,1
293,1733,0
315,1733,0
1733,325,1
1733,464,1
1733,693,1
1733,761,1
861,1733,0
939,1733,0
1733,1131,1
1733,1160,1
1733,1208,1
1733,1704,1
2020,1733,0
2299,1733,0
2407,1733,0
2408,1733,0
1734,30,1
1734,244,1
1734,311,1
1196,1734,0
1799,1734,0
1734,2446,1
1735,1739,0
1735,2395,0
1738,273,1
1739,2215,0
1739,2220,0
1740,1771,0
1743,1975,0
1744,430,1
1745,2415,0
1746,681,1
1746,1860,1
2318,1746,0
1747,2121,0
706,1749,0
1749,2430,0
1233,1750,0
1750,1920,0
1750,1979,0
1750,2000,0
1751,296,1
1751,1717,1
1660,1753,0
1753,2080,0
1755,2098,0
1756,2282,0
1757,1534,1
1757,1607,1
1759,213,1
1759,635,1
1759,1868,1
1759,2035,1
1761,2225,0
1763,2297,0
1764,1767,0
1766,2114,0
1766,2240,0
1769,119,1
1769,476,1
1770,25,1
1770,32,1
126,1770,0
1770,176,1
1770,213,1
1770,335,1
508,1770,0
1770,584,1
1770,635,1
687,1770,0
1770,706,1
728,1770,0
1770,743,1
1770,751,1
1770,820,1
1770,872,1
1770,939,1
1209,1770,0
1770,1215,1
1770,1219,1
1770,1351,1
1705,1770,0
1868,1770,0
1770,1885,1
1913,1770,0
1770,1921,1
1770,1932,1
1770,2063,1
2140,1770,0
2309,1770,0
1771,99,1
100,1771,0
144,1771,0
1771,270,1
1771,309,1
355,1771,0
1771,361,1
412,1771,0
520,1771,0
1771,563,1
1771,587,1
637,1771,0
1771,659,1
1771,833,1
939,1771,0
1771,1145,1
1771,1156,1
1215,1771,0
1425,1771,0
1441,1771,0
1621,1771,0
1771,1679,1
1691,1771,0
1705,1771,0
1771,1790,1
1793,1771,0
1771,1817,1
1832,1771,0
1771,2010,1
1771,2189,1
2200,1771,0
1771,2267,1
1773,635,1
1773,1290,1
1633,1773,0
1773,1834,1
1868,1773,0
1774,1659,1
1776,1883,0
258,1777,0
300,1777,0
412,1777,0
1777,846,1
1777,2449,0
1782,654,1
1782,911,1
1425,1782,0
1427,1782,0
1782,2001,0
1782,2184,0
1782,2428,0
1784,2335,0
1784,2360,0
1786,2134,0
1786,2330,0
220,1787,0
1788,2237,0
1788,2417,0
1790,2110,0
1790,2240,0
1790,2429,0
1791,2200,0
1389,1796,0
1796,2052,0
1797,2398,0
1799,1994,0
1799,2361,0
79,1802,0
1802,228,1
1802,283,1
635,1802,0
1802,687,1
1802,690,1
819,1802,0
1802,833,1
1215,1802,0
1802,1230,1
1802,1280,1
1802,1537,1
1802,1728,1
1802,2035,1
505,1804,0
1804,526,1
1804,711,1
1291,1804,0
1804,2137,1
1806,68,1
1806,190,1
1806,508,1
1806,584,1
706,1806,0
1806,725,1
797,1806,0
1806,1181,1
1806,1196,1
1806,1215,1
1806,1377,1
1806,1672,1
1702,1806,0
1806,1918,1
1926,1806,0
1806,1969,1
1806,2052,1
1806,2241,0
1806,2250,0
1807,3,1
1807,2044,0
1808,1691,1
1808,2106,0
1808,2431,0
1809,1815,0
1809,2446,0
1810,82,1
891,1810,0
1810,1482,1
1810,1811,1
1925,1810,0
1810,2058,1
1811,2382,0
1812,2059,0
1813,2289,0
1813,2316,0
1814,1963,1
1196,1816,0
1816,2449,0
1234,1818,0
1818,1921,1
65,1819,0
1819,80,1
1819,114,1
130,1819,0
1819,211,1
1819,213,1
307,1819,0
1819,318,1
1819,326,1
1819,340,1
1819,361,1
1819,375,1
1819,386,1
1819,404,1
1819,412,1
1819,417,1
1819,436,1
446,1819,0
452,1819,0
520,1819,0
1819,525,1
542,1819,0
1819,561,1
571,1819,0
1819,602,1
1819,608,1
625,1819,0
1819,635,1
1819,660,1
1819,665,1
667,1819,0
1819,670,1
1819,673,1
1819,674,1
1819,687,1
1819,690,1
1819,700,1
1819,705,1
709,1819,0
743,1819,0
798,1819,0
806,1819,0
833,1819,0
1819,843,1
872,1819,0
1819,902,1
939,1819,0
1819,951,1
1819,994,1
1819,1004,1
1819,1009,1
1819,1058,1
1062,1819,0
1819,1064,1
1078,1819,0
1819,1103,1
1168,1819,0
1819,1173,1
1176,1819,0
1819,1186,1
1196,1819,0
1819,1205,1
1819,1206,1
1215,1819,0
1819,1219,1
1819,1224,1
1819,1230,1
1819,1242,1
1819,1251,1
1819,1258,1
1819,1259,1
1819,1268,1
1819,1320,1
1819,1348,1
1351,1819,0
1385,1819,0
1404,1819,0
1565,1819,0
1819,1621,1
1638,1819,0
1819,1654,1
1819,1691,1
1819,1704,1
1819,1705,1
1819,1724,1
1819,1824,1
1836,1819,0
1819,1868,1
1819,1885,1
1819,1892,1
1819,1898,1
1819,1913,1
1819,1914,1
1929,1819,0
1932,1819,0
1819,1965,1
1819,1984,1
1819,1992,1
1819,1998,1
1819,2063,1
1819,2064,1
2077,1819,0
2124,1819,0
1819,2125,1
1819,2144,1
1819,2179,1
1819,2191,1
1819,2329,1
2342,1819,0
1819,2395,1
1819,2426,1
2443,1819,0
1819,2456,1
1819,2475,1
1820,2206,0
1823,939,1
1827,2036,0
1829,2177,0
1830,1946,0
1830,2395,0
1763,1831,0
1831,2148,0
1831,2181,0
340,1833,0
1833,635,1
1833,1014,1
1833,1835,0
1833,2095,0
1833,2214,1
1834,24,1
79,1834,0
158,1834,0
1834,213,1
1834,272,1
1834,386,1
1834,394,1
1834,439,1
1834,471,1
1834,480,1
1834,690,1
766,1834,0
825,1834,0
1834,939,1
1834,1117,1
1834,1290,1
1834,1316,1
1834,1327,1
1363,1834,0
1527,1834,0
1834,1641,1
1834,1667,1
1737,1834,0
1834,1802,1
1877,1834,0
1834,1907,1
1926,1834,0
1948,1834,0
1967,1834,0
1834,2035,1
1834,2054,1
1834,2064,1
2116,1834,0
1834,2197,1
2224,1834,0
1834,2351,1
1835,687,1
1835,1921,1
1837,2208,0
1840,1996,0
1842,50,1
323,1842,0
1842,505,1
1239,1842,0
1842,1415,1
1842,1441,1
1842,1676,1
1842,2233,1
1843,1876,0
1844,430,1
1844,2060,0
1844,2434,0
1845,1868,0
1845,1989,0
1846,2266,0
1849,79,1
566,1849,0
1514,1849,0
1849,1611,1
1849,2331,1
1852,1965,0
1854,757,1
1854,906,1
1854,2459,1
1855,2333,0
1858,2366,0
1859,1970,0
1859,2021,0
1860,2275,0
1861,1040,1
1861,2010,0
1863,2421,0
1864,1999,0
1865,2234,0
1866,2035,1
1866,2050,0
11,1868,0
29,1868,0
1868,32,1
213,1868,0
1868,214,1
1868,232,1
251,1868,0
1868,274,1
307,1868,0
328,1868,0
1868,341,1
1868,345,1
1868,361,1
412,1868,0
457,1868,0
584,1868,0
1868,619,1
1868,625,1
660,1868,0
669,1868,0
1868,700,1
706,1868,0
1868,809,1
1868,843,1
1868,867,1
1868,876,1
1868,949,1
1868,959,1
1066,1868,0
1100,1868,0
1147,1868,0
1868,1161,1
1176,1868,0
1868,1196,1
1205,1868,0
1868,1215,1
1259,1868,0
1311,1868,0
1868,1352,1
1868,1501,1
1868,1626,1
1868,1661,1
1868,1695,1
1868,1724,1
1788,1868,0
1868,1824,1
1868,1838,1
1868,1868,1
1868,1893,1
1925,1868,0
1965,1868,0
1868,1992,1
2000,1868,0
1868,2182,1
2238,1868,0
1868,2263,1
2385,1868,0
1868,2422,0
2458,1868,0
2465,1868,0
1868,2468,1
1868,2469,1
1869,758,1
1869,796,1
1869,974,1
1869,1059,1
1934,1869,0
1870,2260,0
1871,2222,0
1872,2316,1
1874,1904,0
1875,2339,0
1876,38,1
1876,188,1
1876,912,1
982,1876,0
1876,1089,1
1128,1876,0
1876,1348,1
1876,2051,1
1876,2305,1
1876,2418,0
1878,430,1
1878,567,1
29,1881,0
213,1881,0
1881,318,1
1881,635,1
657,1881,0
1881,658,1
1881,687,1
728,1881,0
1881,872,1
1881,951,1
1881,1064,1
1881,1164,1
1215,1881,0
1219,1881,0
1881,1224,1
1881,1251,1
1881,1351,1
1881,1545,1
1881,1839,1
1881,1913,1
1881,1921,1
1941,1881,0
1881,2063,1
2125,1881,0
2145,1881,0
1881,2192,1
863,1884,0
1884,2233,0
1209,1889,0
1890,2181,0
1892,2379,0
1894,2413,0
1895,2036,1
1895,2353,0
1896,2299,0
1897,2009,0
1897,2256,0
1899,11,1
1899,213,1
457,1899,0
1899,1352,1
1899,2151,0
2307,1899,0
1901,2258,0
1902,2364,0
1905,2223,0
1906,1960,0
1908,2429,0
1362,1911,0
1868,1911,0
1911,2165,0
1911,2307,1
1912,2078,0
1915,2031,0
1915,2170,0
1917,399,1
1917,1939,1
1918,1949,0
1919,51,1
1919,891,1
1919,1140,1
1215,1919,0
1919,1427,1
1445,1919,0
1919,2035,1
2276,1919,0
1920,2297,0
304,1923,0
655,1923,0
1923,939,1
1923,1182,1
1926,2333,0
99,1928,0
1928,2306,0
1929,2232,0
1929,2282,0
2426,1929,0
1930,2189,0
1931,2183,0
1934,47,1
1934,2055,0
1934,2138,0
1934,2338,0
1935,130,1
1935,213,1
1935,293,1
1935,384,1
1935,408,1
1935,706,1
1935,840,1
1935,926,1
1935,939,1
959,1935,0
1049,1935,0
1097,1935,0
1144,1935,0
1935,1196,1
1935,1221,1
1935,1239,1
1935,1296,1
1935,1444,1
1935,1565,1
1935,1640,1
1935,1847,1
1935,1895,1
2073,1935,0
2432,1935,0
2473,1935,0
1377,1936,0
1125,1938,0
1938,2428,0
1940,1972,0
1941,2249,0
1942,635,1
714,1942,0
1942,1802,1
1943,430,1
1943,2339,1
1947,2051,0
1947,2146,0
1949,328,1
2406,1949,0
1950,65,1
1950,116,1
1950,178,1
179,1950,0
1950,188,1
1950,300,1
1950,306,1
1950,405,1
533,1950,0
1950,609,1
1950,619,1
670,1950,0
1950,696,1
771,1950,0
1950,868,1
1950,915,1
1950,939,1
1005,1950,0
1161,1950,0
1950,1187,1
1950,1189,1
1191,1950,0
1270,1950,0
1950,1328,1
1950,1497,1
1950,1499,1
1533,1950,0
1950,1584,1
1950,1585,1
1950,1619,1
1950,1712,1
1937,1950,0
1955,1950,0
1997,1950,0
2129,1950,0
2283,1950,0
1950,2307,1
2310,1950,0
1950,2316,1
268,1951,0
1951,700,1
859,1951,0
1951,959,1
1951,1424,1
1426,1951,0
1661,1951,0
1951,1664,1
1951,1824,1
1951,1847,1
1951,2101,0
1951,2204,1
2276,1951,0
1951,2363,1
2382,1951,0
1951,2385,1
2388,1951,0
2390,1951,0
1952,48,1
1952,1285,1
1952,1660,1
1819,1952,0
1952,2308,0
1955,3,1
1955,4,1
8,1955,0
1955,10,1
17,1955,0
1955,29,1
1955,32,1
1955,51,1
1955,69,1
1955,74,1
79,1955,0
1955,81,1
1955,95,1
1955,99,1
116,1955,0
1955,127,1
1955,186,1
213,1955,0
1955,214,1
241,1955,0
1955,242,1
1955,251,1
1955,258,1
268,1955,0
285,1955,0
1955,293,1
301,1955,0
304,1955,0
1955,307,1
309,1955,0
323,1955,0
326,1955,0
1955,328,1
359,1955,0
361,1955,0
369,1955,0
1955,391,1
399,1955,0
405,1955,0
1955,408,1
1955,413,1
1955,422,1
1955,439,1
1955,452,1
466,1955,0
508,1955,0
515,1955,0
517,1955,0
1955,546,1
547,1955,0
563,1955,0
1955,584,1
1955,585,1
1955,589,1
1955,603,1
1955,619,1
625,1955,0
1955,635,1
1955,646,1
1955,660,1
676,1955,0
1955,688,1
1955,690,1
1955,696,1
700,1955,0
707,1955,0
1955,719,1
727,1955,0
732,1955,0
1955,733,1
1955,742,1
1955,762,1
767,1955,0
781,1955,0
785,1955,0
1955,793,1
808,1955,0
813,1955,0
1955,823,1
1955,828,1
853,1955,0
858,1955,0
859,1955,0
1955,877,1
888,1955,0
1955,889,1
1955,907,1
1955,933,1
939,1955,0
1955,951,1
959,1955,0
1955,965,1
969,1955,0
981,1955,0
993,1955,0
1042,1955,0
1955,1064,1
1955,1066,1
1955,1097,1
1955,1126,1
1955,1144,1
1955,1147,1
1148,1955,0
1176,1955,0
1955,1206,1
1955,1221,1
1228,1955,0
1955,1234,1
1955,1240,1
1250,1955,0
1955,1259,1
1955,1270,1
1955,1278,1
1955,1287,1
1955,1325,1
1955,1327,1
1351,1955,0
1955,1433,1
1434,1955,0
1448,1955,0
1955,1466,1
1955,1468,1
1955,1501,1
1955,1504,1
1955,1507,1
1955,1537,1
1955,1579,1
1955,1583,1
1626,1955,0
1955,1647,1
1658,1955,0
1955,1661,1
1664,1955,0
1955,1684,1
1955,1690,1
1695,1955,0
1955,1705,1
1955,1708,1
1712,1955,0
1955,1801,1
1955,1824,1
1955,1838,1
1955,1847,1
1856,1955,0
1899,1955,0
1913,1955,0
1921,1955,0
1955,1925,1
1932,1955,0
1935,1955,0
1955,1965,1
1955,1997,1
1955,2011,1
1955,2023,1
1955,2073,1
2092,1955,0
2108,1955,0
1955,2119,1
1955,2125,1
2131,1955,0
2133,1955,0
2167,1955,0
1955,2173,1
2204,1955,0
2223,1955,0
2238,1955,0
1955,2241,1
1955,2276,1
1955,2279,1
1955,2299,1
2323,1955,0
1955,2347,1
1955,2363,1
1955,2385,1
1955,2388,1
1955,2390,1
2391,1955,0
2427,1955,0
1955,2441,1
1955,2453,1
1955,2464,1
1955,2465,1
2469,1955,0
1957,2187,0
946,1960,0
1960,2412,0
1961,63,1
933,1961,0
1961,1239,1
1961,1581,1
1961,2003,1
1961,2207,0
1962,2193,0
1968,1991,0
1968,2058,0
59,1970,0
1970,116,1
126,1970,0
1970,242,1
1970,446,1
1970,571,1
625,1970,0
635,1970,0
1970,687,1
706,1970,0
1970,718,1
1970,728,1
1970,833,1
1970,872,1
1970,939,1
1970,951,1
1064,1970,0
1970,1147,1
1173,1970,0
1970,1242,1
1970,1251,1
1970,1282,1
1351,1970,0
1970,1654,1
1970,1885,1
2063,1970,0
1970,2125,1
1970,2140,1
1970,2456,1
1971,2122,0
1972,1215,1
1980,2415,0
1982,1316,1
1983,2234,0
1983,2309,0
1985,2026,0
1990,690,1
1990,2349,0
1992,765,1
1992,877,1
1992,1196,1
1437,1992,0
1992,1835,1
1992,2422,1
1994,2117,0
1995,99,1
116,1995,0
144,1995,0
188,1995,0
1995,270,1
1995,433,1
1995,608,1
1995,1156,1
1348,1995,0
1621,1995,0
1995,1679,1
1705,1995,0
1995,1817,1
1995,1832,1
2189,1995,0
2200,1995,0
1995,2267,1
11,1999,0
1999,457,1
1066,1999,0
1196,1999,0
1999,1352,1
1999,1925,1
1999,2435,1
234,2002,0
2002,1361,1
2002,2385,0
2003,807,1
1441,2003,0
2004,1311,1
2006,79,1
2006,213,1
687,2006,0
833,2006,0
1159,2006,0
1230,2006,0
1316,2006,0
2006,1537,1
2006,1691,1
2007,939,1
2007,1913,1
2007,2183,0
2210,2007,0
2009,939,1
2013,953,1
2014,2168,0
2015,2267,0
2018,70,1
2018,2436,0
2020,2357,0
2039,2022,0
2023,2143,0
2024,2171,0
2025,2366,0
2026,2361,0
2027,359,1
2027,1329,1
1376,2027,0
2027,1536,1
2028,1921,1
2028,2276,0
563,2029,0
1151,2029,0
2029,2057,0
2031,1242,1
2033,725,1
2033,1274,1
2033,2049,0
2033,2217,1
2033,2260,0
2035,11,1
2035,17,1
2035,29,1
2035,32,1
46,2035,0
2035,47,1
79,2035,0
83,2035,0
98,2035,0
2035,100,1
169,2035,0
2035,214,1
239,2035,0
2035,242,1
2035,251,1
275,2035,0
2035,307,1
2035,328,1
2035,345,1
2035,361,1
2035,391,1
2035,412,1
413,2035,0
2035,487,1
2035,552,1
563,2035,0
584,2035,0
2035,586,1
619,2035,0
625,2035,0
2035,635,1
637,2035,0
2035,659,1
2035,660,1
2035,669,1
2035,687,1
2035,690,1
2035,700,1
2035,706,1
707,2035,0
2035,732,1
785,2035,0
809,2035,0
2035,812,1
2035,833,1
2035,843,1
2035,860,1
2035,939,1
2035,959,1
2035,987,1
2035,1037,1
2035,1066,1
2035,1112,1
2035,1143,1
2035,1147,1
2035,1159,1
2035,1161,1
2035,1165,1
2035,1196,1
2035,1205,1
2035,1215,1
1230,2035,0
2035,1234,1
2035,1250,1
1259,2035,0
2035,1289,1
2035,1311,1
2035,1352,1
2035,1369,1
2035,1404,1
1466,2035,0
2035,1494,1
2035,1501,1
2035,1626,1
2035,1629,1
2035,1661,1
1664,2035,0
1695,2035,0
2035,1702,1
2035,1713,1
1724,2035,0
2035,1801,1
2035,1824,1
2035,1838,1
2035,1839,1
1848,2035,0
2035,1893,1
1925,2035,0
1949,2035,0
2035,1955,1
1965,2035,0
2035,1999,1
2035,2035,1
2035,2119,1
2035,2142,1
2035,2176,1
2035,2182,1
2209,2035,0
2035,2289,0
2035,2307,1
2385,2035,0
2035,2427,1
2035,2435,1
2035,2453,1
2035,2458,1
2464,2035,0
2038,2390,0
2038,2444,0
242,2041,0
706,2041,0
1147,2041,0
2041,1234,1
2041,1279,1
2043,63,1
2043,902,1
2043,2205,0
2044,2428,0
2045,269,1
2045,1389,1
2046,116,1
2046,660,1
2046,1147,1
1656,2046,0
1675,2046,0
1760,2046,0
2046,2380,1
1637,2048,0
2049,136,1
2049,1215,1
2049,1427,1
2051,304,1
2051,382,1
2051,2400,0
2055,2063,0
169,2056,0
1048,2056,0
2056,1085,1
2056,1453,1
2056,1712,1
1723,2056,0
1834,2056,0
2059,2056,0
2056,2128,1
2056,2172,1
2056,2195,1
2056,2410,1
2057,809,1
2057,1769,1
305,2058,0
359,2058,0
2058,412,1
608,2058,0
706,2058,0
1705,2058,0
2058,2168,0
2222,2058,0
2225,2058,0
2244,2058,0
2317,2058,0
2058,2319,1
2320,2058,0
2058,2330,1
2347,2058,0
2376,2058,0
2058,2395,0
2058,2401,1
2064,2144,0
1276,2066,0
2067,2303,0
2069,852,1
2070,852,1
2070,2231,0
2075,2287,0
2076,2393,0
665,2078,0
2078,939,1
1182,2078,0
1356,2078,0
2081,30,1
2081,57,1
2081,79,1
2081,226,1
337,2081,0
338,2081,0
2081,580,1
2081,591,1
2081,611,1
667,2081,0
2081,953,1
2081,1295,1
1440,2081,0
2081,1474,1
1673,2081,0
1891,2081,0
1910,2081,0
2431,2081,0
2082,939,1
1182,2082,0
1311,2082,0
2082,1364,1
2082,2248,0
20,2084,0
2084,337,1
1779,2084,0
2088,144,1
2088,997,1
2010,2088,0
2089,102,1
2089,408,1
2089,427,1
2089,432,1
2089,634,1
2089,635,1
900,2089,0
2089,939,1
2089,963,1
2089,1307,1
2089,1322,1
1351,2089,0
2089,1383,1
2089,1415,1
2089,1441,1
1466,2089,0
2089,1488,1
2089,1724,1
2089,1783,1
2089,1836,1
1847,2089,0
2089,1868,1
1912,2089,0
1921,2089,0
2015,2089,0
2089,2053,1
2089,2183,1
2342,2089,0
2094,169,1
584,2094,0
2094,698,1
707,2094,0
2094,1176,1
1723,2094,0
2094,1921,1
2360,2094,0
2096,1277,1
2096,2426,1
2099,1272,1
2099,1691,1
2099,2183,1
2101,29,1
63,2101,0
99,2101,0
2101,340,1
2101,933,1
2101,1121,1
1308,2101,0
2101,1404,1
1427,2101,0
2101,1478,1
2101,1913,1
1926,2101,0
2206,2101,0
2102,2383,0
2103,273,1
1202,2103,0
2103,1699,1
1735,2103,0
2103,2124,0
2103,2259,1
2106,1301,1
2107,2446,0
2113,2353,0
2114,359,1
2114,833,1
2117,2411,0
2120,190,1
214,2120,0
2120,706,1
1181,2120,0
2120,1377,1
2120,1672,1
2120,2052,1
2120,2202,1
2120,2277,1
2120,2320,0
2122,90,1
2122,369,1
2122,399,1
408,2122,0
2122,635,1
654,2122,0
718,2122,0
2122,809,1
2122,889,1
2122,972,1
2122,997,1
2122,1028,1
2122,1042,1
1072,2122,0
2122,1263,1
1269,2122,0
1307,2122,0
2122,1330,1
1392,2122,0
2122,1413,1
1425,2122,0
2122,1450,1
2122,1488,1
2122,1501,1
2122,1532,1
2122,1541,1
2122,1755,1
1821,2122,0
2122,1974,1
2122,1989,1
2122,2011,1
2123,1261,1
2123,1414,1
2123,2279,0
2127,541,1
2127,955,1
2127,2228,1
2128,27,1
2128,59,1
2128,229,1
2128,474,1
2128,503,1
2128,512,1
659,2128,0
2128,690,1
2128,915,1
2128,1010,1
2128,1142,1
1146,2128,0
2128,1236,1
1290,2128,0
2128,1297,1
2128,1372,1
2128,1404,1
2128,1676,1
2128,1740,1
2128,1779,1
2128,1834,1
1874,2128,0
2128,1916,1
2128,2127,1
2128,2263,1
2128,2335,0
2132,2360,0
77,2134,0
2134,104,1
2134,563,1
2134,632,1
2134,892,1
2134,939,1
2134,959,1
2134,991,1
2134,1143,1
2134,1484,1
2134,2265,1
2134,2325,1
2326,2134,0
2327,2134,0
2328,2134,0
2329,2134,0
2135,80,1
2135,1094,1
2138,2370,0
2143,29,1
2143,188,1
646,2143,0
2143,700,1
2143,732,1
2143,959,1
1196,2143,0
1468,2143,0
1664,2143,0
1824,2143,0
2143,1847,1
2143,2385,1
2143,2400,0
660,2145,0
2145,858,1
859,2145,0
1217,2145,0
2145,1424,1
2145,1684,1
1925,2145,0
2145,2023,1
2145,2157,1
2204,2145,0
2276,2145,0
2145,2311,1
2145,2363,1
2382,2145,0
2145,2385,1
2145,2390,1
2146,1568,1
1220,2147,0
2147,2331,1
1,2149,0
2149,5,1
14,2149,0
2149,15,1
26,2149,0
2149,45,1
51,2149,0
2149,58,1
2149,65,1
2149,79,1
2149,80,1
81,2149,0
96,2149,0
2149,100,1
2149,178,1
2149,179,1
2149,188,1
2149,219,1
222,2149,0
275,2149,0
2149,293,1
2149,297,1
2149,300,1
2149,307,1
2149,309,1
344,2149,0
2149,357,1
2149,368,1
2149,371,1
385,2149,0
2149,405,1
2149,406,1
2149,442,1
445,2149,0
452,2149,0
472,2149,0
507,2149,0
520,2149,0
2149,533,1
2149,546,1
2149,554,1
563,2149,0
2149,568,1
2149,575,1
2149,603,1
2149,609,1
2149,611,1
619,2149,0
2149,627,1
2149,654,1
669,2149,0
672,2149,0
2149,690,1
692,2149,0
696,2149,0
731,2149,0
2149,772,1
2149,831,1
2149,846,1
2149,870,1
871,2149,0
877,2149,0
2149,889,1
2149,910,1
2149,955,1
998,2149,0
1002,2149,0
1005,2149,0
1013,2149,0
2149,1026,1
2149,1030,1
1040,2149,0
2149,1048,1
2149,1061,1
2149,1076,1
1093,2149,0
2149,1114,1
2149,1142,1
1143,2149,0
2149,1152,1
2149,1161,1
2149,1166,1
1176,2149,0
1182,2149,0
1187,2149,0
2149,1189,1
1193,2149,0
1196,2149,0
1205,2149,0
1225,2149,0
1238,2149,0
2149,1249,1
1255,2149,0
2149,1256,1
2149,1260,1
2149,1266,1
1270,2149,0
1299,2149,0
2149,1316,1
1324,2149,0
2149,1327,1
2149,1328,1
1382,2149,0
2149,1383,1
2149,1389,1
1391,2149,0
2149,1398,1
2149,1405,1
2149,1427,1
2149,1430,1
2149,1479,1
2149,1494,1
2149,1497,1
2149,1524,1
2149,1528,1
2149,1533,1
2149,1554,1
1555,2149,0
2149,1580,1
1601,2149,0
2149,1603,1
1611,2149,0
2149,1662,1
1691,2149,0
2149,1700,1
2149,1717,1
2149,1732,1
2149,1746,1
1752,2149,0
2149,1779,1
2149,1791,1
1827,2149,0
2149,1834,1
1874,2149,0
2149,1877,1
2149,1890,1
2149,1897,1
2149,1902,1
2149,1927,1
2149,1937,1
2149,1954,1
1955,2149,0
1980,2149,0
1984,2149,0
2001,2149,0
2149,2037,1
2149,2038,1
2047,2149,0
2076,2149,0
2149,2124,1
2149,2128,1
2129,2149,0
2136,2149,0
2149,2140,1
2149,2150,1
2161,2149,0
2163,2149,0
2149,2167,1
2176,2149,0
2149,2255,1
2149,2260,1
2264,2149,0
2149,2286,1
2149,2293,0
2307,2149,0
2149,2308,1
2149,2328,1
2149,2345,1
2149,2368,1
2149,2370,1
2149,2385,1
2435,2149,0
2439,2149,0
2457,2149,0
2149,2473,1
667,2151,0
2151,854,1
1383,2151,0
1415,2151,0
1441,2151,0
1601,2151,0
2151,1663,1
2151,1727,1
2152,690,1
2155,2388,0
2157,2430,0
2158,1599,1
2159,2422,0
2160,1761,1
2161,2243,0
2162,180,1
2162,878,1
2164,2234,0
2169,78,1
116,2169,0
163,2169,0
204,2169,0
2169,300,1
2169,302,1
354,2169,0
2169,364,1
2169,393,1
2169,408,1
2169,411,1
478,2169,0
2169,611,1
624,2169,0
634,2169,0
635,2169,0
2169,717,1
2169,741,1
2169,773,1
2169,791,1
817,2169,0
2169,886,1
930,2169,0
2169,1046,1
2169,1153,1
2169,1167,1
2169,1189,1
2169,1215,1
2169,1387,1
2169,1410,1
2169,1470,1
1522,2169,0
2169,1594,1
2169,1610,1
1615,2169,0
1655,2169,0
2169,1693,1
2169,1717,1
2169,1726,1
2169,1754,1
2169,1764,1
1776,2169,0
2169,1793,1
1809,2169,0
2169,1836,1
2169,1867,1
1963,2169,0
2169,1997,1
2076,2169,0
2169,2180,1
2232,2169,0
2254,2169,0
2169,2301,1
2342,2169,0
2171,2247,0
2175,2267,0
635,2177,0
2179,10,1
78,2179,0
2179,139,1
2179,163,1
2179,287,1
2179,302,1
2179,306,1
364,2179,0
2179,408,1
2179,409,1
411,2179,0
2179,563,1
624,2179,0
2179,635,1
636,2179,0
2179,637,1
717,2179,0
2179,791,1
930,2179,0
935,2179,0
1046,2179,0
2179,1072,1
2179,1135,1
2179,1176,1
1215,2179,0
1293,2179,0
2179,1307,1
2179,1387,1
2179,1423,1
1488,2179,0
2179,1522,1
1535,2179,0
1596,2179,0
2179,1610,1
2179,1615,1
2179,1655,1
2179,1693,1
2179,1776,1
2179,1790,1
2179,1793,1
2179,1809,1
1836,2179,0
2179,2065,1
2179,2126,1
2254,2179,0
2304,2179,0
2179,2402,1
2447,2179,0
2181,63,1
461,2181,0
470,2181,0
638,2181,0
2181,687,1
833,2181,0
2181,1820,1
2181,2081,1
2181,2141,1
2183,244,1
2183,260,1
2183,457,1
2183,479,1
578,2183,0
2183,628,1
2183,1091,1
2183,1129,1
1194,2183,0
2183,1287,1
1539,2183,0
1868,2183,0
2184,125,1
239,2184,0
2184,490,1
2184,2330,0
2188,2379,0
2190,2207,1
2397,2190,0
2192,2449,0
2197,2456,0
2199,29,1
2199,188,1
646,2199,0
2199,700,1
2199,959,1
1196,2199,0
2199,1221,1
1348,2199,0
2199,1468,1
1664,2199,0
2199,1847,1
2199,2385,1
2201,2035,1
2201,2335,0
2205,2337,0
2208,1,1
387,2208,0
1927,2208,0
2210,2315,0
2211,1585,1
2212,939,1
2213,2231,0
2217,2459,0
130,2221,0
2221,304,1
384,2221,0
452,2221,0
521,2221,0
2221,939,1
1142,2221,0
2221,1201,1
2221,1264,1
1691,2221,0
2030,2221,0
2221,2238,1
2222,2229,0
2225,2449,0
2226,2380,0
2227,115,1
2228,654,1
2228,911,1
2228,1425,1
2229,833,1
2229,2183,1
2229,2263,0
2229,2409,0
1834,2234,0
193,2235,0
51,2237,0
63,2237,0
2237,419,1
2237,512,1
2237,874,1
2237,902,1
1058,2237,0
1208,2237,0
2237,1555,1
1705,2237,0
2237,2149,1
2368,2237,0
2240,635,1
2240,1215,1
1926,2240,0
1981,2240,0
2062,2240,0
2240,2139,1
2240,2285,1
269,2242,0
487,2242,0
1215,2242,0
1868,2242,0
2244,2278,0
2246,190,1
214,2246,0
2246,584,1
2246,706,1
725,2246,0
1377,2246,0
2246,1702,1
2246,2052,1
2246,2202,1
2247,2357,0
2247,2446,1
654,2250,0
911,2250,0
1427,2250,0
837,2251,0
2255,2314,0
2263,2354,0
2271,1405,1
2271,2236,1
2271,2397,0
2272,2397,0
2272,2461,0
2275,63,1
215,2275,0
2275,326,1
2275,470,1
2275,635,1
638,2275,0
2275,687,1
2275,690,1
2275,833,1
2275,1298,1
2275,2081,1
2277,241,1
1215,2277,0
2280,2408,0
2282,755,1
2284,414,1
2284,512,1
2284,1094,1
2284,1781,1
1865,2284,0
2284,1994,1
2019,2284,0
2284,2383,1
2286,2370,0
2289,2327,0
2290,2386,0
2295,1868,1
198,2297,0
188,2300,0
2300,1221,1
2300,1348,1
2304,15,1
2304,56,1
2304,363,1
415,2304,0
548,2304,0
2304,699,1
2304,921,1
2304,1040,1
2304,1244,1
2304,1267,1
2304,1370,1
2304,1717,1
1837,2304,0
2304,2384,0
90,2312,0
2312,408,1
2312,476,1
2312,654,1
2312,672,1
2312,781,1
809,2312,0
2312,885,1
935,2312,0
2312,939,1
2312,972,1
997,2312,0
2312,1072,1
2312,1126,1
2312,1263,1
2312,1307,1
2312,1392,1
1413,2312,0
2312,1425,1
2312,1450,1
2312,1501,1
2312,1532,1
2312,1755,1
2312,1767,1
1821,2312,0
2312,1864,1
1892,2312,0
2312,1974,1
2312,1989,1
2312,2011,1
2313,1490,1
1590,2314,0
2315,78,1
2315,139,1
2315,163,1
2315,302,1
2315,354,1
2315,408,1
411,2315,0
2315,624,1
2315,717,1
741,2315,0
2315,791,1
2315,886,1
930,2315,0
2315,935,1
1046,2315,0
2315,1135,1
2315,1153,1
2315,1167,1
2315,1189,1
1470,2315,0
2315,1481,1
2315,1522,1
2315,1535,1
1561,2315,0
2315,1610,1
1615,2315,0
2315,1655,1
1693,2315,0
1776,2315,0
1786,2315,0
1790,2315,0
2315,1793,1
2315,1809,1
2315,1836,1
2315,1867,1
2315,1963,1
1997,2315,0
2315,2065,1
2315,2076,1
2315,2180,1
2315,2232,1
2342,2315,0
2366,2315,0
95,2321,0
190,2321,0
2321,725,1
2321,1181,1
1316,2321,0
1377,2321,0
1672,2321,0
2321,1969,1
2052,2321,0
2202,2321,0
2321,2277,1
1663,2322,0
2322,1871,1
2322,2423,0
68,2324,0
2324,2231,1
2330,939,1
226,2331,0
338,2331,0
694,2331,0
939,2331,0
1204,2331,0
2331,1309,1
1508,2331,0
2331,1649,1
2331,1698,1
2050,2331,0
2331,2403,1
2413,2331,0
2332,939,1
2334,939,1
47,2339,0
120,2339,0
157,2339,0
653,2339,0
2339,691,1
2339,1215,1
2339,1622,1
2339,1666,1
1763,2339,0
1767,2339,0
939,2347,0
2350,2081,1
2352,2390,0
2354,2407,0
2355,102,1
427,2355,0
2355,635,1
2355,737,1
2355,864,1
2355,900,1
2355,939,1
2355,1094,1
2355,1383,1
2355,1415,1
1416,2355,0
2355,1466,1
2355,1601,1
1724,2355,0
1847,2355,0
2355,1921,1
2355,1965,1
2355,2015,1
2355,2053,1
2426,2355,0
2358,126,1
2358,172,1
2358,318,1
2358,654,1
2358,657,1
2358,658,1
2358,833,1
2358,939,1
2358,1016,1
2358,1141,1
2358,1292,1
2358,1545,1
2358,1595,1
2358,1931,1
1941,2358,0
2358,2157,1
2358,2192,1
2362,997,1
2367,1355,1
2370,2419,0
2372,646,1
2372,733,1
2372,1085,1
2372,1239,1
2372,1321,1
1992,2372,0
2374,79,1
2374,1988,1
2384,2420,0
2385,32,1
2385,328,1
2385,1626,1
2386,2422,0
81,2387,0
2387,158,1
307,2387,0
2387,328,1
438,2387,0
2387,742,1
2387,943,1
2387,1049,1
2387,1461,1
2387,1476,1
2387,1868,1
2077,2387,0
2387,2242,1
2387,2348,1
2474,2387,0
2389,939,1
939,2414,0
2414,2438,0
328,2418,0
2421,1847,1
2422,59,1
2422,440,1
2422,542,1
2422,829,1
840,2422,0
2422,1089,1
1297,2422,0
1415,2422,0
2422,1882,1
1895,2422,0
2422,1984,1
2422,2125,1
2266,2422,0
2422,2286,1
344,2425,0
2425,356,1
2425,758,1
2425,836,1
1035,2425,0
2425,1684,1
2425,1871,1
2425,2071,1
2429,108,1
2430,1459,1
2430,2335,1
2433,724,1
1723,2433,0
2437,307,1
2437,635,1
690,2437,0
2437,724,1
1259,2437,0
2437,2168,1
2243,2437,0
2437,2263,1
2438,1702,1
105,2442,0
359,2442,0
2448,1650,1
2449,1327,1
2449,1834,1
2450,659,1
2450,1458,1
2451,413,1
2145,2451,0
2459,1843,1
2460,304,1
1215,2460,0
2461,1847,1
2462,2464,0
2463,293,1
1085,2463,0
2463,1280,1
2466,864,1
901,2467,0
1436,2467,0
2467,1849,1
