0,7,1
0,10,1
0,25,1
0,27,1
0,28,1
0,43,1
0,91,1
100,0,0
111,0,0
0,152,1
0,175,1
0,176,1
0,177,1
0,178,1
0,179,1
180,0,0
0,181,1
182,0,0
0,183,1
0,184,1
0,185,1
0,186,1
0,187,1
0,188,1
0,189,1
0,190,1
0,191,1
0,192,1
0,193,1
194,0,0
195,0,0
0,196,1
0,197,1
0,198,1
0,199,1
0,200,1
0,201,1
202,0,0
0,203,1
0,204,1
0,205,1
206,0,0
0,207,1
0,208,1
209,0,0
0,210,1
211,0,0
0,212,1
0,213,1
0,214,1
0,215,1
0,216,1
0,217,1
0,218,1
219,0,0
220,0,0
0,221,1
0,222,1
0,223,1
224,0,0
225,0,0
0,226,1
227,0,0
228,0,0
229,0,0
230,0,0
0,231,1
0,232,1
233,0,0
0,234,1
235,0,0
0,236,1
0,237,1
0,238,1
0,239,1
0,240,1
0,241,1
242,0,0
243,0,0
244,0,0
0,245,1
0,246,1
0,247,1
248,0,0
249,0,0
0,250,1
0,251,1
0,252,1
0,253,1
254,0,0
0,255,1
256,0,0
257,0,0
0,258,1
259,0,0
0,260,1
0,261,1
0,262,1
0,263,1
0,264,1
0,265,1
266,0,0
0,267,1
0,268,1
0,269,1
0,270,1
0,271,1
0,272,1
0,273,1
0,274,1
275,0,0
0,276,1
0,277,1
0,278,1
0,279,1
0,280,1
0,281,1
282,0,0
0,283,1
284,0,0
0,285,1
0,286,1
0,287,1
0,288,1
0,289,1
290,0,0
0,291,1
292,0,0
0,293,1
0,294,1
0,295,1
0,296,1
0,297,1
0,298,1
0,299,1
300,0,0
0,301,1
0,302,1
0,303,1
0,304,1
0,305,1
0,306,1
307,0,0
0,308,1
309,0,0
310,0,0
0,311,1
0,312,1
0,313,1
0,314,1
0,315,1
316,0,0
317,0,0
318,0,0
319,0,0
0,320,1
321,0,0
0,322,1
0,323,1
0,324,1
325,0,0
0,326,1
327,0,0
0,328,1
0,329,1
0,330,1
331,0,0
0,332,1
0,333,1
334,0,0
0,335,1
336,0,0
337,0,0
0,338,1
0,339,1
340,0,0
341,0,0
0,342,1
0,343,1
0,344,1
0,345,1
346,0,0
0,347,1
0,348,1
0,349,1
350,0,0
351,0,0
352,0,0
353,0,0
0,354,1
355,0,0
0,356,1
357,0,0
0,358,1
359,0,0
360,0,0
0,361,1
0,362,1
363,0,0
364,0,0
365,0,0
366,0,0
0,367,1
0,368,1
0,369,1
0,370,1
0,371,1
372,0,0
0,373,1
0,374,1
0,375,1
0,376,1
377,0,0
0,378,1
0,379,1
0,380,1
0,381,1
0,382,1
0,383,1
0,384,1
0,385,1
0,386,1
0,387,1
388,0,0
389,0,0
390,0,0
391,0,0
0,392,1
1,25,1
1,272,1
1,278,1
279,1,0
1,393,1
394,1,0
395,1,0
1,396,1
1,397,1
1,398,1
399,1,0
1,400,1
401,1,0
402,1,0
1,403,1
1,404,1
1,405,1
1,406,1
1,407,1
408,1,0
1,409,1
1,410,1
1,411,1
1,412,1
413,1,0
1,414,1
1,415,1
416,1,0
1,417,1
418,1,0
1,419,1
420,1,0
421,1,0
422,1,0
1,423,1
1,424,1
1,425,1
1,426,1
1,427,1
2,2,1
2,428,1
429,2,0
430,2,0
2,431,1
2,432,1
433,2,0
2,434,1
2,435,1
436,2,0
2,437,1
2,438,1
2,600,0
2,1722,0
3,3,1
3,43,1
3,198,1
3,244,1
3,245,1
3,254,1
395,3,0
439,3,0
3,440,1
441,3,0
3,442,1
3,443,1
3,444,1
3,445,1
4,4,1
4,25,1
4,100,1
4,106,1
4,121,1
4,272,1
4,429,1
4,446,1
4,447,1
4,448,1
4,449,1
4,450,1
4,451,1
4,452,1
453,4,0
454,4,0
455,4,0
456,4,0
4,457,1
4,458,1
4,459,1
4,460,1
4,461,1
4,462,1
463,4,0
4,464,1
4,465,1
466,4,0
467,4,0
468,4,0
469,4,0
470,4,0
471,4,0
472,4,0
4,473,1
474,4,0
475,4,0
4,476,1
477,4,0
4,478,1
4,479,1
4,480,1
4,481,1
4,482,1
4,483,1
4,484,1
4,485,1
486,4,0
487,4,0
4,488,1
489,4,0
4,490,1
4,491,1
4,492,1
4,493,1
4,1171,0
5,33,1
5,191,1
193,5,0
5,194,1
5,196,1
5,197,1
494,5,0
5,495,1
5,496,1
497,5,0
5,498,1
5,499,1
500,5,0
5,501,1
5,502,1
503,5,0
5,504,1
5,505,1
506,5,0
507,5,0
5,508,1
509,5,0
5,510,1
511,5,0
512,5,0
5,513,1
514,5,0
515,5,0
5,516,1
5,517,1
518,5,0
519,5,0
5,520,1
5,521,1
522,5,0
523,5,0
524,5,0
5,525,1
5,526,1
5,527,1
5,528,1
5,529,1
5,530,1
531,5,0
5,878,0
5,1698,0
6,6,1
8,6,0
9,6,0
11,6,0
6,17,1
6,21,1
6,22,1
6,29,1
6,33,1
6,61,1
103,6,0
6,104,1
108,6,0
6,112,1
6,158,1
6,164,1
186,6,0
6,188,1
6,189,1
6,190,1
6,196,1
201,6,0
6,205,1
6,206,1
6,209,1
6,225,1
235,6,0
6,236,1
6,237,1
238,6,0
6,242,1
6,243,1
6,249,1
255,6,0
6,256,1
6,275,1
6,276,1
6,277,1
6,281,1
282,6,0
283,6,0
284,6,0
6,285,1
294,6,0
295,6,0
6,297,1
6,346,1
393,6,0
401,6,0
6,407,1
6,432,1
6,441,1
6,464,1
504,6,0
6,510,1
6,511,1
6,512,1
513,6,0
6,514,1
6,515,1
6,520,1
6,521,1
6,522,1
6,523,1
525,6,0
6,526,1
6,527,1
6,528,1
529,6,0
6,532,1
6,533,1
6,534,1
6,535,1
6,536,1
6,537,1
6,538,1
6,539,1
540,6,0
541,6,0
542,6,0
6,543,1
6,544,1
6,545,1
6,546,1
6,547,1
6,548,1
6,549,1
550,6,0
6,551,1
6,552,1
6,553,1
6,554,1
555,6,0
6,556,1
557,6,0
6,558,1
559,6,0
560,6,0
6,561,1
6,562,1
6,563,1
6,564,1
565,6,0
6,566,1
567,6,0
6,568,1
6,569,1
570,6,0
571,6,0
572,6,0
6,573,1
6,574,1
6,575,1
6,576,1
577,6,0
578,6,0
6,579,1
6,580,1
6,581,1
582,6,0
6,583,1
6,584,1
585,6,0
6,586,1
587,6,0
588,6,0
6,589,1
590,6,0
6,591,1
592,6,0
6,593,1
6,594,1
595,6,0
596,6,0
597,6,0
6,598,1
599,6,0
6,600,1
601,6,0
6,602,1
6,603,1
6,604,1
6,605,1
6,606,1
6,607,1
608,6,0
6,609,1
6,610,1
6,611,1
6,612,1
6,613,1
6,614,1
615,6,0
6,616,1
6,617,1
6,618,1
619,6,0
6,620,1
621,6,0
6,622,1
623,6,0
624,6,0
6,625,1
6,626,1
6,627,1
6,628,1
6,629,1
6,630,1
6,631,1
6,632,1
633,6,0
6,634,1
6,635,1
6,636,1
637,6,0
638,6,0
639,6,0
6,640,1
6,641,1
6,642,1
6,643,1
6,644,1
6,645,1
6,646,1
6,647,1
6,648,1
6,649,1
6,650,1
6,651,1
6,652,1
653,6,0
6,654,1
6,655,1
6,656,1
657,6,0
6,658,1
6,659,1
6,660,1
6,661,1
6,662,1
6,663,1
6,664,1
665,6,0
6,666,1
667,6,0
668,6,0
6,669,1
6,670,1
671,6,0
672,6,0
6,673,1
674,6,0
6,675,1
676,6,0
677,6,0
6,678,1
6,679,1
6,680,1
6,681,1
6,682,1
683,6,0
6,684,1
6,685,1
686,6,0
687,6,0
6,688,1
689,6,0
6,690,1
691,6,0
692,6,0
693,6,0
6,694,1
6,695,1
6,696,1
6,697,1
6,698,1
699,6,0
6,700,1
6,701,1
6,702,1
6,703,1
704,6,0
6,705,1
6,706,1
6,707,1
6,708,1
6,709,1
710,6,0
6,711,1
6,712,1
713,6,0
6,714,1
715,6,0
6,716,1
6,717,1
718,6,0
6,719,1
6,720,1
6,721,1
722,6,0
723,6,0
6,724,1
725,6,0
6,726,1
6,727,1
6,728,1
6,729,1
6,730,1
6,731,1
7,7,1
12,7,0
7,25,1
7,27,1
28,7,0
7,30,1
7,44,1
7,51,1
52,7,0
7,54,1
7,55,1
7,56,1
7,60,1
66,7,0
7,67,1
68,7,0
69,7,0
7,77,1
7,79,1
80,7,0
7,84,1
95,7,0
7,96,1
7,97,1
7,102,1
7,104,1
7,107,1
7,112,1
7,114,1
7,116,1
7,120,1
7,127,1
145,7,0
7,152,1
153,7,0
155,7,0
7,158,1
7,167,1
7,169,1
180,7,0
182,7,0
187,7,0
188,7,0
7,190,1
191,7,0
7,192,1
7,193,1
7,194,1
202,7,0
7,205,1
7,206,1
7,207,1
7,208,1
7,209,1
7,213,1
215,7,0
7,216,1
223,7,0
7,226,1
227,7,0
7,228,1
7,230,1
7,231,1
7,232,1
233,7,0
234,7,0
7,241,1
7,243,1
7,245,1
250,7,0
7,255,1
256,7,0
7,263,1
7,264,1
266,7,0
7,269,1
7,270,1
7,272,1
7,273,1
278,7,0
7,286,1
7,303,1
7,304,1
7,305,1
7,340,1
7,383,1
7,384,1
7,385,1
392,7,0
393,7,0
7,396,1
401,7,0
7,407,1
7,411,1
457,7,0
7,458,1
7,460,1
474,7,0
475,7,0
7,480,1
7,488,1
489,7,0
495,7,0
7,532,1
7,538,1
559,7,0
7,561,1
601,7,0
7,603,1
7,607,1
611,7,0
7,612,1
7,614,1
622,7,0
7,631,1
7,633,1
635,7,0
7,636,1
7,637,1
7,640,1
7,641,1
642,7,0
643,7,0
675,7,0
7,708,1
7,709,1
7,711,1
714,7,0
7,715,1
7,716,1
722,7,0
7,724,1
725,7,0
7,729,1
732,7,0
733,7,0
734,7,0
7,735,1
7,736,1
737,7,0
7,738,1
739,7,0
7,740,1
7,741,1
7,742,1
7,743,1
7,744,1
7,745,1
7,746,1
747,7,0
7,748,1
7,749,1
7,750,1
751,7,0
7,752,1
7,753,1
7,754,1
7,755,1
7,756,1
7,757,1
7,758,1
7,759,1
7,760,1
7,761,1
762,7,0
7,763,1
764,7,0
7,765,1
7,766,1
767,7,0
7,768,1
769,7,0
7,770,1
771,7,0
7,772,1
7,773,1
7,774,1
775,7,0
7,776,1
7,777,1
7,778,1
7,779,1
7,780,1
781,7,0
782,7,0
783,7,0
7,784,1
785,7,0
7,786,1
7,787,1
7,788,1
7,789,1
7,790,1
7,791,1
7,792,1
7,793,1
794,7,0
7,795,1
7,796,1
7,797,1
798,7,0
7,799,1
7,800,1
801,7,0
7,802,1
803,7,0
7,804,1
7,805,1
7,806,1
807,7,0
808,7,0
7,809,1
7,810,1
7,811,1
7,812,1
7,813,1
7,814,1
815,7,0
7,816,1
817,7,0
7,818,1
7,819,1
820,7,0
7,821,1
7,822,1
7,823,1
7,824,1
7,825,1
7,826,1
7,827,1
828,7,0
7,829,1
7,830,1
831,7,0
832,7,0
7,833,1
834,7,0
7,835,1
7,836,1
7,837,1
838,7,0
7,839,1
840,7,0
7,841,1
7,842,1
7,843,1
7,844,1
7,845,1
846,7,0
847,7,0
7,848,1
7,849,1
7,850,1
7,851,1
852,7,0
853,7,0
854,7,0
7,855,1
856,7,0
7,857,1
7,858,1
7,859,1
860,7,0
861,7,0
862,7,0
7,863,1
864,7,0
7,865,1
866,7,0
7,867,1
868,7,0
7,869,1
7,870,1
871,7,0
872,7,0
7,873,1
874,7,0
875,7,0
7,876,1
7,877,1
7,878,1
7,879,1
7,880,1
881,7,0
882,7,0
7,883,1
884,7,0
7,885,1
7,886,1
7,887,1
7,888,1
889,7,0
7,891,1
7,892,1
893,7,0
7,894,1
7,895,1
7,896,1
7,897,1
898,7,0
899,7,0
7,900,1
7,901,1
7,902,1
7,903,1
7,904,1
7,905,1
7,906,1
907,7,0
908,7,0
7,910,1
7,911,1
7,912,1
7,913,1
914,7,0
915,7,0
916,7,0
7,926,1
7,927,1
7,928,1
929,7,0
7,930,1
7,931,1
7,932,1
7,933,1
934,7,0
935,7,0
7,936,1
937,7,0
7,938,1
939,7,0
940,7,0
941,7,0
7,942,1
7,943,1
944,7,0
7,945,1
946,7,0
7,947,1
7,948,1
7,949,1
7,950,1
7,951,1
952,7,0
953,7,0
954,7,0
955,7,0
956,7,0
7,957,1
7,958,1
959,7,0
960,7,0
7,961,1
962,7,0
7,963,1
7,964,1
965,7,0
7,966,1
7,967,1
968,7,0
7,969,1
7,970,1
7,971,1
972,7,0
973,7,0
974,7,0
7,975,1
7,976,1
977,7,0
7,978,1
7,979,1
980,7,0
981,7,0
982,7,0
7,983,1
984,7,0
7,985,1
986,7,0
7,987,1
7,988,1
7,989,1
7,990,1
7,991,1
992,7,0
7,993,1
7,994,1
7,995,1
7,996,1
7,997,1
998,7,0
7,999,1
7,1000,1
7,1001,1
1002,7,0
7,1003,1
7,1004,1
7,1005,1
7,1006,1
1007,7,0
1008,7,0
1009,7,0
7,1010,1
1011,7,0
1012,7,0
1013,7,0
7,1014,1
7,1015,1
1016,7,0
1017,7,0
7,1018,1
7,1019,1
1020,7,0
7,1021,1
1022,7,0
7,1023,1
7,1024,1
1025,7,0
7,1026,1
7,1027,1
7,1028,1
1029,7,0
1030,7,0
7,1031,1
1032,7,0
8,1033,1
8,1034,1
9,13,1
9,20,1
36,9,0
41,9,0
9,43,1
9,48,1
9,82,1
88,9,0
9,92,1
97,9,0
9,98,1
9,99,1
9,104,1
9,105,1
9,107,1
9,110,1
9,112,1
9,117,1
9,118,1
9,119,1
9,122,1
9,149,1
9,153,1
9,161,1
9,163,1
177,9,0
9,180,1
9,230,1
9,234,1
239,9,0
9,246,1
268,9,0
9,284,1
285,9,0
304,9,0
311,9,0
340,9,0
391,9,0
398,9,0
9,428,1
9,444,1
9,445,1
9,447,1
9,457,1
468,9,0
9,504,1
9,505,1
9,521,1
9,523,1
544,9,0
9,548,1
9,550,1
553,9,0
9,570,1
9,599,1
9,621,1
9,628,1
633,9,0
687,9,0
9,729,1
730,9,0
9,734,1
9,738,1
9,743,1
9,744,1
9,788,1
802,9,0
808,9,0
819,9,0
828,9,0
9,834,1
852,9,0
9,885,1
888,9,0
9,889,1
891,9,0
9,896,1
9,910,1
9,928,1
9,953,1
9,997,1
9,1014,1
1035,9,0
9,1036,1
1037,9,0
9,1038,1
9,1039,1
9,1040,1
9,1041,1
9,1042,1
1043,9,0
1044,9,0
1045,9,0
1046,9,0
9,1047,1
9,1048,1
9,1049,1
9,1050,1
1051,9,0
9,1052,1
9,1053,1
1054,9,0
9,1055,1
9,1056,1
9,1057,1
9,1058,1
9,1059,1
9,1060,1
1061,9,0
1062,9,0
1063,9,0
9,1064,1
1065,9,0
9,1066,1
1067,9,0
1068,9,0
1069,9,0
9,1070,1
9,1071,1
9,1072,1
1073,9,0
9,1074,1
9,1075,1
9,1076,1
9,1077,1
1078,9,0
9,1079,1
9,1080,1
9,1081,1
9,1082,1
1083,9,0
1084,9,0
9,1085,1
1086,9,0
9,1087,1
9,1088,1
9,1089,1
9,1090,1
1091,9,0
9,1092,1
1093,9,0
9,1094,1
1095,9,0
1096,9,0
1097,9,0
1098,9,0
1099,9,0
1100,9,0
1101,9,0
9,1102,1
1103,9,0
9,1104,1
1105,9,0
9,1106,1
1107,9,0
9,1108,1
9,1109,1
9,1110,1
1111,9,0
9,1112,1
9,1113,1
9,1114,1
1115,9,0
1116,9,0
1117,9,0
9,1118,1
9,1119,1
9,1120,1
1121,9,0
9,1122,1
1123,9,0
1124,9,0
9,1125,1
1126,9,0
9,1127,1
9,1128,1
9,1129,1
9,1130,1
9,1131,1
1132,9,0
9,1133,1
9,1134,1
1135,9,0
9,1136,1
9,1137,1
9,1138,1
9,1139,1
9,1140,1
9,1141,1
9,1142,1
9,1143,1
1144,9,0
9,1145,1
9,1146,1
9,1147,1
9,1148,1
1149,9,0
9,1150,1
9,1151,1
9,1152,1
9,1153,1
1154,9,0
1155,9,0
1156,9,0
9,1157,1
9,1158,1
1159,9,0
1160,9,0
9,1161,1
1162,9,0
9,1163,1
9,1164,1
9,1165,1
9,1166,1
9,1167,1
9,1168,1
9,1169,1
9,1170,1
9,1171,1
1172,9,0
1173,9,0
1174,9,0
9,1175,1
1176,9,0
9,1177,1
1178,9,0
1179,9,0
1180,9,0
9,1181,1
9,1182,1
1183,9,0
9,1184,1
1185,9,0
9,1186,1
9,1187,1
9,1188,1
9,1189,1
1190,9,0
9,1191,1
9,1192,1
9,1193,1
9,1194,1
9,1195,1
9,1196,1
9,1197,1
1198,9,0
9,1199,1
9,1200,1
1201,9,0
9,1202,1
9,1203,1
1204,9,0
9,1205,1
9,1206,1
9,1207,1
9,1208,1
1209,9,0
1210,9,0
1211,9,0
1212,9,0
9,1213,1
1214,9,0
1215,9,0
9,1216,1
9,1217,1
1218,9,0
9,1219,1
1220,9,0
9,1221,1
1222,9,0
9,1223,1
9,1224,1
9,1225,1
9,1226,1
9,1227,1
9,1228,1
9,1229,1
1230,9,0
1231,9,0
9,1232,1
9,1233,1
1234,9,0
1235,9,0
9,1236,1
9,1237,1
1238,9,0
1239,9,0
9,1240,1
1241,9,0
9,1242,1
9,1243,1
9,1244,1
9,1245,1
1246,9,0
1247,9,0
9,1248,1
1249,9,0
1250,9,0
1251,9,0
9,1252,1
9,1253,1
1254,9,0
9,1255,1
9,1256,1
9,1257,1
1258,9,0
9,1259,1
9,1260,1
9,1261,1
9,1262,1
9,1263,1
9,1264,1
9,1265,1
9,1266,1
9,1267,1
1268,9,0
1269,9,0
1270,9,0
9,1271,1
9,1272,1
9,1273,1
9,1274,1
9,1275,1
9,1276,1
9,1277,1
9,1278,1
9,1279,1
1280,9,0
1281,9,0
1282,9,0
1283,9,0
9,1284,1
9,1285,1
9,1286,1
9,1287,1
1288,9,0
1289,9,0
9,1290,1
1291,9,0
9,1292,1
1293,9,0
9,1294,1
9,1295,1
1296,9,0
9,1297,1
9,1298,1
1299,9,0
9,1300,1
9,1301,1
9,1302,1
9,1303,1
9,1304,1
1305,9,0
9,1306,1
1307,9,0
1308,9,0
1309,9,0
9,1310,1
1311,9,0
1312,9,0
9,1313,1
1314,9,0
1315,9,0
9,1316,1
9,1317,1
9,1318,1
1319,9,0
9,1320,1
9,1321,1
1322,9,0
9,1323,1
9,1324,1
9,1325,1
1326,9,0
9,1327,1
1328,9,0
9,1329,1
1330,9,0
9,1331,1
1332,9,0
9,1333,1
9,1334,1
1335,9,0
9,1336,1
9,1337,1
9,1338,1
9,1339,1
9,1340,1
9,1341,1
1342,9,0
1343,9,0
1344,9,0
9,1345,1
9,1346,1
9,1347,1
9,1348,1
1349,9,0
9,1350,1
9,1351,1
1352,9,0
9,1353,1
9,1354,1
9,1355,1
9,1356,1
1357,9,0
1358,9,0
1359,9,0
9,1360,1
1361,9,0
9,1362,1
9,1363,1
1364,9,0
9,1365,1
9,1366,1
9,1367,1
9,1368,1
1369,9,0
9,1370,1
9,1371,1
9,1372,1
9,1373,1
9,1374,1
1375,9,0
9,1376,1
9,1377,1
9,1378,1
9,1379,1
9,1380,1
9,1381,1
1382,9,0
9,1383,1
9,1384,1
9,1385,1
9,1386,1
1387,9,0
10,8,1
10,10,1
10,15,1
10,19,1
10,20,1
10,28,1
29,10,0
10,36,1
62,10,0
65,10,0
10,87,1
10,91,1
10,97,1
10,106,1
115,10,0
10,129,1
134,10,0
143,10,0
10,148,1
10,170,0
180,10,0
10,181,1
182,10,0
10,190,1
10,226,1
10,227,1
10,241,1
10,307,1
308,10,0
10,322,1
10,327,1
10,328,1
348,10,0
349,10,0
10,350,1
353,10,0
10,355,1
10,356,1
360,10,0
10,364,1
10,367,1
10,368,1
10,371,1
10,374,1
10,383,1
10,385,1
452,10,0
10,479,1
481,10,0
10,534,1
10,546,1
10,549,1
10,551,1
10,553,1
10,616,1
10,630,1
636,10,0
10,637,1
10,638,1
10,639,1
10,665,1
10,731,1
780,10,0
791,10,0
10,812,1
10,813,1
10,814,1
10,847,1
10,858,1
10,859,1
860,10,0
10,861,1
10,880,1
10,888,1
10,889,1
10,915,1
10,916,1
997,10,0
1033,10,0
1034,10,0
10,1051,1
1181,10,0
10,1306,1
10,1388,1
10,1389,1
1390,10,0
10,1391,1
1392,10,0
1393,10,0
10,1394,1
1395,10,0
1396,10,0
10,1397,1
1398,10,0
10,1399,1
1400,10,0
1401,10,0
10,1402,1
10,1403,1
10,1404,1
10,1405,1
10,1406,1
10,1407,1
1408,10,0
10,1409,1
10,1410,1
10,1411,1
10,1412,1
10,1413,1
10,1414,1
10,1415,1
10,1416,1
10,1417,1
1418,10,0
10,1419,1
1420,10,0
10,1421,1
10,1422,1
10,1423,1
10,1424,1
10,1425,1
10,1426,1
10,1427,1
10,1428,1
10,1429,1
1430,10,0
1431,10,0
1432,10,0
10,1433,1
10,1434,1
10,1435,1
10,1436,1
1437,10,0
10,1438,1
1439,10,0
1440,10,0
1441,10,0
10,1442,1
1443,10,0
11,1,1
11,11,1
11,25,1
11,100,1
11,156,1
11,251,1
272,11,0
395,11,0
11,397,1
398,11,0
11,399,1
11,400,1
401,11,0
11,402,1
11,403,1
405,11,0
11,409,1
413,11,0
418,11,0
11,419,1
11,420,1
422,11,0
11,427,1
11,575,1
11,1106,0
11,1271,1
11,1444,1
11,1445,1
1446,11,0
1447,11,0
11,1448,1
11,1449,1
1450,11,0
11,1451,1
11,1452,1
12,267,1
12,419,1
422,12,0
12,425,1
12,682,1
12,683,1
875,12,0
12,940,1
12,952,1
1053,12,0
12,1118,1
1304,12,0
1325,12,0
1385,12,0
12,1453,1
12,1454,1
12,1455,1
12,1456,1
1457,12,0
12,1458,1
12,1459,1
12,1460,1
1461,12,0
12,1462,1
1463,12,0
12,1464,1
12,1465,1
1466,12,0
12,1467,1
12,1468,1
12,1469,1
12,1470,1
3,13,0
28,13,0
29,13,0
13,46,1
13,457,1
13,574,1
13,578,1
13,579,1
867,13,0
13,868,1
13,871,1
1144,13,0
13,1206,1
13,1429,1
13,1471,1
13,1472,1
1473,13,0
13,1474,1
1475,13,0
13,1476,1
13,1477,1
1478,13,0
13,1479,1
13,1480,1
1481,13,0
13,1482,1
13,1483,1
1484,13,0
13,1485,1
13,1486,1
13,1487,1
1488,13,0
13,1489,1
1490,13,0
1491,13,0
13,1492,1
13,1493,1
13,1494,1
1495,13,0
13,1496,1
13,1497,1
13,1498,1
14,14,1
109,14,0
14,661,1
14,674,1
14,687,1
14,877,0
1044,14,0
1230,14,0
14,1392,1
14,1393,1
1499,14,0
14,1500,1
14,1501,1
14,1502,1
14,1503,1
1504,14,0
14,1505,1
1506,14,0
14,1507,1
1508,14,0
1509,14,0
14,1510,1
14,1511,1
14,1512,1
28,15,0
65,15,0
271,15,0
383,15,0
15,474,1
475,15,0
476,15,0
15,488,1
15,489,1
1074,15,0
1280,15,0
15,1407,1
1417,15,0
15,1419,1
15,1420,1
1513,15,0
1514,15,0
1515,15,0
15,1516,1
15,1517,1
15,1518,1
15,1724,0
16,98,1
16,1221,0
16,1260,0
17,17,1
17,27,1
17,28,1
38,17,0
17,50,1
17,52,1
87,17,0
17,90,1
17,113,1
133,17,0
17,186,1
17,187,1
17,199,1
17,201,1
17,205,1
206,17,0
17,219,1
220,17,0
17,221,1
222,17,0
17,225,1
17,249,1
17,251,1
17,266,1
275,17,0
276,17,0
17,287,1
288,17,0
17,289,1
17,292,1
293,17,0
17,294,1
17,295,1
296,17,0
297,17,0
17,303,1
383,17,0
17,396,1
17,397,1
17,401,1
17,407,1
17,505,1
506,17,0
507,17,0
532,17,0
17,533,1
17,535,1
537,17,0
17,544,1
17,545,1
17,546,1
17,564,1
576,17,0
17,583,1
585,17,0
586,17,0
17,589,1
17,590,1
17,591,1
592,17,0
17,595,1
596,17,0
597,17,0
17,598,1
17,600,1
601,17,0
17,602,1
611,17,0
628,17,0
17,629,1
17,635,1
17,637,1
638,17,0
17,662,1
674,17,0
676,17,0
17,677,1
678,17,0
17,688,1
17,690,1
17,733,1
17,734,1
17,798,1
17,799,1
803,17,0
811,17,0
820,17,0
837,17,0
841,17,0
17,886,1
890,17,0
900,17,0
17,905,1
17,909,1
17,929,1
17,931,1
17,954,1
17,956,1
17,969,1
970,17,0
17,995,1
17,1033,1
17,1034,1
17,1058,1
17,1076,1
1077,17,0
17,1120,1
17,1140,1
17,1186,1
17,1454,1
1519,17,0
1520,17,0
17,1521,1
17,1522,1
1523,17,0
1524,17,0
17,1525,1
1526,17,0
1527,17,0
17,1528,1
1529,17,0
17,1530,1
17,1531,1
17,1532,1
17,1533,1
17,1534,1
17,1535,1
17,1536,1
17,1537,1
17,1538,1
1539,17,0
17,1540,1
17,1541,1
17,1542,1
1543,17,0
17,1544,1
1545,17,0
17,1546,1
17,1547,1
1548,17,0
17,1549,1
17,1550,1
17,1551,1
17,1552,1
1553,17,0
1554,17,0
17,1555,1
17,1556,1
17,1557,1
1558,17,0
1559,17,0
17,1560,1
1561,17,0
17,1562,1
17,1563,1
17,1564,1
1565,17,0
17,1566,1
17,1567,1
1568,17,0
1569,17,0
18,1570,1
18,1571,1
19,19,1
19,600,0
19,1407,1
20,2,1
20,11,1
20,14,1
20,16,1
20,20,1
20,29,1
20,60,1
20,63,1
64,20,0
108,20,0
20,109,1
20,130,1
20,134,1
20,138,1
141,20,0
20,165,1
20,172,1
20,174,1
20,175,1
177,20,0
202,20,0
203,20,0
204,20,0
224,20,0
20,270,1
273,20,0
20,274,1
307,20,0
20,308,1
20,319,1
20,321,1
20,322,1
328,20,0
20,338,1
20,347,1
20,349,1
350,20,0
352,20,0
20,356,1
357,20,0
20,359,1
20,360,1
20,363,1
364,20,0
20,366,1
367,20,0
20,368,1
371,20,0
20,417,1
420,20,0
20,421,1
423,20,0
20,434,1
437,20,0
444,20,0
20,445,1
456,20,0
20,506,1
507,20,0
20,508,1
509,20,0
20,527,1
20,530,1
20,533,1
20,538,1
539,20,0
20,548,1
20,559,1
560,20,0
561,20,0
20,562,1
20,580,1
20,623,0
20,626,1
20,628,1
20,631,1
20,633,1
20,645,1
20,656,1
20,705,1
20,722,1
788,20,0
20,796,1
20,827,1
20,847,1
20,853,1
20,888,1
20,889,1
892,20,0
20,914,1
20,959,1
20,997,1
20,999,1
20,1040,1
20,1060,1
20,1064,1
20,1065,1
20,1067,1
20,1070,1
1072,20,0
1077,20,0
20,1088,1
20,1107,1
20,1125,1
20,1134,1
1144,20,0
1145,20,0
1164,20,0
20,1186,1
20,1197,1
20,1198,1
20,1225,1
20,1231,1
1261,20,0
1299,20,0
20,1374,1
20,1378,1
20,1380,1
20,1394,1
20,1396,1
20,1398,1
1403,20,0
20,1404,1
20,1407,1
20,1417,1
20,1418,1
1419,20,0
20,1443,1
20,1485,1
1516,20,0
20,1517,1
20,1520,1
20,1535,1
1538,20,0
1551,20,0
1572,20,0
20,1573,1
20,1574,1
20,1575,1
20,1576,1
1577,20,0
1578,20,0
20,1579,1
1580,20,0
1581,20,0
20,1582,1
20,1583,1
20,1584,1
20,1585,1
20,1586,1
20,1587,1
20,1588,1
20,1589,1
20,1590,1
1591,20,0
20,1592,1
20,1593,1
20,1594,1
20,1595,1
20,1596,1
20,1597,1
1598,20,0
1599,20,0
1600,20,0
20,1601,1
1602,20,0
1603,20,0
20,1604,1
20,1605,1
20,1606,1
20,1607,1
1608,20,0
20,1609,1
1610,20,0
20,1611,1
1612,20,0
1613,20,0
1614,20,0
20,1615,1
1616,20,0
20,1617,1
20,1618,1
1619,20,0
20,1620,1
20,1621,1
20,1622,1
20,1623,1
1624,20,0
20,1625,1
20,1626,1
20,1627,1
20,1628,1
1629,20,0
20,1630,1
1631,20,0
20,1632,1
1633,20,0
20,1634,1
20,1635,1
1636,20,0
1637,20,0
1638,20,0
20,1639,1
20,1640,1
20,1641,1
20,1642,1
20,1643,1
20,1644,1
20,1645,1
20,1646,1
1647,20,0
20,1648,1
20,1649,1
1650,20,0
1651,20,0
1652,20,0
20,1653,1
20,1654,1
20,1655,1
20,1656,1
20,1657,1
20,1658,1
1659,20,0
20,1660,1
1661,20,0
20,1662,1
20,1663,1
1664,20,0
1665,20,0
1666,20,0
20,1667,1
20,1668,1
1669,20,0
20,1670,1
20,1671,1
20,1672,1
1673,20,0
20,1674,1
20,1675,1
1676,20,0
1677,20,0
20,1678,1
20,1679,1
1680,20,0
20,1681,1
20,1682,1
20,1683,1
20,1684,1
20,1685,1
20,1686,1
20,1687,1
1688,20,0
20,1689,1
20,1690,1
1691,20,0
1692,20,0
1693,20,0
20,1694,1
1695,20,0
1696,20,0
20,1697,1
1698,20,0
20,1699,1
21,21,1
21,127,0
710,21,0
21,711,1
21,712,1
21,713,1
21,715,1
21,727,0
21,1314,0
21,1710,0
21,1795,0
21,2100,0
22,21,1
22,22,1
22,497,1
22,499,1
500,22,0
22,501,1
22,502,1
22,531,1
552,22,0
22,567,1
22,569,1
22,708,1
710,22,0
22,711,1
22,713,1
714,22,0
22,715,1
716,22,0
22,1212,0
22,1700,1
1701,22,0
22,1702,1
23,484,0
23,1001,0
1703,23,0
1704,23,0
23,1705,1
23,1706,1
23,1707,1
23,1741,0
890,24,0
24,909,1
24,1293,0
24,1902,0
25,219,0
272,25,0
25,393,1
395,25,0
25,398,1
25,399,1
25,404,1
25,405,1
25,406,1
25,409,1
25,410,1
25,418,1
420,25,0
422,25,0
25,814,1
876,25,0
25,1417,1
1423,25,0
25,1445,1
1450,25,0
25,1561,1
25,1708,1
25,1709,1
25,1710,1
1711,25,0
26,26,1
217,26,0
26,218,1
26,220,1
26,221,1
26,242,0
523,26,0
26,524,1
26,525,1
26,526,1
26,528,1
26,1455,1
1463,26,0
1464,26,0
1465,26,0
26,1466,1
26,1712,1
1713,26,0
26,1714,1
1715,26,0
26,1716,1
26,1717,1
26,1718,1
1719,26,0
27,27,1
27,591,0
27,883,0
1553,27,0
27,1564,1
27,1598,0
28,28,1
28,29,1
28,52,1
28,646,1
811,28,0
28,816,0
28,847,0
916,28,0
28,1034,1
1288,28,0
28,1417,1
1418,28,0
28,1419,1
28,1420,1
28,1575,1
1622,28,0
28,1679,1
28,1720,1
28,1721,1
28,1722,1
1723,28,0
28,1724,1
28,1725,1
29,29,1
29,52,1
29,270,1
29,383,1
915,29,0
29,916,1
1418,29,0
29,1419,1
29,1423,1
29,1516,1
30,1027,1
1028,30,0
30,1029,1
30,1213,0
30,1387,0
31,543,0
31,834,0
31,1415,0
31,1726,1
31,1727,1
32,14,1
32,24,1
32,29,1
32,52,1
32,65,1
32,133,1
32,396,1
402,32,0
403,32,0
32,412,1
32,413,1
32,795,1
32,796,1
32,887,1
32,1073,1
32,1280,1
1417,32,0
32,1420,1
32,1487,1
1675,32,0
32,1728,1
32,1729,1
1730,32,0
32,1731,1
32,1732,1
1733,32,0
32,1734,1
1735,32,0
32,1736,1
32,1737,1
32,1738,1
32,1739,1
32,1740,1
112,33,0
158,33,0
164,33,0
33,175,1
33,190,1
196,33,0
33,197,1
33,201,1
33,217,1
33,219,1
33,220,1
221,33,0
33,222,1
33,235,1
33,236,1
33,239,1
243,33,0
247,33,0
33,249,1
33,275,1
33,276,1
282,33,0
33,283,1
33,284,1
289,33,0
290,33,0
33,292,1
293,33,0
33,294,1
296,33,0
297,33,0
390,33,0
33,516,1
33,517,1
518,33,0
33,519,1
520,33,0
33,522,1
33,523,1
524,33,0
525,33,0
33,526,1
527,33,0
33,529,1
33,532,1
33,538,1
544,33,0
545,33,0
33,557,1
33,558,1
33,575,1
33,617,1
33,620,1
33,627,1
33,629,1
33,647,1
648,33,0
649,33,0
33,651,1
33,663,1
33,675,1
676,33,0
33,678,1
694,33,0
33,695,1
33,696,1
33,697,1
33,699,1
700,33,0
702,33,0
33,703,1
717,33,0
33,727,1
33,728,1
33,1150,1
33,1542,1
1543,33,0
33,1546,1
1547,33,0
33,1566,1
33,1741,1
33,1742,1
34,50,0
190,34,0
34,220,1
34,221,1
34,242,1
277,34,0
34,281,1
282,34,0
34,283,1
284,34,0
34,285,1
34,390,1
515,34,0
34,517,1
34,518,1
519,34,0
520,34,0
34,522,1
523,34,0
34,524,1
525,34,0
526,34,0
527,34,0
34,528,1
34,552,1
575,34,0
618,34,0
663,34,0
34,682,1
683,34,0
34,698,1
34,699,1
34,700,1
34,701,1
702,34,0
703,34,0
34,728,1
34,1280,1
34,2131,0
35,35,1
35,972,1
974,35,0
35,976,1
977,35,0
35,978,1
979,35,0
35,980,1
35,982,1
1743,35,0
36,36,1
52,36,0
36,661,0
36,672,1
915,36,0
36,998,0
36,1317,1
36,1324,1
1422,36,0
1744,36,0
36,1745,1
36,1746,1
37,412,1
413,37,0
832,37,0
37,1346,0
37,1747,1
1748,37,0
38,246,1
250,38,0
38,257,1
38,264,1
432,38,0
38,561,1
38,562,1
38,633,1
38,748,1
1052,38,0
38,1108,1
38,1388,1
38,1402,1
38,1415,1
38,1426,1
1514,38,0
1538,38,0
38,1633,1
38,1634,1
38,1686,1
38,1749,1
1750,38,0
38,1751,1
38,1752,1
38,1753,1
1754,38,0
38,1755,1
38,1756,1
38,1757,1
1758,38,0
38,1759,1
38,1760,1
38,1761,1
1762,38,0
38,1763,1
38,1764,1
38,1765,1
38,1766,1
38,1767,1
38,1768,1
1769,38,0
1770,38,0
39,456,1
457,39,0
39,876,0
40,40,1
40,42,1
40,157,1
40,199,1
200,40,0
40,396,1
40,411,1
40,1557,1
1570,40,0
40,1771,1
40,1772,1
1773,40,0
1774,40,0
40,1775,1
1776,40,0
40,1777,1
41,29,1
954,41,0
41,1513,1
41,1514,1
41,1516,1
41,1587,1
42,733,1
734,42,0
198,43,0
211,43,0
212,43,0
43,244,1
43,245,1
43,254,1
304,43,0
43,393,1
43,460,1
43,1778,1
1779,43,0
44,44,1
44,51,1
44,135,1
44,753,1
754,44,0
755,44,0
44,759,1
822,44,0
823,44,0
830,44,0
44,839,1
44,840,1
911,44,0
44,914,1
44,1620,1
44,1679,1
44,1724,1
44,1780,1
44,1781,1
1782,44,0
44,1783,1
44,1784,1
45,663,1
45,717,1
45,774,0
45,1594,0
46,46,1
185,46,0
46,186,1
188,46,0
46,1492,1
46,1495,1
46,1496,1
47,1788,1
47,1789,1
47,1844,0
48,48,1
48,534,1
48,615,1
616,48,0
48,664,1
671,48,0
48,1790,1
48,1791,1
1304,49,0
49,1460,1
49,1468,1
49,1796,1
1797,49,0
50,50,1
50,227,0
50,997,0
50,1517,0
51,157,0
51,755,1
51,756,1
52,185,1
52,186,1
52,187,1
188,52,0
52,189,1
52,193,0
52,386,1
52,450,1
453,52,0
52,467,1
52,530,0
52,562,1
52,563,1
52,633,1
52,915,1
52,916,1
52,1051,1
52,1082,1
52,1164,1
52,1417,1
52,1420,1
52,1443,1
1708,52,0
53,54,1
53,698,0
53,912,1
1015,53,0
53,1016,1
1471,53,0
53,1847,1
54,54,1
54,912,1
936,54,0
54,941,1
54,942,1
54,1016,1
54,1953,0
55,55,1
55,56,1
55,670,1
55,729,1
55,874,1
875,55,0
55,943,1
55,952,1
55,1123,0
55,2031,0
56,875,1
56,897,1
940,56,0
952,56,0
994,56,0
57,57,1
57,482,0
57,814,0
873,57,0
994,57,0
58,934,1
1011,58,0
58,1012,1
58,1649,0
1848,58,0
59,59,1
59,430,1
431,59,0
59,434,1
1849,59,0
59,1850,1
1851,59,0
1852,59,0
1853,59,0
59,1854,1
59,1855,1
60,227,1
60,816,1
60,817,1
60,887,1
60,1444,0
60,1856,1
146,61,0
61,186,1
61,187,1
188,61,0
189,61,0
61,451,1
536,61,0
61,774,1
61,776,1
777,61,0
61,1513,1
61,1514,1
61,1555,1
1563,61,0
61,1564,1
1565,61,0
61,1731,1
61,1802,1
61,1857,1
61,1858,1
61,1859,1
61,1860,1
61,1861,1
1862,61,0
1863,61,0
61,1864,1
61,1865,1
1866,61,0
61,2167,0
62,561,1
62,562,1
62,633,1
62,780,1
781,62,0
62,1728,0
63,63,1
98,63,0
63,385,1
63,937,1
63,938,1
63,954,1
63,972,1
63,973,1
975,63,0
63,976,1
63,979,1
63,980,1
981,63,0
63,982,1
1021,63,0
63,1022,1
63,1123,0
63,1145,1
1181,63,0
63,1368,1
1433,63,0
1434,63,0
1435,63,0
63,1438,1
63,1439,1
1867,63,0
1868,63,0
1869,63,0
63,1926,0
64,64,1
127,64,0
64,523,0
64,1396,1
1397,64,0
64,1399,1
1400,64,0
1424,64,0
64,1870,1
64,1883,0
65,29,1
65,52,1
65,65,1
65,219,1
65,220,1
65,915,1
916,65,0
1871,65,0
66,66,1
740,66,0
741,66,0
66,747,1
66,878,1
1679,66,0
1724,66,0
66,1872,1
66,1873,1
66,1874,1
1875,66,0
67,446,0
67,661,0
67,1898,0
826,68,0
68,1379,0
69,69,1
69,458,1
69,460,1
69,713,0
865,69,0
69,866,1
560,70,0
70,631,1
645,70,0
70,1556,1
71,28,1
71,71,1
71,560,0
71,862,1
71,885,1
71,1150,1
71,1417,1
71,1418,1
71,2022,0
72,72,1
72,798,0
944,72,0
1001,72,0
72,1002,1
72,1003,1
72,1012,0
72,1204,1
72,1876,1
72,1877,1
72,1878,1
1879,72,0
72,1880,1
73,234,1
73,1395,1
73,1833,0
74,74,1
74,141,1
74,1639,0
74,1881,1
74,1882,1
75,569,0
75,1883,1
1884,75,0
1885,75,0
75,1886,1
1887,75,0
76,191,1
192,76,0
76,193,1
76,484,0
865,76,0
76,1825,0
77,77,1
77,78,1
77,230,1
231,77,0
77,789,1
790,77,0
77,791,1
77,828,1
77,911,1
78,78,1
230,78,0
78,231,1
78,790,1
78,791,1
78,828,1
78,898,1
78,1264,0
78,1684,0
78,1786,0
79,205,1
206,79,0
79,207,1
208,79,0
79,802,1
79,894,1
79,1196,0
79,1391,0
80,813,1
814,80,0
149,81,0
1222,81,0
81,1223,1
81,1224,1
1373,81,0
81,1514,1
81,1529,1
1612,81,0
1778,81,0
1779,81,0
81,1784,1
81,1802,1
81,1857,1
81,1858,1
81,1859,1
1862,81,0
81,1863,1
1865,81,0
1866,81,0
81,1888,1
1889,81,0
81,1890,1
81,1891,1
1892,81,0
1893,81,0
1894,81,0
81,1895,1
81,1896,1
81,1897,1
81,1898,1
81,1899,1
81,1900,1
81,1901,1
81,1902,1
81,1903,1
81,1904,1
81,1905,1
81,1906,1
1907,81,0
1908,81,0
1909,81,0
81,1910,1
1911,81,0
1912,81,0
81,1913,1
1914,81,0
81,1915,1
82,82,1
565,82,0
82,921,0
82,1069,1
82,1484,0
82,1901,0
1916,82,0
83,83,1
83,183,1
83,211,1
83,212,1
252,83,0
83,560,1
580,83,0
83,581,1
83,1111,1
1112,83,0
83,1639,1
83,1708,1
83,1734,1
1735,83,0
1754,83,0
83,1917,1
83,1918,1
1919,83,0
83,1920,1
1921,83,0
83,1922,1
83,1923,1
83,1924,1
1925,83,0
83,1926,1
83,1927,1
83,1928,1
84,84,1
84,442,0
84,2010,0
85,85,1
85,1929,1
13,86,0
1488,86,0
86,1930,1
87,219,1
87,220,1
87,221,1
87,222,1
87,495,0
87,694,0
1519,87,0
87,1532,1
87,1533,1
88,1092,0
88,1701,0
89,1888,0
89,1931,1
89,1932,1
1933,89,0
89,1934,1
90,90,1
90,232,0
90,838,0
1522,90,0
91,258,0
92,92,1
92,1043,1
92,1935,1
92,1936,1
93,93,1
93,763,1
93,1611,0
94,765,1
766,94,0
94,1863,0
783,95,0
95,784,1
785,95,0
95,787,1
95,1750,0
96,96,1
96,97,1
858,96,0
96,860,1
1024,96,0
97,858,1
861,97,0
97,1722,0
98,8,1
98,98,1
148,98,0
98,180,1
98,181,1
98,1109,1
98,1245,1
98,1442,1
98,1950,1
98,1951,1
1952,98,0
98,1953,1
98,1954,1
99,99,1
99,442,1
99,1083,0
101,110,0
101,837,1
1955,101,0
1956,101,0
1957,101,0
102,102,1
102,842,1
102,843,1
844,102,0
102,1326,0
102,1638,0
102,1734,1
102,1735,1
102,1958,1
102,1959,1
1960,102,0
11,103,0
103,397,1
103,401,1
103,465,0
103,1452,1
103,1610,0
104,608,1
104,614,1
104,634,0
723,104,0
724,104,0
104,725,1
105,104,1
105,607,1
105,608,1
614,105,0
105,724,1
105,725,1
105,1168,0
105,2150,0
106,469,1
481,106,0
106,482,1
106,483,1
1416,106,0
106,1604,1
1803,106,0
1826,106,0
106,1961,1
106,1962,1
106,1963,1
1964,106,0
106,1965,1
1966,106,0
1967,106,0
1968,106,0
106,1969,1
1970,106,0
106,1971,1
107,107,1
818,107,0
107,819,1
107,1063,0
108,108,1
108,703,0
109,684,1
685,109,0
109,686,1
109,1505,1
1972,110,0
1973,110,0
111,111,1
111,300,1
111,305,1
111,849,0
111,877,1
878,111,0
112,497,0
112,638,1
639,112,0
112,640,1
112,641,1
112,642,1
112,1535,0
112,2136,0
113,113,1
113,1548,1
113,1677,0
29,114,0
114,202,1
114,250,1
550,114,0
732,114,0
114,863,1
1662,114,0
114,1975,1
1976,114,0
114,1977,1
1978,114,0
114,1979,1
114,1980,1
1981,114,0
114,1982,1
114,1983,1
115,28,1
115,270,1
115,383,1
115,562,1
115,1421,1
115,1596,0
115,1975,0
116,116,1
116,961,1
963,116,0
116,964,1
117,117,1
117,1386,1
117,1984,1
1985,117,0
117,1986,1
1987,117,0
118,1471,1
118,1847,1
118,1999,0
119,1236,1
119,1988,1
119,1989,1
1990,119,0
119,1991,1
119,1992,1
119,1993,1
120,120,1
984,120,0
120,985,1
120,987,1
120,988,1
120,989,1
120,991,1
414,121,0
121,446,1
121,470,1
487,121,0
121,1975,0
122,1261,1
122,1773,0
122,1996,1
123,11,1
25,123,0
123,100,1
123,412,1
413,123,0
420,123,0
780,123,0
123,2053,0
124,136,0
124,183,1
124,376,0
124,1530,0
124,1681,0
116,125,0
750,125,0
125,755,0
126,126,1
126,196,0
126,536,0
126,742,0
126,847,1
126,956,1
2016,126,0
126,2017,1
126,2018,1
127,1023,1
127,2019,1
128,1747,0
2020,128,0
128,2021,1
128,2022,1
128,2023,1
128,2024,1
2025,128,0
2026,128,0
129,106,1
129,469,1
129,479,1
480,129,0
129,1401,1
129,2027,1
2028,129,0
129,2029,1
130,130,1
131,131,1
131,2030,1
131,2031,1
132,324,0
132,382,0
132,418,0
1942,132,0
132,1946,1
2032,132,0
2033,132,0
133,106,1
133,235,1
133,236,1
133,237,1
133,457,1
133,479,1
480,133,0
133,1429,1
98,134,0
134,180,1
134,181,1
134,226,1
134,227,1
228,134,0
226,135,0
227,135,0
135,537,1
135,1623,0
135,1780,1
2037,135,0
135,2038,1
135,2039,1
135,2040,1
2041,135,0
135,2042,1
135,2043,1
135,2044,1
135,2045,1
136,412,1
136,1138,0
136,1307,0
137,137,1
137,1599,0
137,1992,0
2046,137,0
137,2047,1
138,1272,0
138,1339,0
138,1680,0
139,672,0
139,823,0
139,1329,0
1358,139,0
139,1888,0
139,1979,0
139,2049,1
140,8,1
479,140,0
1212,140,0
140,1976,0
140,2050,1
140,2051,1
2052,140,0
141,141,1
141,1066,0
141,2007,0
142,142,1
142,1216,1
143,386,1
143,469,1
479,143,0
481,143,0
143,646,0
780,143,0
143,781,1
915,143,0
143,916,1
143,1418,1
143,1643,1
143,1900,0
144,50,1
144,64,1
106,144,0
451,144,0
144,480,1
144,481,1
144,911,0
144,1132,1
144,1395,1
1870,144,0
144,2057,1
144,2058,1
145,145,1
689,145,0
145,737,1
900,145,0
145,969,1
146,146,1
146,1514,1
146,1802,1
1857,146,0
146,1859,1
146,1860,1
146,1861,1
147,147,1
147,784,0
147,966,0
148,376,0
148,456,1
148,780,1
148,1332,1
148,1617,1
148,2072,1
149,872,1
149,1551,0
149,1661,0
2073,149,0
149,2074,1
150,1657,1
150,1694,1
150,1760,0
2081,150,0
150,2082,1
150,2083,1
151,151,1
151,344,0
2093,151,0
151,2094,1
152,9,1
152,109,1
152,202,1
152,204,1
152,424,1
474,152,0
488,152,0
489,152,0
152,646,1
152,656,1
1402,152,0
152,1520,1
152,1538,1
152,1588,1
152,1662,1
152,1766,1
1768,152,0
1769,152,0
2084,152,0
152,2095,1
152,2096,1
152,2097,1
152,2098,1
152,2099,1
152,2100,1
152,2101,1
152,2102,1
152,2103,1
2104,152,0
2105,152,0
152,2106,1
1,153,0
153,8,1
153,61,1
153,106,1
153,123,1
153,129,1
396,153,0
402,153,0
153,456,1
153,479,1
153,481,1
153,653,1
832,153,0
153,1034,1
153,1178,1
153,1552,1
1557,153,0
153,2003,1
2150,153,0
2151,153,0
2152,153,0
153,2153,1
154,654,0
154,944,0
154,1265,1
1266,154,0
154,1276,0
154,1669,0
2158,154,0
154,2159,1
2160,154,0
2161,154,0
949,155,0
1025,155,0
6,156,0
9,156,0
156,83,1
156,103,1
156,156,1
168,156,0
156,185,1
156,186,1
156,188,1
156,189,1
156,224,1
156,225,1
156,240,1
346,156,0
156,401,1
156,405,1
156,409,1
156,505,1
506,156,0
156,507,1
156,534,1
539,156,0
156,549,1
553,156,0
156,561,1
156,562,1
565,156,0
156,570,1
156,597,1
599,156,0
156,600,1
156,601,1
156,603,1
156,615,1
633,156,0
652,156,0
156,653,1
156,656,1
156,731,1
156,768,1
769,156,0
770,156,0
156,774,1
775,156,0
778,156,0
779,156,0
156,780,1
1115,156,0
1181,156,0
1182,156,0
156,1285,1
156,1368,1
1385,156,0
1433,156,0
156,1434,1
156,1435,1
156,1436,1
1437,156,0
156,1438,1
156,1455,1
1463,156,0
1464,156,0
1466,156,0
1470,156,0
1598,156,0
1719,156,0
156,1800,1
156,1923,1
156,1982,1
156,2034,1
156,2166,1
2167,156,0
156,2168,1
156,2169,1
156,2170,1
156,2171,1
156,2172,1
2173,156,0
2174,156,0
156,2175,1
2176,156,0
156,2177,1
156,2178,1
157,1324,0
157,2126,0
158,201,1
158,556,1
158,557,1
558,158,0
158,946,1
1831,159,0
159,2179,1
2180,159,0
159,2181,1
159,2182,1
159,2183,1
159,2184,1
2185,159,0
2186,159,0
2187,159,0
160,1524,1
2188,160,0
160,2189,1
160,2190,1
162,510,1
511,162,0
162,512,1
514,162,0
162,2191,1
2192,162,0
163,1462,1
163,1547,0
164,164,1
164,484,0
647,164,0
164,648,1
164,649,1
651,164,0
164,1892,0
165,456,0
165,942,0
165,1797,0
2193,165,0
166,267,1
166,666,0
166,1325,1
2194,166,0
167,167,1
167,382,0
167,945,1
167,2016,0
167,2151,0
168,82,1
168,699,0
168,1531,1
2053,168,0
168,2054,1
168,2055,1
2195,168,0
168,2196,1
2197,168,0
168,2198,1
1005,169,0
1006,169,0
169,1928,0
170,170,1
170,1086,1
170,1346,1
170,1545,1
170,1554,0
170,1896,1
170,2199,1
171,226,1
171,845,1
171,1442,0
171,2200,1
172,839,0
2201,172,0
173,988,0
2147,173,0
173,2202,1
174,396,1
174,705,1
1300,174,0
174,2056,1
174,2203,1
174,2204,1
175,598,0
177,672,0
177,1573,0
177,1642,0
178,2034,0
180,714,0
180,1822,0
180,1951,0
180,2141,0
181,1157,0
181,1636,0
181,1990,0
182,2002,0
184,882,0
185,1678,0
185,1719,0
189,1050,0
190,1243,0
191,729,0
191,1081,0
192,1629,0
193,576,0
193,1960,0
195,1374,0
198,335,0
198,1130,0
198,1339,0
200,1605,0
202,938,0
202,1555,0
203,1608,0
203,1813,0
204,792,0
206,1371,0
206,1993,0
207,1593,0
207,1829,0
208,1799,0
210,1756,0
211,2028,0
213,381,0
214,1533,0
215,271,0
219,2180,0
221,1169,0
221,1944,0
223,1275,0
224,688,0
225,997,0
227,1443,0
230,265,0
232,596,0
232,1693,0
234,1581,0
234,1747,0
236,1105,0
240,247,0
240,923,0
242,317,0
242,487,0
242,623,0
245,715,0
245,1135,0
245,1800,0
248,892,0
250,1713,0
250,2072,0
252,1980,0
254,382,0
254,501,0
254,2082,0
255,659,0
255,1477,0
257,586,0
257,1242,0
257,1534,0
260,1511,0
261,1412,0
262,1027,0
262,1611,0
263,795,0
264,1199,0
264,1517,0
265,535,0
265,1813,0
266,848,0
266,1604,0
267,994,0
268,1383,0
269,1447,0
270,1544,0
270,1563,0
271,409,0
273,1198,0
277,361,0
277,461,0
282,724,0
282,2009,0
284,1430,0
284,1804,0
286,1659,0
286,2158,0
287,793,0
287,966,0
287,1493,0
287,2189,0
291,504,0
292,556,0
293,2051,0
294,1361,0
294,1747,0
298,338,0
298,1431,0
300,560,0
300,916,0
300,1871,0
301,1044,0
302,1617,0
302,1732,0
304,1918,0
304,2002,0
305,1035,0
305,1382,0
307,337,0
307,437,0
307,752,0
308,1274,0
310,460,0
314,1943,0
315,464,0
316,1548,0
317,1299,0
318,595,0
318,1550,0
318,1949,0
319,1632,0
320,527,0
322,703,0
322,971,0
325,547,0
326,1458,0
331,891,0
332,627,0
334,381,0
334,1580,0
334,1804,0
336,1726,0
339,1418,0
340,674,0
344,1454,0
347,1051,0
347,1446,0
349,1728,0
349,1942,0
350,1683,0
351,500,0
353,506,0
354,741,0
354,1608,0
358,834,0
358,1157,0
359,772,0
359,1546,0
362,1821,0
364,751,0
365,1073,0
365,1608,0
367,662,0
368,957,0
368,1040,0
368,1864,0
369,843,0
371,551,0
371,986,0
371,1954,0
374,700,0
374,1604,0
376,1758,0
377,1242,0
378,1713,0
380,813,0
380,1022,0
383,714,0
383,1365,0
384,1770,0
385,1835,0
386,1528,0
387,2042,0
387,2045,0
389,1296,0
390,1121,0
390,1656,0
392,428,0
392,1787,0
394,584,0
394,1711,0
395,401,0
395,1104,0
395,1161,0
397,1816,0
399,486,0
401,775,0
401,2084,0
403,2038,0
404,1582,0
405,1000,0
405,2041,0
408,517,0
408,845,0
408,1094,0
409,1440,0
412,540,0
414,923,0
415,814,0
415,1019,0
416,1142,0
416,1733,0
417,1640,0
418,1172,0
422,628,0
422,657,0
422,1221,0
423,797,0
423,1062,0
424,900,0
424,1273,0
427,679,0
427,2071,0
428,1009,0
428,1174,0
429,1639,0
430,1196,0
431,822,0
432,982,0
433,705,0
433,843,0
433,1071,0
433,1637,0
435,1302,0
437,814,0
438,687,0
438,1709,0
440,1456,0
440,2164,0
441,1217,0
441,1396,0
442,491,0
442,627,0
443,498,0
444,458,0
444,1517,0
448,1506,0
454,1725,0
456,593,0
456,969,0
457,1478,0
458,2019,0
458,2193,0
459,1467,0
460,2004,0
461,630,0
463,1026,0
464,1029,0
465,512,0
465,524,0
465,1369,0
468,1325,0
470,639,0
470,1670,0
471,1520,0
472,1384,0
474,723,0
474,1485,0
475,525,0
475,1789,0
476,1089,0
476,1160,0
476,1618,0
477,596,0
479,547,0
482,1297,0
482,1841,0
484,618,0
486,521,0
487,674,0
487,1204,0
488,1329,0
489,1773,0
489,2158,0
490,750,0
490,837,0
492,517,0
492,1079,0
492,1112,0
493,1511,0
494,1098,0
495,549,0
495,1433,0
495,1733,0
496,1668,0
497,1133,0
497,1584,0
498,1270,0
500,717,0
500,2090,0
501,675,0
502,615,0
503,512,0
503,821,0
503,1257,0
504,617,0
505,1571,0
505,1602,0
506,689,0
509,1372,0
509,1611,0
509,1618,0
510,875,0
511,1060,0
512,732,0
512,2057,0
513,1046,0
516,1364,0
517,631,0
517,713,0
517,1745,0
518,1974,0
519,1965,0
520,1409,0
520,1654,0
520,2077,0
521,2068,0
522,2145,0
524,1922,0
525,1440,0
526,1305,0
526,1774,0
526,2127,0
527,592,0
527,1603,0
528,1228,0
532,2180,0
533,1217,0
533,2148,0
535,1034,0
536,738,0
537,1077,0
540,1566,0
541,1110,0
541,1968,0
545,1038,0
547,985,0
548,1731,0
553,1240,0
553,1433,0
553,1764,0
554,1173,0
555,851,0
555,1173,0
556,1941,0
559,1240,0
560,1754,0
561,758,0
562,623,0
564,700,0
564,1978,0
565,1452,0
565,1583,0
566,698,0
566,1062,0
568,1718,0
570,1607,0
570,2148,0
571,1491,0
578,934,0
578,1160,0
580,1107,0
582,1299,0
584,971,0
584,1879,0
586,1180,0
586,1243,0
586,1668,0
588,1682,0
589,2085,0
592,994,0
594,1855,0
597,1879,0
597,2005,0
598,1030,0
599,1267,0
599,1468,0
600,1364,0
600,1889,0
607,1121,0
610,1374,0
613,1046,0
613,1515,0
613,2093,0
614,1283,0
614,1674,0
617,1117,0
617,1601,0
618,1326,0
622,848,0
622,2051,0
623,984,0
623,1154,0
624,831,0
626,763,0
627,2024,0
629,664,0
629,912,0
629,1648,0
630,2079,0
633,1130,0
635,853,0
635,1430,0
636,1039,0
641,654,0
641,2137,0
642,1801,0
644,1763,0
646,1380,0
648,973,0
648,1353,0
649,860,0
652,730,0
652,1040,0
652,1102,0
652,1950,0
655,794,0
658,911,0
658,1263,0
660,1892,0
662,1115,0
664,1090,0
664,2121,0
666,1544,0
668,874,0
670,2072,0
672,812,0
675,924,0
675,1773,0
676,1990,0
682,1687,0
683,950,0
685,744,0
686,729,0
687,2118,0
688,1759,0
689,1207,0
689,1832,0
690,1140,0
691,748,0
691,918,0
691,1533,0
691,2082,0
693,1214,0
694,1243,0
696,1915,0
700,1267,0
701,798,0
701,973,0
701,1688,0
703,1847,0
704,790,0
706,1179,0
707,1766,0
708,1094,0
710,861,0
715,1758,0
723,805,0
724,1020,0
724,1107,0
725,1720,0
726,2024,0
730,1571,0
731,1537,0
732,821,0
732,1532,0
732,1554,0
732,2180,0
733,1574,0
733,1948,0
735,1044,0
735,1697,0
735,1867,0
735,2204,0
738,1435,0
740,1766,0
742,1942,0
743,1359,0
744,1169,0
753,1076,0
753,1288,0
753,1471,0
753,1634,0
753,1884,0
756,799,0
756,2048,0
759,1448,0
760,850,0
762,1408,0
763,883,0
763,902,0
763,2191,0
767,1088,0
768,1141,0
769,1645,0
770,1518,0
771,1438,0
773,1661,0
775,1395,0
775,1612,0
775,1971,0
777,1404,0
780,781,0
781,1052,0
782,1155,0
782,1661,0
783,2158,0
786,902,0
788,1308,0
791,1162,0
793,1332,0
795,1648,0
796,890,0
796,1512,0
796,1601,0
797,973,0
798,1878,0
799,1609,0
799,1682,0
799,2046,0
800,1066,0
800,1422,0
801,1810,0
802,2011,0
807,1783,0
809,1118,0
809,1143,0
809,1183,0
809,1590,0
809,1978,0
810,930,0
811,1608,0
811,1714,0
812,1741,0
819,1124,0
823,1858,0
823,2185,0
826,1333,0
826,1895,0
826,2078,0
834,1535,0
839,2073,0
842,1793,0
843,1497,0
844,1079,0
844,1334,0
844,1342,0
844,1962,0
844,2162,0
845,931,0
849,2012,0
850,2119,0
858,1801,0
860,970,0
862,1202,0
862,1776,0
870,885,0
870,1438,0
872,1404,0
879,1013,0
881,1585,0
882,922,0
882,1010,0
883,1090,0
883,2162,0
885,1333,0
886,1648,0
890,1091,0
895,1252,0
896,1897,0
899,1382,0
905,1234,0
905,1371,0
905,1525,0
906,1015,0
907,1021,0
907,1642,0
907,2075,0
908,2200,0
910,1379,0
912,1868,0
914,1643,0
916,1024,0
918,1820,0
919,1729,0
920,1472,0
922,1014,0
922,1615,0
923,1166,0
924,1038,0
929,1575,0
930,1111,0
931,1523,0
932,1456,0
933,1894,0
934,1406,0
938,1796,0
939,1066,0
940,1877,0
941,1062,0
941,1793,0
944,1350,0
944,1595,0
947,1222,0
947,1819,0
948,1451,0
949,1964,0
950,1347,0
950,1747,0
952,1621,0
953,1549,0
953,1611,0
953,2158,0
956,1550,0
957,1323,0
958,1596,0
958,1648,0
959,1664,0
959,1793,0
961,1242,0
961,1489,0
961,1770,0
962,1489,0
964,1251,0
966,1250,0
966,2064,0
966,2183,0
972,1467,0
972,1766,0
973,1401,0
974,1221,0
974,1804,0
978,1605,0
980,1355,0
985,1916,0
985,2178,0
986,1313,0
986,1446,0
988,1163,0
991,1711,0
992,1933,0
994,1855,0
996,1633,0
998,1061,0
998,1653,0
1000,1292,0
1004,1444,0
1004,1488,0
1004,1913,0
1006,1183,0
1007,1561,0
1007,2150,0
1009,1262,0
1009,1842,0
1012,1591,0
1013,1949,0
1016,1614,0
1018,1794,0
1018,2111,0
1019,1239,0
1021,1076,0
1028,1969,0
1029,1816,0
1030,1199,0
1030,1459,0
1030,1873,0
1032,1706,0
1034,1722,0
1035,1482,0
1037,1646,0
1041,1984,0
1043,1534,0
1048,1409,0
1056,1971,0
1058,1726,0
1061,1555,0
1062,1237,0
1062,1391,0
1065,1640,0
1067,1804,0
1069,1445,0
1071,1557,0
1079,1940,0
1080,1996,0
1081,1693,0
1083,1830,0
1084,2140,0
1088,1795,0
1089,1370,0
1093,1162,0
1098,2150,0
1103,1698,0
1107,1842,0
1108,1873,0
1109,2064,0
1111,1609,0
1112,1458,0
1112,1917,0
1119,2083,0
1120,2168,0
1121,1780,0
1121,2131,0
1123,1204,0
1123,1787,0
1126,1298,0
1126,1331,0
1126,1385,0
1126,1475,0
1126,1603,0
1127,1897,0
1128,1367,0
1130,1479,0
1138,1752,0
1139,1962,0
1142,1298,0
1142,2143,0
1145,1684,0
1146,1758,0
1150,1896,0
1152,1560,0
1154,1964,0
1158,1610,0
1160,1509,0
1162,1439,0
1162,2199,0
1164,1432,0
1164,2096,0
1165,1886,0
1175,1470,0
1175,1830,0
1176,1764,0
1177,2027,0
1178,1717,0
1180,1885,0
1185,1971,0
1187,1204,0
1189,1554,0
1196,2008,0
1197,1404,0
1197,1674,0
1200,1217,0
1207,1649,0
1208,1435,0
1209,1292,0
1212,1778,0
1212,1811,0
1213,1980,0
1218,1857,0
1219,1309,0
1219,2069,0
1220,1521,0
1221,1854,0
1225,1298,0
1227,1279,0
1239,1684,0
1246,1467,0
1258,1421,0
1258,1717,0
1258,1979,0
1258,2118,0
1268,1300,0
1272,1864,0
1276,2182,0
1282,1950,0
1284,1891,0
1286,2186,0
1291,2130,0
1293,2094,0
1293,2171,0
1296,1736,0
1299,1568,0
1299,1746,0
1299,1750,0
1304,1678,0
1305,1332,0
1310,1737,0
1311,1865,0
1314,1816,0
1314,1860,0
1318,1988,0
1318,2030,0
1319,1530,0
1328,1438,0
1332,1443,0
1332,1534,0
1332,1959,0
1336,1530,0
1343,1821,0
1345,1464,0
1346,1666,0
1347,2190,0
1352,1441,0
1353,1364,0
1354,1641,0
1354,1705,0
1356,1514,0
1360,1506,0
1365,1435,0
1368,1391,0
1369,1968,0
1369,2022,0
1376,2039,0
1380,1603,0
1385,2158,0
1391,1742,0
1395,1484,0
1395,1622,0
1397,1656,0
1399,1506,0
1401,1788,0
1405,1659,0
1409,1699,0
1409,1940,0
1415,1826,0
1416,1782,0
1417,1893,0
1418,1952,0
1419,1704,0
1420,1659,0
1425,1752,0
1427,2184,0
1429,1922,0
1431,1781,0
1435,1475,0
1438,2188,0
1439,1769,0
1440,1469,0
1446,1844,0
1447,1554,0
1448,1496,0
1448,1812,0
1448,1955,0
1451,2169,0
1452,2178,0
1453,1587,0
1454,1553,0
1461,2107,0
1462,2144,0
1465,1964,0
1465,2183,0
1467,2121,0
1471,2085,0
1477,1758,0
1485,1521,0
1487,1817,0
1490,2139,0
1493,1508,0
1497,1658,0
1497,1953,0
1497,2118,0
1498,1563,0
1499,1572,0
1500,2085,0
1503,1776,0
1509,1829,0
1512,1870,0
1512,2194,0
1513,1525,0
1517,2065,0
1524,2037,0
1525,1555,0
1525,2117,0
1527,1605,0
1528,1948,0
1530,1828,0
1546,1972,0
1551,2116,0
1555,2069,0
1558,2112,0
1564,2062,0
1567,1582,0
1567,1657,0
1573,1785,0
1575,2049,0
1576,1597,0
1583,2186,0
1584,1789,0
1590,1899,0
1594,1972,0
1594,2153,0
1601,2129,0
1602,2030,0
1603,1786,0
1606,1875,0
1613,1925,0
1617,1982,0
1618,2151,0
1621,2164,0
1624,1639,0
1631,2179,0
1633,1888,0
1634,1777,0
1635,2193,0
1637,1955,0
1642,2060,0
1643,1913,0
1650,1990,0
1652,1855,0
1657,2104,0
1658,1814,0
1660,1849,0
1660,2041,0
1666,1698,0
1671,1999,0
1673,1764,0
1675,1997,0
1675,2024,0
1677,1831,0
1678,1936,0
1679,2158,0
1681,1796,0
1686,1770,0
1687,1886,0
1689,1750,0
1691,1936,0
1691,1983,0
1696,2149,0
1697,1834,0
1698,2075,0
1705,1867,0
1710,1875,0
1716,2059,0
1721,2081,0
1723,1951,0
1728,1915,0
1729,1736,0
1733,1783,0
1735,2199,0
1749,1964,0
1753,1816,0
1760,1990,0
1761,2175,0
1778,2124,0
1793,2189,0
1794,1893,0
1807,2163,0
1821,1841,0
1849,2176,0
1876,2012,0
1884,2177,0
1898,2129,0
1902,1941,0
1902,2081,0
1904,1963,0
1934,1943,0
1940,1980,0
1942,2187,0
1949,2028,0
1956,2030,0
1959,2176,0
1965,2024,0
2004,2204,0
2011,2201,0
2014,2182,0
2040,2058,0
2075,2098,0
2081,2112,0
2088,2130,0
2116,2172,0
2120,2174,0
2123,2143,0
2129,2192,0
