0,10,1
0,25,1
0,27,1
0,28,1
0,43,1
0,91,1
0,100,1
0,111,1
0,152,1
0,175,1
0,176,1
0,177,1
0,178,1
0,179,1
0,180,1
0,181,1
0,182,1
0,183,1
0,184,1
0,185,1
0,186,1
0,187,1
0,188,1
0,189,1
0,190,1
0,191,1
0,192,1
0,193,1
0,194,1
0,195,1
0,196,1
0,197,1
0,198,1
0,199,1
0,200,1
0,201,1
0,202,1
0,203,1
0,204,1
0,205,1
0,206,1
0,207,1
0,208,1
0,209,1
0,210,1
0,211,1
0,212,1
0,213,1
0,214,1
0,215,1
0,216,1
0,217,1
0,218,1
0,219,1
0,220,1
0,221,1
0,222,1
0,223,1
0,224,1
0,225,1
0,226,1
0,227,1
0,228,1
0,229,1
0,230,1
0,231,1
0,232,1
0,233,1
0,234,1
0,235,1
0,236,1
0,237,1
0,238,1
0,239,1
0,240,1
0,241,1
0,242,1
0,243,1
0,244,1
0,245,1
0,246,1
0,247,1
0,248,1
0,249,1
0,250,1
0,251,1
0,252,1
0,253,1
0,254,1
0,255,1
0,256,1
0,257,1
0,258,1
0,259,1
0,260,1
0,261,1
0,262,1
0,263,1
0,264,1
0,265,1
0,266,1
0,267,1
0,268,1
0,269,1
0,270,1
0,271,1
0,272,1
0,273,1
0,274,1
0,275,1
0,276,1
0,277,1
0,278,1
0,279,1
0,280,1
0,281,1
0,282,1
0,283,1
0,284,1
0,285,1
0,286,1
0,287,1
0,288,1
0,289,1
0,290,1
0,291,1
0,292,1
0,293,1
0,294,1
0,295,1
0,296,1
0,297,1
0,298,1
0,299,1
0,300,1
0,301,1
0,302,1
0,303,1
0,304,1
0,305,1
0,306,1
0,307,1
0,308,1
0,309,1
0,310,1
0,311,1
0,312,1
0,313,1
0,314,1
0,315,1
0,316,1
0,317,1
0,318,1
0,319,1
0,320,1
0,321,1
0,322,1
0,323,1
0,324,1
0,325,1
0,326,1
0,327,1
0,328,1
0,329,1
0,330,1
0,331,1
0,332,1
0,333,1
0,334,1
0,335,1
0,336,1
0,337,1
0,338,1
0,339,1
0,340,1
0,341,1
0,342,1
0,343,1
0,344,1
0,345,1
0,346,1
0,347,1
0,348,1
0,349,1
0,350,1
0,351,1
0,352,1
0,353,1
0,354,1
0,355,1
0,356,1
0,357,1
0,358,1
0,359,1
0,360,1
0,361,1
0,362,1
0,363,1
0,364,1
0,365,1
0,366,1
0,367,1
0,368,1
0,369,1
0,370,1
0,371,1
0,372,1
0,373,1
0,374,1
0,375,1
0,376,1
0,377,1
0,378,1
0,379,1
0,380,1
0,381,1
0,382,1
0,383,1
0,384,1
0,385,1
0,386,1
0,387,1
0,388,1
0,389,1
0,390,1
0,391,1
0,392,1
0,1251,3
0,1312,3
1,272,1
1,278,1
1,279,1
1,393,1
1,394,1
1,395,1
1,396,1
1,397,1
1,398,1
1,399,1
1,400,1
1,401,1
1,402,1
1,403,1
1,404,1
1,405,1
1,406,1
1,407,1
1,408,1
1,409,1
1,410,1
1,411,1
1,412,1
1,413,1
1,414,1
1,415,1
1,416,1
1,417,1
1,418,1
1,419,1
1,420,1
1,421,1
1,422,1
1,423,1
1,424,1
1,425,1
1,426,1
1,427,1
1,918,3
1,1276,3
2,428,1
2,429,1
2,430,1
2,431,1
2,432,1
2,433,1
2,434,1
2,435,1
2,436,1
2,437,1
2,438,1
2,535,3
2,695,3
2,1254,3
2,2035,3
3,43,1
3,198,1
3,244,1
3,245,1
3,254,1
3,395,1
3,439,1
3,440,1
3,441,1
3,442,1
3,443,1
3,444,1
3,445,1
3,1105,3
3,1215,3
3,2190,3
4,25,1
4,100,1
4,106,1
4,121,1
4,164,3
4,272,1
4,429,1
4,446,1
4,447,1
4,448,1
4,449,1
4,450,1
4,451,1
4,452,1
4,453,1
4,454,1
4,455,1
4,456,1
4,457,1
4,458,1
4,459,1
4,460,1
4,461,1
4,462,1
4,463,1
4,464,1
4,465,1
4,466,1
4,467,1
4,468,1
4,469,1
4,470,1
4,471,1
4,472,1
4,473,1
4,474,1
4,475,1
4,476,1
4,477,1
4,478,1
4,479,1
4,480,1
4,481,1
4,482,1
4,483,1
4,484,1
4,485,1
4,486,1
4,487,1
4,488,1
4,489,1
4,490,1
4,491,1
4,492,1
4,493,1
4,1475,3
5,33,1
5,191,1
5,193,1
5,194,1
5,196,1
5,197,1
5,494,1
5,495,1
5,496,1
5,497,1
5,498,1
5,499,1
5,500,1
5,501,1
5,502,1
5,503,1
5,504,1
5,505,1
5,506,1
5,507,1
5,508,1
5,509,1
5,510,1
5,511,1
5,512,1
5,513,1
5,514,1
5,515,1
5,516,1
5,517,1
5,518,1
5,519,1
5,520,1
5,521,1
5,522,1
5,523,1
5,524,1
5,525,1
5,526,1
5,527,1
5,528,1
5,529,1
5,530,1
5,531,1
5,982,3
5,1981,3
5,2111,3
5,2129,3
6,8,1
6,9,1
6,11,1
6,21,1
6,22,1
6,29,1
6,33,1
6,61,1
6,103,1
6,104,1
6,108,1
6,112,1
6,158,1
6,164,1
6,186,1
6,188,1
6,189,1
6,190,1
6,196,1
6,201,1
6,205,1
6,206,1
6,209,1
6,225,1
6,235,1
6,236,1
6,237,1
6,238,1
6,242,1
6,243,1
6,249,1
6,255,1
6,256,1
6,275,1
6,276,1
6,277,1
6,281,1
6,282,1
6,283,1
6,284,1
6,285,1
6,294,1
6,295,1
6,297,1
6,308,3
6,346,1
6,393,1
6,401,1
6,407,1
6,432,1
6,441,1
6,464,1
6,504,1
6,510,1
6,511,1
6,512,1
6,513,1
6,514,1
6,515,1
6,520,1
6,521,1
6,522,1
6,523,1
6,525,1
6,526,1
6,527,1
6,528,1
6,529,1
6,532,1
6,533,1
6,534,1
6,535,1
6,536,1
6,537,1
6,538,1
6,539,1
6,540,1
6,541,1
6,542,1
6,543,1
6,544,1
6,545,1
6,546,1
6,547,1
6,548,1
6,549,1
6,550,1
6,551,1
6,552,1
6,553,1
6,554,1
6,555,1
6,556,1
6,557,1
6,558,1
6,559,1
6,560,1
6,561,1
6,562,1
6,563,1
6,564,1
6,565,1
6,566,1
6,567,1
6,568,1
6,569,1
6,570,1
6,571,1
6,572,1
6,573,1
6,574,1
6,575,1
6,576,1
6,577,1
6,578,1
6,579,1
6,580,1
6,581,1
6,582,1
6,583,1
6,584,1
6,585,1
6,586,1
6,587,1
6,588,1
6,589,1
6,590,1
6,591,1
6,592,1
6,593,1
6,594,1
6,595,1
6,596,1
6,597,1
6,598,1
6,599,1
6,600,1
6,601,1
6,602,1
6,603,1
6,604,1
6,605,1
6,606,1
6,607,1
6,608,1
6,609,1
6,610,1
6,611,1
6,612,1
6,613,1
6,614,1
6,615,1
6,616,1
6,617,1
6,618,1
6,619,1
6,620,1
6,621,1
6,622,1
6,623,1
6,624,1
6,625,1
6,626,1
6,627,1
6,628,1
6,629,1
6,630,1
6,631,1
6,632,1
6,633,1
6,634,1
6,635,1
6,636,1
6,637,1
6,638,1
6,639,1
6,640,1
6,641,1
6,642,1
6,643,1
6,644,1
6,645,1
6,646,1
6,647,1
6,648,1
6,649,1
6,650,1
6,651,1
6,652,1
6,653,1
6,654,1
6,655,1
6,656,1
6,657,1
6,658,1
6,659,1
6,660,1
6,661,1
6,662,1
6,663,1
6,664,1
6,665,1
6,666,1
6,667,1
6,668,1
6,669,1
6,670,1
6,671,1
6,672,1
6,673,1
6,674,1
6,675,1
6,676,1
6,677,1
6,678,1
6,679,1
6,680,1
6,681,1
6,682,1
6,683,1
6,684,1
6,685,1
6,686,1
6,687,1
6,688,1
6,689,1
6,690,1
6,691,1
6,692,1
6,693,1
6,694,1
6,695,1
6,696,1
6,697,1
6,698,1
6,699,1
6,700,1
6,701,1
6,702,1
6,703,1
6,704,1
6,705,1
6,706,1
6,707,1
6,708,1
6,709,1
6,710,1
6,711,1
6,712,1
6,713,1
6,714,1
6,715,1
6,716,1
6,717,1
6,718,1
6,719,1
6,720,1
6,721,1
6,722,1
6,723,1
6,724,1
6,725,1
6,726,1
6,727,1
6,728,1
6,729,1
6,730,1
6,731,1
6,1236,3
7,12,1
7,25,1
7,27,1
7,28,1
7,30,1
7,44,1
7,51,1
7,52,1
7,54,1
7,55,1
7,56,1
7,60,1
7,66,1
7,67,1
7,68,1
7,69,1
7,77,1
7,79,1
7,80,1
7,84,1
7,95,1
7,96,1
7,97,1
7,102,1
7,104,1
7,107,1
7,112,1
7,114,1
7,116,1
7,120,1
7,127,1
7,145,1
7,152,1
7,153,1
7,155,1
7,158,1
7,167,1
7,169,1
7,180,1
7,182,1
7,187,1
7,188,1
7,190,1
7,191,1
7,192,1
7,193,1
7,194,1
7,202,1
7,205,1
7,206,1
7,207,1
7,208,1
7,209,1
7,213,1
7,215,1
7,216,1
7,223,1
7,226,1
7,227,1
7,228,1
7,230,1
7,231,1
7,232,1
7,233,1
7,234,1
7,241,1
7,243,1
7,245,1
7,250,1
7,255,1
7,256,1
7,263,1
7,264,1
7,266,1
7,269,1
7,270,1
7,272,1
7,273,1
7,278,1
7,286,1
7,303,1
7,304,1
7,305,1
7,340,1
7,383,1
7,384,1
7,385,1
7,392,1
7,393,1
7,396,1
7,401,1
7,407,1
7,411,1
7,457,1
7,458,1
7,460,1
7,474,1
7,475,1
7,480,1
7,488,1
7,489,1
7,495,1
7,532,1
7,538,1
7,559,1
7,561,1
7,601,1
7,603,1
7,607,1
7,611,1
7,612,1
7,614,1
7,622,1
7,631,1
7,633,1
7,635,1
7,636,1
7,637,1
7,640,1
7,641,1
7,642,1
7,643,1
7,675,1
7,708,1
7,709,1
7,711,1
7,714,1
7,715,1
7,716,1
7,722,1
7,724,1
7,725,1
7,729,1
7,732,1
7,733,1
7,734,1
7,735,1
7,736,1
7,737,1
7,738,1
7,739,1
7,740,1
7,741,1
7,742,1
7,743,1
7,744,1
7,745,1
7,746,1
7,747,1
7,748,1
7,749,1
7,750,1
7,751,1
7,752,1
7,753,1
7,754,1
7,755,1
7,756,1
7,757,1
7,758,1
7,759,1
7,760,1
7,761,1
7,762,1
7,763,1
7,764,1
7,765,1
7,766,1
7,767,1
7,768,1
7,769,1
7,770,1
7,771,1
7,772,1
7,773,1
7,774,1
7,775,1
7,776,1
7,777,1
7,778,1
7,779,1
7,780,1
7,781,1
7,782,1
7,783,1
7,784,1
7,785,1
7,786,1
7,787,1
7,788,1
7,789,1
7,790,1
7,791,1
7,792,1
7,793,1
7,794,1
7,795,1
7,796,1
7,797,1
7,798,1
7,799,1
7,800,1
7,801,1
7,802,1
7,803,1
7,804,1
7,805,1
7,806,1
7,807,1
7,808,1
7,809,1
7,810,1
7,811,1
7,812,1
7,813,1
7,814,1
7,815,1
7,816,1
7,817,1
7,818,1
7,819,1
7,820,1
7,821,1
7,822,1
7,823,1
7,824,1
7,825,1
7,826,1
7,827,1
7,828,1
7,829,1
7,830,1
7,831,1
7,832,1
7,833,1
7,834,1
7,835,1
7,836,1
7,837,1
7,838,1
7,839,1
7,840,1
7,841,1
7,842,1
7,843,1
7,844,1
7,845,1
7,846,1
7,847,1
7,848,1
7,849,1
7,850,1
7,851,1
7,852,1
7,853,1
7,854,1
7,855,1
7,856,1
7,857,1
7,858,1
7,859,1
7,860,1
7,861,1
7,862,1
7,863,1
7,864,1
7,865,1
7,866,1
7,867,1
7,868,1
7,869,1
7,870,1
7,871,1
7,872,1
7,873,1
7,874,1
7,875,1
7,876,1
7,877,1
7,878,1
7,879,1
7,880,1
7,881,1
7,882,1
7,883,1
7,884,1
7,885,1
7,886,1
7,887,1
7,888,1
7,889,1
7,891,1
7,892,1
7,893,1
7,894,1
7,895,1
7,896,1
7,897,1
7,898,1
7,899,1
7,900,1
7,901,1
7,902,1
7,903,1
7,904,1
7,905,1
7,906,1
7,907,1
7,908,1
7,910,1
7,911,1
7,912,1
7,913,1
7,914,1
7,915,1
7,916,1
7,926,1
7,927,1
7,928,1
7,929,1
7,930,1
7,931,1
7,932,1
7,933,1
7,934,1
7,935,1
7,936,1
7,937,1
7,938,1
7,939,1
7,940,1
7,941,1
7,942,1
7,943,1
7,944,1
7,945,1
7,946,1
7,947,1
7,948,1
7,949,1
7,950,1
7,951,1
7,952,1
7,953,1
7,954,1
7,955,1
7,956,1
7,957,1
7,958,1
7,959,1
7,960,1
7,961,1
7,962,1
7,963,1
7,964,1
7,965,1
7,966,1
7,967,1
7,968,1
7,969,1
7,970,1
7,971,1
7,972,1
7,973,1
7,974,1
7,975,1
7,976,1
7,977,1
7,978,1
7,979,1
7,980,1
7,981,1
7,982,1
7,983,1
7,984,1
7,985,1
7,986,1
7,987,1
7,988,1
7,989,1
7,990,1
7,991,1
7,992,1
7,993,1
7,994,1
7,995,1
7,996,1
7,997,1
7,998,1
7,999,1
7,1000,1
7,1001,1
7,1002,1
7,1003,1
7,1004,1
7,1005,1
7,1006,1
7,1007,1
7,1008,1
7,1009,1
7,1010,1
7,1011,1
7,1012,1
7,1013,1
7,1014,1
7,1015,1
7,1016,1
7,1017,1
7,1018,1
7,1019,1
7,1020,1
7,1021,1
7,1022,1
7,1023,1
7,1024,1
7,1025,1
7,1026,1
7,1027,1
7,1028,1
7,1029,1
7,1030,1
7,1031,1
7,1032,1
7,1794,3
8,1033,1
8,1034,1
8,1905,3
9,13,1
9,36,1
9,41,1
9,43,1
9,48,1
9,82,1
9,88,1
9,92,1
9,97,1
9,98,1
9,99,1
9,104,1
9,105,1
9,107,1
9,110,1
9,112,1
9,117,1
9,118,1
9,119,1
9,122,1
9,149,1
9,153,1
9,161,1
9,163,1
9,177,1
9,180,1
9,230,1
9,234,1
9,239,1
9,246,1
9,268,1
9,284,1
9,285,1
9,304,1
9,311,1
9,340,1
9,391,1
9,398,1
9,428,1
9,444,1
9,445,1
9,447,1
9,457,1
9,468,1
9,504,1
9,505,1
9,521,1
9,523,1
9,544,1
9,548,1
9,550,1
9,553,1
9,570,1
9,599,1
9,621,1
9,628,1
9,633,1
9,687,1
9,729,1
9,730,1
9,734,1
9,738,1
9,743,1
9,744,1
9,756,3
9,788,1
9,802,1
9,808,1
9,819,1
9,828,1
9,834,1
9,852,1
9,885,1
9,888,1
9,889,1
9,891,1
9,896,1
9,910,1
9,928,1
9,953,1
9,997,1
9,1014,1
9,1035,1
9,1036,1
9,1037,1
9,1038,1
9,1039,1
9,1040,1
9,1041,1
9,1042,1
9,1043,1
9,1044,1
9,1045,1
9,1046,1
9,1047,1
9,1048,1
9,1049,1
9,1050,1
9,1051,1
9,1052,1
9,1053,1
9,1054,1
9,1055,1
9,1056,1
9,1057,1
9,1058,1
9,1059,1
9,1060,1
9,1061,1
9,1062,1
9,1063,1
9,1064,1
9,1065,1
9,1066,1
9,1067,1
9,1068,1
9,1069,1
9,1070,1
9,1071,1
9,1072,1
9,1073,1
9,1074,1
9,1075,1
9,1076,1
9,1077,1
9,1078,1
9,1079,1
9,1080,1
9,1081,1
9,1082,1
9,1083,1
9,1084,1
9,1085,1
9,1086,1
9,1087,1
9,1088,1
9,1089,1
9,1090,1
9,1091,1
9,1092,1
9,1093,1
9,1094,1
9,1095,1
9,1096,1
9,1097,1
9,1098,1
9,1099,1
9,1100,1
9,1101,1
9,1102,1
9,1103,1
9,1104,1
9,1105,1
9,1106,1
9,1107,1
9,1108,1
9,1109,1
9,1110,1
9,1111,1
9,1112,1
9,1113,1
9,1114,1
9,1115,1
9,1116,1
9,1117,1
9,1118,1
9,1119,1
9,1120,1
9,1121,1
9,1122,1
9,1123,1
9,1124,1
9,1125,1
9,1126,1
9,1127,1
9,1128,1
9,1129,1
9,1130,1
9,1131,1
9,1132,1
9,1133,1
9,1134,1
9,1135,1
9,1136,1
9,1137,1
9,1138,1
9,1139,1
9,1140,1
9,1141,1
9,1142,1
9,1143,1
9,1144,1
9,1145,1
9,1146,1
9,1147,1
9,1148,1
9,1149,1
9,1150,1
9,1151,1
9,1152,1
9,1153,1
9,1154,1
9,1155,1
9,1156,1
9,1157,1
9,1158,1
9,1159,1
9,1160,1
9,1161,1
9,1162,1
9,1163,1
9,1164,1
9,1165,1
9,1166,1
9,1167,1
9,1168,1
9,1169,1
9,1170,1
9,1171,1
9,1172,1
9,1173,1
9,1174,1
9,1175,1
9,1176,1
9,1177,1
9,1178,1
9,1179,1
9,1180,1
9,1181,1
9,1182,1
9,1183,1
9,1184,1
9,1185,1
9,1186,1
9,1187,1
9,1188,1
9,1189,1
9,1190,1
9,1191,1
9,1192,1
9,1193,1
9,1194,1
9,1195,1
9,1196,1
9,1197,1
9,1198,1
9,1199,1
9,1200,1
9,1201,1
9,1202,1
9,1203,1
9,1204,1
9,1205,1
9,1206,1
9,1207,1
9,1208,1
9,1209,1
9,1210,1
9,1211,1
9,1212,1
9,1213,1
9,1214,1
9,1215,1
9,1216,1
9,1217,1
9,1218,1
9,1219,1
9,1220,1
9,1221,1
9,1222,1
9,1223,1
9,1224,1
9,1225,1
9,1226,1
9,1227,1
9,1228,1
9,1229,1
9,1230,1
9,1231,1
9,1232,1
9,1233,1
9,1234,1
9,1235,1
9,1236,1
9,1237,1
9,1238,1
9,1239,1
9,1240,1
9,1241,1
9,1242,1
9,1243,1
9,1244,1
9,1245,1
9,1246,1
9,1247,1
9,1248,1
9,1249,1
9,1250,1
9,1251,1
9,1252,1
9,1253,1
9,1254,1
9,1255,1
9,1256,1
9,1257,1
9,1258,1
9,1259,1
9,1260,1
9,1261,1
9,1262,1
9,1263,1
9,1264,1
9,1265,1
9,1266,1
9,1267,1
9,1268,1
9,1269,1
9,1270,1
9,1271,1
9,1272,1
9,1273,1
9,1274,1
9,1275,1
9,1276,1
9,1277,1
9,1278,1
9,1279,1
9,1280,1
9,1281,1
9,1282,1
9,1283,1
9,1284,1
9,1285,1
9,1286,1
9,1287,1
9,1288,1
9,1289,1
9,1290,1
9,1291,1
9,1292,1
9,1293,1
9,1294,1
9,1295,1
9,1296,1
9,1297,1
9,1298,1
9,1299,1
9,1300,1
9,1301,1
9,1302,1
9,1303,1
9,1304,1
9,1305,1
9,1306,1
9,1307,1
9,1308,1
9,1309,1
9,1310,1
9,1311,1
9,1312,1
9,1313,1
9,1314,1
9,1315,1
9,1316,1
9,1317,1
9,1318,1
9,1319,1
9,1320,1
9,1321,1
9,1322,1
9,1323,1
9,1324,1
9,1325,1
9,1326,1
9,1327,1
9,1328,1
9,1329,1
9,1330,1
9,1331,1
9,1332,1
9,1333,1
9,1334,1
9,1335,1
9,1336,1
9,1337,1
9,1338,1
9,1339,1
9,1340,1
9,1341,1
9,1342,1
9,1343,1
9,1344,1
9,1345,1
9,1346,1
9,1347,1
9,1348,1
9,1349,1
9,1350,1
9,1351,1
9,1352,1
9,1353,1
9,1354,1
9,1355,1
9,1356,1
9,1357,1
9,1358,1
9,1359,1
9,1360,1
9,1361,1
9,1362,1
9,1363,1
9,1364,1
9,1365,1
9,1366,1
9,1367,1
9,1368,1
9,1369,1
9,1370,1
9,1371,1
9,1372,1
9,1373,1
9,1374,1
9,1375,1
9,1376,1
9,1377,1
9,1378,1
9,1379,1
9,1380,1
9,1381,1
9,1382,1
9,1383,1
9,1384,1
9,1385,1
9,1386,1
9,1387,1
10,8,1
10,15,1
10,19,1
10,20,1
10,29,1
10,36,1
10,62,1
10,65,1
10,87,1
10,97,1
10,106,1
10,115,1
10,129,1
10,134,1
10,143,1
10,148,1
10,180,1
10,181,1
10,182,1
10,190,1
10,226,1
10,227,1
10,241,1
10,307,1
10,308,1
10,322,1
10,327,1
10,328,1
10,348,1
10,349,1
10,350,1
10,353,1
10,355,1
10,356,1
10,360,1
10,364,1
10,367,1
10,368,1
10,371,1
10,374,1
10,383,1
10,385,1
10,452,1
10,479,1
10,481,1
10,534,1
10,546,1
10,549,1
10,551,1
10,553,1
10,616,1
10,621,3
10,630,1
10,636,1
10,637,1
10,638,1
10,639,1
10,665,1
10,731,1
10,780,1
10,791,1
10,812,1
10,813,1
10,814,1
10,847,1
10,858,1
10,859,1
10,860,1
10,861,1
10,880,1
10,888,1
10,889,1
10,909,3
10,915,1
10,916,1
10,997,1
10,1033,1
10,1034,1
10,1051,1
10,1181,1
10,1306,1
10,1388,1
10,1389,1
10,1390,1
10,1391,1
10,1392,1
10,1393,1
10,1394,1
10,1395,1
10,1396,1
10,1397,1
10,1398,1
10,1399,1
10,1400,1
10,1401,1
10,1402,1
10,1403,1
10,1404,1
10,1405,1
10,1406,1
10,1407,1
10,1408,1
10,1409,1
10,1410,1
10,1411,1
10,1412,1
10,1413,1
10,1414,1
10,1415,1
10,1416,1
10,1417,1
10,1418,1
10,1419,1
10,1420,1
10,1421,1
10,1422,1
10,1423,1
10,1424,1
10,1425,1
10,1426,1
10,1427,1
10,1428,1
10,1429,1
10,1430,1
10,1431,1
10,1432,1
10,1433,1
10,1434,1
10,1435,1
10,1436,1
10,1437,1
10,1438,1
10,1439,1
10,1440,1
10,1441,1
10,1442,1
10,1443,1
11,1,1
11,25,1
11,100,1
11,251,1
11,272,1
11,395,1
11,397,1
11,398,1
11,399,1
11,400,1
11,401,1
11,402,1
11,403,1
11,405,1
11,409,1
11,413,1
11,418,1
11,419,1
11,420,1
11,422,1
11,427,1
11,575,1
11,1271,1
11,1444,1
11,1445,1
11,1446,1
11,1447,1
11,1448,1
11,1449,1
11,1450,1
11,1451,1
11,1452,1
11,1761,3
12,230,3
12,267,1
12,419,1
12,422,1
12,425,1
12,682,1
12,683,1
12,875,1
12,940,1
12,952,1
12,1053,1
12,1058,3
12,1118,1
12,1304,1
12,1325,1
12,1385,1
12,1453,1
12,1454,1
12,1455,1
12,1456,1
12,1457,1
12,1458,1
1459,12,0
1460,12,0
1461,12,0
1462,12,0
1463,12,0
1464,12,0
1465,12,0
1466,12,0
1467,12,0
1468,12,0
1469,12,0
1470,12,0
12,1854,3
3,13,0
28,13,0
29,13,0
46,13,0
13,166,3
13,179,3
457,13,0
574,13,0
578,13,0
579,13,0
13,738,3
13,745,3
867,13,0
868,13,0
871,13,0
1144,13,0
1206,13,0
1429,13,0
1471,13,0
1472,13,0
1473,13,0
1474,13,0
1475,13,0
1476,13,0
1477,13,0
1478,13,0
1479,13,0
1480,13,0
1481,13,0
1482,13,0
1483,13,0
1484,13,0
1485,13,0
1486,13,0
1487,13,0
1488,13,0
1489,13,0
1490,13,0
1491,13,0
1492,13,0
1493,13,0
1494,13,0
1495,13,0
1496,13,0
1497,13,0
1498,13,0
13,1910,3
109,14,0
14,569,3
661,14,0
674,14,0
687,14,0
1044,14,0
1230,14,0
1392,14,0
1393,14,0
1499,14,0
1500,14,0
1501,14,0
1502,14,0
1503,14,0
1504,14,0
1505,14,0
1506,14,0
1507,14,0
1508,14,0
1509,14,0
1510,14,0
1511,14,0
1512,14,0
14,1763,3
28,15,0
65,15,0
271,15,0
15,304,3
383,15,0
474,15,0
475,15,0
476,15,0
488,15,0
489,15,0
15,1039,3
1074,15,0
1280,15,0
1407,15,0
1417,15,0
1419,15,0
1420,15,0
1513,15,0
1514,15,0
1515,15,0
1516,15,0
1517,15,0
1518,15,0
98,16,0
16,1612,3
16,2027,3
27,17,0
28,17,0
38,17,0
50,17,0
52,17,0
87,17,0
90,17,0
113,17,0
133,17,0
186,17,0
187,17,0
199,17,0
201,17,0
205,17,0
206,17,0
219,17,0
220,17,0
221,17,0
222,17,0
225,17,0
249,17,0
251,17,0
266,17,0
275,17,0
276,17,0
287,17,0
288,17,0
289,17,0
292,17,0
293,17,0
294,17,0
295,17,0
296,17,0
297,17,0
303,17,0
383,17,0
396,17,0
397,17,0
401,17,0
407,17,0
505,17,0
506,17,0
507,17,0
532,17,0
533,17,0
535,17,0
537,17,0
544,17,0
545,17,0
546,17,0
564,17,0
576,17,0
583,17,0
585,17,0
586,17,0
589,17,0
590,17,0
591,17,0
592,17,0
595,17,0
596,17,0
597,17,0
598,17,0
600,17,0
601,17,0
602,17,0
611,17,0
628,17,0
629,17,0
635,17,0
637,17,0
638,17,0
662,17,0
674,17,0
676,17,0
677,17,0
678,17,0
688,17,0
690,17,0
733,17,0
734,17,0
798,17,0
799,17,0
803,17,0
811,17,0
820,17,0
837,17,0
841,17,0
886,17,0
890,17,0
900,17,0
905,17,0
909,17,0
929,17,0
931,17,0
954,17,0
956,17,0
969,17,0
970,17,0
995,17,0
1033,17,0
1034,17,0
1058,17,0
1076,17,0
1077,17,0
1120,17,0
1140,17,0
1186,17,0
1454,17,0
1519,17,0
1520,17,0
1521,17,0
1522,17,0
1523,17,0
1524,17,0
1525,17,0
1526,17,0
1527,17,0
1528,17,0
1529,17,0
1530,17,0
1531,17,0
1532,17,0
1533,17,0
1534,17,0
1535,17,0
1536,17,0
1537,17,0
1538,17,0
1539,17,0
1540,17,0
1541,17,0
1542,17,0
1543,17,0
1544,17,0
1545,17,0
1546,17,0
1547,17,0
1548,17,0
1549,17,0
1550,17,0
1551,17,0
1552,17,0
1553,17,0
1554,17,0
1555,17,0
1556,17,0
1557,17,0
1558,17,0
1559,17,0
1560,17,0
1561,17,0
1562,17,0
1563,17,0
1564,17,0
1565,17,0
1566,17,0
1567,17,0
1568,17,0
1569,17,0
17,1896,3
17,1961,3
18,571,3
1570,18,0
1571,18,0
18,2066,3
1407,19,0
19,1547,3
2,20,0
11,20,0
14,20,0
16,20,0
29,20,0
60,20,0
63,20,0
64,20,0
108,20,0
109,20,0
130,20,0
134,20,0
138,20,0
141,20,0
165,20,0
172,20,0
174,20,0
175,20,0
177,20,0
202,20,0
203,20,0
204,20,0
224,20,0
270,20,0
273,20,0
274,20,0
307,20,0
308,20,0
319,20,0
321,20,0
322,20,0
328,20,0
338,20,0
347,20,0
349,20,0
350,20,0
352,20,0
356,20,0
357,20,0
359,20,0
360,20,0
363,20,0
364,20,0
366,20,0
367,20,0
368,20,0
371,20,0
417,20,0
420,20,0
421,20,0
423,20,0
434,20,0
437,20,0
444,20,0
445,20,0
456,20,0
506,20,0
507,20,0
508,20,0
509,20,0
527,20,0
530,20,0
533,20,0
538,20,0
539,20,0
548,20,0
559,20,0
560,20,0
561,20,0
562,20,0
580,20,0
626,20,0
628,20,0
631,20,0
633,20,0
645,20,0
656,20,0
705,20,0
722,20,0
788,20,0
796,20,0
827,20,0
847,20,0
853,20,0
888,20,0
889,20,0
892,20,0
20,905,3
914,20,0
959,20,0
997,20,0
999,20,0
1040,20,0
1060,20,0
1064,20,0
1065,20,0
1067,20,0
1070,20,0
1072,20,0
1077,20,0
1088,20,0
1107,20,0
1125,20,0
1134,20,0
1144,20,0
1145,20,0
1164,20,0
1186,20,0
1197,20,0
1198,20,0
1225,20,0
1231,20,0
1261,20,0
1299,20,0
1374,20,0
1378,20,0
1380,20,0
1394,20,0
1396,20,0
1398,20,0
1403,20,0
1404,20,0
1407,20,0
1417,20,0
1418,20,0
1419,20,0
1443,20,0
1485,20,0
20,1490,3
1516,20,0
1517,20,0
1520,20,0
1535,20,0
1538,20,0
1551,20,0
1572,20,0
1573,20,0
1574,20,0
1575,20,0
1576,20,0
1577,20,0
1578,20,0
1579,20,0
1580,20,0
1581,20,0
1582,20,0
1583,20,0
1584,20,0
1585,20,0
1586,20,0
1587,20,0
1588,20,0
1589,20,0
1590,20,0
1591,20,0
1592,20,0
1593,20,0
1594,20,0
1595,20,0
1596,20,0
1597,20,0
1598,20,0
1599,20,0
1600,20,0
1601,20,0
1602,20,0
1603,20,0
1604,20,0
1605,20,0
1606,20,0
1607,20,0
1608,20,0
1609,20,0
1610,20,0
1611,20,0
1612,20,0
1613,20,0
1614,20,0
1615,20,0
1616,20,0
1617,20,0
1618,20,0
1619,20,0
1620,20,0
1621,20,0
1622,20,0
1623,20,0
1624,20,0
1625,20,0
1626,20,0
1627,20,0
1628,20,0
1629,20,0
1630,20,0
1631,20,0
1632,20,0
1633,20,0
1634,20,0
1635,20,0
1636,20,0
1637,20,0
1638,20,0
1639,20,0
1640,20,0
1641,20,0
1642,20,0
1643,20,0
1644,20,0
1645,20,0
1646,20,0
1647,20,0
1648,20,0
1649,20,0
1650,20,0
1651,20,0
1652,20,0
1653,20,0
1654,20,0
1655,20,0
1656,20,0
1657,20,0
1658,20,0
1659,20,0
1660,20,0
1661,20,0
1662,20,0
1663,20,0
1664,20,0
1665,20,0
1666,20,0
1667,20,0
1668,20,0
1669,20,0
1670,20,0
1671,20,0
1672,20,0
1673,20,0
1674,20,0
1675,20,0
1676,20,0
1677,20,0
1678,20,0
1679,20,0
1680,20,0
1681,20,0
1682,20,0
1683,20,0
1684,20,0
1685,20,0
1686,20,0
1687,20,0
1688,20,0
1689,20,0
1690,20,0
1691,20,0
1692,20,0
1693,20,0
1694,20,0
1695,20,0
1696,20,0
1697,20,0
1698,20,0
1699,20,0
21,257,3
710,21,0
711,21,0
712,21,0
713,21,0
715,21,0
21,22,0
497,22,0
499,22,0
500,22,0
501,22,0
502,22,0
531,22,0
552,22,0
567,22,0
569,22,0
708,22,0
710,22,0
711,22,0
713,22,0
714,22,0
715,22,0
716,22,0
1700,22,0
1701,22,0
1702,22,0
23,62,3
23,192,3
1703,23,0
1704,23,0
1705,23,0
1706,23,0
1707,23,0
24,716,3
890,24,0
909,24,0
272,25,0
25,274,3
393,25,0
395,25,0
398,25,0
399,25,0
404,25,0
405,25,0
406,25,0
409,25,0
410,25,0
418,25,0
420,25,0
422,25,0
814,25,0
876,25,0
1417,25,0
1423,25,0
1445,25,0
1450,25,0
1561,25,0
1708,25,0
1709,25,0
1710,25,0
1711,25,0
217,26,0
218,26,0
220,26,0
221,26,0
26,486,3
523,26,0
524,26,0
525,26,0
526,26,0
528,26,0
26,651,3
26,845,3
1455,26,0
1463,26,0
1464,26,0
1465,26,0
1466,26,0
26,1537,3
1712,26,0
1713,26,0
1714,26,0
1715,26,0
1716,26,0
1717,26,0
1718,26,0
1719,26,0
26,2017,3
1553,27,0
1564,27,0
28,65,3
646,28,0
811,28,0
916,28,0
1034,28,0
1288,28,0
1417,28,0
1418,28,0
1419,28,0
1420,28,0
1575,28,0
1622,28,0
1679,28,0
1720,28,0
1721,28,0
1722,28,0
1723,28,0
1724,28,0
1725,28,0
270,29,0
383,29,0
29,574,3
915,29,0
916,29,0
1418,29,0
1419,29,0
1423,29,0
1516,29,0
29,1579,3
30,36,3
1027,30,0
1028,30,0
1029,30,0
30,1215,3
30,1273,3
30,1898,3
31,613,3
1726,31,0
1727,31,0
14,32,0
24,32,0
29,32,0
52,32,0
65,32,0
133,32,0
396,32,0
402,32,0
403,32,0
412,32,0
413,32,0
795,32,0
796,32,0
887,32,0
1073,32,0
1280,32,0
32,1376,3
1417,32,0
1420,32,0
1487,32,0
1675,32,0
1728,32,0
1729,32,0
1730,32,0
1731,32,0
1732,32,0
1733,32,0
1734,32,0
1735,32,0
1736,32,0
1737,32,0
1738,32,0
1739,32,0
1740,32,0
32,1824,3
32,2115,3
112,33,0
158,33,0
164,33,0
175,33,0
190,33,0
196,33,0
197,33,0
201,33,0
217,33,0
219,33,0
220,33,0
221,33,0
222,33,0
235,33,0
236,33,0
239,33,0
243,33,0
247,33,0
249,33,0
275,33,0
276,33,0
282,33,0
283,33,0
284,33,0
289,33,0
290,33,0
292,33,0
293,33,0
294,33,0
296,33,0
297,33,0
33,321,3
390,33,0
516,33,0
517,33,0
518,33,0
519,33,0
520,33,0
522,33,0
523,33,0
524,33,0
525,33,0
526,33,0
527,33,0
529,33,0
532,33,0
538,33,0
544,33,0
545,33,0
557,33,0
558,33,0
575,33,0
617,33,0
620,33,0
627,33,0
629,33,0
647,33,0
648,33,0
649,33,0
651,33,0
663,33,0
675,33,0
676,33,0
678,33,0
694,33,0
695,33,0
696,33,0
697,33,0
699,33,0
700,33,0
702,33,0
703,33,0
717,33,0
727,33,0
728,33,0
33,806,3
1150,33,0
33,1267,3
1542,33,0
1543,33,0
1546,33,0
1547,33,0
1566,33,0
1741,33,0
1742,33,0
33,2069,3
190,34,0
220,34,0
221,34,0
242,34,0
277,34,0
281,34,0
282,34,0
283,34,0
284,34,0
285,34,0
390,34,0
515,34,0
517,34,0
518,34,0
519,34,0
520,34,0
522,34,0
523,34,0
524,34,0
525,34,0
526,34,0
527,34,0
528,34,0
552,34,0
575,34,0
618,34,0
663,34,0
682,34,0
683,34,0
698,34,0
699,34,0
700,34,0
701,34,0
702,34,0
703,34,0
728,34,0
1280,34,0
34,1719,3
34,2059,3
972,35,0
974,35,0
976,35,0
977,35,0
978,35,0
979,35,0
980,35,0
982,35,0
1743,35,0
52,36,0
672,36,0
915,36,0
1317,36,0
1324,36,0
1422,36,0
1744,36,0
1745,36,0
1746,36,0
36,2050,3
412,37,0
413,37,0
832,37,0
1747,37,0
1748,37,0
37,1956,3
246,38,0
250,38,0
257,38,0
264,38,0
38,322,3
432,38,0
561,38,0
562,38,0
633,38,0
748,38,0
38,949,3
1052,38,0
1108,38,0
1388,38,0
1402,38,0
1415,38,0
1426,38,0
1514,38,0
1538,38,0
1633,38,0
1634,38,0
1686,38,0
1749,38,0
1750,38,0
1751,38,0
1752,38,0
1753,38,0
1754,38,0
1755,38,0
1756,38,0
1757,38,0
1758,38,0
1759,38,0
1760,38,0
1761,38,0
1762,38,0
1763,38,0
1764,38,0
1765,38,0
1766,38,0
1767,38,0
1768,38,0
1769,38,0
1770,38,0
38,1844,3
456,39,0
457,39,0
42,40,0
157,40,0
199,40,0
200,40,0
396,40,0
411,40,0
40,605,3
1557,40,0
1570,40,0
1771,40,0
1772,40,0
1773,40,0
1774,40,0
1775,40,0
1776,40,0
1777,40,0
29,41,0
954,41,0
41,1280,3
1513,41,0
1514,41,0
1516,41,0
1587,41,0
41,2053,3
733,42,0
734,42,0
198,43,0
211,43,0
212,43,0
244,43,0
245,43,0
254,43,0
304,43,0
393,43,0
460,43,0
43,1428,3
1778,43,0
1779,43,0
51,44,0
135,44,0
44,242,3
753,44,0
754,44,0
755,44,0
759,44,0
822,44,0
823,44,0
830,44,0
839,44,0
840,44,0
911,44,0
914,44,0
1620,44,0
1679,44,0
1724,44,0
1780,44,0
1781,44,0
1782,44,0
1783,44,0
1784,44,0
44,2039,3
663,45,0
717,45,0
45,883,3
45,1787,3
46,114,3
185,46,0
186,46,0
188,46,0
46,252,3
1492,46,0
1495,46,0
1496,46,0
46,1777,3
47,1553,3
1788,47,0
1789,47,0
47,2191,3
534,48,0
615,48,0
616,48,0
664,48,0
671,48,0
1790,48,0
1791,48,0
49,1023,3
1304,49,0
1460,49,0
1468,49,0
1796,49,0
1797,49,0
49,1855,3
49,2093,3
50,818,3
50,1202,3
51,385,3
755,51,0
756,51,0
185,52,0
186,52,0
187,52,0
188,52,0
189,52,0
386,52,0
450,52,0
453,52,0
467,52,0
562,52,0
563,52,0
633,52,0
915,52,0
916,52,0
1051,52,0
1082,52,0
1164,52,0
1417,52,0
1420,52,0
1443,52,0
52,1469,3
1708,52,0
54,53,0
912,53,0
1015,53,0
1016,53,0
1471,53,0
1847,53,0
54,182,3
912,54,0
936,54,0
941,54,0
942,54,0
1016,54,0
670,55,0
729,55,0
874,55,0
875,55,0
943,55,0
952,55,0
55,2136,3
56,857,3
875,56,0
897,56,0
940,56,0
952,56,0
994,56,0
56,1065,3
56,1773,3
57,352,3
873,57,0
994,57,0
57,1553,3
58,299,3
58,760,3
934,58,0
1011,58,0
1012,58,0
1848,58,0
430,59,0
431,59,0
434,59,0
1849,59,0
1850,59,0
1851,59,0
1852,59,0
1853,59,0
1854,59,0
1855,59,0
227,60,0
816,60,0
817,60,0
887,60,0
60,1706,3
1856,60,0
61,98,3
146,61,0
186,61,0
187,61,0
188,61,0
189,61,0
451,61,0
536,61,0
774,61,0
776,61,0
777,61,0
61,1290,3
1513,61,0
1514,61,0
1555,61,0
1563,61,0
1564,61,0
1565,61,0
1731,61,0
1802,61,0
1857,61,0
1858,61,0
1859,61,0
1860,61,0
1861,61,0
1862,61,0
1863,61,0
1864,61,0
1865,61,0
1866,61,0
61,2151,3
561,62,0
562,62,0
633,62,0
780,62,0
781,62,0
62,1998,3
98,63,0
385,63,0
937,63,0
938,63,0
954,63,0
972,63,0
973,63,0
975,63,0
976,63,0
979,63,0
980,63,0
981,63,0
982,63,0
1021,63,0
1022,63,0
1145,63,0
1181,63,0
1368,63,0
1433,63,0
1434,63,0
1435,63,0
1438,63,0
1439,63,0
1867,63,0
1868,63,0
1869,63,0
127,64,0
64,165,3
1396,64,0
1397,64,0
1399,64,0
1400,64,0
1424,64,0
64,1585,3
64,1840,3
1870,64,0
29,65,0
52,65,0
219,65,0
220,65,0
915,65,0
916,65,0
65,1816,3
1871,65,0
740,66,0
741,66,0
747,66,0
878,66,0
66,1393,3
1679,66,0
1724,66,0
1872,66,0
1873,66,0
1874,66,0
1875,66,0
67,2105,3
68,272,3
826,68,0
458,69,0
460,69,0
865,69,0
866,69,0
69,1091,3
560,70,0
631,70,0
645,70,0
1556,70,0
28,71,0
862,71,0
885,71,0
1150,71,0
1417,71,0
1418,71,0
72,858,3
944,72,0
1001,72,0
1002,72,0
1003,72,0
1204,72,0
1876,72,0
1877,72,0
1878,72,0
1879,72,0
1880,72,0
234,73,0
73,699,3
73,1278,3
1395,73,0
141,74,0
74,238,3
74,583,3
1881,74,0
1882,74,0
75,524,3
1883,75,0
1884,75,0
1885,75,0
1886,75,0
1887,75,0
191,76,0
192,76,0
193,76,0
76,510,3
865,76,0
230,77,0
231,77,0
789,77,0
790,77,0
791,77,0
828,77,0
911,77,0
77,1470,3
230,78,0
231,78,0
78,320,3
790,78,0
791,78,0
828,78,0
898,78,0
205,79,0
206,79,0
207,79,0
208,79,0
802,79,0
894,79,0
80,474,3
813,80,0
814,80,0
80,1345,3
149,81,0
81,222,3
81,979,3
81,994,3
1222,81,0
1223,81,0
1224,81,0
1373,81,0
1514,81,0
1529,81,0
1612,81,0
1778,81,0
1779,81,0
1784,81,0
1802,81,0
1857,81,0
1858,81,0
1859,81,0
1862,81,0
1863,81,0
1865,81,0
1866,81,0
1888,81,0
1889,81,0
1890,81,0
1891,81,0
1892,81,0
1893,81,0
1894,81,0
1895,81,0
1896,81,0
1897,81,0
1898,81,0
1899,81,0
1900,81,0
1901,81,0
1902,81,0
1903,81,0
1904,81,0
1905,81,0
1906,81,0
1907,81,0
1908,81,0
1909,81,0
1910,81,0
1911,81,0
1912,81,0
1913,81,0
1914,81,0
1915,81,0
565,82,0
82,661,3
1069,82,0
1916,82,0
183,83,0
211,83,0
212,83,0
252,83,0
83,403,3
560,83,0
580,83,0
581,83,0
1111,83,0
1112,83,0
1639,83,0
1708,83,0
1734,83,0
1735,83,0
1754,83,0
1917,83,0
1918,83,0
1919,83,0
1920,83,0
1921,83,0
1922,83,0
1923,83,0
1924,83,0
1925,83,0
1926,83,0
1927,83,0
1928,83,0
84,107,3
84,445,3
84,1783,3
84,2183,3
85,1806,3
1929,85,0
13,86,0
1488,86,0
1930,86,0
86,1971,3
219,87,0
220,87,0
221,87,0
222,87,0
87,331,3
87,831,3
1519,87,0
1532,87,0
1533,87,0
89,152,3
89,549,3
89,648,3
1931,89,0
1932,89,0
1933,89,0
1934,89,0
1522,90,0
91,922,3
92,550,3
92,940,3
1043,92,0
1935,92,0
1936,92,0
93,428,3
763,93,0
93,1381,3
93,1745,3
765,94,0
766,94,0
94,1837,3
783,95,0
784,95,0
785,95,0
787,95,0
858,96,0
860,96,0
1024,96,0
858,97,0
861,97,0
97,2187,3
8,98,0
148,98,0
180,98,0
181,98,0
1109,98,0
1245,98,0
1442,98,0
98,1863,3
1950,98,0
1951,98,0
1952,98,0
1953,98,0
1954,98,0
442,99,0
99,900,3
837,101,0
1955,101,0
1956,101,0
1957,101,0
102,105,3
102,791,3
842,102,0
843,102,0
844,102,0
102,1271,3
1734,102,0
1735,102,0
1958,102,0
1959,102,0
1960,102,0
102,2016,3
102,2201,3
11,103,0
103,200,3
103,338,3
397,103,0
401,103,0
1452,103,0
103,2171,3
608,104,0
614,104,0
723,104,0
724,104,0
725,104,0
104,105,0
105,197,3
105,570,3
607,105,0
608,105,0
614,105,0
724,105,0
725,105,0
105,1240,3
105,1405,3
105,1865,3
469,106,0
481,106,0
482,106,0
483,106,0
106,609,3
1416,106,0
1604,106,0
1803,106,0
1826,106,0
1961,106,0
1962,106,0
1963,106,0
1964,106,0
1965,106,0
1966,106,0
1967,106,0
1968,106,0
1969,106,0
1970,106,0
1971,106,0
818,107,0
819,107,0
108,1167,3
108,1247,3
684,109,0
685,109,0
686,109,0
1505,109,0
1972,110,0
1973,110,0
300,111,0
305,111,0
877,111,0
878,111,0
111,1621,3
638,112,0
639,112,0
640,112,0
641,112,0
642,112,0
112,1615,3
113,1059,3
113,1334,3
1548,113,0
29,114,0
202,114,0
250,114,0
550,114,0
732,114,0
863,114,0
1662,114,0
114,1883,3
1975,114,0
1976,114,0
1977,114,0
1978,114,0
1979,114,0
1980,114,0
1981,114,0
1982,114,0
1983,114,0
28,115,0
270,115,0
383,115,0
562,115,0
1421,115,0
115,1781,3
116,561,3
961,116,0
963,116,0
964,116,0
116,1732,3
116,1945,3
1386,117,0
1984,117,0
1985,117,0
1986,117,0
1987,117,0
1471,118,0
118,1800,3
1847,118,0
1236,119,0
119,1433,3
1988,119,0
1989,119,0
1990,119,0
1991,119,0
1992,119,0
1993,119,0
119,2032,3
119,2140,3
120,501,3
984,120,0
985,120,0
987,120,0
988,120,0
989,120,0
991,120,0
120,1557,3
414,121,0
446,121,0
470,121,0
487,121,0
122,543,3
1261,122,0
1996,122,0
11,123,0
25,123,0
100,123,0
412,123,0
413,123,0
420,123,0
780,123,0
123,1395,3
183,124,0
124,1004,3
116,125,0
125,172,3
750,125,0
126,292,3
847,126,0
956,126,0
2016,126,0
2017,126,0
2018,126,0
1023,127,0
2019,127,0
127,2045,3
127,2188,3
2020,128,0
2021,128,0
2022,128,0
2023,128,0
2024,128,0
2025,128,0
2026,128,0
106,129,0
469,129,0
479,129,0
480,129,0
1401,129,0
2027,129,0
2028,129,0
2029,129,0
130,1343,3
130,1434,3
130,1723,3
130,1847,3
2030,131,0
2031,131,0
132,1280,3
1942,132,0
1946,132,0
2032,132,0
2033,132,0
106,133,0
235,133,0
236,133,0
237,133,0
457,133,0
479,133,0
480,133,0
133,1135,3
1429,133,0
133,1483,3
133,1495,3
98,134,0
180,134,0
181,134,0
226,134,0
227,134,0
228,134,0
134,1587,3
226,135,0
227,135,0
537,135,0
135,1365,3
135,1621,3
1780,135,0
2037,135,0
2038,135,0
2039,135,0
2040,135,0
2041,135,0
2042,135,0
2043,135,0
2044,135,0
2045,135,0
412,136,0
136,1602,3
2046,137,0
2047,137,0
139,1279,3
1358,139,0
2049,139,0
8,140,0
479,140,0
1212,140,0
140,1919,3
140,2045,3
2050,140,0
2051,140,0
2052,140,0
141,909,3
141,1160,3
1216,142,0
386,143,0
469,143,0
479,143,0
481,143,0
780,143,0
781,143,0
915,143,0
916,143,0
1418,143,0
1643,143,0
50,144,0
64,144,0
106,144,0
451,144,0
480,144,0
481,144,0
1132,144,0
144,1265,3
144,1278,3
1395,144,0
1870,144,0
144,1998,3
2057,144,0
2058,144,0
689,145,0
737,145,0
900,145,0
969,145,0
145,2002,3
1514,146,0
1802,146,0
1857,146,0
1859,146,0
1860,146,0
1861,146,0
456,148,0
780,148,0
1332,148,0
1617,148,0
2072,148,0
872,149,0
149,1521,3
149,1801,3
149,1971,3
2073,149,0
2074,149,0
150,517,3
150,726,3
150,1151,3
1657,150,0
1694,150,0
2081,150,0
2082,150,0
2083,150,0
2093,151,0
2094,151,0
9,152,0
109,152,0
202,152,0
204,152,0
424,152,0
474,152,0
488,152,0
489,152,0
152,490,3
646,152,0
656,152,0
152,1149,3
1402,152,0
1520,152,0
1538,152,0
1588,152,0
1662,152,0
1766,152,0
1768,152,0
1769,152,0
152,1825,3
2084,152,0
2095,152,0
2096,152,0
2097,152,0
2098,152,0
2099,152,0
2100,152,0
2101,152,0
2102,152,0
2103,152,0
2104,152,0
2105,152,0
2106,152,0
1,153,0
8,153,0
61,153,0
106,153,0
123,153,0
129,153,0
153,320,3
396,153,0
402,153,0
456,153,0
479,153,0
481,153,0
653,153,0
832,153,0
1034,153,0
153,1045,3
1178,153,0
153,1262,3
1552,153,0
1557,153,0
2003,153,0
2150,153,0
2151,153,0
2152,153,0
2153,153,0
1265,154,0
1266,154,0
2158,154,0
2159,154,0
2160,154,0
2161,154,0
949,155,0
1025,155,0
155,1714,3
6,156,0
9,156,0
83,156,0
103,156,0
168,156,0
185,156,0
186,156,0
188,156,0
189,156,0
224,156,0
225,156,0
240,156,0
346,156,0
401,156,0
405,156,0
409,156,0
505,156,0
506,156,0
507,156,0
534,156,0
539,156,0
549,156,0
553,156,0
561,156,0
562,156,0
565,156,0
570,156,0
597,156,0
599,156,0
600,156,0
601,156,0
603,156,0
615,156,0
633,156,0
652,156,0
653,156,0
656,156,0
731,156,0
768,156,0
769,156,0
770,156,0
774,156,0
775,156,0
778,156,0
779,156,0
780,156,0
1115,156,0
1181,156,0
1182,156,0
1285,156,0
1368,156,0
1385,156,0
1433,156,0
1434,156,0
1435,156,0
1436,156,0
1437,156,0
1438,156,0
1455,156,0
1463,156,0
1464,156,0
1466,156,0
1470,156,0
1598,156,0
1719,156,0
1800,156,0
1923,156,0
1982,156,0
2034,156,0
156,2041,3
2166,156,0
2167,156,0
2168,156,0
2169,156,0
2170,156,0
2171,156,0
2172,156,0
2173,156,0
2174,156,0
2175,156,0
2176,156,0
2177,156,0
2178,156,0
157,254,3
157,830,3
157,1310,3
201,158,0
556,158,0
557,158,0
558,158,0
158,885,3
946,158,0
159,775,3
1831,159,0
159,2047,3
2179,159,0
2180,159,0
2181,159,0
2182,159,0
2183,159,0
2184,159,0
2185,159,0
2186,159,0
2187,159,0
1524,160,0
2188,160,0
2189,160,0
2190,160,0
161,1715,3
162,504,3
510,162,0
511,162,0
512,162,0
514,162,0
162,820,3
162,1224,3
2191,162,0
2192,162,0
1462,163,0
163,1525,3
164,497,3
647,164,0
648,164,0
649,164,0
651,164,0
165,1419,3
2193,165,0
267,166,0
1325,166,0
2194,166,0
945,167,0
82,168,0
1531,168,0
168,2024,3
2053,168,0
2054,168,0
2055,168,0
168,2147,3
2195,168,0
2196,168,0
2197,168,0
2198,168,0
169,269,3
1005,169,0
1006,169,0
169,1169,3
169,1787,3
170,937,3
1086,170,0
1346,170,0
1545,170,0
1896,170,0
2199,170,0
226,171,0
171,286,3
845,171,0
171,854,3
171,2107,3
2200,171,0
2201,172,0
173,2013,3
2147,173,0
2202,173,0
396,174,0
705,174,0
1300,174,0
2056,174,0
2203,174,0
2204,174,0
177,2154,3
178,410,3
179,1012,3
179,1549,3
182,2027,3
183,414,3
183,1647,3
184,951,3
186,1532,3
186,2071,3
187,1452,3
188,493,3
188,695,3
189,1318,3
190,1836,3
191,926,3
191,1190,3
191,1443,3
191,1583,3
191,1585,3
192,1699,3
193,205,3
193,655,3
193,1976,3
194,933,3
194,1135,3
194,1229,3
194,1416,3
194,1637,3
195,793,3
195,1649,3
195,1840,3
196,209,3
196,2118,3
198,294,3
199,940,3
199,1197,3
199,1622,3
199,2011,3
200,580,3
200,1375,3
201,216,3
201,351,3
202,577,3
203,675,3
203,1172,3
203,2134,3
204,206,3
205,1329,3
205,1380,3
206,393,3
206,1761,3
208,523,3
208,532,3
210,1043,3
211,330,3
212,717,3
212,1136,3
212,1878,3
214,1423,3
214,1488,3
215,240,3
216,511,3
216,1960,3
217,908,3
217,1773,3
218,1016,3
218,1721,3
219,1463,3
220,634,3
220,915,3
220,1031,3
220,1324,3
220,2161,3
221,880,3
221,1366,3
221,2111,3
221,2162,3
222,1821,3
223,1719,3
225,890,3
225,1265,3
225,1648,3
225,1670,3
225,1890,3
226,715,3
226,1673,3
226,1837,3
228,1136,3
228,1962,3
229,1180,3
229,1772,3
230,2174,3
231,1093,3
231,1829,3
231,2099,3
232,1383,3
233,404,3
234,1991,3
235,730,3
236,763,3
237,757,3
237,921,3
239,334,3
241,1344,3
241,1632,3
241,2019,3
243,1634,3
243,2056,3
244,322,3
244,1793,3
246,1805,3
248,2079,3
249,1582,3
250,1795,3
251,932,3
251,1267,3
252,289,3
252,474,3
254,1304,3
254,2095,3
255,1049,3
255,1951,3
256,1207,3
257,293,3
257,323,3
257,1616,3
258,2008,3
258,2153,3
259,972,3
259,1497,3
259,1554,3
260,508,3
264,669,3
264,2036,3
265,438,3
266,562,3
266,637,3
266,1033,3
266,1992,3
267,1898,3
267,2156,3
268,1146,3
270,973,3
270,1202,3
271,1564,3
272,661,3
274,1163,3
274,1671,3
274,2131,3
275,713,3
275,1461,3
275,1923,3
278,574,3
278,1297,3
279,1705,3
279,1745,3
281,1022,3
283,611,3
284,1269,3
285,906,3
285,1158,3
286,884,3
286,1209,3
286,1948,3
286,2043,3
287,1344,3
288,1135,3
289,706,3
289,1636,3
291,567,3
291,1564,3
291,1950,3
291,2123,3
293,380,3
293,669,3
293,1194,3
293,1826,3
295,1478,3
296,1047,3
297,2129,3
298,356,3
298,1422,3
299,980,3
299,1091,3
299,2152,3
300,512,3
300,2179,3
301,1749,3
305,2128,3
307,338,3
307,1452,3
307,1464,3
307,1946,3
309,632,3
309,1775,3
309,2100,3
310,314,3
310,892,3
310,1209,3
310,1914,3
311,1420,3
313,1744,3
314,533,3
314,1166,3
314,1485,3
314,1750,3
314,1974,3
315,1640,3
315,1973,3
316,1041,3
317,463,3
317,689,3
317,774,3
318,494,3
319,1511,3
319,1757,3
320,1607,3
323,935,3
323,1031,3
323,1742,3
324,1547,3
325,1549,3
326,899,3
328,1477,3
329,337,3
331,1765,3
332,1149,3
333,1610,3
333,2146,3
335,2124,3
336,2105,3
337,717,3
337,907,3
337,1007,3
337,1022,3
338,603,3
338,770,3
338,1182,3
338,1191,3
339,1267,3
341,1179,3
343,806,3
344,865,3
345,2165,3
346,1535,3
347,435,3
348,556,3
348,690,3
349,1048,3
351,392,3
351,1608,3
351,1636,3
351,2087,3
352,2202,3
353,1198,3
353,1921,3
354,1733,3
354,1898,3
360,975,3
360,1293,3
361,592,3
361,1194,3
363,726,3
363,2023,3
364,626,3
364,1039,3
364,1718,3
365,887,3
365,1529,3
365,1852,3
367,1294,3
368,1192,3
369,904,3
370,1283,3
373,952,3
374,2132,3
375,2137,3
376,462,3
377,1400,3
379,940,3
380,492,3
380,582,3
380,1753,3
380,1841,3
381,733,3
382,441,3
382,1086,3
382,1401,3
383,439,3
383,1159,3
384,1879,3
385,455,3
385,1484,3
385,1896,3
386,1763,3
387,496,3
387,1383,3
388,1559,3
389,398,3
389,487,3
389,1343,3
389,2094,3
390,764,3
390,1159,3
390,1185,3
391,533,3
392,616,3
392,1045,3
393,1288,3
393,1810,3
393,1875,3
394,494,3
394,1690,3
396,617,3
399,1401,3
401,1969,3
402,529,3
404,1248,3
404,1459,3
404,1630,3
405,436,3
405,1693,3
406,787,3
407,560,3
407,1808,3
408,659,3
408,799,3
408,1314,3
408,1587,3
409,1862,3
410,1242,3
410,1869,3
412,526,3
413,617,3
413,871,3
415,1202,3
416,2179,3
417,1405,3
418,964,3
418,1574,3
419,731,3
419,1600,3
421,909,3
421,1463,3
421,1802,3
422,847,3
422,1947,3
423,557,3
423,1295,3
424,912,3
424,1447,3
424,1560,3
424,1579,3
424,1630,3
425,745,3
427,1775,3
427,1955,3
429,1805,3
430,1271,3
431,450,3
431,1089,3
432,1041,3
432,1785,3
432,1877,3
434,1350,3
434,1842,3
435,493,3
435,707,3
435,817,3
435,1207,3
436,1362,3
437,1371,3
438,1048,3
438,1962,3
438,1972,3
439,610,3
440,451,3
441,2006,3
442,696,3
442,1942,3
443,785,3
444,916,3
444,1940,3
445,1831,3
446,1640,3
446,2136,3
448,1154,3
448,1799,3
448,1811,3
449,2075,3
450,2083,3
452,729,3
452,1230,3
452,1269,3
453,789,3
455,577,3
457,946,3
458,682,3
459,1597,3
459,1641,3
460,1510,3
460,1617,3
460,1935,3
461,1185,3
463,555,3
463,1648,3
463,1795,3
464,547,3
464,1352,3
464,1857,3
466,1742,3
466,1773,3
467,1388,3
469,1057,3
469,1769,3
470,811,3
470,878,3
471,789,3
471,1131,3
471,1142,3
472,756,3
472,1320,3
472,2037,3
473,815,3
473,1962,3
474,1115,3
476,599,3
478,711,3
478,1030,3
479,945,3
481,937,3
481,1095,3
481,1866,3
482,1804,3
483,1463,3
483,1881,3
483,2041,3
483,2054,3
484,1956,3
485,650,3
486,1006,3
486,1234,3
486,1475,3
486,1558,3
487,1015,3
487,1342,3
488,642,3
489,2180,3
490,743,3
490,1472,3
490,1533,3
492,719,3
492,1338,3
494,807,3
497,1355,3
498,656,3
499,1328,3
499,1743,3
500,1324,3
501,1549,3
504,978,3
506,1403,3
508,1215,3
508,1395,3
509,1663,3
509,1990,3
511,637,3
511,927,3
511,1018,3
511,1214,3
511,1670,3
511,2080,3
515,795,3
516,667,3
519,1025,3
519,1256,3
519,1907,3
521,1865,3
522,653,3
524,977,3
525,918,3
525,1790,3
526,1794,3
526,2187,3
527,609,3
527,1250,3
527,1269,3
528,1191,3
529,1755,3
530,719,3
530,831,3
530,1014,3
530,1197,3
530,1374,3
530,1424,3
531,952,3
532,713,3
532,2149,3
533,1054,3
534,2047,3
535,1306,3
535,1371,3
535,2081,3
536,1067,3
536,1257,3
536,1280,3
537,1556,3
538,1498,3
539,614,3
543,1650,3
543,1818,3
544,2080,3
545,2051,3
546,1384,3
546,2100,3
548,1085,3
548,1786,3
549,2076,3
550,1206,3
550,1489,3
552,2120,3
553,742,3
554,963,3
554,1159,3
554,1834,3
554,1849,3
556,737,3
559,695,3
559,1512,3
561,631,3
562,793,3
563,677,3
563,762,3
565,1772,3
565,1857,3
566,978,3
569,1202,3
570,2019,3
571,1902,3
573,1244,3
573,1716,3
573,1892,3
574,1665,3
574,2117,3
576,2156,3
577,1891,3
580,1668,3
583,669,3
583,1884,3
584,1696,3
585,1024,3
586,1795,3
589,1635,3
590,1550,3
591,688,3
591,1452,3
593,624,3
595,1409,3
595,1603,3
596,1190,3
597,1544,3
597,2115,3
599,787,3
600,2000,3
601,850,3
601,1080,3
602,826,3
602,1521,3
602,1917,3
602,2090,3
603,2184,3
605,1700,3
606,1210,3
606,1514,3
606,2056,3
608,1229,3
608,1462,3
609,915,3
609,1323,3
610,1054,3
611,2179,3
615,1764,3
615,2149,3
616,1139,3
616,1914,3
616,2169,3
618,1252,3
619,1608,3
620,2073,3
624,853,3
625,1379,3
625,1738,3
627,1122,3
627,1311,3
629,1380,3
630,1836,3
633,1885,3
633,2046,3
634,828,3
634,924,3
634,2017,3
634,2110,3
635,880,3
635,1438,3
637,2131,3
638,1429,3
639,1100,3
639,1194,3
639,1921,3
640,916,3
641,932,3
641,1493,3
642,779,3
642,1183,3
645,1449,3
646,1091,3
646,2022,3
647,1895,3
649,917,3
649,1288,3
650,1786,3
651,1041,3
652,1433,3
653,1357,3
654,763,3
654,1848,3
654,1924,3
659,1458,3
660,1280,3
660,1628,3
660,1641,3
662,986,3
662,1279,3
662,1528,3
662,1650,3
665,700,3
666,712,3
667,1536,3
668,693,3
668,1017,3
669,1047,3
672,849,3
672,1213,3
672,1373,3
672,1837,3
673,824,3
673,1091,3
673,1316,3
677,1538,3
677,2154,3
678,1719,3
680,2031,3
681,824,3
681,1068,3
681,1459,3
681,1781,3
682,2105,3
683,1563,3
685,1543,3
686,959,3
686,1139,3
687,736,3
687,1935,3
687,2037,3
689,700,3
690,1404,3
691,957,3
693,1781,3
693,1793,3
694,1091,3
694,2014,3
695,839,3
697,1564,3
699,1139,3
700,722,3
700,901,3
700,2094,3
701,1824,3
702,951,3
702,1282,3
702,1586,3
705,1290,3
706,1314,3
707,1952,3
710,929,3
710,1334,3
712,1447,3
714,1983,3
715,1166,3
716,1652,3
717,883,3
717,1405,3
718,1020,3
718,1775,3
718,1856,3
720,1445,3
721,753,3
721,2071,3
722,1473,3
722,1931,3
722,2124,3
724,824,3
725,1219,3
726,1126,3
727,1357,3
728,887,3
728,1330,3
730,2115,3
731,1428,3
732,2143,3
734,1468,3
734,1681,3
736,1269,3
736,1900,3
737,1817,3
738,1116,3
738,1192,3
738,1667,3
739,1474,3
739,1785,3
741,1495,3
741,1597,3
742,775,3
742,1177,3
743,1185,3
743,1716,3
744,1058,3
746,930,3
746,1656,3
747,1051,3
747,1219,3
748,1137,3
751,990,3
754,2199,3
757,1327,3
757,1386,3
757,2006,3
758,1790,3
759,1534,3
759,2185,3
761,898,3
761,1995,3
762,2024,3
763,1545,3
764,1818,3
765,1269,3
766,951,3
766,1266,3
767,1701,3
769,1794,3
769,1935,3
770,1603,3
771,1374,3
771,1656,3
772,1382,3
774,1495,3
774,1928,3
774,2014,3
775,1929,3
776,801,3
776,894,3
776,1253,3
777,1990,3
777,2121,3
779,1839,3
781,2123,3
782,804,3
782,1885,3
784,1943,3
784,2189,3
787,1656,3
787,1720,3
789,1249,3
789,1331,3
790,944,3
791,1029,3
791,1503,3
791,1751,3
792,905,3
792,973,3
794,1721,3
795,1351,3
795,1551,3
797,2035,3
798,1384,3
800,1392,3
800,1645,3
802,1402,3
802,1439,3
802,1487,3
805,1490,3
806,1057,3
807,951,3
807,1454,3
809,1560,3
810,1031,3
810,1141,3
810,1506,3
810,1971,3
812,909,3
813,1248,3
815,1287,3
816,1148,3
817,2093,3
819,1697,3
819,1971,3
820,1790,3
823,1798,3
824,1005,3
824,1686,3
826,1351,3
827,1415,3
829,1165,3
838,1401,3
838,1488,3
838,2085,3
838,2183,3
839,1425,3
841,1500,3
841,1687,3
842,945,3
843,1058,3
844,1165,3
844,1676,3
845,2055,3
847,1395,3
847,1415,3
847,1558,3
847,1880,3
848,1752,3
852,902,3
853,1248,3
855,1016,3
855,1603,3
857,1647,3
858,1038,3
858,1548,3
860,1761,3
860,2017,3
860,2176,3
862,1206,3
862,1461,3
862,2155,3
864,922,3
864,1713,3
866,1256,3
867,1699,3
867,1815,3
868,925,3
874,1761,3
878,971,3
879,1345,3
880,1716,3
882,1111,3
882,1138,3
882,1589,3
883,1020,3
884,1129,3
884,1979,3
889,934,3
890,1038,3
890,1059,3
890,1081,3
890,2140,3
892,1893,3
893,1899,3
893,2005,3
894,1756,3
894,2154,3
897,912,3
897,1267,3
898,1728,3
898,2188,3
899,1271,3
899,1983,3
900,1446,3
900,1602,3
903,947,3
903,1763,3
906,2141,3
910,2072,3
911,1501,3
912,1113,3
912,1526,3
913,1667,3
913,1765,3
916,1836,3
917,1791,3
918,1131,3
918,1523,3
918,2175,3
921,1456,3
921,1880,3
921,1881,3
921,2124,3
922,1148,3
923,2082,3
924,1210,3
924,1598,3
925,991,3
926,2149,3
927,2088,3
928,2127,3
933,2136,3
934,1941,3
934,1974,3
935,1499,3
935,2182,3
936,1928,3
937,1152,3
940,1783,3
941,1206,3
944,1368,3
944,1594,3
944,1672,3
944,1907,3
947,1821,3
948,1964,3
949,1279,3
950,1253,3
952,2198,3
958,1001,3
958,1736,3
958,1883,3
959,1138,3
959,1750,3
960,1488,3
961,1584,3
961,2130,3
963,1982,3
964,1405,3
965,2075,3
969,1787,3
973,1915,3
973,2128,3
974,1787,3
975,1078,3
975,1186,3
978,1100,3
979,1821,3
980,2145,3
981,1080,3
981,1296,3
981,1906,3
982,1272,3
983,2022,3
983,2130,3
984,1404,3
985,1685,3
986,1652,3
986,2024,3
987,1533,3
987,2069,3
991,1774,3
991,1890,3
991,1995,3
992,1382,3
992,1888,3
992,2018,3
995,1273,3
995,1622,3
995,2092,3
996,1054,3
997,1689,3
997,1774,3
998,1116,3
998,1979,3
999,1976,3
1000,2000,3
1001,1323,3
1007,1298,3
1012,2059,3
1013,1097,3
1013,1852,3
1015,1403,3
1016,1803,3
1016,2173,3
1019,1781,3
1023,2013,3
1023,2061,3
1024,1712,3
1029,1364,3
1030,1101,3
1030,2046,3
1032,1432,3
1036,2049,3
1037,1634,3
1038,1549,3
1038,1910,3
1038,2091,3
1041,1978,3
1045,2147,3
1048,1512,3
1048,2160,3
1049,1715,3
1049,2060,3
1050,1056,3
1052,1367,3
1052,2044,3
1058,1686,3
1058,1962,3
1058,2131,3
1059,1266,3
1059,1331,3
1059,1663,3
1059,1982,3
1060,1623,3
1063,2013,3
1064,1271,3
1066,2024,3
1069,2138,3
1072,1103,3
1073,1947,3
1075,1457,3
1075,1599,3
1076,1934,3
1078,1569,3
1079,1712,3
1079,1945,3
1080,1511,3
1081,1374,3
1083,1147,3
1083,1340,3
1086,1680,3
1088,1200,3
1088,1478,3
1089,1515,3
1090,1365,3
1092,1253,3
1092,1673,3
1092,1714,3
1093,1971,3
1094,1440,3
1096,1100,3
1097,1355,3
1098,1962,3
1099,1571,3
1100,1450,3
1100,1557,3
1102,1279,3
1104,1300,3
1109,1514,3
1111,1897,3
1112,1483,3
1113,2104,3
1114,1541,3
1115,1362,3
1116,1615,3
1116,1754,3
1116,1764,3
1118,1186,3
1118,1869,3
1118,1884,3
1119,1434,3
1120,1282,3
1120,1819,3
1122,1875,3
1123,2059,3
1125,1573,3
1128,1665,3
1129,1832,3
1132,1740,3
1132,1834,3
1134,1297,3
1134,1711,3
1137,2012,3
1139,2023,3
1140,1439,3
1140,1876,3
1140,2072,3
1143,1376,3
1147,1275,3
1147,1625,3
1147,1981,3
1148,1235,3
1148,2195,3
1151,2169,3
1153,1673,3
1154,2131,3
1157,1671,3
1157,2200,3
1159,1169,3
1160,1304,3
1160,2107,3
1163,2083,3
1165,1168,3
1167,1201,3
1168,1635,3
1168,1764,3
1169,1180,3
1169,1992,3
1169,2189,3
1170,1656,3
1172,1788,3
1173,1845,3
1174,2120,3
1176,1717,3
1177,1433,3
1177,1587,3
1178,1386,3
1181,1320,3
1182,1261,3
1182,2155,3
1183,2011,3
1185,1328,3
1186,1885,3
1189,1347,3
1190,1815,3
1197,1581,3
1198,1214,3
1202,1387,3
1203,1478,3
1204,1528,3
1205,2089,3
1206,1433,3
1209,1788,3
1209,2158,3
1210,1887,3
1213,1980,3
1223,1854,3
1228,1367,3
1231,1740,3
1233,1682,3
1235,1486,3
1239,1660,3
1242,1319,3
1242,2096,3
1243,2001,3
1246,1686,3
1246,1784,3
1248,1811,3
1248,1988,3
1249,1410,3
1249,1720,3
1250,2192,3
1251,1762,3
1252,1515,3
1253,1750,3
1258,1266,3
1258,1887,3
1259,1401,3
1260,1591,3
1261,1861,3
1263,2030,3
1264,1952,3
1267,1479,3
1268,1364,3
1271,1884,3
1271,1991,3
1272,2188,3
1274,1889,3
1275,1618,3
1275,1715,3
1275,2152,3
1276,1529,3
1276,1740,3
1276,1823,3
1276,2056,3
1277,1625,3
1277,2090,3
1278,1439,3
1279,1616,3
1279,1695,3
1287,1384,3
1288,1448,3
1289,1668,3
1292,1546,3
1292,1973,3
1292,2059,3
1294,1334,3
1297,1524,3
1301,1631,3
1302,1907,3
1302,2191,3
1305,1306,3
1305,1868,3
1306,1431,3
1307,2010,3
1308,1802,3
1308,1969,3
1310,1575,3
1314,1814,3
1316,2070,3
1317,1488,3
1317,1560,3
1317,1561,3
1318,1512,3
1318,2129,3
1319,1465,3
1319,1907,3
1319,2082,3
1320,1404,3
1322,1537,3
1323,1996,3
1325,1844,3
1326,1389,3
1326,1617,3
1327,1333,3
1328,1619,3
1328,1830,3
1332,2138,3
1333,2053,3
1334,1948,3
1336,1343,3
1336,2095,3
1339,2110,3
1340,1989,3
1345,1468,3
1345,1495,3
1348,1711,3
1350,1795,3
1350,1803,3
1350,2032,3
1350,2172,3
1352,1446,3
1356,1554,3
1357,1771,3
1364,1579,3
1365,1904,3
1368,2129,3
1371,1616,3
1371,2193,3
1375,1453,3
1377,1464,3
1379,1497,3
1379,1716,3
1380,1784,3
1381,1388,3
1384,1514,3
1385,1558,3
1387,2108,3
1391,1995,3
1392,1617,3
1403,1914,3
1403,2129,3
1405,1955,3
1412,1697,3
1412,1867,3
1415,2014,3
1417,1571,3
1420,1811,3
1422,1631,3
1425,2026,3
1425,2163,3
1426,2079,3
1427,2074,3
1428,1764,3
1428,2051,3
1430,2179,3
1432,1771,3
1433,1622,3
1434,1646,3
1437,1697,3
1437,1915,3
1438,1971,3
1442,2097,3
1444,1941,3
1445,2039,3
1447,2120,3
1453,1664,3
1456,1612,3
1458,1641,3
1460,2179,3
1461,1566,3
1462,1519,3
1462,1886,3
1465,1934,3
1466,2170,3
1467,1810,3
1468,1530,3
1473,1976,3
1478,1744,3
1478,1909,3
1486,2165,3
1489,2199,3
1490,1871,3
1497,1906,3
1499,1582,3
1499,2193,3
1501,2038,3
1502,1626,3
1504,1995,3
1512,1593,3
1512,1775,3
1515,1876,3
1516,1591,3
1516,1706,3
1517,1809,3
1518,1614,3
1524,1806,3
1525,2042,3
1526,2075,3
1529,2128,3
1531,1884,3
1532,1782,3
1537,1570,3
1545,1585,3
1547,1910,3
1547,2194,3
1549,2059,3
1550,1845,3
1552,1857,3
1553,1582,3
1555,1757,3
1556,1865,3
1557,1770,3
1558,1872,3
1558,2104,3
1560,1751,3
1561,1854,3
1564,1602,3
1564,1664,3
1569,1898,3
1575,1581,3
1575,1919,3
1577,1943,3
1579,2111,3
1580,1940,3
1582,1770,3
1585,1831,3
1586,2079,3
1590,1803,3
1592,1621,3
1592,1988,3
1592,2133,3
1596,1909,3
1600,2074,3
1601,2065,3
1606,1622,3
1607,1744,3
1609,2096,3
1611,1637,3
1614,1774,3
1614,2057,3
1616,1850,3
1618,1627,3
1618,1674,3
1622,2117,3
1624,1720,3
1632,2049,3
1636,1957,3
1642,1679,3
1643,2083,3
1644,1920,3
1646,1775,3
1646,2074,3
1648,2133,3
1650,1832,3
1652,1918,3
1656,1926,3
1656,2190,3
1661,1788,3
1665,1820,3
1669,2089,3
1676,1894,3
1676,2169,3
1677,1802,3
1682,1796,3
1683,2168,3
1691,2020,3
1696,2089,3
1697,1908,3
1698,2118,3
1699,2038,3
1700,1745,3
1702,1918,3
1707,1966,3
1712,1981,3
1713,2014,3
1714,1769,3
1725,2039,3
1730,1928,3
1731,1747,3
1732,2091,3
1740,2187,3
1741,1810,3
1742,2053,3
1746,2103,3
1750,1814,3
1750,1911,3
1751,1989,3
1752,2145,3
1753,1976,3
1756,2148,3
1756,2190,3
1757,2185,3
1761,1875,3
1766,2131,3
1771,2155,3
1772,2120,3
1778,1954,3
1778,2085,3
1787,1794,3
1788,2095,3
1798,2109,3
1799,2070,3
1802,1856,3
1803,1971,3
1812,1932,3
1813,2133,3
1815,1855,3
1818,2145,3
1824,1948,3
1826,2083,3
1832,1865,3
1833,2164,3
1834,2001,3
1840,2002,3
1843,2126,3
1846,2171,3
1849,2078,3
1850,1931,3
1852,2074,3
1862,2093,3
1866,2050,3
1880,2094,3
1884,1903,3
1888,1913,3
1891,2105,3
1895,2084,3
1895,2103,3
1896,2054,3
1910,2129,3
1911,2038,3
1919,2119,3
1920,2066,3
1924,2174,3
1928,2120,3
1931,1940,3
1943,2099,3
1946,2040,3
1954,1959,3
1961,1969,3
1963,2100,3
1965,2055,3
1981,2164,3
1985,2045,3
2001,2045,3
2001,2144,3
2006,2044,3
2019,2070,3
2034,2062,3
2045,2139,3
2051,2137,3
2060,2064,3
2071,2134,3
2085,2136,3
