1,404,0
1,2391,0
2,64,1
2,654,1
2,720,1
2,781,1
2,833,1
2,1026,1
2,1234,0
1587,2,0
2,1950,1
2,2055,1
2,2095,1
2222,2,0
2,2244,1
2,2291,1
2310,2,0
2,2317,1
2,2319,1
2,2320,1
2,2376,1
2,2384,1
2,2393,1
2,2401,1
2409,2,0
2,2428,1
3,1291,0
3,1327,0
4,312,0
5,551,0
5,779,0
6,1817,0
7,1656,0
8,923,0
9,2419,0
10,318,0
10,945,0
10,1330,0
11,226,0
2425,12,0
13,29,1
13,203,1
221,13,0
250,13,0
13,251,1
305,13,0
13,339,1
13,341,1
386,13,0
408,13,0
13,426,1
13,448,1
13,452,1
13,459,1
13,563,1
13,599,1
13,628,1
13,634,1
13,654,1
13,656,1
661,13,0
13,664,1
13,690,1
13,706,1
800,13,0
13,819,1
13,857,1
13,935,1
13,939,1
951,13,0
13,1048,1
13,1072,1
13,1143,1
1265,13,0
1307,13,0
13,1318,1
13,1322,1
13,1425,1
13,1458,1
13,1488,1
13,1489,1
13,1510,1
1529,13,0
13,1530,1
1576,13,0
13,1602,1
13,1612,1
13,1712,1
13,1836,1
1879,13,0
13,1921,1
13,1925,1
13,1938,1
13,1964,1
13,1993,1
2183,13,0
2203,13,0
13,2342,1
13,2425,1
13,2462,1
14,107,0
14,601,0
15,887,0
15,1726,0
16,826,0
17,195,0
17,348,0
19,816,0
20,229,0
20,338,0
22,1333,0
22,1600,0
23,230,0
23,1522,0
23,1680,0
24,672,0
24,712,0
24,1120,0
25,443,0
25,1041,0
26,847,0
27,1015,0
28,109,0
28,560,0
28,1384,0
29,430,0
29,1701,0
554,30,0
30,571,1
30,640,1
30,813,1
881,30,0
30,1246,1
30,1277,1
30,1436,0
1696,30,0
30,1716,0
30,1963,0
30,1996,1
30,2426,1
31,63,1
31,215,1
31,326,1
470,31,0
31,635,1
638,31,0
31,687,1
31,833,1
31,940,0
31,1298,1
31,1483,0
1820,31,0
31,2081,1
32,1248,0
32,2465,0
33,131,0
33,1074,0
34,414,1
512,34,0
34,653,1
1994,34,0
35,957,0
583,36,0
629,36,0
2076,36,0
37,340,0
37,1985,0
38,1593,0
939,39,0
39,1103,1
39,1324,0
39,1503,0
39,1994,0
40,1695,0
40,1832,0
40,2048,0
40,2316,0
41,462,0
41,1576,0
42,234,1
42,1361,1
42,1531,0
42,2447,1
43,401,0
43,1153,0
43,2387,0
44,600,0
44,805,0
44,1808,0
44,1889,0
44,1979,0
45,2042,0
46,444,0
47,59,1
47,105,1
124,47,0
142,47,0
47,168,1
313,47,0
47,340,1
47,359,1
47,394,1
47,620,1
47,654,1
690,47,0
47,743,1
47,781,1
47,814,1
47,899,1
939,47,0
47,1145,1
1150,47,0
47,1182,1
47,1185,1
47,1239,1
1404,47,0
47,1450,1
1459,47,0
1585,47,0
1664,47,0
1682,47,0
1831,47,0
47,1846,0
47,1992,1
2014,47,0
47,2145,1
47,2245,1
47,2276,1
2358,47,0
48,832,0
49,1274,0
49,1533,0
49,2282,0
50,16,1
50,46,1
50,75,1
209,50,0
50,212,1
50,251,1
50,690,1
50,796,0
50,815,1
50,823,0
950,50,0
50,1081,1
50,1381,1
50,1525,1
50,1582,0
1674,50,0
50,1725,0
1793,50,0
1863,50,0
50,1905,1
1955,50,0
50,2166,1
50,2426,1
51,1588,0
52,874,0
53,635,1
53,1993,0
54,818,0
54,1196,1
55,2127,0
56,145,0
56,1364,0
57,273,1
58,2426,0
59,2120,0
60,88,1
60,195,1
60,215,1
60,269,1
304,60,0
60,326,1
60,390,0
60,433,1
60,504,0
60,519,1
60,563,1
60,709,1
1591,60,0
60,1771,1
61,1020,0
62,71,0
62,1405,0
62,2339,0
63,81,1
99,63,0
63,152,1
63,412,1
429,63,0
63,534,0
63,585,1
63,621,1
659,63,0
63,770,0
63,891,1
63,1514,1
63,1683,1
2331,63,0
64,2235,0
65,2447,0
66,2127,0
8,68,0
68,146,1
68,236,1
68,239,0
68,392,1
68,429,1
452,68,0
68,560,1
68,635,1
663,68,0
68,754,0
68,1167,1
68,1215,1
1326,68,0
1375,68,0
68,1483,1
68,1505,1
68,1560,0
1568,68,0
68,1620,1
68,1628,1
1688,68,0
1741,68,0
68,1803,1
68,1990,1
68,2087,1
68,2093,1
68,2240,1
2357,68,0
70,1146,0
70,1464,0
71,1218,0
72,1280,1
74,1519,0
75,2010,0
160,76,0
76,586,1
76,864,1
76,1112,0
76,1882,1
78,204,1
78,635,1
78,1128,1
78,1176,1
78,1215,1
78,1543,0
1582,78,0
78,1717,1
1940,78,0
79,966,0
79,1101,0
79,1143,0
79,1565,0
79,1758,0
80,142,0
80,594,0
80,854,0
80,2015,0
80,2328,0
81,532,0
81,533,0
81,961,0
81,1882,0
82,1991,1
83,1915,0
84,1501,0
84,1792,1
84,2055,0
85,1157,0
85,2242,1
86,228,0
563,86,0
86,682,0
86,1942,0
87,1554,0
87,1901,0
88,249,0
88,1873,0
89,329,1
89,985,1
89,1215,0
89,1388,1
89,1425,1
2144,89,0
91,1234,0
93,772,0
93,2384,0
94,1038,0
94,1254,0
95,428,0
96,745,0
96,1493,0
96,1720,0
97,490,0
97,679,0
98,1916,0
99,598,0
99,1438,0
101,1142,0
101,1219,0
103,2064,0
103,2240,1
104,1272,0
107,390,0
107,1178,0
107,1975,0
108,8,1
108,105,1
181,108,0
108,340,1
108,481,1
108,619,1
108,877,1
1234,108,0
1406,108,0
108,1427,1
108,1622,1
1697,108,0
108,1770,1
1933,108,0
108,1955,1
109,1795,0
110,909,0
725,111,0
111,1274,1
112,845,0
112,2240,0
113,1802,0
114,636,0
114,1750,0
114,2365,0
115,916,0
115,1051,0
47,116,0
116,625,1
1147,116,0
1344,116,0
116,2115,1
117,952,0
117,1443,0
29,118,0
118,213,0
118,410,0
118,529,1
118,646,1
700,118,0
118,732,1
118,780,1
118,959,1
118,1196,1
1468,118,0
118,1478,0
118,1573,1
118,1824,1
118,1828,1
1830,118,0
1847,118,0
118,2198,1
118,2290,0
118,2412,1
119,1191,0
120,265,0
120,1786,0
120,2005,0
120,2016,0
120,2149,1
121,399,1
121,831,0
121,1939,1
121,2383,0
122,1354,0
123,1307,0
124,238,0
124,701,0
1614,124,0
126,267,0
126,919,0
126,1264,0
127,2107,0
128,330,0
128,673,0
128,1587,0
128,2245,0
129,1233,0
130,1171,1
1215,130,0
130,1285,0
1983,130,0
130,2058,1
131,828,0
131,1151,0
131,2321,0
132,186,0
132,650,0
132,933,1
132,2213,1
134,1006,0
134,1298,0
135,577,0
135,638,0
135,1691,1
1926,135,0
135,2420,0
136,343,0
136,746,0
136,973,0
137,102,1
137,261,0
137,427,1
137,432,1
137,624,1
137,628,1
137,634,1
137,635,1
137,700,0
737,137,0
137,864,1
900,137,0
939,137,0
137,963,1
137,1094,1
137,1307,1
137,1322,1
1351,137,0
1383,137,0
137,1415,1
137,1416,1
137,1441,1
137,1466,1
137,1488,1
137,1601,1
1724,137,0
1783,137,0
137,1836,1
1847,137,0
137,1868,1
1912,137,0
137,1921,1
1965,137,0
2015,137,0
137,2035,1
2053,137,0
137,2293,1
137,2342,1
2462,137,0
139,2378,0
140,181,1
140,273,1
399,140,0
140,510,0
140,777,1
939,140,0
140,1047,1
1062,140,0
140,1285,1
140,1665,0
1761,140,0
140,1889,0
141,778,0
142,242,0
142,1045,0
142,2122,0
143,449,0
144,2274,0
145,1946,0
146,1494,0
1170,147,0
149,33,1
149,79,1
149,273,1
149,323,0
399,149,0
149,690,1
149,939,1
149,1221,0
149,2275,0
150,694,0
150,997,1
150,1888,0
64,151,0
151,1504,0
151,2055,1
151,2222,1
151,2319,1
151,2320,1
151,2376,1
151,2384,1
2401,151,0
151,2409,1
151,2464,0
152,1973,0
153,153,1
153,659,1
153,695,1
1132,153,0
153,1200,1
153,1610,0
2436,153,0
154,939,1
154,1607,1
154,1620,0
156,700,1
156,1512,0
156,1824,1
157,929,0
157,2367,0
158,2129,0
158,2395,0
159,360,0
509,159,0
159,1097,0
160,2280,0
161,308,0
161,383,0
161,968,0
162,460,0
706,162,0
162,1308,0
162,1584,0
162,1838,1
163,1728,0
164,66,1
164,80,1
164,99,1
164,123,1
158,164,0
164,293,1
164,330,0
164,397,1
164,435,1
164,554,1
680,164,0
164,769,1
802,164,0
164,891,1
164,929,1
1126,164,0
164,1142,1
164,1183,1
1234,164,0
164,1316,1
164,1391,1
1404,164,0
1945,164,0
164,2019,1
164,2091,1
164,2305,0
165,1413,0
165,1437,0
165,1609,0
165,1865,0
166,64,1
166,340,0
654,166,0
166,701,0
166,1026,1
166,1280,0
166,1864,0
166,2055,1
2244,166,0
166,2291,1
166,2310,1
166,2317,1
2319,166,0
166,2320,1
2393,166,0
166,2401,1
167,1558,0
168,599,0
320,169,0
169,377,1
169,413,1
169,457,1
603,169,0
707,169,0
718,169,0
779,169,0
169,840,1
169,850,1
908,169,0
169,1024,1
169,1114,1
1209,169,0
169,1297,1
1463,169,0
1580,169,0
169,1591,1
169,1612,1
169,1636,1
169,1646,1
169,1723,1
1845,169,0
169,1857,1
169,1874,1
169,1999,1
169,2059,1
169,2172,1
169,2381,1
170,293,1
170,605,0
170,1196,0
170,1755,0
171,1452,0
171,1672,0
171,2385,0
172,372,0
172,1159,1
29,173,0
173,91,1
173,351,0
173,434,1
173,635,1
173,901,0
939,173,0
173,1315,1
173,1354,1
173,1629,1
173,1700,1
173,2338,1
2371,173,0
174,553,0
47,175,0
175,515,0
175,1357,0
175,1991,0
176,1242,0
177,279,0
150,178,0
178,181,1
178,213,1
178,273,1
777,178,0
827,178,0
178,846,0
178,943,1
178,997,0
1205,178,0
1234,178,0
178,1427,1
1566,178,0
178,1626,1
178,2029,1
178,2035,1
178,2128,1
2362,178,0
179,1869,0
180,353,0
180,597,0
180,616,0
180,1712,0
181,564,1
181,671,1
181,992,0
181,997,1
181,1759,1
181,1761,1
181,1791,0
181,1795,1
181,2086,1
182,722,0
182,889,0
430,183,0
184,192,1
184,269,1
939,184,0
184,2304,0
199,185,0
185,725,1
185,853,0
943,185,0
1414,185,0
185,1568,1
185,1691,1
1773,185,0
185,1810,1
185,2035,1
185,2135,0
185,2145,1
186,347,0
186,449,0
466,186,0
467,186,0
468,186,0
186,566,0
186,619,1
186,646,1
186,700,1
186,1196,1
186,1205,1
186,1734,0
186,1824,1
186,2179,0
187,1378,0
187,1970,0
188,673,1
188,674,1
188,982,1
994,188,0
188,1000,0
188,1121,1
188,1258,1
188,2186,1
188,2467,0
189,490,0
189,741,0
189,1964,0
189,2059,0
189,2375,0
190,739,0
190,894,0
190,1261,0
190,1533,0
191,727,0
191,2183,0
191,2455,0
192,342,0
193,1235,0
193,1824,0
194,651,0
194,1676,0
195,845,0
195,1696,0
196,546,0
196,610,0
196,1986,0
197,1342,0
99,198,0
198,194,1
198,304,1
198,519,1
198,546,1
198,562,0
198,797,1
198,845,1
198,911,1
198,1215,1
198,1979,1
198,1996,0
198,2098,1
2331,198,0
200,479,1
200,785,0
200,991,0
201,760,0
202,300,1
202,605,1
202,1086,1
202,1239,1
1415,202,0
202,1441,1
1503,202,0
202,1740,0
2075,202,0
202,2224,1
202,2308,1
2309,202,0
202,2324,1
203,1738,0
204,80,1
204,234,1
204,364,1
553,204,0
204,636,1
204,841,0
204,921,1
204,935,1
1040,204,0
204,1071,1
204,1081,1
204,1165,0
204,1387,1
204,1581,0
204,1837,1
204,1852,1
204,1913,1
204,2161,1
204,2470,1
205,213,1
205,214,1
205,242,1
205,268,1
205,274,1
205,342,1
205,361,1
205,660,1
673,205,0
205,783,1
205,814,1
878,205,0
205,908,1
205,994,1
205,1147,1
1176,205,0
205,1205,1
205,1229,1
1258,205,0
205,1259,1
1567,205,0
205,1585,1
1661,205,0
1664,205,0
205,1695,1
205,1819,0
205,1838,1
205,1847,1
205,1941,1
205,2057,1
2385,205,0
206,1237,0
207,2277,0
208,966,0
208,2233,0
210,440,0
211,296,0
211,304,1
211,758,1
211,939,1
211,1208,1
211,2240,1
211,2258,0
212,570,0
213,776,0
214,274,1
584,214,0
214,660,1
706,214,0
214,707,1
214,1120,0
214,1299,1
214,2104,1
2115,214,0
214,2174,1
215,6,1
99,215,0
141,215,0
215,215,1
215,225,1
215,294,1
215,298,0
215,383,0
419,215,0
473,215,0
215,555,1
215,569,1
215,596,1
215,649,1
652,215,0
677,215,0
724,215,0
752,215,0
789,215,0
215,804,1
215,947,1
953,215,0
215,969,1
215,1136,1
215,1145,1
215,1155,1
215,1188,1
215,1366,1
215,1490,0
215,1502,1
215,1512,1
215,1518,1
215,1563,1
215,1685,1
1855,215,0
215,1921,1
215,2109,1
215,2140,1
2159,215,0
2197,215,0
215,2344,1
215,2368,1
216,95,1
190,216,0
216,376,0
216,725,1
216,1167,0
216,1181,1
216,1316,1
1377,216,0
216,1672,1
1702,216,0
1969,216,0
2052,216,0
216,2202,1
2215,216,0
2277,216,0
217,63,1
326,217,0
470,217,0
217,635,1
217,1215,1
217,1820,1
218,1131,1
218,1404,1
219,410,0
219,2118,0
220,1379,0
220,1545,0
220,1891,0
220,2020,0
221,419,0
221,673,0
221,1148,0
221,1215,1
222,508,0
223,1864,0
225,1544,0
226,496,0
226,909,0
226,2390,0
227,11,1
29,227,0
452,227,0
227,457,1
227,823,1
227,1182,1
1352,227,0
1925,227,0
227,1999,1
2115,227,0
2239,227,0
2435,227,0
228,585,0
228,869,0
228,2017,0
228,2307,0
229,327,0
229,1311,1
229,1913,0
230,1365,0
231,1460,0
231,1864,0
231,1978,0
235,653,0
235,1505,0
236,916,0
239,239,1
239,447,0
239,1534,0
239,1708,0
240,464,0
240,1568,1
241,17,1
74,241,0
241,79,1
241,127,1
241,235,1
241,277,1
241,328,1
241,413,1
241,422,1
439,241,0
455,241,0
241,508,1
241,546,1
241,585,1
625,241,0
241,638,1
241,785,1
241,822,1
993,241,0
1066,241,0
1068,241,0
1147,241,0
1148,241,0
241,1196,1
1216,241,0
241,1250,1
241,1635,1
1684,241,0
1695,241,0
241,1766,0
241,1801,1
1913,241,0
1921,241,0
241,1925,1
1947,241,0
241,1978,1
241,1990,1
241,2080,1
241,2209,1
241,2256,1
2380,241,0
242,483,0
242,960,0
243,574,0
243,905,0
243,1238,0
243,1696,0
243,2407,0
245,2382,0
246,717,0
246,1048,0
247,873,0
247,1142,1
247,1753,0
247,1959,1
2144,247,0
249,1455,0
249,2357,0
250,238,1
758,250,0
250,1955,1
250,1956,0
251,1689,0
252,304,1
252,379,0
252,939,1
252,1274,0
252,1707,0
252,2206,0
252,2369,0
253,519,1
253,1315,1
253,1691,1
253,1798,0
254,589,0
254,842,0
1972,254,0
256,650,0
256,1159,1
256,1635,0
256,2216,0
256,2475,0
257,1638,0
259,290,0
259,1374,0
260,1255,0
260,1353,0
260,2150,0
1772,261,0
262,1327,0
262,1776,0
263,1327,1
263,1712,0
263,2060,0
216,264,0
264,1138,1
264,1435,1
264,1891,0
2321,264,0
265,943,0
265,2457,0
266,47,1
266,1061,0
1215,266,0
1389,266,0
266,1938,0
2284,266,0
267,1096,0
267,1488,0
267,1794,0
268,2097,0
269,502,0
269,668,0
269,754,0
270,1382,0
270,2214,0
271,63,1
271,326,1
271,474,0
638,271,0
271,1215,1
271,1230,1
1298,271,0
271,1999,1
271,2035,1
271,2081,1
272,819,0
272,2021,0
273,440,0
273,548,0
273,918,1
273,943,0
997,273,0
273,1321,0
273,1352,0
273,1759,1
1795,273,0
2035,273,0
274,753,1
754,274,0
274,1311,0
274,1859,0
275,116,1
200,275,0
275,213,1
275,340,1
430,275,0
275,855,1
864,275,0
275,947,1
275,1205,1
275,1316,1
275,1620,1
1789,275,0
275,1830,0
275,1921,1
275,1955,1
276,304,0
276,957,0
276,1697,0
277,1084,0
277,1230,0
278,825,0
278,1331,0
278,2074,1
278,2091,0
278,2169,0
279,324,0
279,369,0
280,250,1
280,729,0
281,298,0
281,360,0
281,1875,0
282,821,0
283,619,0
283,1575,0
22,284,0
284,222,1
289,284,0
365,284,0
423,284,0
497,284,0
284,670,1
284,743,1
284,1082,1
284,1224,0
284,1271,1
284,1399,1
284,1437,0
284,1570,1
284,1689,1
284,2015,1
284,2017,1
2064,284,0
284,2079,1
284,2117,1
284,2392,1
2434,284,0
285,592,0
285,892,0
286,1105,0
287,1376,0
287,1457,0
287,1832,0
287,1969,0
21,288,0
288,275,1
347,288,0
288,595,1
288,597,1
288,604,1
635,288,0
288,648,1
288,814,1
288,938,0
288,939,1
288,979,1
1009,288,0
288,1048,1
288,1073,1
288,1074,1
1215,288,0
288,1419,1
288,1585,1
288,1641,1
288,1728,0
288,1794,1
288,1902,1
1903,288,0
288,1904,1
288,1905,1
288,1906,1
288,1908,1
288,1909,1
288,1975,1
288,2170,1
2171,288,0
2176,288,0
288,2178,1
288,2185,1
2248,288,0
288,2252,1
288,2336,1
288,2337,1
289,1244,0
289,1629,0
289,2010,0
290,649,0
291,918,0
2205,291,0
291,2346,1
292,1068,0
292,1397,0
293,738,0
295,784,0
295,968,0
296,2446,0
216,298,0
1138,298,0
1435,298,0
298,1691,1
298,2321,1
300,1122,0
300,2231,0
301,696,0
301,1681,0
302,572,0
302,827,0
303,1160,0
303,2106,0
304,1976,0
305,527,0
306,1436,0
307,587,0
307,642,0
307,1651,0
308,429,0
308,595,0
308,700,1
1824,308,0
308,2023,0
310,340,1
310,617,1
310,676,0
1345,310,0
310,1349,1
310,1965,0
2386,310,0
311,377,0
311,1612,0
312,925,0
313,1630,0
313,1983,0
314,2115,0
315,2184,0
318,1024,0
319,2254,0
320,2256,0
321,397,0
1427,321,0
321,2444,1
322,2458,0
324,1014,0
324,1182,1
326,994,0
326,2109,0
328,355,0
328,366,0
328,1303,0
328,2213,0
329,957,0
329,2399,0
330,806,0
939,330,0
330,1182,1
1528,330,0
330,1742,1
331,1255,0
331,1389,0
331,1537,0
331,1552,0
333,912,0
335,1263,0
336,593,0
336,2007,0
337,2134,0
338,449,0
338,1982,0
339,1434,0
339,1549,0
340,21,1
340,197,1
260,340,0
340,347,1
484,340,0
505,340,0
561,340,0
340,563,1
595,340,0
597,340,0
604,340,0
648,340,0
340,730,1
340,740,1
340,814,1
340,939,1
340,979,1
996,340,0
1005,340,0
340,1009,1
340,1065,1
1073,340,0
340,1074,1
340,1077,1
1215,340,0
1239,340,0
340,1293,1
340,1315,1
340,1389,1
340,1395,1
340,1416,1
340,1419,1
340,1575,1
1585,340,0
340,1641,1
340,1691,1
1743,340,0
1768,340,0
1794,340,0
340,1834,1
340,1891,1
340,1899,1
1902,340,0
340,1904,1
340,1905,1
340,1908,1
1909,340,0
340,1921,1
340,2035,1
340,2074,1
340,2102,1
2176,340,0
340,2178,1
340,2185,1
340,2190,1
340,2226,1
340,2248,1
2258,340,0
340,2336,1
340,2337,1
2419,340,0
2454,340,0
341,1293,0
341,2111,0
341,2264,0
342,1075,0
169,343,0
449,343,0
343,1215,1
343,1687,0
2172,343,0
343,2321,0
344,1737,0
345,969,0
345,2066,0
346,358,0
347,1512,0
348,1396,0
349,846,0
350,2368,0
351,681,0
351,720,0
351,1730,0
688,352,0
352,701,0
353,1181,0
353,2422,0
354,456,0
354,1355,0
355,1190,0
355,1619,0
356,1944,0
357,535,1
625,357,0
809,357,0
357,819,1
357,855,1
875,357,0
357,1577,1
357,1589,1
357,1868,1
357,2018,0
357,2137,1
2302,357,0
2458,357,0
358,1532,0
358,1731,0
0,359,0
359,8,1
30,359,0
359,293,1
328,359,0
359,399,1
359,412,1
359,483,1
359,565,1
635,359,0
359,847,1
359,877,1
925,359,0
359,1017,1
1085,359,0
359,1163,1
359,1184,1
359,1211,0
1215,359,0
1311,359,0
359,1351,1
359,1435,1
359,1451,1
1517,359,0
359,1519,1
1548,359,0
1562,359,0
359,1705,1
359,1729,1
359,1802,1
1868,359,0
359,2134,1
359,2221,0
359,2233,1
359,2360,1
360,943,0
753,361,0
361,1710,0
361,2142,0
362,304,1
362,1219,1
362,1311,1
362,1393,0
2119,362,0
363,1389,0
364,1325,0
365,1201,0
365,1205,0
365,1214,0
365,1856,0
366,307,1
366,601,1
366,1328,1
366,1626,0
366,1691,1
366,1786,0
366,2355,0
367,1118,0
367,1877,0
368,536,0
368,905,0
368,1039,0
368,1813,0
370,2338,0
371,1193,0
372,81,1
372,808,0
1427,372,0
372,1466,0
372,2054,0
373,1022,0
375,2256,0
376,386,0
376,1291,0
376,2194,0
377,29,1
377,45,1
377,213,1
377,273,1
377,307,1
377,323,1
412,377,0
427,377,0
377,429,1
377,529,1
377,635,1
377,646,1
377,690,1
377,732,1
780,377,0
377,907,1
939,377,0
377,959,1
377,1176,1
1196,377,0
1466,377,0
1573,377,0
377,1724,1
377,1824,1
377,1828,1
1847,377,0
1868,377,0
377,1921,1
1965,377,0
377,2035,1
377,2198,1
377,2287,0
377,2385,1
2412,377,0
378,1303,0
378,2447,0
379,540,0
379,1668,1
380,843,0
380,1961,0
380,2079,0
381,1739,1
381,1850,1
381,2183,1
381,2316,1
381,2440,1
382,993,0
382,1898,0
383,2429,0
105,384,0
322,384,0
384,340,1
384,2333,0
384,2422,1
386,807,0
387,1197,0
387,1313,0
388,392,0
388,451,0
389,460,0
390,99,1
390,512,1
391,581,0
391,706,0
391,2045,0
392,879,0
392,1086,0
392,2189,0
29,394,0
394,50,1
394,122,1
394,134,1
394,203,1
213,394,0
394,221,1
394,251,1
299,394,0
394,339,1
394,386,1
394,408,1
394,412,1
394,448,1
394,452,1
459,394,0
394,512,1
577,394,0
634,394,0
394,656,1
394,660,1
394,664,1
394,690,1
394,700,1
800,394,0
394,857,1
394,935,1
394,939,1
394,1041,0
1058,394,0
394,1064,1
1072,394,0
1081,394,0
394,1088,1
1143,394,0
394,1215,1
394,1265,1
394,1307,1
394,1318,1
394,1405,1
394,1425,1
1458,394,0
394,1488,1
1489,394,0
394,1510,1
394,1530,1
394,1602,1
394,1612,1
394,1712,1
1723,394,0
1756,394,0
394,1878,0
394,1879,1
394,1921,1
394,1925,1
394,1938,1
394,2044,1
394,2101,0
394,2128,1
394,2176,1
2183,394,0
394,2203,1
394,2342,1
395,430,0
395,1901,0
395,2338,0
395,2415,0
395,2447,1
396,489,0
396,635,1
396,687,1
396,833,1
396,868,0
396,1192,1
396,1215,1
396,1664,0
396,1678,1
396,1745,1
396,1829,1
396,1979,0
2193,396,0
396,2287,1
396,2444,0
397,1469,0
399,29,1
55,399,0
79,399,0
399,92,1
399,99,1
171,399,0
399,174,1
399,188,1
399,203,1
221,399,0
251,399,0
399,268,1
399,304,1
399,307,1
399,346,1
399,386,1
399,391,1
399,399,1
399,406,1
399,426,1
399,448,1
399,452,1
399,459,1
496,399,0
520,399,0
399,635,1
399,656,1
399,664,1
399,681,1
399,690,1
399,692,1
399,696,1
792,399,0
399,800,1
399,843,1
399,844,1
902,399,0
903,399,0
399,918,1
399,939,1
399,981,1
399,1043,1
399,1055,1
399,1101,1
399,1143,1
399,1169,1
399,1193,1
399,1265,1
1318,399,0
399,1382,1
399,1433,1
399,1458,1
1466,399,0
1489,399,0
1493,399,0
1510,399,0
399,1519,1
399,1557,1
399,1576,1
1577,399,0
399,1602,1
399,1641,1
1661,399,0
399,1664,1
399,1691,1
399,1706,1
1712,399,0
1879,399,0
399,1901,1
399,1928,1
399,1965,1
399,1984,1
1993,399,0
2011,399,0
2083,399,0
399,2140,1
399,2203,1
2329,399,0
399,2379,1
2400,399,0
400,1145,0
400,1296,0
400,2399,0
403,1215,1
403,2375,0
404,787,0
3,405,0
405,13,1
405,58,1
405,80,1
253,405,0
405,468,1
489,405,0
528,405,0
405,706,1
707,405,0
405,782,1
405,799,1
405,877,1
405,891,1
405,924,1
405,992,1
405,1094,1
405,1107,1
405,1157,1
405,1160,1
1215,405,0
405,1220,1
1311,405,0
405,1316,1
1368,405,0
405,1385,1
405,1404,1
405,1431,1
1432,405,0
405,1566,1
405,1571,1
405,1598,1
405,1624,1
405,1890,1
1965,405,0
405,2026,1
405,2059,1
2242,405,0
2309,405,0
405,2453,0
406,535,1
406,564,0
406,619,1
406,1490,1
406,1955,1
2030,406,0
2053,406,0
407,612,0
407,1994,1
408,472,0
408,484,0
408,937,0
29,409,0
80,409,0
409,127,1
409,413,1
517,409,0
409,548,1
785,409,0
889,409,0
409,1454,0
409,1925,1
409,1955,1
2279,409,0
2453,409,0
410,213,1
410,625,1
410,783,1
410,878,1
410,1259,1
1664,410,0
410,1810,0
1847,410,0
410,1941,1
410,2057,1
411,412,0
411,1461,0
412,1426,0
412,1902,0
700,413,0
1824,413,0
413,1990,0
1215,414,0
414,2394,0
415,56,1
415,258,1
415,269,1
415,383,1
415,408,1
415,486,0
415,811,1
415,935,1
998,415,0
1023,415,0
1040,415,0
1072,415,0
415,1215,1
1244,415,0
415,1247,1
415,1248,1
415,1267,1
1307,415,0
415,1361,1
415,1370,1
415,1381,1
415,1388,1
415,1488,1
415,1616,0
1654,415,0
415,1793,1
1837,415,0
1845,415,0
415,2377,1
2436,415,0
116,416,0
213,416,0
214,416,0
416,242,1
416,268,1
416,274,1
416,342,1
361,416,0
416,584,1
416,625,1
416,660,1
416,674,1
707,416,0
416,858,0
416,908,1
416,1112,0
416,1205,1
416,1208,0
416,1229,1
416,1258,1
1259,416,0
416,1567,1
1593,416,0
416,1661,1
416,1695,1
416,1838,1
1847,416,0
416,1941,1
416,2057,1
417,99,1
417,250,1
417,1045,0
417,1436,1
417,1648,0
1797,417,0
417,1926,1
417,2455,0
418,1128,0
418,1274,0
420,635,1
420,939,1
420,1069,0
420,1470,0
1802,420,0
421,776,0
786,421,0
421,1194,0
422,1541,0
422,1694,0
422,2053,0
422,2124,0
423,1356,0
423,1486,0
423,2327,0
425,1006,1
426,2422,0
427,1342,0
427,1799,0
428,600,0
429,618,0
429,635,1
429,1032,0
429,1552,0
429,2099,0
429,2207,0
430,10,1
430,26,1
47,430,0
430,48,1
91,430,0
430,105,1
430,131,1
430,208,1
245,430,0
430,293,1
430,301,1
430,311,1
316,430,0
430,326,1
414,430,0
430,431,1
475,430,0
511,430,0
512,430,0
538,430,0
563,430,0
430,635,1
690,430,0
430,702,1
855,430,0
430,864,1
430,874,1
948,430,0
430,984,1
430,1051,1
1058,430,0
1075,430,0
1085,430,0
430,1094,1
1099,430,0
430,1104,1
1142,430,0
1157,430,0
1182,430,0
430,1190,1
1236,430,0
1257,430,0
430,1294,1
430,1311,1
1333,430,0
430,1351,1
430,1357,1
1374,430,0
1389,430,0
430,1391,1
1412,430,0
1427,430,0
430,1449,1
430,1450,1
430,1538,1
430,1622,1
430,1690,1
1716,430,0
430,1741,1
430,1767,1
1781,430,0
430,1785,1
430,1831,1
430,1865,1
430,1921,1
430,1924,1
430,1944,1
1994,430,0
2006,430,0
430,2019,1
2024,430,0
430,2042,1
430,2066,1
430,2113,1
430,2130,1
2165,430,0
430,2194,1
430,2218,1
430,2219,1
2262,430,0
2283,430,0
2294,430,0
430,2345,1
430,2383,1
430,2463,1
2472,430,0
431,1155,0
431,2015,0
431,2305,0
432,729,0
432,2008,0
432,2138,0
433,520,1
433,554,1
433,573,1
939,433,0
433,1425,1
433,1865,1
433,2178,1
434,1461,0
436,2027,0
437,2123,0
438,953,0
438,2355,0
439,1991,0
439,2116,0
439,2294,0
440,1665,0
441,1138,0
442,412,1
442,742,0
442,1183,0
442,1311,1
442,1847,1
2375,442,0
443,81,1
443,1427,1
443,2226,0
444,99,1
445,947,0
445,2048,0
447,2044,0
448,568,0
448,1435,0
449,27,1
449,177,1
312,449,0
449,331,1
449,348,1
449,402,1
449,449,1
803,449,0
449,898,1
1044,449,0
1048,449,0
449,1211,1
449,1350,0
1526,449,0
1560,449,0
1663,449,0
1687,449,0
449,1723,1
1851,449,0
449,2128,1
449,2172,1
449,2187,1
2306,449,0
449,2424,1
449,2466,1
450,1512,0
450,2183,0
451,1161,0
451,2093,0
451,2430,0
452,1670,0
79,453,0
412,453,0
453,742,1
453,1106,1
453,1410,0
1537,453,0
453,1880,1
453,2047,0
454,1612,0
455,684,0
456,326,1
399,456,0
456,1126,1
456,1227,1
456,1423,0
456,1532,0
456,1835,0
1852,456,0
456,2124,0
457,764,0
458,908,0
458,1010,0
458,1773,0
460,1649,0
460,1971,1
460,2136,0
461,1886,0
462,867,0
462,1241,1
462,1375,0
29,463,0
463,213,1
273,463,0
463,412,1
463,429,1
463,635,1
463,646,1
732,463,0
939,463,0
959,463,0
463,1196,1
1468,463,0
1573,463,0
463,1724,1
463,1828,1
463,1868,1
463,1885,0
463,1965,1
463,2035,1
463,2137,0
463,2157,0
2198,463,0
463,2412,1
464,1076,0
464,1667,0
464,2400,0
465,603,1
465,1952,0
467,1033,0
467,1203,0
467,2192,0
467,2231,0
468,30,1
468,642,0
718,468,0
468,830,1
468,1215,1
468,1324,1
1691,468,0
468,1890,0
469,551,0
469,1221,0
471,1098,0
471,1816,0
473,2436,0
475,836,0
475,2405,0
47,476,0
476,120,1
314,476,0
476,779,0
476,1052,0
1215,476,0
218,477,0
477,886,0
477,1457,0
477,1520,0
1537,477,0
477,1985,1
477,2238,1
478,1211,0
478,1613,0
480,1584,0
482,736,0
482,1284,0
482,1759,0
484,924,0
484,2320,0
485,655,0
486,29,1
486,81,1
486,412,1
486,1442,0
486,1626,1
487,911,0
487,1551,0
488,2456,0
489,1208,0
489,1619,0
489,2281,0
490,952,0
490,1634,0
490,2283,0
491,1644,0
943,492,0
492,1156,0
492,1847,0
492,2313,0
494,1404,0
494,2445,0
497,1495,0
498,2087,0
499,1495,0
499,1804,0
499,1860,0
1925,499,0
499,2101,0
500,2316,0
501,17,1
79,501,0
81,501,0
328,501,0
501,413,1
501,439,1
501,455,1
508,501,0
501,585,1
625,501,0
700,501,0
785,501,0
822,501,0
501,959,1
1066,501,0
1147,501,0
501,1196,1
501,1216,1
501,1250,1
501,1433,0
501,1630,1
501,1695,1
501,1801,1
501,1921,1
501,1925,1
1947,501,0
501,2080,1
501,2209,1
501,2380,1
503,1025,0
504,304,1
504,511,0
504,939,1
504,1137,1
504,1311,1
1921,504,0
505,2050,0
506,619,1
506,797,0
506,1062,0
506,1135,0
506,1419,0
506,1543,1
507,1099,0
507,1272,0
508,767,0
508,1048,0
509,895,0
509,2219,0
509,2240,0
510,1883,0
511,1497,0
511,1910,0
512,1381,0
513,1834,1
513,2435,0
514,1769,0
515,796,0
515,857,0
515,1382,0
515,1600,0
516,881,0
516,1425,1
516,2117,0
516,2144,1
517,526,0
518,905,0
518,2223,0
519,862,1
519,1311,1
520,2139,0
520,2330,0
2475,520,0
521,2068,0
521,2212,0
521,2420,0
524,447,1
524,1673,1
524,1799,1
524,2446,1
524,2471,1
526,1211,0
526,1329,0
527,2206,0
527,2230,0
528,980,0
528,2153,1
529,1662,0
529,2181,0
529,2222,0
529,2272,0
530,1210,1
1600,530,0
530,1793,1
530,2149,0
1384,534,0
534,1598,0
535,591,0
536,399,1
536,1303,0
536,1939,1
537,2370,0
538,1158,0
538,1230,0
538,1853,0
539,304,1
430,539,0
539,939,1
539,1182,1
539,1982,0
540,628,1
541,756,0
541,1018,0
541,1480,0
541,1981,0
542,2462,0
258,543,0
346,543,0
543,386,1
543,445,1
520,543,0
543,523,1
543,636,1
786,543,0
543,910,1
1160,543,0
1236,543,0
543,1277,1
543,1487,1
543,1630,1
1691,543,0
543,1717,1
543,1762,1
543,1968,1
543,2026,1
2072,543,0
543,2095,1
543,2111,1
543,2253,1
544,959,1
544,1861,0
544,2416,0
545,1497,1
1544,545,0
545,1933,1
546,1843,0
546,1975,0
547,1408,0
549,939,1
549,1058,1
1556,549,0
549,1779,0
187,550,0
550,405,1
550,619,1
550,775,0
550,1005,1
550,1316,1
551,87,1
551,792,0
551,1167,0
551,1215,1
551,2161,1
552,1760,0
553,579,0
553,712,0
553,715,0
555,1456,0
555,1976,0
635,556,0
556,1215,1
556,1284,0
556,1467,0
556,1531,0
1921,556,0
556,2370,0
557,238,1
552,557,0
1124,558,0
558,1550,0
558,2460,0
559,619,0
560,1543,0
561,1104,0
561,1192,0
561,2314,0
738,562,0
562,2413,0
562,2426,1
563,1210,0
564,70,1
233,564,0
445,564,0
849,564,0
564,956,0
564,978,1
983,564,0
564,1026,1
1736,564,0
63,565,0
565,68,1
565,99,1
565,124,1
307,565,0
565,319,1
565,320,1
512,565,0
565,598,1
565,635,1
565,775,1
565,902,1
565,939,1
565,1094,1
565,1160,1
565,1162,0
565,1215,1
1281,565,0
1516,565,0
565,1532,1
565,1720,1
565,1784,1
565,1841,1
565,1966,1
2094,565,0
565,2164,1
565,2259,1
566,1668,0
566,1840,0
566,2231,0
567,927,0
567,1802,0
568,145,1
568,577,1
568,654,1
568,738,0
1094,568,0
568,1111,1
568,1196,1
1243,568,0
1263,568,0
568,1293,1
568,2179,0
568,2404,1
6,569,0
569,143,1
569,225,1
569,294,1
569,419,1
569,555,1
569,569,1
569,649,1
569,652,1
677,569,0
569,724,1
752,569,0
789,569,0
569,804,1
953,569,0
569,969,1
569,1012,1
569,1136,1
569,1359,0
569,1366,1
1502,569,0
1518,569,0
569,1563,1
569,1620,1
569,1639,0
1685,569,0
569,1794,0
569,1855,1
569,2109,1
2159,569,0
2197,569,0
569,2333,1
144,570,0
628,570,0
997,570,0
1764,570,0
570,2001,0
570,2010,1
571,1883,0
572,153,1
572,869,0
572,1132,1
572,1933,1
572,1971,0
573,706,0
573,1536,0
575,670,0
575,1240,0
429,576,0
576,707,0
577,595,0
577,2427,0
579,102,1
579,408,1
579,427,1
579,634,1
579,635,1
579,891,1
579,900,1
579,939,1
579,963,1
579,1072,1
579,1094,1
579,1322,1
579,1351,1
1383,579,0
579,1416,1
1441,579,0
1466,579,0
579,1488,1
579,1601,1
579,1836,1
579,1847,1
579,1868,1
1912,579,0
1921,579,0
579,1965,1
579,2015,1
2053,579,0
2183,579,0
579,2426,1
579,2462,1
580,1080,1
581,1564,0
581,1655,0
582,836,0
582,1561,0
582,1765,0
583,822,0
583,1223,0
583,1634,0
583,1977,0
583,2071,0
584,99,1
584,124,1
584,142,1
584,242,1
584,274,1
361,584,0
584,451,1
584,605,1
625,584,0
697,584,0
706,584,0
584,707,1
857,584,0
584,895,1
1048,584,0
1147,584,0
584,1253,1
584,1299,1
1348,584,0
1490,584,0
584,1506,1
584,1543,1
1664,584,0
1733,584,0
584,1838,1
2014,584,0
584,2144,1
584,2410,1
585,1131,0
29,586,0
586,529,1
586,646,1
700,586,0
586,732,1
780,586,0
586,959,1
586,1196,1
586,1468,1
586,1495,0
1573,586,0
586,1824,1
586,1828,1
586,2067,0
586,2385,1
587,1814,0
839,588,0
588,1215,1
588,2443,0
589,1331,0
589,2047,0
590,867,0
1180,590,0
590,1540,0
590,2064,1
592,939,1
592,1452,0
592,1521,0
592,1659,0
592,1727,0
593,2291,0
595,638,0
596,895,0
596,1655,0
596,2231,0
598,2160,0
598,2372,0
603,1249,0
604,688,0
604,1167,0
604,1576,0
604,1685,0
605,759,0
605,1503,0
605,2063,0
606,234,1
1361,606,0
606,2150,0
607,47,1
607,1313,0
609,699,0
609,2114,0
610,150,1
610,181,1
610,405,1
610,800,1
610,894,0
610,1259,1
1386,610,0
610,1920,0
610,2086,1
610,2128,1
610,2362,1
612,456,1
612,891,0
612,2257,0
613,530,1
1568,613,0
615,1987,1
616,739,1
616,924,1
616,1272,0
616,1894,1
617,718,0
619,3,1
619,8,1
619,10,1
619,17,1
619,29,1
32,619,0
619,45,1
51,619,0
619,69,1
71,619,0
619,74,1
619,80,1
619,81,1
619,95,1
619,99,1
116,619,0
127,619,0
619,213,1
619,241,1
619,258,1
259,619,0
268,619,0
274,619,0
619,277,1
619,285,1
619,293,1
619,304,1
619,307,1
619,309,1
323,619,0
619,339,1
361,619,0
619,369,1
619,391,1
619,399,1
619,405,1
619,422,1
619,439,1
619,451,1
619,467,1
468,619,0
619,482,1
619,505,1
619,508,1
515,619,0
619,547,1
619,563,1
619,583,1
619,584,1
619,585,1
619,589,1
619,603,1
619,625,1
619,638,1
672,619,0
676,619,0
619,690,1
700,619,0
619,706,1
619,707,1
719,619,0
727,619,0
619,762,1
619,781,1
785,619,0
793,619,0
619,808,1
619,809,1
619,813,1
619,822,1
619,828,1
833,619,0
619,848,1
853,619,0
619,858,1
619,859,1
619,883,1
619,888,1
619,889,1
619,891,1
916,619,0
619,936,1
951,619,0
619,959,1
619,981,1
993,619,0
619,1042,1
619,1066,1
1068,619,0
619,1097,1
1126,619,0
1147,619,0
619,1148,1
619,1161,1
619,1176,1
1196,619,0
619,1205,1
619,1206,1
619,1215,1
1217,619,0
1228,619,0
619,1239,1
1259,619,0
619,1270,1
1278,619,0
1287,619,0
1325,619,0
619,1327,1
619,1351,1
619,1394,1
619,1424,1
619,1426,1
619,1428,1
619,1433,1
619,1434,1
1448,619,0
1501,619,0
619,1504,1
1507,619,0
619,1579,1
1583,619,0
1585,619,0
1593,619,0
619,1635,1
1647,619,0
619,1658,1
619,1661,1
1664,619,0
619,1684,1
619,1705,1
1708,619,0
619,1717,1
1724,619,0
619,1748,1
619,1778,1
619,1801,1
1824,619,0
619,1827,1
619,1834,1
1838,619,0
1839,619,0
619,1846,1
1847,619,0
619,1856,1
619,1899,1
1921,619,0
619,1925,1
1926,619,0
619,1932,1
619,1935,1
619,1947,1
1957,619,0
1965,619,0
1990,619,0
619,1997,1
619,2012,1
619,2023,1
2072,619,0
619,2092,1
619,2107,1
2108,619,0
619,2110,1
619,2125,1
2131,619,0
619,2133,1
619,2167,1
2173,619,0
619,2204,1
2209,619,0
619,2223,1
2238,619,0
619,2241,1
619,2263,1
2276,619,0
619,2279,1
619,2296,1
619,2299,1
619,2323,1
619,2341,1
619,2352,1
619,2363,1
619,2380,1
619,2382,1
619,2385,1
619,2388,1
619,2390,1
2391,619,0
619,2427,1
2453,619,0
619,2458,1
619,2464,1
619,2465,1
2469,619,0
29,622,0
622,529,1
646,622,0
622,700,1
732,622,0
780,622,0
622,959,1
1196,622,0
622,1468,1
622,1573,1
622,1666,0
622,1830,1
622,1849,0
622,2124,0
622,2159,0
622,2198,1
622,2412,1
623,857,1
623,1727,1
623,2333,0
623,2424,0
625,1301,0
503,626,0
626,807,0
628,93,1
408,628,0
564,628,0
628,593,1
628,624,1
628,634,1
636,628,0
628,637,1
628,778,1
628,935,1
1072,628,0
628,1210,1
628,1217,0
1307,628,0
628,1488,1
628,1793,1
628,1836,1
2086,628,0
2342,628,0
629,1314,0
307,630,0
630,829,1
631,55,1
631,657,0
631,891,1
631,955,1
631,1069,0
631,1104,1
631,1273,1
1389,631,0
631,1756,1
631,1921,1
1972,631,0
631,2170,0
632,705,0
632,1399,0
632,2412,0
633,1761,0
636,1662,0
637,698,0
637,2051,0
638,2002,0
639,385,1
639,952,0
639,1154,0
639,2207,0
640,2186,0
641,635,1
939,641,0
641,1176,1
641,1311,1
641,1389,1
641,1451,0
642,112,1
642,241,1
568,642,0
642,1049,0
642,1115,0
642,1435,0
642,1632,0
642,2236,0
643,110,1
643,1792,1
644,790,0
644,1372,0
646,1648,0
646,2284,0
647,685,0
647,986,0
647,1585,0
647,1661,0
648,1422,0
648,1517,0
648,1846,0
649,6,1
649,80,1
649,141,1
225,649,0
294,649,0
649,419,1
485,649,0
649,596,1
649,649,1
649,652,1
649,677,1
724,649,0
752,649,0
649,789,1
649,804,1
649,819,0
877,649,0
649,908,1
912,649,0
920,649,0
649,947,1
649,953,1
969,649,0
1155,649,0
1188,649,0
649,1366,1
1502,649,0
649,1512,1
649,1620,1
649,1855,1
649,2140,1
649,2159,1
2197,649,0
649,2368,1
650,1693,0
651,1156,0
651,1267,0
651,2269,1
652,2053,0
652,2198,0
424,653,0
653,1215,1
1427,653,0
653,1488,0
653,1575,1
1826,653,0
653,1834,1
1915,653,0
654,1886,0
655,2225,0
656,1429,0
656,1846,0
657,1007,0
657,1566,0
657,1716,0
657,2268,0
658,2009,0
658,2068,0
658,2196,0
658,2385,0
659,62,1
659,99,1
659,488,1
625,659,0
659,654,1
659,996,1
659,1109,1
659,1196,1
659,1205,1
659,1304,1
1402,659,0
659,1404,1
659,1405,1
1547,659,0
659,1600,1
659,1721,1
659,1847,1
1858,659,0
659,1870,1
659,1874,1
659,2102,1
659,2425,1
328,660,0
660,1013,0
660,1067,1
660,1326,0
660,2015,0
660,2207,1
661,1179,0
661,1748,0
521,662,0
213,663,0
304,663,0
663,635,1
663,654,1
663,829,1
663,939,1
663,1139,1
663,1311,1
663,1379,1
1391,663,0
663,1510,1
1921,663,0
2288,663,0
665,2196,0
666,2065,0
666,2299,0
667,226,1
667,257,1
269,667,0
667,334,1
997,667,0
1170,667,0
1202,667,0
1309,667,0
667,1335,1
667,1675,1
1733,667,0
2008,667,0
667,2100,1
667,2350,1
144,668,0
668,997,1
668,1712,0
668,1732,0
1764,668,0
668,2010,1
10,669,0
669,302,1
452,669,0
669,624,1
669,741,1
669,885,1
886,669,0
1039,669,0
1207,669,0
1303,669,0
669,1321,1
669,1470,1
669,1610,1
1754,669,0
669,1790,1
1809,669,0
669,1836,1
669,1997,1
669,2342,1
2365,669,0
670,1106,0
670,1110,0
29,671,0
671,188,1
646,671,0
671,700,1
1196,671,0
671,1221,1
671,1289,0
1348,671,0
671,1468,1
671,1664,1
1824,671,0
671,1973,0
671,2385,1
672,1757,0
672,2154,0
672,2257,0
675,1698,0
675,2175,0
676,1316,0
677,1884,0
677,2143,0
384,678,0
678,696,0
678,1715,0
680,811,0
680,1110,0
681,311,1
681,414,1
681,512,1
681,939,1
681,1783,0
1994,681,0
2472,681,0
682,1540,0
682,1877,1
682,2276,0
683,1520,0
685,1417,0
324,688,0
688,1592,0
688,1868,1
688,1921,1
2196,688,0
2242,688,0
689,67,1
307,689,0
563,689,0
594,689,0
689,819,1
689,870,1
689,897,1
689,907,1
908,689,0
689,935,0
689,1110,0
689,1456,1
689,1537,1
689,1868,1
1930,689,0
1999,689,0
689,2241,0
689,2335,0
691,780,0
691,1104,0
691,1244,0
691,2223,0
693,1368,0
693,1515,0
693,2419,0
694,702,0
694,980,0
695,749,0
695,2093,0
696,988,0
696,1925,0
697,2176,0
699,792,0
699,937,0
699,1768,0
700,1506,0
702,753,0
702,2325,0
703,1216,0
703,1464,0
704,1851,0
705,1571,0
705,1618,0
707,2151,0
707,2299,0
708,1397,0
708,1421,0
708,1814,0
709,809,0
709,1071,0
709,1764,0
710,4,1
304,710,0
710,689,1
743,710,0
765,710,0
905,710,0
710,939,1
710,989,1
710,1159,1
1336,710,0
710,2025,1
710,2404,1
710,2406,1
758,712,0
712,974,1
712,1059,1
1934,712,0
713,2381,0
714,1825,0
715,213,1
715,1085,1
715,1094,1
716,1026,0
716,1835,0
717,1698,0
718,140,1
718,201,1
718,384,1
508,718,0
718,718,1
718,833,1
718,939,1
718,1122,0
718,1215,1
718,1425,1
718,1455,1
1913,718,0
718,2041,0
718,2058,0
2216,718,0
719,1058,0
719,1459,0
719,1839,0
722,512,1
722,1215,1
1994,722,0
723,654,1
920,723,0
723,939,1
723,1280,1
723,1436,1
723,2145,1
723,2167,0
723,2353,0
724,1842,0
725,26,1
725,43,1
725,246,1
725,583,1
725,939,1
725,1274,1
725,1316,1
725,1763,0
725,1926,1
726,700,1
726,1824,1
727,1569,0
727,2337,0
728,859,0
729,2174,0
730,844,0
730,973,0
730,1197,0
1327,730,0
730,1936,0
730,2077,0
731,1971,0
732,1211,0
401,734,0
734,1222,1
734,1393,0
734,2194,0
736,880,0
738,918,0
739,883,0
739,1296,0
740,1997,0
742,751,0
742,1329,0
742,2374,0
3,743,0
743,29,1
743,49,1
52,743,0
743,126,1
743,180,1
743,213,1
251,743,0
743,265,1
743,274,1
318,743,0
340,743,0
743,360,1
743,361,1
412,743,0
743,413,1
743,451,1
743,502,1
743,571,1
743,608,1
743,635,1
657,743,0
658,743,0
743,670,1
743,687,1
700,743,0
743,705,1
743,728,1
743,841,0
743,872,1
743,939,1
743,1009,1
1164,743,0
743,1168,1
1173,743,0
1196,743,0
743,1219,1
1224,743,0
743,1234,1
743,1242,1
743,1251,1
743,1259,1
743,1262,1
743,1292,1
1302,743,0
1311,743,0
743,1385,1
1513,743,0
743,1545,1
743,1639,1
1654,743,0
743,1669,1
743,1690,1
1705,743,0
743,1706,0
1724,743,0
1824,743,0
1839,743,0
1840,743,0
743,1881,1
743,1885,1
1897,743,0
1898,743,0
743,1921,1
743,1925,1
743,1941,1
743,1951,1
1965,743,0
743,2055,1
2058,743,0
743,2063,1
743,2064,1
743,2110,1
743,2124,1
743,2125,1
2140,743,0
2179,743,0
743,2192,1
2222,743,0
743,2244,1
2270,743,0
743,2276,1
743,2291,1
743,2376,1
743,2384,1
743,2393,1
2394,743,0
743,2409,1
743,2426,1
743,2456,1
2469,743,0
744,1158,0
745,1427,0
746,1536,0
746,1799,1
747,1964,0
748,624,1
748,1268,0
749,144,1
749,997,1
749,1764,1
749,2010,1
749,2160,0
750,859,0
751,961,0
751,2269,0
752,1405,0
754,830,0
754,2252,0
754,2374,0
755,635,1
755,1831,0
755,2314,0
756,1361,0
756,2366,0
757,1536,0
757,1547,0
758,897,0
933,758,0
758,1264,0
758,1678,0
758,2060,0
758,2344,0
760,138,1
760,231,1
760,1051,0
1160,760,0
761,1358,0
762,1507,0
762,1794,0
762,2054,0
762,2347,0
762,2349,0
763,1768,0
763,1843,0
763,1861,0
764,635,1
687,764,0
764,833,1
1192,764,0
764,1203,0
764,1215,1
764,1332,0
764,1678,1
764,1745,1
1829,764,0
1913,764,0
764,2253,0
764,2287,1
765,102,1
194,765,0
765,328,1
408,765,0
427,765,0
432,765,0
487,765,0
507,765,0
765,531,1
603,765,0
634,765,0
635,765,0
637,765,0
660,765,0
690,765,0
765,700,1
732,765,0
747,765,0
765,959,1
765,963,1
1072,765,0
1094,765,0
765,1196,1
765,1415,1
765,1416,1
765,1441,1
765,1601,1
765,1629,1
765,1667,0
1724,765,0
1824,765,0
765,1836,1
765,1921,1
1955,765,0
765,2015,1
2035,765,0
2053,765,0
2293,765,0
765,2303,0
765,2385,1
2426,765,0
2453,765,0
765,2462,1
766,1082,0
767,346,1
767,459,1
767,520,1
767,563,1
767,577,1
767,843,1
767,844,1
767,925,1
767,981,1
767,1466,1
1537,767,0
767,1724,1
767,1965,1
2046,767,0
767,2184,0
768,793,0
768,1292,1
768,1607,0
768,2139,0
1,770,0
3,770,0
770,37,1
47,770,0
770,161,1
770,285,1
770,295,1
770,374,1
770,392,1
770,672,1
770,885,1
770,1055,1
770,1116,1
1130,770,0
770,1133,1
770,1134,1
770,1207,1
1321,770,0
770,1341,1
770,1442,1
1605,770,0
770,1642,1
770,1712,1
770,1822,1
1847,770,0
770,1888,1
770,1900,1
1977,770,0
2021,770,0
770,2074,1
770,2097,1
2121,770,0
770,2176,1
770,2272,1
2290,770,0
2354,770,0
770,2416,1
2417,770,0
771,1077,0
772,2284,0
773,1160,0
774,1799,0
775,63,1
775,99,1
105,775,0
775,213,1
775,239,1
775,290,1
775,293,1
775,299,1
775,355,1
775,480,1
775,806,0
833,775,0
775,939,1
775,1014,1
1094,775,0
1278,775,0
775,1311,1
775,1369,1
775,1380,0
775,1404,1
775,1405,1
775,1555,1
775,1585,1
775,1603,1
1705,775,0
1775,775,0
1868,775,0
775,2087,1
775,2149,1
2214,775,0
775,2320,1
775,2447,1
775,2452,1
2455,775,0
776,1770,1
776,1847,1
776,2156,1
997,777,0
777,1629,1
777,1874,1
777,2035,1
778,1208,0
778,1775,0
778,2160,0
778,2318,0
781,1712,0
782,2162,0
783,892,0
783,1147,0
783,1569,0
784,939,1
784,1425,1
784,1787,0
785,1198,0
785,1500,0
785,1932,0
785,2026,0
102,787,0
787,756,1
788,306,1
788,788,1
788,1244,1
1370,788,0
788,1415,1
788,2309,1
788,2378,0
789,1675,0
619,790,0
790,1576,0
790,1955,1
790,2384,0
791,841,0
791,1461,0
791,1596,0
791,1762,0
794,654,1
911,794,0
794,1010,0
1427,794,0
796,198,1
796,844,0
797,1756,0
797,2139,0
798,1843,0
798,2154,0
798,2199,0
801,834,0
801,1414,0
803,1006,0
803,1319,0
803,1620,0
803,2331,0
804,1421,0
805,399,1
805,843,0
805,1939,1
213,807,0
807,900,0
1381,807,0
807,1765,0
807,2377,0
808,841,0
808,1440,0
809,1730,0
810,1266,0
810,2072,0
810,2101,0
811,953,0
811,1795,0
813,512,1
813,654,1
813,660,1
813,788,1
793,813,0
902,813,0
813,1035,1
813,1246,1
813,1548,0
654,816,0
816,911,1
816,1153,0
816,1425,1
1427,816,0
816,1968,0
816,2369,0
818,458,1
498,818,0
818,821,0
818,1081,1
1115,818,0
818,1277,1
818,1660,0
818,1686,1
2096,818,0
818,2398,1
819,11,1
819,63,1
819,64,1
102,819,0
819,113,1
819,213,1
264,819,0
819,267,1
386,819,0
819,408,1
819,427,1
819,457,1
819,487,1
506,819,0
819,624,1
819,628,1
819,634,1
635,819,0
660,819,0
708,819,0
819,737,1
788,819,0
819,790,1
864,819,0
819,933,1
819,935,1
819,939,1
963,819,0
976,819,0
819,988,1
819,1072,1
819,1089,1
819,1094,1
819,1196,1
819,1237,1
819,1239,1
819,1307,1
1322,819,0
819,1351,1
819,1367,1
819,1373,1
1385,819,0
1415,819,0
819,1441,1
1466,819,0
819,1528,1
1581,819,0
819,1724,1
1748,819,0
819,1783,1
819,1836,1
1868,819,0
1912,819,0
1921,819,0
819,2003,1
819,2015,1
819,2035,1
2051,819,0
819,2053,1
2137,819,0
2183,819,0
819,2222,1
819,2244,1
819,2291,1
2317,819,0
819,2319,1
819,2320,1
819,2342,1
819,2368,1
819,2384,1
819,2393,1
819,2401,1
819,2409,1
819,2426,1
819,2435,1
819,2462,1
820,2305,0
820,2453,0
821,337,1
821,792,1
821,1452,0
821,1821,0
821,2304,0
822,1955,1
822,2035,1
2145,822,0
822,2338,0
823,43,1
823,328,1
823,491,1
823,532,1
823,840,1
1032,823,0
823,1215,1
823,1684,1
1705,823,0
823,1792,1
2093,823,0
2098,823,0
823,2128,1
824,2211,0
825,2083,0
826,90,1
826,131,1
826,243,1
826,369,1
408,826,0
826,476,1
632,826,0
826,635,1
826,672,1
826,718,1
826,781,1
826,809,1
833,826,0
826,885,1
826,935,1
939,826,0
826,972,1
826,991,1
997,826,0
826,1028,1
826,1042,1
1072,826,0
826,1126,1
1269,826,0
826,1305,1
826,1307,1
826,1321,1
826,1330,1
826,1392,1
826,1397,1
1407,826,0
826,1413,1
1488,826,0
826,1501,1
826,1541,1
826,1755,1
826,1821,1
826,1864,1
1892,826,0
826,1958,1
826,1974,1
826,1989,1
2011,826,0
826,2238,0
2325,826,0
826,2326,1
2327,826,0
826,2359,1
827,848,0
827,1570,0
827,2052,0
827,2129,0
828,2042,0
828,2368,0
829,2231,0
830,1078,0
830,2383,0
831,1183,0
831,1803,0
832,1220,1
832,1221,0
832,1933,1
835,211,1
835,952,1
835,1208,0
836,514,1
836,1315,1
836,1373,0
838,1633,0
838,2372,0
839,1085,1
841,454,1
841,939,0
2183,841,0
843,1642,0
843,1981,0
845,1621,0
845,2058,0
846,703,1
846,1405,1
846,1893,0
847,2371,0
851,1215,1
851,2288,0
853,1357,0
853,1606,0
854,1610,0
854,2240,1
855,2452,0
1321,856,0
856,1553,0
1773,856,0
856,1921,1
856,2406,1
857,1194,0
857,1476,0
858,2203,0
859,973,0
859,1846,0
860,1552,0
860,2037,0
860,2235,0
860,2237,0
861,1533,0
864,2253,0
865,857,1
1024,865,0
865,1371,1
865,1480,1
2059,865,0
865,2165,0
866,758,1
866,974,1
866,1564,0
867,1858,0
868,905,0
868,2444,0
869,624,1
870,35,1
870,45,1
51,870,0
119,870,0
870,167,1
870,213,1
870,248,1
391,870,0
870,398,1
870,399,1
476,870,0
870,500,1
870,508,1
870,635,1
690,870,0
870,727,1
870,871,1
870,889,1
870,907,1
939,870,0
870,970,1
870,1040,1
870,1049,1
870,1196,1
870,1311,1
870,1321,1
870,1327,1
870,1361,0
870,1364,0
870,1390,1
870,1404,1
1433,870,0
870,1490,1
1537,870,0
870,1577,1
870,1620,1
1694,870,0
1707,870,0
1714,870,0
1769,870,0
1779,870,0
870,1780,1
870,1834,1
870,1847,1
870,1926,1
870,2012,1
2016,870,0
2240,870,0
870,2261,1
870,2385,1
871,1172,0
873,64,1
873,879,0
873,1021,1
873,1432,0
873,1850,0
873,2055,1
873,2244,1
873,2291,1
873,2310,1
873,2317,1
873,2376,1
873,2384,1
2401,873,0
873,2409,1
875,2325,0
876,1230,0
876,1823,0
876,1989,0
878,1353,0
879,654,1
690,879,0
879,1860,0
880,939,1
880,1427,1
880,1749,0
880,1958,0
882,153,1
883,1544,0
884,1343,0
885,2077,0
885,2403,0
886,1042,0
886,1584,0
886,1684,0
886,1689,0
887,1340,0
887,1576,0
1779,887,0
887,1984,1
889,1941,0
399,890,0
1939,890,0
890,2276,0
892,1612,0
893,1212,0
1484,894,0
481,896,0
896,1284,0
897,1009,0
897,1098,0
898,2221,0
899,1471,0
900,1912,0
901,79,1
901,99,1
901,1071,0
901,1428,0
901,1512,0
901,1639,1
2171,901,0
901,2352,0
902,81,1
902,307,1
340,902,0
902,377,1
902,418,1
902,438,1
902,463,1
515,902,0
902,742,1
774,902,0
902,823,1
902,943,1
902,974,0
902,1049,1
902,1321,0
902,1461,1
902,1476,1
902,1808,1
902,1868,1
902,1922,1
902,2077,1
902,2242,1
902,2280,1
902,2348,1
902,2474,1
903,1037,0
903,2418,0
904,2040,0
906,30,1
906,562,1
842,906,0
906,1225,0
906,1486,0
1632,906,0
906,1663,0
906,2186,0
907,1474,0
907,1860,0
907,2129,0
809,908,0
908,999,0
908,1055,0
909,2369,1
910,1911,0
911,1497,0
911,2264,0
912,231,1
912,635,1
912,2369,0
914,573,1
914,2040,1
916,1484,0
917,3,1
917,346,1
917,1104,1
1301,917,0
917,1373,1
1800,917,0
917,1995,0
917,1996,1
917,2183,1
918,92,1
918,307,1
918,721,1
918,737,1
1182,918,0
918,1389,1
918,1415,1
918,1441,1
918,1550,1
1601,918,0
918,2053,1
918,2309,1
2385,918,0
169,919,0
1987,919,0
920,2008,0
920,2059,0
921,2254,0
923,2197,0
924,1894,0
925,1142,0
926,2006,0
927,1355,0
928,1588,0
928,1828,0
931,582,1
932,21,1
347,932,0
932,595,1
597,932,0
932,604,1
648,932,0
932,814,1
932,979,1
1009,932,0
1048,932,0
932,1073,1
932,1074,1
932,1230,1
932,1419,1
932,1585,1
932,1641,1
932,1754,0
932,1761,1
932,1906,1
1908,932,0
932,1909,1
932,2170,1
932,2171,1
932,2176,1
932,2178,1
2185,932,0
932,2248,1
932,2252,1
932,2336,1
933,99,1
659,933,0
933,696,1
933,1236,1
933,1607,0
933,1725,1
68,934,0
934,190,1
934,214,1
934,508,1
934,584,1
706,934,0
725,934,0
934,797,1
934,1215,1
934,1377,1
934,1565,0
1672,934,0
934,1675,0
934,1918,1
1969,934,0
2052,934,0
934,2202,1
2277,934,0
935,1814,0
413,937,0
937,510,1
719,937,0
937,883,1
937,1063,1
937,1615,0
937,2160,0
937,2175,1
938,45,1
938,567,1
938,904,1
1651,938,0
938,2345,1
939,1148,0
939,1936,0
940,1408,1
940,1448,1
940,1889,0
940,2081,0
941,1327,1
941,2412,0
983,942,0
942,1413,0
943,63,1
943,87,1
690,943,0
943,1083,1
1466,943,0
2154,943,0
2266,943,0
944,94,1
944,1490,1
1404,945,0
945,2159,0
947,1799,0
948,1822,0
951,116,1
951,258,1
413,951,0
951,430,1
951,512,1
951,581,1
660,951,0
951,700,1
951,779,1
951,872,1
951,889,1
951,920,1
951,939,1
1126,951,0
951,1176,1
1482,951,0
951,1741,1
1810,951,0
1811,951,0
951,1824,1
951,1839,1
951,1865,1
951,1925,1
951,2058,1
951,2078,0
951,2257,1
2347,951,0
2388,951,0
2399,951,0
952,1267,0
952,2070,0
952,2350,0
954,2316,0
955,381,1
505,955,0
955,1105,1
955,1176,1
955,1212,1
955,1270,1
955,1799,1
2123,955,0
2155,955,0
2188,955,0
2316,955,0
955,2440,1
956,102,1
956,1826,0
957,939,1
957,1454,0
957,1785,0
957,2271,0
958,2086,1
959,1201,0
960,102,1
960,535,1
960,1245,1
960,1311,1
960,1448,1
960,1708,0
960,1730,1
960,1831,0
311,961,0
961,526,1
961,1562,0
961,2445,0
963,11,1
963,452,1
963,457,1
963,860,1
963,1176,0
963,1196,1
1352,963,0
963,1713,1
1847,963,0
1925,963,0
1955,963,0
2435,963,0
964,1041,0
965,1300,0
965,1605,0
966,3,1
966,99,1
966,756,1
966,885,1
966,1277,1
966,1717,1
966,1825,1
966,1886,0
966,2102,0
2425,967,0
968,571,1
968,1864,0
2426,968,0
969,1317,0
970,1330,0
971,1763,0
972,1709,0
972,2259,0
973,546,1
973,635,1
759,973,0
973,929,1
973,1176,1
973,1962,1
973,2277,0
650,975,0
975,779,1
975,1000,0
975,1779,1
975,1815,1
976,1514,0
978,2328,0
980,216,1
811,980,0
953,980,0
1435,980,0
980,1620,1
1802,980,0
1980,980,0
980,2003,0
980,2153,0
980,2177,0
980,2269,1
980,2292,1
981,1252,0
981,1870,0
981,2236,0
982,1121,1
984,75,1
317,984,0
984,389,1
413,984,0
984,428,1
984,660,1
719,984,0
858,984,0
859,984,0
984,872,1
984,1007,1
984,1008,1
984,1044,1
1087,984,0
984,1217,1
984,1262,1
984,1424,1
984,1426,1
984,1428,1
1684,984,0
1839,984,0
984,1925,1
984,2060,1
984,2135,1
984,2157,1
2173,984,0
984,2204,1
2311,984,0
2363,984,0
2382,984,0
984,2388,1
984,2391,1
984,2396,1
984,2415,1
984,2420,1
985,1079,0
116,986,0
986,126,1
242,986,0
446,986,0
986,625,1
986,635,1
986,660,1
986,687,1
986,705,1
986,718,1
986,728,1
986,769,1
986,833,1
864,986,0
986,939,1
986,951,1
986,1064,1
986,1147,1
1168,986,0
986,1173,1
986,1219,1
1242,986,0
986,1251,1
986,1282,1
986,1351,1
986,1425,1
986,1569,0
1654,986,0
986,1885,1
1898,986,0
986,1921,1
986,2063,1
986,2064,1
986,2125,1
2456,986,0
987,2304,0
987,2315,0
74,989,0
989,264,1
989,292,1
299,989,0
989,439,1
989,565,1
989,635,1
989,687,1
833,989,0
870,989,0
989,1385,1
989,1868,1
989,2208,0
990,99,1
990,1010,0
1466,990,0
991,1017,0
991,1365,0
991,1549,0
992,1166,0
992,1870,0
992,2454,0
993,1128,0
993,1755,0
994,1452,0
1311,995,0
995,1401,0
996,2283,0
997,29,1
285,997,0
295,997,0
997,323,1
392,997,0
997,939,1
1055,997,0
997,1085,1
1116,997,0
1130,997,0
997,1134,1
997,1207,1
1341,997,0
997,1442,1
997,1513,0
1605,997,0
1642,997,0
997,1703,1
997,1712,1
1758,997,0
1822,997,0
2074,997,0
997,2097,1
997,2354,1
997,2417,1
998,1409,0
81,999,0
999,99,1
292,999,0
635,999,0
999,939,1
999,1296,0
999,1427,1
999,1868,1
1000,1006,0
1000,1785,0
1834,1000,0
1001,603,1
1001,1925,1
1001,2376,0
1001,2453,1
1003,700,1
1003,1190,0
1003,1773,0
1003,1824,1
1004,165,1
1004,399,1
1004,690,1
1004,1185,0
1004,1196,1
1004,1464,1
1004,1847,1
1004,2326,0
102,1006,0
105,1006,0
1006,131,1
1006,184,1
1006,267,1
1006,359,1
1006,408,1
1006,427,1
628,1006,0
1006,634,1
1006,635,1
690,1006,0
1006,900,1
1006,935,1
1006,939,1
1006,963,1
1006,1019,1
1006,1041,1
1072,1006,0
1006,1094,1
1006,1165,1
1006,1301,1
1006,1307,1
1006,1308,0
1006,1322,1
1351,1006,0
1006,1406,1
1006,1415,1
1416,1006,0
1006,1429,1
1006,1466,1
1006,1488,1
1006,1614,1
1006,1627,1
1724,1006,0
1006,1805,1
1006,1836,1
1006,1847,1
1006,1868,1
1006,1921,1
1006,1935,1
1992,1006,0
2007,1006,0
2015,1006,0
1006,2053,1
1006,2142,1
1006,2145,1
2293,1006,0
1006,2342,1
1006,2426,1
1006,2462,1
1007,2221,0
1009,1809,0
1009,2126,0
1010,1664,0
1010,2151,0
1011,45,1
438,1011,0
1011,554,1
1011,1045,0
1011,1981,1
700,1013,0
959,1013,0
1013,1179,0
1013,1196,1
1013,1847,1
1013,2249,1
1013,2276,1
2453,1013,0
1013,2469,1
1015,1015,1
1015,1675,0
1015,1698,0
1018,1848,0
1018,1897,0
1019,1416,0
1020,696,1
1020,2039,0
1020,2045,0
1021,1254,0
1022,430,1
1022,1256,0
1022,2071,0
1024,2050,0
1025,1104,0
1025,1612,0
1027,326,1
1027,625,1
1027,907,1
1027,1158,1
1027,2320,1
1028,1548,0
1029,3,1
287,1029,0
1029,811,1
1029,1148,0
1029,1178,1
1029,1913,0
1029,1921,1
1029,2032,1
2242,1029,0
1029,2274,1
1029,2326,1
1030,187,1
293,1030,0
1030,1064,0
1030,1427,1
1031,1673,1
1031,1958,0
1031,2264,0
2446,1031,0
1031,2471,1
1032,1507,0
1033,2000,0
1033,2120,0
1033,2316,0
1033,2353,0
1034,654,1
911,1034,0
1034,1425,1
1427,1034,0
1035,2028,0
1036,939,1
1036,2419,0
1038,1185,0
1038,1248,0
1038,2298,1
1039,1468,0
1040,1612,0
1040,1981,0
1042,1670,0
1042,2446,0
1043,1631,0
1043,2106,0
1044,1261,0
1044,1678,0
1045,1050,0
1045,1111,0
1045,1115,0
1045,1125,0
1046,1424,0
1047,1965,0
1048,2347,0
1049,1134,0
1049,2003,0
1050,11,1
1050,193,1
1050,213,1
1050,457,1
1050,635,1
718,1050,0
1050,781,1
1066,1050,0
1050,1182,1
1196,1050,0
1050,1255,1
1050,1352,1
1050,1457,0
1050,1613,1
1050,1925,1
1050,1999,1
1050,2115,1
2124,1050,0
1050,2406,1
2435,1050,0
1052,1212,0
1053,1884,1
1053,2329,0
1053,2455,0
1054,1277,0
1054,1537,0
1056,681,1
1058,41,1
99,1058,0
349,1058,0
385,1058,0
1058,690,1
1058,877,1
1058,891,1
1058,969,1
1014,1058,0
1058,1125,1
1058,1280,1
1058,1427,1
1058,1694,1
1058,2090,0
1058,2214,1
1059,1860,0
1060,1401,0
1060,1700,0
1060,2145,0
1063,2161,0
1064,2020,0
1065,1651,0
1065,2021,0
1066,11,1
213,1066,0
1066,214,1
242,1066,0
1066,268,1
1066,274,1
328,1066,0
1066,584,1
1066,625,1
660,1066,0
673,1066,0
674,1066,0
1066,878,1
994,1066,0
1066,1052,1
1066,1147,1
1066,1174,0
1205,1066,0
1066,1229,1
1066,1258,1
1066,1567,1
1661,1066,0
1664,1066,0
1066,1695,1
1066,1733,0
1066,1838,1
1066,1847,1
1941,1066,0
2057,1066,0
1066,2077,1
1066,2385,1
2435,1066,0
1066,2462,0
1067,1496,0
1068,1376,0
1069,1832,0
1070,1099,0
1070,1582,1
1070,1717,1
1070,1940,1
1072,1166,0
1072,2297,0
1073,1410,0
1073,2300,0
1074,1237,0
1076,1664,0
1077,116,1
1077,239,1
1077,300,1
1077,328,1
1077,343,1
364,1077,0
1077,611,1
631,1077,0
1077,1077,1
1077,1104,1
1077,1114,1
1077,1215,1
1077,1227,1
1273,1077,0
1077,1287,1
1077,1343,1
1077,1511,1
1594,1077,0
1077,1664,0
1077,1756,1
1077,1787,0
1077,1972,1
1077,2042,0
2044,1077,0
1077,2368,1
1077,2445,1
917,1078,0
1078,1425,1
1078,2144,1
1079,144,1
997,1079,0
1079,1296,0
1080,1724,0
213,1081,0
1081,286,1
400,1081,0
1081,408,1
430,1081,0
666,1081,0
1081,1149,1
2343,1081,0
1082,1749,0
1083,1508,0
1083,2275,0
1094,1084,0
1705,1084,0
1084,1772,1
1084,2127,0
1085,4,1
8,1085,0
1085,18,1
1085,73,1
1085,102,1
1085,182,1
1085,213,1
1085,224,1
259,1085,0
1085,287,1
327,1085,0
1085,354,1
408,1085,0
1085,412,1
1085,450,1
1085,478,1
535,1085,0
1085,624,1
634,1085,0
1085,635,1
676,1085,0
809,1085,0
828,1085,0
930,1085,0
1085,935,1
1085,1045,1
1046,1085,0
1167,1085,0
1189,1085,0
1085,1311,1
1085,1340,1
1085,1367,1
1085,1387,1
1085,1421,1
1423,1085,0
1481,1085,0
1085,1621,0
1085,1693,1
1726,1085,0
1085,1730,1
1085,1764,1
1085,1776,1
1085,1786,1
1790,1085,0
1085,1836,1
1085,1867,1
1085,1868,1
1085,1913,1
1085,1921,1
1085,1963,1
1997,1085,0
1085,2086,1
1085,2119,1
2126,1085,0
2232,1085,0
2238,1085,0
1085,2254,1
1085,2278,1
1085,2301,1
2323,1085,0
2342,1085,0
1085,2366,1
1085,2402,1
1086,1764,0
1087,1308,0
1089,63,1
1089,902,1
1090,144,1
628,1090,0
1090,997,1
1090,2010,1
1094,1833,0
1094,2049,0
1095,1564,0
1095,2365,0
1096,1866,0
1100,1566,0
1100,2457,0
1102,1186,0
1102,1376,0
1103,1356,0
1103,1770,0
1104,1297,0
1104,2338,0
1105,1367,0
1105,2090,0
1107,2176,0
1108,64,1
2055,1108,0
1108,2222,1
1108,2244,1
1108,2258,0
1108,2291,1
1108,2319,1
1108,2384,1
1108,2393,1
2401,1108,0
1109,1482,0
1112,2455,0
1113,2159,0
1113,2447,0
1114,1807,0
1115,1641,0
1116,1630,0
1116,2244,0
1117,1196,0
1118,1512,0
1119,1279,0
414,1120,0
1120,653,1
1120,1215,1
1121,38,1
1121,113,1
1121,884,1
912,1121,0
1121,1089,1
1121,1213,0
1121,2305,1
1122,2259,0
1123,146,1
1123,1050,1
1123,1425,1
1427,1123,0
2124,1123,0
1124,1708,0
1125,285,1
1125,667,1
1127,203,1
341,1127,0
399,1127,0
618,1127,0
690,1127,0
698,1127,0
1127,891,1
1035,1127,0
1127,1290,1
1127,1500,1
1127,1834,1
1127,2184,0
1129,2186,0
1131,2077,0
1131,2266,0
1134,1817,0
1134,2006,0
1135,1457,0
1137,2088,0
1138,95,1
1138,190,1
1138,725,1
1138,1181,1
1138,1316,1
1138,1672,1
1138,1702,1
1138,1969,1
1138,2052,1
2202,1138,0
1139,1981,0
1139,2037,0
1139,2272,0
1142,81,1
1142,117,1
148,1142,0
1142,157,1
1142,210,1
230,1142,0
1142,293,1
304,1142,0
388,1142,0
1142,472,1
1142,490,1
495,1142,0
614,1142,0
675,1142,0
1142,851,1
876,1142,0
1142,939,1
1142,971,1
1142,1096,1
1142,1140,1
1142,1187,0
1142,1311,1
1142,1666,0
1142,1716,1
1142,1760,1
1808,1142,0
1142,1958,0
1142,1959,1
2058,1142,0
1142,2237,1
1142,2278,0
1142,2288,1
1143,2191,0
1145,1566,0
1146,2465,0
1147,1241,0
1147,1864,0
1148,1599,0
1148,1789,0
1148,1975,0
1149,2168,0
672,1150,0
1150,1921,1
1152,249,1
1152,2230,1
1153,1206,0
1154,38,1
1154,547,1
1154,710,1
884,1154,0
912,1154,0
982,1154,0
1081,1154,0
1154,1089,1
1154,1128,1
1154,1190,0
1348,1154,0
1154,1415,1
1956,1154,0
1154,2051,1
1154,2396,0
1156,1520,0
1157,2149,0
1157,2328,0
1158,1727,0
1158,1886,0
1158,2407,0
27,1159,0
1159,100,1
134,1159,0
1159,293,1
1159,307,1
1159,309,1
1159,312,1
336,1159,0
1159,393,1
1159,412,1
1159,625,1
1159,635,1
1159,690,1
707,1159,0
795,1159,0
1159,823,1
840,1159,0
870,1159,0
1159,953,1
1159,962,1
1159,976,1
1159,1176,1
1159,1182,1
1159,1220,1
1159,1234,1
1159,1235,1
1365,1159,0
1385,1159,0
1159,1427,1
1159,1466,1
1159,1480,1
1159,1506,1
1159,1521,1
1159,1543,1
1159,1648,1
1159,1650,1
1159,1663,1
1159,1765,1
1159,1773,1
1847,1159,0
1159,1965,1
1999,1159,0
1159,2098,1
2353,1159,0
1159,2423,1
1160,29,1
1160,759,1
824,1160,0
1160,1058,1
1160,1174,1
1161,1235,0
1161,1916,0
1162,255,1
415,1162,0
761,1162,0
1162,861,1
1162,1267,1
1162,1406,1
1457,1162,0
1859,1162,0
1162,1883,1
2132,1162,0
1162,2274,1
2402,1162,0
2407,1162,0
2408,1162,0
1162,2412,0
1163,1427,1
1164,2454,0
1166,1889,0
1167,1188,0
1167,1330,0
1167,1413,0
1167,1697,0
1169,1516,0
1169,2069,0
1170,1611,0
1170,1742,0
1171,99,1
1171,1066,1
1171,1259,1
1171,1264,1
1171,1525,0
1543,1171,0
1171,1862,1
1172,1401,1
1172,1848,1
1173,1349,0
1174,1234,0
1175,2101,0
1176,1960,0
30,1177,0
339,1177,0
829,1177,0
1177,2129,0
1181,241,1
587,1181,0
1181,635,1
1181,939,1
1181,1202,1
1309,1181,0
1181,1316,1
1182,700,1
1183,1657,0
1183,2259,0
1184,1577,0
1184,1596,0
1184,2110,0
1185,1718,0
1185,2345,0
1186,891,1
2183,1186,0
1193,1727,0
815,1197,0
1197,1389,0
1197,1739,1
1198,619,1
1199,1484,0
1199,1694,1
1199,1792,0
1200,1599,0
1201,2278,0
1202,108,1
1202,128,1
1202,329,1
505,1202,0
1202,542,1
1202,707,1
1202,732,1
833,1202,0
881,1202,0
1202,1388,1
1202,1712,1
1202,1946,0
1203,433,1
1203,1443,1
1203,2052,0
1204,1631,0
1205,1658,0
1205,1677,0
1205,2138,0
1205,2228,0
1206,2009,0
1207,1397,0
1207,1750,0
1208,99,1
1208,122,1
171,1208,0
257,1208,0
1208,326,1
434,1208,0
1208,632,1
654,1208,0
1208,659,1
1208,667,1
759,1208,0
1208,939,1
959,1208,0
1208,1035,1
1208,1049,1
1208,1077,1
1208,1126,1
1208,1230,0
1208,1285,1
1208,1311,1
1208,1319,1
1208,1321,1
1338,1208,0
1629,1208,0
1643,1208,0
1208,1812,1
1208,1946,0
1208,2044,1
1208,2061,1
2081,1208,0
1208,2205,1
1208,2346,1
1209,700,1
1465,1209,0
1211,1589,0
1212,283,1
500,1212,0
1212,1239,1
1383,1212,0
1212,1601,1
1212,1697,1
1212,1842,1
1212,1942,0
1212,2090,0
1212,2127,1
2151,1212,0
1212,2309,1
1214,71,1
198,1214,0
1214,270,1
8,1215,0
1215,9,1
1215,40,1
1215,44,1
1215,253,1
279,1215,0
307,1215,0
367,1215,0
1215,378,1
1215,412,1
1215,485,1
1215,512,1
1215,518,1
1215,522,1
1215,546,1
1215,591,1
1215,633,1
1215,635,1
1215,690,1
1215,744,1
759,1215,0
1215,800,1
801,1215,0
1215,809,1
833,1215,0
1215,843,1
891,1215,0
1215,922,1
1215,929,1
1215,977,1
1119,1215,0
1215,1143,1
1215,1175,1
1215,1176,1
1215,1179,1
1198,1215,0
1315,1215,0
1215,1341,0
1215,1431,1
1215,1432,1
1215,1466,1
1529,1215,0
1530,1215,0
1215,1553,1
1215,1569,1
1576,1215,0
1215,1602,1
1706,1215,0
1724,1215,0
1215,1729,1
1215,1746,1
1215,1847,1
1215,1896,1
1215,1899,1
1901,1215,0
1215,1962,1
1965,1215,0
1966,1215,0
1986,1215,0
1215,2014,0
2236,1215,0
1215,2237,1
1215,2238,1
1215,2276,1
1215,2330,1
1215,2332,1
1215,2333,1
1215,2334,1
2340,1215,0
1215,2347,1
2378,1215,0
2379,1215,0
1215,2422,1
1217,1963,0
1217,2072,0
1218,531,1
624,1218,0
1219,1940,0
65,1220,0
1220,99,1
1220,129,1
237,1220,0
1220,290,1
303,1220,0
412,1220,0
1220,450,1
1220,469,1
1220,605,1
1220,704,1
710,1220,0
1220,745,1
1220,1345,1
1220,1349,1
1385,1220,0
1511,1220,0
1220,1877,1
1220,1921,1
1220,2047,1
1220,2163,1
1220,2268,1
1221,508,1
1221,1024,1
1222,843,1
1222,2092,0
1222,2410,1
355,1223,0
1223,585,1
1223,1461,1
1223,1552,1
1853,1223,0
2263,1223,0
1223,2289,1
2373,1223,0
1224,1284,0
1225,47,1
99,1225,0
136,1225,0
1225,153,1
213,1225,0
1225,1110,1
1213,1225,0
1675,1225,0
1895,1225,0
1225,1960,0
1226,512,1
1226,1252,0
1226,1295,0
1228,1429,0
1465,1228,0
1228,1731,0
1229,2006,0
1230,1473,0
1231,63,1
215,1231,0
1231,269,1
326,1231,0
1231,433,1
1231,470,1
1231,563,1
1231,620,1
1231,635,1
687,1231,0
1231,758,1
1231,974,1
1231,1215,1
1298,1231,0
1591,1231,0
1231,1820,1
1231,2081,1
1232,1395,0
1232,1407,0
1233,1480,0
1233,2270,0
1234,1816,0
1234,1991,0
1235,2431,0
1236,1745,0
1236,2452,0
1239,1346,0
1239,2264,0
1240,2224,0
1241,2373,0
1243,1288,0
1244,2333,0
1245,2429,0
1245,2460,0
1246,1794,0
1246,2050,0
1247,2256,0
1249,1964,0
1249,2157,0
1250,2388,0
1252,340,1
1252,2396,0
126,1253,0
1253,214,1
274,1253,0
361,1253,0
1253,625,1
635,1253,0
1253,660,1
687,1253,0
728,1253,0
1253,833,1
872,1253,0
1253,939,1
1253,1064,1
1215,1253,0
1253,1351,1
1253,1519,0
1253,1885,1
1253,1898,1
1253,1913,1
1253,1921,1
2063,1253,0
1253,2068,1
2125,1253,0
1253,2225,1
1253,2227,0
1253,2456,1
1254,334,1
1254,1428,0
1973,1254,0
1257,2166,0
1259,1855,0
1259,2142,0
1260,1573,0
1260,1817,0
1261,1406,0
1261,1862,0
1262,1539,0
1263,1827,0
1264,63,1
1264,282,1
1264,326,1
1264,333,1
470,1264,0
479,1264,0
1264,638,1
669,1264,0
687,1264,0
1264,833,1
1215,1264,0
1264,1230,1
1264,1298,1
1264,1728,1
1264,1790,0
1820,1264,0
1264,1987,1
2035,1264,0
2183,1264,0
2266,1264,0
1264,2364,1
1265,1666,0
1265,1832,0
1266,1928,0
1267,1901,0
519,1268,0
1268,745,1
1268,939,1
1268,1445,1
1682,1268,0
1269,1864,0
1270,2231,0
1272,1455,0
1274,591,1
1274,1021,1
1274,1294,1
1779,1274,0
1275,2143,0
1276,1521,0
1277,415,1
1277,571,1
1277,788,1
1277,1657,1
1277,2426,1
1278,1695,0
1278,1697,0
1279,2007,0
1279,2161,0
34,1280,0
47,1280,0
1280,245,1
266,1280,0
1280,681,1
1280,690,1
1280,801,1
1280,846,1
1280,939,1
1280,1094,1
1280,1118,1
1280,1215,1
1280,1280,1
1280,1646,0
1280,1868,1
1280,1930,0
1280,2235,0
2284,1280,0
2383,1280,0
1281,1641,0
1281,2376,0
1282,21,1
1282,275,1
1282,347,1
1282,563,1
1282,595,1
1282,597,1
1282,939,1
1282,979,1
1282,1009,1
1074,1282,0
1282,1077,1
1282,1215,1
1278,1282,0
1416,1282,0
1585,1282,0
1641,1282,0
1282,1794,1
1902,1282,0
1282,1903,1
1904,1282,0
1282,1905,1
1921,1282,0
1975,1282,0
1282,2170,1
1282,2176,1
1282,2178,1
2248,1282,0
1282,2252,1
1282,2336,1
1282,2337,1
1629,1283,0
1283,1853,0
1283,1992,1
99,1284,0
1285,1651,0
1285,2383,0
1286,1568,1
1287,1733,0
1287,1805,0
1287,2131,0
21,1288,0
275,1288,0
595,1288,0
1288,597,1
1288,604,1
1288,648,1
1288,814,1
1288,979,1
1288,1009,1
1073,1288,0
1288,1074,1
1077,1288,0
1419,1288,0
1288,1585,1
1288,1794,1
1834,1288,0
1288,1903,1
1904,1288,0
1908,1288,0
1909,1288,0
1921,1288,0
1288,1975,1
1288,2126,0
2170,1288,0
2178,1288,0
1288,2185,1
2248,1288,0
2252,1288,0
2336,1288,0
2337,1288,0
1290,2399,0
1291,1432,0
1292,149,1
1292,304,1
343,1292,0
1292,394,1
1292,631,1
635,1292,0
1292,822,1
1292,889,1
1292,893,1
1292,918,1
1292,939,1
1077,1292,0
1292,1104,1
1292,1215,1
1287,1292,0
1292,1384,1
1292,1404,1
1292,1523,1
1688,1292,0
1925,1292,0
1292,1972,1
2090,1292,0
1295,2022,0
1296,2082,0
1299,1963,0
269,1300,0
1300,823,1
1300,1441,0
2368,1300,0
1301,2450,0
1302,700,1
1302,779,1
1302,959,1
1302,1024,1
1302,1445,1
1302,1690,1
1302,1723,1
1302,2242,1
1303,2047,0
1303,2398,0
1304,63,1
340,1304,0
1304,927,1
1304,1405,1
1304,1526,0
1304,1834,1
1305,1633,1
1305,1998,0
1305,2276,0
1306,625,1
1308,1768,0
1308,2245,0
1308,2319,0
1308,2339,0
526,1309,0
907,1309,0
1309,1291,1
1309,1441,1
1310,1747,0
1311,7,1
1311,47,1
1311,80,1
1311,88,1
97,1311,0
1311,101,1
1311,106,1
109,1311,0
1311,149,1
1311,155,1
179,1311,0
186,1311,0
1311,223,1
1311,253,1
1311,262,1
1311,269,1
1311,279,1
285,1311,0
1311,290,1
1311,304,1
1311,326,1
1311,332,1
1311,358,1
369,1311,0
1311,415,1
459,1311,0
1311,471,1
1311,493,1
1311,494,1
1311,496,1
1311,503,1
1311,553,1
554,1311,0
563,1311,0
1311,629,1
1311,635,1
1311,653,1
1311,654,1
1311,683,1
1311,690,1
1311,701,1
1311,714,1
1311,735,1
736,1311,0
1311,781,1
1311,800,1
1311,814,1
1311,838,1
855,1311,0
1311,862,1
1311,874,1
1311,892,1
1311,920,1
1311,997,1
1311,1033,1
1311,1039,1
1042,1311,0
1311,1049,1
1311,1057,1
1311,1058,1
1311,1069,1
1078,1311,0
1311,1088,1
1311,1098,1
1150,1311,0
1311,1182,1
1311,1236,1
1259,1311,0
1311,1292,1
1310,1311,0
1311,1315,1
1311,1329,1
1311,1342,1
1311,1351,1
1311,1404,1
1405,1311,0
1311,1439,1
1311,1447,1
1454,1311,0
1311,1455,1
1311,1471,1
1541,1311,0
1311,1592,1
1311,1603,1
1311,1629,1
1311,1653,1
1665,1311,0
1311,1677,1
1311,1691,1
1311,1700,1
1311,1729,1
1744,1311,0
1760,1311,0
1311,1773,1
1798,1311,0
1311,1802,1
1311,1812,1
1311,1819,1
1865,1311,0
1311,1873,1
1311,1887,1
1311,1913,1
1311,1921,1
1311,1924,1
1926,1311,0
1946,1311,0
2005,1311,0
1311,2019,1
2032,1311,0
1311,2034,1
1311,2067,1
2085,1311,0
1311,2087,0
2113,1311,0
2130,1311,0
1311,2147,0
1311,2221,1
2231,1311,0
2238,1311,0
1311,2299,1
1311,2303,1
1311,2345,1
1311,2353,1
1311,2406,1
1312,939,1
51,1313,0
1302,1313,0
1350,1313,0
1313,1658,0
1313,1873,1
100,1314,0
1314,116,1
188,1314,0
1314,254,1
1314,355,1
361,1314,0
1314,433,1
637,1314,0
974,1314,0
1314,1398,0
1314,1425,1
1621,1314,0
1314,1679,1
1747,1314,0
1314,1828,0
1934,1314,0
1314,2466,1
1315,1792,0
1317,603,1
1317,679,1
923,1317,0
1317,928,1
1317,1293,1
1317,1441,1
1317,1534,0
1317,1547,1
1317,1611,1
1317,1618,1
1317,2161,1
1317,2220,1
1319,1347,0
1319,2330,0
1321,1661,0
1321,1870,0
1321,1912,0
1322,2253,0
1323,1275,1
1324,1419,0
1324,1866,0
1324,2167,0
1325,1414,0
1327,1991,0
1328,2100,0
1330,1465,0
1332,300,1
1332,605,1
1086,1332,0
1332,1239,1
1415,1332,0
1332,1441,1
1332,1503,1
1332,1859,0
1332,2075,1
2224,1332,0
1332,2308,1
2309,1332,0
47,1334,0
1334,1092,1
1334,1428,0
1334,1946,0
1336,1603,0
1337,1575,0
1337,1882,1
1338,1605,0
1338,2006,0
1339,78,1
1339,116,1
1339,139,1
1339,163,1
182,1339,0
1339,364,1
1339,408,1
1339,411,1
1339,478,1
624,1339,0
634,1339,0
1339,636,1
1339,637,1
717,1339,0
1339,741,1
773,1339,0
791,1339,0
1339,817,1
886,1339,0
1339,930,1
1339,935,1
1339,1045,1
1339,1046,1
1339,1135,1
1339,1153,1
1339,1167,1
1339,1189,1
1339,1303,1
1387,1339,0
1339,1522,1
1339,1535,1
1561,1339,0
1339,1615,1
1655,1339,0
1339,1726,1
1764,1339,0
1786,1339,0
1339,1790,1
1339,1793,1
1836,1339,0
1867,1339,0
1963,1339,0
1339,1997,1
1339,2065,1
2076,1339,0
2180,1339,0
1339,2238,1
1339,2254,1
1339,2301,1
2366,1339,0
1340,63,1
625,1340,0
1340,635,1
1340,644,1
706,1340,0
761,1340,0
781,1340,0
1340,902,1
1340,1580,1
1340,1668,0
1340,1713,0
1920,1340,0
1340,2361,1
1342,1344,0
1343,2404,1
1344,1614,0
1344,1663,0
1345,1077,1
1345,2021,0
1345,2338,0
1346,79,1
1346,99,1
690,1346,0
1346,750,1
1346,1965,1
1347,1507,0
1348,673,1
1348,1258,1
1348,2180,0
1350,1508,0
1351,1986,0
1351,2409,0
64,1353,0
1353,1705,1
1353,2055,1
2222,1353,0
1353,2291,1
1353,2317,1
1353,2319,1
1353,2320,1
1353,2376,1
2393,1353,0
1353,2409,1
1355,29,1
1355,203,1
1355,221,1
1355,339,1
1355,341,1
399,1355,0
448,1355,0
1355,512,1
577,1355,0
1355,599,1
654,1355,0
1355,661,1
1355,664,1
1355,690,1
1355,800,1
857,1355,0
939,1355,0
1048,1355,0
1355,1143,1
1355,1243,1
1355,1265,1
1355,1293,1
1355,1318,1
1355,1458,1
1510,1355,0
1355,1529,1
1355,1576,1
1355,1602,1
1868,1355,0
1879,1355,0
1921,1355,0
1355,1993,1
1355,2035,1
1355,2203,1
1355,2306,0
1358,1469,0
1358,1941,0
1358,1980,1
1359,102,1
1359,408,1
1359,427,1
628,1359,0
1359,634,1
1359,690,1
1359,737,1
1359,864,1
1359,900,1
1359,963,1
1359,1072,1
1359,1307,1
1359,1351,1
1383,1359,0
1416,1359,0
1359,1441,1
1359,1466,1
1359,1488,1
1359,1601,1
1359,1836,1
1868,1359,0
1359,1921,1
1359,1965,1
2053,1359,0
1359,2183,1
1359,2342,1
1359,2426,1
1359,2462,1
1158,1360,0
1361,2189,0
1362,1373,0
1362,1402,0
1363,1928,0
1363,2227,0
1364,1392,0
1364,1411,0
1365,79,1
1365,563,1
1365,1091,1
1365,1278,1
1365,1797,0
1921,1365,0
1365,2039,1
1365,2044,1
1365,2184,0
1366,1794,0
1366,2267,0
1367,2369,0
1368,1877,0
1369,1475,0
1369,2006,0
1663,1371,0
1372,2072,0
1374,1984,0
1376,1410,0
1377,1274,1
539,1378,0
1378,1842,0
1378,2057,0
1379,1835,0
1380,399,1
1380,2110,0
1381,23,1
293,1381,0
537,1381,0
559,1381,0
1381,603,1
619,1381,0
1381,645,1
1381,1236,1
1473,1381,0
1600,1381,0
1381,1614,1
1381,1778,1
1846,1381,0
1913,1381,0
1381,1999,1
1381,2404,1
1381,2459,0
1382,1830,0
1383,1724,0
1385,1742,0
1386,2131,0
1388,2402,0
1388,2427,0
1390,2380,0
1391,1907,0
1393,399,1
1939,1393,0
1394,2288,0
1395,1983,0
1395,2027,0
1396,206,1
370,1396,0
1396,619,1
1396,913,1
1396,1113,1
1122,1396,0
1396,1347,1
1396,1436,0
1450,1396,0
1953,1396,0
1399,1509,0
1400,654,1
939,1400,0
1847,1400,0
1400,2212,0
102,1403,0
1403,133,1
1403,189,1
1403,408,1
602,1403,0
1403,624,1
628,1403,0
634,1403,0
635,1403,0
1403,690,1
1403,716,1
1403,729,1
1403,737,1
743,1403,0
1403,900,1
1403,935,1
1403,963,1
1072,1403,0
1403,1232,1
1307,1403,0
1322,1403,0
1403,1351,1
1403,1383,1
1403,1415,1
1403,1416,1
1403,1441,1
1403,1488,1
1403,1495,1
1403,1513,1
1403,1545,1
1403,1601,1
1403,1711,1
1724,1403,0
1403,1783,1
1403,1836,1
1868,1403,0
1403,1912,1
1403,1921,1
1403,2015,1
1403,2035,1
1403,2293,1
1403,2342,1
1403,2359,0
2411,1403,0
1408,1625,0
1408,1818,0
1408,1931,0
1409,939,1
1409,1834,1
1409,2007,0
1410,2144,0
1411,107,1
1411,870,1
1539,1411,0
1411,1899,1
1411,1999,1
1411,2350,0
1411,2447,1
1412,1852,0
1413,2310,0
1414,2383,0
1415,1959,0
1416,1724,0
1416,2051,0
1416,2329,0
1417,2331,1
1418,2197,0
939,1422,0
1422,1439,0
1422,2005,0
1422,2281,1
1424,1887,0
1425,2275,0
1426,1467,0
1426,1756,0
1428,1583,0
1428,2190,0
1428,2431,0
1429,1765,0
1430,1973,0
1430,2441,0
1432,1776,0
1434,1919,0
1434,2342,0
95,1435,0
1435,190,1
1377,1435,0
1435,1463,0
1702,1435,0
1435,1719,0
1969,1435,0
1435,2052,1
1435,2202,1
2277,1435,0
1435,2465,0
1436,99,1
1436,281,1
718,1436,0
848,1436,0
1436,1514,1
1436,1848,1
1436,2118,1
2331,1436,0
1993,1437,0
629,1438,0
1438,632,1
1438,672,1
1438,1645,0
1438,1724,0
1438,1958,1
1438,2326,1
63,1439,0
1439,283,1
1439,470,1
1439,638,1
669,1439,0
1439,684,1
687,1439,0
833,1439,0
1215,1439,0
1439,1230,1
1298,1439,0
1439,1546,0
1820,1439,0
1999,1439,0
1439,2104,0
2183,1439,0
1441,1947,0
1442,2430,0
1443,1711,0
1443,2141,0
1444,1715,0
1444,1962,0
1445,1690,0
8,1450,0
80,1450,0
207,1450,0
1450,653,1
1450,690,1
1450,855,1
1450,877,1
1450,1418,1
1450,1921,1
1450,2149,1
1450,2260,0
1450,2349,0
1450,2356,1
1451,1985,0
1452,99,1
1452,1886,1
1454,1703,0
1455,1590,0
1457,1721,0
1457,1736,0
1457,2346,0
1459,99,1
1459,153,1
1459,2316,1
1460,1620,0
1462,2142,0
1464,1702,0
1465,2194,0
90,1469,0
131,1469,0
1469,369,1
1469,408,1
1469,634,1
1469,635,1
1469,654,1
1469,672,1
718,1469,0
1469,781,1
1469,809,1
833,1469,0
870,1469,0
1469,885,1
1469,889,1
972,1469,0
997,1469,0
1028,1469,0
1469,1042,1
1469,1060,1
1469,1072,1
1469,1080,1
1469,1126,1
1469,1196,1
1469,1263,1
1469,1269,1
1469,1307,1
1469,1330,1
1469,1397,1
1469,1407,1
1469,1413,1
1469,1425,1
1469,1450,1
1469,1501,1
1469,1541,1
1469,1574,1
1469,1605,0
1722,1469,0
1755,1469,0
1469,1767,1
1821,1469,0
1834,1469,0
1469,1836,1
1469,1864,1
1469,2011,1
1469,2342,1
1472,399,1
1472,635,1
1472,1170,1
1472,1202,1
1215,1472,0
1472,1553,0
1472,1567,1
1472,1802,1
1472,1947,0
1472,1980,1
1472,2292,1
1473,1974,0
1474,265,1
1474,635,1
1474,1546,0
61,1475,0
1475,191,1
1475,376,1
1475,413,1
437,1475,0
527,1475,0
1475,655,1
1475,685,1
1475,824,1
1475,1025,1
1475,1095,1
1475,1119,1
1475,1233,1
1475,1336,1
1475,1404,1
1475,1462,1
1475,1598,1
1475,1604,0
1475,1644,1
1475,1766,1
1475,1813,1
1475,2427,0
1477,2245,0
1477,2327,0
1480,312,1
1480,449,1
653,1480,0
1480,1205,1
1480,1272,1
1480,1405,1
1480,1480,1
1480,1543,1
1480,1551,1
1650,1480,0
1480,1691,1
1851,1480,0
1480,2219,0
1480,2238,1
1480,2349,1
1483,1565,0
1483,1881,0
265,1485,0
213,1486,0
954,1486,0
1486,1559,0
1488,1496,0
1488,2302,0
1489,2267,0
1490,2465,0
1491,63,1
1491,326,1
1491,638,1
1491,669,1
687,1491,0
1491,833,1
1491,1215,1
1298,1491,0
1820,1491,0
1491,1999,1
1491,2035,1
1491,2183,1
1492,628,1
1492,1684,0
1493,1987,0
1494,2063,0
1496,415,1
1496,535,1
373,1498,0
1498,1050,1
1498,1446,1
1500,1880,0
1501,1649,0
1502,2458,0
834,1503,0
1503,2053,1
2238,1503,0
1504,2112,0
1504,2410,0
269,1505,0
1505,304,1
1505,939,1
1505,1311,1
1505,1688,1
1506,1703,0
1506,1704,0
1506,1901,0
1506,2330,0
1506,2421,0
1118,1507,0
1510,1984,0
1511,1648,0
1512,2088,0
1514,1566,0
1514,1822,0
1509,1515,0
1516,1731,0
1516,1776,0
1517,2063,0
560,1519,0
1519,1477,1
1519,1540,1
1520,245,1
351,1520,0
1520,563,1
812,1520,0
1520,939,1
1520,1404,1
1520,1533,1
1521,2212,0
1522,2174,0
1525,1710,0
1525,1897,0
1525,1956,0
386,1526,0
1526,1707,0
2238,1526,0
1528,1771,0
1531,29,1
1531,646,1
1531,700,1
959,1531,0
1531,1221,1
1468,1531,0
1531,1664,1
1531,1824,1
2385,1531,0
1533,1756,0
1534,2232,0
1534,2257,0
1534,2394,0
1537,1967,0
1542,635,1
2122,1542,0
1542,2226,0
1543,79,1
1543,276,1
1543,294,1
1543,328,1
350,1543,0
1543,353,1
1543,575,1
1543,644,1
829,1543,0
1543,891,1
1219,1543,0
1259,1543,0
1543,1543,1
1543,1754,1
1543,1847,1
98,1544,0
1544,328,1
341,1544,0
1544,600,1
1544,707,1
908,1544,0
1544,1170,1
1544,1182,1
1544,1480,1
1544,1543,1
1544,1695,1
1765,1544,0
1544,1847,1
1544,1999,1
1544,2098,1
1546,102,1
1546,408,1
1546,635,1
1546,690,1
1546,737,1
1546,763,1
864,1546,0
1546,900,1
1546,935,1
1546,939,1
1072,1546,0
1546,1307,1
1546,1322,1
1546,1415,1
1546,1416,1
1441,1546,0
1546,1601,1
1546,1620,0
1546,1653,0
1546,1724,1
1546,1836,1
1546,1847,1
1912,1546,0
1546,1921,1
1965,1546,0
1546,2035,1
1546,2183,1
2293,1546,0
2426,1546,0
2462,1546,0
1548,1556,0
755,1549,0
1550,1665,0
1550,1683,0
1550,2162,0
1550,2164,0
1551,1872,0
1552,1909,0
1552,2039,0
1552,2260,0
1552,2386,0
1553,1876,0
1554,1755,0
1554,2001,0
1554,2180,0
1555,2099,0
1556,1987,0
1558,870,1
1558,908,1
1558,1764,0
1558,1868,1
1559,213,1
1559,346,1
1559,386,1
1559,520,1
1559,523,1
1559,583,1
636,1559,0
1559,686,1
1559,814,1
891,1559,0
910,1559,0
1559,966,1
1559,1054,1
1559,1183,1
1559,1293,1
1331,1559,0
1630,1559,0
1559,1663,1
1559,1717,1
1762,1559,0
1559,2012,0
1559,2026,1
1559,2058,1
1559,2095,1
1559,2111,1
1559,2279,1
1559,2447,0
1560,1995,0
1560,2209,0
1561,2103,0
1562,2012,0
1564,1841,0
1564,1991,1
1564,2187,0
1565,1607,0
1566,2240,1
1566,2270,0
19,1568,0
169,1568,0
1568,292,1
1568,625,1
1568,964,1
1568,1083,1
1102,1568,0
1568,1448,1
1682,1568,0
1694,1568,0
1568,1715,1
1568,1843,0
1568,1972,1
1976,1568,0
1568,2138,1
1568,2469,1
1570,1868,0
1572,1688,1
1572,1921,1
1573,2051,0
1574,1888,0
1327,1575,0
1575,2304,0
1576,2146,0
1577,1792,0
1578,47,1
1578,1278,1
1578,1799,0
1578,2087,1
1579,2047,0
1580,1734,0
1242,1581,0
1583,2174,0
1585,1754,0
1586,441,1
665,1586,0
1588,1847,1
1590,2081,0
1591,1960,0
1593,2055,0
1596,2060,0
1596,2125,1
408,1597,0
1597,628,1
634,1597,0
1597,1072,1
1597,1307,1
1597,2342,1
1597,2462,1
1598,2391,0
1603,1723,0
1604,1834,1
1604,2216,0
1604,2235,0
23,1606,0
190,1606,0
584,1606,0
1606,706,1
725,1606,0
1606,870,1
1181,1606,0
1377,1606,0
1672,1606,0
1702,1606,0
1606,1969,1
2052,1606,0
2202,1606,0
2277,1606,0
1606,2408,0
1607,1726,0
1607,1838,0
1608,1847,1
1608,1900,0
1608,2310,0
1609,546,1
1609,619,1
1609,1215,1
1459,1609,0
1609,1819,1
1609,1970,1
2035,1609,0
2183,1609,0
1609,2443,1
1610,2029,0
1610,2395,0
1611,1993,0
1612,1741,0
1613,1780,0
1614,1955,0
1616,619,1
823,1616,0
1018,1616,0
1616,1142,1
1616,1543,1
1616,1699,0
1616,1991,0
1616,2462,0
144,1617,0
628,1617,0
1764,1617,0
2010,1617,0
1617,2248,0
1618,2300,0
1619,2402,0
1621,1628,0
1622,2340,0
1623,939,1
1624,2457,0
304,1625,0
1625,647,1
1626,1894,0
1628,1701,0
1629,28,1
32,1629,0
1629,195,1
660,1629,0
1629,974,1
1629,1040,1
1629,1049,1
1629,1574,1
1992,1629,0
1631,32,1
74,1631,0
1631,603,1
1631,672,1
1631,822,1
939,1631,0
1631,959,1
1631,1147,1
1631,1287,1
1565,1631,0
1631,1993,0
1632,571,1
1632,881,1
2426,1632,0
1634,1497,1
1634,1896,0
1637,216,1
591,1637,0
1637,2148,1
1638,1769,0
1639,2370,0
1640,2156,0
1640,2399,0
1645,385,1
1645,412,1
1645,1820,0
1645,1848,1
1645,1875,1
1645,2136,0
2405,1645,0
1646,2053,0
1647,1736,0
1647,2208,0
1648,1797,0
1648,1995,0
1650,1898,0
673,1652,0
810,1652,0
1652,1205,1
1653,328,1
1653,1215,1
1653,2128,1
1658,1903,0
1660,1893,0
1661,1754,0
1666,2378,0
1667,2096,0
1668,2223,0
1670,79,1
1460,1670,0
1670,1917,0
1670,2124,1
1670,2310,1
1671,1613,1
1671,1673,1
1671,1747,0
1671,1856,0
2446,1671,0
1672,1215,1
1316,1672,0
1672,1769,0
1672,1834,1
1673,2184,0
1675,1746,0
1675,2457,0
1676,1677,0
1678,2013,0
574,1679,0
1679,1264,1
1679,1933,1
1680,1738,1
1680,2385,1
1681,924,1
1681,1731,1
1681,1838,0
1681,1993,1
1682,1884,0
1682,2250,0
1683,2347,0
1684,2103,0
1685,1924,0
1686,2021,0
1689,2212,0
1690,2373,0
1692,690,1
1692,847,1
1692,902,1
1420,1692,0
1693,2357,0
1696,2233,0
1696,2452,0
1697,1234,1
1699,1955,0
1700,92,1
176,1700,0
1700,196,1
1700,380,1
1700,690,1
796,1700,0
1700,1005,1
1700,1126,1
1700,1195,1
1467,1700,0
1700,2015,0
1700,2105,1
1700,2225,1
1700,2298,0
1700,2429,0
1701,187,1
1701,1986,0
1702,241,1
1702,813,1
1005,1702,0
1702,1202,1
1702,1215,1
1702,2273,1
1704,2441,0
1709,415,1
1709,713,1
2112,1709,0
1709,2379,0
1710,269,1
1710,383,1
1711,2053,0
1712,2342,0
1713,2193,0
1716,2228,0
1718,889,1
1718,959,1
1719,300,1
1719,605,1
1719,1239,1
1719,1415,1
1719,2075,1
1719,2308,1
2309,1719,0
2324,1719,0
1722,1850,0
1723,1911,0
1723,2334,0
1724,1895,0
1725,1727,0
1725,2242,0
1725,2289,0
1728,1939,0
1730,1735,0
1731,739,1
1732,2012,0
3,1733,0
213,1733,0
1733,255,1
1733,315,1
1733,325,1
1733,464,1
1733,693,1
761,1733,0
1733,861,1
1131,1733,0
1733,1405,1
1733,1583,1
1733,1704,1
1820,1733,0
1733,2020,1
2299,1733,0
1733,2407,1
2408,1733,0
1734,30,1
1734,244,1
1734,1263,1
1734,1799,1
2446,1734,0
1736,2058,0
1737,2066,0
1737,2241,0
1738,273,1
1738,2333,0
1739,2416,0
1744,430,1
1744,2359,0
1745,2178,0
1746,681,1
1746,1748,0
1746,1860,1
1746,2080,0
1746,2168,0
1746,2318,1
1748,2389,0
1749,706,1
1233,1750,0
1750,2103,0
1751,296,1
1751,1717,1
1751,1933,0
1752,1856,0
1753,1660,1
1755,1924,0
1755,2241,0
1534,1757,0
1607,1757,0
1758,2028,0
1758,2400,0
1759,213,1
635,1759,0
1759,989,1
1759,2035,1
1760,2226,0
1769,119,1
1769,1836,0
25,1770,0
32,1770,0
126,1770,0
1770,176,1
213,1770,0
1770,242,1
1770,335,1
1770,467,1
584,1770,0
608,1770,0
1770,635,1
1770,687,1
1770,743,1
1770,751,1
1770,820,1
833,1770,0
1052,1770,0
1770,1064,1
1770,1147,1
1770,1205,1
1209,1770,0
1770,1224,1
1770,1351,1
1770,1612,1
1770,1705,1
1770,1868,1
1770,1885,1
1770,1913,1
1770,1921,1
1770,1932,1
2140,1770,0
1770,2346,0
1771,116,1
1771,144,1
1771,188,1
1771,270,1
309,1771,0
1771,355,1
361,1771,0
1771,433,1
520,1771,0
563,1771,0
1771,637,1
1771,833,1
1771,1156,1
1771,1348,1
1425,1771,0
1441,1771,0
1771,1679,1
1771,1691,1
1705,1771,0
1771,1790,1
1817,1771,0
1771,1822,0
1771,1832,1
1771,2010,1
1771,2086,0
1771,2189,1
1771,2200,1
1771,2267,1
635,1773,0
1773,1633,1
1773,1834,1
1773,1868,1
1659,1774,0
1774,2090,0
1775,2455,0
258,1777,0
1777,300,1
412,1777,0
1777,846,1
1777,2398,0
1778,2169,0
1780,1901,0
1782,654,1
1782,1425,1
1427,1782,0
1782,1833,0
1783,2334,0
1785,2249,0
220,1787,0
1789,2451,0
1796,1389,1
1796,2099,0
1798,2165,0
79,1802,0
1802,228,1
1802,283,1
635,1802,0
1802,687,1
690,1802,0
1802,819,1
833,1802,0
1215,1802,0
1802,1280,1
1802,1728,1
2035,1802,0
505,1804,0
1804,711,1
1291,1804,0
1804,2137,1
1805,2093,0
68,1806,0
1806,190,1
1806,214,1
584,1806,0
1806,1181,1
1806,1196,1
1806,1215,1
1377,1806,0
1672,1806,0
1806,1702,1
1926,1806,0
1969,1806,0
2052,1806,0
1806,2202,1
1806,2277,1
3,1807,0
1807,2062,0
1691,1808,0
1808,1908,0
1808,2062,0
1810,82,1
1482,1810,0
1811,1810,0
1810,1925,1
1810,1954,0
1810,2058,1
1813,2223,0
1963,1814,0
1815,1903,0
1816,1196,1
1818,1234,1
1818,1921,1
65,1819,0
1819,80,1
114,1819,0
1819,126,1
1819,130,1
1819,188,1
1819,211,1
213,1819,0
1819,307,1
1819,318,1
326,1819,0
1819,340,1
1819,361,1
1819,375,1
1819,386,1
1819,399,1
1819,404,1
412,1819,0
1819,417,1
436,1819,0
1819,446,1
1819,525,1
1819,561,1
1819,571,1
1819,608,1
625,1819,0
1819,634,1
635,1819,0
1819,659,1
1819,660,1
1819,665,1
1819,667,1
670,1819,0
1819,687,1
1819,700,1
1819,709,1
718,1819,0
1819,798,1
806,1819,0
1819,843,1
864,1819,0
1819,872,1
877,1819,0
1819,939,1
1009,1819,0
1819,1058,1
1819,1062,1
1819,1064,1
1066,1819,0
1819,1097,1
1819,1103,1
1819,1168,1
1819,1173,1
1819,1176,1
1819,1186,1
1819,1196,1
1819,1205,1
1819,1206,1
1819,1208,1
1219,1819,0
1230,1819,0
1819,1242,1
1819,1251,1
1268,1819,0
1819,1282,1
1320,1819,0
1819,1348,1
1351,1819,0
1819,1404,1
1819,1466,1
1819,1565,1
1819,1638,1
1654,1819,0
1819,1691,1
1819,1704,1
1819,1724,1
1819,1824,1
1819,1868,1
1819,1882,1
1885,1819,0
1819,1892,1
1819,1898,1
1899,1819,0
1914,1819,0
1921,1819,0
1819,1929,1
1819,1932,1
1819,1965,1
1984,1819,0
1819,1998,1
1819,2063,1
1819,2064,1
1819,2077,1
1819,2124,1
1819,2125,1
1819,2140,1
2191,1819,0
1819,2395,1
2411,1819,0
2426,1819,0
2427,1819,0
1819,2475,1
1820,1970,0
1822,2364,0
939,1823,0
1824,1974,0
1826,1992,0
1829,1964,0
874,1831,0
1831,1763,1
1832,2151,0
340,1833,0
1833,1014,1
1833,1405,1
1833,1585,1
1833,2356,0
1834,24,1
1834,79,1
1834,99,1
1834,213,1
1834,272,1
1834,284,1
348,1834,0
386,1834,0
394,1834,0
439,1834,0
471,1834,0
690,1834,0
766,1834,0
1834,825,1
1834,939,1
1834,1117,1
1834,1290,1
1834,1327,1
1363,1834,0
1416,1834,0
1834,1527,1
1834,1641,1
1834,1667,1
1834,1737,1
1834,1802,1
1877,1834,0
1880,1834,0
1907,1834,0
1834,1926,1
1834,1948,1
1834,1955,1
1834,1967,1
1834,2054,1
1834,2064,1
1834,2116,1
2144,1834,0
1834,2150,0
2224,1834,0
1834,2345,1
1834,2351,1
1835,687,1
1835,819,1
1921,1835,0
2261,1835,0
1835,2279,0
1836,2025,0
1837,2459,0
1838,2165,0
1840,2386,0
1842,50,1
1842,505,1
1842,1239,1
1842,1415,1
1842,1441,1
1842,1676,1
2151,1842,0
1844,430,1
1845,1854,0
1846,1909,0
1846,2388,0
1847,2095,0
1849,79,1
1849,99,1
566,1849,0
1849,1514,1
2331,1849,0
1850,1868,0
1854,757,1
1854,906,1
1854,2459,1
1857,1891,0
1859,2171,0
1861,1040,1
1863,1864,0
1866,2035,1
1866,2082,0
1868,11,1
1868,29,1
1868,32,1
80,1868,0
1868,214,1
232,1868,0
1868,242,1
1868,251,1
1868,268,1
1868,274,1
1868,307,1
345,1868,0
391,1868,0
1868,412,1
1868,433,1
457,1868,0
1868,584,1
603,1868,0
1868,619,1
625,1868,0
1868,660,1
700,1868,0
1868,706,1
1868,707,1
732,1868,0
1868,809,1
1868,843,1
1868,867,1
1868,949,1
1868,959,1
1066,1868,0
1100,1868,0
1868,1161,1
1165,1868,0
1868,1176,1
1868,1196,1
1868,1205,1
1868,1215,1
1868,1259,1
1352,1868,0
1868,1466,1
1868,1501,1
1868,1626,1
1868,1661,1
1868,1664,1
1695,1868,0
1868,1724,1
1788,1868,0
1868,1847,1
1868,1868,1
1893,1868,0
1868,1992,1
1868,2000,1
1868,2182,1
1868,2385,1
2453,1868,0
1868,2458,1
2464,1868,0
2468,1868,0
1868,2469,1
1869,758,1
1869,796,1
1059,1869,0
1869,1887,0
1934,1869,0
1871,2136,0
1871,2206,0
2316,1872,0
1874,2073,0
38,1876,0
113,1876,0
1876,188,1
884,1876,0
912,1876,0
1876,1128,1
1876,1348,1
1876,1980,0
1876,2051,1
1876,2305,1
1878,430,1
1878,567,1
1327,1878,0
1881,29,1
126,1881,0
213,1881,0
1881,318,1
635,1881,0
687,1881,0
728,1881,0
833,1881,0
872,1881,0
939,1881,0
1881,951,1
1881,1064,1
1881,1164,1
1881,1215,1
1881,1219,1
1881,1251,1
1351,1881,0
1881,1545,1
1881,1839,1
1881,1885,1
1898,1881,0
1913,1881,0
1881,1921,1
1941,1881,0
1881,2063,1
2145,1881,0
1881,2192,1
1882,1987,0
863,1884,0
1884,2259,0
1886,2461,0
1887,2453,0
1209,1889,0
1889,2380,0
1891,2428,0
1893,2352,0
1895,1904,0
2036,1895,0
1898,2241,0
1899,11,1
1899,213,1
1899,290,1
1899,457,1
1899,706,1
1899,1066,1
1352,1899,0
1899,1404,1
1899,1925,1
1899,2307,1
1900,2059,0
1905,2231,0
1907,2079,0
1909,2088,0
1362,1911,0
1911,1868,1
2307,1911,0
1913,2054,0
1913,2130,0
1913,2225,0
1913,2457,0
1915,2060,0
1916,2421,0
399,1917,0
1917,1939,1
1917,2433,0
1918,2306,0
1919,51,1
1919,99,1
1919,891,1
1919,1215,1
1427,1919,0
1445,1919,0
1919,2035,1
1919,2056,1
1919,2276,1
1921,2323,0
1923,304,1
939,1923,0
1182,1923,0
1923,2150,0
1924,2002,0
1925,1938,0
99,1928,0
1928,2352,0
1929,2426,1
1931,2354,0
1932,2040,0
1932,2049,0
1934,47,1
1935,130,1
213,1935,0
293,1935,0
1935,706,1
1935,840,1
926,1935,0
939,1935,0
1935,959,1
1935,998,1
1935,1049,1
1935,1097,1
1935,1118,1
1144,1935,0
1196,1935,0
1239,1935,0
1296,1935,0
1935,1415,1
1935,1444,1
1935,1640,1
1895,1935,0
1968,1935,0
1935,2073,1
1935,2146,0
2432,1935,0
2473,1935,0
1377,1936,0
1936,2299,1
1936,2440,0
1938,1125,1
1940,2435,0
1941,1946,0
1942,635,1
714,1942,0
1942,1802,1
1943,430,1
1943,2339,1
1944,2014,0
1945,2313,0
1947,1977,0
328,1949,0
65,1950,0
116,1950,0
1950,178,1
1950,301,1
306,1950,0
1950,533,1
1950,609,1
619,1950,0
670,1950,0
696,1950,0
1950,771,1
1950,868,1
1950,915,1
1950,1005,1
1950,1161,1
1950,1187,1
1950,1189,1
1950,1191,1
1950,1316,1
1327,1950,0
1328,1950,0
1405,1950,0
1950,1497,1
1499,1950,0
1950,1533,1
1950,1584,1
1950,1585,1
1950,1619,1
1950,1712,1
1950,1717,1
1934,1950,0
1950,1937,1
1950,1997,1
2129,1950,0
2283,1950,0
1950,2307,1
2310,1950,0
1950,2316,1
1951,268,1
1951,700,1
1951,859,1
1951,959,1
1951,1196,1
1217,1951,0
1951,1424,1
1951,1426,1
1951,1661,1
1824,1951,0
1951,1847,1
1951,2173,1
1951,2204,1
1951,2276,1
1951,2382,1
1951,2385,1
1951,2388,1
2390,1951,0
1951,2391,1
1952,48,1
1952,1285,1
1952,1660,1
1952,1819,1
1955,3,1
4,1955,0
1955,8,1
1955,10,1
17,1955,0
1955,32,1
1955,45,1
1955,69,1
1955,71,1
79,1955,0
1955,80,1
1955,95,1
1955,99,1
116,1955,0
127,1955,0
1955,186,1
213,1955,0
1955,214,1
235,1955,0
1955,241,1
242,1955,0
1955,251,1
258,1955,0
1955,259,1
268,1955,0
274,1955,0
1955,277,1
1955,285,1
293,1955,0
1955,301,1
1955,304,1
1955,326,1
1955,328,1
339,1955,0
361,1955,0
369,1955,0
1955,399,1
405,1955,0
408,1955,0
1955,412,1
1955,413,1
1955,425,1
439,1955,0
1955,452,1
1955,466,1
482,1955,0
505,1955,0
508,1955,0
1955,515,1
1955,517,1
1955,546,1
1955,547,1
1955,563,1
1955,585,1
1955,589,1
1955,603,1
1955,619,1
625,1955,0
1955,635,1
1955,638,1
646,1955,0
660,1955,0
669,1955,0
1955,672,1
1955,676,1
690,1955,0
1955,696,1
700,1955,0
1955,706,1
707,1955,0
1955,727,1
1955,732,1
733,1955,0
742,1955,0
762,1955,0
781,1955,0
785,1955,0
793,1955,0
813,1955,0
823,1955,0
833,1955,0
843,1955,0
1955,858,1
1955,870,1
1955,889,1
1955,891,1
907,1955,0
933,1955,0
939,1955,0
951,1955,0
965,1955,0
1955,969,1
1064,1955,0
1097,1955,0
1955,1126,1
1955,1144,1
1955,1161,1
1955,1196,1
1206,1955,0
1955,1215,1
1955,1217,1
1955,1221,1
1955,1228,1
1239,1955,0
1955,1240,1
1955,1250,1
1259,1955,0
1955,1270,1
1278,1955,0
1287,1955,0
1955,1325,1
1351,1955,0
1955,1404,1
1955,1424,1
1955,1428,1
1433,1955,0
1448,1955,0
1466,1955,0
1955,1468,1
1501,1955,0
1955,1504,1
1955,1583,1
1955,1585,1
1626,1955,0
1635,1955,0
1661,1955,0
1955,1664,1
1684,1955,0
1955,1690,1
1955,1695,1
1955,1705,1
1708,1955,0
1955,1712,1
1717,1955,0
1955,1748,1
1955,1764,1
1801,1955,0
1824,1955,0
1827,1955,0
1955,1838,1
1955,1839,1
1955,1847,1
1955,1899,1
1955,1913,1
1955,1925,1
1935,1955,0
1965,1955,0
1955,1997,1
2012,1955,0
1955,2023,1
1955,2044,1
1955,2072,1
2073,1955,0
1955,2092,1
1955,2107,1
1955,2108,1
1955,2110,1
1955,2119,1
1955,2125,1
2133,1955,0
2209,1955,0
2223,1955,0
1955,2238,1
1955,2241,1
1955,2263,1
1955,2276,1
1955,2279,1
1955,2296,1
1955,2341,1
1955,2352,1
1955,2363,1
2380,1955,0
1955,2388,1
2390,1955,0
1955,2427,1
2441,1955,0
1955,2453,1
1955,2458,1
2469,1955,0
1957,2007,0
1960,946,1
1960,2162,0
1961,63,1
933,1961,0
1961,1239,1
1961,1581,1
1961,2003,1
1963,2396,0
1970,59,1
116,1970,0
1970,126,1
340,1970,0
446,1970,0
1970,584,1
625,1970,0
635,1970,0
1970,687,1
1970,705,1
706,1970,0
1970,718,1
833,1970,0
872,1970,0
951,1970,0
1970,1064,1
1970,1147,1
1168,1970,0
1173,1970,0
1219,1970,0
1970,1224,1
1242,1970,0
1970,1251,1
1351,1970,0
1970,1654,1
1970,1898,1
1970,1913,1
1970,1921,1
2063,1970,0
2064,1970,0
1970,2125,1
1970,2140,1
1970,2456,1
1971,2424,0
1972,669,1
1215,1972,0
1979,2015,0
1316,1982,0
1985,2400,0
1986,2362,0
1989,2138,0
1990,690,1
1992,184,1
1992,195,1
359,1992,0
877,1992,0
1992,1115,1
1992,1196,1
1301,1992,0
1992,1437,1
1992,1712,1
1995,99,1
116,1995,0
1995,188,1
433,1995,0
1995,587,1
608,1995,0
1995,939,1
1348,1995,0
1621,1995,0
1995,1679,1
1705,1995,0
1995,1817,1
1832,1995,0
1995,2010,1
1995,2189,1
2200,1995,0
1995,2267,1
11,1999,0
1999,457,1
1196,1999,0
1999,1255,1
1999,1352,1
1999,1925,1
1999,2134,0
1999,2265,0
2435,1999,0
2002,234,1
2002,1361,1
2002,2332,0
2003,807,1
2003,811,1
2003,1242,1
2003,1267,1
2003,1441,1
2004,1311,1
2004,2122,0
2005,2404,0
2006,79,1
2006,213,1
2006,833,1
2006,1230,1
2006,1316,1
2006,1382,1
2006,1385,1
2006,1691,1
939,2007,0
2007,1913,1
2210,2007,0
2007,2466,0
2009,939,1
2011,2204,0
2012,2185,0
2012,2411,0
2013,953,1
2013,2207,0
2015,2119,0
2018,70,1
2019,2098,0
2019,2286,0
2019,2306,0
2019,2396,0
2021,2412,0
2039,2022,0
2022,2159,0
2023,2070,0
2023,2253,0
359,2027,0
1329,2027,0
2027,1376,1
2027,1421,1
2027,1536,1
2027,1819,1
1921,2028,0
563,2029,0
2029,1151,1
2029,2104,0
2030,2226,0
2030,2450,0
1242,2031,0
2033,725,1
1274,2033,0
2033,2217,1
2033,2224,0
2035,11,1
2035,17,1
2035,29,1
32,2035,0
2035,45,1
2035,46,1
2035,47,1
2035,79,1
2035,80,1
2035,81,1
2035,83,1
98,2035,0
100,2035,0
239,2035,0
2035,242,1
2035,251,1
2035,268,1
2035,275,1
2035,293,1
307,2035,0
2035,357,1
2035,361,1
2035,391,1
412,2035,0
2035,457,1
2035,487,1
508,2035,0
2035,547,1
2035,552,1
2035,563,1
584,2035,0
2035,586,1
603,2035,0
2035,619,1
2035,625,1
2035,635,1
2035,659,1
2035,669,1
2035,687,1
2035,690,1
2035,706,1
808,2035,0
809,2035,0
812,2035,0
2035,843,1
2035,860,1
2035,987,1
1037,2035,0
2035,1066,1
2035,1077,1
1083,2035,0
2035,1112,1
2035,1143,1
2035,1147,1
2035,1159,1
2035,1161,1
2035,1165,1
1196,2035,0
2035,1205,1
2035,1215,1
1234,2035,0
1239,2035,0
2035,1250,1
1259,2035,0
1289,2035,0
2035,1352,1
2035,1369,1
2035,1460,1
2035,1466,1
2035,1494,1
2035,1626,1
2035,1629,1
2035,1691,1
2035,1694,1
2035,1695,1
2035,1702,1
1713,2035,0
1724,2035,0
2035,1824,1
2035,1827,1
2035,1838,1
2035,1839,1
1847,2035,0
1893,2035,0
2035,1930,1
2035,1949,1
2035,1955,1
1965,2035,0
2035,1992,1
2035,1999,1
2035,2035,1
2035,2044,1
2035,2119,1
2035,2142,1
2035,2172,0
2035,2182,1
2238,2035,0
2035,2239,1
2263,2035,0
2035,2323,1
2035,2385,1
2035,2435,1
2035,2464,1
2035,2468,1
2035,2469,1
2041,242,1
2041,706,1
2041,1147,1
2041,1234,1
2041,1279,1
2043,63,1
2043,902,1
2044,2334,0
2044,2343,0
2045,269,1
1389,2045,0
2045,2247,0
116,2046,0
2046,307,1
2046,660,1
1147,2046,0
2046,1205,1
2046,1656,1
2046,1675,1
2046,1760,1
2380,2046,0
2047,2340,0
2048,1637,1
2049,136,1
174,2049,0
2049,1215,1
1427,2049,0
2049,2432,0
2049,2434,0
2051,304,1
2051,382,1
2051,1921,1
169,2056,0
2056,449,1
1048,2056,0
2056,1453,1
2056,1723,1
2056,1834,1
2056,2172,1
2056,2195,1
2057,809,1
305,2058,0
359,2058,0
608,2058,0
706,2058,0
2058,1705,1
2244,2058,0
2058,2291,1
2058,2317,1
2058,2319,1
2058,2320,1
2058,2330,1
2058,2347,1
2058,2376,1
2389,2058,0
2401,2058,0
2059,2133,0
2059,2224,0
2062,2406,0
2062,2440,0
2063,2362,0
2066,1276,1
2069,852,1
2069,2213,0
852,2070,0
2070,2400,0
2072,2162,0
2078,665,1
2078,939,1
2078,1182,1
1356,2078,0
2078,1835,1
30,2081,0
57,2081,0
2081,226,1
2081,337,1
338,2081,0
580,2081,0
591,2081,0
611,2081,0
2081,667,1
2081,953,1
2081,1295,1
2081,1440,1
2081,1460,1
1474,2081,0
2081,1673,1
1891,2081,0
2081,1910,1
2431,2081,0
2434,2081,0
2082,939,1
1182,2082,0
1311,2082,0
1364,2082,0
20,2084,0
2084,337,1
2087,2114,0
144,2088,0
2088,628,1
1764,2088,0
2088,2010,1
2089,102,1
408,2089,0
2089,427,1
2089,432,1
624,2089,0
2089,628,1
634,2089,0
690,2089,0
2089,864,1
2089,900,1
2089,935,1
2089,939,1
2089,963,1
1072,2089,0
2089,1094,1
2089,1307,1
2089,1351,1
2089,1383,1
1416,2089,0
2089,1488,1
1601,2089,0
2089,1724,1
1783,2089,0
1836,2089,0
1847,2089,0
1868,2089,0
2089,1912,1
2015,2089,0
2089,2053,1
2089,2183,1
2089,2293,1
2342,2089,0
2462,2089,0
2094,169,1
2094,584,1
2094,706,1
707,2094,0
1176,2094,0
2094,1440,1
2094,1723,1
2094,1921,1
2094,2145,0
2095,2357,0
1277,2096,0
1967,2096,0
2096,2426,1
2099,1272,1
2099,1650,1
2099,1691,1
2099,2183,1
2101,29,1
2101,63,1
2101,99,1
2101,132,1
2101,340,1
2101,433,1
2101,933,1
2101,1121,1
1308,2101,0
2101,1329,1
1427,2101,0
2101,1478,1
1913,2101,0
2101,1926,1
2101,2206,1
273,2103,0
2103,1202,1
1699,2103,0
1735,2103,0
2103,2259,1
2104,2150,0
1301,2106,0
2108,2215,0
2110,2144,0
2113,2381,0
359,2114,0
2114,1239,1
1415,2114,0
2116,2444,0
2118,2353,0
2118,2445,0
2120,190,1
2120,584,1
2120,725,1
2120,1181,1
2120,2052,1
2120,2277,1
90,2122,0
369,2122,0
399,2122,0
408,2122,0
476,2122,0
635,2122,0
2122,654,1
672,2122,0
2122,781,1
809,2122,0
833,2122,0
939,2122,0
2122,997,1
1042,2122,0
2122,1126,1
1263,2122,0
2122,1307,1
2122,1330,1
2122,1392,1
2122,1397,1
2122,1413,1
1425,2122,0
2122,1501,1
2122,1532,1
2122,1541,1
2122,1755,1
2122,1767,1
2122,1864,1
2122,1974,1
2122,2011,1
2122,2351,0
2123,1261,1
2123,1414,1
541,2127,0
2127,955,1
2228,2127,0
27,2128,0
2128,59,1
2128,99,1
2128,229,1
2128,474,1
2128,503,1
2128,505,1
512,2128,0
2128,690,1
2128,696,1
759,2128,0
2128,846,1
915,2128,0
2128,1010,1
1142,2128,0
2128,1146,1
2128,1215,1
1236,2128,0
2128,1239,1
2128,1290,1
2128,1297,1
2128,1372,1
2128,1404,1
2128,1740,1
2128,1771,1
2128,1780,1
2128,1874,1
2128,1916,1
2128,2127,1
2128,2263,1
2134,77,1
2134,104,1
2134,563,1
2134,939,1
2134,991,1
2134,1143,1
1484,2134,0
2134,1907,1
2134,2265,1
2134,2324,0
2134,2325,1
2134,2326,1
2328,2134,0
2134,2329,1
2135,80,1
2135,1094,1
2135,1834,1
2138,2426,0
2138,2430,0
2141,2290,0
2142,2181,0
2143,29,1
2143,188,1
646,2143,0
2143,1196,1
2143,1221,1
1348,2143,0
2143,1468,1
2143,1664,1
2143,1824,1
2143,1847,1
2143,2385,1
660,2145,0
858,2145,0
859,2145,0
2145,883,1
2145,1217,1
2145,1424,1
2145,1428,1
1839,2145,0
2145,1925,1
2145,2131,1
2157,2145,0
2173,2145,0
2204,2145,0
2276,2145,0
2145,2311,1
2145,2382,1
2145,2385,1
2145,2390,1
2391,2145,0
2146,1568,1
2147,1220,1
2147,2331,1
2149,1,1
5,2149,0
14,2149,0
2149,15,1
2149,45,1
2149,51,1
58,2149,0
2149,79,1
2149,80,1
96,2149,0
2149,100,1
2149,178,1
179,2149,0
188,2149,0
2149,213,1
219,2149,0
222,2149,0
2149,275,1
2149,297,1
300,2149,0
2149,309,1
2149,314,1
2149,344,1
357,2149,0
2149,368,1
2149,371,1
2149,385,1
2149,405,1
2149,406,1
412,2149,0
2149,442,1
445,2149,0
2149,452,1
2149,472,1
2149,496,1
2149,507,1
520,2149,0
2149,533,1
2149,554,1
2149,563,1
577,2149,0
2149,601,1
2149,605,1
609,2149,0
611,2149,0
2149,627,1
2149,653,1
2149,654,1
2149,670,1
2149,672,1
690,2149,0
2149,692,1
696,2149,0
727,2149,0
731,2149,0
2149,772,1
809,2149,0
2149,831,1
833,2149,0
870,2149,0
871,2149,0
889,2149,0
903,2149,0
910,2149,0
2149,915,1
2149,955,1
2149,962,1
998,2149,0
2149,1001,1
2149,1002,1
1013,2149,0
1026,2149,0
1030,2149,0
2149,1040,1
1048,2149,0
1058,2149,0
1061,2149,0
2149,1076,1
1077,2149,0
1093,2149,0
1114,2149,0
2149,1142,1
2149,1143,1
2149,1152,1
2149,1161,1
2149,1166,1
1187,2149,0
2149,1189,1
2149,1193,1
1196,2149,0
1215,2149,0
1225,2149,0
1228,2149,0
1238,2149,0
2149,1243,1
2149,1249,1
1255,2149,0
2149,1256,1
2149,1260,1
1266,2149,0
1270,2149,0
2149,1299,1
2149,1316,1
1321,2149,0
2149,1324,1
2149,1327,1
2149,1328,1
1333,2149,0
2149,1354,1
1382,2149,0
2149,1383,1
1389,2149,0
1391,2149,0
1398,2149,0
2149,1404,1
1405,2149,0
2149,1425,1
1427,2149,0
2149,1430,1
2149,1441,1
2149,1479,1
1490,2149,0
1497,2149,0
2149,1499,1
2149,1524,1
2149,1533,1
2149,1537,1
1554,2149,0
2149,1555,1
2149,1601,1
1662,2149,0
2149,1691,1
2149,1700,1
2149,1712,1
2149,1725,1
2149,1732,1
2149,1752,1
1791,2149,0
2149,1827,1
2149,1834,1
2149,1874,1
2149,1877,1
2149,1895,1
2149,1927,1
1934,2149,0
1937,2149,0
1950,2149,0
2149,1954,1
1968,2149,0
2149,1980,1
2149,1985,1
2149,2001,1
2149,2037,1
2038,2149,0
2149,2044,1
2149,2076,1
2101,2149,0
2117,2149,0
2124,2149,0
2149,2128,1
2149,2129,1
2149,2136,1
2149,2150,1
2149,2161,1
2149,2163,1
2149,2167,1
2176,2149,0
2178,2149,0
2149,2255,1
2260,2149,0
2149,2264,1
2149,2283,1
2286,2149,0
2308,2149,0
2149,2316,1
2149,2328,1
2329,2149,0
2345,2149,0
2149,2368,1
2149,2370,1
2400,2149,0
2410,2149,0
2149,2419,1
2432,2149,0
2149,2435,1
2149,2439,1
2457,2149,0
2149,2473,1
2150,2286,0
2150,2447,0
667,2151,0
2151,854,1
2151,1383,1
2151,1415,1
2151,1441,1
1663,2151,0
1727,2151,0
690,2152,0
2156,2252,0
1599,2158,0
2159,2219,0
2160,1761,1
2162,180,1
2163,2438,0
78,2169,0
2169,182,1
204,2169,0
2169,300,1
354,2169,0
364,2169,0
2169,411,1
478,2169,0
2169,611,1
624,2169,0
2169,773,1
2169,811,1
2169,817,1
930,2169,0
935,2169,0
1046,2169,0
1135,2169,0
2169,1147,1
2169,1153,1
2169,1167,1
2169,1176,1
1215,2169,0
2169,1387,1
2169,1410,1
1470,2169,0
2169,1481,1
1522,2169,0
1535,2169,0
1561,2169,0
2169,1610,1
2169,1655,1
2169,1693,1
2169,1717,1
2169,1726,1
2169,1754,1
2169,1764,1
2169,1776,1
1790,2169,0
2169,1793,1
2169,1809,1
2169,1836,1
2169,1867,1
2169,1963,1
2169,2065,1
2076,2169,0
2169,2180,1
2169,2238,1
2169,2301,1
2169,2342,1
2366,2169,0
2169,2378,1
2177,635,1
2178,2390,0
2179,10,1
2179,78,1
139,2179,0
2179,163,1
2179,182,1
2179,213,1
2179,306,1
408,2179,0
2179,409,1
411,2179,0
2179,563,1
634,2179,0
635,2179,0
2179,636,1
637,2179,0
717,2179,0
935,2179,0
2179,1045,1
2179,1046,1
1072,2179,0
2179,1135,1
2179,1153,1
2179,1215,1
1293,2179,0
2179,1307,1
2179,1387,1
2179,1423,1
2179,1488,1
1522,2179,0
2179,1535,1
1561,2179,0
2179,1596,1
1610,2179,0
2179,1615,1
1655,2179,0
1693,2179,0
1809,2179,0
2179,1836,1
2179,1997,1
2179,2065,1
2126,2179,0
2180,2179,0
2179,2254,1
2342,2179,0
2179,2402,1
63,2181,0
2181,461,1
2181,470,1
635,2181,0
2181,638,1
2181,687,1
2181,833,1
2181,1298,1
2181,2141,1
2181,2298,0
2183,260,1
2183,399,1
2183,457,1
479,2183,0
2183,578,1
2183,628,1
2183,1091,1
1129,2183,0
2183,1194,1
1539,2183,0
2183,1799,1
2183,1868,1
125,2184,0
239,2184,0
2184,490,1
829,2184,0
2184,2183,1
2190,1067,1
2207,2190,0
2190,2397,1
2199,29,1
2199,188,1
2199,646,1
700,2199,0
2199,959,1
2199,1196,1
2199,1221,1
1348,2199,0
2199,1664,1
1824,2199,0
1847,2199,0
2200,2438,0
2201,2035,1
1,2208,0
387,2208,0
2208,1321,1
2208,2251,0
2209,2314,0
2211,1585,1
2212,939,1
2219,2239,0
2221,130,1
304,2221,0
2221,384,1
2221,521,1
2221,554,1
2221,755,1
939,2221,0
1142,2221,0
2221,1201,1
2221,1264,1
2221,1921,1
2030,2221,0
2222,2322,0
2223,2324,0
2227,115,1
654,2228,0
911,2228,0
2228,1425,1
833,2229,0
2230,2379,0
2234,1834,1
2235,193,1
2235,1613,1
2406,2235,0
51,2237,0
2237,63,1
902,2237,0
2237,1058,1
2237,1208,1
1555,2237,0
2237,1705,1
2237,1775,1
2237,1847,1
2237,2368,1
2240,293,1
2240,690,1
2240,1215,1
2240,1926,1
1981,2240,0
2062,2240,0
2139,2240,0
2240,2183,1
2240,2285,1
2242,269,1
487,2242,0
2242,1311,1
1868,2242,0
2246,190,1
2246,584,1
706,2246,0
2246,725,1
2246,1181,1
2246,1672,1
2246,1702,1
2246,1969,1
2052,2246,0
2202,2246,0
2277,2246,0
2247,2446,1
2250,654,1
2250,911,1
2250,1427,1
837,2251,0
2261,2460,0
2267,2274,0
2267,2337,0
2268,2370,0
2271,1405,1
2236,2271,0
2272,2415,0
2275,63,1
2275,326,1
2275,470,1
2275,635,1
2275,687,1
2275,833,1
2275,1215,1
2277,635,1
1215,2277,0
1316,2277,0
755,2282,0
414,2284,0
2284,1094,1
2284,1215,1
2284,1311,1
1781,2284,0
2284,1865,1
2019,2284,0
2066,2284,0
2288,2319,0
2295,1868,1
2295,2134,1
2296,2372,0
198,2297,0
188,2300,0
2300,1221,1
2300,1348,1
2304,15,1
56,2304,0
363,2304,0
2304,415,1
2304,548,1
2304,699,1
2304,921,1
1040,2304,0
2304,1267,1
1370,2304,0
2304,1717,1
2304,1837,1
90,2312,0
369,2312,0
2312,408,1
2312,476,1
2312,635,1
2312,654,1
672,2312,0
718,2312,0
781,2312,0
2312,885,1
2312,935,1
2312,972,1
2312,997,1
2312,1028,1
2312,1042,1
2312,1126,1
2312,1263,1
1269,2312,0
2312,1330,1
2312,1392,1
2312,1397,1
2312,1407,1
2312,1450,1
1532,2312,0
2312,1755,1
2312,1821,1
2312,1974,1
2312,1989,1
1490,2313,0
2314,1590,1
2315,78,1
2315,116,1
2315,139,1
163,2315,0
2315,182,1
2315,302,1
2315,354,1
408,2315,0
2315,411,1
2315,478,1
2315,624,1
2315,634,1
637,2315,0
717,2315,0
2315,741,1
2315,773,1
2315,886,1
2315,930,1
1045,2315,0
2315,1046,1
2315,1135,1
2315,1153,1
2315,1189,1
2315,1303,1
2315,1387,1
2315,1423,1
2315,1470,1
2315,1481,1
1522,2315,0
2315,1535,1
2315,1561,1
1655,2315,0
2315,1693,1
1776,2315,0
2315,1786,1
2315,1790,1
2315,1793,1
2315,1809,1
2315,1836,1
2315,1867,1
2315,1963,1
1997,2315,0
2065,2315,0
2315,2180,1
2232,2315,0
2315,2254,1
2301,2315,0
2315,2342,1
2315,2366,1
2319,2370,0
2321,95,1
2321,190,1
2321,1181,1
2321,1316,1
1377,2321,0
2321,1702,1
1969,2321,0
2052,2321,0
2321,2202,1
2321,2277,1
1663,2322,0
1871,2322,0
68,2324,0
2231,2324,0
939,2330,0
2331,226,1
551,2331,0
591,2331,0
694,2331,0
758,2331,0
2331,829,1
939,2331,0
2331,953,1
2331,1204,1
1309,2331,0
2331,1508,1
2331,1649,1
2331,1698,1
1733,2331,0
2050,2331,0
2331,2081,1
2403,2331,0
2331,2413,1
939,2332,0
2333,939,1
2334,939,1
2338,2397,0
2339,47,1
2339,157,1
414,2339,0
2339,653,1
2339,691,1
2339,1085,1
1215,2339,0
1622,2339,0
1666,2339,0
1763,2339,0
939,2347,0
2351,2408,0
2352,2448,0
102,2355,0
2355,427,1
2355,635,1
2355,690,1
2355,737,1
864,2355,0
2355,939,1
2355,1094,1
2355,1351,1
1415,2355,0
2355,1441,1
2355,1466,1
1601,2355,0
2355,1724,1
2355,1847,1
2355,1868,1
2355,1921,1
1965,2355,0
2355,2015,1
2355,2053,1
2355,2293,1
2355,2426,1
2358,126,1
172,2358,0
2358,318,1
2358,657,1
2358,658,1
2358,833,1
2358,939,1
2358,1016,1
2358,1141,1
1292,2358,0
2358,1448,1
2358,1545,1
2358,1595,1
2358,1839,1
2358,1931,1
2358,2157,1
2358,2311,1
2362,997,1
2367,1355,1
2367,1575,1
2369,2392,0
646,2372,0
2372,733,1
2372,1085,1
2372,1239,1
2372,1664,1
2372,1992,1
2372,2331,1
2374,79,1
430,2374,0
2374,1988,1
2385,32,1
2385,328,1
2385,2390,0
2387,81,1
2387,158,1
2387,307,1
2387,328,1
438,2387,0
476,2387,0
2387,742,1
2387,774,1
943,2387,0
2387,1450,1
2387,1461,1
2387,1476,1
2387,1754,1
2387,1880,1
2387,2077,1
2242,2387,0
2387,2348,1
2387,2407,0
2387,2474,1
939,2389,0
2391,2442,0
2414,939,1
2418,328,1
2421,1847,1
2422,59,1
2422,440,1
2422,542,1
2422,811,1
2422,829,1
1297,2422,0
2422,1415,1
1640,2422,0
1882,2422,0
2422,1895,1
2422,1921,1
2422,1984,1
2422,2266,1
2286,2422,0
2425,356,1
2425,836,1
2425,1035,1
2425,1311,1
2425,1406,1
1684,2425,0
2425,1871,1
2425,2071,1
108,2429,0
2430,1459,1
2430,2335,1
2433,724,1
1723,2433,0
307,2437,0
635,2437,0
2437,654,1
690,2437,0
2437,1259,1
1404,2437,0
2437,2168,1
2243,2437,0
1702,2438,0
2442,105,1
359,2442,0
2445,2446,0
2448,1650,1
2449,1327,1
2449,1834,1
2450,659,1
1458,2450,0
2451,413,1
2451,2145,1
1843,2459,0
2460,304,1
2461,1847,1
293,2463,0
2463,1085,1
1280,2463,0
864,2466,0
2466,1868,1
2467,901,1
1436,2467,0
1849,2467,0
2471,1673,1
