0,166,1
0,200,1
0,290,1
0,498,1
0,848,1
0,918,1
935,0,0
987,0,0
0,988,1
0,1124,1
0,1129,1
0,1161,1
0,1301,1
1362,0,0
0,1426,1
1,26,1
662,1,0
1,701,1
1,1069,1
1,1152,1
1,1176,1
1,1220,1
1,1262,1
1,1277,1
1,1352,1
1,1414,1
1,1599,1
2,242,0
509,2,0
2,548,1
2,827,1
2,1251,1
2,1287,1
2,1454,0
2,1490,1
2,1491,1
2,1535,1
222,3,0
3,249,1
3,258,1
3,319,1
687,3,0
3,1322,1
1340,3,0
116,4,0
234,4,0
4,786,0
4,819,1
5,495,1
5,621,0
5,1042,1
5,1231,1
5,1400,1
6,326,1
6,1207,1
1536,6,0
22,7,0
7,179,1
7,204,1
7,284,1
345,7,0
399,7,0
7,484,1
555,7,0
7,562,1
581,7,0
590,7,0
7,772,1
7,776,1
778,7,0
822,7,0
7,842,1
7,936,1
7,940,1
7,973,1
7,1122,1
7,1159,1
1180,7,0
1394,7,0
1458,7,0
7,1503,1
9,210,1
9,298,1
9,497,1
994,9,0
9,1084,1
9,1132,0
9,1311,1
10,175,1
10,279,1
314,10,0
316,10,0
318,10,0
381,10,0
389,10,0
390,10,0
10,437,1
10,464,1
10,489,1
10,516,1
10,529,1
642,10,0
10,683,1
10,698,1
10,705,1
10,746,1
10,828,1
10,866,1
10,895,1
10,906,1
925,10,0
10,951,1
10,969,1
10,981,1
10,996,1
10,1008,1
10,1022,1
1028,10,0
10,1047,1
1054,10,0
10,1134,1
10,1143,1
10,1221,1
10,1226,1
1234,10,0
1235,10,0
10,1237,1
10,1427,1
10,1469,1
10,1504,1
10,1532,1
10,1553,1
10,1554,1
10,1560,1
10,1580,1
1628,10,0
11,77,1
11,243,1
11,319,1
11,460,1
475,11,0
11,496,1
11,628,1
632,11,0
11,680,1
11,716,1
11,726,1
11,745,1
11,805,1
836,11,0
11,858,1
11,1135,0
11,1188,1
1191,11,0
1204,11,0
11,1213,1
1225,11,0
11,1242,1
11,1585,1
12,22,1
34,12,0
12,211,1
12,241,1
12,242,1
12,300,1
12,370,1
386,12,0
12,404,1
409,12,0
431,12,0
12,458,1
490,12,0
12,583,1
644,12,0
645,12,0
12,654,1
12,673,1
12,717,0
12,721,1
748,12,0
12,749,1
12,753,1
12,804,1
12,832,1
12,869,1
930,12,0
976,12,0
12,1095,1
1123,12,0
12,1180,1
1260,12,0
1266,12,0
12,1288,1
1314,12,0
12,1326,1
12,1349,1
12,1355,1
1366,12,0
1373,12,0
1443,12,0
12,1463,1
12,1517,1
12,1527,1
12,1543,1
1571,12,0
12,1589,1
12,1609,1
12,1642,1
65,13,0
13,186,0
13,212,0
13,294,1
13,349,1
13,488,1
13,747,1
13,1528,0
13,1597,1
14,215,1
14,289,1
14,914,1
14,932,1
14,1085,1
14,1401,1
15,108,1
114,15,0
118,15,0
15,307,1
315,15,0
15,328,1
15,444,1
525,15,0
15,577,0
15,686,1
15,757,1
824,15,0
15,852,1
15,887,1
15,1011,1
1063,15,0
15,1133,1
15,1223,0
1228,15,0
15,1240,1
15,1280,1
15,1282,1
15,1367,1
15,1377,1
15,1379,1
15,1439,1
1608,15,0
16,236,1
16,455,1
16,917,0
17,53,0
17,103,1
17,531,0
17,628,0
17,844,0
17,1073,0
18,220,0
18,309,1
18,329,0
18,479,1
18,572,1
18,614,1
732,18,0
1112,18,0
18,1272,1
1369,18,0
135,19,0
19,386,0
19,844,1
860,19,0
19,1019,0
19,1170,1
20,17,1
20,475,1
20,484,0
20,612,1
829,20,0
20,1241,0
20,1446,1
1606,20,0
21,252,1
21,333,1
375,21,0
21,513,1
21,625,0
1251,21,0
21,1461,0
21,1554,0
22,188,0
22,399,1
22,400,0
822,22,0
22,903,0
22,973,1
22,1106,1
22,1159,1
1503,22,0
22,1602,0
214,23,0
23,483,1
23,761,1
1255,23,0
23,1436,1
23,1596,1
1029,24,0
24,1181,1
24,1314,0
24,1453,1
25,134,0
25,329,1
25,500,1
25,543,1
25,622,1
25,646,1
25,740,1
25,1298,1
25,1603,1
26,56,1
26,433,0
26,987,0
26,1219,0
27,364,1
27,802,1
27,887,1
27,1182,1
27,1249,1
1431,27,0
28,130,0
29,394,1
689,29,0
29,837,0
29,1122,1
1307,29,0
30,125,1
30,454,1
30,605,0
30,823,1
30,1167,1
30,1368,1
31,169,0
31,205,1
250,31,0
31,423,1
554,31,0
729,31,0
31,1013,1
1168,31,0
1210,31,0
1308,31,0
31,1315,1
31,1335,1
31,1341,1
1353,31,0
16,32,0
32,240,0
32,841,1
32,1248,1
32,1296,1
33,240,1
33,874,1
33,886,1
1157,33,0
33,1187,1
1342,33,0
34,89,1
226,34,0
34,501,1
34,563,1
34,614,1
34,794,1
815,34,0
931,34,0
34,1106,1
34,1194,1
34,1305,1
34,1323,1
34,1565,1
1606,34,0
78,35,0
35,319,1
35,442,1
35,580,0
35,647,1
789,35,0
853,35,0
35,1148,1
35,1618,1
36,164,1
178,36,0
247,36,0
36,248,1
263,36,0
301,36,0
36,421,1
542,36,0
36,561,0
635,36,0
795,36,0
36,815,1
841,36,0
36,950,1
955,36,0
36,974,1
36,1018,1
36,1308,1
1363,36,0
197,37,0
285,37,0
341,37,0
37,526,1
37,787,1
37,840,1
37,1060,1
37,1233,1
37,1263,1
1451,37,0
37,1489,0
57,38,0
38,249,1
38,391,1
602,38,0
38,666,1
38,793,1
943,38,0
1033,38,0
38,1046,1
38,1261,1
1570,38,0
40,168,1
40,273,1
40,347,0
40,683,1
705,40,0
40,924,0
40,1007,1
40,1065,1
40,1221,1
1349,40,0
41,187,1
41,277,1
41,318,1
41,607,1
41,821,1
41,841,1
1114,41,0
42,4,1
42,202,1
42,234,1
244,42,0
42,342,1
42,431,1
42,498,1
42,522,1
42,567,1
602,42,0
643,42,0
42,687,1
693,42,0
42,710,1
42,787,0
42,793,1
819,42,0
42,882,1
42,886,1
42,890,1
933,42,0
42,942,1
1002,42,0
42,1033,1
42,1037,0
42,1113,1
42,1201,1
1202,42,0
42,1222,1
1238,42,0
42,1330,1
42,1378,1
1383,42,0
1402,42,0
42,1500,1
42,1584,1
42,1588,1
42,1600,1
42,1614,1
43,160,1
43,207,1
43,313,1
327,43,0
43,367,1
43,383,1
392,43,0
43,485,1
43,518,1
574,43,0
43,596,1
43,616,1
637,43,0
43,649,1
43,747,1
43,820,1
43,856,1
43,867,1
942,43,0
946,43,0
953,43,0
43,993,1
43,1004,1
43,1014,1
1032,43,0
1044,43,0
1192,43,0
1289,43,0
43,1324,1
43,1392,1
43,1479,1
43,1481,1
43,1489,1
43,1492,1
1511,43,0
1568,43,0
43,1630,1
456,44,0
44,623,1
729,44,0
739,44,0
1138,44,0
1139,44,0
44,1165,0
44,1406,1
1590,44,0
44,1591,1
47,185,0
47,201,1
47,252,1
47,295,1
47,305,1
47,313,0
354,47,0
364,47,0
397,47,0
47,441,1
47,461,1
47,517,1
47,536,1
47,584,1
47,592,1
599,47,0
604,47,0
47,627,0
47,658,1
697,47,0
699,47,0
47,715,1
718,47,0
47,834,1
47,839,1
846,47,0
47,887,1
954,47,0
47,964,1
47,971,1
47,980,1
47,1005,1
47,1015,1
47,1087,1
1098,47,0
47,1102,1
1119,47,0
47,1177,1
47,1183,1
47,1240,1
47,1250,1
47,1316,1
47,1318,1
1360,47,0
47,1365,1
1390,47,0
1397,47,0
47,1410,1
47,1418,1
1487,47,0
47,1528,1
47,1534,1
47,1552,1
47,1556,1
47,1575,1
47,1587,1
118,48,0
48,251,0
48,281,1
674,48,0
48,795,1
883,48,0
977,48,0
48,1137,0
48,1239,1
1362,48,0
48,1470,1
48,1502,1
49,128,1
49,233,1
49,783,1
49,960,0
49,1146,1
49,1205,1
49,1345,1
49,1361,1
49,1384,1
1465,49,0
49,1594,1
1617,49,0
50,141,1
50,196,0
50,287,1
50,334,1
428,50,0
50,606,1
50,619,1
50,641,1
50,851,1
855,50,0
942,50,0
50,1459,1
50,1548,1
1614,50,0
77,51,0
51,178,1
263,51,0
51,301,1
363,51,0
421,51,0
51,432,1
462,51,0
51,478,1
576,51,0
51,635,1
51,690,1
51,766,1
51,795,1
51,841,1
51,950,1
51,955,1
51,997,1
1018,51,0
1061,51,0
51,1114,1
51,1170,1
51,1203,1
51,1211,1
51,1264,1
1296,51,0
51,1363,1
51,1462,1
1611,51,0
52,81,0
52,310,1
52,559,1
52,703,1
52,859,0
52,1068,1
52,1274,1
52,1288,0
53,448,0
53,942,1
53,1359,0
1469,53,0
53,1597,0
54,914,1
932,54,0
1085,54,0
55,967,0
55,1003,0
55,1254,0
56,209,1
223,56,0
56,306,0
56,730,1
56,923,0
1320,56,0
56,1423,1
56,1557,1
57,255,1
57,318,1
358,57,0
57,365,1
57,438,1
466,57,0
57,713,1
57,897,1
57,1110,1
1164,57,0
57,1315,1
57,1422,1
57,1576,1
58,117,1
58,229,1
293,58,0
58,369,1
58,443,1
451,58,0
58,604,1
58,712,1
58,798,1
58,1021,1
58,1156,1
58,1380,1
1516,58,0
58,1554,0
59,70,0
59,736,0
60,1053,0
61,359,1
493,61,0
816,61,0
61,901,1
61,1310,0
62,185,1
351,62,0
62,402,1
62,833,1
62,910,1
1065,62,0
62,1117,1
62,1149,1
1158,62,0
62,1275,1
62,1449,1
62,1562,0
63,117,1
63,614,1
63,630,1
802,63,0
63,931,1
1323,63,0
64,200,1
64,900,1
64,1203,0
1305,64,0
65,249,1
65,508,0
65,520,1
65,549,1
744,65,0
800,65,0
65,888,1
1086,65,0
65,1154,0
65,1167,1
1218,65,0
1417,65,0
67,253,1
67,397,1
67,470,1
67,510,1
67,908,1
67,975,1
67,1126,1
1268,67,0
67,1360,1
67,1452,1
67,1477,0
68,134,0
68,254,1
678,68,0
68,787,0
68,892,1
68,1219,1
68,1490,1
1505,68,0
68,1620,1
69,114,1
118,69,0
69,244,1
69,1415,1
70,44,1
103,70,0
70,457,0
70,459,1
70,470,1
70,755,1
935,70,0
945,70,0
70,989,1
70,1124,1
70,1273,1
70,1301,1
70,1419,1
70,1529,1
71,247,1
357,71,0
71,945,1
71,1273,1
71,1431,0
72,305,0
72,401,0
72,402,1
72,457,1
532,72,0
72,960,1
72,1213,0
72,1381,0
72,1452,1
1604,72,0
51,73,0
73,529,1
73,620,1
73,897,1
947,73,0
73,974,1
74,102,1
74,221,1
74,235,1
335,74,0
645,74,0
74,842,0
74,949,1
956,74,0
74,1294,1
74,1523,1
1537,74,0
74,1538,1
1545,74,0
74,1639,1
75,96,0
194,75,0
75,195,1
75,312,1
75,343,0
75,440,1
75,896,1
1006,75,0
75,1471,1
75,1497,1
114,76,0
76,227,0
1564,76,0
77,91,1
77,114,1
77,118,1
237,77,0
239,77,0
243,77,0
77,257,1
261,77,0
77,291,1
77,369,1
77,384,1
77,412,1
414,77,0
446,77,0
451,77,0
512,77,0
77,519,1
538,77,0
77,539,1
77,557,1
77,564,1
585,77,0
77,587,1
77,593,1
77,618,1
77,628,1
77,639,1
77,650,1
77,675,1
77,688,1
77,691,1
77,696,1
77,767,1
77,790,0
77,858,1
868,77,0
77,892,1
77,893,1
77,912,1
77,923,1
77,948,1
77,1000,1
1010,77,0
77,1012,1
1021,77,0
1045,77,0
1061,77,0
77,1067,1
77,1093,1
77,1097,1
1153,77,0
77,1188,1
77,1212,1
77,1284,1
77,1293,1
1310,77,0
77,1321,1
1332,77,0
1356,77,0
1363,77,0
77,1385,1
77,1398,1
77,1406,1
77,1455,1
77,1519,1
1525,77,0
77,1526,1
77,1539,1
77,1558,1
77,1579,1
77,1582,1
1585,77,0
77,1615,1
77,1616,1
78,84,1
78,93,1
78,732,0
78,956,1
1198,78,0
155,79,0
79,433,1
506,79,0
79,651,1
79,773,0
79,1224,1
79,1414,1
1506,79,0
80,169,1
80,621,0
80,1162,1
81,229,1
803,81,0
81,810,1
1357,81,0
1411,81,0
82,67,1
82,218,1
82,246,1
82,552,1
82,704,1
773,82,0
82,776,1
818,82,0
82,884,1
82,908,1
82,1213,1
82,1270,1
82,1453,1
1454,82,0
82,1626,1
83,2,1
83,31,1
33,83,0
41,83,0
83,71,1
83,98,1
83,100,1
83,120,1
128,83,0
83,138,1
149,83,0
83,152,1
83,155,1
83,175,1
183,83,0
205,83,0
83,216,1
83,219,1
224,83,0
83,227,1
250,83,0
251,83,0
83,253,1
83,260,1
83,265,1
83,267,1
269,83,0
83,275,1
283,83,0
83,286,1
289,83,0
292,83,0
83,330,1
83,336,1
83,347,1
83,353,1
83,357,1
83,362,1
368,83,0
371,83,0
376,83,0
83,387,1
393,83,0
83,410,1
83,417,1
83,423,1
83,426,1
430,83,0
83,437,1
83,440,1
83,453,1
463,83,0
464,83,0
83,466,1
472,83,0
83,473,1
83,492,1
83,502,1
83,504,1
83,505,1
509,83,0
83,510,1
83,523,1
83,533,1
540,83,0
541,83,0
83,544,1
83,555,1
83,560,1
83,564,1
568,83,0
589,83,0
83,591,1
598,83,0
83,601,1
83,613,1
615,83,0
627,83,0
83,643,1
83,656,1
659,83,0
83,661,1
83,663,1
675,83,0
83,684,1
687,83,0
694,83,0
83,696,1
698,83,0
83,712,1
83,722,1
724,83,0
728,83,0
83,731,1
735,83,0
83,765,1
83,767,1
770,83,0
83,774,1
777,83,0
781,83,0
83,783,1
792,83,0
83,807,1
810,83,0
83,811,1
83,813,1
817,83,0
83,822,1
828,83,0
83,838,1
83,843,1
849,83,0
850,83,0
858,83,0
83,859,1
862,83,0
83,871,1
83,873,0
880,83,0
83,885,1
83,889,1
83,891,1
894,83,0
925,83,0
83,934,1
83,938,1
948,83,0
952,83,0
83,963,1
83,965,1
978,83,0
984,83,0
83,996,1
83,1008,1
1009,83,0
1013,83,0
83,1016,1
83,1032,1
83,1042,1
83,1043,1
1050,83,0
83,1054,1
1055,83,0
83,1071,1
83,1075,1
83,1077,1
83,1079,1
1103,83,0
83,1106,1
1116,83,0
83,1122,1
83,1130,1
83,1143,1
83,1144,1
1152,83,0
83,1153,1
83,1159,1
83,1168,1
83,1171,1
1187,83,0
83,1194,1
83,1202,1
1204,83,0
1210,83,0
1229,83,0
83,1232,1
1235,83,0
1237,83,0
83,1243,1
1244,83,0
83,1245,1
1249,83,0
83,1251,1
83,1262,1
83,1274,1
83,1277,1
83,1281,1
83,1283,1
83,1287,1
83,1290,1
83,1303,1
1305,83,0
1306,83,0
1309,83,0
83,1324,1
83,1325,1
1327,83,0
1329,83,0
1331,83,0
1341,83,0
83,1342,1
83,1346,1
83,1348,1
83,1353,1
83,1363,1
83,1374,1
83,1375,1
1376,83,0
83,1389,1
83,1401,1
83,1406,1
83,1412,1
83,1413,1
1420,83,0
83,1427,1
83,1445,1
83,1448,1
83,1460,1
83,1461,1
1468,83,0
83,1470,1
83,1477,1
83,1481,1
83,1483,0
83,1484,1
1489,83,0
1491,83,0
1496,83,0
1497,83,0
83,1508,1
83,1510,1
1515,83,0
1518,83,0
83,1535,1
1539,83,0
83,1542,1
83,1547,1
83,1555,1
83,1558,1
1569,83,0
83,1578,1
83,1580,1
83,1582,1
83,1599,1
1600,83,0
1601,83,0
83,1613,1
1615,83,0
1623,83,0
83,1625,1
83,1628,1
83,1632,1
84,813,1
85,112,1
238,85,0
85,540,0
85,835,1
854,85,0
85,862,1
897,85,0
85,932,0
85,1128,1
85,1282,1
86,155,0
419,86,0
538,86,0
902,86,0
86,1062,1
86,1332,1
1359,86,0
86,1378,1
79,87,0
87,160,1
87,268,1
415,87,0
87,433,1
87,506,1
508,87,0
87,602,1
87,638,1
743,87,0
87,793,1
87,847,1
87,943,1
87,947,1
1107,87,0
1125,87,0
1224,87,0
87,1350,1
89,298,0
563,89,0
89,815,1
89,1090,1
1120,89,0
89,1247,1
1288,89,0
89,1585,1
142,90,0
306,90,0
90,322,1
324,90,0
553,90,0
90,617,1
90,799,1
863,90,0
1133,90,0
90,1236,1
1291,90,0
90,1391,1
90,1475,1
90,1604,1
90,1633,1
91,219,1
91,229,1
91,340,1
355,91,0
357,91,0
91,360,1
405,91,0
91,422,1
91,435,1
91,501,1
91,507,1
91,527,1
91,553,1
91,737,1
91,779,1
91,810,1
864,91,0
983,91,0
991,91,0
1038,91,0
91,1059,1
91,1140,1
91,1268,1
91,1269,0
1286,91,0
1295,91,0
91,1429,1
91,1524,1
1549,91,0
91,1595,1
91,1606,1
92,698,0
92,916,1
92,956,0
92,1031,0
92,1142,1
92,1636,1
1295,93,0
93,1549,1
198,94,0
199,94,0
220,94,0
234,94,0
241,94,0
94,306,1
374,94,0
94,401,1
94,458,1
94,469,1
94,551,1
94,749,1
94,844,1
94,995,1
1019,94,0
94,1025,1
94,1051,1
94,1072,1
94,1105,1
94,1106,1
1123,94,0
94,1132,1
94,1155,1
1169,94,0
94,1194,1
1217,94,0
1223,94,0
1260,94,0
94,1295,1
94,1305,1
94,1366,1
94,1430,1
94,1443,1
94,1454,1
94,1549,1
95,109,1
95,134,1
95,250,0
281,95,0
494,95,0
95,674,1
95,726,0
95,804,0
95,847,1
95,883,1
95,1075,0
95,1115,1
1480,95,0
96,419,1
96,471,1
96,903,1
1017,96,0
96,1063,1
1092,96,0
96,1160,1
1175,96,0
96,1189,1
96,1522,1
1566,96,0
97,15,1
97,389,0
439,97,0
97,530,1
97,709,1
97,762,1
97,1166,1
1514,97,0
98,125,1
98,506,1
98,823,1
98,1040,1
1205,98,0
98,1368,1
98,1388,1
1396,98,0
98,1440,1
1533,98,0
98,1617,1
99,5,1
115,99,0
99,185,1
99,211,1
301,99,0
99,310,0
370,99,0
99,474,1
99,511,0
99,588,1
603,99,0
605,99,0
644,99,0
99,672,1
99,779,1
99,791,1
99,832,1
99,841,1
99,901,1
947,99,0
99,955,1
99,983,1
99,1036,0
99,1101,1
99,1164,1
1270,99,0
99,1284,1
99,1349,1
1425,99,0
99,1593,1
1639,99,0
100,275,1
100,316,1
318,100,0
372,100,0
100,376,1
100,389,1
770,100,0
100,859,1
100,906,1
100,909,1
963,100,0
969,100,0
1071,100,0
100,1093,0
100,1134,1
1144,100,0
1222,100,0
100,1342,1
100,1445,1
1469,100,0
1477,100,0
1484,100,0
100,1554,1
100,1555,1
100,1569,1
101,172,1
101,1188,1
101,1303,0
101,1350,0
102,202,1
102,314,0
102,886,1
102,1584,1
103,231,0
103,526,0
103,1441,1
104,392,1
405,104,0
104,510,1
104,624,0
104,1246,1
104,1456,0
105,543,1
105,784,1
1395,105,0
511,106,0
558,106,0
629,106,0
106,1263,0
106,1495,0
106,1510,1
106,1622,1
107,719,0
826,107,0
1588,107,0
107,1610,1
108,210,1
108,315,1
108,483,1
548,108,0
108,607,1
108,797,1
945,108,0
108,1108,1
108,1254,1
1405,108,0
109,107,1
109,177,1
109,180,1
109,186,1
109,196,1
217,109,0
109,228,1
243,109,0
109,275,1
109,276,1
318,109,0
109,331,1
109,376,1
378,109,0
109,389,1
109,420,1
454,109,0
109,510,1
526,109,0
109,565,1
109,566,1
628,109,0
631,109,0
109,653,1
681,109,0
109,726,1
752,109,0
109,753,1
765,109,0
109,780,1
109,813,1
850,109,0
109,868,1
109,876,1
906,109,0
909,109,0
109,917,1
109,958,1
109,963,1
968,109,0
109,969,1
109,1020,1
109,1073,1
1077,109,0
109,1082,1
109,1144,1
109,1155,1
1157,109,0
1188,109,0
1192,109,0
1229,109,0
109,1241,1
1279,109,0
1312,109,0
109,1328,1
109,1350,1
1374,109,0
109,1387,1
109,1393,1
1420,109,0
1444,109,0
109,1448,1
1469,109,0
109,1472,1
109,1494,1
109,1498,1
1509,109,0
109,1512,1
109,1531,1
109,1585,1
109,1623,1
109,1624,1
109,1631,1
110,314,1
110,380,1
110,437,1
110,547,1
110,698,1
828,110,0
111,163,1
111,189,0
111,221,0
111,247,0
269,111,0
111,488,0
111,878,1
111,1145,1
111,1241,0
111,1292,1
111,1356,0
112,299,1
112,641,0
112,818,0
1069,112,0
1521,112,0
113,861,0
223,114,0
265,114,0
114,283,0
296,114,0
114,348,1
114,372,1
373,114,0
114,377,1
114,393,1
406,114,0
114,448,1
114,464,1
489,114,0
494,114,0
114,499,0
114,521,1
114,537,1
114,556,1
114,586,1
597,114,0
114,640,1
114,648,1
114,664,1
114,668,1
114,708,1
114,753,1
114,768,1
114,808,1
114,850,1
114,865,1
114,866,1
114,885,1
910,114,0
1008,114,0
114,1026,1
114,1041,1
114,1074,1
114,1078,1
114,1115,1
114,1127,1
114,1136,1
1141,114,0
1151,114,0
114,1152,1
114,1172,1
1220,114,0
114,1222,1
114,1229,1
114,1234,1
114,1235,1
1237,114,0
114,1262,1
114,1317,1
114,1339,1
114,1359,1
1374,114,0
1409,114,0
1420,114,0
114,1427,1
114,1437,1
114,1446,1
114,1480,1
1498,114,0
1504,114,0
114,1512,1
114,1529,1
1573,114,0
114,1635,1
114,1637,1
114,1638,1
115,108,1
115,217,0
115,292,1
115,315,1
115,382,1
115,444,1
115,480,0
115,620,0
115,856,1
1124,115,0
115,1332,1
115,1361,0
116,341,0
116,486,1
577,116,0
116,1094,1
116,1206,1
1371,116,0
116,1495,1
442,117,0
117,584,1
117,647,1
789,117,0
791,117,0
117,807,0
117,1618,1
118,223,1
118,265,1
118,279,1
118,296,1
118,348,1
118,372,1
118,373,1
118,406,1
448,118,0
464,118,0
118,488,1
118,523,0
118,556,1
118,586,1
118,597,1
118,664,1
668,118,0
118,753,1
118,768,1
118,808,1
866,118,0
885,118,0
118,895,1
118,910,1
1008,118,0
118,1026,1
1041,118,0
118,1074,1
1115,118,0
118,1136,1
118,1141,1
1143,118,0
1151,118,0
118,1152,1
1198,118,0
1229,118,0
118,1234,1
118,1237,1
118,1262,1
1317,118,0
118,1359,1
118,1393,1
118,1409,1
118,1420,1
118,1437,1
118,1446,1
118,1480,1
118,1498,1
1635,118,0
118,1637,1
118,1638,1
119,1,1
119,2,1
119,4,1
119,11,1
12,119,0
119,18,1
119,26,1
119,31,1
119,38,1
48,119,0
119,56,1
57,119,0
119,61,1
119,62,1
72,119,0
119,77,1
119,79,1
119,87,1
119,96,1
119,108,1
114,119,0
119,121,1
125,119,0
128,119,0
119,134,1
136,119,0
119,141,1
151,119,0
119,155,1
164,119,0
119,170,1
180,119,0
119,183,1
119,185,1
188,119,0
119,192,1
119,195,1
119,199,1
202,119,0
119,226,1
230,119,0
231,119,0
233,119,0
119,234,1
237,119,0
119,240,1
119,244,1
119,256,1
119,273,1
119,281,1
119,287,1
119,291,1
119,293,1
119,299,1
119,302,1
312,119,0
119,320,1
322,119,0
119,324,1
119,331,1
119,333,1
119,334,1
119,342,1
344,119,0
119,349,1
119,359,1
119,361,1
119,374,1
385,119,0
391,119,0
119,395,1
119,402,1
405,119,0
119,411,1
419,119,0
119,428,1
433,119,0
119,442,1
119,444,1
446,119,0
119,456,1
457,119,0
119,467,1
119,471,1
119,477,1
119,481,1
119,486,1
119,491,1
500,119,0
119,503,1
119,505,1
119,506,1
119,508,1
509,119,0
119,515,1
119,528,1
119,531,1
119,532,1
119,543,1
546,119,0
119,551,1
119,553,1
119,570,1
119,578,1
119,587,1
596,119,0
119,600,1
602,119,0
606,119,0
119,609,1
119,611,1
119,617,1
119,619,1
119,626,1
641,119,0
119,647,1
119,652,1
655,119,0
119,658,1
119,659,1
119,666,1
669,119,0
119,675,1
676,119,0
119,677,1
119,683,1
119,685,1
687,119,0
693,119,0
119,696,1
701,119,0
119,705,1
119,711,1
119,713,1
714,119,0
119,721,1
723,119,0
119,727,1
119,729,1
119,730,1
119,738,1
754,119,0
119,756,1
764,119,0
119,769,1
119,777,1
783,119,0
119,788,1
793,119,0
798,119,0
119,802,1
807,119,0
812,119,0
119,819,1
823,119,0
826,119,0
119,827,1
830,119,0
119,833,1
835,119,0
119,847,1
119,851,1
853,119,0
119,854,1
119,855,1
119,857,1
119,859,1
860,119,0
861,119,0
119,877,1
119,879,1
119,883,1
886,119,0
893,119,0
119,896,1
898,119,0
119,900,1
119,903,1
912,119,0
119,920,1
119,927,1
119,928,1
119,929,1
119,932,1
119,943,1
944,119,0
119,948,1
119,953,1
119,957,1
959,119,0
119,960,1
119,962,1
119,966,1
119,970,1
119,979,1
984,119,0
986,119,0
119,988,1
119,990,1
119,995,1
119,1003,1
119,1006,1
1007,119,0
119,1010,1
119,1013,1
1017,119,0
1022,119,0
1023,119,0
119,1029,1
1033,119,0
1034,119,0
1040,119,0
1044,119,0
119,1046,1
1069,119,0
119,1071,1
119,1079,1
1080,119,0
119,1085,1
1092,119,0
119,1100,1
119,1106,1
1107,119,0
119,1109,1
1115,119,0
119,1121,1
1132,119,0
1138,119,0
119,1142,1
1146,119,0
1148,119,0
119,1153,1
1163,119,0
1164,119,0
119,1168,1
119,1169,1
119,1175,1
119,1181,1
1185,119,0
1186,119,0
1193,119,0
119,1194,1
119,1196,1
1197,119,0
119,1200,1
119,1202,1
1206,119,0
119,1221,1
119,1236,1
119,1238,1
1239,119,0
1246,119,0
119,1251,1
1261,119,0
1262,119,0
119,1274,1
1277,119,0
119,1280,1
119,1284,1
119,1287,1
1291,119,0
1293,119,0
119,1303,1
119,1305,1
119,1307,1
119,1310,1
119,1315,1
119,1319,1
119,1320,1
119,1321,1
1331,119,0
119,1332,1
119,1334,1
1342,119,0
119,1350,1
1356,119,0
119,1382,1
119,1384,1
119,1391,1
119,1392,1
119,1398,1
119,1414,1
119,1421,1
119,1423,1
119,1438,1
119,1442,1
119,1445,1
119,1449,1
1452,119,0
119,1454,1
119,1456,1
119,1457,1
1464,119,0
119,1475,1
119,1477,1
119,1478,1
119,1479,1
119,1480,1
1491,119,0
119,1495,1
119,1497,1
119,1500,1
119,1506,1
119,1513,1
1515,119,0
119,1516,1
119,1526,1
119,1532,1
1539,119,0
1543,119,0
119,1544,1
1546,119,0
1548,119,0
119,1551,1
119,1553,1
119,1555,1
119,1558,1
119,1565,1
119,1566,1
119,1568,1
119,1570,1
1582,119,0
1584,119,0
119,1590,1
1599,119,0
1600,119,0
119,1604,1
119,1607,1
119,1610,1
119,1612,1
1618,119,0
119,1621,1
119,1629,1
119,1633,1
119,1638,1
1640,119,0
1641,119,0
9,120,0
120,105,1
128,120,0
120,130,1
120,202,1
120,211,1
216,120,0
120,235,1
120,249,1
250,120,0
253,120,0
267,120,0
270,120,0
120,271,1
120,291,1
120,307,1
120,309,1
120,330,1
120,333,1
120,335,1
120,336,1
120,366,1
390,120,0
120,391,1
120,430,0
120,440,1
446,120,0
120,453,1
120,479,1
120,495,1
514,120,0
120,520,1
120,523,1
120,539,1
568,120,0
120,580,1
591,120,0
644,120,0
657,120,0
120,675,1
120,687,1
120,693,1
120,696,1
120,730,1
120,744,1
120,759,1
765,120,0
120,774,1
783,120,0
120,784,1
800,120,0
807,120,0
862,120,0
120,888,1
120,948,1
120,954,1
120,956,1
972,120,0
974,120,0
981,120,0
120,1016,1
120,1042,1
120,1043,1
1047,120,0
120,1050,1
120,1058,1
120,1064,1
120,1086,1
120,1113,1
120,1148,1
1153,120,0
1167,120,0
120,1168,1
120,1208,1
120,1214,1
120,1218,1
120,1220,1
120,1231,1
120,1232,1
120,1244,1
120,1288,1
120,1294,1
1303,120,0
120,1306,1
1315,120,0
120,1331,1
120,1341,1
120,1356,1
120,1363,1
120,1369,1
1398,120,0
120,1400,1
120,1401,1
120,1412,1
120,1416,1
120,1417,1
1454,120,0
120,1476,1
120,1542,1
120,1557,1
120,1560,1
1578,120,0
120,1584,1
120,1601,1
120,1618,1
1619,120,0
108,121,0
121,118,1
121,161,1
121,315,1
121,444,1
121,757,1
121,784,1
121,795,1
121,1062,1
1112,121,0
1190,121,0
121,1216,1
1280,121,0
121,1332,1
1581,121,0
415,122,0
122,515,1
122,723,1
926,122,0
122,1546,1
123,344,0
123,421,0
123,510,0
124,620,1
124,682,1
124,1077,0
124,1109,0
124,1204,0
125,15,1
125,128,1
186,125,0
125,396,1
125,671,1
702,125,0
783,125,0
125,922,1
948,125,0
991,125,0
1040,125,0
125,1049,1
1194,125,0
1205,125,0
125,1265,1
125,1305,1
125,1321,1
1396,125,0
125,1558,1
125,1617,1
126,259,1
352,126,0
126,438,1
126,465,1
126,651,1
126,910,0
30,127,0
127,326,1
127,442,1
525,127,0
127,623,1
127,670,1
127,1258,1
127,1466,1
127,1621,0
128,289,1
128,414,1
454,128,0
128,624,1
128,657,1
128,704,0
128,751,1
783,128,0
128,823,1
128,874,1
1040,128,0
128,1083,1
128,1202,1
1265,128,0
128,1266,1
1396,128,0
128,1408,0
128,1465,1
1476,128,0
128,1533,1
128,1571,1
1617,128,0
129,270,1
129,436,1
129,442,1
270,130,0
130,850,1
130,1241,1
130,1619,1
61,131,0
131,482,1
131,779,0
131,963,1
131,1082,1
131,1163,1
131,1583,1
132,13,1
132,98,1
132,370,1
409,132,0
132,644,1
132,690,1
132,832,1
132,892,1
132,985,1
1288,132,0
132,1295,1
132,1349,1
132,1597,1
14,133,0
133,84,1
133,152,1
400,133,0
133,425,1
133,513,1
133,932,1
998,133,0
133,1024,1
133,1045,0
133,1085,1
133,1352,1
133,1541,1
134,281,1
134,367,0
494,134,0
134,847,1
134,883,1
134,1115,1
134,1145,0
134,1239,1
1498,134,0
134,1513,0
14,135,0
15,135,0
31,135,0
135,54,1
62,135,0
135,65,1
135,118,1
135,133,1
135,161,1
135,185,1
135,187,1
239,135,0
135,241,1
269,135,0
135,272,1
135,302,0
317,135,0
320,135,0
135,338,1
135,342,1
135,379,1
398,135,0
135,403,1
416,135,0
424,135,0
135,430,1
447,135,0
135,468,1
135,480,1
135,559,1
135,564,1
607,135,0
135,610,1
135,614,1
135,620,1
135,629,1
135,630,1
135,650,1
135,655,1
135,657,1
135,674,1
676,135,0
135,686,1
720,135,0
135,725,1
135,738,1
135,742,1
745,135,0
135,783,1
790,135,0
135,802,1
135,824,1
135,831,1
135,856,1
135,857,1
135,868,1
135,881,1
883,135,0
135,902,1
905,135,0
135,914,1
135,932,1
936,135,0
940,135,0
135,1017,0
135,1027,1
135,1031,0
1085,135,0
1088,135,0
135,1091,1
135,1095,1
1111,135,0
135,1113,1
1118,135,0
135,1131,1
1147,135,0
135,1149,1
1150,135,0
1158,135,0
1187,135,0
1205,135,0
135,1207,1
1239,135,0
135,1257,1
1265,135,0
135,1271,1
1297,135,0
1299,135,0
135,1351,1
1352,135,0
135,1370,1
1372,135,0
1406,135,0
135,1415,1
1441,135,0
135,1449,1
1458,135,0
135,1465,1
1472,135,0
135,1476,1
135,1478,1
135,1483,1
1486,135,0
135,1498,1
135,1499,1
135,1507,1
135,1508,1
1550,135,0
135,1561,1
1562,135,0
135,1563,1
135,1600,1
136,1,1
273,136,0
136,331,1
136,683,1
136,754,1
136,794,1
136,1007,1
136,1111,0
136,1221,1
137,214,1
137,481,1
137,619,1
137,877,1
137,922,0
138,735,1
138,1367,1
138,1389,1
138,1468,1
139,675,1
139,711,1
139,858,1
139,1003,1
139,1404,1
139,1532,1
140,2,1
140,78,1
140,84,1
90,140,0
140,118,1
140,121,1
140,170,1
140,183,0
140,193,1
216,140,0
140,230,1
140,243,1
140,254,1
140,277,1
140,282,1
304,140,0
309,140,0
140,318,1
328,140,0
333,140,0
140,362,1
375,140,0
140,376,1
387,140,0
140,389,1
140,393,1
140,429,1
140,480,1
140,484,1
140,503,1
140,504,1
529,140,0
140,539,1
140,545,1
140,562,1
140,572,1
140,591,1
140,612,1
140,617,1
619,140,0
140,628,1
140,645,1
140,656,1
140,663,1
140,678,1
140,711,1
140,719,1
140,722,1
140,726,1
728,140,0
140,731,1
140,732,1
745,140,0
140,746,1
140,757,1
140,765,1
769,140,0
771,140,0
777,140,0
792,140,0
140,795,1
798,140,0
140,813,1
822,140,0
140,827,1
140,845,1
140,849,1
850,140,0
140,865,1
140,868,1
140,871,1
140,872,1
140,900,1
140,906,1
140,909,1
140,913,1
140,925,1
140,933,1
949,140,0
959,140,0
963,140,0
140,969,1
987,140,0
140,988,1
140,990,1
1003,140,0
1013,140,0
140,1032,1
140,1042,1
140,1043,1
1056,140,0
140,1062,1
140,1063,1
1075,140,0
140,1088,1
1106,140,0
140,1111,1
1130,140,0
140,1134,1
1144,140,0
140,1154,1
140,1159,1
140,1168,1
140,1186,1
1188,140,0
1193,140,0
140,1194,1
140,1195,1
1202,140,0
140,1228,1
1229,140,0
1236,140,0
140,1238,1
140,1249,1
1251,140,0
140,1263,1
140,1272,1
140,1277,1
140,1291,1
1295,140,0
140,1297,1
1300,140,0
140,1305,1
140,1309,1
1314,140,0
140,1315,1
140,1319,1
140,1326,1
1331,140,0
140,1341,1
140,1351,1
140,1363,1
140,1369,1
1374,140,0
1382,140,0
140,1391,1
140,1403,1
1404,140,0
140,1420,1
140,1457,1
140,1460,1
140,1469,1
140,1481,1
1489,140,0
1490,140,0
140,1491,1
140,1505,1
140,1513,1
1549,140,0
1580,140,0
1584,140,0
1599,140,0
1601,140,0
1620,140,0
1630,140,0
1632,140,0
140,1633,1
141,72,1
141,334,1
442,141,0
141,641,1
141,1452,0
141,1548,1
142,34,1
142,168,0
142,266,1
325,142,0
1084,142,0
1267,142,0
142,1493,1
142,1560,1
143,243,1
143,249,1
143,279,1
143,428,1
489,143,0
143,549,1
550,143,0
569,143,0
143,600,0
628,143,0
143,693,1
743,143,0
143,888,1
143,895,1
143,941,1
143,965,1
1143,143,0
143,1191,1
143,1234,1
143,1235,1
1427,143,0
1434,143,0
143,1585,1
144,174,1
144,355,1
613,144,0
809,144,0
145,434,1
145,475,1
145,515,0
145,654,0
145,676,1
857,145,0
898,145,0
145,1585,0
146,549,0
146,684,0
1015,146,0
146,1106,0
147,843,0
147,1428,0
196,148,0
148,775,1
148,875,1
148,977,0
148,1153,0
148,1334,1
148,1337,1
149,291,1
502,149,0
149,508,1
149,757,0
149,1196,1
1515,149,0
149,1547,1
150,337,1
150,760,1
150,829,1
150,1605,1
151,431,0
151,471,1
151,602,0
721,151,0
863,151,0
151,918,1
151,1189,1
151,1438,1
151,1561,1
152,615,0
152,657,1
152,1413,0
152,1476,1
153,185,0
153,333,0
771,153,0
153,845,1
153,1154,1
1300,153,0
350,154,0
351,154,0
154,841,1
1063,154,0
311,155,0
505,155,0
155,540,0
587,155,0
765,155,0
807,155,0
155,901,0
155,1120,1
155,1273,1
1321,155,0
155,1356,1
155,1523,1
155,1572,1
156,1467,0
3,157,0
157,294,1
382,157,0
157,695,1
157,750,1
1081,157,0
157,1096,1
157,1135,1
157,1358,1
157,1433,1
158,114,1
692,158,0
159,214,0
159,249,1
159,260,1
159,279,1
159,342,1
159,368,1
464,159,0
159,472,1
159,489,1
159,504,1
159,549,1
598,159,0
159,684,1
159,694,1
159,781,1
159,792,1
159,813,1
159,850,1
159,866,1
159,895,1
159,933,1
159,951,1
1054,159,0
159,1086,1
159,1103,1
159,1143,1
159,1202,1
159,1229,1
159,1235,1
159,1237,1
159,1247,1
159,1283,1
1374,159,0
159,1417,1
159,1420,1
1427,159,0
159,1490,1
159,1504,1
1509,159,0
159,1563,0
159,1600,1
160,191,1
160,329,1
481,160,0
160,625,1
160,706,1
160,1035,1
1248,160,0
160,1259,1
161,624,1
161,665,1
161,889,0
161,1198,0
161,1277,0
162,272,0
303,162,0
162,307,0
162,310,1
407,162,0
733,162,0
1061,162,0
162,1089,1
163,314,1
163,677,1
163,714,1
163,788,1
163,928,1
163,1078,0
1197,163,0
163,1612,1
163,1638,0
164,24,1
164,178,1
263,164,0
164,421,1
164,513,1
164,635,1
795,164,0
841,164,0
950,164,0
164,955,1
982,164,0
164,991,1
164,1203,1
1205,164,0
1211,164,0
164,1363,1
164,1440,1
164,1465,1
164,1504,0
165,446,0
165,1267,0
165,1344,0
165,1434,0
278,166,0
166,430,1
445,166,0
814,166,0
166,974,0
166,1137,1
166,1327,1
166,1348,1
166,1508,1
167,2,1
167,827,1
1251,167,0
168,674,1
795,168,0
883,168,0
168,894,1
977,168,0
987,168,0
168,1147,0
168,1239,1
168,1362,1
168,1424,0
1502,168,0
169,15,1
169,108,1
169,114,1
118,169,0
169,307,1
169,315,1
328,169,0
169,493,0
169,757,1
824,169,0
169,852,1
887,169,0
169,1063,1
169,1133,1
169,1228,1
1240,169,0
169,1280,1
1282,169,0
1377,169,0
1379,169,0
169,1439,1
1608,169,0
170,4,1
12,170,0
170,18,1
170,48,1
170,151,1
164,170,0
168,170,0
170,178,1
212,170,0
170,218,1
170,232,1
170,234,1
170,249,1
170,255,1
170,264,1
170,268,1
170,269,1
291,170,0
170,292,1
293,170,0
297,170,0
170,302,1
170,320,1
332,170,0
170,335,1
339,170,0
170,342,1
170,346,1
170,347,1
170,356,1
358,170,0
170,387,1
388,170,0
170,391,1
393,170,0
170,398,1
405,170,0
408,170,0
424,170,0
170,427,1
170,450,1
454,170,0
455,170,0
170,468,1
170,487,1
170,511,1
170,515,1
170,529,1
170,545,1
553,170,0
561,170,0
575,170,0
170,576,1
170,579,1
580,170,0
170,607,1
170,610,1
170,620,1
629,170,0
634,170,0
170,636,1
170,643,1
170,660,1
170,683,1
692,170,0
170,693,1
723,170,0
734,170,0
742,170,0
170,744,1
170,745,1
170,757,1
758,170,0
170,763,1
170,765,1
170,774,1
777,170,0
790,170,0
796,170,0
170,798,1
170,801,1
170,807,1
170,825,1
170,831,1
170,844,1
170,849,1
170,850,1
170,860,1
170,863,1
170,881,1
170,885,1
888,170,0
897,170,0
899,170,0
170,907,1
170,914,1
915,170,0
170,916,1
919,170,0
925,170,0
170,933,1
170,939,1
970,170,0
170,990,1
995,170,0
999,170,0
170,1001,1
1023,170,0
170,1036,1
170,1040,1
170,1048,1
1057,170,0
170,1066,1
170,1086,1
1094,170,0
170,1104,1
170,1115,1
170,1120,1
1131,170,0
170,1132,1
170,1150,1
1152,170,0
170,1169,1
170,1178,1
1184,170,0
170,1187,1
170,1199,1
170,1202,1
170,1207,1
170,1220,1
1221,170,0
1229,170,0
170,1232,1
1262,170,0
170,1269,1
170,1271,1
170,1277,1
170,1295,1
1309,170,0
1313,170,0
1326,170,0
170,1333,1
170,1338,1
170,1343,1
170,1370,1
170,1374,1
170,1396,1
1407,170,0
170,1417,1
1420,170,0
170,1424,1
1432,170,0
1435,170,0
1438,170,0
170,1441,1
1454,170,0
170,1460,1
170,1467,1
1478,170,0
1482,170,0
1483,170,0
1516,170,0
170,1518,1
170,1543,1
1549,170,0
170,1550,1
1557,170,0
170,1562,1
170,1563,1
170,1580,1
1592,170,0
1598,170,0
170,1599,1
170,1600,1
170,1601,1
171,725,0
283,172,0
172,591,1
172,1238,1
172,1291,1
173,321,1
173,1256,1
173,1473,1
173,1575,0
174,320,0
174,350,0
174,809,1
175,31,1
149,175,0
175,249,1
175,279,1
175,291,1
292,175,0
175,330,1
175,347,1
362,175,0
175,366,1
175,368,1
393,175,0
175,417,1
175,422,1
175,463,1
175,464,1
175,472,1
175,504,1
175,514,1
175,529,1
549,175,0
175,591,1
615,175,0
175,643,1
656,175,0
663,175,0
175,684,1
175,701,1
175,735,1
744,175,0
175,774,1
175,777,1
175,781,1
792,175,0
175,813,1
175,866,1
175,885,1
175,894,1
175,895,1
925,175,0
175,933,1
175,939,1
951,175,0
175,996,1
1008,175,0
175,1009,1
175,1043,1
175,1058,1
1077,175,0
175,1079,1
1116,175,0
175,1143,1
175,1214,1
175,1229,1
175,1231,1
175,1232,1
175,1234,1
175,1235,1
1237,175,0
175,1247,1
175,1249,1
175,1274,1
175,1281,1
175,1283,1
175,1301,0
175,1325,1
175,1331,1
175,1374,1
175,1389,1
175,1401,1
175,1413,1
175,1417,1
175,1420,1
175,1427,1
175,1460,1
175,1468,1
175,1504,1
1515,175,0
175,1518,1
1557,175,0
1580,175,0
175,1594,1
175,1600,1
1601,175,0
1613,175,0
1625,175,0
176,146,1
176,795,1
176,841,1
176,1235,1
176,1288,1
177,695,0
792,177,0
887,177,0
177,1434,1
178,224,1
178,950,1
178,1120,0
1537,179,0
179,1538,1
180,977,0
180,1157,1
181,31,1
181,37,1
108,181,0
181,197,1
214,181,0
181,225,1
181,285,1
181,308,1
181,311,1
181,323,1
181,343,1
444,181,0
181,499,1
548,181,0
181,571,1
181,573,1
181,594,0
608,181,0
609,181,0
181,621,1
633,181,0
181,671,1
741,181,0
786,181,0
838,181,0
918,181,0
930,181,0
992,181,0
1027,181,0
181,1052,1
181,1062,1
181,1108,1
1209,181,0
181,1227,1
181,1276,1
181,1280,1
181,1302,1
1332,181,0
181,1354,1
1364,181,0
181,1408,1
181,1447,1
181,1474,1
1567,181,0
181,1572,1
449,182,0
521,182,0
706,182,0
785,182,0
183,770,1
859,183,0
183,1071,1
183,1445,1
1477,183,0
183,1555,1
183,1569,1
184,434,1
184,464,1
184,489,0
184,551,0
184,660,0
1537,184,0
185,358,0
1117,185,0
185,1149,1
185,1158,1
1449,185,0
186,54,1
186,57,1
186,262,1
186,297,1
379,186,0
186,381,1
186,390,1
186,403,1
186,453,0
186,468,1
186,511,1
607,186,0
186,610,1
614,186,0
186,620,1
186,629,1
186,643,1
186,669,1
186,685,1
186,706,1
186,736,1
186,742,1
186,795,1
802,186,0
810,186,0
186,824,1
186,831,1
186,872,1
186,902,1
186,921,1
924,186,0
186,931,1
966,186,0
186,981,1
1028,186,0
1035,186,0
186,1062,1
186,1131,1
186,1137,0
186,1207,1
1225,186,0
186,1253,1
1297,186,0
186,1305,1
1322,186,0
186,1323,1
186,1338,1
1351,186,0
186,1372,1
186,1403,1
186,1415,1
1441,186,0
1456,186,0
186,1465,1
1483,186,0
186,1486,1
186,1550,1
1560,186,0
186,1562,1
1563,186,0
1565,186,0
1577,186,0
186,1598,1
186,1641,1
187,297,0
187,764,1
187,824,1
873,187,0
937,187,0
1257,187,0
187,1381,1
1447,187,0
187,1488,1
765,188,0
188,1544,1
189,652,0
189,906,0
190,245,1
190,288,1
744,190,0
961,190,0
190,1181,0
190,1347,1
190,1596,1
191,293,1
191,405,1
191,625,1
191,806,1
914,191,0
1035,191,0
191,1248,1
191,1252,1
1303,191,0
191,1516,1
192,1139,1
193,2,1
71,193,0
193,78,1
193,100,1
114,193,0
118,193,0
193,170,1
202,193,0
193,209,1
193,230,1
193,243,1
193,254,1
193,277,1
193,290,1
193,292,1
193,302,1
193,304,1
193,316,1
193,318,1
193,322,1
193,328,1
193,342,1
193,362,1
193,375,1
193,393,1
193,446,1
474,193,0
193,479,1
193,480,1
193,481,1
193,484,1
503,193,0
509,193,0
193,529,1
193,539,1
545,193,0
555,193,0
562,193,0
193,572,1
591,193,0
612,193,0
193,617,1
619,193,0
193,628,1
193,645,1
193,663,1
696,193,0
193,711,1
719,193,0
726,193,0
193,728,1
193,731,1
745,193,0
193,754,1
193,757,1
769,193,0
771,193,0
193,774,1
193,777,1
193,778,1
792,193,0
193,795,1
813,193,0
817,193,0
193,821,1
193,822,1
849,193,0
193,850,1
868,193,0
193,871,1
193,872,1
877,193,0
193,885,1
193,886,1
900,193,0
902,193,0
193,909,1
913,193,0
193,925,1
949,193,0
193,969,1
193,976,1
987,193,0
193,988,1
193,990,1
1003,193,0
1042,193,0
193,1043,1
193,1056,1
1075,193,0
193,1080,1
193,1106,1
193,1122,1
1130,193,0
193,1137,1
1153,193,0
1154,193,0
193,1159,1
193,1168,1
193,1186,1
1188,193,0
193,1191,1
193,1193,1
1194,193,0
193,1202,1
193,1210,1
193,1219,1
193,1225,1
193,1228,1
193,1229,1
1232,193,0
193,1236,1
1249,193,0
1251,193,0
193,1263,1
1272,193,0
193,1275,1
1277,193,0
193,1282,1
193,1287,1
193,1291,1
193,1305,1
193,1309,1
193,1314,1
1315,193,0
193,1331,1
193,1351,1
193,1362,1
193,1363,1
193,1369,1
193,1374,1
193,1404,1
193,1457,1
1460,193,0
193,1469,1
1475,193,0
1481,193,0
1489,193,0
193,1490,1
193,1491,1
193,1505,1
193,1513,1
1535,193,0
193,1536,1
1557,193,0
193,1580,1
1585,193,0
193,1600,1
193,1601,1
193,1620,1
193,1630,1
1632,193,0
193,1640,1
193,1641,1
194,35,1
194,547,0
854,194,0
194,1006,1
194,1312,0
1519,194,0
196,1321,0
197,730,0
199,279,0
199,743,0
199,1391,0
200,351,0
201,938,0
201,1122,0
201,1571,0
203,629,0
204,1295,0
205,562,0
205,1159,0
205,1221,0
205,1439,0
206,225,0
206,386,0
208,221,0
208,355,0
209,914,0
210,642,0
210,1396,0
211,296,0
212,1614,0
213,1016,0
213,1623,0
216,1603,0
218,946,0
218,1104,0
219,259,0
220,1061,0
220,1516,0
221,631,0
221,914,0
221,1541,0
223,225,0
223,892,0
223,1424,0
224,242,0
224,343,0
226,1130,0
227,337,0
227,647,0
228,378,0
228,1446,0
229,310,0
229,590,0
229,1432,0
230,645,0
230,1477,0
232,680,0
233,585,0
233,730,0
233,1230,0
233,1482,0
235,300,0
235,359,0
236,916,0
238,412,0
238,957,0
241,303,0
241,1086,0
242,274,0
242,1091,0
242,1135,0
242,1633,0
243,420,0
244,850,0
245,1230,0
246,1576,0
249,654,0
252,389,0
252,1269,0
255,558,0
255,1568,0
256,1358,0
259,653,0
262,294,0
262,327,0
262,1466,0
264,397,0
265,432,0
265,666,0
266,1050,0
266,1066,0
267,1226,0
271,695,0
272,1426,0
273,525,0
274,371,0
275,353,0
275,1385,0
279,957,0
279,1267,0
279,1318,0
279,1549,0
281,371,0
281,1028,0
283,983,0
283,1184,0
284,1358,0
285,714,0
286,934,0
288,814,0
288,1339,0
289,827,0
291,461,0
292,861,0
292,1174,0
293,416,0
294,1148,0
294,1335,0
295,470,0
295,513,0
297,792,0
297,818,0
298,517,0
299,642,0
299,824,0
300,575,0
300,955,0
300,1410,0
302,689,0
302,838,0
304,346,0
305,1580,0
307,453,0
307,685,0
307,1093,0
307,1219,0
309,366,0
309,1083,0
311,313,0
311,722,0
312,1516,0
314,1311,0
315,690,0
315,1118,0
315,1327,0
316,822,0
316,934,0
317,1067,0
317,1309,0
318,795,0
319,1295,0
320,405,0
320,1399,0
322,597,0
322,1061,0
322,1101,0
323,854,0
323,876,0
325,326,0
325,1490,0
325,1561,0
326,398,0
326,644,0
327,419,0
327,1114,0
328,718,0
328,1304,0
330,1035,0
333,607,0
333,677,0
333,1197,0
333,1265,0
334,753,0
335,620,0
336,1567,0
338,484,0
342,959,0
344,1538,0
345,1266,0
345,1440,0
346,698,0
346,818,0
346,981,0
346,1399,0
347,1157,0
348,1113,0
348,1637,0
350,1392,0
351,381,0
351,478,0
351,752,0
353,470,0
353,1373,0
354,1054,0
355,1042,0
356,601,0
356,1080,0
357,648,0
357,912,0
359,782,0
359,1447,0
359,1514,0
360,1510,0
361,635,0
361,1455,0
361,1499,0
363,947,0
363,973,0
363,1475,0
366,825,0
367,751,0
369,1535,0
371,971,0
374,572,0
374,1480,0
375,599,0
375,1010,0
377,604,0
377,1513,0
378,1401,0
379,1566,0
381,1202,0
381,1623,0
382,461,0
382,475,0
382,901,0
382,1141,0
383,410,0
384,1506,0
385,962,0
385,1105,0
386,612,0
387,1116,0
388,714,0
389,895,0
389,1459,0
392,942,0
392,1639,0
393,1492,0
394,396,0
394,451,0
394,951,0
395,1256,0
396,1480,0
397,1438,0
398,440,0
398,537,0
398,1127,0
399,1131,0
399,1441,0
401,549,0
401,959,0
401,1268,0
401,1560,0
402,500,0
402,899,0
402,1473,0
403,1374,0
404,420,0
404,1173,0
406,707,0
407,1239,0
408,1355,0
408,1463,0
410,442,0
415,760,0
415,846,0
416,1027,0
416,1322,0
417,923,0
418,547,0
421,1402,0
422,437,0
426,832,0
427,881,0
427,948,0
427,1218,0
428,1399,0
430,1525,0
431,511,0
432,583,0
433,1592,0
434,1179,0
435,1170,0
436,634,0
436,1623,0
437,909,0
438,848,0
438,1478,0
442,1407,0
442,1498,0
444,1565,0
445,812,0
446,1018,0
446,1519,0
448,699,0
448,796,0
448,941,0
449,886,0
450,1098,0
450,1132,0
450,1526,0
453,604,0
454,1213,0
459,760,0
459,1636,0
460,645,0
460,1524,0
462,707,0
462,735,0
462,1041,0
467,1230,0
468,657,0
469,1120,0
469,1342,0
472,607,0
473,806,0
475,627,0
476,773,0
476,1024,0
477,620,0
479,1397,0
480,1048,0
480,1558,0
482,1363,0
483,709,0
484,783,0
486,775,0
487,1214,0
488,1338,0
489,1255,0
490,564,0
492,1336,0
493,980,0
493,1285,0
494,1115,0
495,869,0
495,1635,0
496,944,0
499,715,0
501,705,0
503,1315,0
504,808,0
504,1164,0
507,672,0
507,1063,0
508,1300,0
508,1440,0
509,1021,0
513,1069,0
514,901,0
515,551,0
516,870,0
516,1168,0
518,706,0
518,1529,0
522,1431,0
523,1177,0
523,1479,0
523,1502,0
524,1488,0
525,566,0
526,1149,0
527,1363,0
528,725,0
531,1346,0
531,1498,0
531,1562,0
533,736,0
533,1170,0
533,1215,0
533,1275,0
537,691,0
537,987,0
539,618,0
539,931,0
541,848,0
544,993,0
546,850,0
548,1399,0
550,683,0
550,1138,0
554,743,0
555,1148,0
555,1617,0
556,1061,0
557,1406,0
558,673,0
558,984,0
559,883,0
559,1322,0
563,1137,0
564,1476,0
566,839,0
566,1001,0
570,1276,0
571,1562,0
573,1022,0
573,1386,0
575,1145,0
576,1409,0
578,1090,0
580,1501,0
581,1304,0
581,1635,0
582,788,0
583,842,0
585,1067,0
586,1143,0
588,1179,0
588,1416,0
591,930,0
592,1293,0
596,1006,0
597,766,0
598,1358,0
599,766,0
599,1537,0
601,815,0
601,1249,0
601,1316,0
605,1181,0
606,1545,0
607,674,0
607,706,0
607,797,0
608,1476,0
609,1565,0
610,1283,0
612,981,0
612,1334,0
612,1424,0
614,761,0
614,1046,0
615,1149,0
618,1077,0
618,1265,0
618,1590,0
619,828,0
619,1631,0
620,1012,0
620,1594,0
621,969,0
621,1294,0
621,1372,0
621,1547,0
621,1619,0
622,691,0
624,1455,0
625,1204,0
625,1321,0
629,1466,0
632,1095,0
632,1446,0
634,1002,0
634,1571,0
635,1582,0
638,1056,0
639,1101,0
640,1312,0
641,686,0
641,998,0
645,1383,0
646,861,0
646,1008,0
646,1097,0
648,1380,0
649,1420,0
652,771,0
653,871,0
654,1080,0
655,742,0
657,782,0
660,1492,0
662,1019,0
663,938,0
664,1216,0
671,817,0
671,1303,0
672,1208,0
678,933,0
679,1161,0
679,1385,0
679,1590,0
680,900,0
681,1123,0
683,1236,0
684,1011,0
684,1397,0
687,1321,0
688,1135,0
689,886,0
689,1181,0
689,1504,0
693,803,0
694,817,0
695,1204,0
698,956,0
699,850,0
700,1161,0
700,1540,0
701,1058,0
701,1109,0
701,1194,0
703,1137,0
704,1388,0
707,1193,0
707,1393,0
708,1547,0
708,1572,0
710,1124,0
712,1624,0
713,1298,0
714,921,0
714,1172,0
715,910,0
717,1467,0
718,872,0
721,1024,0
722,1618,0
723,1251,0
724,1563,0
726,1234,0
726,1597,0
727,1091,0
727,1577,0
728,1587,0
729,1223,0
730,991,0
731,854,0
731,1501,0
732,905,0
734,1569,0
734,1590,0
735,1456,0
736,748,0
739,769,0
739,842,0
740,1082,0
740,1406,0
740,1574,0
742,1331,0
743,1528,0
744,1393,0
746,785,0
746,888,0
746,1579,0
746,1615,0
755,1078,0
755,1226,0
757,1040,0
757,1456,0
757,1584,0
759,1358,0
762,1531,0
764,1275,0
769,894,0
770,820,0
770,1202,0
771,901,0
771,1469,0
772,1579,0
777,1557,0
777,1595,0
780,955,0
781,1617,0
782,791,0
786,1554,0
788,1497,0
789,816,0
791,871,0
793,822,0
793,1363,0
797,976,0
797,1019,0
797,1335,0
798,1527,0
799,1415,0
799,1561,0
806,1286,0
806,1434,0
807,1200,0
807,1563,0
810,1198,0
813,1526,0
814,1175,0
815,961,0
816,1621,0
819,1284,0
819,1570,0
820,1043,0
820,1276,0
820,1566,0
823,1072,0
824,1170,0
829,1177,0
834,1021,0
834,1097,0
834,1230,0
835,1020,0
836,1067,0
837,1009,0
838,902,0
839,931,0
844,1043,0
846,930,0
847,1231,0
848,945,0
848,1121,0
849,1274,0
851,897,0
851,984,0
851,1229,0
852,1082,0
856,1518,0
857,1420,0
860,955,0
860,979,0
860,1067,0
861,1288,0
863,1192,0
863,1621,0
864,944,0
869,1283,0
869,1419,0
871,1056,0
871,1529,0
873,1592,0
878,901,0
879,1161,0
880,1261,0
882,943,0
885,961,0
885,1135,0
886,1384,0
890,1040,0
893,923,0
893,1223,0
895,922,0
895,1027,0
902,1304,0
903,1523,0
907,1450,0
907,1598,0
909,1585,0
911,1167,0
911,1555,0
913,1312,0
914,1379,0
917,1137,0
917,1618,0
918,1192,0
922,1604,0
923,1285,0
926,1598,0
928,1404,0
931,1288,0
931,1508,0
933,1337,0
941,949,0
944,1573,0
947,1508,0
955,1113,0
956,1096,0
966,1304,0
967,974,0
968,1282,0
970,1505,0
971,1039,0
971,1316,0
973,1185,0
976,1611,0
977,1340,0
979,1196,0
981,1537,0
986,1039,0
987,1024,0
991,1593,0
993,1183,0
996,1042,0
996,1400,0
1000,1412,0
1001,1379,0
1003,1367,0
1004,1533,0
1005,1557,0
1007,1225,0
1010,1207,0
1010,1231,0
1011,1023,0
1011,1127,0
1011,1426,0
1014,1352,0
1015,1193,0
1015,1573,0
1016,1481,0
1017,1369,0
1018,1495,0
1020,1466,0
1022,1196,0
1023,1518,0
1024,1266,0
1026,1549,0
1027,1629,0
1028,1068,0
1032,1190,0
1033,1124,0
1034,1211,0
1035,1480,0
1037,1625,0
1038,1086,0
1042,1146,0
1044,1074,0
1045,1273,0
1045,1554,0
1054,1369,0
1056,1291,0
1057,1232,0
1057,1266,0
1059,1227,0
1069,1424,0
1070,1509,0
1072,1559,0
1072,1591,0
1073,1393,0
1074,1322,0
1076,1480,0
1079,1413,0
1081,1093,0
1083,1097,0
1083,1287,0
1083,1642,0
1085,1193,0
1087,1283,0
1097,1541,0
1098,1487,0
1098,1542,0
1099,1334,0
1099,1491,0
1107,1199,0
1107,1218,0
1108,1279,0
1113,1427,0
1114,1455,0
1115,1280,0
1116,1625,0
1119,1152,0
1122,1326,0
1125,1417,0
1127,1235,0
1129,1539,0
1131,1360,0
1132,1540,0
1134,1387,0
1141,1172,0
1143,1467,0
1147,1179,0
1149,1621,0
1150,1600,0
1153,1155,0
1153,1600,0
1156,1513,0
1160,1505,0
1161,1595,0
1163,1587,0
1167,1170,0
1167,1446,0
1168,1253,0
1172,1485,0
1176,1250,0
1178,1181,0
1189,1567,0
1191,1465,0
1193,1585,0
1193,1636,0
1200,1364,0
1202,1293,0
1202,1355,0
1202,1420,0
1203,1351,0
1205,1290,0
1205,1433,0
1209,1302,0
1212,1601,0
1215,1428,0
1218,1311,0
1218,1560,0
1223,1458,0
1224,1394,0
1231,1572,0
1234,1375,0
1234,1402,0
1240,1370,0
1240,1587,0
1242,1282,0
1242,1330,0
1242,1562,0
1245,1490,0
1261,1422,0
1262,1472,0
1262,1593,0
1265,1468,0
1269,1478,0
1270,1582,0
1270,1606,0
1274,1633,0
1278,1526,0
1281,1386,0
1287,1473,0
1288,1385,0
1300,1360,0
1307,1515,0
1310,1529,0
1314,1442,0
1325,1537,0
1326,1546,0
1333,1477,0
1336,1399,0
1338,1599,0
1340,1470,0
1346,1414,0
1350,1364,0
1350,1445,0
1350,1636,0
1352,1564,0
1352,1609,0
1365,1578,0
1366,1630,0
1367,1626,0
1373,1531,0
1375,1565,0
1383,1528,0
1392,1638,0
1393,1498,0
1394,1477,0
1395,1414,0
1401,1429,0
1405,1641,0
1406,1574,0
1410,1471,0
1420,1561,0
1422,1543,0
1432,1514,0
1434,1465,0
1439,1608,0
1439,1629,0
1440,1547,0
1468,1521,0
1473,1508,0
1477,1536,0
1487,1547,0
1491,1538,0
1494,1636,0
1515,1538,0
1546,1580,0
1556,1637,0
1564,1621,0
1620,1622,0
