0,166,1
0,200,1
0,265,3
0,286,3
0,290,1
0,498,1
0,848,1
0,918,1
0,935,1
0,987,1
0,988,1
0,1095,3
0,1124,1
0,1129,1
0,1161,1
0,1301,1
0,1362,1
0,1426,1
0,1538,3
1,26,1
1,662,1
1,701,1
1,707,3
1,955,3
1,1033,3
1,1069,1
1,1152,1
1,1176,1
1,1220,1
1,1262,1
1,1277,1
1,1352,1
1,1405,3
1,1414,1
1,1462,3
1,1599,1
2,509,1
2,548,1
2,560,3
2,571,3
2,827,1
2,1194,3
2,1251,1
2,1287,1
2,1490,1
2,1491,1
2,1535,1
3,222,1
3,249,1
3,258,1
3,319,1
3,687,1
3,1243,3
3,1303,3
3,1322,1
3,1340,1
3,1396,3
3,1458,3
4,116,1
4,234,1
4,819,1
5,163,3
5,495,1
5,967,3
5,1042,1
5,1231,1
5,1320,3
5,1400,1
6,326,1
6,519,3
6,1207,1
6,1536,1
7,22,1
7,179,1
7,204,1
7,284,1
7,345,1
7,399,1
7,484,1
7,555,1
7,562,1
7,581,1
7,590,1
7,772,1
7,776,1
7,778,1
7,822,1
7,842,1
7,936,1
7,940,1
7,973,1
7,1122,1
7,1159,1
7,1180,1
7,1394,1
7,1458,1
7,1503,1
8,848,3
8,878,3
8,1084,3
9,210,1
9,298,1
9,497,1
9,994,1
9,1084,1
9,1311,1
9,1469,3
9,1537,3
9,1600,3
10,175,1
10,279,1
10,314,1
10,316,1
10,318,1
10,381,1
10,389,1
10,390,1
10,437,1
10,464,1
10,489,1
10,516,1
10,529,1
10,642,1
10,683,1
10,698,1
10,705,1
10,746,1
10,828,1
10,866,1
10,895,1
10,906,1
10,925,1
10,949,3
10,951,1
10,969,1
10,981,1
10,996,1
10,1008,1
10,1022,1
10,1028,1
10,1047,1
10,1054,1
10,1134,1
10,1143,1
10,1221,1
10,1226,1
10,1234,1
10,1235,1
10,1237,1
10,1427,1
10,1469,1
10,1504,1
10,1528,3
10,1532,1
10,1553,1
10,1554,1
10,1560,1
10,1580,1
10,1628,1
11,77,1
11,243,1
11,319,1
11,460,1
11,475,1
11,496,1
11,628,1
11,632,1
11,680,1
11,695,3
11,716,1
11,726,1
11,745,1
11,805,1
11,836,1
11,858,1
11,1038,3
11,1188,1
11,1191,1
11,1204,1
11,1213,1
11,1225,1
11,1242,1
11,1565,3
11,1585,1
12,22,1
12,34,1
12,211,1
12,241,1
12,242,1
12,247,3
12,300,1
12,370,1
12,386,1
12,404,1
12,409,1
12,431,1
12,458,1
12,490,1
12,583,1
12,644,1
12,645,1
12,654,1
12,673,1
12,721,1
12,748,1
12,749,1
12,753,1
12,804,1
12,832,1
12,869,1
12,886,3
12,930,1
12,976,1
12,1095,1
12,1123,1
12,1180,1
12,1260,1
12,1266,1
12,1267,3
12,1288,1
12,1314,1
12,1326,1
12,1349,1
12,1355,1
12,1366,1
12,1373,1
12,1443,1
12,1463,1
12,1517,1
12,1527,1
12,1543,1
12,1571,1
12,1589,1
12,1609,1
12,1636,3
12,1642,1
13,65,1
13,294,1
13,349,1
13,488,1
13,747,1
13,1597,1
14,215,1
14,289,1
14,497,3
14,914,1
14,932,1
14,1085,1
14,1244,3
14,1256,3
14,1401,1
15,34,3
15,108,1
15,114,1
15,118,1
15,307,1
15,315,1
15,328,1
15,365,3
15,444,1
15,525,1
15,686,1
15,757,1
15,824,1
15,852,1
15,887,1
15,1011,1
15,1063,1
15,1133,1
15,1219,3
15,1228,1
15,1240,1
15,1280,1
15,1282,1
15,1367,1
15,1377,1
15,1379,1
15,1424,3
15,1439,1
15,1529,3
15,1608,1
16,236,1
16,455,1
17,103,2
18,309,1
18,479,1
18,572,1
18,614,1
18,732,1
18,1112,1
18,1272,1
18,1369,1
19,135,1
19,475,3
19,844,1
19,860,1
19,991,3
19,1170,1
19,1491,3
19,1576,3
20,17,1
20,423,3
20,475,1
20,497,3
20,612,1
20,829,1
20,1446,1
20,1606,1
20,1628,3
21,252,1
21,333,1
21,338,3
21,375,1
21,513,1
21,983,3
21,1251,1
22,399,1
22,462,3
22,511,3
22,822,1
22,973,1
22,1106,1
22,1159,1
22,1205,3
22,1466,3
22,1503,1
23,214,1
23,483,1
23,761,1
23,836,3
23,1255,1
23,1436,1
23,1596,1
24,1029,1
24,1181,1
24,1250,3
24,1453,1
25,118,3
25,329,1
25,500,1
25,543,1
25,581,3
25,622,1
25,646,1
25,740,1
25,741,3
25,1191,3
25,1298,1
25,1389,3
25,1603,1
26,56,2
26,134,3
26,384,3
26,1204,3
27,364,1
27,802,1
27,887,1
27,1182,1
27,1249,1
27,1284,3
27,1431,1
28,343,3
29,281,3
29,394,1
29,689,1
29,1122,1
29,1307,1
29,1379,3
30,125,1
30,454,1
30,823,1
30,1062,3
30,1167,1
30,1368,1
30,1628,3
31,205,1
31,234,3
31,250,1
31,423,1
31,554,1
31,567,3
31,729,1
31,982,3
31,1013,1
31,1035,3
31,1168,1
31,1210,1
31,1308,1
31,1315,1
31,1335,1
31,1341,1
31,1353,1
32,16,1
32,811,3
32,841,1
32,1248,1
32,1296,1
33,240,1
33,874,1
33,886,1
33,1157,1
33,1187,1
33,1342,1
34,89,1
34,197,3
34,226,1
34,501,1
34,563,1
34,614,1
34,794,1
34,815,1
34,931,1
34,1106,1
34,1194,1
34,1305,1
34,1323,1
34,1565,1
34,1606,1
35,78,1
35,319,1
35,442,1
35,647,1
35,789,1
35,853,1
35,1141,3
35,1148,1
35,1263,3
35,1304,3
35,1618,1
36,164,2
36,178,1
36,247,1
36,248,1
36,263,1
36,301,1
36,421,1
36,497,3
36,531,3
36,542,1
36,635,1
36,743,3
36,795,1
36,815,1
36,841,1
36,950,1
36,955,1
36,974,1
36,1018,1
36,1035,3
36,1308,1
36,1363,1
37,197,1
37,285,1
37,341,1
37,526,1
37,701,3
37,787,1
37,840,1
37,1060,1
37,1233,1
37,1263,1
37,1343,3
37,1355,3
37,1451,1
38,57,1
38,125,3
38,249,1
38,391,1
38,422,3
38,602,1
38,666,1
38,793,1
38,943,1
38,1033,1
38,1046,1
38,1261,1
38,1570,1
39,469,3
39,1483,3
40,168,1
40,174,3
40,273,1
40,683,1
40,705,1
40,792,3
40,914,3
40,1007,1
40,1065,1
40,1221,1
40,1349,1
41,187,1
41,277,1
41,318,1
41,607,1
41,821,1
41,841,1
41,943,3
41,1089,3
41,1114,1
42,4,1
42,202,1
42,234,1
42,244,1
42,342,1
42,431,1
42,498,1
42,522,1
42,567,1
42,602,1
42,643,1
42,687,1
42,693,1
42,710,1
42,793,1
42,819,1
42,882,1
42,886,1
42,890,1
42,933,1
42,942,1
42,1002,1
42,1033,1
42,1113,1
42,1201,1
42,1202,1
42,1222,1
42,1238,1
42,1330,1
42,1378,1
42,1383,1
42,1402,1
42,1500,1
42,1584,1
42,1588,1
42,1600,1
42,1614,1
43,160,1
43,207,1
43,313,1
43,327,1
43,367,1
43,383,1
43,392,1
43,485,1
43,518,1
43,574,1
43,596,1
43,616,1
43,637,1
43,649,1
43,747,1
43,820,1
43,856,1
43,867,1
43,942,1
43,946,1
43,953,1
43,993,1
43,1004,1
43,1014,1
43,1032,1
43,1044,1
43,1192,1
43,1250,3
43,1289,1
43,1324,1
43,1392,1
43,1479,1
43,1481,1
43,1489,1
43,1492,1
43,1511,1
43,1568,1
43,1630,1
44,347,3
44,456,1
44,623,1
44,729,1
44,739,1
44,1138,1
44,1139,1
44,1406,1
44,1590,1
44,1591,1
45,243,3
45,865,3
45,872,3
46,87,3
46,279,3
46,880,3
46,1269,3
47,201,1
47,252,1
47,295,1
47,305,1
47,354,1
47,364,1
47,397,1
47,441,1
47,461,1
47,517,1
47,536,1
47,584,1
47,592,1
47,599,1
47,604,1
47,658,1
47,697,1
47,699,1
47,715,1
47,718,1
47,834,1
47,839,1
47,846,1
47,887,1
47,954,1
47,964,1
47,971,1
47,980,1
47,1005,1
47,1015,1
47,1087,1
47,1098,1
47,1102,1
47,1119,1
47,1177,1
47,1183,1
47,1240,1
47,1250,1
47,1316,1
47,1318,1
47,1360,1
47,1365,1
47,1390,1
47,1397,1
47,1410,1
47,1418,1
47,1487,1
47,1497,3
47,1528,1
47,1534,1
47,1552,1
47,1556,1
47,1575,1
47,1587,1
48,118,1
48,281,1
48,674,1
48,705,3
48,795,1
48,883,1
48,977,1
48,1239,1
48,1362,1
48,1470,1
48,1502,1
49,125,3
49,128,1
49,233,1
49,761,3
49,783,1
49,1146,1
49,1205,1
49,1210,3
49,1305,3
49,1345,1
49,1361,1
49,1384,1
49,1465,1
49,1594,1
49,1617,1
49,1640,3
50,141,1
50,287,1
50,334,1
50,428,1
50,606,1
50,619,1
50,641,1
50,851,1
50,855,1
50,942,1
50,1185,3
50,1459,1
50,1548,1
50,1614,1
51,77,1
51,94,3
51,178,1
51,263,1
51,301,1
51,363,1
51,421,1
51,432,1
51,462,1
51,478,1
51,506,3
51,576,1
51,635,1
51,690,1
51,766,1
51,776,3
51,795,1
51,841,1
51,950,1
51,955,1
51,997,1
51,1018,1
51,1061,1
51,1114,1
51,1170,1
51,1203,1
51,1211,1
51,1264,1
51,1296,1
51,1363,1
51,1462,1
51,1611,1
52,310,1
52,559,1
52,703,1
52,1068,1
52,1274,1
53,63,3
53,681,3
53,866,3
53,942,1
53,1010,3
53,1469,1
54,914,1
54,932,1
54,1085,1
55,272,3
55,593,3
55,775,3
55,990,3
56,209,1
56,223,1
56,730,1
56,755,3
56,1320,1
56,1423,1
56,1557,1
57,255,1
57,318,1
57,358,1
57,365,1
57,438,1
57,466,1
57,713,1
57,897,1
57,1020,3
57,1021,3
57,1110,1
57,1164,1
57,1315,1
57,1422,1
57,1576,1
57,1587,3
58,117,1
58,166,3
58,229,1
58,293,1
58,308,3
58,369,1
58,443,1
58,451,1
58,604,1
58,712,1
58,798,1
58,804,3
58,1021,1
58,1156,1
58,1380,1
58,1516,1
60,1105,3
61,153,3
61,359,1
61,493,1
61,670,3
61,816,1
61,901,1
61,1224,3
61,1290,3
62,185,2
62,351,1
62,402,1
62,553,3
62,833,1
62,910,1
62,1048,3
62,1065,1
62,1117,1
62,1149,1
62,1158,1
62,1275,1
62,1449,1
63,77,3
63,117,1
63,589,3
63,614,1
63,630,1
63,802,1
63,810,3
63,931,1
63,1258,3
63,1323,1
63,1472,3
64,200,1
64,576,3
64,900,1
64,1305,1
65,204,3
65,249,1
65,497,3
65,520,1
65,549,1
65,744,1
65,800,1
65,888,1
65,1086,1
65,1167,1
65,1218,1
65,1417,1
66,1421,3
67,253,1
67,397,1
67,470,1
67,510,1
67,908,1
67,975,1
67,1126,1
67,1268,1
67,1360,1
67,1452,1
67,1478,3
68,254,1
68,678,1
68,892,1
68,1096,3
68,1149,3
68,1219,1
68,1490,1
68,1491,3
68,1505,1
68,1620,1
69,114,1
69,118,1
69,244,1
69,718,3
69,1415,1
70,44,1
70,103,1
70,459,1
70,470,1
70,755,1
70,935,1
70,945,1
70,989,1
70,1124,1
70,1273,1
70,1301,1
70,1419,1
70,1529,1
71,247,1
71,263,3
71,293,3
71,357,1
71,945,1
71,1273,1
72,402,1
72,457,1
72,532,1
72,960,1
72,1452,1
72,1586,3
72,1604,1
73,51,1
73,529,1
73,620,1
73,897,1
73,947,1
73,974,1
73,1376,3
74,75,3
74,102,1
74,221,1
74,235,1
74,335,1
74,645,1
74,949,1
74,956,1
74,1294,1
74,1523,1
74,1537,1
74,1538,1
74,1545,1
74,1639,1
75,194,1
75,195,1
75,312,1
75,440,1
75,896,1
75,1006,1
75,1471,1
75,1497,1
76,114,1
76,297,3
76,1434,3
76,1564,1
77,91,1
77,114,1
77,118,1
77,237,1
77,239,1
77,243,1
77,257,1
77,261,1
77,291,1
77,306,3
77,369,1
77,384,1
77,412,1
77,414,1
77,446,1
77,451,1
77,512,1
77,519,1
77,538,1
77,539,1
77,557,1
77,564,1
77,585,1
77,587,1
77,593,1
77,618,1
77,628,1
77,639,1
77,650,1
77,675,1
77,688,1
77,691,1
77,696,1
77,738,3
77,767,1
77,858,1
77,868,1
77,892,1
77,893,1
77,912,1
77,923,1
77,948,1
77,1000,1
77,1010,1
77,1012,1
77,1021,1
77,1045,1
77,1061,1
77,1067,1
77,1093,1
77,1097,1
77,1153,1
77,1188,1
77,1212,1
77,1284,1
77,1293,1
77,1310,1
77,1321,1
77,1332,1
77,1356,1
77,1363,1
77,1385,1
77,1398,1
77,1406,1
77,1455,1
77,1519,1
77,1525,1
77,1526,1
77,1539,1
77,1558,1
77,1579,1
77,1582,1
77,1585,1
77,1615,1
77,1616,1
78,84,2
78,93,1
78,625,3
78,956,1
78,1198,1
78,1450,3
78,1484,3
78,1530,3
78,1612,3
79,155,1
79,168,3
79,433,1
79,506,1
79,651,1
79,1224,1
79,1414,1
79,1506,1
80,169,1
80,196,3
80,503,3
80,782,3
80,1162,1
80,1572,3
81,229,1
81,358,3
81,526,3
81,803,1
81,810,1
81,1357,1
81,1411,1
82,67,1
82,218,1
82,246,1
82,322,3
82,552,1
82,704,1
82,773,1
82,776,1
82,818,1
82,884,1
82,908,1
82,1213,1
82,1270,1
82,1453,1
82,1454,1
82,1626,1
83,2,1
83,31,1
83,33,1
83,41,1
83,71,1
83,98,1
83,100,1
83,114,3
83,120,2
83,128,1
83,138,1
83,149,1
83,152,1
83,155,1
83,175,1
83,183,1
83,205,1
83,216,1
83,219,1
83,224,1
83,227,1
83,250,1
83,251,1
83,253,1
83,260,1
83,265,1
83,267,1
83,269,1
83,275,1
83,283,1
83,286,1
83,289,1
83,292,1
83,330,1
83,336,1
83,347,1
83,353,1
83,357,1
83,362,1
83,368,1
83,371,1
83,376,1
83,387,1
83,393,1
83,410,1
83,417,1
83,423,1
83,426,1
83,430,1
83,437,1
83,440,1
83,453,1
83,463,1
83,464,1
83,466,1
83,472,1
83,473,1
83,492,1
83,502,1
83,504,1
83,505,1
83,509,1
83,510,1
83,523,1
83,533,1
83,540,1
83,541,1
83,544,1
83,555,1
83,560,1
83,564,1
83,568,1
83,589,1
83,591,1
83,598,1
83,601,1
83,613,1
83,615,1
83,627,1
83,643,1
83,656,1
83,659,1
83,661,1
83,663,1
83,675,1
83,684,1
83,687,1
83,694,1
83,696,1
83,698,1
83,712,1
83,722,1
83,724,1
83,728,1
83,731,1
83,735,1
83,765,1
83,767,1
83,770,1
83,774,1
83,777,1
83,781,1
83,783,1
83,792,1
83,807,1
83,810,1
83,811,1
83,813,1
83,817,1
83,822,1
83,828,1
83,838,1
83,843,1
83,849,1
83,850,1
83,858,1
83,859,1
83,862,1
83,871,1
83,880,1
83,885,1
83,889,1
83,891,1
83,894,1
83,925,1
83,934,1
83,938,1
83,948,1
83,952,1
83,963,1
83,965,1
83,978,1
83,984,1
83,996,1
83,1008,1
83,1009,1
83,1013,1
83,1016,1
83,1032,1
83,1042,1
83,1043,1
83,1050,1
83,1054,1
83,1055,1
83,1071,1
83,1075,1
83,1077,1
83,1079,1
83,1103,1
83,1106,1
83,1116,1
83,1122,1
83,1130,1
83,1143,1
83,1144,1
83,1152,1
83,1153,1
83,1159,1
83,1168,1
83,1171,1
83,1187,1
83,1194,1
83,1202,1
83,1204,1
83,1210,1
83,1229,1
83,1232,1
83,1235,1
83,1237,1
83,1243,1
83,1244,1
83,1245,1
83,1249,1
83,1251,1
83,1262,1
83,1274,1
83,1277,1
83,1281,1
83,1283,1
83,1287,1
83,1290,1
83,1303,1
83,1305,1
83,1306,1
83,1309,1
83,1324,1
83,1325,1
83,1327,1
83,1329,1
83,1331,1
83,1341,1
83,1342,1
83,1346,1
83,1348,1
83,1353,1
83,1363,1
83,1374,1
83,1375,1
83,1376,1
83,1389,1
83,1401,1
83,1406,1
83,1412,1
83,1413,1
83,1420,1
83,1427,1
83,1445,1
83,1448,1
83,1460,1
83,1461,1
83,1468,1
83,1470,1
83,1477,1
83,1481,1
83,1484,1
83,1489,1
83,1491,1
83,1496,1
83,1497,1
83,1508,1
83,1510,1
83,1515,1
83,1518,1
83,1535,1
83,1539,1
83,1542,1
83,1547,1
83,1555,1
83,1558,1
83,1569,1
83,1578,1
83,1580,1
83,1582,1
83,1599,1
83,1600,1
83,1601,1
83,1613,1
83,1615,1
83,1623,1
83,1625,1
83,1628,1
83,1632,1
84,113,3
84,673,3
84,813,1
84,1343,3
85,112,1
85,238,1
85,835,1
85,854,1
85,862,1
85,897,1
85,1128,1
85,1282,1
86,419,1
86,538,1
86,902,1
86,1062,1
86,1332,1
86,1359,1
86,1378,1
87,79,1
87,160,1
87,268,1
87,415,1
87,433,1
87,506,1
87,508,1
87,602,1
87,638,1
87,743,1
87,793,1
87,847,1
87,943,1
87,947,1
87,1107,1
87,1125,1
87,1224,1
87,1350,1
88,864,3
88,1123,3
88,1333,3
89,316,3
89,392,3
89,563,1
89,815,1
89,1090,1
89,1120,1
89,1247,1
89,1288,1
89,1550,3
89,1585,1
90,142,1
90,306,1
90,322,1
90,324,1
90,553,1
90,617,1
90,799,1
90,863,1
90,1133,1
90,1236,1
90,1291,1
90,1391,1
90,1475,1
90,1604,1
90,1633,1
91,219,1
91,229,1
91,340,1
91,355,1
91,357,1
91,360,1
91,405,1
91,422,1
91,435,1
91,501,1
91,507,1
91,527,1
91,553,1
91,737,1
91,779,1
91,810,1
91,864,1
91,983,1
91,991,1
91,1038,1
91,1059,1
91,1140,1
91,1266,3
91,1268,1
91,1286,1
91,1295,1
91,1429,1
91,1524,1
91,1549,1
91,1595,1
91,1606,1
91,1622,3
92,522,3
92,916,1
92,1142,1
92,1636,1
93,829,3
93,1208,3
93,1295,1
93,1549,1
94,198,1
94,199,1
94,220,1
94,234,1
94,241,1
94,306,1
94,374,1
94,401,1
94,458,1
94,469,1
94,551,1
94,582,3
94,749,1
94,844,1
94,995,1
94,1019,1
94,1025,1
94,1051,1
94,1072,1
94,1105,1
94,1106,1
94,1123,1
94,1132,1
94,1155,1
94,1169,1
94,1194,1
94,1217,1
94,1223,1
94,1260,1
94,1295,1
94,1305,1
94,1366,1
94,1430,1
94,1443,1
94,1454,1
94,1549,1
95,109,1
95,134,2
95,281,1
95,494,1
95,520,3
95,674,1
95,847,1
95,883,1
95,1115,1
95,1119,3
95,1480,1
96,419,1
96,471,1
96,538,3
96,903,1
96,1017,1
96,1063,1
96,1092,1
96,1160,1
96,1175,1
96,1189,1
96,1522,1
96,1554,3
96,1566,1
97,15,1
97,439,1
97,530,1
97,709,1
97,762,1
97,1079,3
97,1166,1
97,1514,1
98,125,2
98,203,3
98,392,3
98,506,1
98,823,1
98,1040,1
98,1205,1
98,1368,1
98,1388,1
98,1396,1
98,1440,1
98,1533,1
98,1617,1
99,5,1
99,115,1
99,185,1
99,211,1
99,301,1
99,370,1
99,474,1
99,588,1
99,603,1
99,605,1
99,644,1
99,672,1
99,779,1
99,791,1
99,832,1
99,841,1
99,901,1
99,947,1
99,955,1
99,983,1
99,1101,1
99,1164,1
99,1270,1
99,1284,1
99,1349,1
99,1425,1
99,1593,1
99,1639,1
100,275,1
100,316,1
100,318,1
100,372,1
100,376,1
100,389,1
100,770,1
100,859,1
100,906,1
100,909,1
100,963,1
100,969,1
100,1071,1
100,1134,1
100,1144,1
100,1222,1
100,1342,1
100,1445,1
100,1469,1
100,1477,1
100,1484,1
100,1554,1
100,1555,1
100,1569,1
101,172,2
101,1188,1
102,202,1
102,886,1
102,1584,1
103,737,3
103,1229,3
103,1441,1
104,392,1
104,405,1
104,510,1
104,921,3
104,1246,1
104,1254,3
104,1344,3
105,198,3
105,543,1
105,571,3
105,784,1
105,892,3
105,1395,1
106,511,1
106,558,1
106,629,1
106,998,3
106,1510,1
106,1622,1
107,755,3
107,826,1
107,1274,3
107,1588,1
107,1610,1
108,140,3
108,210,1
108,315,1
108,483,1
108,548,1
108,555,3
108,607,1
108,797,1
108,945,1
108,1108,1
108,1254,1
108,1405,1
109,107,1
109,177,1
109,180,1
109,186,1
109,196,1
109,217,1
109,228,1
109,243,1
109,275,1
109,276,1
109,318,1
109,331,1
109,376,1
109,378,1
109,389,1
109,420,1
109,454,1
109,510,1
109,526,1
109,565,1
109,566,1
109,628,1
109,631,1
109,653,1
109,681,1
109,726,1
109,752,1
109,753,1
109,765,1
109,780,1
109,813,1
109,850,1
109,868,1
109,876,1
109,906,1
109,909,1
109,917,1
109,958,1
109,963,1
109,968,1
109,969,1
109,1020,1
109,1073,1
109,1077,1
109,1082,1
109,1144,1
109,1155,1
109,1157,1
109,1188,1
109,1192,1
109,1229,1
109,1241,1
109,1279,1
109,1312,1
109,1328,1
109,1350,1
109,1374,1
109,1387,1
109,1393,1
109,1420,1
109,1444,1
109,1448,1
109,1466,3
109,1469,1
109,1472,1
109,1494,1
109,1498,1
109,1509,1
109,1512,1
109,1531,1
109,1585,1
109,1623,1
109,1624,1
109,1631,1
110,314,1
110,322,3
110,380,1
110,437,1
110,547,1
110,698,1
110,828,1
110,963,3
111,163,1
111,269,1
111,775,3
111,878,1
111,1145,1
111,1292,1
111,1453,3
112,299,1
112,1069,1
112,1349,3
112,1390,3
112,1521,1
113,452,3
113,1489,3
114,223,1
114,265,1
114,296,1
114,348,1
114,372,1
114,373,1
114,377,1
114,393,1
114,406,1
114,448,1
114,464,1
114,489,1
114,494,1
114,521,1
114,537,1
114,556,1
114,586,1
114,597,1
114,640,1
114,648,1
114,664,1
114,668,1
114,708,1
114,727,3
114,753,1
114,768,1
114,808,1
114,850,1
114,865,1
114,866,1
114,885,1
114,910,1
114,1008,1
114,1026,1
114,1041,1
114,1074,1
114,1078,1
114,1115,1
114,1127,1
114,1136,1
114,1141,1
114,1151,1
114,1152,1
114,1172,1
114,1220,1
114,1222,1
114,1229,1
114,1234,1
114,1235,1
114,1237,1
114,1262,1
114,1317,1
114,1339,1
114,1359,1
114,1374,1
114,1409,1
114,1420,1
114,1427,1
114,1437,1
114,1446,1
114,1480,1
114,1498,1
114,1504,1
114,1512,1
114,1529,1
114,1573,1
114,1635,1
114,1637,1
114,1638,1
115,108,1
115,292,1
115,315,1
115,382,1
115,444,1
115,740,3
115,856,1
115,886,3
115,1073,3
115,1124,1
115,1332,1
116,486,1
116,577,1
116,1094,1
116,1206,1
116,1371,1
116,1495,1
116,1563,3
117,285,3
117,442,1
117,584,1
117,647,1
117,789,1
117,791,1
117,1618,1
118,223,1
118,265,1
118,279,1
118,296,1
118,348,1
118,372,1
118,373,1
118,406,1
118,448,1
118,464,1
118,488,1
118,514,3
118,556,1
118,586,1
118,597,1
118,664,1
118,668,1
118,753,1
118,768,1
118,808,1
118,866,1
118,885,1
118,895,1
118,910,1
118,934,3
118,1008,1
118,1026,1
118,1041,1
118,1074,1
118,1115,1
118,1136,1
118,1141,1
118,1143,1
118,1151,1
118,1152,1
118,1198,1
118,1229,1
118,1234,1
118,1237,1
118,1262,1
118,1317,1
118,1359,1
118,1393,1
118,1409,1
118,1420,1
118,1437,1
118,1446,1
118,1480,1
118,1498,1
118,1635,1
118,1637,1
118,1638,1
119,1,1
119,2,1
119,4,1
119,11,1
119,12,1
119,18,1
119,26,1
119,31,1
119,38,1
119,48,1
119,56,1
119,57,1
119,61,1
119,62,1
119,72,1
119,77,1
119,79,1
119,87,1
119,96,1
119,108,1
119,114,1
119,121,1
119,125,1
119,128,1
119,134,1
119,136,1
119,141,1
119,151,1
119,155,1
119,164,1
119,170,2
119,180,1
119,183,1
119,185,1
119,188,1
119,192,1
119,195,1
119,199,1
119,202,1
119,226,1
119,230,1
119,231,1
119,233,1
119,234,1
119,237,1
119,240,1
119,244,1
119,256,1
273,119,0
281,119,0
287,119,0
291,119,0
293,119,0
299,119,0
302,119,0
312,119,0
320,119,0
322,119,0
324,119,0
331,119,0
333,119,0
334,119,0
342,119,0
344,119,0
349,119,0
359,119,0
361,119,0
374,119,0
385,119,0
391,119,0
395,119,0
402,119,0
405,119,0
411,119,0
419,119,0
428,119,0
433,119,0
442,119,0
444,119,0
446,119,0
456,119,0
457,119,0
467,119,0
471,119,0
477,119,0
481,119,0
486,119,0
491,119,0
500,119,0
503,119,0
505,119,0
506,119,0
508,119,0
509,119,0
515,119,0
528,119,0
531,119,0
532,119,0
543,119,0
546,119,0
551,119,0
553,119,0
570,119,0
578,119,0
587,119,0
596,119,0
600,119,0
602,119,0
606,119,0
609,119,0
611,119,0
617,119,0
619,119,0
626,119,0
641,119,0
647,119,0
652,119,0
655,119,0
658,119,0
659,119,0
666,119,0
669,119,0
675,119,0
676,119,0
677,119,0
683,119,0
685,119,0
687,119,0
693,119,0
696,119,0
701,119,0
705,119,0
711,119,0
713,119,0
714,119,0
721,119,0
723,119,0
727,119,0
729,119,0
730,119,0
738,119,0
754,119,0
756,119,0
764,119,0
769,119,0
777,119,0
783,119,0
788,119,0
793,119,0
798,119,0
802,119,0
807,119,0
812,119,0
819,119,0
823,119,0
826,119,0
827,119,0
830,119,0
833,119,0
835,119,0
847,119,0
851,119,0
853,119,0
854,119,0
855,119,0
857,119,0
859,119,0
860,119,0
861,119,0
877,119,0
879,119,0
883,119,0
886,119,0
893,119,0
896,119,0
898,119,0
900,119,0
903,119,0
912,119,0
920,119,0
927,119,0
928,119,0
929,119,0
932,119,0
943,119,0
944,119,0
948,119,0
953,119,0
957,119,0
959,119,0
960,119,0
962,119,0
966,119,0
970,119,0
979,119,0
984,119,0
986,119,0
988,119,0
990,119,0
995,119,0
1003,119,0
1006,119,0
1007,119,0
1010,119,0
1013,119,0
1017,119,0
1022,119,0
1023,119,0
1029,119,0
1033,119,0
1034,119,0
1040,119,0
1044,119,0
1046,119,0
1069,119,0
1071,119,0
1079,119,0
1080,119,0
1085,119,0
1092,119,0
1100,119,0
1106,119,0
1107,119,0
1109,119,0
1115,119,0
1121,119,0
1132,119,0
1138,119,0
1142,119,0
1146,119,0
1148,119,0
1153,119,0
1163,119,0
1164,119,0
1168,119,0
1169,119,0
1175,119,0
1181,119,0
1185,119,0
1186,119,0
1193,119,0
1194,119,0
1196,119,0
1197,119,0
1200,119,0
1202,119,0
1206,119,0
1221,119,0
1236,119,0
1238,119,0
1239,119,0
1246,119,0
1251,119,0
1261,119,0
1262,119,0
1274,119,0
1277,119,0
1280,119,0
1284,119,0
1287,119,0
1291,119,0
1293,119,0
1303,119,0
1305,119,0
1307,119,0
1310,119,0
1315,119,0
1319,119,0
1320,119,0
1321,119,0
1331,119,0
1332,119,0
1334,119,0
1342,119,0
1350,119,0
1356,119,0
1382,119,0
1384,119,0
1391,119,0
1392,119,0
1398,119,0
1414,119,0
1421,119,0
1423,119,0
1438,119,0
1442,119,0
1445,119,0
1449,119,0
1452,119,0
1454,119,0
1456,119,0
1457,119,0
1464,119,0
1475,119,0
1477,119,0
1478,119,0
1479,119,0
1480,119,0
1491,119,0
1495,119,0
1497,119,0
1500,119,0
1506,119,0
1513,119,0
1515,119,0
1516,119,0
1526,119,0
1532,119,0
1539,119,0
1543,119,0
1544,119,0
1546,119,0
1548,119,0
1551,119,0
1553,119,0
1555,119,0
1558,119,0
1565,119,0
1566,119,0
1568,119,0
1570,119,0
1582,119,0
1584,119,0
1590,119,0
1599,119,0
1600,119,0
1604,119,0
1607,119,0
1610,119,0
1612,119,0
1618,119,0
1621,119,0
1629,119,0
1633,119,0
1638,119,0
1640,119,0
1641,119,0
9,120,0
105,120,0
128,120,0
130,120,0
202,120,0
211,120,0
216,120,0
235,120,0
249,120,0
250,120,0
253,120,0
267,120,0
270,120,0
271,120,0
291,120,0
307,120,0
309,120,0
330,120,0
333,120,0
335,120,0
336,120,0
366,120,0
390,120,0
391,120,0
440,120,0
446,120,0
453,120,0
479,120,0
495,120,0
514,120,0
520,120,0
523,120,0
120,524,3
539,120,0
568,120,0
580,120,0
591,120,0
644,120,0
657,120,0
675,120,0
687,120,0
693,120,0
696,120,0
730,120,0
744,120,0
759,120,0
765,120,0
774,120,0
783,120,0
784,120,0
800,120,0
807,120,0
862,120,0
888,120,0
948,120,0
954,120,0
956,120,0
972,120,0
974,120,0
981,120,0
1016,120,0
1042,120,0
1043,120,0
1047,120,0
1050,120,0
1058,120,0
1064,120,0
1086,120,0
1113,120,0
1148,120,0
1153,120,0
1167,120,0
1168,120,0
1208,120,0
1214,120,0
1218,120,0
1220,120,0
1231,120,0
1232,120,0
1244,120,0
1288,120,0
1294,120,0
1303,120,0
1306,120,0
1315,120,0
1331,120,0
1341,120,0
1356,120,0
1363,120,0
1369,120,0
1398,120,0
1400,120,0
1401,120,0
1412,120,0
1416,120,0
1417,120,0
1454,120,0
1476,120,0
1542,120,0
1557,120,0
1560,120,0
1578,120,0
1584,120,0
1601,120,0
1618,120,0
1619,120,0
108,121,0
118,121,0
161,121,0
315,121,0
444,121,0
757,121,0
121,775,3
784,121,0
795,121,0
121,887,3
1062,121,0
1112,121,0
121,1136,3
1190,121,0
1216,121,0
1280,121,0
1332,121,0
1581,121,0
415,122,0
515,122,0
723,122,0
926,122,0
122,1018,3
122,1404,3
1546,122,0
123,981,3
123,1325,3
123,1479,3
620,124,0
682,124,0
124,774,3
124,787,3
15,125,0
125,128,2
186,125,0
125,298,3
396,125,0
671,125,0
702,125,0
783,125,0
922,125,0
948,125,0
991,125,0
1040,125,0
1049,125,0
1194,125,0
1205,125,0
1265,125,0
1305,125,0
1321,125,0
1396,125,0
1558,125,0
1617,125,0
126,189,3
259,126,0
352,126,0
438,126,0
465,126,0
651,126,0
30,127,0
326,127,0
442,127,0
525,127,0
623,127,0
670,127,0
127,769,3
1258,127,0
1466,127,0
289,128,0
414,128,0
454,128,0
128,474,3
624,128,0
657,128,0
751,128,0
783,128,0
823,128,0
874,128,0
1040,128,0
1083,128,0
1202,128,0
1265,128,0
1266,128,0
1396,128,0
1465,128,0
1476,128,0
1533,128,0
1571,128,0
1617,128,0
129,179,3
270,129,0
436,129,0
442,129,0
270,130,0
130,509,3
850,130,0
130,1053,3
1241,130,0
1619,130,0
61,131,0
482,131,0
963,131,0
1082,131,0
1163,131,0
1583,131,0
13,132,0
98,132,0
370,132,0
409,132,0
644,132,0
690,132,0
832,132,0
892,132,0
132,911,3
985,132,0
1288,132,0
1295,132,0
1349,132,0
132,1589,3
132,1593,3
1597,132,0
14,133,0
84,133,0
152,133,0
400,133,0
425,133,0
133,450,3
513,133,0
932,133,0
998,133,0
1024,133,0
1085,133,0
1352,133,0
1541,133,0
281,134,0
494,134,0
134,742,3
847,134,0
883,134,0
134,914,3
134,970,3
1115,134,0
1239,134,0
1498,134,0
14,135,0
15,135,0
31,135,0
54,135,0
62,135,0
65,135,0
118,135,0
133,135,0
161,135,0
185,135,0
187,135,0
239,135,0
241,135,0
269,135,0
272,135,0
317,135,0
320,135,0
338,135,0
342,135,0
379,135,0
398,135,0
403,135,0
416,135,0
424,135,0
430,135,0
447,135,0
468,135,0
480,135,0
135,489,3
559,135,0
564,135,0
607,135,0
610,135,0
614,135,0
620,135,0
629,135,0
630,135,0
650,135,0
655,135,0
657,135,0
674,135,0
676,135,0
686,135,0
720,135,0
725,135,0
738,135,0
742,135,0
745,135,0
783,135,0
790,135,0
802,135,0
824,135,0
831,135,0
856,135,0
857,135,0
868,135,0
881,135,0
883,135,0
902,135,0
905,135,0
914,135,0
135,917,3
932,135,0
936,135,0
940,135,0
1027,135,0
1085,135,0
1088,135,0
1091,135,0
1095,135,0
1111,135,0
1113,135,0
1118,135,0
1131,135,0
1147,135,0
1149,135,0
1150,135,0
1158,135,0
1187,135,0
1205,135,0
1207,135,0
1239,135,0
1257,135,0
1265,135,0
1271,135,0
1297,135,0
1299,135,0
1351,135,0
1352,135,0
1370,135,0
1372,135,0
1406,135,0
1415,135,0
1441,135,0
1449,135,0
1458,135,0
1465,135,0
1472,135,0
1476,135,0
1478,135,0
1483,135,0
1486,135,0
1498,135,0
1499,135,0
1507,135,0
1508,135,0
1550,135,0
1561,135,0
1562,135,0
1563,135,0
1600,135,0
1,136,0
273,136,0
331,136,0
683,136,0
754,136,0
794,136,0
1007,136,0
1221,136,0
136,1402,3
214,137,0
481,137,0
619,137,0
137,727,3
137,836,3
877,137,0
735,138,0
138,1162,3
138,1242,3
138,1337,3
1367,138,0
1389,138,0
1468,138,0
138,1606,3
139,250,3
675,139,0
711,139,0
139,815,3
858,139,0
139,863,3
1003,139,0
1404,139,0
1532,139,0
2,140,0
78,140,0
84,140,0
90,140,0
118,140,0
121,140,0
170,140,0
140,193,2
216,140,0
230,140,0
243,140,0
254,140,0
277,140,0
282,140,0
304,140,0
309,140,0
318,140,0
328,140,0
333,140,0
362,140,0
375,140,0
376,140,0
387,140,0
389,140,0
140,390,3
393,140,0
429,140,0
480,140,0
484,140,0
503,140,0
504,140,0
529,140,0
539,140,0
545,140,0
562,140,0
572,140,0
591,140,0
612,140,0
617,140,0
619,140,0
628,140,0
645,140,0
656,140,0
663,140,0
678,140,0
711,140,0
719,140,0
722,140,0
726,140,0
728,140,0
731,140,0
732,140,0
745,140,0
746,140,0
757,140,0
765,140,0
769,140,0
771,140,0
777,140,0
792,140,0
795,140,0
798,140,0
813,140,0
822,140,0
827,140,0
845,140,0
849,140,0
850,140,0
865,140,0
868,140,0
871,140,0
872,140,0
900,140,0
906,140,0
909,140,0
913,140,0
925,140,0
933,140,0
949,140,0
959,140,0
963,140,0
969,140,0
987,140,0
988,140,0
990,140,0
1003,140,0
1013,140,0
1032,140,0
1042,140,0
1043,140,0
1056,140,0
1062,140,0
1063,140,0
1075,140,0
1088,140,0
1106,140,0
1111,140,0
1130,140,0
1134,140,0
1144,140,0
1154,140,0
1159,140,0
1168,140,0
1186,140,0
1188,140,0
1193,140,0
1194,140,0
1195,140,0
1202,140,0
1228,140,0
1229,140,0
1236,140,0
1238,140,0
1249,140,0
1251,140,0
1263,140,0
1272,140,0
1277,140,0
1291,140,0
1295,140,0
1297,140,0
1300,140,0
1305,140,0
1309,140,0
1314,140,0
1315,140,0
1319,140,0
1326,140,0
1331,140,0
1341,140,0
1351,140,0
1363,140,0
1369,140,0
1374,140,0
1382,140,0
1391,140,0
1403,140,0
1404,140,0
1420,140,0
1457,140,0
1460,140,0
1469,140,0
1481,140,0
1489,140,0
1490,140,0
1491,140,0
1505,140,0
1513,140,0
1549,140,0
1580,140,0
1584,140,0
1599,140,0
1601,140,0
1620,140,0
1630,140,0
1632,140,0
1633,140,0
72,141,0
334,141,0
442,141,0
141,530,3
141,573,3
641,141,0
141,1124,3
1548,141,0
34,142,0
266,142,0
325,142,0
1084,142,0
1267,142,0
1493,142,0
1560,142,0
243,143,0
249,143,0
279,143,0
428,143,0
489,143,0
549,143,0
550,143,0
569,143,0
628,143,0
693,143,0
743,143,0
888,143,0
895,143,0
941,143,0
965,143,0
1143,143,0
1191,143,0
1234,143,0
1235,143,0
1427,143,0
1434,143,0
143,1511,3
1585,143,0
144,174,2
355,144,0
613,144,0
809,144,0
144,1423,3
434,145,0
475,145,0
676,145,0
857,145,0
898,145,0
146,721,3
1015,146,0
147,166,3
147,1544,3
148,152,3
196,148,0
148,286,3
148,460,3
148,543,3
775,148,0
148,826,3
875,148,0
1334,148,0
1337,148,0
291,149,0
149,462,3
502,149,0
508,149,0
1196,149,0
1515,149,0
149,1546,3
1547,149,0
337,150,0
760,150,0
829,150,0
150,1025,3
150,1403,3
1605,150,0
471,151,0
721,151,0
151,831,3
863,151,0
918,151,0
1189,151,0
1438,151,0
1561,151,0
657,152,0
152,950,3
1476,152,0
771,153,0
845,153,0
1154,153,0
1300,153,0
153,1342,3
350,154,0
351,154,0
841,154,0
154,1028,3
1063,154,0
311,155,0
505,155,0
587,155,0
155,647,3
765,155,0
807,155,0
1120,155,0
1273,155,0
1321,155,0
1356,155,0
1523,155,0
1572,155,0
156,278,3
156,349,3
156,381,3
156,516,3
3,157,0
294,157,0
382,157,0
695,157,0
157,712,3
750,157,0
157,870,3
1081,157,0
1096,157,0
1135,157,0
157,1196,3
1358,157,0
1433,157,0
157,1619,3
114,158,0
692,158,0
249,159,0
260,159,0
279,159,0
342,159,0
368,159,0
464,159,0
472,159,0
489,159,0
504,159,0
549,159,0
598,159,0
684,159,0
694,159,0
159,748,3
781,159,0
792,159,0
813,159,0
850,159,0
159,860,3
866,159,0
895,159,0
933,159,0
951,159,0
1054,159,0
1086,159,0
1103,159,0
1143,159,0
1202,159,0
1229,159,0
1235,159,0
1237,159,0
1247,159,0
1283,159,0
1374,159,0
1417,159,0
1420,159,0
1427,159,0
159,1436,3
1490,159,0
1504,159,0
1509,159,0
159,1540,3
1600,159,0
191,160,0
329,160,0
481,160,0
160,559,3
625,160,0
706,160,0
1035,160,0
1248,160,0
1259,160,0
160,1592,3
624,161,0
665,161,0
161,1170,3
161,1486,3
303,162,0
310,162,0
407,162,0
733,162,0
1061,162,0
1089,162,0
162,1230,3
314,163,0
163,672,3
677,163,0
714,163,0
788,163,0
163,899,3
928,163,0
163,1052,3
1197,163,0
163,1243,3
1612,163,0
24,164,0
164,178,2
263,164,0
164,366,3
164,402,3
421,164,0
164,442,3
513,164,0
635,164,0
795,164,0
841,164,0
950,164,0
955,164,0
982,164,0
991,164,0
164,1142,3
1203,164,0
1205,164,0
1211,164,0
1363,164,0
1440,164,0
1465,164,0
278,166,0
166,324,3
166,339,3
430,166,0
445,166,0
814,166,0
166,1136,3
1137,166,0
166,1222,3
1327,166,0
1348,166,0
1508,166,0
166,1541,3
2,167,0
827,167,0
1251,167,0
167,1313,3
674,168,0
795,168,0
883,168,0
894,168,0
977,168,0
987,168,0
1239,168,0
1362,168,0
1502,168,0
15,169,0
108,169,0
114,169,0
118,169,0
307,169,0
315,169,0
328,169,0
757,169,0
824,169,0
852,169,0
887,169,0
1063,169,0
1133,169,0
1228,169,0
1240,169,0
1280,169,0
1282,169,0
1377,169,0
1379,169,0
1439,169,0
1608,169,0
4,170,0
12,170,0
18,170,0
48,170,0
151,170,0
164,170,0
168,170,0
178,170,0
212,170,0
218,170,0
232,170,0
234,170,0
249,170,0
255,170,0
264,170,0
268,170,0
269,170,0
291,170,0
292,170,0
293,170,0
297,170,0
302,170,0
320,170,0
170,325,3
332,170,0
335,170,0
339,170,0
342,170,0
346,170,0
347,170,0
356,170,0
358,170,0
387,170,0
388,170,0
391,170,0
393,170,0
398,170,0
405,170,0
408,170,0
424,170,0
427,170,0
450,170,0
454,170,0
455,170,0
468,170,0
487,170,0
511,170,0
515,170,0
529,170,0
545,170,0
553,170,0
561,170,0
575,170,0
576,170,0
579,170,0
580,170,0
170,589,3
607,170,0
610,170,0
620,170,0
629,170,0
634,170,0
636,170,0
643,170,0
660,170,0
683,170,0
692,170,0
693,170,0
723,170,0
734,170,0
742,170,0
744,170,0
745,170,0
757,170,0
758,170,0
763,170,0
765,170,0
774,170,0
777,170,0
790,170,0
796,170,0
798,170,0
801,170,0
807,170,0
825,170,0
831,170,0
844,170,0
849,170,0
850,170,0
860,170,0
863,170,0
881,170,0
885,170,0
888,170,0
897,170,0
899,170,0
907,170,0
914,170,0
915,170,0
916,170,0
919,170,0
925,170,0
933,170,0
939,170,0
970,170,0
990,170,0
995,170,0
999,170,0
1001,170,0
1023,170,0
1036,170,0
1040,170,0
1048,170,0
1057,170,0
1066,170,0
1086,170,0
1094,170,0
1104,170,0
1115,170,0
1120,170,0
1131,170,0
1132,170,0
1150,170,0
1152,170,0
1169,170,0
1178,170,0
1184,170,0
1187,170,0
1199,170,0
1202,170,0
1207,170,0
1220,170,0
1221,170,0
1229,170,0
1232,170,0
1262,170,0
1269,170,0
1271,170,0
1277,170,0
1295,170,0
1309,170,0
1313,170,0
1326,170,0
1333,170,0
1338,170,0
1343,170,0
1370,170,0
170,1373,3
1374,170,0
1396,170,0
1407,170,0
1417,170,0
1420,170,0
1424,170,0
1432,170,0
1435,170,0
1438,170,0
1441,170,0
1454,170,0
1460,170,0
1467,170,0
1478,170,0
1482,170,0
1483,170,0
1516,170,0
1518,170,0
1543,170,0
1549,170,0
1550,170,0
1557,170,0
1562,170,0
1563,170,0
1580,170,0
1592,170,0
1598,170,0
1599,170,0
1600,170,0
1601,170,0
171,489,3
283,172,0
591,172,0
172,961,3
172,997,3
1238,172,0
1291,172,0
321,173,0
173,657,3
173,1056,3
1256,173,0
1473,173,0
174,176,3
809,174,0
174,1352,3
174,1580,3
31,175,0
149,175,0
249,175,0
279,175,0
291,175,0
292,175,0
330,175,0
347,175,0
362,175,0
366,175,0
368,175,0
175,390,3
393,175,0
417,175,0
422,175,0
463,175,0
464,175,0
472,175,0
504,175,0
514,175,0
529,175,0
549,175,0
591,175,0
615,175,0
643,175,0
656,175,0
663,175,0
684,175,0
701,175,0
735,175,0
744,175,0
774,175,0
777,175,0
781,175,0
792,175,0
813,175,0
866,175,0
885,175,0
894,175,0
895,175,0
925,175,0
933,175,0
939,175,0
951,175,0
996,175,0
1008,175,0
1009,175,0
1043,175,0
1058,175,0
1077,175,0
1079,175,0
1116,175,0
1143,175,0
1214,175,0
1229,175,0
1231,175,0
1232,175,0
1234,175,0
1235,175,0
1237,175,0
1247,175,0
1249,175,0
1274,175,0
1281,175,0
1283,175,0
1325,175,0
1331,175,0
1374,175,0
1389,175,0
1401,175,0
1413,175,0
1417,175,0
1420,175,0
1427,175,0
1460,175,0
1468,175,0
1504,175,0
1515,175,0
1518,175,0
1557,175,0
1580,175,0
1594,175,0
1600,175,0
1601,175,0
1613,175,0
1625,175,0
146,176,0
795,176,0
841,176,0
1235,176,0
1288,176,0
177,323,3
177,576,3
792,177,0
887,177,0
177,1229,3
1434,177,0
224,178,0
178,606,3
178,889,3
950,178,0
179,949,3
179,1189,3
1537,179,0
1538,179,0
180,592,3
1157,180,0
31,181,0
37,181,0
108,181,0
197,181,0
214,181,0
225,181,0
285,181,0
308,181,0
311,181,0
323,181,0
343,181,0
444,181,0
499,181,0
548,181,0
181,550,3
571,181,0
573,181,0
608,181,0
609,181,0
621,181,0
633,181,0
671,181,0
741,181,0
181,770,3
786,181,0
838,181,0
918,181,0
930,181,0
992,181,0
1027,181,0
1052,181,0
1062,181,0
181,1072,3
1108,181,0
1209,181,0
1227,181,0
1276,181,0
1280,181,0
1302,181,0
1332,181,0
1354,181,0
1364,181,0
1408,181,0
1447,181,0
1474,181,0
1567,181,0
1572,181,0
449,182,0
521,182,0
706,182,0
182,757,3
785,182,0
182,1291,3
183,272,3
770,183,0
859,183,0
1071,183,0
1445,183,0
1477,183,0
1555,183,0
1569,183,0
184,312,3
434,184,0
464,184,0
184,1294,3
1537,184,0
185,706,3
185,735,3
1117,185,0
1149,185,0
1158,185,0
1449,185,0
54,186,0
57,186,0
262,186,0
297,186,0
379,186,0
381,186,0
390,186,0
403,186,0
468,186,0
511,186,0
607,186,0
610,186,0
614,186,0
620,186,0
629,186,0
643,186,0
186,653,3
669,186,0
685,186,0
706,186,0
736,186,0
742,186,0
186,791,3
795,186,0
802,186,0
810,186,0
824,186,0
831,186,0
872,186,0
902,186,0
921,186,0
924,186,0
931,186,0
966,186,0
981,186,0
186,1012,3
1028,186,0
1035,186,0
1062,186,0
1131,186,0
1207,186,0
1225,186,0
1253,186,0
1297,186,0
1305,186,0
1322,186,0
1323,186,0
1338,186,0
1351,186,0
1372,186,0
1403,186,0
1415,186,0
1441,186,0
1456,186,0
1465,186,0
1483,186,0
1486,186,0
1550,186,0
1560,186,0
1562,186,0
1563,186,0
1565,186,0
1577,186,0
1598,186,0
1641,186,0
764,187,0
824,187,0
873,187,0
937,187,0
1257,187,0
187,1378,3
1381,187,0
1447,187,0
1488,187,0
765,188,0
188,827,3
188,1226,3
1544,188,0
245,190,0
288,190,0
190,649,3
744,190,0
961,190,0
1347,190,0
190,1410,3
1596,190,0
293,191,0
405,191,0
191,422,3
625,191,0
806,191,0
914,191,0
1035,191,0
1248,191,0
1252,191,0
1303,191,0
1516,191,0
192,302,3
1139,192,0
2,193,0
71,193,0
78,193,0
100,193,0
114,193,0
118,193,0
170,193,0
202,193,0
209,193,0
230,193,0
243,193,0
254,193,0
277,193,0
290,193,0
292,193,0
302,193,0
304,193,0
193,305,3
316,193,0
318,193,0
322,193,0
328,193,0
342,193,0
362,193,0
375,193,0
393,193,0
446,193,0
474,193,0
479,193,0
480,193,0
481,193,0
484,193,0
503,193,0
509,193,0
529,193,0
539,193,0
545,193,0
555,193,0
562,193,0
572,193,0
591,193,0
612,193,0
617,193,0
619,193,0
628,193,0
645,193,0
663,193,0
696,193,0
711,193,0
719,193,0
726,193,0
193,727,3
728,193,0
731,193,0
745,193,0
754,193,0
757,193,0
769,193,0
771,193,0
774,193,0
777,193,0
778,193,0
792,193,0
795,193,0
813,193,0
817,193,0
821,193,0
822,193,0
849,193,0
850,193,0
868,193,0
871,193,0
872,193,0
877,193,0
885,193,0
886,193,0
900,193,0
902,193,0
909,193,0
913,193,0
925,193,0
949,193,0
969,193,0
976,193,0
987,193,0
988,193,0
990,193,0
1003,193,0
1042,193,0
1043,193,0
1056,193,0
1075,193,0
1080,193,0
1106,193,0
1122,193,0
1130,193,0
1137,193,0
1153,193,0
1154,193,0
1159,193,0
1168,193,0
1186,193,0
1188,193,0
1191,193,0
1193,193,0
1194,193,0
1202,193,0
1210,193,0
1219,193,0
1225,193,0
1228,193,0
1229,193,0
1232,193,0
1236,193,0
1249,193,0
1251,193,0
1263,193,0
1272,193,0
1275,193,0
1277,193,0
1282,193,0
1287,193,0
1291,193,0
1305,193,0
1309,193,0
1314,193,0
1315,193,0
1331,193,0
1351,193,0
1362,193,0
1363,193,0
1369,193,0
1374,193,0
1404,193,0
1457,193,0
1460,193,0
1469,193,0
1475,193,0
1481,193,0
1489,193,0
1490,193,0
1491,193,0
1505,193,0
1513,193,0
1535,193,0
1536,193,0
1557,193,0
1580,193,0
1585,193,0
1600,193,0
1601,193,0
1620,193,0
1630,193,0
1632,193,0
1640,193,0
1641,193,0
35,194,0
854,194,0
1006,194,0
1519,194,0
195,1302,3
196,1198,3
196,1388,3
198,204,3
198,1308,3
198,1509,3
198,1544,3
198,1593,3
198,1628,3
199,355,3
199,1596,3
200,1016,3
200,1232,3
201,414,3
201,727,3
201,1293,3
202,852,3
202,1123,3
203,892,3
203,1386,3
204,1378,3
205,265,3
205,488,3
206,740,3
206,1641,3
207,941,3
207,983,3
207,1233,3
208,216,3
208,1312,3
209,622,3
209,1574,3
210,1358,3
211,1282,3
211,1521,3
213,474,3
214,644,3
214,788,3
214,1417,3
214,1561,3
215,252,3
215,1544,3
216,542,3
216,1273,3
216,1431,3
217,1148,3
218,236,3
218,648,3
218,1214,3
219,223,3
219,966,3
220,1403,3
221,1365,3
222,413,3
223,949,3
224,302,3
224,650,3
225,1399,3
226,810,3
226,883,3
226,1049,3
228,848,3
228,1002,3
229,563,3
229,565,3
229,600,3
230,552,3
230,682,3
230,913,3
231,1531,3
231,1551,3
232,343,3
232,411,3
233,342,3
233,1193,3
234,597,3
234,771,3
234,1190,3
234,1280,3
234,1380,3
235,509,3
235,1549,3
235,1601,3
236,787,3
237,995,3
237,1208,3
239,539,3
240,1022,3
241,1468,3
243,1178,3
244,298,3
244,1302,3
244,1352,3
245,902,3
245,1244,3
246,1216,3
247,817,3
247,944,3
247,1223,3
248,367,3
248,797,3
248,1081,3
248,1214,3
248,1244,3
248,1636,3
249,321,3
249,836,3
250,495,3
250,796,3
250,824,3
250,883,3
250,1012,3
252,800,3
252,1148,3
252,1581,3
252,1631,3
253,275,3
253,777,3
254,421,3
254,466,3
255,548,3
255,1462,3
256,330,3
258,474,3
260,295,3
260,1110,3
260,1221,3
260,1422,3
262,1340,3
262,1514,3
263,1013,3
265,315,3
266,271,3
267,538,3
267,1114,3
268,546,3
269,1168,3
269,1226,3
271,743,3
273,1030,3
275,1507,3
276,647,3
277,1436,3
278,1296,3
278,1394,3
279,920,3
279,1261,3
280,463,3
280,770,3
280,1324,3
284,1032,3
284,1041,3
284,1210,3
285,731,3
285,962,3
288,765,3
291,882,3
292,366,3
292,1387,3
293,415,3
297,533,3
298,404,3
298,563,3
298,685,3
299,346,3
299,1153,3
300,1318,3
301,324,3
301,507,3
301,680,3
302,968,3
302,1294,3
302,1523,3
303,822,3
304,619,3
304,726,3
306,348,3
306,366,3
306,683,3
306,1347,3
307,714,3
307,800,3
307,1550,3
308,417,3
308,854,3
308,975,3
308,1198,3
309,1129,3
310,1323,3
313,1136,3
313,1386,3
315,397,3
317,975,3
317,1009,3
317,1070,3
318,518,3
319,649,3
320,1258,3
320,1423,3
321,1611,3
322,710,3
322,1199,3
323,813,3
323,1496,3
324,523,3
324,827,3
325,339,3
327,401,3
327,519,3
327,895,3
327,1158,3
328,778,3
329,740,3
329,872,3
330,1350,3
331,890,3
332,650,3
332,1482,3
333,1563,3
333,1571,3
334,810,3
334,1431,3
336,509,3
338,595,3
338,965,3
338,1206,3
339,783,3
339,1066,3
339,1592,3
340,712,3
340,920,3
340,1017,3
341,781,3
341,812,3
342,1502,3
343,488,3
344,1529,3
346,499,3
346,515,3
346,1467,3
347,508,3
347,778,3
347,927,3
348,358,3
348,717,3
348,1214,3
349,1196,3
350,694,3
350,845,3
350,1607,3
351,373,3
351,869,3
351,1340,3
352,1117,3
353,1202,3
353,1427,3
354,990,3
354,1441,3
354,1512,3
357,750,3
358,454,3
358,1081,3
359,1370,3
360,1433,3
360,1558,3
361,886,3
361,1004,3
361,1553,3
363,397,3
364,1062,3
364,1099,3
364,1616,3
365,1002,3
366,968,3
366,1180,3
367,1039,3
368,417,3
369,1160,3
370,544,3
371,635,3
371,875,3
371,902,3
372,699,3
372,821,3
373,398,3
373,761,3
373,1254,3
373,1422,3
373,1521,3
373,1546,3
374,803,3
374,1166,3
375,942,3
375,1432,3
376,531,3
377,446,3
377,1136,3
377,1202,3
381,969,3
381,1362,3
381,1604,3
383,471,3
383,786,3
384,976,3
385,758,3
386,613,3
388,400,3
388,520,3
388,576,3
388,1587,3
389,1017,3
390,452,3
391,1439,3
392,571,3
394,1150,3
395,664,3
397,1048,3
397,1583,3
398,437,3
398,489,3
400,1040,3
401,1078,3
402,914,3
403,925,3
403,968,3
404,778,3
406,759,3
406,763,3
407,932,3
407,1341,3
408,884,3
408,1352,3
409,908,3
410,603,3
410,906,3
410,1144,3
410,1242,3
410,1257,3
411,648,3
411,903,3
413,1340,3
415,949,3
415,1036,3
416,507,3
416,668,3
416,1167,3
418,535,3
418,839,3
418,1349,3
419,487,3
420,1144,3
421,768,3
421,1273,3
425,1546,3
426,1381,3
430,723,3
431,1188,3
433,440,3
433,768,3
433,1208,3
434,450,3
435,1484,3
438,1487,3
440,519,3
440,1429,3
441,817,3
444,525,3
444,1120,3
446,505,3
447,1351,3
448,529,3
449,710,3
449,1201,3
450,1407,3
451,894,3
452,802,3
452,868,3
453,804,3
453,896,3
453,1271,3
453,1362,3
453,1578,3
454,1292,3
455,997,3
455,1365,3
455,1579,3
456,1568,3
457,540,3
457,742,3
457,814,3
458,1328,3
458,1404,3
459,563,3
459,699,3
459,723,3
459,792,3
460,1222,3
461,772,3
461,904,3
462,1232,3
463,679,3
463,682,3
464,936,3
466,1074,3
467,1319,3
468,992,3
470,490,3
471,1404,3
473,836,3
473,889,3
474,511,3
474,617,3
475,1055,3
475,1265,3
476,1348,3
476,1497,3
478,1406,3
480,1341,3
480,1563,3
481,1050,3
482,1454,3
483,914,3
483,1049,3
483,1392,3
484,842,3
484,895,3
487,559,3
487,825,3
487,1273,3
489,1113,3
490,1517,3
490,1551,3
492,895,3
492,1446,3
493,853,3
493,1053,3
494,1330,3
494,1402,3
494,1639,3
495,639,3
495,1012,3
496,665,3
496,1530,3
497,1211,3
497,1391,3
498,1021,3
498,1440,3
498,1553,3
499,1109,3
500,983,3
501,891,3
501,1415,3
503,675,3
504,768,3
504,1122,3
504,1474,3
505,798,3
508,1140,3
509,1194,3
509,1200,3
511,896,3
514,1026,3
514,1561,3
515,1003,3
515,1106,3
515,1255,3
515,1347,3
516,1590,3
517,652,3
517,1326,3
518,709,3
518,1361,3
519,667,3
519,1267,3
520,1096,3
520,1530,3
521,1113,3
522,1231,3
523,1506,3
523,1545,3
524,801,3
524,1094,3
527,791,3
528,785,3
528,834,3
528,1134,3
529,711,3
529,722,3
529,1516,3
530,609,3
530,694,3
530,943,3
530,1611,3
531,1533,3
537,1185,3
538,1257,3
539,1052,3
539,1101,3
539,1592,3
540,668,3
540,839,3
540,1139,3
541,761,3
541,1095,3
542,855,3
542,1033,3
543,732,3
543,852,3
543,1478,3
543,1518,3
545,1618,3
546,1143,3
547,1601,3
548,619,3
548,621,3
548,1120,3
549,1073,3
551,831,3
551,1446,3
552,587,3
552,692,3
552,873,3
552,1121,3
552,1599,3
554,1146,3
554,1160,3
555,785,3
555,1572,3
556,1412,3
558,883,3
558,1245,3
558,1370,3
560,776,3
561,925,3
561,1359,3
563,1588,3
564,780,3
564,1142,3
565,898,3
566,1381,3
567,1199,3
568,723,3
568,1305,3
569,1471,3
570,703,3
570,1311,3
570,1583,3
571,1134,3
572,866,3
572,897,3
573,1111,3
575,867,3
575,945,3
575,983,3
575,1610,3
575,1639,3
576,673,3
576,1172,3
576,1204,3
576,1271,3
578,898,3
578,1048,3
581,1513,3
582,762,3
582,1116,3
584,1315,3
585,586,3
586,816,3
587,994,3
587,1103,3
587,1471,3
587,1570,3
587,1612,3
588,932,3
588,1294,3
589,1192,3
589,1418,3
590,720,3
590,1333,3
591,704,3
592,1073,3
592,1487,3
593,727,3
593,775,3
593,1021,3
594,664,3
594,1450,3
596,833,3
597,705,3
597,1595,3
598,830,3
599,887,3
600,937,3
600,1485,3
601,668,3
601,737,3
602,1410,3
602,1430,3
603,699,3
604,712,3
606,685,3
607,631,3
607,722,3
608,1037,3
609,1236,3
609,1493,3
610,1588,3
613,792,3
614,818,3
614,1345,3
616,682,3
616,1559,3
617,1539,3
619,834,3
619,1065,3
619,1561,3
620,746,3
620,825,3
620,1181,3
620,1187,3
620,1189,3
622,1439,3
624,1006,3
624,1073,3
626,1018,3
627,1088,3
628,1549,3
629,1488,3
630,1563,3
631,1499,3
632,1286,3
634,860,3
634,1306,3
635,697,3
635,824,3
637,901,3
638,777,3
638,1158,3
638,1322,3
638,1487,3
639,831,3
642,1096,3
643,1081,3
645,1257,3
647,679,3
647,1221,3
649,1121,3
650,835,3
650,890,3
652,969,3
654,999,3
654,1243,3
655,1066,3
656,1382,3
656,1613,3
657,1201,3
657,1257,3
657,1367,3
659,1064,3
662,907,3
663,675,3
663,983,3
664,769,3
666,801,3
666,1286,3
667,1287,3
668,785,3
668,987,3
668,1420,3
669,679,3
669,1109,3
670,1146,3
670,1152,3
670,1633,3
671,1050,3
671,1494,3
672,800,3
672,1562,3
673,982,3
678,932,3
679,1217,3
679,1263,3
679,1495,3
679,1545,3
680,779,3
681,732,3
681,1549,3
683,978,3
683,1553,3
684,865,3
688,713,3
689,752,3
689,1036,3
691,1423,3
691,1619,3
692,1505,3
693,883,3
693,1243,3
694,1428,3
696,1272,3
696,1373,3
697,730,3
697,1092,3
697,1291,3
698,869,3
699,1151,3
699,1544,3
699,1607,3
701,1501,3
702,776,3
703,871,3
705,1308,3
708,1032,3
709,1011,3
710,727,3
710,1273,3
711,890,3
711,954,3
713,1230,3
713,1407,3
714,1134,3
714,1541,3
716,1427,3
716,1628,3
718,828,3
718,1045,3
719,968,3
720,957,3
722,1383,3
722,1413,3
723,831,3
724,1421,3
725,1035,3
725,1137,3
725,1175,3
725,1335,3
726,1253,3
726,1321,3
726,1437,3
727,1554,3
728,883,3
728,928,3
728,1258,3
730,830,3
730,1002,3
730,1037,3
730,1220,3
732,1405,3
732,1524,3
733,789,3
734,1252,3
736,1535,3
737,903,3
737,1096,3
737,1137,3
738,1068,3
739,815,3
739,1168,3
740,1186,3
741,846,3
741,965,3
741,1487,3
741,1488,3
741,1608,3
743,1371,3
745,1019,3
745,1317,3
749,783,3
749,1211,3
751,1116,3
751,1186,3
751,1274,3
752,1256,3
753,1107,3
754,1381,3
756,1092,3
759,1037,3
760,820,3
761,968,3
762,1062,3
762,1098,3
762,1314,3
763,789,3
764,1462,3
766,1484,3
767,1629,3
769,962,3
769,999,3
772,1442,3
775,1203,3
778,854,3
779,996,3
781,1012,3
785,952,3
787,922,3
787,1377,3
787,1539,3
788,1255,3
788,1267,3
788,1462,3
793,1367,3
794,854,3
794,1605,3
797,880,3
797,994,3
797,1084,3
797,1454,3
798,1550,3
799,1004,3
799,1233,3
800,1303,3
801,1429,3
804,1064,3
805,1095,3
808,1006,3
808,1050,3
808,1165,3
809,1615,3
810,1583,3
814,1126,3
814,1343,3
815,976,3
815,1084,3
816,1494,3
818,935,3
818,980,3
820,1347,3
825,990,3
825,1451,3
826,1137,3
826,1540,3
828,1257,3
829,1462,3
829,1554,3
830,1227,3
831,1248,3
831,1434,3
832,1015,3
832,1056,3
833,1451,3
834,1485,3
836,863,3
837,1294,3
838,1410,3
839,1431,3
839,1521,3
842,869,3
842,1036,3
842,1537,3
844,901,3
845,926,3
845,1194,3
845,1293,3
845,1458,3
849,1035,3
850,1267,3
851,1328,3
851,1405,3
851,1527,3
852,1484,3
852,1586,3
853,1629,3
855,966,3
855,1240,3
857,1437,3
858,1284,3
859,884,3
860,936,3
860,1226,3
861,1112,3
861,1371,3
863,890,3
863,1277,3
863,1596,3
864,1066,3
866,1446,3
867,1120,3
867,1448,3
867,1615,3
869,1098,3
869,1548,3
872,907,3
872,932,3
875,1203,3
875,1246,3
875,1364,3
883,1451,3
883,1556,3
885,1297,3
886,1097,3
887,1268,3
888,1614,3
889,1311,3
890,1236,3
893,1115,3
893,1538,3
894,938,3
894,1380,3
895,1350,3
895,1614,3
896,1469,3
897,1015,3
899,1379,3
899,1531,3
903,1068,3
905,1375,3
906,1163,3
907,1449,3
907,1546,3
907,1553,3
909,1088,3
910,1140,3
912,1288,3
913,962,3
916,1532,3
919,1012,3
921,1332,3
921,1463,3
922,1451,3
922,1533,3
925,1161,3
926,1214,3
929,1064,3
931,1541,3
932,1136,3
932,1289,3
934,946,3
935,1004,3
938,1182,3
942,967,3
942,1308,3
942,1489,3
944,1256,3
946,1234,3
946,1594,3
947,1378,3
948,1079,3
948,1151,3
948,1461,3
949,1567,3
951,1289,3
952,1591,3
953,1068,3
953,1580,3
954,1013,3
954,1174,3
954,1233,3
956,990,3
957,1218,3
957,1556,3
958,1621,3
959,1574,3
960,1029,3
961,966,3
962,1519,3
963,1266,3
964,1513,3
968,1194,3
968,1234,3
969,1039,3
969,1508,3
970,1499,3
975,1299,3
977,1027,3
977,1550,3
978,1264,3
979,1141,3
979,1186,3
979,1596,3
980,1520,3
981,1413,3
982,1000,3
983,1593,3
984,1026,3
984,1161,3
985,1034,3
985,1134,3
985,1201,3
987,1037,3
988,1008,3
988,1055,3
988,1391,3
989,1370,3
990,1118,3
992,1510,3
993,1156,3
994,1468,3
995,1245,3
996,1600,3
998,1361,3
1001,1167,3
1001,1323,3
1002,1306,3
1003,1045,3
1004,1196,3
1004,1368,3
1006,1034,3
1007,1306,3
1007,1635,3
1009,1328,3
1010,1561,3
1011,1025,3
1012,1093,3
1012,1291,3
1012,1428,3
1014,1171,3
1014,1396,3
1016,1353,3
1016,1544,3
1017,1031,3
1017,1607,3
1024,1070,3
1025,1040,3
1025,1115,3
1027,1495,3
1028,1222,3
1029,1515,3
1031,1382,3
1031,1435,3
1033,1399,3
1036,1627,3
1038,1383,3
1040,1242,3
1041,1343,3
1044,1142,3
1045,1331,3
1048,1156,3
1049,1503,3
1052,1627,3
1056,1569,3
1059,1279,3
1060,1106,3
1060,1230,3
1060,1318,3
1061,1433,3
1061,1520,3
1062,1072,3
1063,1092,3
1063,1150,3
1065,1160,3
1065,1569,3
1071,1292,3
1072,1410,3
1072,1477,3
1074,1150,3
1077,1191,3
1077,1376,3
1077,1414,3
1078,1491,3
1079,1480,3
1080,1481,3
1082,1433,3
1083,1374,3
1083,1568,3
1084,1329,3
1085,1580,3
1086,1594,3
1089,1411,3
1091,1151,3
1091,1514,3
1091,1546,3
1092,1291,3
1092,1388,3
1094,1116,3
1094,1133,3
1098,1149,3
1098,1504,3
1099,1239,3
1099,1348,3
1101,1472,3
1103,1289,3
1105,1255,3
1106,1135,3
1106,1170,3
1106,1468,3
1107,1579,3
1108,1323,3
1110,1247,3
1110,1412,3
1112,1174,3
1112,1314,3
1113,1342,3
1117,1222,3
1117,1328,3
1117,1463,3
1121,1575,3
1122,1516,3
1128,1620,3
1130,1284,3
1130,1398,3
1131,1629,3
1138,1608,3
1139,1432,3
1140,1205,3
1141,1501,3
1143,1260,3
1144,1421,3
1145,1489,3
1146,1376,3
1149,1173,3
1149,1331,3
1150,1603,3
1151,1549,3
1155,1629,3
1158,1266,3
1162,1498,3
1168,1509,3
1170,1529,3
1172,1449,3
1175,1611,3
1177,1259,3
1179,1406,3
1180,1223,3
1182,1410,3
1182,1414,3
1185,1339,3
1185,1360,3
1185,1417,3
1186,1442,3
1189,1308,3
1192,1526,3
1194,1205,3
1197,1253,3
1197,1279,3
1201,1470,3
1202,1272,3
1202,1315,3
1203,1515,3
1204,1277,3
1204,1482,3
1207,1380,3
1208,1270,3
1209,1245,3
1210,1454,3
1211,1250,3
1211,1464,3
1212,1215,3
1212,1568,3
1214,1408,3
1215,1367,3
1217,1353,3
1218,1307,3
1220,1388,3
1221,1560,3
1226,1387,3
1228,1245,3
1229,1545,3
1230,1475,3
1232,1618,3
1233,1335,3
1233,1451,3
1234,1441,3
1235,1402,3
1236,1494,3
1243,1374,3
1243,1567,3
1244,1355,3
1247,1503,3
1247,1641,3
1250,1533,3
1251,1255,3
1251,1335,3
1252,1583,3
1258,1264,3
1268,1479,3
1268,1618,3
1270,1634,3
1271,1336,3
1271,1382,3
1271,1428,3
1278,1425,3
1282,1293,3
1287,1360,3
1290,1607,3
1295,1360,3
1295,1469,3
1295,1477,3
1296,1629,3
1297,1543,3
1302,1434,3
1303,1597,3
1304,1433,3
1304,1633,3
1305,1400,3
1306,1546,3
1308,1368,3
1311,1447,3
1312,1449,3
1313,1536,3
1313,1560,3
1315,1505,3
1318,1432,3
1338,1561,3
1338,1585,3
1339,1628,3
1342,1410,3
1342,1557,3
1342,1563,3
1347,1553,3
1349,1372,3
1351,1360,3
1352,1368,3
1352,1456,3
1353,1528,3
1354,1490,3
1354,1535,3
1356,1429,3
1365,1448,3
1365,1586,3
1368,1487,3
1375,1512,3
1376,1405,3
1386,1487,3
1389,1625,3
1390,1469,3
1397,1592,3
1402,1523,3
1409,1519,3
1411,1578,3
1412,1625,3
1416,1602,3
1426,1436,3
1426,1444,3
1431,1573,3
1449,1472,3
1467,1578,3
1469,1612,3
1475,1589,3
1478,1499,3
1480,1622,3
1490,1531,3
1493,1579,3
1496,1621,3
1503,1616,3
1507,1530,3
1529,1604,3
1533,1544,3
1551,1588,3
1557,1588,3
1561,1602,3
1566,1588,3
1569,1620,3
1570,1615,3
1573,1642,3
1576,1606,3
1597,1640,3
