1,846,0
2,64,1
2,654,1
2,720,1
2,781,1
2,833,1
2,1026,1
1587,2,0
2,1950,1
2,1952,0
2,2055,1
2,2095,1
2222,2,0
2,2244,1
2,2291,1
2310,2,0
2,2317,1
2,2319,1
2,2320,1
2,2376,1
2,2384,1
2,2393,1
2,2401,1
2409,2,0
2,2428,1
3,1998,0
4,809,0
4,816,0
4,1778,0
5,2185,0
6,180,0
7,53,0
7,2465,0
8,1776,0
9,2024,0
9,2315,0
10,665,0
10,719,0
11,1111,0
2425,12,0
13,29,1
13,203,1
221,13,0
250,13,0
13,251,1
305,13,0
13,339,1
13,341,1
386,13,0
408,13,0
13,426,1
13,448,1
13,452,1
13,459,1
13,563,1
13,599,1
13,628,1
13,634,1
13,654,1
13,656,1
661,13,0
13,664,1
13,690,1
13,706,1
800,13,0
13,819,1
13,857,1
13,935,1
13,939,1
951,13,0
13,1048,1
13,1072,1
13,1143,1
1265,13,0
1307,13,0
13,1318,1
13,1322,1
13,1343,0
13,1425,1
13,1458,1
13,1488,1
13,1489,1
13,1510,1
1529,13,0
13,1530,1
1576,13,0
13,1602,1
13,1612,1
13,1712,1
13,1836,1
1879,13,0
13,1921,1
13,1925,1
13,1938,1
13,1964,1
13,1993,1
2183,13,0
2203,13,0
13,2342,1
13,2425,1
13,2462,1
14,914,0
16,1807,0
16,2229,0
17,1726,0
18,1438,0
18,2204,0
20,2128,0
21,986,0
21,1096,0
23,1999,0
23,2020,0
24,727,0
24,2456,0
25,462,0
25,1636,0
25,2171,0
25,2213,0
25,2256,0
26,817,0
26,2331,0
27,976,0
28,760,0
29,502,0
29,1521,0
29,1659,0
554,30,0
30,571,1
30,640,1
30,813,1
881,30,0
30,1246,1
30,1277,1
30,1352,0
30,1574,0
1696,30,0
30,1996,1
30,2426,1
31,63,1
31,215,1
31,326,1
470,31,0
31,488,0
31,635,1
638,31,0
31,687,1
31,833,1
31,1215,1
1298,31,0
31,1728,0
31,1820,1
31,1959,0
32,1101,0
32,1174,0
34,51,0
34,414,1
512,34,0
34,653,1
34,1326,0
34,1772,0
1994,34,0
35,936,0
36,327,0
583,36,0
629,36,0
2076,36,0
36,2161,0
38,93,0
39,567,0
39,939,1
1103,39,0
40,946,0
40,1115,0
40,1537,0
41,321,0
41,716,0
41,1343,0
41,2223,0
42,234,1
42,1044,0
42,1361,1
42,2419,0
42,2447,1
43,44,0
43,1467,0
43,1811,0
43,2223,0
44,1385,0
44,1419,0
44,2095,0
46,302,0
46,678,0
47,59,1
47,105,1
124,47,0
142,47,0
47,168,1
313,47,0
47,340,1
47,359,1
47,394,1
47,620,1
47,654,1
690,47,0
47,743,1
47,814,1
47,899,1
47,939,1
1145,47,0
47,1150,1
1182,47,0
47,1185,1
47,1239,1
47,1404,1
1450,47,0
47,1459,1
1585,47,0
1664,47,0
1682,47,0
1831,47,0
47,1841,0
1881,47,0
47,1992,1
2014,47,0
47,2145,1
47,2245,1
47,2276,1
2358,47,0
48,254,0
49,2204,0
50,16,1
50,46,1
50,75,1
209,50,0
50,212,1
50,448,0
50,619,1
50,690,1
50,815,1
950,50,0
50,1081,1
50,1381,1
50,1525,1
1674,50,0
1793,50,0
1863,50,0
50,1905,1
1955,50,0
50,2166,1
50,2426,1
51,968,0
51,1058,0
51,1676,0
51,2408,0
52,393,0
52,637,0
52,1731,0
53,635,1
54,220,0
54,1196,1
55,676,0
56,1435,0
57,273,1
57,1423,0
59,196,0
59,396,0
59,423,0
59,518,0
59,1559,0
60,88,1
60,195,1
60,215,1
60,269,1
304,60,0
60,326,1
60,433,1
60,519,1
60,563,1
60,620,1
60,656,1
709,60,0
60,1591,1
1771,60,0
61,617,0
61,1909,0
62,376,0
62,693,0
63,81,1
63,99,1
152,63,0
63,412,1
63,429,1
585,63,0
63,621,1
63,659,1
63,891,1
63,1514,1
1683,63,0
63,2331,1
64,187,0
64,202,0
64,1515,0
65,723,0
65,2242,0
66,557,0
66,942,0
68,8,1
68,146,1
68,236,1
392,68,0
68,412,1
68,417,0
68,452,1
560,68,0
68,635,1
68,663,1
725,68,0
939,68,0
68,1167,1
68,1215,1
1326,68,0
68,1375,1
68,1483,1
1505,68,0
1568,68,0
68,1620,1
68,1628,1
68,1688,1
68,1741,1
68,1803,1
1990,68,0
68,2087,1
2093,68,0
68,2240,1
68,2357,1
69,894,0
69,2462,0
70,1683,0
70,1815,0
70,2143,0
72,1204,0
72,1280,1
72,1892,0
73,1124,0
76,160,1
76,586,1
76,631,0
76,864,1
76,1882,1
78,204,1
635,78,0
78,741,0
78,1128,1
1176,78,0
78,1582,1
78,1717,1
78,1940,1
79,358,0
80,1661,0
81,1471,0
81,2057,0
81,2159,0
82,430,0
82,1873,0
1991,82,0
82,2164,0
83,1152,0
83,1696,0
83,2242,0
84,317,0
84,319,0
84,889,0
84,1108,0
84,1792,1
85,2235,0
85,2242,1
85,2441,0
86,563,1
87,1168,0
87,2062,0
88,1236,0
88,2303,0
89,329,1
985,89,0
89,1388,1
89,1425,1
89,1562,0
89,2144,1
90,780,0
90,947,0
91,348,0
91,440,0
91,1934,0
92,839,0
92,2305,0
95,1875,0
96,1581,0
97,320,0
98,359,0
98,791,0
100,590,0
101,532,0
101,915,0
101,1245,0
102,621,0
102,1081,0
2240,103,0
104,313,0
104,977,0
104,2404,0
106,577,0
106,818,0
106,1093,0
108,8,1
108,105,1
108,181,1
108,340,1
481,108,0
619,108,0
108,877,1
108,1234,1
1311,108,0
108,1406,1
1427,108,0
1622,108,0
1697,108,0
108,1770,1
108,1810,0
1933,108,0
109,400,0
111,407,0
111,725,1
1274,111,0
111,1276,0
111,1745,0
112,1557,0
113,687,0
113,2233,0
114,513,0
114,2222,0
115,1541,0
47,116,0
116,625,1
116,680,0
1147,116,0
116,1344,1
116,2115,1
116,2245,0
117,593,0
29,118,0
118,529,1
118,646,1
118,700,1
118,732,1
780,118,0
118,959,1
118,1196,1
118,1468,1
1573,118,0
1824,118,0
118,1828,1
118,1830,1
118,1847,1
118,2198,1
118,2385,1
2412,118,0
119,844,0
119,1999,0
120,1135,0
120,1318,0
120,2149,1
120,2275,0
121,399,1
121,857,0
121,1343,0
1939,121,0
121,2252,0
123,282,0
123,317,0
123,1755,0
124,408,0
124,1614,1
125,887,0
126,2466,0
127,1483,0
127,2179,0
128,1222,0
128,1994,0
128,2412,0
130,1171,1
130,1215,1
130,1983,1
2058,130,0
130,2214,0
131,184,0
131,655,0
131,1900,0
131,2459,0
132,676,0
933,132,0
132,2213,1
133,1107,0
134,490,0
134,645,0
134,980,0
135,380,0
135,634,0
135,1691,1
135,1926,1
137,102,1
137,408,1
137,427,1
432,137,0
137,624,1
628,137,0
635,137,0
137,690,1
137,737,1
137,864,1
137,900,1
935,137,0
939,137,0
137,1072,1
137,1094,1
137,1322,1
137,1351,1
137,1383,1
137,1384,0
137,1415,1
1416,137,0
1441,137,0
137,1466,1
1601,137,0
137,1681,0
137,1724,1
1783,137,0
137,1836,1
1847,137,0
1868,137,0
137,1912,1
1921,137,0
137,1965,1
137,2015,1
2035,137,0
137,2053,1
137,2293,1
2426,137,0
137,2462,1
138,824,0
138,2193,0
139,166,0
139,210,0
139,772,0
181,140,0
140,273,1
399,140,0
140,777,1
939,140,0
1047,140,0
140,1062,1
140,1285,1
140,1422,0
140,1629,0
140,1761,1
142,737,0
142,1301,0
143,456,0
143,1634,0
144,225,0
144,1560,0
145,720,0
145,1588,0
146,1063,0
147,352,0
147,1170,1
147,1377,0
147,1675,0
33,149,0
149,79,1
149,273,1
939,149,0
149,2371,0
150,997,1
150,2002,0
151,64,1
151,2055,1
151,2222,1
151,2291,1
151,2317,1
2320,151,0
151,2376,1
151,2384,1
151,2393,1
151,2401,1
2409,151,0
152,265,0
152,788,0
152,1658,0
153,153,1
659,153,0
153,695,1
153,1132,1
153,1200,1
153,1933,1
153,2149,0
2436,153,0
154,314,0
939,154,0
154,1607,1
155,781,0
155,1883,0
156,189,0
156,700,1
156,1824,1
158,1157,0
159,509,1
159,704,0
159,1110,0
160,362,0
160,475,0
160,1113,0
160,1750,0
161,2193,0
162,706,1
162,991,0
162,1038,0
1838,162,0
163,235,0
163,1105,0
163,1669,0
163,2230,0
163,2322,0
164,66,1
164,80,1
164,99,1
164,123,1
158,164,0
164,293,1
397,164,0
164,435,1
164,554,1
680,164,0
164,769,1
164,802,1
929,164,0
1126,164,0
164,1142,1
1183,164,0
1234,164,0
164,1316,1
164,1391,1
164,1404,1
164,1488,0
164,1696,0
1945,164,0
164,2019,1
164,2091,1
165,839,0
64,166,0
166,265,0
166,833,1
166,1005,0
166,1362,0
166,1890,0
166,2222,1
166,2244,1
2291,166,0
166,2310,1
2317,166,0
166,2319,1
2320,166,0
166,2376,1
166,2393,1
166,2401,1
2409,166,0
167,784,0
167,1629,0
167,2077,0
320,169,0
377,169,0
169,388,0
413,169,0
169,449,1
169,457,1
169,603,1
707,169,0
169,779,1
169,840,1
850,169,0
169,870,1
908,169,0
1024,169,0
169,1114,1
169,1209,1
169,1297,1
169,1463,1
169,1580,1
1591,169,0
169,1636,1
169,1646,1
169,1710,0
169,1723,1
169,1845,1
169,1857,1
169,1874,1
169,1999,1
169,2059,1
2093,169,0
169,2172,1
169,2381,1
170,293,1
1921,170,0
171,265,0
171,1130,0
171,2032,0
172,1159,1
172,1514,0
173,29,1
173,91,1
173,434,1
173,939,1
1315,173,0
1354,173,0
173,1578,0
1629,173,0
173,1700,1
173,2077,0
173,2125,0
173,2213,1
173,2338,1
2371,173,0
174,1220,0
47,175,0
175,258,0
175,2084,0
177,592,0
177,2430,0
178,150,1
181,178,0
213,178,0
178,273,1
690,178,0
178,777,1
178,827,1
178,939,1
178,1205,1
178,1234,1
178,1365,0
1427,178,0
178,1566,1
178,1626,1
178,2029,1
178,2035,1
178,2128,1
178,2362,1
179,2289,0
180,2064,0
564,181,0
181,671,1
181,1759,1
1761,181,0
1795,181,0
181,2035,1
2086,181,0
181,2265,0
183,430,1
192,184,0
184,269,1
184,693,0
939,184,0
184,1738,0
184,2427,0
184,2435,0
185,199,1
185,564,0
185,725,1
185,943,1
1414,185,0
1691,185,0
1773,185,0
185,1810,1
185,1933,1
185,2035,1
185,2036,0
186,298,0
186,466,1
186,467,1
186,468,1
186,619,1
186,646,1
186,700,1
186,1050,0
1196,186,0
186,1205,1
186,1210,0
186,1824,1
673,188,0
188,674,1
188,982,1
188,994,1
188,1121,1
188,1258,1
188,2186,1
188,2283,0
189,1551,0
190,2376,0
191,2283,0
191,2399,0
192,294,0
192,1200,0
192,2047,0
193,1201,0
194,807,0
194,1811,0
195,713,0
195,1189,0
195,1647,0
196,439,0
196,614,0
196,831,0
197,1711,0
197,1902,0
197,2060,0
197,2166,0
198,99,1
198,194,1
198,519,1
198,546,1
198,797,1
845,198,0
198,911,1
198,939,1
198,1215,1
198,1768,0
198,1979,1
198,2098,1
2331,198,0
199,252,0
199,276,0
199,625,0
200,479,1
200,1103,0
200,1287,0
200,1550,0
200,2249,0
201,1367,0
201,2355,0
300,202,0
605,202,0
202,1086,1
202,1239,1
1415,202,0
202,1441,1
202,1503,1
202,2075,1
202,2224,1
2308,202,0
202,2309,1
202,2324,1
203,463,0
203,789,0
203,1381,0
204,80,1
204,234,1
364,204,0
204,553,1
204,636,1
204,921,1
204,935,1
204,1040,1
204,1071,1
204,1081,1
204,1277,1
204,1387,1
204,1790,0
204,1837,1
204,1852,1
204,1913,1
204,2161,1
204,2470,1
205,213,1
214,205,0
205,242,1
205,268,1
274,205,0
205,342,1
205,361,1
205,625,1
660,205,0
205,706,1
205,707,1
783,205,0
205,814,1
205,878,1
908,205,0
994,205,0
1176,205,0
205,1229,1
205,1238,0
205,1258,1
205,1259,1
205,1567,1
205,1585,1
1661,205,0
205,1664,1
205,1695,1
205,1838,1
205,1847,1
205,1941,1
205,2057,1
205,2106,0
2385,205,0
206,2084,0
206,2349,0
206,2392,0
207,2154,0
209,604,0
209,1615,0
210,806,0
210,962,0
210,1108,0
304,211,0
659,211,0
211,758,1
211,939,1
211,1208,1
2240,211,0
212,1846,0
213,219,0
214,361,1
214,584,1
214,660,1
706,214,0
707,214,0
214,1299,1
1838,214,0
2104,214,0
214,2174,1
214,2206,0
215,6,1
80,215,0
99,215,0
141,215,0
215,225,1
294,215,0
419,215,0
215,473,1
555,215,0
215,569,1
215,596,1
215,652,1
215,677,1
215,724,1
215,752,1
215,789,1
215,804,1
215,877,1
215,947,1
215,953,1
215,969,1
215,989,0
1136,215,0
215,1155,1
215,1188,1
215,1366,1
1502,215,0
1512,215,0
215,1518,1
215,1563,1
215,1620,1
215,1685,1
1855,215,0
215,1921,1
215,1943,0
215,2109,1
2140,215,0
215,2159,1
2197,215,0
2344,215,0
2368,215,0
216,95,1
190,216,0
725,216,0
216,1181,1
1377,216,0
216,1597,0
1672,216,0
216,1702,1
216,1969,1
216,2052,1
216,2202,1
216,2215,1
216,2277,1
217,63,1
215,217,0
326,217,0
217,470,1
217,635,1
217,638,1
687,217,0
1215,217,0
217,1820,1
218,817,0
1131,218,0
1404,218,0
218,2269,0
219,578,0
220,511,0
221,1179,0
1215,221,0
222,314,0
222,420,0
222,566,0
222,941,0
222,1607,0
225,399,0
225,1639,0
226,1933,0
226,2324,0
227,11,1
227,29,1
227,228,0
227,330,0
227,452,1
457,227,0
227,823,1
227,1066,1
227,1182,1
227,1352,1
227,1417,0
227,1519,0
227,1606,0
227,2239,1
227,2435,1
228,1675,0
229,1311,1
229,1512,0
230,2340,0
231,1373,0
231,1448,0
231,1774,0
232,1653,0
232,2232,0
233,343,0
233,1334,0
233,1579,0
234,1086,0
235,529,0
235,2062,0
236,268,0
238,587,0
238,603,0
239,1159,0
1568,240,0
241,17,1
74,241,0
241,79,1
241,81,1
127,241,0
213,241,0
241,235,1
241,277,1
328,241,0
399,241,0
422,241,0
241,439,1
455,241,0
241,508,1
585,241,0
241,625,1
241,635,1
638,241,0
785,241,0
241,822,1
833,241,0
241,993,1
1066,241,0
241,1068,1
1147,241,0
241,1148,1
241,1196,1
241,1216,1
241,1250,1
1635,241,0
241,1684,1
241,1695,1
1801,241,0
241,1913,1
1921,241,0
241,1947,1
241,1978,1
241,1990,1
241,2080,1
241,2209,1
241,2256,1
2380,241,0
242,1364,0
242,2323,0
242,2469,0
243,698,0
245,376,0
245,1102,0
245,1415,0
246,670,0
246,755,0
246,1386,0
246,1998,0
247,882,0
247,1142,1
1959,247,0
247,2144,1
248,1001,0
249,300,0
249,339,0
249,2395,0
238,250,0
250,509,0
250,619,1
250,758,1
250,1142,1
1955,250,0
251,908,0
251,1462,0
251,1621,0
252,304,1
252,728,0
939,252,0
253,409,0
519,253,0
939,253,0
254,790,0
254,1419,0
254,1868,0
254,1972,1
254,2288,0
254,2336,0
255,669,0
256,492,0
256,991,0
256,1159,1
258,605,0
258,1143,0
258,1180,0
258,1414,0
259,563,0
260,668,0
260,1569,0
261,440,0
261,572,0
261,1718,0
1772,261,0
262,1740,0
262,2087,0
263,1327,1
263,1491,0
264,216,1
264,333,0
1138,264,0
264,1435,1
264,2321,1
265,1397,0
265,2418,0
266,47,1
266,1215,1
266,1239,0
1389,266,0
266,1478,0
2284,266,0
267,336,0
267,847,0
267,1002,0
267,1564,0
267,1667,0
267,2461,0
269,298,0
269,509,0
269,927,0
269,1099,0
270,1678,0
63,271,0
271,326,1
271,390,0
271,466,0
638,271,0
271,669,1
271,687,1
833,271,0
1215,271,0
271,1230,1
1298,271,0
271,1999,1
271,2035,1
271,2081,1
271,2183,1
272,1390,0
273,567,0
918,273,0
273,997,1
273,1474,0
273,1795,1
273,1802,0
273,2035,1
2342,273,0
274,566,0
274,753,1
754,274,0
274,1094,0
274,1481,0
116,275,0
200,275,0
213,275,0
275,430,1
275,855,1
275,864,1
275,947,1
275,1205,1
275,1620,1
275,1747,0
275,1789,1
275,1921,1
275,1955,1
275,2423,0
277,488,0
277,516,0
277,991,0
277,2077,0
278,2074,1
278,2298,0
279,1928,0
250,280,0
280,730,0
280,1113,0
280,2060,0
281,713,0
281,878,0
282,995,0
283,616,0
283,1347,0
283,2014,0
284,22,1
284,222,1
284,289,1
284,365,1
423,284,0
284,497,1
284,670,1
743,284,0
284,1082,1
284,1271,1
1399,284,0
284,1570,1
284,1689,1
284,2017,1
284,2064,1
2079,284,0
284,2117,1
284,2392,1
284,2434,1
285,2168,0
286,1402,0
286,1722,0
287,431,0
287,790,0
21,288,0
288,275,1
288,347,1
288,375,0
288,595,1
288,597,1
288,604,1
635,288,0
288,648,1
288,669,1
288,814,1
288,979,1
288,1009,1
288,1073,1
288,1074,1
1215,288,0
288,1419,1
1641,288,0
288,1794,1
1902,288,0
288,1903,1
288,1904,1
288,1906,1
1908,288,0
288,1909,1
1921,288,0
1975,288,0
2170,288,0
288,2171,1
288,2176,1
288,2178,1
2185,288,0
288,2248,1
288,2252,1
2336,288,0
288,2337,1
289,1376,0
289,1528,0
290,1396,0
290,1601,0
291,943,0
2205,291,0
2346,291,0
292,440,0
293,1344,0
293,1397,0
293,1488,0
293,2107,0
294,1851,0
296,1375,0
296,1931,0
297,694,0
298,216,1
298,1138,1
1435,298,0
298,2321,1
300,812,0
300,966,0
303,1070,0
306,2113,0
307,793,0
307,2328,0
308,700,1
308,1773,0
1824,308,0
309,1917,0
309,2116,0
310,340,1
310,617,1
310,1288,0
1345,310,0
310,1349,1
310,2313,0
2386,310,0
311,1850,0
312,836,0
313,847,0
313,1936,0
313,2032,0
314,1792,0
314,2434,0
315,474,0
316,778,0
317,1212,0
318,2376,0
319,943,0
319,1413,0
320,388,0
320,1502,0
320,2117,0
1427,321,0
1993,321,0
321,2328,0
321,2444,1
322,358,0
323,1740,0
1182,324,0
325,1005,0
327,1192,0
329,1692,0
939,330,0
1182,330,0
330,1528,1
1742,330,0
331,1592,0
332,1950,0
332,2126,0
334,1948,0
334,2188,0
335,695,0
335,1690,0
335,2099,0
336,540,0
336,1018,0
336,1565,0
336,1647,0
337,1488,0
337,2222,0
337,2268,0
339,1915,0
340,21,1
340,197,1
340,260,1
340,347,1
484,340,0
505,340,0
340,561,1
340,563,1
564,340,0
340,597,1
340,604,1
648,340,0
654,340,0
340,730,1
340,740,1
340,814,1
340,939,1
340,979,1
340,996,1
340,1005,1
340,1009,1
1065,340,0
340,1215,1
1239,340,0
1293,340,0
1300,340,0
340,1311,1
340,1315,1
340,1389,1
1395,340,0
340,1416,1
340,1419,1
340,1436,1
1575,340,0
340,1585,1
340,1691,1
340,1743,1
340,1768,1
1802,340,0
340,1834,1
340,1891,1
340,1899,1
340,1902,1
340,1904,1
1905,340,0
340,1906,1
340,1908,1
1921,340,0
1975,340,0
340,2074,1
2102,340,0
340,2170,1
2171,340,0
2178,340,0
340,2185,1
2190,340,0
2226,340,0
340,2239,1
340,2248,1
340,2252,1
2258,340,0
340,2336,1
340,2337,1
2419,340,0
2454,340,0
341,398,0
341,1547,0
341,2324,0
342,1201,0
342,1759,0
169,343,0
343,449,1
343,1207,0
343,1215,1
2172,343,0
344,508,0
344,747,0
345,1375,0
345,1526,0
346,1734,0
347,975,0
347,1733,0
347,2349,0
348,1473,0
348,2260,0
349,1031,0
349,1128,0
349,1693,0
351,1631,0
688,352,0
352,807,1
352,984,0
352,1217,0
353,1768,0
353,2146,0
354,360,0
354,635,0
354,1558,0
354,1869,0
355,1551,0
356,1821,0
357,535,1
357,625,1
357,809,1
819,357,0
357,875,1
357,1389,1
357,1505,0
1577,357,0
357,1589,1
357,1868,1
2137,357,0
357,2302,1
357,2458,1
358,1594,0
0,359,0
8,359,0
359,30,1
359,99,1
359,293,1
412,359,0
359,483,1
359,530,0
565,359,0
847,359,0
359,877,1
359,925,1
359,939,1
1017,359,0
359,1085,1
359,1163,1
359,1184,1
1215,359,0
359,1351,1
359,1435,1
359,1451,1
359,1517,1
1519,359,0
359,1548,1
359,1562,1
359,1705,1
359,1729,1
1802,359,0
359,2051,1
359,2074,1
359,2134,1
359,2181,0
359,2233,1
359,2360,1
360,2214,0
361,753,1
754,361,0
361,1945,0
361,2060,0
304,362,0
362,809,0
362,826,1
362,833,1
362,939,1
362,1219,1
362,1311,1
362,1547,0
362,1921,1
2035,362,0
362,2119,1
363,496,0
363,1814,0
363,2194,0
364,1568,0
365,1686,0
307,366,0
366,377,0
366,601,1
366,1328,1
366,1637,0
366,1691,1
366,1898,0
367,458,0
368,873,0
368,1805,0
368,2248,0
369,1607,0
369,2063,0
370,495,0
370,534,0
370,1298,0
81,372,0
372,1679,0
373,748,0
374,1374,0
374,2269,0
375,682,0
375,2169,0
29,377,0
377,45,1
377,213,1
377,273,1
307,377,0
323,377,0
377,412,1
427,377,0
529,377,0
377,635,1
377,690,1
700,377,0
377,732,1
377,780,1
377,870,1
377,907,1
377,939,1
377,989,1
1176,377,0
377,1196,1
1573,377,0
377,1724,1
377,1824,1
377,1828,1
1830,377,0
1921,377,0
377,1965,1
377,1971,0
377,2110,0
377,2198,1
377,2385,1
377,2450,0
378,527,0
378,558,0
378,1784,0
379,996,0
379,1667,0
1668,379,0
379,2410,0
380,1189,0
380,1805,0
380,1991,0
381,1739,1
381,1850,1
2183,381,0
381,2316,1
381,2433,0
381,2440,1
382,1416,0
382,2387,0
383,2084,0
384,105,1
384,322,1
384,878,1
385,495,0
385,2288,0
386,1202,0
386,2135,0
387,724,0
388,1911,0
390,99,1
391,1035,0
391,1284,0
391,1364,0
391,1529,0
391,1658,0
392,1090,0
393,2388,0
29,394,0
394,50,1
394,122,1
134,394,0
394,203,1
394,213,1
394,251,1
394,253,1
394,299,1
326,394,0
394,339,1
394,341,1
394,386,1
408,394,0
394,452,1
459,394,0
394,563,1
577,394,0
599,394,0
394,628,1
394,634,1
394,660,1
394,661,1
394,664,1
394,690,1
394,800,1
939,394,0
1058,394,0
394,1064,1
394,1072,1
394,1081,1
394,1088,1
394,1143,1
394,1215,1
1265,394,0
394,1318,1
394,1322,1
394,1405,1
394,1425,1
394,1487,0
394,1488,1
394,1489,1
394,1529,1
1602,394,0
394,1612,1
394,1626,1
394,1636,0
394,1712,1
394,1723,1
394,1756,1
394,1836,1
394,1879,1
394,1921,1
394,1925,1
394,1938,1
394,2044,1
2128,394,0
394,2176,1
394,2183,1
2342,394,0
395,980,0
395,2447,1
635,396,0
396,687,1
833,396,0
396,1192,1
396,1215,1
396,1367,0
396,1397,0
396,1678,1
1745,396,0
1829,396,0
396,1863,0
396,1907,0
396,1913,1
396,2004,0
396,2193,1
396,2287,1
396,2433,0
396,2439,0
397,1243,0
397,1786,0
399,29,1
399,55,1
399,92,1
399,171,1
399,174,1
399,188,1
399,221,1
399,251,1
268,399,0
307,399,0
399,339,1
399,341,1
399,346,1
399,386,1
399,391,1
399,399,1
399,406,1
399,426,1
448,399,0
399,452,1
399,459,1
399,496,1
520,399,0
554,399,0
399,577,1
399,599,1
399,635,1
399,654,1
399,656,1
399,661,1
399,664,1
399,690,1
399,692,1
399,696,1
399,792,1
800,399,0
399,843,1
399,844,1
399,902,1
903,399,0
918,399,0
939,399,0
399,981,1
399,1043,1
399,1048,1
1055,399,0
399,1101,1
399,1143,1
1169,399,0
399,1193,1
399,1259,1
399,1265,1
1382,399,0
399,1433,1
1458,399,0
399,1466,1
399,1489,1
399,1493,1
1510,399,0
1530,399,0
1557,399,0
399,1576,1
399,1577,1
1602,399,0
399,1641,1
1661,399,0
399,1664,1
399,1691,1
1706,399,0
399,1712,1
399,1879,1
1901,399,0
399,1921,1
1984,399,0
1993,399,0
399,2011,1
2083,399,0
399,2140,1
399,2203,1
399,2329,1
399,2379,1
399,2400,1
401,549,0
401,691,0
401,1733,0
401,1788,0
403,1215,1
404,1039,0
404,1172,0
405,3,1
405,13,1
405,58,1
405,105,1
253,405,0
405,468,1
489,405,0
405,528,1
405,660,1
706,405,0
405,707,1
405,767,1
782,405,0
405,799,1
405,877,1
405,891,1
405,924,1
405,992,1
1107,405,0
405,1157,1
405,1160,1
1215,405,0
1220,405,0
405,1368,1
405,1385,1
405,1404,1
405,1431,1
405,1432,1
1571,405,0
1598,405,0
405,1624,1
1890,405,0
405,2026,1
405,2059,1
2242,405,0
405,2309,1
405,2410,0
535,406,0
619,406,0
406,643,0
406,1490,1
406,1985,0
2030,406,0
2053,406,0
407,1994,1
408,950,0
408,1015,0
408,1104,0
409,29,1
409,80,1
409,328,1
409,413,1
517,409,0
548,409,0
409,619,1
409,889,1
409,1413,0
409,1955,1
409,2279,1
409,2453,1
213,410,0
268,410,0
410,342,1
410,625,1
410,849,0
410,908,1
410,1205,1
410,1259,1
410,1567,1
410,1661,1
1664,410,0
1847,410,0
410,1941,1
410,1964,0
2057,410,0
412,572,0
412,2383,0
413,700,1
413,1122,0
413,2393,0
56,415,0
415,258,1
415,383,1
415,408,1
811,415,0
415,935,1
415,998,1
415,1023,1
415,1040,1
415,1072,1
415,1108,0
1244,415,0
415,1247,1
415,1248,1
1267,415,0
415,1370,1
1388,415,0
415,1393,0
1654,415,0
1793,415,0
1837,415,0
415,2377,1
416,116,1
416,213,1
416,214,1
274,416,0
416,342,1
416,361,1
416,660,1
416,674,1
706,416,0
416,707,1
416,783,1
416,878,1
416,908,1
994,416,0
416,1147,1
1176,416,0
1182,416,0
416,1205,1
416,1258,1
1259,416,0
416,1567,1
416,1593,1
416,1695,1
416,1838,1
416,2385,1
416,2437,0
99,417,0
417,1274,0
417,1644,0
417,1763,0
417,1797,1
418,1614,0
418,2368,0
419,1637,0
420,561,0
420,635,1
420,754,0
420,939,1
420,1802,1
786,421,0
422,696,0
422,933,0
422,1283,0
422,2258,0
423,770,0
423,872,0
423,1064,0
423,1168,0
424,888,0
424,1921,0
424,2454,0
425,1006,1
427,1261,0
427,1765,0
428,581,0
429,635,1
429,990,0
430,10,1
430,26,1
47,430,0
430,48,1
430,131,1
208,430,0
430,245,1
430,253,1
293,430,0
430,301,1
430,311,1
430,316,1
326,430,0
430,431,1
430,456,0
475,430,0
430,511,1
430,538,1
563,430,0
653,430,0
690,430,0
702,430,0
430,807,0
430,855,1
430,864,1
874,430,0
948,430,0
430,980,0
430,984,1
430,1051,1
1058,430,0
430,1075,1
430,1094,1
1099,430,0
1104,430,0
1142,430,0
430,1157,1
1190,430,0
430,1215,1
1225,430,0
1236,430,0
430,1257,1
1294,430,0
430,1311,1
1333,430,0
1351,430,0
430,1357,1
1374,430,0
430,1385,1
430,1389,1
430,1391,1
1412,430,0
430,1427,1
430,1449,1
1450,430,0
430,1538,1
430,1622,1
430,1690,1
430,1691,1
430,1716,1
1741,430,0
430,1767,1
430,1781,1
430,1785,1
430,1831,1
1834,430,0
430,1843,0
430,1865,1
430,1924,1
430,1944,1
430,1994,1
2006,430,0
2011,430,0
430,2019,1
2024,430,0
430,2027,1
430,2042,1
430,2066,1
430,2113,1
430,2130,1
2165,430,0
430,2194,1
430,2218,1
430,2219,1
2262,430,0
430,2283,1
2294,430,0
2345,430,0
430,2383,1
430,2472,1
431,1288,0
432,1693,0
432,2419,0
433,520,1
433,556,0
573,433,0
433,939,1
433,968,0
433,1215,1
433,1425,1
433,2195,0
433,2454,0
434,2177,0
436,1108,0
437,679,0
437,1310,0
438,813,0
439,459,0
439,1071,0
439,1283,0
439,2370,0
440,1396,0
440,2000,0
440,2217,0
412,442,0
442,1311,1
442,1847,1
442,2375,1
443,81,1
443,1427,1
443,2012,0
99,444,0
444,1206,0
444,2359,0
447,1457,0
447,2256,0
448,664,0
449,27,1
449,177,1
449,312,1
449,331,1
449,348,1
402,449,0
449,449,1
449,803,1
449,898,1
449,1044,1
1048,449,0
449,1211,1
449,1234,0
1526,449,0
1560,449,0
449,1663,1
449,1687,1
1723,449,0
1851,449,0
2059,449,0
449,2128,1
2172,449,0
449,2187,1
449,2306,1
449,2422,1
2424,449,0
449,2466,1
450,1194,0
450,1633,0
450,2080,0
451,456,0
451,835,0
452,915,0
453,79,1
453,99,1
412,453,0
742,453,0
453,1106,1
453,1498,0
453,1537,1
453,1840,0
1880,453,0
454,1026,0
455,2304,0
456,326,1
635,456,0
456,891,1
456,1227,1
456,1591,1
457,2149,0
457,2166,0
457,2460,0
458,1669,0
459,1112,0
460,844,0
460,866,0
1971,460,0
460,2163,0
461,2419,0
462,1036,0
462,1196,0
462,1241,1
29,463,0
463,45,1
213,463,0
463,273,1
463,412,1
463,427,1
463,661,0
463,700,1
732,463,0
780,463,0
870,463,0
463,959,1
989,463,0
463,1046,0
1176,463,0
463,1196,1
463,1466,1
463,1468,1
463,1573,1
463,1724,1
1824,463,0
463,1830,1
463,1965,1
463,2035,1
2412,463,0
464,1354,0
465,603,1
465,845,0
465,1487,0
465,1543,0
465,2349,0
466,967,0
466,1672,0
467,994,0
468,30,1
468,718,1
830,468,0
468,1142,0
1215,468,0
468,1324,1
468,1624,0
468,1790,0
468,2112,0
469,1164,0
469,1983,0
469,2291,0
471,1351,0
472,685,0
1200,473,0
474,530,0
474,1479,0
474,2196,0
475,629,0
475,1393,0
475,2141,0
47,476,0
476,120,1
314,476,0
476,877,0
476,1383,0
477,218,1
477,1537,1
477,1614,0
477,1939,0
477,1985,1
477,2238,1
479,775,0
481,1088,0
481,1263,0
481,1421,0
482,1803,0
483,1813,0
483,1820,0
484,1920,0
485,1932,0
485,2127,0
486,29,1
486,412,1
486,1924,0
487,1086,0
487,1779,0
488,1388,0
488,1518,0
488,2070,0
489,1034,0
489,1781,0
490,1244,0
490,2313,0
491,834,0
492,908,0
492,914,0
943,492,0
494,1882,0
495,2011,0
497,712,0
497,942,0
497,1161,0
497,1943,0
498,2368,0
499,661,0
1925,499,0
500,1334,0
501,17,1
328,501,0
413,501,0
439,501,0
501,455,1
501,508,1
501,585,1
501,700,1
785,501,0
501,822,1
959,501,0
501,1066,1
1147,501,0
501,1148,1
1196,501,0
501,1250,1
1630,501,0
501,1684,1
501,1801,1
501,1913,1
501,1914,0
501,1921,1
501,1925,1
501,2080,1
501,2209,1
2380,501,0
503,2435,0
504,304,1
504,939,1
504,1137,1
504,1311,1
504,1921,1
505,1521,0
506,619,1
506,653,0
506,755,0
506,1201,0
506,1543,1
506,1875,0
506,2037,0
507,2317,0
508,555,0
509,1446,0
509,1727,0
510,754,0
510,757,0
510,2349,0
511,1408,0
511,1548,0
512,1681,0
1834,513,0
513,2375,0
514,1656,0
515,1168,0
515,2257,0
516,662,0
516,1322,0
516,1425,1
516,2033,0
517,1111,0
517,1599,0
518,1333,0
519,663,0
519,862,1
520,782,0
520,955,0
520,2475,1
521,1332,0
521,1526,0
521,1529,0
524,447,1
524,1673,1
524,1799,1
524,2355,0
524,2446,1
2471,524,0
525,1665,0
525,2196,0
527,558,0
527,1151,0
527,1324,0
527,1435,0
528,1208,0
528,2153,1
530,1210,1
530,1600,1
530,1793,1
531,1077,0
532,873,0
533,1828,0
534,1384,1
536,399,1
536,747,0
536,754,0
536,1427,0
536,1583,0
1939,536,0
536,2357,0
539,304,1
430,539,0
539,939,1
539,1042,0
539,1689,0
539,1861,0
540,628,1
540,773,0
540,2309,0
542,2064,0
543,258,1
346,543,0
386,543,0
543,445,1
543,520,1
523,543,0
636,543,0
543,786,1
543,814,1
543,891,1
910,543,0
543,1115,0
543,1239,1
543,1277,1
1487,543,0
1717,543,0
1762,543,0
543,1968,1
543,2026,1
543,2072,1
2095,543,0
543,2111,1
543,2253,1
544,959,1
545,898,0
545,934,0
545,1497,1
1544,545,0
545,2265,0
547,1031,0
547,1186,0
547,2416,0
548,1112,0
549,939,1
549,1058,1
549,1556,1
549,2400,1
550,187,1
405,550,0
619,550,0
550,763,0
550,1055,1
550,1316,1
550,1827,0
550,1931,0
550,1943,0
87,551,0
551,638,0
1215,551,0
552,2017,0
553,1379,0
553,1624,0
553,1814,0
553,1987,0
555,1649,0
555,1899,0
555,2238,0
556,635,1
556,1215,1
556,1611,0
556,1921,1
556,2216,0
557,238,1
557,275,1
557,552,1
557,1393,0
557,1513,0
558,1124,1
558,1251,0
558,2169,0
559,795,0
560,1467,0
561,1717,0
738,562,0
562,2426,1
563,586,0
563,605,0
563,1983,0
563,2168,0
564,70,1
233,564,0
564,849,1
978,564,0
983,564,0
564,1026,1
564,1736,1
564,1762,0
63,565,0
68,565,0
565,99,1
307,565,0
565,319,1
320,565,0
598,565,0
635,565,0
565,775,1
565,902,1
565,1094,1
565,1160,1
565,1177,0
1215,565,0
565,1281,1
565,1311,1
565,1425,1
1516,565,0
565,1532,1
565,1566,1
565,1720,1
565,1784,1
565,1841,1
565,1966,1
565,2058,1
2094,565,0
565,2157,0
2164,565,0
565,2259,1
566,862,0
566,1708,0
566,1887,0
567,2185,0
568,145,1
568,577,1
568,654,1
568,1094,1
1111,568,0
568,1243,1
568,1263,1
568,1293,1
568,2404,1
569,6,1
569,143,1
225,569,0
569,294,1
419,569,0
555,569,0
569,596,1
569,649,1
569,677,1
724,569,0
569,752,1
569,804,1
569,947,1
569,969,1
569,1012,1
569,1136,1
569,1188,1
569,1364,0
1366,569,0
1502,569,0
569,1518,1
1563,569,0
1620,569,0
569,1685,1
569,2159,1
569,2197,1
569,2333,1
570,144,1
628,570,0
570,997,1
570,1152,0
570,1764,1
570,2010,1
570,2193,0
571,688,0
571,1081,0
153,572,0
572,1933,1
573,577,0
573,761,0
574,1095,0
575,890,0
429,576,0
576,692,0
102,579,0
427,579,0
579,432,1
628,579,0
579,635,1
690,579,0
579,737,1
579,864,1
579,935,1
579,939,1
963,579,0
579,1094,1
579,1239,0
579,1307,1
579,1322,1
579,1340,0
579,1351,1
579,1415,1
579,1416,1
579,1441,1
579,1488,1
579,1601,1
579,1628,0
579,1724,1
579,1836,1
579,1847,1
579,1868,1
1912,579,0
579,1965,1
2015,579,0
579,2035,1
579,2136,0
2183,579,0
579,2270,0
579,2342,1
579,2426,1
579,2462,1
580,1080,1
580,1344,0
581,1682,0
581,2063,0
581,2421,0
582,2089,0
99,584,0
124,584,0
584,242,1
584,274,1
361,584,0
451,584,0
584,584,1
584,605,1
584,697,1
584,707,1
584,814,0
584,895,1
584,1147,1
584,1253,1
584,1348,1
584,1490,1
584,1506,1
1543,584,0
584,1838,1
584,2014,1
2041,584,0
2410,584,0
586,29,1
586,700,1
732,586,0
586,816,0
1196,586,0
586,1468,1
1573,586,0
586,1824,1
586,1828,1
1830,586,0
586,1937,0
586,2198,1
586,2412,1
587,1113,0
588,839,1
1215,588,0
588,1627,0
589,1228,0
589,1627,0
589,1852,0
589,2460,0
590,1034,0
1180,590,0
590,2064,1
592,664,0
939,592,0
592,1280,0
593,2367,0
595,973,0
596,665,0
596,1336,0
596,2080,0
598,2008,0
602,1798,0
603,1408,0
603,1981,0
604,672,0
604,692,0
604,1193,0
604,1700,0
604,2286,0
605,1801,0
606,234,1
606,735,0
1361,606,0
607,47,1
608,758,0
608,1574,0
608,1589,0
609,1067,0
610,150,1
610,181,1
273,610,0
405,610,0
777,610,0
610,800,1
610,1025,0
610,1259,1
1386,610,0
610,1395,0
610,2086,1
610,2128,1
610,2362,1
612,456,1
530,613,0
613,1568,1
614,659,0
614,2356,0
1987,615,0
616,739,1
616,924,1
616,1637,1
1894,616,0
618,1547,0
618,1849,0
618,2056,0
619,3,1
619,8,1
619,10,1
619,17,1
619,32,1
619,45,1
51,619,0
619,69,1
619,71,1
619,74,1
619,79,1
80,619,0
619,95,1
619,99,1
619,116,1
619,127,1
619,213,1
619,214,1
619,241,1
619,242,1
619,251,1
619,259,1
268,619,0
619,274,1
277,619,0
285,619,0
293,619,0
619,301,1
619,304,1
619,307,1
619,309,1
619,326,1
328,619,0
339,619,0
619,361,1
619,369,1
619,391,1
405,619,0
619,412,1
413,619,0
619,422,1
619,439,1
619,451,1
619,452,1
619,467,1
619,468,1
482,619,0
508,619,0
515,619,0
619,517,1
619,547,1
619,563,1
619,583,1
619,589,1
619,603,1
619,625,1
635,619,0
619,638,1
619,646,1
619,660,1
672,619,0
619,676,1
619,690,1
619,700,1
619,706,1
619,707,1
619,719,1
619,727,1
619,732,1
619,742,1
619,762,1
785,619,0
619,793,1
808,619,0
619,809,1
619,813,1
828,619,0
833,619,0
619,848,1
619,853,1
619,858,1
859,619,0
619,877,1
619,883,1
619,888,1
619,889,1
907,619,0
619,916,1
619,933,1
936,619,0
619,939,1
619,981,1
619,990,0
619,993,1
619,1042,1
619,1066,1
619,1068,1
1097,619,0
1126,619,0
619,1147,1
619,1148,1
1161,619,0
619,1176,1
619,1196,1
619,1205,1
1206,619,0
619,1217,1
1221,619,0
1228,619,0
619,1234,1
619,1239,1
1250,619,0
619,1259,1
619,1270,1
619,1278,1
1287,619,0
1325,619,0
1327,619,0
1351,619,0
619,1394,1
619,1404,1
1424,619,0
1426,619,0
1428,619,0
619,1434,1
619,1448,1
619,1466,1
619,1468,1
619,1501,1
619,1504,1
619,1507,1
1537,619,0
1579,619,0
619,1583,1
1585,619,0
619,1593,1
1626,619,0
1635,619,0
1647,619,0
619,1658,1
1661,619,0
619,1664,1
619,1684,1
1695,619,0
1705,619,0
619,1708,1
619,1717,1
1724,619,0
619,1748,1
1762,619,0
619,1778,1
619,1824,1
1827,619,0
619,1834,1
619,1838,1
1839,619,0
1846,619,0
619,1847,1
619,1856,1
1921,619,0
619,1925,1
1932,619,0
619,1935,1
1947,619,0
619,1957,1
619,1990,1
619,1997,1
2012,619,0
2023,619,0
2044,619,0
619,2072,1
619,2092,1
619,2107,1
2108,619,0
619,2110,1
619,2125,1
2131,619,0
619,2133,1
619,2145,1
619,2167,1
2173,619,0
619,2204,1
619,2209,1
2223,619,0
619,2238,1
2241,619,0
619,2263,1
2276,619,0
619,2296,1
2299,619,0
619,2323,1
619,2341,1
619,2352,1
619,2363,1
619,2382,1
619,2388,1
619,2390,1
619,2391,1
619,2427,1
619,2453,1
619,2458,1
619,2464,1
2465,619,0
619,2469,1
29,622,0
622,700,1
622,732,1
622,780,1
622,786,0
622,872,0
622,959,1
1468,622,0
1573,622,0
622,1766,0
622,1824,1
622,2108,0
2198,622,0
2385,622,0
622,2412,1
857,623,0
1727,623,0
623,2271,0
624,2266,0
626,503,1
626,1204,0
626,2382,0
627,1242,0
627,1422,0
627,1554,0
627,2108,0
628,93,1
628,408,1
628,564,1
628,593,1
628,634,1
628,636,1
628,637,1
778,628,0
628,935,1
1072,628,0
628,1307,1
628,1488,1
628,1621,0
628,1793,1
2086,628,0
628,2342,1
630,307,1
630,690,1
829,630,0
630,1194,0
630,1577,0
630,2064,0
55,631,0
631,783,0
891,631,0
631,955,1
631,1104,1
631,1273,1
1756,631,0
631,1890,0
1921,631,0
631,2323,0
632,2031,0
633,2165,0
634,1296,0
634,1817,0
634,1835,0
634,2136,0
634,2183,0
634,2410,0
636,886,0
636,2412,0
639,385,1
639,1044,0
1236,639,0
639,1518,0
639,1714,0
639,2423,0
640,1052,0
640,1456,0
640,2322,0
641,635,1
641,935,0
641,939,1
641,1176,1
641,1389,1
641,1802,1
641,2445,0
112,642,0
241,642,0
642,568,1
1585,642,0
2226,642,0
643,110,1
643,1529,0
643,1792,1
644,900,0
644,1304,0
645,1114,0
645,2201,0
648,989,0
648,2038,0
6,649,0
649,80,1
649,141,1
649,225,1
649,419,1
649,485,1
555,649,0
649,596,1
649,649,1
649,677,1
649,752,1
649,789,1
804,649,0
649,908,1
912,649,0
920,649,0
649,953,1
649,1043,0
649,1050,0
649,1136,1
649,1155,1
649,1366,1
1502,649,0
649,1518,1
649,1563,1
649,1620,1
1685,649,0
649,1855,1
1921,649,0
649,2109,1
649,2368,1
650,1341,0
651,943,0
651,1362,0
651,1894,0
2269,651,0
652,1321,0
652,1439,0
652,2192,0
653,424,1
653,782,0
653,846,0
1126,653,0
653,1215,1
653,1427,1
653,1575,1
1826,653,0
653,1915,1
654,945,0
654,2272,0
655,1431,0
655,1948,0
655,2326,0
659,62,1
659,197,1
659,484,1
488,659,0
659,625,1
659,654,1
659,700,1
1109,659,0
659,1196,1
1205,659,0
659,1391,1
1402,659,0
659,1404,1
659,1405,1
659,1490,1
1547,659,0
1600,659,0
659,1721,1
659,1793,1
659,1858,1
659,1870,1
659,1874,1
659,2287,0
659,2425,1
328,660,0
660,1067,1
2207,660,0
660,2316,0
661,1029,0
662,521,1
662,745,0
662,1331,0
662,2066,0
662,2203,0
663,635,1
663,829,1
939,663,0
1139,663,0
663,1311,1
663,1379,1
663,1391,1
1510,663,0
1688,663,0
663,1847,1
1921,663,0
663,2288,1
664,1031,0
664,2423,0
226,667,0
257,667,0
667,269,1
667,334,1
667,997,1
667,1005,1
667,1170,1
667,1202,1
1309,667,0
1335,667,0
667,1675,1
1733,667,0
667,1962,0
2008,667,0
667,2056,1
667,2100,1
667,2303,0
667,2331,1
2350,667,0
668,144,1
10,669,0
302,669,0
452,669,0
669,624,1
669,634,1
741,669,0
885,669,0
886,669,0
669,1039,1
669,1207,1
1303,669,0
1321,669,0
669,1470,1
1610,669,0
1754,669,0
669,1790,1
1809,669,0
669,1836,1
669,1905,0
669,1997,1
669,2009,0
2342,669,0
2365,669,0
670,1429,0
29,671,0
188,671,0
671,646,1
671,700,1
671,732,1
959,671,0
671,1196,1
1348,671,0
671,1468,1
671,1664,1
671,1824,1
671,1847,1
671,2076,0
671,2290,0
2385,671,0
672,933,0
672,2071,0
674,1641,0
674,1718,0
676,1425,0
677,1915,0
384,678,0
678,2331,0
679,1466,0
681,311,1
414,681,0
681,512,1
653,681,0
681,1994,1
681,2263,0
2472,681,0
682,1877,1
684,1343,0
685,1685,0
685,2093,0
686,2243,0
687,711,0
687,1842,0
687,2212,0
688,324,1
688,715,0
1196,688,0
688,1868,1
2196,688,0
688,2242,1
689,67,1
689,307,1
689,563,1
594,689,0
689,713,0
870,689,0
897,689,0
908,689,0
689,1456,1
689,1537,1
1868,689,0
1930,689,0
1999,689,0
690,1260,0
690,1518,0
690,2455,0
691,927,0
691,960,0
692,1214,0
692,1987,0
692,2433,0
693,1072,0
694,1661,0
694,2447,0
696,1260,0
696,1425,0
696,1493,0
697,1116,0
700,1300,0
700,2359,0
701,2215,0
701,2363,0
703,1519,0
703,2402,0
704,716,0
706,2394,0
707,1307,0
707,1690,0
707,1865,0
708,1029,0
708,2360,0
709,756,0
709,1035,0
4,710,0
710,47,1
304,710,0
710,546,1
710,689,1
710,743,1
905,710,0
710,939,1
710,989,1
710,1159,1
1176,710,0
1239,710,0
1311,710,0
1336,710,0
710,2025,1
2404,710,0
2406,710,0
712,758,1
796,712,0
712,974,1
712,1059,1
712,1543,0
712,1934,1
713,1303,0
714,1632,0
213,715,0
715,1024,0
715,1085,1
716,1945,0
717,903,0
717,1394,0
717,2180,0
718,140,1
201,718,0
718,384,1
718,619,1
718,718,1
769,718,0
718,883,1
718,939,1
718,1215,1
718,1221,1
718,1425,1
718,1455,1
718,1736,0
718,1913,1
2216,718,0
719,1061,0
719,1167,0
512,722,0
722,1215,1
722,1308,0
722,1855,0
723,654,1
723,861,0
723,920,1
723,939,1
723,1280,1
1314,723,0
723,2145,1
723,2358,0
724,2358,0
725,26,1
43,725,0
725,241,1
725,246,1
430,725,0
725,583,1
725,635,1
725,727,0
725,855,0
725,939,1
725,1215,1
725,1274,1
725,1316,1
725,1368,0
726,700,1
726,1824,1
727,737,0
727,1329,0
727,1806,0
727,1868,0
727,2074,0
728,1099,0
728,2370,0
729,1182,0
730,764,0
730,1327,1
730,2285,0
732,1912,0
734,401,1
734,938,0
734,1222,1
734,1811,0
734,2326,0
736,995,0
737,1783,0
738,972,0
739,927,0
739,1197,0
739,2420,0
740,2151,0
742,2025,0
743,3,1
743,29,1
49,743,0
50,743,0
743,52,1
126,743,0
743,180,1
743,213,1
251,743,0
743,265,1
743,274,1
743,318,1
340,743,0
743,343,1
743,360,1
743,386,1
412,743,0
743,413,1
743,451,1
502,743,0
743,608,1
743,657,1
743,658,1
743,660,1
743,670,1
743,690,1
743,705,1
728,743,0
743,843,1
743,864,1
872,743,0
743,939,1
743,959,1
743,1009,1
743,1064,1
743,1164,1
743,1168,1
1173,743,0
743,1196,1
1215,743,0
1219,743,0
743,1224,1
1242,743,0
743,1251,1
743,1262,1
743,1282,1
743,1292,1
743,1302,1
743,1311,1
1351,743,0
1385,743,0
743,1466,1
1513,743,0
743,1545,1
743,1639,1
1654,743,0
743,1669,1
1705,743,0
1724,743,0
1824,743,0
1839,743,0
743,1840,1
1881,743,0
743,1885,1
1897,743,0
1898,743,0
743,1913,1
743,1921,1
743,1941,1
743,1951,1
2055,743,0
2058,743,0
743,2063,1
2110,743,0
743,2124,1
743,2125,1
743,2140,1
743,2144,1
2145,743,0
743,2192,1
2222,743,0
743,2270,1
2276,743,0
2291,743,0
743,2317,1
743,2319,1
743,2320,1
743,2384,1
743,2394,1
2426,743,0
743,2427,1
743,2456,1
743,2469,1
744,988,0
744,2388,0
746,1476,0
746,1799,1
624,748,0
748,1644,0
748,1818,0
749,144,1
749,628,1
749,1020,0
749,1764,1
749,2010,1
750,1231,0
750,2143,0
751,2450,0
752,1754,0
752,2027,0
753,1164,0
753,2375,0
754,1353,0
755,635,1
755,920,0
755,939,1
755,1421,0
755,1662,0
756,879,0
756,1731,0
757,1641,0
757,2110,0
933,758,0
758,1951,0
760,138,1
760,231,1
760,913,0
1160,760,0
761,1289,0
762,1345,0
762,2338,0
763,1127,0
763,1458,0
635,764,0
687,764,0
764,833,1
764,1112,0
764,1134,0
1215,764,0
764,1334,0
764,1678,1
764,1745,1
764,1913,1
764,2193,1
102,765,0
194,765,0
765,307,1
328,765,0
765,346,1
408,765,0
487,765,0
507,765,0
531,765,0
603,765,0
765,624,1
634,765,0
765,635,1
637,765,0
765,690,1
737,765,0
747,765,0
900,765,0
935,765,0
959,765,0
963,765,0
765,1072,1
1094,765,0
1196,765,0
765,1322,1
765,1374,0
765,1383,1
765,1416,1
765,1441,1
765,1466,1
765,1488,1
1601,765,0
765,1629,1
1712,765,0
765,1836,1
1839,765,0
765,1847,1
1868,765,0
1921,765,0
1925,765,0
765,1952,1
1955,765,0
1965,765,0
765,2015,1
765,2035,1
765,2053,1
765,2293,1
765,2342,1
765,2426,1
765,2453,1
765,2462,1
766,1445,0
767,346,1
767,391,1
767,563,1
767,577,1
690,767,0
767,800,1
767,841,0
767,843,1
844,767,0
925,767,0
981,767,0
767,1249,0
767,1466,1
1641,767,0
767,1724,1
767,1850,0
767,1965,1
767,2046,1
768,1292,1
769,1305,0
769,1358,0
769,1535,0
769,1831,0
770,1,1
770,3,1
770,37,1
770,47,1
770,161,1
295,770,0
770,374,1
770,386,1
770,392,1
672,770,0
770,1055,1
770,1116,1
1130,770,0
770,1133,1
770,1134,1
770,1207,1
770,1321,1
1341,770,0
770,1442,1
770,1605,1
1642,770,0
770,1822,1
770,1847,1
1888,770,0
770,1900,1
770,1977,1
770,2020,0
770,2021,1
2074,770,0
770,2097,1
770,2121,1
2176,770,0
770,2272,1
770,2290,1
2354,770,0
770,2416,1
770,2417,1
771,1411,0
771,1957,0
773,879,0
773,1266,0
773,1553,0
775,63,1
775,68,1
775,81,1
775,99,1
213,775,0
775,239,1
775,290,1
293,775,0
299,775,0
328,775,0
775,340,1
775,355,1
775,430,1
775,480,1
775,625,1
775,635,1
829,775,0
833,775,0
775,870,1
939,775,0
775,1014,1
1094,775,0
775,1208,1
775,1278,1
775,1287,1
1369,775,0
775,1404,1
775,1405,1
775,1555,1
1603,775,0
775,1775,1
775,1868,1
775,2087,1
775,2149,1
2214,775,0
775,2320,1
775,2452,1
775,2455,1
776,1005,0
776,1263,0
776,1630,0
776,1713,0
776,1770,1
1847,776,0
776,1933,0
776,2156,1
777,997,1
1795,777,0
777,1874,1
779,2332,0
781,993,0
781,1412,0
781,1852,0
782,2044,0
783,1649,0
783,2230,0
784,877,0
939,784,0
1425,784,0
784,1822,0
784,2006,0
786,1852,0
102,787,0
787,756,1
787,1017,0
788,306,1
788,1244,1
1370,788,0
1415,788,0
788,1601,1
788,1996,0
788,2205,0
788,2309,1
789,1702,0
789,1799,0
790,619,1
791,1187,0
792,1264,0
793,1942,0
793,1959,0
794,654,1
794,817,0
911,794,0
1425,794,0
794,1427,1
794,1684,0
795,1363,0
796,198,1
797,1414,0
797,2399,0
799,1422,0
799,1656,0
799,2355,0
800,878,0
800,1084,0
800,2109,0
802,1674,0
803,834,0
803,1855,0
803,2023,0
803,2127,0
803,2255,0
399,805,0
805,1665,0
805,1939,1
806,1883,0
807,213,1
1381,807,0
807,1674,0
807,1719,0
808,1031,0
808,1122,0
808,1388,0
809,1045,0
811,1776,0
812,1511,0
812,1746,0
512,813,0
654,813,0
813,660,1
788,813,0
813,902,1
1035,813,0
813,1246,1
813,1381,1
813,1791,0
813,1793,1
814,1639,0
816,654,1
911,816,0
816,1427,1
816,2002,0
816,2052,0
817,994,0
817,1573,0
817,2121,0
818,458,1
498,818,0
818,1024,0
1081,818,0
1115,818,0
818,1552,0
1686,818,0
818,2096,1
818,2180,0
818,2398,1
819,11,1
63,819,0
819,64,1
819,102,1
819,113,1
819,213,1
267,819,0
386,819,0
819,427,1
819,457,1
487,819,0
628,819,0
819,634,1
819,635,1
819,660,1
819,690,1
708,819,0
737,819,0
819,864,1
819,900,1
819,933,1
819,935,1
819,939,1
819,963,1
819,976,1
819,988,1
1089,819,0
819,1094,1
819,1196,1
1205,819,0
1237,819,0
819,1307,1
819,1322,1
1351,819,0
819,1352,1
1367,819,0
1373,819,0
819,1383,1
819,1415,1
1441,819,0
1528,819,0
1581,819,0
819,1593,0
819,1601,1
819,1724,1
819,1783,1
1836,819,0
819,1847,1
819,1868,1
1921,819,0
819,1996,1
819,2003,1
819,2015,1
2035,819,0
819,2051,1
819,2053,1
819,2244,1
819,2291,1
819,2293,1
819,2320,1
819,2342,1
819,2368,1
819,2376,1
819,2384,1
819,2426,1
819,2435,1
819,2470,1
820,1878,0
820,2340,0
337,821,0
821,1523,0
821,1793,0
822,2035,1
822,2145,1
822,2420,0
823,43,1
823,328,1
823,491,1
823,532,1
823,608,1
840,823,0
823,1032,1
1104,823,0
823,1215,1
1684,823,0
1705,823,0
823,1792,1
823,1827,1
823,2093,1
823,2098,1
823,2110,0
823,2128,1
824,1084,0
824,1791,0
825,1255,0
825,1859,0
825,2402,0
90,826,0
131,826,0
243,826,0
826,369,1
826,408,1
826,629,1
826,632,1
826,635,1
826,653,1
654,826,0
826,672,1
718,826,0
826,833,1
826,885,1
889,826,0
826,935,1
826,939,1
972,826,0
826,991,1
1028,826,0
826,1042,1
826,1126,1
826,1263,1
826,1269,1
826,1305,1
826,1321,1
1330,826,0
826,1392,1
1397,826,0
1407,826,0
826,1413,1
826,1425,1
826,1450,1
826,1541,1
1755,826,0
826,1767,1
826,1821,1
826,1834,1
1864,826,0
1892,826,0
826,1958,1
1974,826,0
826,1989,1
826,2145,0
826,2325,1
826,2326,1
826,2327,1
826,2359,1
826,2447,1
830,1668,0
831,1083,0
832,1220,1
832,1933,1
833,886,0
833,1304,0
835,211,1
835,952,1
835,1965,0
514,836,0
836,1315,1
837,1622,0
838,1630,0
839,1085,1
839,2449,0
840,1251,0
840,2281,0
841,454,1
841,1884,0
841,2183,1
845,1314,0
703,846,0
1405,846,0
846,1940,0
846,2217,0
847,2430,0
849,1936,0
850,1477,0
850,2242,0
851,867,0
851,1215,1
851,1492,0
852,2428,0
853,1276,0
854,871,0
854,2240,1
854,2424,0
855,1625,0
855,2322,0
856,1225,0
1321,856,0
856,1773,1
856,1880,1
2406,856,0
858,1012,0
858,2239,0
859,953,0
859,2220,0
859,2283,0
860,1165,0
861,935,0
862,1207,0
862,1341,0
862,1821,0
864,2012,0
865,857,1
865,1134,0
865,1371,1
865,1480,1
865,1963,0
866,758,1
866,974,1
1059,866,0
866,1934,1
867,1428,0
868,1232,0
868,1817,0
868,2343,0
624,869,0
870,35,1
870,45,1
870,51,1
80,870,0
870,119,1
167,870,0
870,213,1
870,248,1
870,391,1
870,394,1
398,870,0
870,399,1
870,476,1
870,500,1
870,508,1
594,870,0
870,690,1
870,727,1
870,742,1
870,823,1
870,829,1
870,871,1
870,889,1
870,907,1
870,970,1
1030,870,0
870,1040,1
1049,870,0
870,1227,0
870,1259,1
870,1321,1
1327,870,0
1390,870,0
870,1404,1
1433,870,0
870,1537,1
870,1577,1
870,1694,1
870,1707,1
870,1714,1
1779,870,0
870,1780,1
1834,870,0
870,1847,1
870,1926,1
870,2016,1
870,2261,1
871,1666,0
872,1897,0
872,2082,0
873,64,1
873,654,1
873,833,1
873,1021,1
873,1026,1
873,2222,1
873,2244,1
2291,873,0
873,2310,1
873,2317,1
2319,873,0
873,2320,1
873,2376,1
873,2384,1
2401,873,0
2409,873,0
874,912,0
874,2175,0
878,973,0
878,1269,0
878,1453,0
878,1969,0
878,2001,0
879,654,1
690,879,0
879,2076,0
879,2155,0
879,2361,0
939,880,0
880,1427,1
880,2164,0
882,153,1
882,1318,0
884,2015,0
884,2461,0
887,1779,1
887,1972,0
888,1655,0
888,1781,0
889,1516,0
889,2098,0
890,399,1
890,1605,0
1939,890,0
890,2185,0
891,1400,0
891,1794,0
891,2465,0
892,1011,0
892,1202,0
892,1666,0
893,942,0
893,1955,0
894,1484,1
894,2383,0
895,2347,0
895,2452,0
896,481,1
897,1018,0
897,2384,0
898,1244,0
898,1376,0
898,1708,0
899,1252,0
79,901,0
901,99,1
901,2393,0
902,81,1
902,99,1
158,902,0
902,307,1
340,902,0
902,418,1
902,438,1
902,452,1
902,476,1
902,515,1
902,774,1
902,823,1
902,943,1
902,956,0
902,1450,1
902,1461,1
902,1476,1
902,1808,1
902,1868,1
902,1922,1
902,2003,1
902,2071,0
902,2077,1
2280,902,0
902,2348,1
2474,902,0
904,2072,0
906,30,1
906,562,1
906,842,1
906,968,1
906,1632,1
908,1387,1
908,2386,0
909,1972,0
909,2369,1
911,1827,0
911,1878,0
911,2430,0
911,2463,0
231,912,0
912,635,1
913,1557,0
914,573,1
914,1402,0
914,1912,0
2040,914,0
916,1870,0
917,3,1
917,346,1
917,1104,1
917,1205,1
917,1246,0
917,1301,1
917,1800,1
1996,917,0
917,2183,1
918,92,1
918,654,1
721,918,0
918,737,1
918,1182,1
1441,918,0
1550,918,0
918,1639,0
918,1787,0
918,2053,1
2385,918,0
919,169,1
919,1987,1
922,2430,0
925,2095,0
926,2001,0
926,2097,0
927,1032,0
928,1106,0
928,1767,0
929,2136,0
930,1575,0
582,931,0
931,1687,0
931,1848,0
21,932,0
932,595,1
597,932,0
604,932,0
932,635,1
648,932,0
932,669,1
814,932,0
932,979,1
932,1009,1
932,1077,1
932,1215,1
932,1230,1
932,1419,1
932,1585,1
1641,932,0
932,1761,1
932,1794,1
932,1902,1
932,1903,1
932,1904,1
1908,932,0
932,1909,1
932,1921,1
932,1975,1
932,2170,1
932,2176,1
2178,932,0
932,2185,1
932,2248,1
2336,932,0
933,99,1
933,320,1
933,696,1
933,1236,1
933,1655,0
933,1688,0
1725,933,0
68,934,0
190,934,0
934,214,1
934,508,1
584,934,0
934,706,1
934,725,1
797,934,0
1181,934,0
934,1215,1
1377,934,0
1702,934,0
934,1918,1
1969,934,0
934,2052,1
934,2202,1
934,2277,1
936,1341,0
937,413,1
937,510,1
937,883,1
1063,937,0
937,2175,1
938,45,1
938,99,1
938,412,1
567,938,0
938,904,1
938,1651,1
2299,938,0
938,2345,1
938,2431,0
1408,940,0
1448,940,0
941,1070,0
1327,941,0
942,983,1
63,943,0
943,87,1
943,307,1
690,943,0
1083,943,0
943,1466,1
943,2154,1
2266,943,0
944,94,1
944,1490,1
944,1672,0
945,1404,1
945,1609,0
945,2221,0
945,2385,1
946,991,0
947,1572,0
949,1803,0
950,1609,0
951,116,1
951,126,1
258,951,0
413,951,0
581,951,0
951,779,1
823,951,0
951,872,1
1126,951,0
951,1176,1
951,1179,0
951,1205,1
951,1482,1
951,1636,0
951,1723,1
951,1741,1
951,1810,1
1811,951,0
951,1824,1
1865,951,0
2058,951,0
951,2140,1
951,2257,1
951,2276,1
951,2388,1
951,2399,1
952,1523,0
952,2378,0
953,1541,0
954,1115,0
954,2165,0
955,381,1
939,955,0
1105,955,0
955,1176,1
1212,955,0
955,1270,1
955,1799,1
955,1834,1
955,2075,0
955,2123,1
955,2155,1
955,2188,1
955,2316,1
956,102,1
956,1939,0
957,939,1
957,2227,0
958,1263,0
958,2086,1
959,2221,0
102,960,0
960,535,1
960,1245,1
960,1638,0
960,1730,1
960,2128,1
961,311,1
526,961,0
961,1913,0
961,2047,0
962,1979,0
11,963,0
452,963,0
963,457,1
860,963,0
1066,963,0
963,1196,1
963,1713,1
963,1847,1
963,1868,1
963,1955,1
963,2435,1
964,1315,0
964,2041,0
965,1564,0
966,3,1
966,30,1
99,966,0
966,672,1
756,966,0
966,811,1
966,1230,1
966,1253,0
1277,966,0
966,1717,1
966,1825,1
966,2173,0
2425,967,0
571,968,0
968,881,1
968,1993,1
968,2426,1
969,1382,0
970,2180,0
972,2041,0
973,546,1
635,973,0
759,973,0
929,973,0
973,1021,0
1176,973,0
973,1327,0
973,1605,0
973,1745,0
1962,973,0
1670,974,0
975,650,1
975,779,1
975,1815,1
977,1052,0
977,1332,0
979,1155,0
216,980,0
980,811,1
953,980,0
980,1802,1
980,1980,1
2269,980,0
2292,980,0
981,1658,0
982,1427,0
983,1116,0
983,1357,0
983,1727,0
984,75,1
984,317,1
984,389,1
984,428,1
984,660,1
719,984,0
984,858,1
984,859,1
984,872,1
984,883,1
1007,984,0
1008,984,0
1044,984,0
984,1087,1
984,1217,1
984,1428,1
984,1473,0
1684,984,0
984,1839,1
984,1840,1
1925,984,0
2060,984,0
984,2131,1
984,2135,1
984,2157,1
984,2204,1
984,2276,1
2311,984,0
984,2369,0
984,2385,1
2396,984,0
984,2415,1
2420,984,0
985,1896,0
985,2203,0
986,116,1
986,126,1
986,242,1
986,446,1
986,571,1
986,625,1
986,635,1
986,687,1
705,986,0
986,706,1
986,718,1
986,728,1
986,833,1
986,864,1
939,986,0
986,951,1
986,1064,1
1147,986,0
986,1168,1
986,1173,1
986,1176,0
986,1224,1
986,1251,1
1351,986,0
1425,986,0
986,1654,1
986,1885,1
986,1894,0
986,1898,1
986,1913,1
986,2063,1
2125,986,0
2140,986,0
986,2426,1
986,2438,0
74,989,0
989,292,1
989,439,1
989,565,1
989,635,1
638,989,0
989,687,1
833,989,0
989,870,1
989,877,1
908,989,0
1385,989,0
989,1569,0
989,1999,1
99,990,0
990,1183,0
990,1466,1
990,2456,0
992,1324,0
993,1045,0
993,1344,0
994,2035,0
1311,995,0
996,1111,0
997,29,1
161,997,0
285,997,0
997,295,1
997,374,1
386,997,0
997,392,1
997,487,1
997,891,1
939,997,0
997,1055,1
1085,997,0
997,1116,1
997,1130,1
1133,997,0
1134,997,0
1207,997,0
1341,997,0
997,1598,1
997,1605,1
997,1703,1
1712,997,0
997,1758,1
1822,997,0
997,1888,1
997,1977,1
997,2044,1
2074,997,0
997,2097,1
997,2354,1
997,2416,1
998,1124,0
999,81,1
999,292,1
999,635,1
999,828,1
999,939,1
999,1255,0
999,1427,1
999,1918,0
1000,1834,1
1001,603,1
1001,1862,0
1001,1925,1
2453,1001,0
1002,1563,0
700,1003,0
1003,1824,1
1004,165,1
1004,399,1
1004,690,1
1004,1196,1
1004,1464,1
1005,1040,0
1005,2140,0
102,1006,0
1006,105,1
1006,131,1
184,1006,0
1006,408,1
1006,531,1
1006,628,1
1006,634,1
1006,635,1
1006,690,1
864,1006,0
1006,907,1
1006,935,1
1006,963,1
1006,1019,1
1006,1041,1
1072,1006,0
1006,1094,1
1165,1006,0
1301,1006,0
1006,1322,1
1006,1351,1
1006,1383,1
1006,1406,1
1006,1416,1
1429,1006,0
1006,1441,1
1006,1449,0
1006,1601,1
1006,1614,1
1006,1627,1
1006,1805,1
1006,1836,1
1847,1006,0
1921,1006,0
1006,1935,1
1006,1965,1
1006,1992,1
2007,1006,0
1006,2053,1
1006,2142,1
1006,2145,1
1006,2210,0
1006,2293,1
1006,2342,1
2426,1006,0
1007,1068,0
1008,1515,0
1010,1110,0
1010,1538,0
1011,45,1
554,1011,0
1011,1981,1
700,1013,0
1013,959,1
1013,1196,1
1013,1847,1
2249,1013,0
2385,1013,0
1014,2334,0
1015,1079,0
1015,2201,0
1016,2112,0
1016,2144,0
1017,2311,0
1019,1622,0
1019,2299,0
1020,696,1
1022,430,1
1023,2382,0
1024,1218,0
1024,1480,0
1027,326,1
1027,907,1
1027,1158,1
1027,1616,0
1027,2320,1
1028,1542,0
1029,3,1
1029,287,1
811,1029,0
1178,1029,0
1029,1717,1
1029,1819,0
1029,1826,1
1029,1921,1
1029,2032,1
2274,1029,0
1029,2326,1
1030,187,1
1030,293,1
1030,1044,0
1673,1031,0
1031,2471,1
1032,1402,0
1032,2023,0
1033,2146,0
654,1034,0
1034,911,1
1034,1311,0
1034,1425,1
1034,1564,0
1034,1676,0
1035,1524,0
939,1036,0
1036,1377,0
1037,2181,0
1038,1322,0
2298,1038,0
1039,1587,0
1039,2385,0
1040,2002,0
1042,1753,0
1042,2195,0
1043,2423,0
1044,1337,0
1045,1152,0
1046,1249,0
1047,2035,0
1047,2256,0
1048,1129,0
1049,1604,0
11,1050,0
1050,29,1
1050,193,1
1050,213,1
1050,718,1
1050,823,1
1050,940,1
1050,1066,1
1196,1050,0
1050,1255,1
1352,1050,0
1050,1613,1
1050,1925,1
1999,1050,0
1050,2115,1
1050,2124,1
1050,2406,1
1050,2435,1
1051,2165,0
1052,1124,0
1052,1454,0
1052,2368,0
1053,1510,0
1053,1884,1
681,1056,0
1056,1251,0
1056,2339,1
1057,1458,0
1057,2150,0
41,1058,0
1058,99,1
1058,146,1
1058,349,1
1058,385,1
690,1058,0
877,1058,0
1058,891,1
1058,969,1
1058,1014,1
1058,1125,1
1280,1058,0
1058,1427,1
1058,1691,1
1058,1694,1
1058,1851,0
1058,2214,1
1061,1326,0
1062,1588,0
1063,1446,0
1063,2284,0
1064,1618,0
1066,11,1
1066,213,1
1066,242,1
268,1066,0
328,1066,0
1066,342,1
1066,361,1
457,1066,0
1066,584,1
1066,625,1
660,1066,0
673,1066,0
674,1066,0
1066,706,1
1066,707,1
783,1066,0
1066,878,1
1066,908,1
1052,1066,0
1066,1147,1
1066,1176,1
1205,1066,0
1258,1066,0
1259,1066,0
1066,1567,1
1066,1593,1
1066,1661,1
1664,1066,0
1066,1838,1
1066,1847,1
1941,1066,0
1066,2057,1
1066,2435,1
1068,1227,0
1069,2032,0
1069,2392,0
1070,1149,0
1070,1582,1
1070,1940,1
1070,2129,0
1071,1451,0
1071,1525,0
1072,1559,0
1072,2385,0
1073,1594,0
1074,1710,0
1074,2099,0
1076,1601,0
1077,116,1
1077,300,1
1077,364,1
1077,611,1
631,1077,0
1077,939,1
1104,1077,0
1077,1114,1
1077,1215,1
1077,1227,1
1077,1273,1
1287,1077,0
1343,1077,0
1077,1416,1
1077,1511,1
1077,1594,1
1972,1077,0
1077,2445,1
1077,2473,0
1078,917,1
1425,1078,0
1078,2016,0
1078,2144,1
144,1079,0
1079,628,1
1079,997,1
1079,1764,1
1079,1877,0
1079,2010,1
1079,2161,0
213,1081,0
286,1081,0
1081,400,1
408,1081,0
1081,430,1
666,1081,0
1081,1149,1
1081,1793,1
2343,1081,0
1082,2222,0
1083,1730,0
1083,1792,0
1083,2038,0
1094,1084,0
1215,1084,0
1084,1705,1
1084,1772,1
1084,1867,0
4,1085,0
1085,18,1
1085,73,1
1085,78,1
1085,102,1
1085,182,1
213,1085,0
224,1085,0
1085,259,1
287,1085,0
327,1085,0
328,1085,0
1085,354,1
1085,408,1
1085,412,1
450,1085,0
478,1085,0
1085,507,1
1085,512,1
535,1085,0
1085,624,1
634,1085,0
1085,635,1
1085,676,1
1085,828,1
930,1085,0
935,1085,0
1045,1085,0
1085,1046,1
1085,1189,1
1085,1215,1
1085,1311,1
1085,1340,1
1367,1085,0
1387,1085,0
1404,1085,0
1085,1421,1
1085,1423,1
1085,1481,1
1085,1693,1
1726,1085,0
1730,1085,0
1085,1764,1
1085,1776,1
1085,1786,1
1085,1836,1
1085,1867,1
1085,1868,1
1921,1085,0
1085,1963,1
1997,1085,0
1085,2058,1
2076,1085,0
2119,1085,0
1085,2126,1
1085,2232,1
1085,2238,1
2254,1085,0
1085,2278,1
1085,2301,1
1085,2323,1
1085,2342,1
1085,2366,1
1085,2402,1
1086,1530,0
1088,2420,0
63,1089,0
1089,902,1
1089,1286,0
1089,2417,0
1090,144,1
628,1090,0
1090,997,1
1090,2010,1
1090,2282,0
1090,2347,0
1091,1917,0
1092,1560,0
1097,2295,0
1097,2424,0
1098,1938,0
1099,1377,0
1099,1616,0
1101,2076,0
1101,2148,0
1101,2333,0
1102,1431,0
1102,1676,0
1102,2304,0
1103,2032,0
1103,2298,0
1103,2357,0
1104,1650,0
1104,1934,0
1106,1421,0
1107,2417,0
1108,64,1
1108,1792,0
1108,2244,1
1108,2291,1
1108,2317,1
1108,2319,1
2320,1108,0
2376,1108,0
1108,2393,1
1108,2409,1
1111,2156,0
1113,1185,0
1114,1900,0
1115,1886,0
1116,2038,0
1117,1830,0
1117,2229,0
1117,2413,0
1118,1681,0
1120,414,1
1120,1139,0
1120,1215,1
1120,2216,0
38,1121,0
1121,113,1
1121,884,1
1121,1128,1
1121,1348,1
1121,2051,1
1121,2305,1
1122,2395,0
1123,146,1
911,1123,0
1123,1425,1
1123,1691,1
1123,2124,1
285,1125,0
1125,1475,0
203,1127,0
1127,341,1
399,1127,0
618,1127,0
690,1127,0
698,1127,0
891,1127,0
1127,1035,1
1127,1290,1
1127,1500,1
1127,1834,1
1129,1204,0
1132,1461,0
1134,2193,0
1135,1281,0
1137,2352,0
1138,95,1
1138,725,1
1138,1181,1
1138,1288,0
1138,1316,1
1138,1672,1
1138,1702,1
1138,1864,0
1138,2202,1
2277,1138,0
1140,1231,0
1142,81,1
1142,117,1
1142,148,1
157,1142,0
1142,210,1
230,1142,0
1142,293,1
1142,326,1
388,1142,0
1142,414,1
1142,472,1
1142,490,1
495,1142,0
614,1142,0
675,1142,0
1142,814,1
876,1142,0
1142,939,1
1142,971,1
1142,1096,1
1142,1140,1
1142,1391,1
1142,1716,1
1760,1142,0
1142,1808,1
1959,1142,0
2058,1142,0
1142,2237,1
1143,1376,0
1143,2129,0
1143,2422,0
1143,2454,0
1147,1172,0
1147,1254,0
1147,2388,0
1148,1479,0
1148,2366,0
1150,672,1
1921,1150,0
1150,2129,0
1152,249,1
1152,1879,0
1152,2230,1
1152,2357,0
1152,2359,0
1153,2297,0
1154,38,1
1154,113,1
1154,188,1
547,1154,0
884,1154,0
912,1154,0
1154,982,1
1089,1154,0
1154,1191,0
1154,1345,0
1154,1348,1
1154,1415,1
1956,1154,0
1155,1591,0
1157,1932,0
1159,27,1
100,1159,0
1159,134,1
293,1159,0
304,1159,0
1159,307,1
1159,309,1
1159,312,1
1159,336,1
393,1159,0
1159,412,1
1159,577,1
1159,625,1
1159,635,1
1159,690,1
1159,707,1
795,1159,0
1159,840,1
843,1159,0
908,1159,0
962,1159,0
1159,976,1
1159,1220,1
1159,1234,1
1159,1235,1
1159,1365,1
1159,1385,1
1159,1427,1
1159,1466,1
1480,1159,0
1159,1506,1
1159,1521,1
1159,1648,1
1159,1650,1
1159,1663,1
1159,1691,1
1159,1765,1
1159,1773,1
1159,1847,1
1159,1868,1
1159,1933,1
1159,1965,1
2098,1159,0
1159,2128,1
1159,2238,1
2353,1159,0
2423,1159,0
1160,29,1
1160,213,1
1160,824,1
1160,1058,1
1174,1160,0
1160,1215,1
1160,1325,1
1160,1858,0
1160,1972,0
1161,1876,0
1162,255,1
415,1162,0
1162,761,1
1162,861,1
1162,1457,1
1859,1162,0
1162,1861,0
1883,1162,0
2132,1162,0
1162,2226,0
2274,1162,0
1162,2402,1
1162,2404,1
2407,1162,0
2408,1162,0
667,1163,0
1163,939,1
1163,1427,1
1163,2405,0
1163,2432,0
1164,1602,0
1167,1477,0
1167,1888,0
1167,2020,0
1170,1863,0
1171,99,1
1171,1066,1
1259,1171,0
1171,1264,1
1171,1436,1
1171,1862,1
1172,1401,1
1848,1172,0
1173,1734,0
1173,2319,0
1174,1370,0
1174,1831,0
1174,2433,0
1175,1287,0
1175,2427,0
1176,1636,0
30,1177,0
1177,1300,0
1177,1429,0
1177,1986,0
1178,2156,0
1179,1469,0
1180,1530,0
241,1181,0
587,1181,0
1181,635,1
1181,1202,1
1181,1292,0
1181,1309,1
700,1182,0
1182,846,1
1182,1749,0
1182,1824,1
1186,891,1
1186,1913,1
2183,1186,0
1188,1336,0
1188,2004,0
1188,2040,0
1188,2137,0
1189,1444,0
1189,1916,0
1189,2152,0
815,1197,0
1197,1739,1
1197,2146,0
1198,619,1
1199,1694,1
1201,1839,0
1202,108,1
1202,128,1
329,1202,0
1202,505,1
1202,542,1
1202,732,1
833,1202,0
881,1202,0
1202,1388,1
1202,1712,1
1202,1993,1
1203,433,1
1203,1443,1
1203,2446,0
1204,2190,0
1206,1750,0
1208,99,1
1208,171,1
257,1208,0
307,1208,0
1208,434,1
635,1208,0
1208,654,1
659,1208,0
1208,667,1
1208,759,1
959,1208,0
1208,1035,1
1077,1208,0
1208,1126,1
1208,1196,1
1208,1285,1
1208,1319,1
1208,1321,1
1208,1338,1
1208,1643,1
1812,1208,0
1208,1874,1
1902,1208,0
1208,2044,1
1208,2061,1
1208,2081,1
1208,2205,1
2346,1208,0
1209,700,1
1209,1465,1
1209,1903,0
1210,1371,0
1211,2190,0
283,1212,0
1212,505,1
1212,1239,1
1383,1212,0
1212,1842,1
1212,1890,0
1212,2053,1
2127,1212,0
1212,2259,0
1212,2309,1
1214,71,1
1214,270,1
1214,1761,0
1214,1792,0
1214,2301,0
8,1215,0
1215,9,1
40,1215,0
1215,44,1
203,1215,0
1215,253,1
1215,279,1
1215,307,1
1215,367,1
378,1215,0
1215,412,1
449,1215,0
512,1215,0
1215,518,1
1215,522,1
1215,546,1
1215,591,1
1215,633,1
1215,690,1
1215,744,1
1215,759,1
1215,800,1
1215,801,1
1215,833,1
843,1215,0
1215,899,1
1215,922,1
929,1215,0
1215,939,1
977,1215,0
1119,1215,0
1215,1175,1
1215,1176,1
1215,1179,1
1215,1311,1
1215,1315,1
1431,1215,0
1215,1455,1
1215,1529,1
1215,1553,1
1215,1569,1
1602,1215,0
1654,1215,0
1215,1691,1
1215,1706,1
1215,1724,1
1729,1215,0
1746,1215,0
1215,1808,1
1215,1847,1
1896,1215,0
1215,1899,1
1901,1215,0
1215,1905,0
1962,1215,0
1215,1965,1
1215,1966,1
1215,1986,1
1215,2113,1
1215,2236,1
2237,1215,0
1215,2238,1
2276,1215,0
2330,1215,0
2333,1215,0
2340,1215,0
1215,2347,1
1215,2378,1
1215,2389,1
1215,2422,1
1216,1816,0
1217,1363,0
1217,1537,0
1217,2460,0
1218,531,1
1218,624,1
1219,1283,0
1220,65,1
1220,99,1
129,1220,0
1220,237,1
290,1220,0
303,1220,0
1220,412,1
450,1220,0
469,1220,0
1220,617,1
1220,690,1
704,1220,0
1220,745,1
939,1220,0
1345,1220,0
1220,1349,1
1220,1385,1
1220,1511,1
1877,1220,0
1921,1220,0
1220,1926,1
1220,1968,1
1220,2047,1
2163,1220,0
2268,1220,0
1221,508,1
1221,984,1
1221,1024,1
1221,1530,0
1222,843,1
1222,1490,1
1222,1656,0
1222,2180,0
1223,355,1
1223,1461,1
1223,1552,1
1223,1853,1
2263,1223,0
1223,2289,1
1223,2373,1
1225,47,1
99,1225,0
136,1225,0
153,1225,0
1110,1225,0
1213,1225,0
1675,1225,0
1225,1895,1
1226,512,1
1226,1630,0
1228,1366,0
1229,1581,0
1230,2319,0
63,1231,0
1231,215,1
269,1231,0
326,1231,0
433,1231,0
1231,470,1
563,1231,0
1231,620,1
638,1231,0
1231,687,1
709,1231,0
1231,758,1
1231,833,1
1231,974,1
1231,1298,1
1231,1591,1
1820,1231,0
1231,2081,1
1232,1765,0
1232,2227,0
1234,1761,0
1234,1874,0
1235,1614,0
1235,2155,0
1236,1765,0
1236,2140,0
1237,1836,0
1237,2087,0
1237,2278,0
1238,1647,0
1238,1891,0
1239,1555,0
1239,1628,0
1240,2207,0
1241,1754,0
1242,2130,0
1245,1464,0
1245,2038,0
1246,2303,0
1247,2103,0
1248,1395,0
1250,2327,0
1251,1545,0
1251,1569,0
1251,1656,0
1252,340,1
1252,1661,0
126,1253,0
1253,214,1
274,1253,0
1253,361,1
1253,625,1
1253,728,1
872,1253,0
939,1253,0
1253,1064,1
1215,1253,0
1253,1219,1
1251,1253,0
1253,1351,1
1253,1689,0
1253,1827,0
1898,1253,0
1913,1253,0
1253,1921,1
2068,1253,0
1253,2140,1
1253,2225,1
2456,1253,0
1254,334,1
1254,1973,1
1255,1946,0
1257,1827,0
1257,2233,0
1257,2290,0
1257,2294,0
1258,1684,0
1260,1773,0
1261,1407,0
1262,1613,0
1262,2087,0
1263,1906,0
1263,2183,0
1264,63,1
1264,282,1
1264,326,1
333,1264,0
1264,479,1
635,1264,0
1264,638,1
1264,669,1
1264,687,1
833,1264,0
1264,1215,1
1264,1432,0
1264,1728,1
1264,1768,0
1264,1987,1
2081,1264,0
2183,1264,0
2266,1264,0
2364,1264,0
1265,1575,0
1266,1858,0
1266,2143,0
1266,2180,0
519,1268,0
1268,745,1
1268,1445,1
1682,1268,0
1268,1872,0
1269,2072,0
1270,2474,0
1272,2008,0
1273,2131,0
1274,591,1
1274,1021,1
1274,1294,1
1275,2286,0
1276,1724,0
415,1277,0
1277,571,1
1657,1277,0
1278,1570,0
1278,1679,0
1278,1816,0
1278,2127,0
1279,2098,0
1279,2435,0
34,1280,0
47,1280,0
245,1280,0
1280,266,1
1280,690,1
1280,801,1
1118,1280,0
1280,1215,1
1280,1280,1
1280,1868,1
1280,2284,1
1281,1689,0
1282,21,1
275,1282,0
1282,347,1
1282,563,1
1282,597,1
1282,604,1
669,1282,0
939,1282,0
1282,979,1
1009,1282,0
1282,1074,1
1282,1077,1
1282,1215,1
1282,1278,1
1282,1419,1
1282,1443,0
1282,1585,1
1282,1641,1
1282,1794,1
1282,1895,1
1282,1904,1
1905,1282,0
1906,1282,0
1282,1908,1
1282,1909,1
1282,1921,1
1282,1975,1
1282,2170,1
1282,2171,1
1282,2178,1
1282,2252,1
1282,2336,1
1282,2407,0
1629,1283,0
1283,1896,0
1283,1992,1
99,1284,0
1285,2072,0
1286,1521,0
1568,1286,0
1287,2130,0
1287,2173,0
21,1288,0
275,1288,0
1288,347,1
595,1288,0
1288,597,1
1288,604,1
648,1288,0
1288,1009,1
1073,1288,0
1419,1288,0
1288,1545,0
1288,1585,1
1288,1641,1
1288,1794,1
1902,1288,0
1288,1903,1
1288,1904,1
1288,1906,1
1908,1288,0
1288,1909,1
1975,1288,0
1288,2170,1
2171,1288,0
2176,1288,0
2178,1288,0
1288,2248,1
1288,2252,1
1288,2336,1
1288,2337,1
1290,1824,0
1292,149,1
1292,343,1
631,1292,0
635,1292,0
1292,889,1
893,1292,0
1292,918,1
1292,939,1
1104,1292,0
1215,1292,0
1292,1292,1
1292,1384,1
1404,1292,0
1523,1292,0
1688,1292,0
1292,1925,1
1972,1292,0
1292,1979,0
2090,1292,0
1293,1479,0
1296,1851,0
1298,1415,0
1299,2066,0
1299,2132,0
1299,2260,0
1300,269,1
823,1300,0
1300,939,1
1300,1921,0
1301,2004,0
1301,2421,0
700,1302,0
1302,779,1
1302,959,1
1024,1302,0
1302,1388,0
1302,1445,1
1302,1723,1
1302,1824,1
1303,2228,0
1303,2287,0
63,1304,0
1304,927,1
1304,1085,1
1304,1405,1
1304,1834,1
1633,1305,0
1305,2022,0
1305,2033,0
1306,625,1
1306,2057,0
1306,2163,0
1308,1965,0
1309,526,1
1309,553,1
907,1309,0
1309,1291,1
1309,1500,1
1310,2065,0
1310,2298,0
1311,7,1
47,1311,0
55,1311,0
1311,97,1
101,1311,0
1311,106,1
109,1311,0
1311,134,1
1311,149,1
1311,155,1
1311,179,1
1311,186,1
1311,223,1
1311,253,1
1311,262,1
1311,269,1
285,1311,0
1311,290,1
1311,293,1
1311,307,1
1311,326,1
1311,332,1
1311,358,1
459,1311,0
471,1311,0
1311,493,1
1311,494,1
1311,496,1
1311,503,1
1311,629,1
635,1311,0
653,1311,0
1311,654,1
681,1311,0
1311,683,1
1311,690,1
1311,701,1
714,1311,0
1311,720,1
1311,735,1
1311,736,1
1311,781,1
1311,800,1
838,1311,0
1311,862,1
1311,874,1
1311,877,1
1311,892,1
1311,920,1
1311,939,1
997,1311,0
1311,1033,1
1039,1311,0
1311,1042,1
1311,1049,1
1311,1057,1
1311,1058,1
1311,1069,1
1311,1078,1
1088,1311,0
1098,1311,0
1311,1150,1
1311,1182,1
1311,1236,1
1311,1259,1
1311,1278,1
1311,1290,1
1311,1292,1
1311,1310,1
1311,1311,1
1311,1325,1
1329,1311,0
1311,1342,1
1311,1404,1
1311,1405,1
1311,1439,1
1447,1311,0
1311,1454,1
1311,1471,1
1311,1592,1
1311,1603,1
1311,1629,1
1311,1653,1
1311,1665,1
1677,1311,0
1311,1691,1
1311,1700,1
1311,1729,1
1311,1760,1
1773,1311,0
1311,1798,1
1812,1311,0
1311,1819,1
1311,1865,1
1311,1873,1
1887,1311,0
1311,1921,1
1924,1311,0
1311,1926,1
1311,1946,1
1311,2005,1
1311,2032,1
1311,2034,1
2067,1311,0
1311,2085,1
1311,2113,1
2130,1311,0
1311,2231,1
1311,2238,1
2303,1311,0
1311,2340,1
1311,2345,1
1311,2353,1
939,1312,0
1312,2052,0
1312,2180,0
1313,51,1
1313,1302,1
1313,1350,1
1313,1873,1
100,1314,0
1314,188,1
254,1314,0
1314,361,1
433,1314,0
1314,758,1
1314,796,1
939,1314,0
974,1314,0
1314,1215,1
1314,1425,1
1314,1621,1
1314,1747,1
1314,1934,1
1314,2098,0
2466,1314,0
1315,1973,0
603,1317,0
679,1317,0
923,1317,0
1317,928,1
1317,1293,1
1441,1317,0
1317,1547,1
1611,1317,0
1618,1317,0
2161,1317,0
1317,2220,1
1318,2474,0
1320,1708,0
1323,1275,1
1323,1918,0
1323,2050,0
1325,1444,0
1325,2307,0
1325,2349,0
1326,1722,0
1327,1497,0
1329,2397,0
1331,1555,0
1332,300,1
1332,1086,1
1332,1239,1
1332,1415,1
1441,1332,0
1503,1332,0
1332,1630,0
1332,2075,1
2224,1332,0
2309,1332,0
2324,1332,0
1334,47,1
1092,1334,0
1334,1574,0
1335,2386,0
1336,1523,0
1337,1882,1
1338,1826,0
1339,78,1
139,1339,0
163,1339,0
1339,182,1
354,1339,0
1339,364,1
411,1339,0
1339,478,1
624,1339,0
634,1339,0
1339,637,1
1339,717,1
741,1339,0
1339,773,1
1339,791,1
1339,817,1
1339,886,1
1339,930,1
1339,935,1
1339,1045,1
1339,1135,1
1339,1153,1
1339,1167,1
1339,1387,1
1339,1522,1
1535,1339,0
1339,1561,1
1610,1339,0
1339,1615,1
1339,1655,1
1339,1693,1
1754,1339,0
1339,1764,1
1786,1339,0
1790,1339,0
1339,1793,1
1339,1867,1
1339,2065,1
1339,2076,1
1339,2180,1
2232,1339,0
2238,1339,0
1339,2254,1
1339,2301,1
1339,2342,1
1340,63,1
625,1340,0
644,1340,0
1340,706,1
1340,781,1
902,1340,0
1340,1361,0
1340,1792,1
1900,1340,0
1920,1340,0
1340,2274,0
1340,2347,0
1340,2361,1
1342,1813,0
1342,2046,0
2261,1343,0
1343,2267,0
1345,1077,1
1345,1611,0
1345,2415,0
1346,79,1
1346,80,1
1346,690,1
1346,750,1
1346,1965,1
1347,1961,0
1348,674,1
1348,994,1
1348,1700,0
1349,1726,0
1349,2294,0
1352,1460,0
1353,64,1
2055,1353,0
1353,2222,1
1353,2317,1
2319,1353,0
1353,2376,1
2384,1353,0
2409,1353,0
1354,1676,0
29,1355,0
1355,221,1
1355,251,1
1355,339,1
341,1355,0
386,1355,0
426,1355,0
1355,452,1
1355,459,1
512,1355,0
563,1355,0
1355,577,1
1355,599,1
1355,654,1
656,1355,0
1355,661,1
664,1355,0
1355,800,1
1355,857,1
920,1355,0
939,1355,0
1048,1355,0
1355,1143,1
1355,1243,1
1265,1355,0
1355,1293,1
1355,1318,1
1355,1458,1
1355,1489,1
1355,1510,1
1529,1355,0
1355,1530,1
1355,1576,1
1355,1712,1
1355,1879,1
1921,1355,0
1355,1993,1
2035,1355,0
1355,2263,0
1358,1980,1
1359,102,1
1359,408,1
1359,432,1
1359,634,1
1359,635,1
690,1359,0
1359,864,1
1359,900,1
1359,935,1
1359,939,1
1359,963,1
1359,1072,1
1094,1359,0
1307,1359,0
1359,1322,1
1351,1359,0
1359,1415,1
1441,1359,0
1359,1488,1
1359,1601,1
1359,1724,1
1359,1783,1
1836,1359,0
1847,1359,0
1868,1359,0
1359,1912,1
1359,1921,1
1359,1965,1
1359,2015,1
1359,2053,1
1359,2293,1
2426,1359,0
1359,2454,0
1360,1158,1
1361,1824,0
1361,2082,0
1364,1537,0
1364,1859,0
1364,1872,0
1365,79,1
1365,99,1
933,1365,0
1091,1365,0
1469,1365,0
1365,1855,0
1365,1888,0
1365,2039,1
1365,2044,1
1366,1408,0
1366,1504,0
1367,1791,0
1368,1585,0
1369,1795,0
1369,1995,0
1369,2223,0
1370,1527,0
1370,2448,0
1371,1663,1
1371,2197,0
1374,2124,0
1375,2038,0
1376,1490,0
1377,1274,1
1377,2396,0
1378,539,1
1378,1804,0
1378,2271,0
1380,399,1
1381,23,1
293,1381,0
1381,537,1
1381,559,1
1381,645,1
1381,1205,1
1381,1236,1
1381,1473,1
1381,1536,0
1381,1600,1
1381,1846,1
1381,1913,1
1921,1381,0
1955,1381,0
1381,2226,0
1381,2335,0
1382,2299,0
1384,2434,0
1385,2372,0
1387,2317,0
1388,1555,0
1390,2009,0
1391,1871,0
1393,399,1
1393,1939,1
1394,2387,0
1395,1683,0
1395,1782,0
1395,2041,0
1396,206,1
1396,370,1
1396,619,1
913,1396,0
1396,1113,1
1122,1396,0
1396,1347,1
1396,1450,1
1396,1953,1
1397,1573,0
1398,1794,0
1400,654,1
939,1400,0
1400,1215,1
1400,1847,1
1402,1638,0
1403,102,1
1403,133,1
189,1403,0
1403,408,1
1403,427,1
1403,432,1
602,1403,0
1403,628,1
690,1403,0
1403,716,1
1403,729,1
737,1403,0
864,1403,0
900,1403,0
1403,939,1
1072,1403,0
1403,1094,1
1403,1232,1
1307,1403,0
1322,1403,0
1403,1383,1
1403,1415,1
1416,1403,0
1441,1403,0
1403,1466,1
1403,1488,1
1403,1495,1
1513,1403,0
1545,1403,0
1711,1403,0
1403,1724,1
1403,1783,1
1836,1403,0
1403,1847,1
1921,1403,0
1965,1403,0
2035,1403,0
2293,1403,0
1403,2342,1
2411,1403,0
2426,1403,0
1403,2462,1
1404,213,1
1407,1692,0
1407,2030,0
1407,2383,0
1409,939,1
1409,1796,0
1834,1409,0
1411,107,1
870,1411,0
1050,1411,0
1539,1411,0
1411,1899,1
1411,1999,1
1411,2451,0
1412,1616,0
1412,2238,0
1414,1904,0
1415,1647,0
1416,1809,0
1416,2275,0
1417,1507,0
1417,1636,0
1417,2331,1
1418,1423,0
1420,1640,0
1422,939,1
2281,1422,0
1425,2270,0
1425,2309,0
1426,1437,0
1426,1921,0
1428,1626,0
1428,2177,0
1429,2278,0
1430,1463,0
1430,1983,0
1430,2275,0
1431,1512,0
1431,2135,0
1434,2231,0
1435,95,1
1435,190,1
1435,725,1
1181,1435,0
1316,1435,0
1377,1435,0
1435,1672,1
1435,1676,0
1435,1702,1
1435,1969,1
1435,2052,1
1435,2202,1
1435,2277,1
1435,2397,0
1436,99,1
1436,281,1
1436,718,1
1436,848,1
1436,1514,1
1436,1848,1
2118,1436,0
1436,2144,1
1436,2331,1
1993,1437,0
1437,2004,0
1438,629,1
1438,672,1
1438,1321,1
1438,1616,0
1438,1958,1
1438,2003,0
1438,2325,1
1438,2327,1
63,1439,0
1439,283,1
1439,326,1
1439,470,1
1439,635,1
638,1439,0
1439,669,1
1439,684,1
1439,687,1
833,1439,0
1439,1215,1
1439,1540,0
1439,1820,1
1999,1439,0
1439,2035,1
2183,1439,0
1440,1866,0
1442,2393,0
1443,1614,0
1444,1605,0
1445,1478,0
1448,1530,0
1449,1586,0
1449,1596,0
8,1450,0
80,1450,0
1450,207,1
1450,653,1
781,1450,0
1450,800,1
1450,855,1
877,1450,0
1315,1450,0
1450,1351,1
1450,1418,1
1450,1508,0
1450,1619,0
1450,1921,1
2149,1450,0
2356,1450,0
1451,1635,0
99,1452,0
1452,1886,1
1452,2072,0
1457,2245,0
1458,1888,0
1459,99,1
1459,153,1
1459,2316,1
1460,1763,0
1460,2463,0
1461,1519,0
1462,2330,0
1463,1642,0
1464,2296,0
1466,2013,0
1468,2420,0
90,1469,0
1469,131,1
1469,369,1
1469,408,1
476,1469,0
1469,634,1
635,1469,0
654,1469,0
1469,718,1
1469,781,1
809,1469,0
1469,885,1
935,1469,0
1469,939,1
997,1469,0
1028,1469,0
1042,1469,0
1469,1060,1
1469,1072,1
1469,1126,1
1469,1269,1
1469,1307,1
1469,1330,1
1469,1392,1
1469,1397,1
1469,1406,1
1469,1413,1
1469,1501,1
1469,1532,1
1469,1541,1
1574,1469,0
1722,1469,0
1469,1767,1
1469,1821,1
1469,1834,1
1469,1836,1
1469,1864,1
1469,1867,1
1974,1469,0
1469,2011,1
1469,2447,1
1470,1663,0
1471,1679,0
1471,1693,0
399,1472,0
635,1472,0
1472,1170,1
1567,1472,0
1980,1472,0
1472,2269,1
2292,1472,0
1473,2246,0
1474,265,1
1474,635,1
1474,2194,0
1475,61,1
1475,191,1
1475,376,1
1475,413,1
1475,437,1
1475,527,1
1475,655,1
1475,685,1
1475,824,1
1475,1025,1
1475,1095,1
1475,1119,1
1475,1233,1
1475,1336,1
1475,1404,1
1475,1462,1
1598,1475,0
1644,1475,0
1475,1766,1
1813,1475,0
1475,2142,0
1475,2362,0
1476,2043,0
1476,2124,0
1478,1504,0
312,1480,0
1480,449,1
1480,653,1
1480,758,1
1480,803,1
1480,1205,1
1480,1272,1
1480,1405,1
1480,1480,1
1480,1543,1
1551,1480,0
1480,1650,1
1480,1691,1
1480,1705,1
1480,1851,1
1480,2238,1
1480,2275,0
1480,2349,1
1481,1609,0
1484,2432,0
265,1485,0
1486,213,1
1486,838,1
1486,954,1
1486,2443,0
1488,1573,0
63,1491,0
326,1491,0
1491,470,1
1491,635,1
1491,638,1
1491,669,1
1491,833,1
1491,1215,1
1491,1230,1
1491,1298,1
1491,2035,1
1492,628,1
1492,1547,0
1494,1550,0
1495,2193,0
1496,415,1
1496,535,1
1497,1564,0
1498,373,1
1498,1050,1
1498,1446,1
1498,2188,0
1498,2416,0
1499,2191,0
1503,834,1
1415,1503,0
1503,2238,1
1505,269,1
1505,304,1
1505,1311,1
1688,1505,0
1507,1118,1
1507,2328,0
1508,1844,0
1509,2308,0
1511,2132,0
1511,2383,0
1512,2148,0
1512,2240,0
1512,2241,0
1513,2051,0
1513,2106,0
1509,1515,0
1517,2274,0
1518,2292,0
1519,1477,1
1519,1540,1
1520,245,1
351,1520,0
563,1520,0
1520,812,1
1520,939,1
1520,1404,1
1520,1533,1
1520,1590,0
1522,1700,0
1523,1773,0
1524,2241,0
1526,386,1
1526,2211,0
2238,1526,0
1528,2253,0
1531,29,1
188,1531,0
1531,732,1
959,1531,0
1531,1221,1
1531,1348,1
1531,1664,1
1531,1824,1
1531,1847,1
1531,2021,0
1531,2385,1
1532,1663,0
1533,2294,0
1535,1705,0
1535,1797,0
1535,1979,0
1537,1878,0
1541,2230,0
635,1542,0
1542,939,1
1469,1542,0
1543,79,1
1543,276,1
294,1543,0
350,1543,0
1543,353,1
1543,575,1
1543,1259,1
1543,1516,1
1543,1543,1
1543,1613,0
1754,1543,0
1543,1847,1
1543,2123,0
1543,2293,0
98,1544,0
1544,341,1
1544,412,1
600,1544,0
1544,707,1
1544,840,1
870,1544,0
1544,908,1
1544,1170,1
1544,1182,1
1480,1544,0
1544,1695,1
1544,1765,1
1544,1847,1
1544,1868,1
1999,1544,0
1544,2098,1
102,1546,0
1546,408,1
1546,432,1
624,1546,0
1546,634,1
635,1546,0
1546,737,1
1546,763,1
1546,864,1
900,1546,0
1546,935,1
1546,939,1
1546,963,1
1094,1546,0
1307,1546,0
1546,1322,1
1351,1546,0
1546,1415,1
1546,1416,1
1546,1466,1
1488,1546,0
1546,1601,1
1724,1546,0
1546,1836,1
1847,1546,0
1546,1868,1
1546,1912,1
1546,1965,1
1546,2015,1
1546,2053,1
2183,1546,0
1546,2293,1
1546,2426,1
1546,2462,1
1547,1582,0
1549,755,1
1553,1895,0
1555,1997,0
1555,2054,0
1555,2402,0
1556,1998,0
1557,1603,0
1557,2326,0
1558,870,1
1558,908,1
1558,1580,0
1558,1638,0
1558,1812,0
1558,1868,1
1558,1869,0
1558,2064,0
1559,213,1
1559,346,1
1559,386,1
445,1559,0
1559,520,1
1559,523,1
1559,563,1
571,1559,0
1559,583,1
1559,636,1
1559,686,1
786,1559,0
1559,891,1
1559,910,1
1559,966,1
1559,1054,1
1559,1160,1
1183,1559,0
1559,1239,1
1293,1559,0
1559,1331,1
1559,1630,1
1663,1559,0
1717,1559,0
1559,1746,0
1559,1762,1
1559,1967,0
2026,1559,0
1559,2058,1
1559,2095,1
1559,2111,1
1560,1952,0
1560,2431,0
1561,1849,0
1561,2192,0
1562,1585,0
1562,2210,0
1563,2100,0
1563,2204,0
1564,1991,1
1565,1731,0
1566,2240,1
1566,2435,0
1567,2148,0
1568,19,1
1568,169,1
1568,292,1
1568,690,1
964,1568,0
1568,1083,1
1568,1102,1
1448,1568,0
1663,1568,0
1568,1682,1
1568,1715,1
1568,1802,0
1568,1972,1
1568,1976,1
2035,1568,0
1568,2092,0
2138,1568,0
1568,2469,1
1570,1998,0
1570,2348,0
1571,1724,0
1572,1688,1
1574,2427,0
635,1575,0
1327,1575,0
1575,1701,0
1575,1985,1
1575,2010,1
1576,2149,0
1578,47,1
1578,1278,1
1578,1696,0
1579,1900,0
1580,2157,0
1581,1242,1
1581,1949,0
1581,2030,0
1583,1680,0
1584,1920,0
1585,1640,0
1586,441,1
665,1586,0
1847,1588,0
1592,2254,0
1596,2125,1
1597,408,1
1597,628,1
1597,634,1
1072,1597,0
1597,1307,1
1488,1597,0
1836,1597,0
1597,2342,1
1597,2462,1
1599,1899,0
1599,2308,0
1602,1907,0
1834,1604,0
1606,23,1
1606,584,1
1606,706,1
725,1606,0
870,1606,0
1606,1377,1
1606,1647,0
1606,1672,1
1606,1702,1
1969,1606,0
1606,2202,1
2277,1606,0
1608,1700,0
1608,1847,1
1609,546,1
1609,619,1
1609,974,1
1459,1609,0
1609,1819,1
1609,1970,1
1609,2035,1
1609,2183,1
1609,2443,1
1610,2012,0
1611,1798,0
1612,1762,0
1614,2094,0
1614,2402,0
1615,1743,0
619,1616,0
1018,1616,0
1142,1616,0
1616,1543,1
1976,1616,0
1616,2044,0
1617,144,1
628,1617,0
2010,1617,0
1620,1801,0
1622,2216,0
939,1623,0
304,1625,0
1625,647,1
1625,1923,0
1625,2101,0
1625,2427,0
1626,2235,0
1627,2309,0
28,1629,0
32,1629,0
195,1629,0
1629,307,1
1629,660,1
1629,974,1
1629,1040,1
1049,1629,0
1629,1574,1
1629,1992,1
1629,2210,0
32,1631,0
603,1631,0
1631,672,1
1631,822,1
959,1631,0
1113,1631,0
1631,1147,1
1196,1631,0
1287,1631,0
1565,1631,0
571,1632,0
1632,2354,0
2426,1632,0
1633,2131,0
1634,1497,1
1635,2300,0
216,1637,0
1637,591,1
1702,1637,0
2148,1637,0
1639,1675,0
1640,2128,0
1643,1862,0
1645,385,1
1875,1645,0
1645,2405,1
1648,2381,0
1651,1894,0
1652,673,1
1652,810,1
1652,1205,1
2385,1652,0
328,1653,0
1653,1215,1
1653,2128,1
1653,2223,0
1654,2028,0
1655,1760,0
1655,1910,0
1657,2098,0
1657,2461,0
1658,1852,0
1658,2091,0
1659,2323,0
1660,1775,0
1663,2402,0
1665,1827,0
1668,2156,0
1670,79,1
1460,1670,0
1670,1902,0
1670,2220,0
1670,2310,1
1671,1613,1
1671,1673,1
1672,635,1
939,1672,0
1672,1215,1
1672,1316,1
1834,1672,0
1675,2391,0
1676,1708,0
1677,1802,0
1679,574,1
1264,1679,0
1679,1414,1
1679,1933,1
1680,1738,1
1681,924,1
1681,1731,1
1681,1743,0
1681,1993,1
1681,2107,0
1684,2093,0
1685,2419,0
1686,2432,0
1687,2382,0
690,1692,0
902,1692,0
1420,1692,0
1692,1512,1
1692,1898,0
1694,1710,0
1694,2119,0
1695,2363,0
1696,1826,0
1697,1234,1
1697,2238,1
1697,2461,0
1699,2322,0
92,1700,0
176,1700,0
1700,196,1
1700,380,1
1700,690,1
1700,796,1
1700,1005,1
1126,1700,0
1700,1195,1
1215,1700,0
1467,1700,0
1700,1815,0
2105,1700,0
1700,2225,1
1701,187,1
1701,1839,0
1701,2013,0
1702,241,1
1702,587,1
1702,635,1
1702,813,1
1702,939,1
1702,969,1
1702,1005,1
1702,1202,1
1702,1215,1
1702,2273,1
1704,1799,0
1705,2350,0
1709,415,1
713,1709,0
1709,1331,1
1709,1910,0
1709,2112,1
1710,269,1
383,1710,0
1711,1832,0
1711,1858,0
1713,2337,0
1716,2062,0
1717,2306,0
1718,889,1
1718,959,1
1718,1726,0
1719,300,1
605,1719,0
1719,1086,1
1719,1415,1
1441,1719,0
1719,1503,1
1719,2075,1
2224,1719,0
1719,2324,1
1720,1801,0
1722,1945,0
1725,2252,0
1726,2281,0
1727,2227,0
1731,739,1
1731,924,1
1731,2226,0
1731,2445,0
1733,3,1
1733,213,1
255,1733,0
1733,293,1
1733,315,1
1733,325,1
1733,464,1
1733,693,1
1733,761,1
1733,861,1
1733,1131,1
1733,1160,1
1733,1208,1
1583,1733,0
1704,1733,0
1733,2020,1
2299,1733,0
2407,1733,0
1733,2408,1
1734,30,1
1734,59,1
1734,244,1
1734,311,1
1196,1734,0
1734,1263,1
1553,1734,0
1734,1799,1
1734,1818,0
1734,2446,1
1738,273,1
1738,2246,0
1740,2217,0
1741,1928,0
1741,2092,0
1741,2192,0
1742,2268,0
1744,430,1
1745,2017,0
1746,681,1
1860,1746,0
1746,2318,1
1747,1754,0
1747,2367,0
706,1749,0
1750,1233,1
1751,296,1
1751,1717,1
1752,2002,0
1753,1660,1
1754,2162,0
1755,2106,0
1534,1757,0
1757,1607,1
1757,1871,0
1759,213,1
1759,635,1
1759,1868,1
1763,1868,0
1763,2206,0
1764,1944,0
1764,2254,0
1769,119,1
1769,476,1
1769,2105,0
1769,2448,0
25,1770,0
1770,32,1
1770,126,1
1770,242,1
335,1770,0
508,1770,0
1770,584,1
608,1770,0
1770,635,1
1770,687,1
1770,706,1
728,1770,0
751,1770,0
1770,820,1
1770,833,1
872,1770,0
1770,1064,1
1770,1147,1
1770,1205,1
1209,1770,0
1219,1770,0
1770,1251,1
1770,1351,1
1770,1612,1
1770,1885,1
1770,1898,1
1913,1770,0
1921,1770,0
1932,1770,0
1770,1978,1
1770,2063,1
2125,1770,0
1770,2140,1
1770,2309,1
1771,99,1
1771,100,1
1771,116,1
1771,144,1
1771,188,1
1771,270,1
1771,309,1
355,1771,0
1771,361,1
1771,520,1
1771,563,1
587,1771,0
1771,608,1
1771,659,1
833,1771,0
1771,1145,1
1156,1771,0
1348,1771,0
1771,1441,1
1771,1621,1
1771,1679,1
1771,1705,1
1790,1771,0
1793,1771,0
1771,1817,1
1771,1832,1
1771,1929,0
2189,1771,0
1771,2200,1
2267,1771,0
1771,2295,0
1772,2189,0
1773,635,1
1290,1773,0
1773,1834,1
1774,1659,1
1774,1991,0
1774,2376,0
258,1777,0
1777,300,1
412,1777,0
1777,1950,0
1780,2361,0
1781,1975,0
1782,654,1
1782,911,1
1425,1782,0
1783,1858,0
1786,2298,0
220,1787,0
1787,2270,0
1789,1791,0
1792,2404,0
1794,1861,0
1796,1389,1
1796,1905,0
1796,2162,0
1798,2368,0
1799,2452,0
1800,2201,0
79,1802,0
1802,228,1
1802,283,1
635,1802,0
687,1802,0
819,1802,0
833,1802,0
1802,1230,1
1802,1537,1
1802,1728,1
2035,1802,0
1803,2113,0
1804,505,1
526,1804,0
1804,711,1
2137,1804,0
68,1806,0
1806,190,1
1806,214,1
508,1806,0
584,1806,0
706,1806,0
1806,1181,1
1806,1196,1
1806,1215,1
1806,1377,1
1806,1672,1
1702,1806,0
1806,1918,1
1806,1926,1
1806,1969,1
2052,1806,0
1806,2070,0
2202,1806,0
1807,3,1
82,1810,0
891,1810,0
1810,1811,1
1810,1925,1
1813,2365,0
1814,1963,1
1815,2259,0
1196,1816,0
1234,1818,0
1818,1921,1
65,1819,0
80,1819,0
1819,114,1
1819,126,1
130,1819,0
1819,188,1
1819,211,1
1819,307,1
318,1819,0
1819,326,1
375,1819,0
1819,404,1
1819,417,1
1819,436,1
1819,446,1
525,1819,0
1819,542,1
1819,561,1
625,1819,0
1819,628,1
1819,635,1
1819,660,1
1819,665,1
1819,667,1
1819,670,1
673,1819,0
687,1819,0
1819,690,1
1819,700,1
1819,709,1
1819,718,1
1819,728,1
798,1819,0
1819,806,1
1819,833,1
872,1819,0
1819,893,1
1819,902,1
1819,994,1
1819,1004,1
1009,1819,0
1819,1058,1
1819,1064,1
1819,1066,1
1078,1819,0
1819,1097,1
1173,1819,0
1176,1819,0
1186,1819,0
1196,1819,0
1819,1205,1
1819,1206,1
1208,1819,0
1819,1219,1
1819,1224,1
1819,1282,1
1320,1819,0
1819,1348,1
1819,1351,1
1819,1621,1
1819,1638,1
1691,1819,0
1819,1705,1
1819,1724,1
1819,1824,1
1819,1836,1
1868,1819,0
1882,1819,0
1885,1819,0
1898,1819,0
1913,1819,0
1819,1914,1
1819,1921,1
1926,1819,0
1819,1929,1
1932,1819,0
1819,1965,1
1819,1984,1
1819,1992,1
1819,1998,1
2064,1819,0
1819,2077,1
1819,2124,1
1819,2125,1
1819,2140,1
1819,2179,1
1819,2191,1
2329,1819,0
1819,2342,1
1819,2395,1
2411,1819,0
2426,1819,0
1819,2427,1
1819,2456,1
1819,2475,1
1821,2304,0
939,1823,0
1823,1944,0
1823,2279,0
1825,2357,0
1826,2464,0
1828,2087,0
1828,2433,0
1830,2352,0
1831,874,1
1763,1831,0
1831,2017,0
1833,340,1
1833,635,1
1833,1405,1
1833,1585,1
1833,2236,0
1834,24,1
1834,79,1
213,1834,0
1834,272,1
284,1834,0
1834,348,1
386,1834,0
1834,394,1
439,1834,0
1834,480,1
1834,690,1
766,1834,0
1834,825,1
1834,1117,1
1834,1290,1
1834,1327,1
1834,1363,1
1834,1416,1
1834,1527,1
1834,1641,1
1834,1667,1
1737,1834,0
1834,1758,1
1834,1802,1
1880,1834,0
1907,1834,0
1926,1834,0
1948,1834,0
1834,1955,1
1834,1967,1
1834,2035,1
1834,2054,1
1834,2064,1
1834,2116,1
1834,2144,1
2224,1834,0
2345,1834,0
1834,2351,1
1835,687,1
1835,974,1
1835,1921,1
1835,2188,0
1835,2261,1
1836,2119,0
1836,2354,0
1836,2376,0
1837,1842,0
1839,1876,0
1840,2222,0
1841,2280,0
50,1842,0
323,1842,0
505,1842,0
1842,1239,1
1842,1415,1
1842,1676,1
1842,2151,1
1842,2233,1
1844,430,1
1844,1327,1
1844,2348,0
1848,2115,0
79,1849,0
1849,99,1
1849,566,1
1849,1514,1
1850,2161,0
1850,2412,0
1852,1993,0
1854,757,1
1854,906,1
1854,1277,1
1854,1924,0
2459,1854,0
1856,1953,0
1861,1040,1
1861,1979,0
1861,2033,0
1861,2051,0
1862,1978,0
1863,2340,0
1866,1959,0
1866,2035,1
11,1868,0
1868,29,1
1868,32,1
1868,214,1
232,1868,0
1868,242,1
1868,251,1
1868,328,1
1868,345,1
1868,361,1
391,1868,0
1868,412,1
1868,433,1
1868,457,1
1868,584,1
1868,603,1
1868,625,1
1868,635,1
1868,690,1
706,1868,0
1868,707,1
732,1868,0
1868,809,1
1868,867,1
1868,876,1
1868,949,1
959,1868,0
1868,1066,1
1100,1868,0
1868,1147,1
1868,1161,1
1165,1868,0
1868,1176,1
1196,1868,0
1205,1868,0
1215,1868,0
1259,1868,0
1868,1311,1
1868,1352,1
1868,1466,1
1501,1868,0
1868,1661,1
1664,1868,0
1868,1695,1
1868,1788,1
1868,1893,1
1965,1868,0
1992,1868,0
2000,1868,0
1868,2182,1
1868,2238,1
1868,2263,1
1868,2385,1
1868,2435,1
1868,2458,1
2464,1868,0
1868,2468,1
1869,758,1
1869,796,1
1870,2286,0
1872,2316,1
1876,38,1
113,1876,0
1876,188,1
884,1876,0
912,1876,0
1876,982,1
1876,1128,1
1348,1876,0
1876,2051,1
1876,2165,0
1876,2305,1
430,1878,0
1878,567,1
1327,1878,0
1878,2392,0
29,1881,0
1881,213,1
1881,635,1
1881,728,1
833,1881,0
939,1881,0
951,1881,0
1064,1881,0
1224,1881,0
1881,1251,1
1545,1881,0
1839,1881,0
1881,1885,1
1881,1898,1
1881,1913,1
1881,1941,1
1881,1951,1
1881,2063,1
2125,1881,0
1881,2140,1
2145,1881,0
2192,1881,0
1881,2362,0
1882,2395,0
1883,2386,0
1884,863,1
1885,2384,0
1886,2237,0
1888,1987,0
1209,1889,0
1890,1997,0
1893,2346,0
1894,1967,0
2036,1895,0
1896,1959,0
1897,1960,0
1897,2074,0
1897,2393,0
1898,2155,0
11,1899,0
213,1899,0
290,1899,0
1899,457,1
1899,706,1
1899,1352,1
1899,1404,1
1899,2307,1
1899,2435,1
1900,2302,0
1901,2365,0
1901,2429,0
1905,2123,0
1911,1362,1
1868,1911,0
1911,2307,1
1912,2111,0
1917,399,1
1917,1939,1
1917,2170,0
1917,2443,0
1918,2245,0
51,1919,0
99,1919,0
1919,307,1
891,1919,0
1919,1215,1
1427,1919,0
1445,1919,0
2035,1919,0
2056,1919,0
1919,2228,0
2276,1919,0
1920,2102,0
1921,2118,0
1922,2040,0
1923,304,1
1923,655,1
1923,939,1
1923,1182,1
1924,2344,0
1927,2080,0
1927,2268,0
1928,99,1
1929,2426,1
1931,2267,0
1932,2410,0
1933,1987,0
1933,2253,0
47,1934,0
1935,130,1
1935,213,1
1935,293,1
706,1935,0
1935,840,1
926,1935,0
939,1935,0
1935,959,1
1935,998,1
1935,1049,1
1935,1097,1
1935,1144,1
1196,1935,0
1221,1935,0
1935,1239,1
1935,1296,1
1415,1935,0
1935,1444,1
1565,1935,0
1640,1935,0
1847,1935,0
1935,1968,1
1935,1993,0
1935,2073,1
1935,2432,1
2473,1935,0
1377,1936,0
1936,2299,1
1937,2100,0
1938,1125,1
1941,2399,0
1942,635,1
1942,714,1
1942,1802,1
1942,2147,0
1943,430,1
1943,2339,1
1949,328,1
1950,65,1
1950,178,1
300,1950,0
306,1950,0
405,1950,0
533,1950,0
1950,609,1
1950,619,1
1950,670,1
696,1950,0
771,1950,0
1950,868,1
915,1950,0
939,1950,0
1005,1950,0
1950,1030,1
1950,1142,1
1950,1161,1
1950,1187,1
1950,1189,1
1950,1191,1
1270,1950,0
1328,1950,0
1405,1950,0
1950,1499,1
1533,1950,0
1584,1950,0
1950,1585,1
1950,1619,1
1712,1950,0
1717,1950,0
1950,1934,1
1950,1937,1
1950,1955,1
1950,2129,1
1950,2283,1
1950,2307,1
1950,2310,1
1950,2316,1
1951,268,1
1951,858,1
859,1951,0
959,1951,0
1217,1951,0
1424,1951,0
1951,1661,1
1951,1664,1
1824,1951,0
1951,1925,1
1951,2173,1
1951,2204,1
1951,2382,1
1951,2385,1
1951,2390,1
1952,48,1
1285,1952,0
1660,1952,0
1952,1819,1
3,1955,0
4,1955,0
1955,8,1
1955,10,1
1955,29,1
1955,32,1
45,1955,0
1955,51,1
1955,69,1
1955,71,1
1955,81,1
99,1955,0
1955,100,1
1955,116,1
1955,186,1
1955,213,1
214,1955,0
1955,241,1
242,1955,0
1955,251,1
1955,258,1
259,1955,0
1955,268,1
1955,274,1
1955,277,1
285,1955,0
1955,293,1
1955,301,1
1955,304,1
307,1955,0
1955,309,1
1955,339,1
359,1955,0
1955,361,1
369,1955,0
1955,405,1
1955,408,1
1955,412,1
413,1955,0
425,1955,0
1955,439,1
452,1955,0
1955,466,1
482,1955,0
1955,505,1
515,1955,0
1955,517,1
546,1955,0
1955,547,1
1955,584,1
585,1955,0
1955,589,1
603,1955,0
619,1955,0
1955,625,1
1955,635,1
1955,638,1
1955,646,1
676,1955,0
688,1955,0
690,1955,0
696,1955,0
1955,700,1
706,1955,0
1955,707,1
1955,719,1
1955,727,1
732,1955,0
1955,733,1
1955,762,1
767,1955,0
785,1955,0
809,1955,0
1955,823,1
1955,828,1
833,1955,0
843,1955,0
1955,848,1
1955,859,1
1955,870,1
1955,877,1
1955,883,1
888,1955,0
1955,891,1
1955,902,1
916,1955,0
936,1955,0
1955,951,1
1955,959,1
1955,965,1
969,1955,0
1955,993,1
1042,1955,0
1955,1066,1
1068,1955,0
1955,1097,1
1955,1126,1
1144,1955,0
1148,1955,0
1176,1955,0
1205,1955,0
1206,1955,0
1955,1221,1
1228,1955,0
1234,1955,0
1239,1955,0
1240,1955,0
1955,1351,1
1955,1394,1
1955,1404,1
1955,1424,1
1426,1955,0
1433,1955,0
1448,1955,0
1468,1955,0
1501,1955,0
1955,1504,1
1507,1955,0
1955,1537,1
1955,1579,1
1955,1583,1
1955,1585,1
1955,1626,1
1635,1955,0
1955,1647,1
1955,1658,1
1955,1661,1
1955,1664,1
1690,1955,0
1955,1695,1
1955,1717,1
1724,1955,0
1955,1764,1
1801,1955,0
1824,1955,0
1955,1838,1
1847,1955,0
1955,1856,1
1955,1899,1
1955,1913,1
1921,1955,0
1955,1926,1
1932,1955,0
1955,1935,1
1957,1955,0
1955,1965,1
1955,1990,1
1955,1997,1
2011,1955,0
2012,1955,0
1955,2072,1
1955,2073,1
2107,1955,0
1955,2108,1
2110,1955,0
1955,2131,1
2133,1955,0
1955,2145,1
2173,1955,0
1955,2204,1
2209,1955,0
1955,2223,1
1955,2238,1
2241,1955,0
1955,2263,1
1955,2276,1
1955,2279,1
1955,2299,1
2323,1955,0
1955,2341,1
2347,1955,0
2363,1955,0
1955,2382,1
2385,1955,0
2388,1955,0
1955,2390,1
1955,2441,1
2453,1955,0
1955,2458,1
1955,2464,1
1955,2465,1
1955,2469,1
1956,2030,0
1960,946,1
1960,2022,0
1961,63,1
1239,1961,0
1581,1961,0
1961,2003,1
2066,1961,0
1966,1970,0
1970,59,1
1970,116,1
1970,126,1
1970,242,1
1970,340,1
1970,446,1
1970,571,1
1970,584,1
625,1970,0
1970,635,1
687,1970,0
1970,705,1
718,1970,0
1970,833,1
1970,864,1
872,1970,0
1970,939,1
1970,951,1
1970,1064,1
1970,1219,1
1970,1242,1
1970,1251,1
1970,1282,1
1351,1970,0
1970,1654,1
1885,1970,0
1913,1970,0
1970,1921,1
2063,1970,0
2064,1970,0
1970,2125,1
2140,1970,0
1970,2426,1
1970,2456,1
635,1972,0
1215,1972,0
1973,2067,0
1973,2419,0
1978,2325,0
1980,2293,0
1316,1982,0
1982,2231,0
1989,2263,0
1990,690,1
1992,184,1
195,1992,0
359,1992,0
425,1992,0
1992,765,1
877,1992,0
1992,1115,1
1301,1992,0
1992,1712,1
1992,1835,1
1993,2070,0
1993,2214,0
1994,2136,0
1995,99,1
1995,116,1
144,1995,0
188,1995,0
1995,270,1
1995,361,1
1995,433,1
1995,563,1
587,1995,0
608,1995,0
1995,939,1
1995,1215,1
1995,1425,1
1995,1621,1
1679,1995,0
1995,1705,1
1995,1832,1
1995,2010,1
1995,2200,1
1998,2114,0
1999,11,1
1999,457,1
1196,1999,0
1999,1255,1
1352,1999,0
1999,1925,1
1999,2421,0
1999,2435,1
2000,2207,0
2002,234,1
1361,2002,0
2002,2089,0
2002,2139,0
807,2003,0
2003,811,1
1242,2003,0
2004,1311,1
2004,2463,0
79,2006,0
2006,213,1
2006,687,1
2006,1230,1
2006,1316,1
1537,2006,0
2006,1691,1
2006,2464,0
939,2007,0
2007,1913,1
2007,2210,1
2007,2357,0
2009,939,1
2009,2325,0
2010,2077,0
2011,2214,0
2011,2246,0
2013,953,1
2013,2257,0
2015,2453,0
2018,70,1
2019,2398,0
2019,2414,0
2022,2039,1
2024,2239,0
2024,2385,0
2026,2357,0
2027,359,1
2027,1215,1
2027,1329,1
2027,1376,1
2027,1421,1
2027,1536,1
2027,1819,1
2027,2219,0
2028,1921,1
2029,563,1
2029,1151,1
2030,2462,0
2031,1242,1
2031,2302,0
2033,725,1
2033,1274,1
2033,2217,1
11,2035,0
2035,29,1
45,2035,0
2035,46,1
2035,47,1
2035,79,1
80,2035,0
81,2035,0
83,2035,0
2035,98,1
2035,100,1
2035,169,1
2035,213,1
214,2035,0
251,2035,0
2035,268,1
274,2035,0
2035,275,1
290,2035,0
2035,293,1
328,2035,0
2035,341,1
2035,357,1
361,2035,0
2035,391,1
2035,412,1
413,2035,0
2035,457,1
487,2035,0
2035,508,1
2035,520,1
547,2035,0
552,2035,0
2035,563,1
584,2035,0
2035,586,1
2035,619,1
2035,625,1
2035,635,1
637,2035,0
2035,659,1
2035,660,1
2035,669,1
690,2035,0
2035,700,1
2035,732,1
808,2035,0
2035,809,1
833,2035,0
860,2035,0
959,2035,0
2035,987,1
1037,2035,0
2035,1066,1
2035,1083,1
2035,1112,1
2035,1143,1
2035,1147,1
1159,2035,0
2035,1161,1
2035,1165,1
1176,2035,0
1205,2035,0
1215,2035,0
2035,1230,1
1239,2035,0
2035,1250,1
1289,2035,0
2035,1369,1
1404,2035,0
2035,1460,1
2035,1494,1
2035,1626,1
1629,2035,0
2035,1661,1
2035,1664,1
2035,1691,1
1702,2035,0
2035,1713,1
2035,1724,1
1801,2035,0
1824,2035,0
2035,1838,1
1847,2035,0
1925,2035,0
2035,1955,1
1965,2035,0
2035,1992,1
2035,1999,1
2035,2035,1
2035,2044,1
2035,2142,1
2035,2176,1
2035,2182,1
2035,2209,1
2238,2035,0
2035,2239,1
2263,2035,0
2323,2035,0
2035,2385,1
2035,2435,1
2035,2453,1
2035,2458,1
2035,2464,1
2035,2465,1
2035,2468,1
2039,2185,0
2039,2364,0
2041,242,1
2041,1147,1
2041,1234,1
1279,2041,0
2042,2385,0
2043,63,1
2044,2100,0
2044,2102,0
2045,269,1
1389,2045,0
2046,116,1
2046,307,1
348,2046,0
2046,1147,1
1205,2046,0
2046,1656,1
2046,1675,1
1760,2046,0
2046,2380,1
2047,2246,0
2048,1637,1
2049,136,1
2049,171,1
2049,174,1
1215,2049,0
2049,1427,1
2049,1868,1
2049,2117,0
2050,2234,0
2051,304,1
2051,382,1
2054,2138,0
2055,2138,0
2055,2255,0
2056,169,1
449,2056,0
1048,2056,0
2056,1453,1
2056,1712,1
1834,2056,0
2056,2059,1
2056,2195,1
2056,2410,1
2057,809,1
2057,885,1
2057,1769,1
2057,2130,0
305,2058,0
608,2058,0
2058,706,1
2055,2058,0
2058,2222,1
2058,2225,1
2058,2291,1
2319,2058,0
2058,2320,1
2330,2058,0
2347,2058,0
2376,2058,0
2384,2058,0
2058,2389,1
2058,2393,1
2401,2058,0
2409,2058,0
2065,2128,0
1276,2066,0
2066,2443,0
852,2069,0
2070,852,1
2077,2132,0
2078,665,1
939,2078,0
2078,1356,1
2078,1835,1
2081,30,1
2081,57,1
2081,226,1
2081,337,1
2081,338,1
580,2081,0
591,2081,0
2081,611,1
667,2081,0
1295,2081,0
2081,1440,1
2081,1474,1
2081,1673,1
2081,1891,1
2081,1910,1
2081,2431,1
2434,2081,0
2082,939,1
2082,1182,1
2082,1364,1
20,2084,0
337,2084,0
2086,2267,0
144,2088,0
2088,628,1
2088,1764,1
2088,2010,1
2089,102,1
2089,408,1
432,2089,0
628,2089,0
2089,634,1
2089,635,1
2089,690,1
737,2089,0
2089,900,1
935,2089,0
2089,939,1
963,2089,0
1072,2089,0
2089,1094,1
1307,2089,0
2089,1351,1
2089,1383,1
2089,1415,1
1441,2089,0
2089,1466,1
2089,1783,1
2089,1836,1
2089,1847,1
2089,1868,1
1921,2089,0
1965,2089,0
2089,2035,1
2089,2053,1
2089,2183,1
2089,2293,1
2089,2342,1
2426,2089,0
2089,2462,1
2093,2181,0
2094,169,1
2094,584,1
698,2094,0
706,2094,0
2094,707,1
1176,2094,0
2094,1440,1
1723,2094,0
1921,2094,0
2360,2094,0
1967,2096,0
2097,2411,0
1272,2099,0
2183,2099,0
2101,29,1
2101,63,1
2101,99,1
132,2101,0
340,2101,0
2101,433,1
2101,933,1
2101,1308,1
1329,2101,0
1427,2101,0
2101,1478,1
2101,1913,1
2101,1926,1
2101,2182,0
2206,2101,0
2102,2268,0
273,2103,0
2103,1699,1
1735,2103,0
2103,2259,1
2103,2345,0
2106,1301,1
2106,2129,0
2114,359,1
2114,833,1
2114,1239,1
2114,1291,1
2115,2271,0
2117,2430,0
2120,190,1
2120,214,1
2120,706,1
2120,725,1
2120,1181,1
1377,2120,0
2120,1969,1
2052,2120,0
2120,2277,1
90,2122,0
2122,399,1
2122,408,1
476,2122,0
2122,635,1
654,2122,0
672,2122,0
2122,718,1
781,2122,0
819,2122,0
2122,833,1
885,2122,0
2122,935,1
2122,939,1
2122,972,1
2122,997,1
2122,1042,1
2122,1126,1
1263,2122,0
2122,1269,1
1307,2122,0
2122,1330,1
1392,2122,0
1397,2122,0
2122,1407,1
1413,2122,0
2122,1450,1
2122,1488,1
1501,2122,0
1532,2122,0
2122,1767,1
1864,2122,0
2122,1892,1
1989,2122,0
2122,2011,1
2123,1261,1
2123,2352,0
2127,541,1
2127,955,1
2127,2228,1
27,2128,0
59,2128,0
229,2128,0
2128,474,1
2128,503,1
2128,512,1
2128,659,1
2128,690,1
2128,696,1
2128,759,1
2128,846,1
915,2128,0
2128,1010,1
1142,2128,0
1146,2128,0
2128,1215,1
2128,1236,1
2128,1239,1
2128,1290,1
2128,1297,1
2128,1302,1
1372,2128,0
2128,1404,1
1676,2128,0
1691,2128,0
2128,1740,1
1780,2128,0
2128,1834,1
1874,2128,0
2128,1916,1
2035,2128,0
2128,2263,1
2134,77,1
104,2134,0
2134,563,1
632,2134,0
2134,892,1
2134,939,1
2134,959,1
2134,991,1
2134,1143,1
1484,2134,0
1907,2134,0
2134,2265,1
2134,2325,1
2134,2327,1
2134,2328,1
2134,2329,1
2135,80,1
2135,1094,1
1834,2135,0
2135,2356,0
2135,2439,0
2143,29,1
2143,188,1
2143,646,1
2143,700,1
732,2143,0
2143,1468,1
1664,2143,0
2143,1824,1
2143,2385,1
2145,660,1
2145,859,1
2145,883,1
2145,1217,1
2145,1426,1
1428,2145,0
2145,1839,1
2145,1925,1
2145,2023,1
2131,2145,0
2145,2157,1
2145,2173,1
2204,2145,0
2145,2276,1
2145,2311,1
2145,2363,1
2145,2382,1
2145,2385,1
2388,2145,0
2145,2390,1
2145,2391,1
2145,2424,0
1568,2146,0
1220,2147,0
2331,2147,0
2148,2466,0
1,2149,0
5,2149,0
2149,14,1
2149,15,1
2149,45,1
51,2149,0
2149,58,1
65,2149,0
2149,79,1
2149,96,1
100,2149,0
179,2149,0
2149,204,1
2149,213,1
2149,219,1
222,2149,0
2149,275,1
2149,285,1
297,2149,0
2149,300,1
2149,306,1
309,2149,0
314,2149,0
2149,344,1
345,2149,0
357,2149,0
2149,368,1
2149,371,1
2149,385,1
2149,405,1
2149,412,1
2149,439,1
442,2149,0
2149,445,1
452,2149,0
2149,496,1
2149,507,1
2149,520,1
2149,533,1
2149,568,1
2149,575,1
2149,601,1
2149,609,1
2149,611,1
2149,619,1
627,2149,0
2149,635,1
653,2149,0
2149,654,1
670,2149,0
2149,672,1
2149,692,1
727,2149,0
731,2149,0
2149,772,1
2149,809,1
2149,831,1
2149,833,1
2149,846,1
870,2149,0
2149,871,1
877,2149,0
889,2149,0
910,2149,0
2149,915,1
939,2149,0
2149,955,1
962,2149,0
998,2149,0
1001,2149,0
2149,1002,1
1005,2149,0
1026,2149,0
2149,1040,1
2149,1061,1
2149,1076,1
1077,2149,0
2149,1093,1
2149,1114,1
1142,2149,0
2149,1152,1
2149,1161,1
2149,1166,1
1176,2149,0
1187,2149,0
1189,2149,0
2149,1193,1
1196,2149,0
1205,2149,0
2149,1215,1
2149,1225,1
2149,1228,1
2149,1238,1
2149,1243,1
1249,2149,0
1255,2149,0
2149,1256,1
1260,2149,0
2149,1266,1
1270,2149,0
1299,2149,0
1327,2149,0
1328,2149,0
2149,1382,1
2149,1383,1
1389,2149,0
2149,1391,1
2149,1398,1
1404,2149,0
2149,1405,1
2149,1415,1
2149,1425,1
1427,2149,0
2149,1430,1
2149,1479,1
2149,1490,1
1494,2149,0
2149,1497,1
1524,2149,0
2149,1528,1
1533,2149,0
1537,2149,0
1554,2149,0
2149,1555,1
1601,2149,0
1603,2149,0
1611,2149,0
1613,2149,0
2149,1662,1
2149,1691,1
1700,2149,0
2149,1712,1
2149,1717,1
1725,2149,0
2149,1732,1
2149,1746,1
1752,2149,0
2149,1779,1
2149,1791,1
1792,2149,0
2149,1834,1
2149,1877,1
2149,1890,1
2149,1927,1
2149,1934,1
2149,1937,1
1954,2149,0
2149,1955,1
2149,1968,1
1980,2149,0
2149,2001,1
2037,2149,0
2149,2038,1
2044,2149,0
2047,2149,0
2101,2149,0
2117,2149,0
2124,2149,0
2149,2136,1
2149,2150,1
2149,2161,1
2149,2167,1
2176,2149,0
2149,2178,1
2149,2255,1
2260,2149,0
2149,2264,1
2149,2283,1
2149,2286,1
2149,2307,1
2149,2328,1
2149,2329,1
2149,2370,1
2149,2385,1
2149,2400,1
2410,2149,0
2432,2149,0
2149,2435,1
2439,2149,0
2149,2457,1
2149,2473,1
2151,667,1
1383,2151,0
2151,1441,1
2151,1663,1
1727,2151,0
2152,690,1
2158,1599,1
2160,1761,1
2161,2407,0
180,2162,0
2162,878,1
2168,2308,0
2169,78,1
139,2169,0
2169,182,1
2169,204,1
300,2169,0
2169,302,1
354,2169,0
2169,408,1
2169,411,1
2169,478,1
2169,634,1
2169,635,1
636,2169,0
637,2169,0
717,2169,0
741,2169,0
2169,773,1
811,2169,0
2169,817,1
886,2169,0
2169,930,1
935,2169,0
1045,2169,0
2169,1046,1
1135,2169,0
2169,1147,1
1153,2169,0
2169,1167,1
2169,1176,1
2169,1189,1
1215,2169,0
1303,2169,0
2169,1387,1
1410,2169,0
2169,1423,1
2169,1481,1
2169,1522,1
2169,1535,1
1561,2169,0
2169,1594,1
2169,1610,1
1615,2169,0
2169,1717,1
1754,2169,0
1776,2169,0
1786,2169,0
2169,1790,1
2169,1793,1
2169,1809,1
2169,1867,1
2169,1963,1
2169,1997,1
2169,2065,1
2169,2180,1
2232,2169,0
2169,2254,1
2169,2342,1
2169,2366,1
2169,2378,1
2171,2411,0
2177,635,1
2177,2346,0
2179,10,1
78,2179,0
2179,139,1
2179,182,1
2179,213,1
2179,302,1
2179,306,1
2179,364,1
2179,408,1
2179,409,1
2179,411,1
2179,478,1
2179,563,1
2179,624,1
2179,634,1
2179,636,1
2179,717,1
2179,791,1
930,2179,0
2179,935,1
1045,2179,0
2179,1046,1
2179,1072,1
1153,2179,0
1176,2179,0
1215,2179,0
2179,1247,1
2179,1293,1
1307,2179,0
2179,1387,1
2179,1423,1
2179,1481,1
1488,2179,0
2179,1522,1
2179,1561,1
1596,2179,0
2179,1615,1
1655,2179,0
2179,1693,1
1776,2179,0
2179,1793,1
1809,2179,0
2179,1997,1
2065,2179,0
2126,2179,0
2180,2179,0
2179,2254,1
2179,2342,1
2179,2402,1
2447,2179,0
63,2181,0
2181,215,1
326,2181,0
2181,461,1
470,2181,0
2181,638,1
2181,687,1
833,2181,0
2081,2181,0
2181,2141,1
2181,2393,0
2183,244,1
2183,260,1
2183,399,1
2183,457,1
2183,479,1
2183,578,1
2183,628,1
2183,1129,1
2183,1194,1
2183,1287,1
2183,1352,1
2183,1799,1
1868,2183,0
2184,125,1
2184,239,1
2184,490,1
829,2184,0
2184,2183,1
2185,2211,0
2188,2262,0
1067,2190,0
2190,2397,1
2197,2305,0
2199,29,1
646,2199,0
2199,700,1
2199,959,1
2199,1348,1
2199,1468,1
1664,2199,0
2199,1824,1
2199,2215,0
2201,2035,1
2205,2423,0
2208,1,1
387,2208,0
2208,1321,1
1927,2208,0
2208,2211,0
1585,2211,0
2212,939,1
2216,2219,0
130,2221,0
304,2221,0
2221,452,1
2221,521,1
2221,554,1
2221,635,1
755,2221,0
2221,939,1
2221,1201,1
1264,2221,0
2221,1691,1
1921,2221,0
2221,2030,1
2221,2451,0
2225,2361,0
2227,115,1
2228,654,1
2228,1425,1
1427,2228,0
2229,833,1
2183,2229,0
1834,2234,0
2234,2242,0
2234,2274,0
2235,193,1
1613,2235,0
2406,2235,0
2237,51,1
2237,63,1
99,2237,0
419,2237,0
2237,512,1
874,2237,0
2237,1058,1
2237,1208,1
2237,1650,1
2237,1705,1
2237,1775,1
2237,1847,1
2237,2149,1
2237,2368,1
2240,79,1
2240,228,1
2240,293,1
635,2240,0
690,2240,0
2240,1215,1
1926,2240,0
1981,2240,0
2240,2062,1
2139,2240,0
2240,2183,1
2240,2285,1
2242,269,1
2242,487,1
1311,2242,0
1868,2242,0
2246,190,1
2246,214,1
2246,706,1
2246,725,1
1377,2246,0
2246,1672,1
1702,2246,0
2246,1969,1
2052,2246,0
2202,2246,0
2246,2277,1
2446,2247,0
2250,654,1
911,2250,0
2250,1425,1
2251,837,1
2254,2340,0
2256,1382,1
2267,2271,0
1405,2271,0
2271,2236,1
2275,63,1
2275,215,1
2275,635,1
638,2275,0
2275,687,1
833,2275,0
2275,1215,1
2275,1298,1
2275,1820,1
2275,2081,1
241,2277,0
2277,635,1
939,2277,0
2277,1215,1
2278,2382,0
755,2282,0
2284,414,1
1094,2284,0
1215,2284,0
2284,1311,1
2284,1865,1
2284,1994,1
2019,2284,0
2066,2284,0
2284,2383,1
2284,2404,0
2295,1868,1
2295,2134,1
2295,2370,0
2297,198,1
188,2300,0
2300,1348,1
2304,15,1
2304,56,1
2304,363,1
548,2304,0
699,2304,0
2304,921,1
2304,1244,1
2304,1267,1
2304,1370,1
2305,2337,0
2312,90,1
369,2312,0
408,2312,0
476,2312,0
2312,654,1
2312,672,1
2312,781,1
2312,809,1
2312,885,1
2312,889,1
2312,935,1
939,2312,0
2312,1028,1
2312,1072,1
2312,1269,1
2312,1307,1
2312,1330,1
1392,2312,0
2312,1397,1
1501,2312,0
2312,1532,1
2312,1541,1
1755,2312,0
2312,1767,1
1821,2312,0
2312,1864,1
2312,1974,1
2312,1989,1
2312,2011,1
2313,1490,1
2314,1590,1
78,2315,0
2315,139,1
2315,163,1
2315,182,1
2315,354,1
2315,364,1
2315,408,1
2315,411,1
2315,478,1
2315,624,1
2315,636,1
717,2315,0
2315,791,1
2315,817,1
2315,935,1
2315,1045,1
2315,1046,1
2315,1135,1
2315,1167,1
2315,1189,1
2315,1303,1
1387,2315,0
2315,1423,1
2315,1470,1
1522,2315,0
2315,1535,1
1615,2315,0
2315,1655,1
2315,1693,1
1726,2315,0
2315,1754,1
2315,1764,1
2315,1776,1
2315,1786,1
2315,1793,1
1809,2315,0
2315,1836,1
1867,2315,0
2315,1963,1
2076,2315,0
2315,2180,1
2232,2315,0
2238,2315,0
2315,2254,1
2315,2301,1
2315,2342,1
2315,2343,0
2366,2315,0
2321,95,1
190,2321,0
725,2321,0
2321,1181,1
2321,1672,1
2321,1702,1
2052,2321,0
2202,2321,0
2277,2321,0
1663,2322,0
2322,1871,1
68,2324,0
939,2330,0
2330,2422,0
226,2331,0
338,2331,0
551,2331,0
2331,694,1
2331,758,1
2331,1204,1
2331,1309,1
2331,1508,1
1649,2331,0
2331,1698,1
2331,1733,1
2331,2050,1
2081,2331,0
2331,2403,1
2413,2331,0
939,2332,0
2334,939,1
2339,47,1
2339,120,1
2339,157,1
414,2339,0
2339,653,1
2339,691,1
2339,1085,1
1215,2339,0
1666,2339,0
1763,2339,0
1767,2339,0
2342,2429,0
939,2347,0
2355,102,1
2355,737,1
2355,864,1
2355,900,1
2355,1094,1
1351,2355,0
2355,1383,1
2355,1416,1
2355,1441,1
1466,2355,0
2355,1601,1
2355,1724,1
1847,2355,0
2355,1868,1
2355,1921,1
2355,1965,1
2355,2015,1
2293,2355,0
172,2358,0
2358,299,1
2358,318,1
2358,654,1
657,2358,0
658,2358,0
2358,833,1
939,2358,0
2358,1016,1
1141,2358,0
2358,1292,1
2358,1448,1
2358,1545,1
1595,2358,0
1839,2358,0
2358,1931,1
2358,1941,1
2145,2358,0
2358,2157,1
2361,2403,0
2367,1355,1
2372,646,1
2372,733,1
2372,1085,1
2372,1239,1
2372,1992,1
2372,2331,1
2374,79,1
2374,430,1
2374,1988,1
2382,2456,0
2385,32,1
2385,328,1
2385,2403,0
2387,81,1
2387,158,1
2387,307,1
2387,418,1
2387,438,1
774,2387,0
2387,823,1
2387,943,1
1049,2387,0
1450,2387,0
2387,1461,1
2387,1476,1
2387,1754,1
1868,2387,0
2387,1880,1
2387,2003,1
2387,2077,1
2387,2242,1
2387,2348,1
2389,939,1
2399,2443,0
939,2414,0
328,2418,0
2421,1847,1
59,2422,0
2422,440,1
542,2422,0
2422,603,1
2422,811,1
2422,829,1
2422,840,1
2422,1089,1
2422,1297,1
1415,2422,0
2422,1640,1
1882,2422,0
2422,1895,1
2422,1984,1
2422,2125,1
2422,2266,1
2422,2286,1
344,2425,0
2425,356,1
758,2425,0
2425,836,1
2425,1142,1
2425,1311,1
1406,2425,0
2425,1684,1
2425,2071,1
2425,2426,0
108,2429,0
2430,1459,1
2335,2430,0
2433,724,1
1723,2433,0
307,2437,0
2437,635,1
2437,654,1
724,2437,0
2437,1259,1
1404,2437,0
2437,2168,1
2243,2437,0
2263,2437,0
2438,1702,1
105,2442,0
359,2442,0
2448,1650,1
2449,1327,1
2449,1834,1
2450,659,1
2450,1458,1
413,2451,0
2145,2451,0
2459,1843,1
2460,304,1
1215,2460,0
2461,1847,1
293,2463,0
2463,1085,1
2466,864,1
2467,901,1
1436,2467,0
1849,2467,0
1673,2471,0
