0,2469,0
2,64,1
2,466,0
2,654,1
2,720,1
2,781,1
2,833,1
2,1026,1
1587,2,0
2,1950,1
2,2055,1
2,2095,1
2222,2,0
2,2244,1
2,2291,1
2,2306,0
2310,2,0
2,2317,1
2,2319,1
2,2320,1
2,2376,1
2,2384,1
2,2393,1
2,2401,1
2409,2,0
2,2428,1
4,1521,0
4,1600,0
5,493,0
6,1090,0
6,1470,0
7,2339,0
8,1212,0
9,930,0
10,1882,0
10,2049,0
10,2424,0
11,239,0
11,2441,0
2425,12,0
13,29,1
13,203,1
221,13,0
250,13,0
13,251,1
305,13,0
13,339,1
13,341,1
386,13,0
408,13,0
13,426,1
13,448,1
13,452,1
13,459,1
13,563,1
13,599,1
13,628,1
13,634,1
13,654,1
13,656,1
661,13,0
13,664,1
13,690,1
13,706,1
800,13,0
13,819,1
13,857,1
13,935,1
13,939,1
951,13,0
13,1048,1
13,1072,1
13,1143,1
1265,13,0
1307,13,0
13,1318,1
13,1322,1
13,1425,1
13,1458,1
13,1488,1
13,1489,1
13,1510,1
1529,13,0
13,1530,1
1576,13,0
13,1602,1
13,1612,1
13,1712,1
13,1836,1
1879,13,0
13,1921,1
13,1925,1
13,1938,1
13,1964,1
13,1993,1
2183,13,0
2203,13,0
13,2342,1
13,2425,1
13,2462,1
14,1949,0
15,116,0
16,2283,0
17,290,0
17,2395,0
18,1444,0
18,1462,0
19,2170,0
20,426,0
20,469,0
23,1464,0
23,1652,0
23,2370,0
24,1715,0
24,2094,0
24,2307,0
25,833,0
25,861,0
25,1138,0
25,2464,0
26,1358,0
27,146,0
28,193,0
28,1731,0
28,2365,0
29,479,0
29,1084,0
29,1805,0
29,2267,0
30,116,0
554,30,0
30,571,1
30,640,1
30,685,0
30,813,1
881,30,0
30,1246,1
30,1277,1
1696,30,0
30,1996,1
30,2426,1
30,2428,0
31,63,1
31,215,1
31,326,1
470,31,0
635,31,0
638,31,0
31,687,1
31,833,1
31,1215,1
1298,31,0
31,1820,1
2081,31,0
32,55,0
32,553,0
32,1034,0
33,1013,0
414,34,0
34,512,1
653,34,0
1994,34,0
35,61,0
583,36,0
629,36,0
36,1226,0
2076,36,0
37,990,0
38,1025,0
39,939,1
39,1103,1
40,203,0
40,225,0
40,844,0
40,2426,0
41,178,0
41,917,0
42,234,1
42,566,0
42,747,0
42,1361,1
42,1887,0
42,2447,1
43,771,0
43,1451,0
43,1949,0
44,836,0
44,1241,0
45,286,0
45,305,0
45,778,0
46,2154,0
47,59,1
105,47,0
124,47,0
47,142,1
168,47,0
47,313,1
47,340,1
47,359,1
47,394,1
47,620,1
654,47,0
47,670,0
47,690,1
47,743,1
47,781,1
47,814,1
899,47,0
47,1145,1
1150,47,0
47,1182,1
47,1185,1
47,1239,1
1404,47,0
47,1450,1
1459,47,0
1585,47,0
1664,47,0
1682,47,0
1831,47,0
47,1992,1
2014,47,0
47,2145,1
47,2245,1
47,2276,1
2358,47,0
49,134,0
49,1479,0
50,16,1
50,46,1
75,50,0
50,209,1
50,212,1
50,251,1
50,619,1
50,690,1
815,50,0
50,950,1
50,1081,1
50,1328,0
50,1381,1
50,1395,0
1525,50,0
50,1604,0
1674,50,0
1793,50,0
50,1863,1
1905,50,0
50,1955,1
50,2055,0
50,2166,1
50,2426,1
51,577,0
51,1392,0
52,1882,0
53,635,1
53,1342,0
54,1196,1
54,1537,0
55,142,0
56,2298,0
57,273,1
57,579,0
57,1844,0
60,88,1
60,195,1
60,215,1
269,60,0
60,304,1
60,326,1
60,433,1
60,519,1
60,709,1
60,1266,0
1591,60,0
60,1771,1
61,455,0
61,1029,0
61,1675,0
62,1323,0
62,1385,0
62,1988,0
63,81,1
99,63,0
63,152,1
63,412,1
429,63,0
63,585,1
63,621,1
659,63,0
63,891,1
63,1514,1
63,1683,1
63,2080,0
2331,63,0
64,548,0
64,1075,0
64,1333,0
66,1004,0
67,1855,0
8,68,0
68,146,1
68,236,1
68,392,1
412,68,0
68,429,1
68,560,1
635,68,0
663,68,0
68,725,1
939,68,0
68,1167,1
68,1310,0
1326,68,0
68,1375,1
68,1483,1
1505,68,0
68,1568,1
68,1620,1
1628,68,0
1688,68,0
68,1741,1
68,1803,1
68,1990,1
68,2087,1
2093,68,0
68,2240,1
68,2322,0
2357,68,0
69,973,0
69,1694,0
71,96,0
71,488,0
71,2046,0
72,1280,1
74,1170,0
76,160,1
76,586,1
76,592,0
76,864,1
76,1388,0
76,1882,1
78,204,1
78,635,1
78,1128,1
78,1176,1
1215,78,0
78,1582,1
1717,78,0
78,1940,1
79,1124,0
80,1075,0
80,1477,0
80,1616,0
80,2120,0
81,580,0
81,783,0
81,1560,0
82,155,0
82,701,0
82,960,0
82,1167,0
82,1991,1
82,2300,0
83,166,0
84,1792,1
84,2197,0
84,2329,0
85,1184,0
85,1243,0
2242,85,0
86,146,0
86,563,1
86,1255,0
86,2135,0
87,414,0
87,1173,0
88,1143,0
88,2447,0
89,329,1
89,853,0
89,985,1
1388,89,0
89,1425,1
89,2144,1
90,716,0
90,1890,0
93,284,0
94,1808,0
95,1180,0
95,2436,0
96,809,0
97,950,0
97,1037,0
98,1454,0
99,1301,0
99,2182,0
100,1230,0
100,1383,0
101,839,0
101,1108,0
102,326,0
103,1243,0
103,1602,0
103,1973,0
103,2240,1
106,429,0
106,2093,0
108,8,1
105,108,0
108,181,1
108,481,1
108,877,1
108,1234,1
1311,108,0
108,1386,0
1406,108,0
108,1427,1
108,1622,1
1697,108,0
108,1770,1
1933,108,0
108,1955,1
108,2003,0
108,2195,0
110,1738,0
725,111,0
111,1274,1
111,1308,0
112,1349,0
112,1628,0
113,251,0
113,379,0
113,1072,0
113,2339,0
114,279,0
114,515,0
115,2376,0
47,116,0
625,116,0
116,787,0
1147,116,0
1344,116,0
116,2115,1
117,269,0
117,474,0
117,2093,0
29,118,0
118,529,1
118,646,1
700,118,0
118,732,1
118,780,1
118,959,1
118,1167,0
118,1196,1
1468,118,0
118,1573,1
118,1824,1
1828,118,0
1830,118,0
118,1847,1
118,2198,1
118,2241,0
118,2385,1
118,2412,1
119,1255,0
119,1971,0
119,2089,0
119,2154,0
120,881,0
120,1645,0
120,2149,1
121,399,1
121,1764,0
1939,121,0
122,2088,0
123,1137,0
123,1400,0
124,1614,1
124,1912,0
124,2354,0
125,166,0
126,1820,0
126,1880,0
126,2422,0
127,429,0
127,1347,0
127,1591,0
127,2414,0
128,2272,0
129,2328,0
130,289,0
1171,130,0
130,1215,1
130,1664,0
130,1983,1
130,2058,1
131,707,0
131,1188,0
132,933,1
132,2213,1
133,1473,0
133,2263,0
134,1124,0
135,771,0
135,979,0
135,1526,0
1691,135,0
135,1907,0
135,1926,1
136,1297,0
136,1761,0
137,102,1
137,408,1
137,427,1
137,432,1
137,624,1
137,628,1
634,137,0
137,635,1
690,137,0
137,737,1
137,864,1
137,900,1
137,935,1
939,137,0
963,137,0
1094,137,0
137,1307,1
137,1322,1
137,1351,1
137,1383,1
137,1415,1
137,1416,1
1441,137,0
137,1466,1
137,1488,1
1601,137,0
1724,137,0
137,1783,1
1836,137,0
137,1847,1
1912,137,0
137,1921,1
1965,137,0
137,2015,1
137,2035,1
2053,137,0
137,2183,1
2293,137,0
137,2342,1
137,2426,1
2462,137,0
139,958,0
139,1278,0
140,181,1
340,140,0
399,140,0
140,777,1
140,876,0
939,140,0
140,1047,1
140,1062,1
140,1065,0
140,1285,1
1761,140,0
141,1365,0
141,1918,0
142,478,0
142,1175,0
143,234,0
143,2233,0
145,450,0
145,1902,0
147,1170,1
148,359,0
148,506,0
148,1533,0
149,33,1
79,149,0
149,273,1
149,399,1
149,690,1
149,1476,0
149,1748,0
150,288,0
150,997,1
151,64,1
151,2055,1
151,2072,0
2222,151,0
151,2232,0
151,2244,1
151,2291,1
151,2317,1
151,2320,1
2384,151,0
151,2393,1
2401,151,0
152,1659,0
153,153,1
153,659,1
153,673,0
153,695,1
153,1132,1
153,1141,0
1200,153,0
1933,153,0
153,2436,1
154,939,1
154,1607,1
155,788,0
156,700,1
156,1149,0
156,1235,0
158,199,0
158,606,0
158,956,0
158,959,0
159,509,1
160,1134,0
160,2357,0
160,2368,0
161,1550,0
161,1935,0
161,2271,0
162,550,0
162,647,0
162,706,1
1838,162,0
163,316,0
163,1058,0
163,2066,0
164,66,1
164,80,1
164,99,1
123,164,0
158,164,0
164,293,1
397,164,0
164,435,1
680,164,0
164,769,1
164,802,1
891,164,0
929,164,0
164,1126,1
1142,164,0
164,1183,1
1234,164,0
164,1316,1
164,1391,1
1404,164,0
164,1945,1
164,2019,1
164,2091,1
165,312,0
165,553,0
165,1244,0
165,1320,0
165,2431,0
64,166,0
166,654,1
166,833,1
166,1247,0
166,1338,0
166,1454,0
166,2055,1
2222,166,0
166,2244,1
2291,166,0
2310,166,0
166,2317,1
166,2319,1
166,2320,1
2384,166,0
2393,166,0
166,2401,1
2409,166,0
167,991,0
167,1331,0
168,2151,0
169,320,1
169,377,1
413,169,0
169,449,1
169,457,1
169,603,1
707,169,0
169,718,1
169,779,1
840,169,0
169,850,1
169,908,1
169,1024,1
169,1114,1
169,1209,1
169,1297,1
169,1420,0
1463,169,0
169,1580,1
169,1591,1
169,1612,1
169,1636,1
169,1646,1
169,1723,1
169,1845,1
169,1857,1
1874,169,0
169,1999,1
169,2059,1
169,2077,0
169,2093,1
2172,169,0
169,2381,1
170,293,1
170,936,0
170,1045,0
170,1562,0
170,2284,0
172,358,0
172,1159,1
172,1920,0
173,29,1
91,173,0
412,173,0
434,173,0
173,635,1
173,928,0
173,939,1
173,1315,1
173,1354,1
1629,173,0
1700,173,0
173,2338,1
2371,173,0
174,2236,0
47,175,0
175,1584,0
176,1648,0
177,277,0
177,1548,0
150,178,0
178,181,1
178,213,1
178,273,1
178,690,1
178,777,1
827,178,0
178,939,1
178,943,1
178,1205,1
178,1234,1
178,1566,1
178,1626,1
178,1689,0
178,2029,1
2035,178,0
178,2128,1
2362,178,0
179,2219,0
180,820,0
180,919,0
180,1512,0
564,181,0
181,671,1
181,1646,0
181,1759,1
1761,181,0
1795,181,0
181,2035,1
181,2086,1
182,839,0
182,1273,0
430,183,0
183,2054,0
184,192,1
184,227,0
184,269,1
939,184,0
199,185,0
725,185,0
185,943,1
185,1414,1
185,1568,1
185,1691,1
185,1773,1
185,1810,1
185,1933,1
185,2035,1
2145,185,0
185,2276,1
186,466,1
467,186,0
468,186,0
186,619,1
186,646,1
186,700,1
186,1205,1
186,1824,1
187,1308,0
188,673,1
188,674,1
188,982,1
188,994,1
188,1121,1
188,1258,1
188,1787,0
2186,188,0
189,1383,0
190,238,0
190,987,0
190,1299,0
191,732,0
191,1410,0
192,439,0
192,1121,0
192,1745,0
193,1379,0
193,2058,0
194,338,0
194,1173,0
194,1810,0
195,2122,0
195,2209,0
195,2377,0
196,1474,0
196,2323,0
196,2432,0
197,648,0
197,2396,0
198,99,1
198,194,1
198,519,1
198,546,1
198,797,1
198,845,1
911,198,0
939,198,0
198,1004,0
198,1826,0
1979,198,0
198,2094,0
2098,198,0
198,2331,1
199,1348,0
199,2156,0
200,338,0
479,200,0
200,483,0
200,1205,0
201,1832,0
201,2273,0
202,300,1
202,605,1
202,1086,1
202,1177,0
202,1239,1
202,1415,1
1441,202,0
202,1503,1
202,2075,1
202,2224,1
2308,202,0
202,2309,1
202,2324,1
204,80,1
204,234,1
204,353,0
204,364,1
204,553,1
204,636,1
204,921,1
204,935,1
204,1040,1
204,1071,1
204,1081,1
204,1277,1
204,1387,1
204,1837,1
1852,204,0
1913,204,0
204,2161,1
204,2236,0
2470,204,0
205,213,1
205,214,1
205,242,1
268,205,0
274,205,0
205,342,1
361,205,0
205,625,1
205,660,1
674,205,0
707,205,0
783,205,0
205,878,1
205,908,1
205,994,1
205,1147,1
205,1176,1
1229,205,0
205,1258,1
205,1259,1
205,1567,1
205,1585,1
205,1661,1
205,1664,1
1695,205,0
1838,205,0
1847,205,0
205,1941,1
205,1944,0
205,2057,1
207,589,0
207,1954,0
208,779,0
208,817,0
208,1221,0
209,2064,0
211,225,0
211,304,1
211,659,1
758,211,0
211,939,1
211,1208,1
212,592,0
212,1271,0
212,1930,0
213,2427,0
274,214,0
361,214,0
214,584,1
706,214,0
707,214,0
214,1299,1
214,1841,0
214,2104,1
214,2115,1
2174,214,0
215,6,1
80,215,0
141,215,0
215,215,1
225,215,0
215,294,1
215,419,1
473,215,0
215,555,1
215,569,1
215,596,1
215,649,1
215,652,1
215,677,1
215,724,1
215,752,1
215,789,1
215,791,0
215,804,1
215,877,1
215,947,1
953,215,0
215,969,1
215,1136,1
215,1155,1
1188,215,0
1366,215,0
215,1502,1
215,1512,1
215,1518,1
215,1563,1
1620,215,0
215,1685,1
215,1855,1
215,2109,1
2140,215,0
2159,215,0
2197,215,0
2344,215,0
215,2368,1
95,216,0
190,216,0
216,600,0
216,725,1
1181,216,0
1377,216,0
216,1672,1
216,1702,1
216,1969,1
216,2052,1
216,2202,1
216,2215,1
216,2277,1
63,217,0
215,217,0
470,217,0
217,635,1
217,638,1
217,687,1
833,217,0
217,916,0
217,1215,1
1298,217,0
1820,217,0
1131,218,0
218,1381,0
218,1404,1
219,831,0
219,896,0
219,1696,0
219,2125,0
220,392,0
221,1215,1
223,516,0
223,2190,0
223,2276,0
225,1910,0
225,2021,0
225,2243,0
226,454,0
226,861,0
226,1144,0
227,11,1
29,227,0
227,452,1
227,457,1
227,823,1
227,1066,1
227,1067,0
227,1182,1
227,1352,1
227,1925,1
1999,227,0
2115,227,0
2239,227,0
227,2435,1
228,868,0
229,1311,1
229,1800,0
229,2454,0
230,990,0
230,2283,0
231,2372,0
232,407,0
232,1015,0
232,2081,0
232,2189,0
233,1633,0
234,673,0
234,2189,0
235,1214,0
235,1251,0
238,2296,0
239,239,1
239,405,0
1568,240,0
240,1845,0
17,241,0
241,29,1
241,74,1
79,241,0
81,241,0
127,241,0
241,235,1
277,241,0
241,328,1
399,241,0
241,422,1
241,439,1
455,241,0
508,241,0
241,546,1
625,241,0
241,638,1
785,241,0
241,822,1
833,241,0
241,993,1
241,1066,1
241,1068,1
241,1147,1
1148,241,0
241,1196,1
241,1216,1
1250,241,0
241,1635,1
1684,241,0
241,1695,1
241,1801,1
241,1913,1
241,1921,1
241,1947,1
241,1978,1
1990,241,0
241,2080,1
2209,241,0
241,2256,1
2380,241,0
244,963,0
244,2270,0
245,429,0
245,618,0
247,684,0
247,1073,0
247,1142,1
247,1574,0
247,1959,1
2144,247,0
248,860,0
248,1394,0
248,1777,0
249,813,0
249,843,0
249,2440,0
250,238,1
250,577,0
250,619,1
250,748,0
758,250,0
250,1142,1
1955,250,0
251,423,0
251,618,0
252,304,1
252,939,1
252,1182,1
252,1412,0
252,1567,0
252,2117,0
519,253,0
253,939,1
253,1017,0
1691,253,0
254,1972,1
254,2144,0
255,1050,0
255,1448,0
256,514,0
256,1159,1
256,1270,0
256,1417,0
256,2153,0
258,339,0
258,1107,0
261,1772,1
262,593,0
262,1267,0
263,398,0
263,1327,1
216,264,0
264,530,0
1138,264,0
47,266,0
266,573,0
266,1215,1
1389,266,0
266,1586,0
266,2284,1
267,1075,0
267,1414,0
267,2024,0
269,1295,0
269,1421,0
270,484,0
270,625,0
270,1393,0
270,2448,0
63,271,0
271,326,1
271,470,1
638,271,0
271,833,1
271,1097,0
1215,271,0
271,1230,1
271,1298,1
271,1820,1
271,1927,0
2035,271,0
271,2183,1
272,710,0
272,1518,0
272,1723,0
272,1766,0
273,997,1
273,1306,0
273,1795,1
2342,273,0
274,753,1
754,274,0
274,2361,0
116,275,0
200,275,0
430,275,0
275,855,1
275,864,1
275,947,1
275,1205,1
275,1257,0
275,1316,1
275,1375,0
275,1388,0
275,1620,1
275,1789,1
275,1921,1
276,1130,0
277,699,0
277,1014,0
277,1887,0
278,1884,0
278,2074,1
279,584,0
279,1427,0
250,280,0
280,1144,0
280,1834,0
280,2331,0
281,2340,0
281,2409,0
283,2394,0
284,22,1
284,222,1
284,289,1
365,284,0
423,284,0
284,452,0
284,497,1
284,670,1
743,284,0
284,854,0
284,1082,1
284,1271,1
1399,284,0
284,1570,1
284,1689,1
284,1768,0
284,2015,1
284,2017,1
2064,284,0
284,2079,1
284,2117,1
284,2392,1
2434,284,0
285,1698,0
285,2358,0
286,1429,0
286,2356,0
286,2411,0
287,1350,0
287,1613,0
287,1918,0
288,21,1
288,275,1
288,347,1
288,595,1
288,597,1
604,288,0
288,635,1
288,648,1
288,939,1
288,979,1
288,1009,1
288,1048,1
288,1073,1
1074,288,0
1077,288,0
288,1215,1
288,1419,1
1641,288,0
288,1794,1
288,1902,1
288,1903,1
1904,288,0
288,1906,1
1908,288,0
1909,288,0
1921,288,0
288,1975,1
288,2170,1
288,2171,1
2176,288,0
288,2178,1
288,2185,1
2248,288,0
288,2252,1
288,2298,0
2336,288,0
2337,288,0
289,1039,0
289,1245,0
289,2370,0
290,1533,0
291,1763,0
291,2205,1
291,2346,1
292,1191,0
293,682,0
293,768,0
294,303,0
294,1754,0
296,2163,0
297,369,0
297,774,0
297,884,0
297,1432,0
216,298,0
298,1076,0
298,1435,1
1691,298,0
298,2321,1
299,444,0
299,574,0
299,602,0
299,1822,0
300,1526,0
301,1837,0
301,1928,0
302,1232,0
304,1670,0
305,521,0
306,1188,0
308,700,1
308,1824,1
309,330,0
309,1375,0
309,1780,0
340,310,0
310,617,1
1345,310,0
1349,310,0
310,1572,0
310,2281,0
2386,310,0
311,1151,0
311,2393,0
312,1161,0
312,2317,0
313,1982,0
314,1912,0
315,1388,0
315,1754,0
316,417,0
316,1414,0
316,2274,0
318,418,0
319,1394,0
320,1109,0
320,1515,0
320,2162,0
321,1091,0
321,1427,1
1993,321,0
321,2330,0
2444,321,0
322,1231,0
323,1978,0
324,845,0
1182,324,0
1992,324,0
326,814,0
327,1550,0
328,1888,0
330,917,0
330,939,1
330,1528,1
330,1742,1
331,1243,0
332,437,0
332,2274,0
333,1820,0
333,1836,0
333,2396,0
334,1147,0
334,1256,0
334,2098,0
334,2322,0
335,1288,0
335,2370,0
336,2195,0
336,2294,0
337,400,0
338,1302,0
340,21,1
340,197,1
260,340,0
347,340,0
340,484,1
340,505,1
561,340,0
340,563,1
340,595,1
597,340,0
604,340,0
340,654,1
340,690,1
340,730,1
340,740,1
340,814,1
340,979,1
340,996,1
1005,340,0
340,1065,1
340,1073,1
1215,340,0
1239,340,0
340,1293,1
340,1300,1
340,1358,0
340,1395,1
340,1416,1
1419,340,0
340,1575,1
340,1585,1
340,1641,1
1743,340,0
340,1768,1
340,1834,1
340,1891,1
340,1902,1
1903,340,0
340,1904,1
340,1905,1
340,1906,1
340,1921,1
340,2035,1
2074,340,0
340,2102,1
2170,340,0
340,2171,1
2176,340,0
2185,340,0
2190,340,0
340,2226,1
2248,340,0
2252,340,0
340,2258,1
2336,340,0
2419,340,0
340,2454,1
341,862,0
341,2420,0
342,1165,0
342,1722,0
343,169,1
343,449,1
1215,343,0
343,1426,0
343,2172,1
344,1417,0
344,1749,0
346,1198,0
346,1944,0
347,1036,0
348,915,0
348,1088,0
348,1268,0
349,497,0
349,1279,0
349,1605,0
349,2049,0
349,2245,0
351,1787,0
352,688,1
807,352,0
352,1776,0
353,416,0
353,1737,0
354,1939,0
354,2309,0
354,2347,0
355,356,0
355,2031,0
355,2181,0
357,361,0
535,357,0
625,357,0
357,809,1
819,357,0
357,855,1
875,357,0
357,1389,1
357,1543,0
357,1577,1
357,1589,1
357,1868,1
357,2115,0
357,2137,1
2302,357,0
357,2458,1
358,727,0
359,0,1
8,359,0
359,30,1
99,359,0
359,328,1
359,399,1
412,359,0
483,359,0
359,635,1
359,698,0
359,826,1
359,847,1
359,925,1
1017,359,0
359,1163,1
1184,359,0
359,1243,0
1311,359,0
359,1351,1
359,1435,1
359,1451,1
1517,359,0
359,1519,1
359,1548,1
359,1562,1
1705,359,0
359,1729,1
359,1868,1
359,2074,1
359,2134,1
2233,359,0
359,2360,1
360,1799,0
361,753,1
361,754,1
304,362,0
362,566,0
362,718,1
362,833,1
362,915,0
362,939,1
362,1219,1
362,1351,0
362,1998,0
362,2035,1
362,2119,1
362,2200,0
363,1091,0
363,1644,0
363,2180,0
364,1078,0
365,2271,0
307,366,0
366,601,1
1328,366,0
366,2460,0
367,1436,0
367,1649,0
368,518,0
369,938,0
369,1102,0
369,1707,0
370,678,0
370,2111,0
370,2146,0
371,890,0
371,1124,0
371,1534,0
371,2205,0
372,81,1
372,1427,1
374,1866,0
375,1049,0
376,1320,0
376,1870,0
377,29,1
377,45,1
377,213,1
377,273,1
307,377,0
377,323,1
412,377,0
377,427,1
377,429,1
690,377,0
732,377,0
780,377,0
377,870,1
377,907,1
377,959,1
1176,377,0
1196,377,0
377,1466,1
1468,377,0
377,1573,1
377,1724,1
377,1824,1
1828,377,0
377,1830,1
377,1868,1
377,1921,1
377,2274,0
377,2412,1
378,805,0
379,1668,1
381,1395,0
381,1739,1
1850,381,0
381,2045,0
2183,381,0
381,2316,1
381,2440,1
382,796,0
382,864,0
383,1131,0
383,1694,0
384,105,1
384,322,1
878,384,0
384,1404,0
384,1913,0
384,2092,0
384,2422,1
385,1517,0
385,1523,0
386,794,0
386,1567,0
386,2079,0
387,701,0
388,922,0
390,99,1
390,723,0
390,788,0
390,1621,0
390,2077,0
392,696,0
393,2412,0
394,29,1
394,50,1
122,394,0
394,134,1
394,221,1
251,394,0
394,253,1
394,299,1
394,339,1
394,341,1
394,386,1
394,408,1
412,394,0
394,452,1
459,394,0
394,462,0
563,394,0
394,573,0
394,577,1
394,599,1
394,654,1
394,656,1
394,660,1
661,394,0
394,800,1
394,857,1
394,935,1
939,394,0
394,1048,1
1058,394,0
1064,394,0
394,1072,1
1088,394,0
394,1094,1
394,1143,1
394,1200,0
394,1215,1
394,1318,1
394,1375,0
394,1405,1
394,1458,1
1488,394,0
394,1489,1
1510,394,0
394,1529,1
394,1530,1
394,1576,1
394,1612,1
394,1626,1
1756,394,0
1836,394,0
394,1879,1
394,1993,1
394,2044,1
394,2128,1
394,2176,1
394,2183,1
2203,394,0
394,2342,1
394,2462,1
395,871,0
395,2447,1
396,635,1
396,687,1
396,1192,1
396,1215,1
396,1678,1
396,1745,1
396,1829,1
396,1913,1
396,2193,1
2287,396,0
397,1278,0
397,1887,0
397,2014,0
397,2076,0
398,1862,0
398,1880,0
398,2201,0
398,2227,0
398,2296,0
399,29,1
399,55,1
79,399,0
92,399,0
399,99,1
171,399,0
399,174,1
399,188,1
399,268,1
399,293,1
307,399,0
339,399,0
399,346,1
399,386,1
399,391,1
399,399,1
399,406,1
399,426,1
399,448,1
399,496,1
399,520,1
399,554,1
399,563,1
399,654,1
681,399,0
692,399,0
399,696,1
399,792,1
399,800,1
399,843,1
399,844,1
399,903,1
918,399,0
399,981,1
399,1043,1
399,1055,1
399,1101,1
1143,399,0
399,1148,0
1169,399,0
399,1193,1
399,1265,1
399,1318,1
399,1382,1
399,1433,1
399,1466,1
399,1489,1
399,1493,1
399,1510,1
399,1519,1
1530,399,0
399,1557,1
399,1577,1
399,1591,1
1602,399,0
1641,399,0
1661,399,0
1664,399,0
399,1691,1
399,1706,1
1712,399,0
399,1788,0
399,1834,1
399,1856,0
399,1879,1
1901,399,0
399,1921,1
399,1965,1
399,1984,1
399,2011,1
2083,399,0
2203,399,0
399,2329,1
399,2379,1
399,2400,1
399,2401,0
400,1903,0
1215,403,0
403,1344,0
403,2193,0
404,994,0
404,1324,0
3,405,0
13,405,0
405,58,1
405,80,1
253,405,0
405,468,1
405,489,1
528,405,0
405,660,1
706,405,0
405,707,1
405,782,1
799,405,0
405,877,1
405,891,1
924,405,0
992,405,0
1094,405,0
405,1107,1
405,1157,1
405,1160,1
405,1215,1
405,1220,1
405,1311,1
405,1316,1
405,1368,1
405,1385,1
405,1404,1
405,1431,1
1432,405,0
1571,405,0
405,1598,1
405,1624,1
1890,405,0
405,1965,1
405,2026,1
2059,405,0
405,2242,1
405,2309,1
406,535,1
406,619,1
406,1490,1
406,2030,1
2053,406,0
407,1440,0
407,1994,1
407,2134,0
409,29,1
80,409,0
127,409,0
409,413,1
409,517,1
409,548,1
409,619,1
409,889,1
1925,409,0
2279,409,0
409,2453,1
213,410,0
342,410,0
410,625,1
878,410,0
410,1205,1
410,1565,0
410,1567,1
1664,410,0
1847,410,0
1941,410,0
410,2004,0
2057,410,0
411,450,0
412,687,0
412,787,0
412,971,0
700,413,0
413,1824,1
413,1928,0
414,1215,1
414,1889,0
415,56,1
415,258,1
269,415,0
383,415,0
415,408,1
415,811,1
415,935,1
998,415,0
1023,415,0
1040,415,0
415,1072,1
415,1215,1
415,1230,1
415,1244,1
415,1247,1
415,1248,1
415,1267,1
1307,415,0
415,1361,1
1370,415,0
1381,415,0
1388,415,0
1488,415,0
415,1529,0
415,1654,1
415,1793,1
1837,415,0
1845,415,0
415,2377,1
415,2436,1
416,116,1
416,213,1
214,416,0
242,416,0
416,274,1
361,416,0
416,584,1
673,416,0
674,416,0
416,707,1
783,416,0
878,416,0
416,1147,1
416,1176,1
416,1182,1
1205,416,0
416,1258,1
416,1567,1
416,1593,1
416,1695,1
416,2057,1
416,2117,0
2385,416,0
417,99,1
417,1335,0
417,1436,1
417,1797,1
417,1926,1
417,2440,0
418,1056,0
420,539,0
635,420,0
421,432,0
421,786,1
421,1013,0
421,1095,0
421,1129,0
421,2125,0
422,549,0
423,1146,0
423,1632,0
423,2027,0
425,1006,1
425,2070,0
426,1750,0
427,616,0
427,1183,0
428,940,0
428,1546,0
429,570,0
635,429,0
429,718,0
429,1646,0
429,1679,0
429,1832,0
430,10,1
430,26,1
430,48,1
91,430,0
430,105,1
430,131,1
430,208,1
430,245,1
430,253,1
301,430,0
430,311,1
430,316,1
430,326,1
431,430,0
430,475,1
430,511,1
430,512,1
538,430,0
430,563,1
430,635,1
653,430,0
430,690,1
430,702,1
864,430,0
430,874,1
430,939,1
430,948,1
430,984,1
1051,430,0
1058,430,0
430,1075,1
430,1094,1
1099,430,0
1104,430,0
1182,430,0
1190,430,0
430,1215,1
430,1225,1
1236,430,0
430,1257,1
430,1280,1
1294,430,0
430,1311,1
430,1333,1
430,1351,1
1357,430,0
430,1374,1
1391,430,0
430,1412,1
1449,430,0
430,1450,1
1538,430,0
430,1622,1
1690,430,0
430,1716,1
1741,430,0
1767,430,0
1781,430,0
1785,430,0
1834,430,0
1865,430,0
430,1921,1
430,1924,1
430,1944,1
1994,430,0
2006,430,0
430,2011,1
2024,430,0
430,2027,1
2042,430,0
430,2066,1
430,2113,1
430,2130,1
430,2165,1
2194,430,0
430,2218,1
430,2219,1
430,2262,1
2283,430,0
430,2294,1
430,2345,1
430,2383,1
430,2472,1
431,1588,0
431,1799,0
431,2215,0
432,1744,0
520,433,0
573,433,0
433,1215,1
2178,433,0
434,564,0
434,1606,0
434,2369,0
435,473,0
435,1314,0
436,1954,0
437,1601,0
437,1849,0
437,1903,0
437,2392,0
437,2414,0
439,1120,0
412,442,0
442,620,0
442,951,0
442,1311,1
442,1346,0
442,1847,1
442,2234,0
442,2375,1
81,443,0
443,1427,1
443,1937,0
443,2269,0
444,99,1
444,566,0
444,1069,0
445,579,0
445,1040,0
445,1375,0
447,1027,0
448,562,0
448,1599,0
449,27,1
177,449,0
449,312,1
331,449,0
348,449,0
449,402,1
449,449,1
449,803,1
449,898,1
1044,449,0
449,1048,1
449,1211,1
449,1560,1
1663,449,0
449,1687,1
449,1723,1
449,1851,1
449,2128,1
449,2172,1
2187,449,0
449,2306,1
449,2422,1
449,2424,1
449,2466,1
450,1134,0
450,2419,0
451,695,0
452,461,0
452,2243,0
453,79,1
99,453,0
453,412,1
453,742,1
453,1106,1
1537,453,0
453,1709,0
453,1880,1
453,2406,0
454,586,0
454,674,0
455,1190,0
455,2453,0
326,456,0
456,412,1
635,456,0
456,1055,0
456,1126,1
1227,456,0
1591,456,0
457,818,0
458,1904,0
459,2380,0
460,863,0
460,1607,0
460,1971,1
461,482,0
461,1668,0
1241,462,0
462,1360,0
462,1533,0
29,463,0
463,213,1
463,273,1
463,307,1
323,463,0
463,412,1
463,427,1
463,429,1
529,463,0
635,463,0
463,690,1
463,700,1
732,463,0
463,870,1
907,463,0
463,939,1
463,959,1
463,989,1
1176,463,0
463,1466,1
1468,463,0
463,1573,1
1724,463,0
463,1824,1
463,1828,1
463,1830,1
463,1847,1
1921,463,0
463,1998,0
2198,463,0
2385,463,0
463,2412,1
603,465,0
466,665,0
466,1163,0
466,2094,0
467,1638,0
467,1848,0
30,468,0
468,718,1
468,830,1
468,1215,1
468,1324,1
468,1691,1
469,648,0
469,1246,0
469,1915,0
470,762,0
470,1485,0
470,2208,0
471,675,0
471,1315,0
472,740,0
472,1038,0
472,1830,0
472,2026,0
473,634,0
473,1200,1
473,1542,0
473,1772,0
475,1600,0
47,476,0
476,120,1
476,314,1
476,531,0
1215,476,0
477,218,1
477,1387,0
477,1985,1
477,2238,1
478,684,0
478,1585,0
478,2115,0
478,2454,0
479,1883,0
479,2244,0
479,2334,0
480,647,0
480,2005,0
481,540,0
483,1117,0
484,2222,0
485,677,0
485,2386,0
29,486,0
81,486,0
412,486,0
486,1606,0
486,1624,0
1626,486,0
487,1345,0
487,2435,0
488,1074,0
489,1240,0
490,1354,0
490,2333,0
491,731,0
491,969,0
943,492,0
492,1092,0
492,1539,0
492,2364,0
493,2409,0
493,2439,0
494,1734,0
495,2155,0
495,2280,0
498,632,0
498,2059,0
499,1162,0
499,1660,0
499,1703,0
499,1925,1
500,1726,0
500,2210,0
17,501,0
501,81,1
501,328,1
501,413,1
501,439,1
501,455,1
501,508,1
585,501,0
785,501,0
501,822,1
959,501,0
1066,501,0
1147,501,0
1148,501,0
501,1196,1
501,1216,1
501,1520,0
1630,501,0
501,1684,1
1695,501,0
1801,501,0
501,1824,1
1913,501,0
501,1925,1
1947,501,0
501,2080,1
2209,501,0
501,2380,1
502,2184,0
504,304,1
504,1018,0
504,1137,1
504,1311,1
504,1706,0
504,1822,0
504,1921,1
504,2045,0
504,2307,0
504,2347,0
505,946,0
505,1382,0
506,619,1
506,1543,1
506,1741,0
507,520,0
508,1406,0
508,1877,0
508,2306,0
510,2179,0
512,964,0
512,994,0
512,2088,0
513,1194,0
513,1834,1
513,2179,0
514,1610,0
514,1992,0
515,610,0
515,704,0
515,1056,0
516,1325,0
1425,516,0
516,2144,1
517,817,0
518,1594,0
519,862,1
519,930,0
519,1311,1
520,813,0
520,979,0
520,2405,0
520,2475,1
521,598,0
521,690,0
524,447,1
524,632,0
524,1673,1
524,1799,1
2446,524,0
524,2471,1
525,1800,0
526,1179,0
527,1268,0
527,1952,0
527,2265,0
528,1049,0
528,2153,1
530,1210,1
530,1600,1
530,1793,1
531,1326,0
531,1688,0
532,2159,0
534,642,0
534,655,0
534,1384,1
534,1555,0
534,1607,0
535,1394,0
536,399,1
536,1716,0
536,1879,0
536,2203,0
537,1518,0
537,2391,0
538,1874,0
304,539,0
539,430,1
539,617,0
540,628,1
540,2285,0
540,2421,0
541,1165,0
543,258,1
543,346,1
543,386,1
543,445,1
520,543,0
523,543,0
543,636,1
543,773,0
786,543,0
543,814,1
543,891,1
910,543,0
543,1094,0
1160,543,0
543,1236,1
543,1277,1
1487,543,0
1630,543,0
543,1663,1
543,1691,1
543,1717,1
1762,543,0
543,1968,1
543,2026,1
2072,543,0
543,2095,1
2111,543,0
543,2253,1
544,959,1
544,1755,0
544,2258,0
545,1497,1
1544,545,0
545,1933,1
546,1313,0
546,1628,0
546,1798,0
546,1839,0
547,2148,0
548,1369,0
548,1669,0
548,2085,0
549,939,1
549,1058,1
549,1114,0
549,1556,1
2400,549,0
550,187,1
550,405,1
550,619,1
550,1316,1
550,1955,1
87,551,0
551,874,0
1215,551,0
551,1257,0
551,1561,0
551,2161,1
553,1120,0
554,760,0
554,832,0
555,1554,0
556,635,1
556,852,0
556,1215,1
1921,556,0
238,557,0
557,275,1
557,552,1
557,954,0
558,901,0
558,1124,1
559,722,0
559,1003,0
559,2113,0
559,2185,0
560,1742,0
560,2076,0
561,1093,0
562,738,1
562,1456,0
562,2426,1
563,1189,0
563,1935,0
564,70,1
564,233,1
445,564,0
849,564,0
564,978,1
564,983,1
564,1015,0
1026,564,0
1736,564,0
564,2050,0
565,63,1
565,68,1
124,565,0
307,565,0
565,319,1
320,565,0
565,598,1
775,565,0
565,823,0
902,565,0
939,565,0
565,1094,1
565,1160,1
565,1281,1
565,1311,1
565,1425,1
1427,565,0
565,1516,1
1532,565,0
1566,565,0
565,1720,1
565,1784,1
565,1841,1
565,1966,1
565,2058,1
565,2164,1
565,2259,1
566,598,0
566,671,0
566,1407,0
145,568,0
577,568,0
568,654,1
568,1000,0
568,1094,1
568,1111,1
568,1196,1
568,1243,1
1263,568,0
568,1293,1
568,1431,0
568,2404,1
569,6,1
569,141,1
569,143,1
569,225,1
294,569,0
569,419,1
555,569,0
569,569,1
596,569,0
569,649,1
569,652,1
569,677,1
724,569,0
752,569,0
569,789,1
569,804,1
569,953,1
569,969,1
569,1012,1
569,1188,1
1502,569,0
1512,569,0
1563,569,0
1620,569,0
1855,569,0
569,2050,0
569,2109,1
569,2159,1
569,2197,1
569,2333,1
570,144,1
628,570,0
570,1389,0
570,1764,1
570,2010,1
571,628,0
572,153,1
1933,572,0
574,1842,0
574,1922,0
574,1949,0
575,966,0
575,1372,0
575,2109,0
575,2431,0
576,429,1
576,720,0
576,1107,0
576,1545,0
577,1120,0
102,579,0
408,579,0
579,427,1
579,432,1
624,579,0
579,635,1
690,579,0
737,579,0
579,864,1
579,891,1
579,900,1
935,579,0
579,939,1
579,1094,1
579,1307,1
579,1322,1
579,1351,1
579,1383,1
579,1415,1
579,1416,1
579,1441,1
579,1466,1
579,1488,1
579,1724,1
579,1783,1
1847,579,0
579,1921,1
579,1968,0
2015,579,0
2035,579,0
579,2053,1
579,2293,1
579,2416,0
579,2426,1
579,2462,1
580,1080,1
580,1821,0
582,1329,0
583,1140,0
583,2077,0
99,584,0
142,584,0
584,242,1
584,274,1
451,584,0
605,584,0
584,625,1
584,697,1
584,707,1
584,857,1
584,895,1
584,1048,1
584,1079,0
584,1147,1
584,1253,1
1348,584,0
584,1490,1
584,1506,1
1543,584,0
1664,584,0
1733,584,0
584,1838,1
584,1914,0
2014,584,0
584,2041,1
2144,584,0
2410,584,0
586,29,1
586,646,1
732,586,0
780,586,0
586,959,1
586,1196,1
586,1364,0
1468,586,0
586,1525,0
1824,586,0
1828,586,0
586,1830,1
1847,586,0
586,1987,0
586,2385,1
587,1871,0
839,588,0
588,1215,1
589,2368,0
590,1180,1
2064,590,0
591,965,0
591,1541,0
591,2457,0
592,939,1
593,1517,0
598,980,0
598,1676,0
598,2258,0
599,1949,0
600,905,0
600,2082,0
600,2151,0
601,976,0
602,1455,0
603,995,0
605,722,0
605,1116,0
605,1289,0
234,606,0
606,849,0
1361,606,0
607,47,1
607,918,0
607,1978,0
610,150,1
273,610,0
610,405,1
610,777,1
610,800,1
610,1259,1
1386,610,0
2086,610,0
610,2362,1
611,1978,0
612,456,1
612,1096,0
613,530,1
1568,613,0
1987,615,0
615,2265,0
615,2458,0
616,739,1
616,924,1
616,1114,0
616,1632,0
616,1637,1
616,1894,1
618,1718,0
618,1910,0
619,3,1
8,619,0
619,10,1
619,17,1
619,29,1
619,32,1
619,51,1
69,619,0
619,71,1
619,74,1
619,79,1
619,81,1
619,95,1
619,127,1
619,213,1
619,214,1
619,241,1
251,619,0
619,258,1
259,619,0
619,277,1
285,619,0
301,619,0
619,307,1
619,309,1
619,326,1
619,328,1
339,619,0
361,619,0
619,369,1
619,391,1
619,399,1
619,405,1
413,619,0
451,619,0
619,452,1
619,466,1
619,467,1
619,468,1
619,482,1
619,505,1
508,619,0
619,515,1
517,619,0
547,619,0
619,583,1
619,584,1
619,585,1
619,589,1
619,603,1
619,625,1
619,635,1
646,619,0
619,672,1
619,676,1
619,700,1
706,619,0
619,719,1
619,727,1
619,742,1
619,762,1
619,781,1
619,785,1
619,793,1
619,808,1
619,809,1
813,619,0
619,822,1
823,619,0
619,828,1
833,619,0
619,843,1
619,848,1
853,619,0
858,619,0
619,859,1
619,877,1
619,883,1
619,886,0
888,619,0
619,889,1
619,891,1
619,907,1
619,916,1
936,619,0
619,951,1
959,619,0
619,969,1
619,981,1
619,993,1
619,1042,1
619,1064,1
619,1068,1
1097,619,0
1126,619,0
619,1148,1
619,1161,1
619,1176,1
1196,619,0
619,1206,1
619,1215,1
1217,619,0
619,1221,1
1228,619,0
1234,619,0
619,1250,1
619,1259,1
1270,619,0
619,1278,1
619,1287,1
619,1325,1
619,1327,1
1394,619,0
1404,619,0
1424,619,0
1426,619,0
619,1428,1
619,1433,1
1434,619,0
1448,619,0
619,1466,1
619,1501,1
619,1504,1
619,1507,1
619,1537,1
619,1579,1
619,1583,1
619,1585,1
1593,619,0
1635,619,0
619,1647,1
1658,619,0
619,1661,1
1684,619,0
1705,619,0
619,1708,1
619,1712,1
1717,619,0
619,1724,1
619,1748,1
1762,619,0
619,1778,1
619,1801,1
1824,619,0
619,1827,1
619,1834,1
1838,619,0
619,1839,1
619,1846,1
1847,619,0
619,1856,1
619,1899,1
1921,619,0
619,1923,0
619,1925,1
619,1926,1
1932,619,0
619,1935,1
1957,619,0
619,1990,1
1997,619,0
619,2012,1
619,2023,1
619,2044,1
2072,619,0
619,2092,1
2107,619,0
619,2108,1
619,2110,1
619,2119,1
619,2125,1
2131,619,0
619,2133,1
619,2145,1
2167,619,0
619,2173,1
619,2204,1
2209,619,0
619,2223,1
619,2238,1
2241,619,0
619,2263,1
2276,619,0
619,2279,1
2296,619,0
619,2299,1
2323,619,0
619,2341,1
619,2352,1
619,2363,1
619,2380,1
619,2382,1
619,2385,1
619,2388,1
619,2390,1
619,2391,1
619,2427,1
619,2453,1
619,2458,1
2464,619,0
2465,619,0
619,2469,1
621,1634,0
29,622,0
622,529,1
622,646,1
622,700,1
732,622,0
959,622,0
622,1196,1
1573,622,0
622,1683,0
1828,622,0
622,1847,1
2385,622,0
622,2412,1
857,623,0
623,1727,1
624,1019,0
624,1127,0
625,891,0
625,1221,0
625,1324,0
625,1630,0
626,503,1
626,1194,0
628,93,1
628,408,1
628,593,1
628,634,1
628,636,1
637,628,0
628,778,1
935,628,0
628,1061,0
628,1072,1
628,1210,1
628,1276,0
628,1752,0
628,1793,1
628,2086,1
2342,628,0
629,646,0
629,701,0
629,749,0
629,1320,0
630,307,1
630,829,1
631,55,1
1104,631,0
631,1273,1
1389,631,0
631,1574,0
631,1756,1
631,1921,1
631,1972,1
632,648,0
632,1191,0
632,1353,0
632,2062,0
632,2296,0
633,809,0
634,1218,0
634,1538,0
635,1853,0
635,2014,0
635,2336,0
636,924,0
636,1017,0
636,1822,0
637,869,0
637,1572,0
637,1574,0
638,2030,0
385,639,0
1236,639,0
639,2201,0
640,816,0
635,641,0
641,939,1
641,1353,0
641,1389,1
641,1802,1
641,2282,0
642,112,1
642,241,1
568,642,0
1585,642,0
643,110,1
1792,643,0
644,1262,0
645,917,0
645,2092,0
645,2267,0
647,1448,0
647,1881,0
647,2295,0
647,2349,0
648,1718,0
6,649,0
649,80,1
649,141,1
225,649,0
649,294,1
649,485,1
649,555,1
649,596,1
649,649,1
649,652,1
677,649,0
649,724,1
649,752,1
649,789,1
649,804,1
649,877,1
908,649,0
649,912,1
920,649,0
947,649,0
649,953,1
649,1136,1
649,1155,1
1188,649,0
649,1366,1
649,1502,1
649,1512,1
1518,649,0
649,1620,1
649,1637,0
1685,649,0
1855,649,0
649,1878,0
649,1921,1
649,2109,1
2140,649,0
2159,649,0
2197,649,0
649,2368,1
649,2414,0
650,1169,0
650,1375,0
651,1670,0
651,2110,0
2269,651,0
653,348,1
653,424,1
653,1038,0
653,1215,1
653,1427,1
653,1575,1
1826,653,0
653,1915,1
653,2202,0
654,1896,0
659,62,1
659,197,1
484,659,0
659,488,1
625,659,0
659,996,1
659,1045,0
659,1109,1
1205,659,0
659,1304,1
659,1391,1
1402,659,0
1404,659,0
659,1405,1
659,1490,1
659,1547,1
659,1721,1
659,1858,1
659,1870,1
1874,659,0
659,2102,1
659,2398,0
659,2425,1
328,660,0
660,922,0
660,1067,1
660,2207,1
661,1180,0
661,1676,0
662,521,1
662,1933,0
662,2198,0
213,663,0
663,304,1
663,654,1
663,1040,0
663,1139,1
1311,663,0
1379,663,0
663,1510,1
663,1521,0
663,1688,1
1847,663,0
1921,663,0
2288,663,0
665,822,0
665,982,0
665,1076,0
666,2062,0
667,226,1
667,257,1
667,269,1
667,334,1
667,997,1
667,1005,1
667,1170,1
1202,667,0
667,1335,1
1675,667,0
2008,667,0
667,2056,1
667,2100,1
667,2331,1
2350,667,0
668,144,1
628,668,0
668,838,0
668,997,1
2010,668,0
669,10,1
669,302,1
669,624,1
634,669,0
741,669,0
669,885,1
669,886,1
1039,669,0
669,1207,1
1303,669,0
669,1320,0
669,1321,1
669,1365,0
1470,669,0
669,1610,1
1754,669,0
669,1790,1
669,1809,1
669,1836,1
669,1864,0
1997,669,0
2012,669,0
2365,669,0
670,990,0
29,671,0
671,188,1
671,700,1
732,671,0
959,671,0
1196,671,0
671,1221,1
671,1348,1
671,1468,1
671,1592,0
671,1664,1
671,1695,0
1824,671,0
1847,671,0
671,2385,1
673,1556,0
674,2333,0
677,1096,0
384,678,0
678,941,0
680,2388,0
681,311,1
512,681,0
681,653,1
1994,681,0
681,2472,1
682,1749,0
682,1877,1
683,1105,0
683,1845,0
684,1322,0
684,1877,0
684,2010,0
685,827,0
685,2059,0
686,1287,0
686,1383,0
686,2170,0
686,2283,0
687,839,0
687,1050,0
324,688,0
688,1196,1
688,1741,0
1868,688,0
688,1870,0
688,2196,1
688,2242,1
689,67,1
689,307,1
563,689,0
594,689,0
689,728,0
819,689,0
689,847,0
870,689,0
689,897,1
689,908,1
1456,689,0
689,1537,1
1930,689,0
1999,689,0
689,2198,0
691,1469,0
694,2311,0
695,1015,0
695,1479,0
696,944,0
697,1824,0
698,762,0
698,1336,0
698,1960,0
699,1699,0
699,2440,0
699,2442,0
701,2232,0
702,1528,0
703,780,0
703,1380,0
704,1224,0
705,943,0
705,1100,0
706,1505,0
4,710,0
47,710,0
710,304,1
710,546,1
710,619,1
687,710,0
710,689,1
710,743,1
710,765,1
905,710,0
710,939,1
989,710,0
1159,710,0
710,1176,1
710,1191,0
1239,710,0
710,1311,1
1336,710,0
710,2025,1
710,2404,1
710,2406,1
710,2421,0
712,714,0
712,758,1
974,712,0
712,1059,1
712,1538,0
712,2303,0
714,1591,0
714,1772,0
714,2262,0
715,213,1
1085,715,0
716,1365,0
716,2139,0
716,2316,0
718,140,1
718,201,1
508,718,0
718,619,1
718,718,1
718,769,1
718,833,1
718,939,1
718,1221,1
718,1425,1
718,1455,1
1913,718,0
2216,718,0
720,770,0
720,1094,0
721,1840,0
721,2264,0
722,512,1
722,1215,1
723,654,1
723,920,1
723,939,1
1280,723,0
1314,723,0
723,2145,1
724,825,0
724,1072,0
724,1387,0
724,1842,0
725,26,1
43,725,0
241,725,0
725,246,1
725,430,1
725,939,1
725,1274,1
725,1316,1
725,1926,1
725,2100,0
726,700,1
726,1528,0
726,1824,1
726,1908,0
727,854,0
727,1109,0
727,1214,0
728,1309,0
728,2074,0
729,935,0
730,1063,0
730,1327,1
731,2183,0
732,2057,0
734,401,1
734,1182,0
734,1222,1
734,1587,0
735,1416,0
737,803,0
737,1259,0
738,1646,0
739,1359,0
740,1155,0
740,2129,0
742,2125,0
743,3,1
743,29,1
743,49,1
743,50,1
52,743,0
126,743,0
180,743,0
743,251,1
743,265,1
318,743,0
328,743,0
743,340,1
743,360,1
743,386,1
412,743,0
743,413,1
743,451,1
502,743,0
743,571,1
743,608,1
635,743,0
743,657,1
743,658,1
743,660,1
743,687,1
743,690,1
743,705,1
743,728,1
833,743,0
743,864,1
743,872,1
959,743,0
743,1009,1
743,1064,1
743,1164,1
743,1168,1
743,1173,1
743,1196,1
1215,743,0
743,1219,1
1224,743,0
743,1234,1
743,1242,1
1251,743,0
743,1262,1
743,1282,1
743,1292,1
743,1302,1
743,1311,1
743,1351,1
1466,743,0
1513,743,0
743,1545,1
1639,743,0
743,1654,1
1669,743,0
1690,743,0
743,1705,1
1724,743,0
1839,743,0
1840,743,0
1881,743,0
743,1885,1
1897,743,0
743,1898,1
1913,743,0
743,1921,1
1925,743,0
743,1939,0
743,1965,1
743,2055,1
743,2058,1
2063,743,0
2124,743,0
743,2125,1
2140,743,0
743,2144,1
743,2145,1
743,2179,1
743,2192,1
2222,743,0
743,2244,1
2270,743,0
743,2291,1
2317,743,0
743,2319,1
2376,743,0
743,2394,1
743,2401,1
743,2409,1
743,2427,1
2456,743,0
743,2469,1
744,1475,0
745,2181,0
746,1799,1
747,892,0
747,999,0
747,1603,0
747,2288,0
748,624,1
748,2420,0
749,144,1
628,749,0
749,997,1
749,1033,0
749,1764,1
749,2010,1
750,826,0
750,1600,0
750,1711,0
750,2332,0
751,1326,0
751,2205,0
751,2309,0
752,1610,0
752,2328,0
752,2404,0
753,895,0
753,1356,0
753,1545,0
753,2002,0
755,635,1
755,654,1
755,821,0
755,939,1
756,1968,0
757,990,0
933,758,0
758,1299,0
758,1368,0
758,2292,0
759,835,0
759,969,0
759,1784,0
759,1801,0
760,138,1
760,231,1
760,1002,0
1160,760,0
760,1783,0
761,1694,0
762,1125,0
762,1703,0
762,2286,0
764,635,1
764,833,1
1192,764,0
764,1583,0
764,1745,1
1829,764,0
764,2193,1
765,102,1
307,765,0
328,765,0
765,346,1
765,427,1
432,765,0
765,487,1
507,765,0
531,765,0
603,765,0
624,765,0
628,765,0
765,634,1
660,765,0
765,700,1
732,765,0
737,765,0
747,765,0
864,765,0
765,900,1
935,765,0
765,939,1
959,765,0
765,963,1
765,1080,0
1094,765,0
765,1212,0
1307,765,0
765,1322,1
765,1351,1
765,1383,1
765,1415,1
765,1416,1
765,1441,1
765,1601,1
1712,765,0
1724,765,0
765,1836,1
1839,765,0
765,1868,1
1921,765,0
1952,765,0
1955,765,0
765,1965,1
765,2035,1
2053,765,0
765,2284,0
2293,765,0
765,2426,1
765,2462,1
767,346,1
767,459,1
767,520,1
767,563,1
767,577,1
767,690,1
767,800,1
767,844,1
925,767,0
767,1466,1
767,1641,1
767,1724,1
1965,767,0
2046,767,0
768,1014,0
1292,768,0
770,1,1
770,3,1
37,770,0
770,47,1
770,161,1
770,285,1
770,295,1
770,374,1
770,386,1
770,487,1
770,672,1
885,770,0
770,952,0
770,1116,1
770,1130,1
770,1133,1
1134,770,0
770,1207,1
770,1321,1
1341,770,0
770,1416,0
770,1442,1
770,1605,1
770,1642,1
770,1712,1
1822,770,0
770,1847,1
1888,770,0
1900,770,0
770,1977,1
770,2021,1
2044,770,0
770,2074,1
770,2097,1
770,2121,1
2176,770,0
770,2272,1
2290,770,0
770,2354,1
770,2416,1
770,2417,1
771,1551,0
772,824,0
772,2085,0
774,1711,0
774,1730,0
774,1955,0
774,2049,0
63,775,0
775,68,1
775,74,1
775,81,1
775,239,1
775,290,1
775,299,1
340,775,0
775,355,1
775,412,1
775,430,1
480,775,0
625,775,0
775,635,1
775,829,1
775,852,0
775,870,1
775,903,1
775,939,1
775,1014,1
1094,775,0
1208,775,0
775,1278,1
1369,775,0
1555,775,0
775,1585,1
775,1603,1
775,1705,1
775,1775,1
775,1868,1
2149,775,0
775,2214,1
775,2452,1
2455,775,0
776,1770,1
776,1847,1
776,2156,1
777,1049,0
777,1629,1
1795,777,0
777,1874,1
777,2035,1
777,2113,0
777,2298,0
778,858,0
778,1549,0
779,909,0
779,1296,0
779,1402,0
779,1621,0
779,2269,0
780,1192,0
781,2263,0
782,1081,0
783,1491,0
783,2300,0
784,829,0
784,939,1
784,1451,0
784,1580,0
784,1808,0
786,1604,0
787,102,1
756,787,0
788,306,1
788,788,1
788,1156,0
788,1244,1
788,1415,1
1601,788,0
788,2309,1
789,1462,0
789,1841,0
789,2333,0
619,790,0
790,1389,0
1955,790,0
790,2031,0
792,1119,0
792,1578,0
654,794,0
794,911,1
794,1425,1
794,1744,0
795,822,0
795,900,0
795,1174,0
796,198,1
796,1137,0
798,1227,0
798,1312,0
799,985,0
799,1105,0
799,1275,0
800,1733,0
801,1378,0
801,1736,0
801,2118,0
802,1190,0
802,1360,0
802,1616,0
803,2163,0
399,805,0
1939,805,0
805,2274,0
806,1726,0
806,2212,0
807,213,1
807,688,1
807,1381,1
807,1697,0
808,1040,0
811,1488,0
811,1615,0
811,1897,0
812,1124,0
812,1712,0
812,2004,0
512,813,0
515,813,0
813,654,1
813,788,1
813,1035,1
1381,813,0
813,1718,0
813,1793,1
814,888,0
814,1835,0
654,816,0
816,911,1
1425,816,0
816,1427,1
816,1445,0
816,1466,0
817,1405,0
817,1637,0
458,818,0
818,498,1
818,1081,1
1115,818,0
818,1277,1
818,1359,0
818,1673,0
818,1686,1
818,2096,1
818,2398,1
818,2459,0
11,819,0
819,64,1
102,819,0
113,819,0
819,146,1
213,819,0
819,264,1
819,267,1
819,386,1
819,408,1
427,819,0
819,432,1
819,457,1
819,487,1
624,819,0
628,819,0
634,819,0
819,635,1
819,660,1
690,819,0
708,819,0
819,737,1
819,788,1
819,933,1
819,935,1
939,819,0
963,819,0
819,976,1
819,988,1
819,1089,1
819,1152,0
819,1196,1
819,1205,1
819,1237,1
819,1307,1
1322,819,0
819,1352,1
819,1367,1
819,1373,1
1383,819,0
1415,819,0
819,1416,1
819,1441,1
1466,819,0
819,1488,1
1528,819,0
819,1581,1
819,1601,1
819,1724,1
1748,819,0
1783,819,0
1836,819,0
819,1868,1
819,1912,1
819,1921,1
1965,819,0
819,1996,1
819,2003,1
2051,819,0
819,2053,1
819,2055,1
819,2183,1
2244,819,0
819,2291,1
819,2293,1
819,2317,1
819,2319,1
819,2320,1
819,2342,1
819,2368,1
819,2376,1
819,2384,1
819,2409,1
819,2426,1
819,2435,1
819,2462,1
2470,819,0
820,1730,0
821,337,1
821,792,1
821,843,0
821,1448,0
822,1955,1
822,2035,1
823,43,1
823,328,1
823,491,1
532,823,0
823,608,1
823,840,1
823,979,0
1032,823,0
823,1104,1
1171,823,0
1215,823,0
823,1684,1
823,1792,1
823,1827,1
823,1921,1
2098,823,0
823,2128,1
826,90,1
131,826,0
826,243,1
826,476,1
826,629,1
826,632,1
826,635,1
826,653,1
654,826,0
826,672,1
718,826,0
826,809,1
826,833,1
885,826,0
826,889,1
826,972,1
991,826,0
826,997,1
1028,826,0
826,1042,1
826,1072,1
826,1097,0
826,1126,1
826,1263,1
826,1269,1
826,1305,1
1307,826,0
826,1321,1
1330,826,0
1392,826,0
826,1397,1
826,1407,1
826,1413,1
826,1425,1
826,1450,1
1488,826,0
826,1532,1
826,1541,1
1755,826,0
1767,826,0
826,1821,1
1834,826,0
826,1864,1
826,1892,1
826,1958,1
826,1974,1
826,1989,1
826,2011,1
826,2127,0
826,2325,1
826,2326,1
2327,826,0
826,2359,1
828,1097,0
828,1831,0
831,894,0
832,1220,1
832,1933,1
832,2457,0
833,1857,0
835,211,1
835,952,1
835,1304,0
514,836,0
836,1082,0
1315,836,0
836,2054,0
837,2397,0
841,454,1
841,1985,0
841,2183,1
843,1413,0
843,1678,0
843,1774,0
844,1746,0
846,703,1
1405,846,0
846,1666,0
847,449,1
847,1324,0
847,1885,0
847,2086,0
848,1511,0
850,1465,0
850,1728,0
850,2241,0
1215,851,0
851,1825,0
851,1950,0
852,1345,0
852,1994,0
854,2240,1
855,1867,0
856,1321,1
856,1569,0
856,1880,1
856,1921,1
856,2406,1
857,960,0
858,1001,0
858,1005,0
858,1697,0
859,1911,0
861,873,0
861,999,0
861,1729,0
862,1577,0
862,1746,0
863,864,0
863,1993,0
865,857,1
1024,865,0
1371,865,0
865,1480,1
865,1483,0
865,2059,1
866,758,1
866,1475,0
866,1626,0
866,1818,0
1934,866,0
867,1693,0
868,2389,0
869,624,1
35,870,0
870,45,1
870,51,1
870,119,1
870,167,1
213,870,0
870,248,1
870,293,1
870,394,1
870,398,1
399,870,0
870,500,1
870,635,1
870,690,1
870,727,1
870,742,1
870,823,1
870,829,1
870,871,1
870,873,0
870,889,1
907,870,0
870,939,1
970,870,0
870,1030,1
870,1040,1
1049,870,0
870,1259,1
1321,870,0
1327,870,0
870,1390,1
870,1404,1
870,1433,1
870,1490,1
870,1537,1
870,1620,1
1629,870,0
1694,870,0
870,1707,1
870,1714,1
870,1769,1
870,1779,1
870,1780,1
870,1834,1
870,1847,1
870,1926,1
870,2012,1
870,2016,1
870,2240,1
870,2261,1
2385,870,0
871,1468,0
872,1349,0
64,873,0
873,654,1
873,833,1
873,1021,1
873,1992,0
873,2055,1
873,2222,1
2244,873,0
873,2291,1
2310,873,0
2317,873,0
873,2376,1
873,2384,1
873,2393,1
873,2401,1
2409,873,0
874,1087,0
874,2223,0
874,2298,0
875,1014,0
876,960,0
876,1428,0
876,2187,0
877,2129,0
878,2238,0
879,654,1
879,690,1
939,880,0
880,1427,1
880,2273,0
881,989,0
882,153,1
884,1506,0
886,1447,0
886,1585,0
887,1779,1
887,1984,1
888,1030,0
888,1831,0
889,2151,0
889,2466,0
399,890,0
890,1939,1
890,2468,0
891,1241,0
891,2278,0
892,1271,0
892,2300,0
894,1386,0
894,1484,1
895,987,0
895,2097,0
895,2219,0
481,896,0
896,1716,0
897,939,0
897,2022,0
897,2237,0
898,1456,0
900,2278,0
901,79,1
901,99,1
901,1025,0
901,1639,1
901,1762,0
901,2171,1
902,81,1
902,99,1
902,158,1
902,164,1
902,307,1
902,328,1
902,340,1
902,377,1
902,418,1
438,902,0
452,902,0
463,902,0
902,742,1
902,774,1
902,943,1
902,1049,1
902,1063,0
902,1450,1
902,1461,1
902,1476,1
902,1754,1
902,1808,1
1868,902,0
902,1922,1
902,2077,1
2280,902,0
902,2348,1
902,2474,1
905,1186,0
906,30,1
906,842,1
906,1079,0
908,809,1
1387,908,0
908,1512,0
909,916,0
909,1022,0
909,1299,0
909,2369,1
910,2447,0
912,231,1
912,635,1
912,1781,0
912,2239,0
914,573,1
2040,914,0
915,1444,0
915,2301,0
916,2409,0
916,2459,0
917,3,1
917,346,1
1205,917,0
1301,917,0
1373,917,0
917,1800,1
917,1996,1
2183,917,0
92,918,0
918,430,1
721,918,0
737,918,0
918,1182,1
918,1383,1
1389,918,0
1415,918,0
918,1441,1
918,1550,1
918,1601,1
918,2053,1
918,2309,1
918,2385,1
919,169,1
919,1987,1
921,1131,0
922,1762,0
923,2317,0
923,2357,0
924,1238,0
925,1097,0
925,2154,0
926,1682,0
928,1099,0
928,2262,0
929,2268,0
930,969,0
930,2259,0
582,931,0
931,940,0
932,21,1
932,275,1
932,347,1
932,595,1
932,597,1
635,932,0
932,648,1
932,669,1
932,979,1
932,1009,1
1048,932,0
932,1073,1
932,1077,1
1215,932,0
932,1419,1
932,1585,1
932,1641,1
932,1761,1
1794,932,0
1902,932,0
1904,932,0
932,1905,1
932,1906,1
932,1908,1
1909,932,0
932,1921,1
1975,932,0
2170,932,0
932,2171,1
2185,932,0
932,2248,1
932,2337,1
99,933,0
933,320,1
933,1514,1
933,1725,1
934,68,1
934,190,1
934,725,1
797,934,0
934,1181,1
934,1215,1
934,1323,0
934,1672,1
934,1702,1
1918,934,0
934,1969,1
934,2052,1
934,2202,1
935,2311,0
413,937,0
510,937,0
883,937,0
1063,937,0
2175,937,0
938,45,1
99,938,0
938,412,1
567,938,0
904,938,0
938,1605,1
938,1651,1
938,2299,1
2345,938,0
939,1420,0
940,1408,1
940,1448,1
941,1327,1
941,2438,0
942,983,1
942,1921,1
942,2295,0
943,63,1
87,943,0
943,307,1
690,943,0
1083,943,0
1234,943,0
943,1466,1
943,2127,0
943,2154,1
943,2266,1
943,2301,0
944,94,1
944,1490,1
944,2144,0
945,1404,1
946,1952,0
948,1203,0
948,2345,0
949,1409,0
951,126,1
258,951,0
951,413,1
430,951,0
951,512,1
581,951,0
951,700,1
951,779,1
951,823,1
951,850,1
951,872,1
920,951,0
939,951,0
1126,951,0
1176,951,0
951,1205,1
951,1253,0
951,1482,1
951,1741,1
951,1810,1
951,1811,1
951,1824,1
951,1839,1
951,1865,1
951,2058,1
2140,951,0
951,2257,1
951,2276,1
951,2347,1
951,2388,1
951,2399,1
952,1000,0
952,2022,0
953,1202,0
955,381,1
505,955,0
955,1000,0
1105,955,0
955,1176,1
1212,955,0
1270,955,0
955,1641,0
1799,955,0
2123,955,0
955,2155,1
955,2188,1
955,2316,1
955,2440,1
956,102,1
956,1755,0
957,939,1
957,1437,0
957,2136,0
958,2086,1
958,2270,0
959,1041,0
102,960,0
430,960,0
960,535,1
960,1245,1
960,1448,1
1730,960,0
960,2128,1
960,2273,0
960,2307,0
961,311,1
961,526,1
961,1473,0
11,963,0
963,457,1
963,619,1
963,860,1
963,1066,1
963,1318,0
1713,963,0
1847,963,0
963,1868,1
963,1918,0
1925,963,0
1955,963,0
2435,963,0
964,1041,0
964,1099,0
964,1702,0
965,1592,0
966,3,1
966,30,1
966,99,1
672,966,0
966,756,1
788,966,0
966,811,1
885,966,0
966,1230,1
1717,966,0
966,1825,1
967,1776,0
967,2425,1
968,571,1
968,881,1
968,1993,1
969,2287,0
971,2208,0
971,2450,0
972,1444,0
972,2130,0
546,973,0
973,759,1
973,929,1
973,1176,1
973,1420,0
973,1962,1
974,1670,1
650,975,0
779,975,0
975,1815,1
976,1755,0
976,2121,0
978,2378,0
980,216,1
980,811,1
953,980,0
980,1138,1
980,1435,1
1620,980,0
1802,980,0
980,1980,1
980,2269,1
980,2292,1
980,2321,1
981,1217,0
981,1889,0
982,2403,0
983,1562,0
983,2010,0
984,75,1
984,317,1
389,984,0
984,413,1
428,984,0
719,984,0
984,858,1
984,859,1
984,872,1
984,883,1
984,1007,1
984,1008,1
984,1044,1
984,1087,1
1217,984,0
984,1262,1
984,1309,0
984,1426,1
984,1428,1
984,1839,1
984,1840,1
1925,984,0
984,2023,1
2060,984,0
984,2131,1
984,2157,1
984,2173,1
984,2311,1
984,2363,1
2382,984,0
984,2388,1
2390,984,0
984,2396,1
984,2415,1
984,2420,1
985,2025,0
986,116,1
340,986,0
446,986,0
986,571,1
986,625,1
635,986,0
986,687,1
986,705,1
986,706,1
986,718,1
769,986,0
833,986,0
986,872,1
986,939,1
986,951,1
1064,986,0
986,1168,1
1173,986,0
986,1219,1
1242,986,0
986,1251,1
1282,986,0
1351,986,0
986,1425,1
986,1427,0
986,1468,0
986,1654,1
1885,986,0
986,1898,1
986,1921,1
2063,986,0
986,2064,1
2140,986,0
986,2312,0
2426,986,0
986,2456,1
988,1546,0
988,1595,0
989,74,1
989,292,1
299,989,0
635,989,0
989,638,1
687,989,0
989,833,1
989,870,1
877,989,0
989,908,1
1385,989,0
989,1868,1
989,1999,1
990,99,1
990,1023,0
1466,990,0
990,2353,0
991,2444,0
993,1898,0
995,1119,0
995,1311,1
995,1975,0
997,29,1
997,37,1
997,161,1
997,285,1
997,374,1
997,386,1
997,392,1
997,487,1
997,1085,1
997,1116,1
997,1130,1
1133,997,0
1134,997,0
997,1341,1
997,1401,0
997,1442,1
997,1598,1
997,1605,1
997,1642,1
997,1703,1
1712,997,0
997,1758,1
997,1822,1
1888,997,0
997,2074,1
997,2354,1
997,2416,1
998,1608,0
999,81,1
999,99,1
999,292,1
1427,999,0
999,1868,1
999,1902,0
1000,1729,0
1000,1834,1
1000,2362,0
1001,603,1
1001,1925,1
2453,1001,0
1002,1456,0
1002,2138,0
1003,700,1
1003,1824,1
165,1004,0
399,1004,0
1004,625,1
1004,1196,1
1004,1464,1
1004,1847,1
102,1006,0
1006,105,1
1006,184,1
1006,195,1
1006,267,1
1006,359,1
1006,427,1
1006,531,1
628,1006,0
634,1006,0
1006,635,1
1006,690,1
1006,737,1
864,1006,0
1006,900,1
1006,939,1
1006,1019,1
1006,1041,1
1072,1006,0
1006,1094,1
1006,1165,1
1301,1006,0
1307,1006,0
1006,1322,1
1006,1351,1
1006,1406,1
1415,1006,0
1416,1006,0
1006,1429,1
1006,1441,1
1006,1466,1
1006,1488,1
1006,1601,1
1006,1614,1
1006,1627,1
1006,1629,1
1724,1006,0
1805,1006,0
1006,1836,1
1006,1868,1
1006,1921,1
1935,1006,0
1006,1992,1
1006,2007,1
1006,2053,1
1006,2064,0
2142,1006,0
1006,2145,1
2293,1006,0
1006,2342,1
1006,2406,0
1006,2426,1
2462,1006,0
1007,1608,0
1007,1641,0
1008,1534,0
1008,2189,0
1009,2362,0
1011,45,1
1011,438,1
554,1011,0
1197,1011,0
1011,1981,1
1012,1104,0
1012,1235,0
1013,700,1
1013,959,1
1013,1196,1
1013,1847,1
1013,2249,1
1013,2385,1
2465,1013,0
1013,2469,1
1015,1686,0
1015,2185,0
1016,1434,0
1016,2441,0
1017,1043,0
1017,1856,0
1018,2166,0
1019,2139,0
696,1020,0
1021,2142,0
1021,2379,0
430,1022,0
1022,1559,0
1023,2210,0
1024,2227,0
1025,1773,0
1026,1653,0
326,1027,0
1027,1158,1
1027,2384,0
1028,1094,0
1028,2362,0
1029,3,1
1029,287,1
1029,1178,1
1029,1250,0
1029,1563,0
1029,1717,1
1029,1826,1
1921,1029,0
1029,2032,1
1029,2274,1
2326,1029,0
1030,187,1
1030,293,1
1031,1245,0
1031,1448,0
1673,1031,0
2471,1031,0
1032,1800,0
1033,1930,0
1033,2354,0
654,1034,0
1034,911,1
1034,1425,1
1034,1427,1
1035,1202,0
1035,1738,0
1036,939,1
1036,2033,0
1038,2120,0
2298,1038,0
1039,1258,0
1040,1136,0
1040,1512,0
1040,1663,0
1040,1986,0
1041,1972,0
1043,1423,0
1043,1547,0
1043,1568,0
1043,1758,0
1044,2164,0
1046,1147,0
1047,1662,0
1047,1882,0
1047,2060,0
1047,2323,0
1048,1752,0
1048,1789,0
1050,11,1
1050,29,1
1050,193,1
1050,457,1
1050,635,1
1050,718,1
781,1050,0
1050,823,1
1050,1066,1
1182,1050,0
1050,1255,1
1352,1050,0
1050,1502,0
1050,1613,1
1050,1925,1
1050,2124,1
2406,1050,0
1051,1745,0
1051,2341,0
1052,1354,0
1052,1819,0
1053,1884,1
1055,1191,0
1055,1892,0
681,1056,0
1056,1205,0
1056,1613,0
1056,2339,1
1057,1316,0
41,1058,0
1058,99,1
326,1058,0
1058,349,1
1058,385,1
1058,690,1
891,1058,0
1280,1058,0
1058,1427,1
1058,1694,1
1058,2214,1
1059,1258,0
1059,1824,0
1060,2449,0
1061,1577,0
1061,2287,0
1062,1186,0
1062,1804,0
1062,2377,0
1063,2064,0
1064,1990,0
1064,2392,0
1066,11,1
213,1066,0
242,1066,0
1066,268,1
274,1066,0
1066,328,1
1066,342,1
1066,361,1
1066,457,1
1066,625,1
1066,660,1
1066,706,1
1066,783,1
878,1066,0
1066,908,1
994,1066,0
1066,1052,1
1066,1147,1
1066,1205,1
1066,1229,1
1258,1066,0
1066,1259,1
1066,1352,1
1066,1567,1
1661,1066,0
1066,1664,1
1066,1695,1
1066,1710,0
1066,1838,1
1066,1847,1
1941,1066,0
2057,1066,0
1066,2077,1
1066,2379,0
1066,2385,1
1066,2435,1
1067,1447,0
1068,2132,0
1068,2203,0
1582,1070,0
1717,1070,0
1070,1940,1
1072,1140,0
1072,2242,0
1073,1503,0
1074,2261,0
1077,116,1
239,1077,0
300,1077,0
328,1077,0
1077,364,1
611,1077,0
1077,631,1
1077,1077,1
1104,1077,0
1077,1114,1
1077,1287,1
1343,1077,0
1077,1402,0
1077,1416,1
1077,1511,1
1077,1594,1
1077,1972,1
1077,2044,1
2368,1077,0
1077,2445,1
917,1078,0
1425,1078,0
1078,1843,0
1078,2144,1
1078,2148,0
144,1079,0
628,1079,0
1079,997,1
1079,1764,1
1080,1760,0
1081,213,1
286,1081,0
1081,400,1
408,1081,0
1081,666,1
1149,1081,0
1081,1652,0
1081,1745,0
1793,1081,0
1081,2192,0
2343,1081,0
1083,1347,0
1084,1094,1
1084,1215,1
1705,1084,0
1084,1772,1
4,1085,0
1085,8,1
1085,18,1
1085,73,1
1085,78,1
1085,182,1
224,1085,0
259,1085,0
1085,287,1
327,1085,0
1085,328,1
1085,354,1
1085,364,1
412,1085,0
450,1085,0
1085,478,1
1085,507,1
1085,512,1
1085,535,1
1085,624,1
1085,634,1
1085,809,1
828,1085,0
1085,930,1
935,1085,0
939,1085,0
1039,1085,0
1085,1045,1
1085,1046,1
1085,1167,1
1189,1085,0
1311,1085,0
1085,1340,1
1085,1387,1
1085,1404,1
1085,1421,1
1085,1423,1
1085,1481,1
1693,1085,0
1085,1726,1
1085,1730,1
1085,1776,1
1786,1085,0
1085,1867,1
1085,1868,1
1085,1913,1
1085,1921,1
1085,1926,1
1085,1963,1
1997,1085,0
1085,2058,1
1085,2076,1
1085,2086,1
1085,2119,1
1085,2126,1
2232,1085,0
1085,2238,1
1085,2254,1
1085,2278,1
1085,2301,1
2323,1085,0
2366,1085,0
1085,2402,1
1089,63,1
902,1089,0
144,1090,0
1090,628,1
997,1090,0
1764,1090,0
1090,1879,0
1090,2010,1
1090,2085,0
1090,2354,0
1091,2252,0
1091,2272,0
1094,1154,0
1094,1583,0
1094,2111,0
1095,1841,0
1096,1290,0
1097,1295,0
1097,1668,0
1098,1430,0
1098,1685,0
1098,1949,0
1099,1709,0
1100,1208,0
1101,1618,0
1103,1150,0
1104,2015,0
1106,1112,0
1106,1796,0
1107,1263,0
1107,2441,0
64,1108,0
2055,1108,0
1108,2291,1
1108,2319,1
1108,2320,1
1108,2384,1
1108,2393,1
1108,2401,1
1108,2409,1
1109,1258,0
1109,1531,0
1110,1186,0
1110,1831,0
1112,1530,0
1113,1442,0
1114,1675,0
1116,1841,0
1120,414,1
1120,653,1
1120,1215,1
1121,38,1
1121,113,1
884,1121,0
1121,912,1
1121,1089,1
1121,1128,1
1121,1348,1
1121,2070,0
1121,2305,1
146,1123,0
1123,654,1
911,1123,0
1123,1050,1
1425,1123,0
1427,1123,0
1123,1691,1
1123,1767,0
1123,2124,1
285,1125,0
667,1125,0
1126,1491,0
1126,1674,0
203,1127,0
1127,399,1
618,1127,0
1127,654,1
1127,690,1
1127,698,1
1127,891,1
1127,1290,1
1127,1500,1
1127,1834,1
1130,1897,0
1130,2004,0
1131,1459,0
1132,2245,0
1134,1421,0
1134,1432,0
1134,1861,0
1134,2030,0
1136,1480,0
1136,1588,0
1136,1647,0
1136,1865,0
1137,1527,0
95,1138,0
1138,190,1
725,1138,0
1138,1181,1
1138,1377,1
1138,1520,0
1138,1672,1
1702,1138,0
1138,1969,1
1138,2052,1
1138,2202,1
1138,2277,1
1140,1434,0
1140,1737,0
1140,2028,0
81,1142,0
117,1142,0
1142,148,1
157,1142,0
1142,210,1
230,1142,0
1142,304,1
326,1142,0
1142,388,1
1142,414,1
472,1142,0
1142,490,1
495,1142,0
1142,614,1
675,1142,0
1142,876,1
1142,939,1
971,1142,0
1142,1096,1
1142,1140,1
1142,1311,1
1142,1391,1
1142,1426,0
1142,1442,0
1142,1716,1
1142,1760,1
1959,1142,0
1142,1999,0
2058,1142,0
2288,1142,0
1143,2250,0
1143,2458,0
1146,1582,0
1147,2122,0
1149,1451,0
1149,2252,0
672,1150,0
1921,1150,0
1151,1376,0
1152,249,1
1152,1497,0
1152,2230,1
1154,38,1
1154,113,1
1154,188,1
1154,710,1
1154,982,1
1081,1154,0
1089,1154,0
1154,1128,1
1154,1259,0
1154,1348,1
1154,1415,1
1154,1956,1
1154,2051,1
1157,1433,0
1157,2314,0
1157,2331,0
1159,27,1
1159,100,1
1159,134,1
1159,304,1
1159,312,1
1159,336,1
393,1159,0
1159,412,1
625,1159,0
1159,635,1
690,1159,0
1159,795,1
1159,823,1
1159,840,1
1159,908,1
953,1159,0
1159,962,1
1159,976,1
1159,1176,1
1182,1159,0
1235,1159,0
1159,1365,1
1427,1159,0
1159,1480,1
1506,1159,0
1521,1159,0
1159,1648,1
1159,1650,1
1663,1159,0
1691,1159,0
1159,1724,1
1765,1159,0
1159,1773,1
1159,1868,1
1159,1933,1
1159,1999,1
2098,1159,0
1159,2353,1
1159,2423,1
1160,29,1
213,1160,0
759,1160,0
824,1160,0
1174,1160,0
1160,1215,1
1160,1325,1
1160,1439,0
1162,255,1
1162,415,1
761,1162,0
1162,861,1
1162,1267,1
1162,1406,1
1457,1162,0
1710,1162,0
1162,1859,1
1162,1883,1
1162,2132,1
1162,2402,1
1162,2404,1
1162,2407,1
2408,1162,0
1162,2427,0
1163,667,1
1163,1427,1
1163,1446,0
1163,2198,0
1164,1562,0
1165,1220,0
1165,1361,0
1165,1887,0
1165,2122,0
1166,2459,0
1167,1340,0
1167,2035,0
1169,1610,0
1169,2238,0
1171,99,1
1066,1171,0
1259,1171,0
1171,1543,1
1171,1846,0
1171,1862,1
1172,1401,1
1172,1848,1
1173,1779,0
1174,1521,0
1177,30,1
1177,339,1
829,1177,0
1179,1263,0
1179,1503,0
1180,1346,0
1180,1463,0
1180,1609,0
1180,1810,0
1180,1836,0
241,1181,0
1181,587,1
635,1181,0
1181,1202,1
1215,1181,0
1181,1309,1
1181,1316,1
1182,700,1
846,1182,0
1185,1966,0
891,1186,0
1186,1913,1
1188,2235,0
1190,2141,0
1191,1914,0
1193,1528,0
1194,2204,0
1195,1865,0
1196,1720,0
1197,815,1
1197,1683,0
1197,1739,1
1197,1826,1
1197,1992,0
1198,619,1
1198,1633,0
1199,1694,1
1199,2104,0
1199,2340,0
1200,1304,0
1201,1446,0
1201,2131,0
1202,108,1
1202,128,1
505,1202,0
542,1202,0
707,1202,0
1202,732,1
1202,881,1
1316,1202,0
1202,1952,0
1202,1993,1
1203,433,1
1203,1443,1
1203,1736,0
1204,1874,0
1206,1208,0
1206,2392,0
1207,1239,0
99,1208,0
1208,171,1
307,1208,0
1208,326,1
632,1208,0
1208,635,1
1208,659,1
1208,667,1
1208,759,1
1208,939,1
959,1208,0
1208,1049,1
1208,1077,1
1196,1208,0
1208,1311,1
1208,1319,1
1208,1321,1
1208,1338,1
1643,1208,0
1208,1812,1
1902,1208,0
1208,2061,1
2081,1208,0
1208,2205,1
1209,700,1
1209,1465,1
1209,2385,1
1210,2186,0
1212,283,1
1212,505,1
1212,1383,1
1212,1415,1
1212,1515,0
1212,1601,1
1212,1697,1
1212,1842,1
1212,2053,1
2137,1212,0
2151,1212,0
1212,2206,0
1212,2309,1
1214,71,1
198,1214,0
270,1214,0
8,1215,0
1215,9,1
1215,40,1
1215,44,1
174,1215,0
1215,203,1
1215,253,1
1215,279,1
1215,307,1
367,1215,0
1215,378,1
1215,412,1
1215,490,1
1215,518,1
1215,522,1
546,1215,0
1215,591,1
1215,633,1
1215,635,1
690,1215,0
744,1215,0
800,1215,0
1215,801,1
1215,809,1
1215,833,1
1215,843,1
1215,891,1
899,1215,0
922,1215,0
1215,929,1
1215,939,1
977,1215,0
1215,1055,1
1119,1215,0
1215,1143,1
1215,1175,1
1215,1176,1
1215,1179,1
1215,1202,1
1215,1311,1
1215,1315,1
1431,1215,0
1215,1455,1
1529,1215,0
1530,1215,0
1215,1553,1
1215,1569,1
1576,1215,0
1215,1602,1
1215,1654,1
1691,1215,0
1706,1215,0
1724,1215,0
1736,1215,0
1215,1746,1
1215,1808,1
1215,1867,0
1215,1896,1
1215,1899,1
1901,1215,0
1215,1965,1
1215,1966,1
1986,1215,0
1215,2113,1
2236,1215,0
1215,2237,1
1215,2238,1
1215,2276,1
1215,2330,1
1215,2332,1
1215,2333,1
1215,2334,1
1215,2340,1
1215,2378,1
1215,2379,1
2389,1215,0
1218,531,1
1218,1266,0
1218,2119,0
65,1220,0
1220,99,1
129,1220,0
1220,237,1
290,1220,0
303,1220,0
1220,412,1
450,1220,0
1220,469,1
629,1220,0
1220,690,1
704,1220,0
710,1220,0
745,1220,0
1220,939,1
1220,1245,0
1220,1385,1
1511,1220,0
1220,1545,0
1220,1873,0
1220,1877,1
1921,1220,0
1926,1220,0
1220,1968,1
1220,2047,1
1220,2163,1
1220,2268,1
1221,508,1
1221,984,1
1024,1221,0
1222,843,1
1222,1911,0
1222,1947,0
1222,2018,0
1222,2410,1
355,1223,0
585,1223,0
1223,1528,0
1223,1552,1
1223,1853,1
1223,2127,0
1223,2263,1
1223,2289,1
2373,1223,0
1224,2134,0
47,1225,0
81,1225,0
1225,99,1
1225,136,1
153,1225,0
902,1225,0
1110,1225,0
1225,1213,1
1675,1225,0
1225,1790,0
1225,1895,1
1225,2369,0
1225,2383,0
512,1226,0
1227,1614,0
1227,2401,0
1228,700,1
1228,1465,1
1228,2385,1
1229,1647,0
1230,1612,0
1231,63,1
1231,215,1
269,1231,0
1231,326,1
1231,433,1
563,1231,0
1231,620,1
1231,687,1
1231,709,1
1231,758,1
974,1231,0
1231,1215,1
1231,1591,1
2081,1231,0
1232,1552,0
1233,1592,0
1234,1625,0
1235,1570,0
1236,1418,0
1238,1345,0
1238,2379,0
1238,2412,0
1239,1501,0
1240,1540,0
1241,2009,0
1241,2184,0
1243,2309,0
1246,1571,0
1246,2080,0
1247,1618,0
1248,1426,0
1251,1256,0
1251,2387,0
340,1252,0
126,1253,0
274,1253,0
361,1253,0
1253,625,1
1253,635,1
1253,660,1
687,1253,0
1253,872,1
1253,939,1
1064,1253,0
1253,1215,1
1253,1219,1
1224,1253,0
1251,1253,0
1253,1317,0
1253,1351,1
1885,1253,0
1253,1898,1
1253,1913,1
1253,1971,0
1253,2063,1
2068,1253,0
1253,2125,1
1253,2140,1
2225,1253,0
1253,2456,1
1254,334,1
1254,1772,0
1254,1973,1
1254,1983,0
1254,2356,0
1255,1847,0
1256,2258,0
1259,1848,0
1259,1881,0
1260,1574,0
1260,1859,0
1263,1513,0
1264,63,1
1264,282,1
326,1264,0
333,1264,0
1264,470,1
479,1264,0
1264,635,1
1264,669,1
1264,687,1
1264,833,1
1264,1230,1
1264,1555,1
1264,1728,1
1264,1820,1
1264,1999,1
1264,2035,1
2081,1264,0
1264,2266,1
2364,1264,0
1265,1374,0
1266,2274,0
1268,519,1
1268,939,1
1268,1289,0
1268,1445,1
1269,2302,0
1272,2380,0
1274,591,1
1274,1736,0
1276,2414,0
1277,415,1
1277,571,1
1277,788,1
1277,1281,0
1277,1308,0
1277,1657,1
1277,1826,0
1277,1985,0
1277,2330,0
2426,1277,0
1278,1537,0
1278,1793,0
1278,2328,0
1279,2065,0
1279,2209,0
1280,34,1
1280,47,1
245,1280,0
681,1280,0
801,1280,0
1280,846,1
1280,939,1
1094,1280,0
1118,1280,0
1280,1215,1
1280,1280,1
1280,1855,0
1868,1280,0
1280,2284,1
1281,2215,0
21,1282,0
1282,275,1
1282,347,1
597,1282,0
1282,635,1
648,1282,0
1282,669,1
1282,814,1
939,1282,0
1282,1073,1
1074,1282,0
1077,1282,0
1416,1282,0
1585,1282,0
1641,1282,0
1282,1794,1
1282,1895,1
1282,1903,1
1282,1904,1
1282,1905,1
1906,1282,0
1282,1909,1
2171,1282,0
1282,2176,1
2178,1282,0
1282,2185,1
1282,2219,0
2248,1282,0
1282,2252,1
1282,2337,1
1629,1283,0
1992,1283,0
1284,99,1
1284,2284,0
1284,2366,0
1285,1288,0
1568,1286,0
1286,1913,0
21,1288,0
595,1288,0
1288,597,1
1288,604,1
648,1288,0
814,1288,0
979,1288,0
1009,1288,0
1288,1073,1
1288,1074,1
1077,1288,0
1288,1419,1
1288,1585,1
1641,1288,0
1288,1834,1
1288,1902,1
1288,1904,1
1288,1905,1
1906,1288,0
1288,1909,1
1288,1921,1
2171,1288,0
1288,2178,1
1288,2185,1
1288,2248,1
1288,2336,1
2337,1288,0
1289,1349,0
1289,1445,0
1292,149,1
304,1292,0
1292,394,1
631,1292,0
1292,635,1
822,1292,0
1292,889,1
1292,893,1
1292,918,1
1292,939,1
1292,1077,1
1292,1215,1
1292,1287,1
1292,1292,1
1292,1384,1
1292,1404,1
1523,1292,0
1292,1688,1
1292,1925,1
1292,1972,1
1292,2090,1
1293,1535,0
1293,1832,0
1295,1396,0
1295,1516,0
1296,1621,0
1298,1911,0
1299,2279,0
1300,269,1
823,1300,0
939,1300,0
1300,1549,0
1300,2368,1
1301,1627,0
1301,1876,0
1302,700,1
1302,779,1
1302,1445,1
1302,1690,1
1723,1302,0
1824,1302,0
1302,2242,1
1303,1359,0
1303,1636,0
1303,1969,0
1303,2015,0
1303,2200,0
1304,63,1
340,1304,0
1304,927,1
1305,1633,1
1305,2075,0
625,1306,0
1307,1451,0
1307,1931,0
526,1309,0
1309,553,1
1309,907,1
1309,1291,1
1309,1441,1
1309,1500,1
1310,2282,0
1310,2343,0
7,1311,0
1311,47,1
1311,55,1
1311,80,1
1311,88,1
1311,97,1
101,1311,0
106,1311,0
109,1311,0
1311,134,1
1311,149,1
1311,155,1
1311,179,1
1311,186,1
1311,223,1
253,1311,0
262,1311,0
1311,269,1
1311,290,1
1311,293,1
1311,307,1
1311,326,1
1311,332,1
1311,358,1
1311,369,1
459,1311,0
1311,471,1
1311,493,1
1311,494,1
1311,496,1
503,1311,0
1311,554,1
1311,629,1
1311,653,1
1311,654,1
1311,681,1
1311,683,1
1311,701,1
714,1311,0
1311,720,1
1311,735,1
1311,736,1
1311,781,1
1311,814,1
1311,838,1
855,1311,0
877,1311,0
1311,892,1
1311,939,1
1033,1311,0
1311,1039,1
1311,1042,1
1049,1311,0
1311,1057,1
1311,1069,1
1311,1078,1
1311,1088,1
1311,1098,1
1126,1311,0
1311,1182,1
1263,1311,0
1311,1290,1
1292,1311,0
1311,1310,1
1311,1311,1
1315,1311,0
1311,1329,1
1311,1342,1
1311,1351,1
1404,1311,0
1311,1439,1
1311,1447,1
1311,1454,1
1311,1455,1
1311,1471,1
1541,1311,0
1592,1311,0
1311,1603,1
1629,1311,0
1311,1653,1
1311,1665,1
1311,1677,1
1691,1311,0
1311,1700,1
1311,1729,1
1311,1760,1
1311,1798,1
1802,1311,0
1311,1812,1
1819,1311,0
1865,1311,0
1311,1873,1
1887,1311,0
1311,1913,1
1311,1921,1
1926,1311,0
1946,1311,0
2005,1311,0
1311,2019,1
2032,1311,0
1311,2034,1
1311,2067,1
1311,2085,1
1311,2113,1
1311,2130,1
1311,2221,1
1311,2231,1
2238,1311,0
2303,1311,0
2340,1311,0
2345,1311,0
1311,2353,1
1311,2406,1
2463,1311,0
1312,939,1
51,1313,0
1313,1302,1
1350,1313,0
1313,1965,0
1314,100,1
116,1314,0
1314,188,1
254,1314,0
361,1314,0
433,1314,0
1314,563,1
637,1314,0
1314,758,1
1314,939,1
974,1314,0
1314,1215,1
1314,1425,1
1314,1621,1
1314,1679,1
1314,1747,1
1314,1934,1
1314,1941,0
1314,2466,1
1316,2369,0
1317,603,1
1317,679,1
923,1317,0
1317,928,1
1317,1441,1
1547,1317,0
1611,1317,0
1317,1618,1
1317,2161,1
1317,2220,1
1318,1704,0
1320,1970,0
1320,2126,0
1320,2424,0
1321,2305,0
1322,2390,0
1275,1323,0
1323,1440,0
1323,1703,0
1323,1806,0
1323,2319,0
1327,1836,0
1329,1458,0
1329,2183,0
1330,2462,0
1332,300,1
1332,605,1
1086,1332,0
1332,1239,1
1332,1441,1
1332,1503,1
1332,2309,1
1332,2324,1
1332,2421,0
1334,47,1
1092,1334,0
1334,1746,0
1335,2366,0
1337,1882,1
1337,2190,0
1338,2301,0
1338,2425,0
1339,78,1
1339,116,1
1339,139,1
163,1339,0
1339,354,1
408,1339,0
1339,411,1
1339,634,1
636,1339,0
637,1339,0
717,1339,0
1339,741,1
1339,773,1
791,1339,0
1339,817,1
1339,886,1
1339,930,1
1339,935,1
1339,1046,1
1339,1135,1
1339,1153,1
1339,1167,1
1189,1339,0
1339,1303,1
1423,1339,0
1339,1470,1
1481,1339,0
1522,1339,0
1339,1535,1
1339,1561,1
1610,1339,0
1339,1615,1
1339,1655,1
1693,1339,0
1754,1339,0
1339,1776,1
1339,1786,1
1790,1339,0
1793,1339,0
1809,1339,0
1836,1339,0
1339,1867,1
1997,1339,0
2065,1339,0
2076,1339,0
1339,2180,1
1339,2232,1
1339,2238,1
2301,1339,0
2366,1339,0
1340,63,1
1340,625,1
1340,635,1
644,1340,0
1340,706,1
1340,761,1
1340,902,1
1340,1682,1
1340,1792,1
1900,1340,0
1340,1920,1
1340,2361,1
1341,1833,0
1341,1976,0
1343,1374,0
1343,2404,1
1344,1582,0
1344,2358,0
1345,1077,1
1345,2408,0
79,1346,0
1346,80,1
99,1346,0
1346,690,1
1346,750,1
1346,1469,0
1346,1572,0
1348,674,1
1348,994,1
1348,1258,1
1350,1555,0
1350,2234,0
1352,2190,0
64,1353,0
2055,1353,0
1353,2222,1
1353,2291,1
1353,2317,1
1353,2320,1
1353,2384,1
2393,1353,0
1353,2401,1
2409,1353,0
1354,2416,0
1355,29,1
251,1355,0
339,1355,0
1355,399,1
1355,426,1
1355,448,1
1355,452,1
1355,459,1
512,1355,0
1355,563,1
1355,577,1
1355,599,1
1355,654,1
1355,656,1
1355,661,1
1355,800,1
857,1355,0
1355,920,1
1355,939,1
1355,1048,1
1355,1143,1
1243,1355,0
1265,1355,0
1293,1355,0
1355,1318,1
1355,1458,1
1355,1529,1
1355,1530,1
1355,1602,1
1355,1993,1
2203,1355,0
1356,1672,0
1358,1980,1
1359,102,1
1359,408,1
1359,432,1
1359,624,1
1359,628,1
1359,635,1
1359,690,1
1359,737,1
864,1359,0
935,1359,0
1359,963,1
1359,1072,1
1359,1094,1
1359,1307,1
1322,1359,0
1359,1351,1
1359,1383,1
1359,1416,1
1466,1359,0
1359,1488,1
1359,1601,1
1359,1836,1
1359,1847,1
1868,1359,0
1359,1912,1
1359,1921,1
1359,1965,1
1359,2035,1
1359,2183,1
2342,1359,0
1359,2426,1
1158,1360,0
1360,1806,0
1362,1629,0
1362,1677,0
1364,2232,0
1365,79,1
1365,99,1
430,1365,0
1365,563,1
1365,933,1
1091,1365,0
1278,1365,0
1469,1365,0
1365,1921,1
1365,1968,0
2039,1365,0
2044,1365,0
1367,1455,0
1367,1885,0
1367,2016,0
1367,2232,0
1368,1684,0
1369,1858,0
1370,1754,0
1371,1629,0
1663,1371,0
1371,1738,0
1371,2101,0
1371,2301,0
1373,1886,0
1373,2435,0
1376,1918,0
1377,1274,1
1378,539,1
1378,2257,0
1379,2451,0
1380,399,1
1380,2307,0
23,1381,0
1381,173,1
537,1381,0
1381,559,1
1381,603,1
619,1381,0
1381,645,1
1236,1381,0
1381,1473,1
1381,1513,0
1381,1769,0
1381,1778,1
1381,1913,1
1921,1381,0
1381,1955,1
1999,1381,0
2404,1381,0
1383,1589,0
1383,1948,0
1384,1529,0
1386,1595,0
1387,1471,0
1388,2269,0
1390,1892,0
1390,2240,0
399,1393,0
1393,2120,0
1393,2335,0
1395,2390,0
1395,2427,0
1396,206,1
370,1396,0
619,1396,0
1396,913,1
1396,1113,1
1396,1122,1
1347,1396,0
1396,1499,0
1953,1396,0
1396,2433,0
1400,654,1
939,1400,0
1215,1400,0
1400,1847,1
1400,2054,0
1403,102,1
1403,133,1
1403,189,1
408,1403,0
1403,427,1
1403,432,1
1403,602,1
624,1403,0
1403,628,1
1403,690,1
716,1403,0
729,1403,0
1403,737,1
1403,743,1
1403,963,1
1403,1072,1
1403,1094,1
1403,1232,1
1403,1307,1
1403,1322,1
1403,1383,1
1403,1415,1
1441,1403,0
1403,1466,1
1403,1488,1
1403,1495,1
1513,1403,0
1403,1545,1
1403,1571,0
1403,1601,1
1403,1711,1
1403,1724,1
1403,1783,1
1403,1836,1
1868,1403,0
1403,1965,1
1403,2035,1
1403,2053,1
1403,2293,1
2342,1403,0
1403,2411,1
1405,2362,0
1409,939,1
1409,1834,1
1409,2003,0
1409,2036,0
1410,2325,0
1411,107,1
870,1411,0
1411,1050,1
1411,1539,1
1411,1868,1
1899,1411,0
1411,2223,0
2447,1411,0
1413,1779,0
1414,2014,0
1416,2262,0
1417,1890,0
2331,1417,0
1418,1698,0
1418,1901,0
1418,2390,0
1419,1901,0
1422,939,1
1422,1517,0
1422,2281,1
1423,1792,0
1427,1729,0
1427,1799,0
1427,2395,0
1428,1508,0
1429,2187,0
1430,1991,0
1430,2127,0
1431,2098,0
1432,1517,0
1432,2038,0
1433,1456,0
1433,1762,0
1434,1666,0
1434,2021,0
95,1435,0
1435,190,1
725,1435,0
1181,1435,0
1316,1435,0
1435,1377,1
1435,1702,1
1435,1969,1
2052,1435,0
1435,2232,0
2277,1435,0
1436,99,1
1436,281,1
1436,718,1
1436,848,1
1514,1436,0
1436,1848,1
1436,2118,1
1436,2331,1
1993,1437,0
1437,2252,0
629,1438,0
632,1438,0
672,1438,0
991,1438,0
1438,1935,0
1958,1438,0
1438,2325,1
1438,2327,1
1438,2440,0
63,1439,0
283,1439,0
1439,326,1
470,1439,0
638,1439,0
1439,684,1
1439,687,1
1439,833,1
1439,1298,1
1439,1999,1
1439,2035,1
1439,2045,0
1439,2183,1
1440,1907,0
1443,1790,0
1443,1893,0
1443,1958,0
1445,1500,0
1446,1989,0
1450,8,1
1450,207,1
1450,653,1
1450,800,1
1450,877,1
1450,1315,1
1418,1450,0
1450,1645,0
2149,1450,0
1450,2356,1
1451,2245,0
1452,99,1
1452,1470,0
1452,1634,0
1452,1886,1
1453,1650,0
1453,1748,0
1456,2075,0
1456,2423,0
1459,153,1
1459,1858,0
1459,2160,0
1459,2316,1
1459,2460,0
1462,2279,0
1462,2304,0
1463,1694,0
1465,1647,0
1469,90,1
131,1469,0
369,1469,0
1469,408,1
634,1469,0
635,1469,0
1469,654,1
672,1469,0
718,1469,0
809,1469,0
870,1469,0
1469,889,1
1469,891,1
1469,935,1
1469,939,1
1469,972,1
1469,1028,1
1469,1042,1
1469,1060,1
1469,1072,1
1469,1080,1
1469,1126,1
1469,1263,1
1469,1269,1
1469,1307,1
1469,1330,1
1469,1392,1
1469,1406,1
1469,1407,1
1469,1488,1
1501,1469,0
1469,1532,1
1541,1469,0
1574,1469,0
1469,1722,1
1469,1755,1
1469,1767,1
1469,1821,1
1469,1859,0
1469,1867,1
1469,1892,1
1469,1989,1
2011,1469,0
1469,2185,0
1469,2342,1
1470,2374,0
1471,2088,0
1472,399,1
1472,1170,1
1472,1215,1
1472,1620,1
1472,1802,1
1472,1980,1
1472,2269,1
2292,1472,0
1474,265,1
1474,635,1
1474,1562,0
61,1475,0
1475,191,1
376,1475,0
1475,413,1
1475,437,1
1475,527,1
1475,655,1
1475,685,1
1475,1025,1
1475,1095,1
1475,1233,1
1475,1336,1
1475,1404,1
1475,1462,1
1475,1644,1
1475,1766,1
1475,1813,1
1475,2214,0
1476,2353,0
1477,2209,0
1479,1521,0
1479,2113,0
1480,312,1
1480,449,1
803,1480,0
1480,1272,1
1480,1405,1
1480,1480,1
1480,1551,1
1480,1650,1
1691,1480,0
1480,2238,1
2349,1480,0
1482,1909,0
1482,1972,0
1485,265,1
1485,1742,0
1485,2067,0
1486,213,1
1486,954,1
1487,1912,0
1488,1648,0
63,1491,0
326,1491,0
635,1491,0
1491,638,1
1491,669,1
687,1491,0
1491,1298,1
1491,1820,1
1491,1999,1
2035,1491,0
1491,2081,1
628,1492,0
1493,2434,0
1495,1918,0
1496,415,1
1496,535,1
1497,1807,0
1498,373,1
1498,1050,1
1498,1446,1
1498,1746,0
1500,1695,0
1501,1713,0
1502,1854,0
1502,1900,0
834,1503,0
1503,1415,1
1503,2053,1
2238,1503,0
1505,269,1
1505,304,1
939,1505,0
1311,1505,0
1505,1688,1
1507,1118,1
1511,1931,0
1511,2125,0
1514,1728,0
1515,1509,1
1516,1794,0
1517,2168,0
1517,2178,0
1517,2425,0
560,1519,0
1477,1519,0
1540,1519,0
1519,1572,0
245,1520,0
1520,351,1
1520,563,1
1520,812,1
939,1520,0
1520,1404,1
1520,1533,1
1523,2199,0
1524,2339,0
1526,386,1
1526,1947,0
1526,2238,1
1528,1651,0
1529,2022,0
29,1531,0
188,1531,0
1531,646,1
1531,732,1
1221,1531,0
1531,1348,1
1468,1531,0
1531,1824,1
1847,1531,0
1531,1912,0
2385,1531,0
1532,1993,0
1534,1934,0
1537,1742,0
1538,1842,0
1538,2326,0
1539,1664,0
1539,2087,0
1540,2209,0
1542,635,1
826,1542,0
1542,1469,1
1542,2122,1
1543,79,1
1543,276,1
1543,328,1
350,1543,0
1543,353,1
1543,575,1
1543,644,1
829,1543,0
891,1543,0
1219,1543,0
1543,1516,1
1543,1543,1
1543,1692,0
1543,1754,1
1543,1847,1
98,1544,0
1544,328,1
341,1544,0
1544,412,1
1544,600,1
707,1544,0
1544,840,1
1544,870,1
1544,908,1
1544,1170,1
1544,1182,1
1544,1480,1
1695,1544,0
1544,1765,1
1544,1847,1
1544,1868,1
1544,1999,1
1544,2098,1
1546,102,1
1546,408,1
1546,432,1
628,1546,0
1546,690,1
1546,763,1
1546,864,1
1546,900,1
963,1546,0
1546,1094,1
1546,1307,1
1351,1546,0
1383,1546,0
1546,1415,1
1546,1441,1
1546,1466,1
1546,1488,1
1601,1546,0
1546,1724,1
1546,1783,1
1847,1546,0
1546,1868,1
1546,1912,1
1921,1546,0
1965,1546,0
2015,1546,0
1546,2035,1
1546,2053,1
1546,2071,0
1546,2183,1
1546,2342,1
1546,2462,1
1547,1601,0
1547,2222,0
1547,2232,0
1549,755,1
1550,2213,0
1554,1862,0
1556,1930,0
1556,2137,0
1558,870,1
1558,1868,1
1558,2021,0
213,1559,0
1559,258,1
1559,346,1
1559,386,1
445,1559,0
523,1559,0
1559,563,1
1559,571,1
1559,583,1
1559,686,1
910,1559,0
1559,966,1
1559,1054,1
1183,1559,0
1559,1293,1
1559,1331,1
1559,1630,1
1559,1717,1
1559,1762,1
1559,1968,1
1559,2026,1
1559,2092,0
1559,2095,1
2111,1559,0
1559,2279,1
1560,1689,0
1563,1613,0
1563,1772,0
1563,1857,0
1564,1991,1
1565,1750,0
1566,1588,0
1568,19,1
1568,169,1
1568,292,1
625,1568,0
964,1568,0
1083,1568,0
1568,1102,1
1568,1348,1
1568,1448,1
1568,1647,0
1568,1682,1
1568,1694,1
1568,1715,1
1568,1835,0
1568,1976,1
2035,1568,0
2138,1568,0
1568,2196,0
1569,1602,0
1569,1928,0
1570,1983,0
1572,1688,1
1572,1921,1
1572,2162,0
1574,1604,0
1574,1763,0
1574,1829,0
635,1575,0
1575,1327,1
1575,1985,1
1575,2010,1
1576,1587,0
1576,1834,0
1576,2410,0
1577,1604,0
1577,2000,0
1577,2035,0
47,1578,0
1278,1578,0
1578,2087,1
1578,2229,0
1579,2102,0
1581,1242,1
1582,1710,0
1586,441,1
665,1586,0
1587,1599,0
1587,2220,0
1588,1847,1
1590,1812,0
1590,2159,0
1592,1666,0
1593,2085,0
1595,1618,0
1595,1941,0
1595,2158,0
1596,2125,1
1597,408,1
628,1597,0
1597,935,1
1072,1597,0
1307,1597,0
1597,1322,1
1597,1836,1
2462,1597,0
1602,2023,0
1604,1834,1
23,1606,0
1606,190,1
584,1606,0
706,1606,0
870,1606,0
1606,1181,1
1672,1606,0
1606,2052,1
1607,1704,0
1608,1847,1
1609,546,1
1609,619,1
974,1609,0
1609,1215,1
1609,1459,1
1819,1609,0
1970,1609,0
1609,2144,0
1609,2183,1
1609,2443,1
1611,2323,0
1614,2131,0
1615,1718,0
619,1616,0
1616,823,1
1616,1018,1
1142,1616,0
1543,1616,0
1976,1616,0
144,1617,0
628,1617,0
1617,997,1
1764,1617,0
1618,1875,0
1619,1727,0
1621,1754,0
1623,939,1
1623,1919,0
1624,1794,0
1625,304,1
647,1625,0
1625,2169,0
1627,1976,0
28,1629,0
1629,32,1
307,1629,0
1629,974,1
1629,1040,1
1629,2114,0
1629,2215,0
32,1631,0
1631,74,1
1631,603,1
672,1631,0
1631,822,1
1631,939,1
1631,959,1
1147,1631,0
1631,1196,1
1631,1287,1
1631,1565,1
1631,1820,0
571,1632,0
1632,881,1
1632,2426,1
1632,2431,0
1633,2228,0
1633,2261,0
1497,1634,0
1635,1782,0
1636,1664,0
1636,1777,0
1637,216,1
1637,591,1
1702,1637,0
1637,1959,0
1637,2148,1
1643,2245,0
1643,2341,0
1645,385,1
1645,412,1
1645,1848,1
1875,1645,0
2405,1645,0
1645,2429,0
1647,2381,0
1649,1825,0
1649,1879,0
1650,2174,0
673,1652,0
1652,810,1
1653,328,1
1653,1215,1
2128,1653,0
1653,2458,0
1655,1995,0
1655,2367,0
1658,2150,0
1660,1960,0
1665,2123,0
1666,1683,0
1666,2298,0
1668,2115,0
1669,1736,0
1670,79,1
1670,1460,1
2310,1670,0
1671,1613,1
1671,1673,1
1672,241,1
939,1672,0
1672,1215,1
1316,1672,0
1672,1834,1
1672,2274,0
1674,2025,0
1675,2364,0
1678,1759,0
1678,1819,0
1679,574,1
1264,1679,0
1679,1414,1
1680,1738,1
1681,924,1
1681,1731,1
1681,1993,1
1683,1945,0
1685,2208,0
1690,1880,0
1690,2004,0
1691,2467,0
1692,690,1
1692,847,1
1692,902,1
1692,1420,1
1692,1512,1
1692,2203,0
1694,1897,0
1697,496,1
1697,1234,1
2238,1697,0
1698,1800,0
1700,92,1
1700,176,1
1700,196,1
1700,380,1
690,1700,0
1700,796,1
1700,1005,1
1700,1126,1
1195,1700,0
1700,1215,1
1467,1700,0
1700,2105,1
1700,2225,1
1700,2436,0
1701,187,1
241,1702,0
587,1702,0
1702,813,1
1702,1215,1
1702,1309,1
1702,2273,1
1703,1740,0
1703,1946,0
1704,2068,0
1705,2027,0
1705,2464,0
1706,2230,0
1706,2254,0
1707,1873,0
415,1709,0
713,1709,0
1709,742,1
1709,1331,1
1709,2112,1
1710,269,1
1710,383,1
1714,2323,0
1718,889,1
1718,959,1
1718,1821,0
1719,300,1
1719,1415,1
1719,1503,1
2075,1719,0
1719,2224,1
2308,1719,0
2309,1719,0
1719,2324,1
1720,1992,0
1721,1735,0
1723,1849,0
1723,2140,0
1724,2037,0
1724,2353,0
1726,2070,0
1728,2139,0
1729,2345,0
1731,739,1
1731,1999,0
1733,3,1
1733,255,1
1733,293,1
315,1733,0
325,1733,0
1733,464,1
1733,693,1
1733,761,1
861,1733,0
1733,939,1
1160,1733,0
1733,1208,1
1583,1733,0
1733,1704,1
1733,1820,1
1733,1952,0
1733,2020,1
1733,2299,1
1733,2366,0
1733,2408,1
30,1734,0
1734,59,1
1734,244,1
1734,1196,1
1734,1263,1
1734,1553,1
1734,2279,0
1734,2446,1
273,1738,0
1738,1991,0
1743,2281,0
1744,430,1
1745,2189,0
1746,681,1
1860,1746,0
1746,2318,1
1747,2361,0
1748,1878,0
1748,2262,0
1748,2454,0
706,1749,0
1233,1750,0
1750,2196,0
296,1751,0
1751,1717,1
1751,2295,0
1753,1660,1
1754,2237,0
1756,1819,0
1757,1534,1
1607,1757,0
635,1759,0
989,1759,0
1868,1759,0
2035,1759,0
1762,1999,0
1762,2109,0
1763,1994,0
1764,1857,0
1764,2018,0
1764,2183,0
1769,119,1
1770,25,1
32,1770,0
176,1770,0
1770,213,1
1770,242,1
1770,335,1
1770,467,1
1770,508,1
584,1770,0
608,1770,0
625,1770,0
1770,635,1
1770,706,1
751,1770,0
1770,820,1
1770,833,1
1770,872,1
1770,939,1
1770,1052,1
1770,1064,1
1770,1147,1
1770,1209,1
1770,1215,1
1770,1224,1
1351,1770,0
1770,1612,1
1770,1868,1
1770,1885,1
1770,1913,1
1770,1921,1
1770,1932,1
2063,1770,0
1770,2125,1
2140,1770,0
2456,1770,0
1771,99,1
1771,144,1
1771,188,1
1771,270,1
309,1771,0
355,1771,0
1771,361,1
1771,433,1
587,1771,0
1771,608,1
637,1771,0
659,1771,0
1771,939,1
1771,1145,1
1771,1156,1
1771,1215,1
1348,1771,0
1771,1425,1
1441,1771,0
1621,1771,0
1771,1679,1
1771,1691,1
1705,1771,0
1771,1790,1
1817,1771,0
1771,1832,1
1771,2147,0
2189,1771,0
1771,2200,1
2267,1771,0
1771,2441,0
1772,2243,0
1773,635,1
1773,1633,1
1773,1812,0
1773,1834,1
1773,2441,0
1774,1659,1
1776,2224,0
258,1777,0
1777,300,1
1777,412,1
846,1777,0
1778,2340,0
1780,2014,0
1780,2246,0
1780,2347,0
1782,654,1
1425,1782,0
1782,1906,0
1782,1937,0
1783,1885,0
1786,2229,0
1787,220,1
1787,2437,0
1789,1850,0
1790,1936,0
1389,1796,0
1796,2221,0
1797,2094,0
1797,2215,0
1801,2048,0
1801,2405,0
1802,79,1
1802,228,1
1802,283,1
635,1802,0
687,1802,0
1802,819,1
1802,1215,1
1230,1802,0
1802,1280,1
1802,1537,1
1802,1728,1
2035,1802,0
1803,2075,0
1803,2307,0
505,1804,0
1804,526,1
1804,711,1
1804,1889,0
1804,2131,0
2137,1804,0
68,1806,0
1806,190,1
1806,214,1
1806,584,1
725,1806,0
1181,1806,0
1806,1196,1
1215,1806,0
1377,1806,0
1806,1672,1
1806,1702,1
1918,1806,0
1806,1926,1
1969,1806,0
2052,1806,0
2277,1806,0
3,1807,0
1691,1808,0
1808,2451,0
1810,82,1
1810,1925,1
1810,2058,1
1811,2260,0
1813,2007,0
1813,2093,0
1814,1963,1
1196,1816,0
1818,1234,1
1819,65,1
80,1819,0
1819,114,1
1819,126,1
213,1819,0
1819,307,1
1819,326,1
1819,340,1
360,1819,0
1819,375,1
386,1819,0
1819,404,1
1819,417,1
1819,436,1
1819,452,1
1819,520,1
525,1819,0
542,1819,0
1819,561,1
1819,571,1
1819,603,1
1819,625,1
1819,628,1
634,1819,0
1819,635,1
1819,665,1
1819,667,1
673,1819,0
1819,674,1
687,1819,0
700,1819,0
705,1819,0
1819,709,1
728,1819,0
1819,743,1
1819,798,1
806,1819,0
1819,843,1
872,1819,0
1819,877,1
1819,893,1
1819,902,1
1819,939,1
1819,951,1
1819,994,1
1819,1004,1
1819,1009,1
1819,1058,1
1819,1066,1
1819,1078,1
1097,1819,0
1103,1819,0
1819,1168,1
1819,1173,1
1176,1819,0
1186,1819,0
1819,1196,1
1819,1206,1
1208,1819,0
1819,1215,1
1819,1219,1
1819,1230,1
1242,1819,0
1819,1251,1
1819,1258,1
1819,1259,1
1819,1282,1
1819,1320,1
1819,1348,1
1819,1385,1
1819,1466,1
1565,1819,0
1819,1621,1
1638,1819,0
1654,1819,0
1836,1819,0
1868,1819,0
1819,1882,1
1885,1819,0
1819,1892,1
1819,1899,1
1819,1913,1
1819,1914,1
1819,1921,1
1926,1819,0
1819,1929,1
1819,1965,1
1984,1819,0
1992,1819,0
1819,1998,1
1819,2063,1
2144,1819,0
2179,1819,0
2191,1819,0
1819,2395,1
2411,1819,0
1819,2426,1
1819,2427,1
1819,2443,1
1819,2456,1
1820,1841,0
1822,2002,0
1823,939,1
1824,1996,0
1829,1887,0
1831,874,1
1831,1763,1
1831,2023,0
1831,2262,0
1831,2422,0
1832,2315,0
1833,340,1
1833,1014,1
1833,1405,1
2214,1833,0
1833,2472,0
24,1834,0
79,1834,0
158,1834,0
1834,213,1
1834,272,1
348,1834,0
1834,386,1
1834,439,1
1834,766,1
1834,825,1
1834,1117,1
1290,1834,0
1834,1316,1
1834,1327,1
1834,1363,1
1834,1404,1
1834,1416,1
1834,1527,1
1641,1834,0
1667,1834,0
1834,1737,1
1834,1802,1
1877,1834,0
1834,1907,1
1834,1948,1
1834,1955,1
1834,1967,1
1834,2035,1
2054,1834,0
1834,2064,1
1834,2116,1
1834,2144,1
1834,2197,1
1834,2345,1
2351,1834,0
687,1835,0
1835,819,1
1835,974,1
2261,1835,0
1836,1908,0
1838,1985,0
1842,50,1
1842,323,1
1842,505,1
1239,1842,0
1415,1842,0
1842,1676,1
1842,2233,1
1844,430,1
1844,2375,0
1845,2136,0
1845,2339,0
1845,2465,0
1846,1984,0
1847,2129,0
1849,79,1
1849,566,1
1514,1849,0
1611,1849,0
1851,2076,0
757,1854,0
1854,906,1
1854,1277,1
1854,2459,1
1856,2289,0
1857,1866,0
1857,2368,0
1858,2185,0
1858,2333,0
1860,2428,0
1861,1040,1
1861,1985,0
1864,1879,0
1864,2302,0
1866,2035,1
1867,2095,0
1868,11,1
1868,32,1
80,1868,0
214,1868,0
232,1868,0
1868,242,1
1868,251,1
1868,268,1
1868,274,1
328,1868,0
341,1868,0
1868,345,1
1868,361,1
1868,391,1
1868,412,1
1868,457,1
584,1868,0
603,1868,0
619,1868,0
625,1868,0
1868,635,1
1868,669,1
690,1868,0
1868,700,1
706,1868,0
1868,732,1
1868,867,1
1868,876,1
949,1868,0
959,1868,0
1868,1066,1
1100,1868,0
1868,1147,1
1868,1165,1
1868,1196,1
1868,1205,1
1868,1215,1
1868,1259,1
1311,1868,0
1868,1352,1
1868,1466,1
1868,1501,1
1868,1626,1
1661,1868,0
1868,1664,1
1868,1788,1
1824,1868,0
1868,1838,1
1847,1868,0
1868,1868,1
1868,1893,1
1868,2000,1
1868,2182,1
1868,2238,1
2263,1868,0
2385,1868,0
1868,2435,1
2453,1868,0
1868,2464,1
1868,2465,1
1868,2468,1
2469,1868,0
758,1869,0
796,1869,0
1869,974,1
1059,1869,0
1934,1869,0
1869,2393,0
1872,2268,0
2316,1872,0
1876,38,1
1876,188,1
1876,912,1
1876,982,1
1876,1128,1
1876,2051,1
1876,2092,0
1876,2305,1
430,1878,0
567,1878,0
1878,1327,1
1881,29,1
1881,126,1
213,1881,0
318,1881,0
1881,635,1
687,1881,0
728,1881,0
1881,833,1
1881,939,1
1881,951,1
1881,1164,1
1881,1224,1
1881,1251,1
1351,1881,0
1881,1545,1
1881,1885,1
1881,1913,1
1921,1881,0
1941,1881,0
1951,1881,0
1881,2063,1
2125,1881,0
2140,1881,0
1881,2145,1
2192,1881,0
1884,863,1
1885,1975,0
1886,2243,0
1887,2118,0
1888,2019,0
1209,1889,0
1889,2173,0
1891,2139,0
1892,2268,0
1893,2231,0
1895,2036,1
1896,2438,0
1899,11,1
1899,213,1
1899,290,1
1899,706,1
1899,1066,1
1352,1899,0
1899,1404,1
1899,1925,1
1899,2307,1
1899,2435,1
1900,2464,0
1902,2103,0
1906,2133,0
1906,2264,0
1908,2131,0
1909,2168,0
1362,1911,0
1911,1868,1
1911,2036,0
1913,1996,0
1913,2060,0
1915,2240,0
399,1917,0
1939,1917,0
1918,2330,0
1919,51,1
1919,99,1
1919,307,1
1919,891,1
1140,1919,0
1215,1919,0
1919,2035,1
1920,2068,0
1922,2299,0
1922,2348,0
1923,304,1
1923,655,1
1923,1182,1
1923,2159,0
1925,1935,0
1928,99,1
1929,1974,0
1929,2174,0
47,1934,0
1935,130,1
1935,213,1
1935,384,1
1935,706,1
840,1935,0
926,1935,0
1935,939,1
1935,1049,1
1935,1097,1
1118,1935,0
1935,1144,1
1935,1196,1
1935,1221,1
1239,1935,0
1935,1296,1
1935,1415,1
1444,1935,0
1935,1640,1
1847,1935,0
1895,1935,0
1968,1935,0
1935,2013,0
1935,2026,0
1935,2073,1
1935,2432,1
2473,1935,0
1936,1377,1
1936,1945,0
1942,635,1
714,1942,0
1802,1942,0
1942,2432,0
1943,430,1
1943,1974,0
1943,2339,1
1945,2169,0
1948,2003,0
328,1949,0
1950,65,1
1950,116,1
1950,179,1
1950,188,1
300,1950,0
301,1950,0
306,1950,0
405,1950,0
1950,533,1
1950,609,1
619,1950,0
670,1950,0
1950,771,1
868,1950,0
915,1950,0
1950,1030,1
1950,1142,1
1161,1950,0
1950,1187,1
1950,1189,1
1950,1191,1
1950,1270,1
1950,1316,1
1950,1327,1
1950,1405,1
1497,1950,0
1499,1950,0
1533,1950,0
1584,1950,0
1950,1585,1
1950,1619,1
1950,1712,1
1950,1717,1
1950,1934,1
1950,1937,1
1950,1997,1
1950,2129,1
1950,2283,1
2316,1950,0
1951,268,1
700,1951,0
858,1951,0
959,1951,0
1951,1196,1
1424,1951,0
1951,1426,1
1951,1661,1
1951,1664,1
1824,1951,0
1951,1847,1
1951,1925,1
1951,2276,1
1951,2363,1
2382,1951,0
1951,2385,1
1951,2388,1
1952,48,1
1952,1660,1
1952,1819,1
1952,2405,0
1955,3,1
4,1955,0
1955,8,1
10,1955,0
1955,29,1
1955,45,1
1955,51,1
1955,69,1
1955,71,1
74,1955,0
1955,80,1
81,1955,0
95,1955,0
1955,99,1
100,1955,0
1955,127,1
186,1955,0
1955,213,1
1955,214,1
1955,241,1
242,1955,0
251,1955,0
268,1955,0
1955,274,1
277,1955,0
285,1955,0
1955,293,1
301,1955,0
1955,304,1
1955,307,1
323,1955,0
1955,328,1
339,1955,0
1955,359,1
361,1955,0
391,1955,0
1955,399,1
1955,412,1
1955,413,1
1955,425,1
439,1955,0
1955,466,1
482,1955,0
1955,505,1
508,1955,0
515,1955,0
1955,517,1
1955,546,1
1955,584,1
585,1955,0
1955,589,1
1955,603,1
619,1955,0
625,1955,0
638,1955,0
1955,646,1
1955,660,1
1955,676,1
1955,688,1
1955,690,1
1955,696,1
1955,700,1
1955,706,1
1955,707,1
719,1955,0
1955,733,1
1955,742,1
767,1955,0
1955,785,1
793,1955,0
1955,808,1
1955,809,1
813,1955,0
823,1955,0
828,1955,0
1955,833,1
843,1955,0
853,1955,0
1955,858,1
859,1955,0
870,1955,0
1955,877,1
883,1955,0
888,1955,0
889,1955,0
1955,891,1
1955,907,1
933,1955,0
936,1955,0
951,1955,0
1955,959,1
1955,965,1
1955,993,1
1955,1042,1
1064,1955,0
1066,1955,0
1068,1955,0
1097,1955,0
1955,1126,1
1955,1144,1
1147,1955,0
1955,1176,1
1955,1205,1
1955,1206,1
1955,1215,1
1955,1217,1
1955,1221,1
1234,1955,0
1955,1239,1
1240,1955,0
1250,1955,0
1259,1955,0
1955,1270,1
1955,1278,1
1287,1955,0
1955,1325,1
1955,1351,1
1394,1955,0
1404,1955,0
1955,1426,1
1955,1428,1
1955,1433,1
1466,1955,0
1955,1468,1
1501,1955,0
1955,1504,1
1955,1537,1
1583,1955,0
1955,1585,1
1955,1626,1
1955,1635,1
1658,1955,0
1955,1661,1
1955,1664,1
1690,1955,0
1955,1705,1
1955,1708,1
1955,1712,1
1724,1955,0
1955,1748,1
1764,1955,0
1955,1801,1
1955,1824,1
1955,1838,1
1839,1955,0
1846,1955,0
1955,1899,1
1955,1913,1
1955,1921,1
1955,1925,1
1926,1955,0
1955,1957,1
1965,1955,0
1990,1955,0
1955,2012,1
1955,2023,1
2044,1955,0
1955,2072,1
1955,2073,1
2092,1955,0
1955,2108,1
1955,2110,1
1955,2131,1
1955,2173,1
1955,2204,1
1955,2238,1
2241,1955,0
2276,1955,0
2279,1955,0
2296,1955,0
1955,2299,1
1955,2323,1
1955,2347,1
2352,1955,0
1955,2363,1
1955,2380,1
1955,2382,1
1955,2385,1
1955,2388,1
2391,1955,0
1955,2427,1
2441,1955,0
2458,1955,0
1955,2465,1
1955,2469,1
1956,2137,0
1958,2155,0
1958,2459,0
946,1960,0
1961,63,1
1961,933,1
1239,1961,0
1961,2003,1
1961,2066,1
1964,2239,0
1967,2323,0
1970,59,1
1970,126,1
1970,242,1
446,1970,0
571,1970,0
1970,625,1
1970,635,1
687,1970,0
1970,706,1
718,1970,0
1970,833,1
1970,864,1
1970,872,1
1970,939,1
951,1970,0
1970,1064,1
1147,1970,0
1168,1970,0
1224,1970,0
1970,1251,1
1282,1970,0
1970,1351,1
1970,1654,1
1885,1970,0
1970,1921,1
2063,1970,0
1970,2064,1
1970,2125,1
1970,2140,1
2456,1970,0
635,1972,0
1972,669,1
1979,2376,0
1980,2238,0
1980,2312,0
1982,1316,1
1983,2283,0
1984,2246,0
1986,2344,0
131,1992,0
1992,184,1
195,1992,0
1992,359,1
765,1992,0
1992,1301,1
1992,1437,1
1992,1712,1
1992,1835,1
1992,2104,0
2422,1992,0
1995,99,1
1995,116,1
1995,144,1
1995,188,1
1995,270,1
361,1995,0
1995,587,1
1995,608,1
1995,939,1
1995,1156,1
1995,1215,1
1995,1348,1
1995,1425,1
1621,1995,0
1679,1995,0
1995,1832,1
1995,2010,1
1995,2200,1
1995,2407,0
1999,11,1
457,1999,0
1999,1352,1
2435,1999,0
2002,234,1
2002,1361,1
807,2003,0
2003,811,1
2003,1242,1
2003,1267,1
2003,1441,1
2003,2060,0
2003,2394,0
2004,1311,1
79,2006,0
2006,213,1
2006,833,1
2006,1159,1
2006,1382,1
2006,1385,1
2006,1537,1
2006,1691,1
2007,939,1
2007,1913,1
2007,2210,1
2009,939,1
2010,2015,0
2012,2418,0
2013,953,1
2015,2242,0
2018,70,1
2018,2232,0
2018,2404,0
2019,2085,0
2020,2299,0
2020,2313,0
2039,2022,0
2022,2198,0
2022,2348,0
2026,2342,0
359,2027,0
2027,690,1
2027,1329,1
2027,1376,1
2027,1421,1
2027,1536,1
1921,2028,0
1151,2029,0
2029,2247,0
2031,1242,1
2031,2325,0
2031,2362,0
2033,725,1
2033,1274,1
2033,2217,1
11,2035,0
2035,17,1
29,2035,0
32,2035,0
2035,45,1
46,2035,0
47,2035,0
2035,79,1
2035,81,1
83,2035,0
98,2035,0
2035,169,1
213,2035,0
214,2035,0
239,2035,0
268,2035,0
2035,274,1
275,2035,0
293,2035,0
2035,307,1
328,2035,0
2035,341,1
2035,345,1
2035,357,1
2035,361,1
2035,391,1
2035,412,1
457,2035,0
2035,508,1
2035,520,1
547,2035,0
2035,552,1
2035,563,1
584,2035,0
586,2035,0
2035,603,1
619,2035,0
635,2035,0
2035,659,1
660,2035,0
2035,669,1
2035,687,1
2035,690,1
2035,700,1
2035,706,1
2035,707,1
732,2035,0
2035,785,1
808,2035,0
812,2035,0
2035,833,1
2035,843,1
2035,860,1
2035,939,1
959,2035,0
2035,987,1
2035,1037,1
1066,2035,0
2035,1077,1
2035,1083,1
2035,1112,1
1147,2035,0
2035,1159,1
2035,1161,1
2035,1165,1
1196,2035,0
2035,1205,1
1215,2035,0
1239,2035,0
2035,1250,1
1259,2035,0
1289,2035,0
2035,1311,1
1352,2035,0
2035,1369,1
2035,1404,1
2035,1460,1
2035,1494,1
2035,1501,1
2035,1626,1
1629,2035,0
1664,2035,0
1691,2035,0
2035,1695,1
1713,2035,0
2035,1801,1
2035,1827,1
2035,1838,1
2035,1839,1
2035,1847,1
2035,1848,1
2035,1921,1
2035,1925,1
2035,1949,1
2035,1992,1
2035,2035,1
2035,2044,1
2142,2035,0
2035,2176,1
2035,2209,1
2035,2238,1
2035,2239,1
2035,2263,1
2035,2307,1
2035,2323,1
2035,2385,1
2035,2427,1
2035,2435,1
2035,2453,1
2035,2458,1
2035,2464,1
2035,2465,1
2035,2468,1
2037,2081,0
2037,2195,0
242,2041,0
2041,1234,1
2041,1279,1
2043,63,1
2043,902,1
2044,2139,0
2045,269,1
512,2045,0
116,2046,0
2046,307,1
2046,348,1
660,2046,0
2046,1147,1
2046,1205,1
2046,1656,1
2046,1675,1
2046,1760,1
2046,2380,1
2048,1637,1
2049,136,1
2049,174,1
1215,2049,0
2049,1427,1
2049,1868,1
2049,2082,0
2051,304,1
382,2051,0
2051,1921,1
2051,2104,0
2051,2126,0
2051,2385,0
2056,169,1
449,2056,0
2056,1048,1
2056,1453,1
2056,1712,1
2056,1723,1
2056,1834,1
2128,2056,0
2195,2056,0
2056,2270,0
2056,2410,1
885,2057,0
2057,1769,1
2057,2380,0
2058,305,1
2058,412,1
2058,608,1
2058,706,1
2058,1705,1
2058,2055,1
2058,2225,1
2058,2291,1
2058,2317,1
2320,2058,0
2330,2058,0
2347,2058,0
2058,2362,0
2058,2376,1
2058,2384,1
2058,2389,1
2058,2401,1
2061,2400,0
2065,2445,0
2066,1276,1
2068,2263,0
2069,852,1
2070,852,1
2071,2267,0
2072,2265,0
2075,2450,0
665,2078,0
2078,1182,1
2078,1356,1
2080,2209,0
2081,30,1
57,2081,0
79,2081,0
226,2081,0
2081,337,1
2081,338,1
2081,580,1
2081,591,1
2081,611,1
953,2081,0
1295,2081,0
1440,2081,0
2081,1474,1
2081,1673,1
1891,2081,0
1910,2081,0
2431,2081,0
2434,2081,0
2082,939,1
1182,2082,0
2082,1311,1
1364,2082,0
2084,20,1
2084,337,1
1779,2084,0
2088,144,1
628,2088,0
2088,997,1
2088,1764,1
2089,102,1
2089,427,1
432,2089,0
624,2089,0
2089,628,1
2089,634,1
2089,690,1
2089,737,1
2089,864,1
2089,900,1
935,2089,0
963,2089,0
2089,1094,1
1322,2089,0
2089,1383,1
2089,1415,1
1416,2089,0
2089,1441,1
1466,2089,0
1488,2089,0
2089,1601,1
1783,2089,0
2089,1847,1
1868,2089,0
1912,2089,0
2089,2015,1
2089,2035,1
2089,2053,1
2183,2089,0
2089,2293,1
2089,2342,1
2426,2089,0
2462,2089,0
2094,169,1
2094,584,1
2094,698,1
2094,706,1
2094,707,1
1440,2094,0
2094,1921,1
2094,2360,1
2094,2381,0
2096,1277,1
2096,1967,1
2097,2270,0
1272,2099,0
2099,1650,1
2099,1691,1
2183,2099,0
2100,2151,0
29,2101,0
2101,63,1
2101,132,1
2101,433,1
2101,933,1
1121,2101,0
2101,1308,1
1329,2101,0
1404,2101,0
1427,2101,0
2101,1478,1
2101,1913,1
1926,2101,0
2206,2101,0
2101,2292,0
2103,273,1
1699,2103,0
1735,2103,0
2103,2286,0
1301,2106,0
359,2114,0
833,2114,0
1239,2114,0
2114,1291,1
2114,1415,1
2115,2199,0
2116,2455,0
2118,2167,0
2120,190,1
2120,214,1
584,2120,0
2120,725,1
1181,2120,0
1377,2120,0
2120,1672,1
2120,1702,1
2052,2120,0
2202,2120,0
2120,2277,1
2122,90,1
2122,399,1
2122,408,1
476,2122,0
635,2122,0
2122,672,1
781,2122,0
2122,819,1
833,2122,0
889,2122,0
2122,935,1
2122,1028,1
2122,1042,1
2122,1072,1
2122,1126,1
1269,2122,0
1307,2122,0
2122,1330,1
2122,1392,1
2122,1407,1
2122,1413,1
2122,1425,1
2122,1488,1
2122,1501,1
2122,1532,1
1541,2122,0
2122,1755,1
1864,2122,0
1892,2122,0
2122,1974,1
2122,1989,1
2123,1261,1
2127,541,1
2127,955,1
2127,2228,1
2127,2316,0
27,2128,0
2128,59,1
99,2128,0
229,2128,0
2128,474,1
2128,505,1
2128,512,1
2128,659,1
2128,690,1
2128,846,1
2128,915,1
2128,1010,1
1146,2128,0
2128,1215,1
1239,2128,0
1297,2128,0
2128,1372,1
2128,1691,1
2128,1740,1
2128,1771,1
2128,1779,1
2128,1916,1
2128,2035,1
2128,2127,1
2131,2472,0
2134,77,1
2134,104,1
2134,892,1
2134,939,1
2134,959,1
991,2134,0
2134,1143,1
2134,1484,1
2134,1882,1
1907,2134,0
2265,2134,0
2134,2311,0
2134,2325,1
2326,2134,0
2134,2327,1
2134,2328,1
2134,2329,1
2135,80,1
1094,2135,0
2135,1834,1
2135,2246,0
2143,29,1
646,2143,0
2143,700,1
2143,959,1
2143,1196,1
1221,2143,0
2143,1348,1
2143,1664,1
2143,1824,1
2144,2432,0
2145,660,1
2145,883,1
2145,1217,1
2145,1424,1
2145,1428,1
1684,2145,0
2145,1925,1
2145,2023,1
2131,2145,0
2157,2145,0
2173,2145,0
2145,2311,1
2382,2145,0
2145,2385,1
2145,2390,1
2145,2391,1
1568,2146,0
2146,2355,0
1220,2147,0
2147,2331,1
2149,1,1
5,2149,0
14,2149,0
15,2149,0
2149,26,1
2149,51,1
2149,58,1
65,2149,0
2149,79,1
80,2149,0
81,2149,0
2149,96,1
2149,100,1
188,2149,0
204,2149,0
2149,219,1
222,2149,0
275,2149,0
2149,285,1
2149,293,1
297,2149,0
2149,306,1
2149,307,1
314,2149,0
344,2149,0
2149,345,1
2149,357,1
2149,368,1
371,2149,0
2149,385,1
405,2149,0
2149,406,1
412,2149,0
445,2149,0
2149,452,1
464,2149,0
2149,472,1
2149,496,1
2149,520,1
2149,546,1
2149,554,1
568,2149,0
2149,577,1
2149,601,1
603,2149,0
605,2149,0
609,2149,0
2149,611,1
2149,619,1
2149,627,1
2149,653,1
2149,654,1
669,2149,0
670,2149,0
672,2149,0
692,2149,0
2149,696,1
2149,727,1
2149,731,1
772,2149,0
2149,809,1
831,2149,0
833,2149,0
2149,846,1
2149,870,1
889,2149,0
2149,910,1
915,2149,0
2149,939,1
2149,955,1
2149,1001,1
2149,1002,1
1005,2149,0
2149,1013,1
2149,1026,1
2149,1030,1
1048,2149,0
1058,2149,0
2149,1061,1
1076,2149,0
1077,2149,0
2149,1093,1
1142,2149,0
2149,1143,1
2149,1152,1
2149,1166,1
1176,2149,0
1187,2149,0
2149,1189,1
2149,1196,1
2149,1205,1
1215,2149,0
2149,1225,1
1228,2149,0
2149,1238,1
2149,1249,1
2149,1256,1
1260,2149,0
2149,1266,1
2149,1270,1
2149,1321,1
1327,2149,0
1333,2149,0
1354,2149,0
2149,1382,1
2149,1383,1
1389,2149,0
2149,1391,1
1398,2149,0
1404,2149,0
2149,1415,1
1425,2149,0
1427,2149,0
1430,2149,0
1479,2149,0
2149,1490,1
1494,2149,0
2149,1497,1
1499,2149,0
2149,1524,1
2149,1528,1
2149,1533,1
2149,1554,1
2149,1580,1
2149,1601,1
2149,1603,1
2149,1611,1
2149,1613,1
1662,2149,0
2149,1691,1
2149,1712,1
1717,2149,0
2149,1725,1
1732,2149,0
1752,2149,0
2149,1779,1
2149,1791,1
2149,1827,1
2149,1834,1
2149,1874,1
2149,1895,1
1927,2149,0
2149,1934,1
2149,1937,1
2149,1950,1
2149,1954,1
2149,1955,1
1985,2149,0
2001,2149,0
2037,2149,0
2149,2038,1
2149,2044,1
2149,2047,1
2149,2076,1
2101,2149,0
2149,2124,1
2149,2128,1
2129,2149,0
2149,2136,1
2149,2150,1
2149,2161,1
2149,2167,1
2149,2193,0
2149,2255,1
2149,2260,1
2149,2264,1
2149,2283,1
2149,2286,1
2299,2149,0
2149,2345,1
2368,2149,0
2370,2149,0
2149,2385,1
2149,2419,1
2432,2149,0
2149,2435,1
2149,2439,1
2149,2457,1
667,2151,0
1441,2151,0
2151,1663,1
2152,690,1
2154,2169,0
1599,2158,0
2160,1761,1
2161,2201,0
2162,180,1
2163,2308,0
78,2169,0
2169,116,1
2169,139,1
163,2169,0
2169,300,1
302,2169,0
2169,393,1
2169,408,1
2169,411,1
2169,611,1
2169,624,1
2169,634,1
635,2169,0
636,2169,0
2169,637,1
2169,717,1
741,2169,0
2169,773,1
791,2169,0
811,2169,0
817,2169,0
886,2169,0
2169,930,1
2169,935,1
1045,2169,0
2169,1135,1
2169,1153,1
2169,1167,1
2169,1189,1
2169,1215,1
1303,2169,0
1387,2169,0
1410,2169,0
2169,1423,1
2169,1470,1
2169,1522,1
2169,1535,1
1561,2169,0
2169,1594,1
2169,1610,1
1693,2169,0
2169,1717,1
2169,1726,1
2169,1776,1
1786,2169,0
2169,1790,1
1793,2169,0
2169,1809,1
2169,1836,1
2169,1867,1
2169,1997,1
2065,2169,0
2169,2076,1
2180,2169,0
2169,2301,1
2169,2342,1
2174,2447,0
2177,635,1
2179,10,1
2179,78,1
2179,139,1
287,2179,0
302,2179,0
2179,364,1
2179,409,1
412,2179,0
2179,478,1
2179,563,1
2179,634,1
2179,635,1
2179,636,1
637,2179,0
2179,717,1
817,2179,0
2179,930,1
2179,935,1
2179,1045,1
2179,1072,1
2179,1135,1
2179,1176,1
2179,1215,1
2179,1293,1
2179,1387,1
1423,2179,0
1481,2179,0
2179,1488,1
1535,2179,0
2179,1596,1
1610,2179,0
2179,1615,1
2179,1655,1
2179,1776,1
1790,2179,0
1793,2179,0
2179,1836,1
2179,1997,1
2179,2065,1
2126,2179,0
2179,2254,1
2304,2179,0
2179,2342,1
2179,2385,0
2402,2179,0
2179,2447,1
2180,2256,0
63,2181,0
215,2181,0
461,2181,0
2181,470,1
2181,687,1
2181,833,1
1298,2181,0
1820,2181,0
2181,2081,1
2181,2141,1
2183,244,1
260,2183,0
2183,457,1
2183,578,1
628,2183,0
1091,2183,0
2183,1129,1
1194,2183,0
2183,1287,1
2183,1352,1
2183,1799,1
2183,1868,1
2184,125,1
2184,239,1
2184,490,1
2184,829,1
2184,2183,1
2190,1067,1
2190,2397,1
2194,2441,0
2196,2329,0
2199,29,1
646,2199,0
700,2199,0
732,2199,0
959,2199,0
2199,1221,1
1348,2199,0
2199,1468,1
2199,1664,1
1824,2199,0
2199,1847,1
2199,2234,0
2199,2385,1
2035,2201,0
2201,2276,0
2204,2279,0
2208,1,1
387,2208,0
2208,1321,1
2211,1585,1
2212,939,1
2217,2286,0
2221,130,1
2221,304,1
2221,384,1
2221,521,1
755,2221,0
2221,1201,1
1264,2221,0
2221,1691,1
2221,2030,1
2221,2383,0
2222,2339,0
2227,115,1
2228,654,1
2228,911,1
2228,1427,1
2229,833,1
2183,2229,0
2234,1834,1
193,2235,0
1613,2235,0
2406,2235,0
2237,51,1
63,2237,0
99,2237,0
2237,874,1
889,2237,0
902,2237,0
2237,1058,1
1555,2237,0
1650,2237,0
2237,1705,1
1775,2237,0
2237,1847,1
2149,2237,0
2240,79,1
228,2240,0
293,2240,0
2240,684,1
690,2240,0
2240,1215,1
2240,1926,1
2240,1981,1
2240,2062,1
2240,2139,1
2240,2183,1
2240,2285,1
2240,2459,0
2242,269,1
2242,487,1
2243,2328,0
190,2246,0
214,2246,0
2246,584,1
2246,706,1
2246,725,1
2246,1181,1
2246,1377,1
1672,2246,0
2246,2052,1
2246,2202,1
2277,2246,0
2247,2446,1
2248,2316,0
654,2250,0
2250,911,1
2250,1427,1
2251,837,1
1382,2256,0
2266,2287,0
2266,2447,0
1405,2271,0
2275,63,1
2275,215,1
470,2275,0
2275,635,1
638,2275,0
690,2275,0
2275,833,1
2275,1215,1
2275,1298,1
2275,2081,1
241,2277,0
635,2277,0
2277,939,1
2277,1316,1
2282,755,1
2282,2337,0
2284,414,1
512,2284,0
1215,2284,0
2284,1311,1
2284,1781,1
1865,2284,0
2284,1994,1
2284,2066,1
2284,2383,1
2285,2351,0
2290,2463,0
2292,2458,0
2295,1868,1
2134,2295,0
2297,198,1
2300,188,1
2300,1221,1
2300,1348,1
2304,15,1
2304,56,1
2304,363,1
2304,415,1
2304,699,1
1040,2304,0
2304,1244,1
2304,1267,1
2304,1370,1
2304,1717,1
1837,2304,0
2312,90,1
408,2312,0
2312,476,1
2312,654,1
672,2312,0
718,2312,0
2312,781,1
2312,833,1
2312,885,1
2312,889,1
2312,935,1
939,2312,0
972,2312,0
2312,997,1
2312,1028,1
1042,2312,0
2312,1072,1
2312,1126,1
2312,1263,1
2312,1269,1
2312,1307,1
1392,2312,0
1397,2312,0
2312,1413,1
2312,1425,1
2312,1450,1
2312,1488,1
1501,2312,0
2312,1532,1
2312,1541,1
1767,2312,0
1821,2312,0
1864,2312,0
2312,1892,1
1974,2312,0
2312,1989,1
2312,2011,1
2313,1490,1
2314,1590,1
2315,78,1
2315,116,1
2315,163,1
2315,182,1
2315,302,1
2315,354,1
408,2315,0
411,2315,0
2315,478,1
2315,624,1
2315,634,1
2315,636,1
2315,637,1
717,2315,0
2315,773,1
2315,791,1
2315,817,1
2315,886,1
930,2315,0
2315,935,1
1045,2315,0
2315,1135,1
2315,1153,1
1167,2315,0
2315,1189,1
2315,1303,1
1387,2315,0
2315,1423,1
1470,2315,0
2315,1522,1
2315,1535,1
2315,1561,1
2315,1610,1
2315,1615,1
2315,1655,1
2315,1693,1
2315,1726,1
2315,1754,1
2315,1764,1
1776,2315,0
2315,1790,1
1793,2315,0
1809,2315,0
2315,1836,1
2315,1963,1
2315,1997,1
2315,2065,1
2315,2180,1
2315,2232,1
2238,2315,0
2315,2254,1
2315,2301,1
2315,2342,1
2315,2366,1
2321,95,1
2321,725,1
1316,2321,0
1377,2321,0
1702,2321,0
2321,1969,1
2277,2321,0
1663,2322,0
1871,2322,0
2322,2367,0
68,2324,0
2324,2231,1
939,2330,0
2331,338,1
2331,551,1
591,2331,0
2331,694,1
2331,758,1
2331,829,1
939,2331,0
1204,2331,0
1309,2331,0
1508,2331,0
2331,1649,1
2331,1698,1
2331,1733,1
2050,2331,0
2331,2081,1
2403,2331,0
2413,2331,0
2332,939,1
2333,939,1
2333,2353,0
2334,939,1
47,2339,0
157,2339,0
2339,414,1
653,2339,0
691,2339,0
2339,1085,1
2339,1215,1
1666,2339,0
2339,1763,1
1767,2339,0
2347,939,1
2350,2081,1
2355,102,1
427,2355,0
690,2355,0
737,2355,0
864,2355,0
963,2355,0
2355,1094,1
2355,1351,1
2355,1383,1
2355,1415,1
1416,2355,0
1441,2355,0
2355,1868,1
1921,2355,0
2355,2015,1
2053,2355,0
2355,2293,1
2356,2389,0
172,2358,0
2358,299,1
2358,318,1
654,2358,0
657,2358,0
2358,658,1
2358,833,1
2358,939,1
2358,1016,1
2358,1141,1
2358,1292,1
2358,1448,1
2358,1545,1
2358,1595,1
2358,1839,1
2358,1931,1
2358,2145,1
2358,2157,1
2257,2358,0
2358,2311,1
2362,997,1
2365,2438,0
2366,2439,0
2367,1355,1
2367,1575,1
646,2372,0
2372,733,1
2372,1085,1
1239,2372,0
2372,2331,1
2374,79,1
2374,430,1
1988,2374,0
2385,32,1
2385,328,1
81,2387,0
158,2387,0
418,2387,0
438,2387,0
2387,476,1
742,2387,0
2387,774,1
2387,823,1
2387,943,1
2387,1049,1
2387,1450,1
2387,1461,1
1754,2387,0
1880,2387,0
1922,2387,0
2077,2387,0
2387,2242,1
2348,2387,0
2474,2387,0
2389,939,1
2414,939,1
2418,328,1
2421,1847,1
2422,59,1
440,2422,0
2422,542,1
2422,603,1
811,2422,0
2422,829,1
1089,2422,0
2422,1297,1
2422,1640,1
1895,2422,0
2422,1984,1
2422,2125,1
2422,2266,1
2422,2286,1
2425,344,1
356,2425,0
2425,933,1
2425,1035,1
2425,1871,1
2425,2071,1
2429,108,1
2430,1459,1
2430,2335,1
724,2433,0
2433,1723,1
2437,307,1
2437,635,1
654,2437,0
724,2437,0
2437,1404,1
2168,2437,0
2437,2243,1
2437,2263,1
1702,2438,0
105,2442,0
2448,1650,1
1327,2449,0
2449,1834,1
2450,659,1
2451,413,1
2451,2145,1
2453,2455,0
2459,1843,1
304,2460,0
2460,1215,1
1847,2461,0
2463,293,1
2463,1085,1
864,2466,0
2466,1868,1
2467,901,1
2467,1436,1
2467,1849,1
2471,1673,1
