0,0,1
0,7,1
0,10,1
0,25,1
0,27,1
0,28,1
0,43,1
0,91,1
100,0,0
111,0,0
0,152,1
0,175,1
0,176,1
0,177,1
0,178,1
0,179,1
180,0,0
0,181,1
182,0,0
0,183,1
0,184,1
0,185,1
0,186,1
0,187,1
0,188,1
0,189,1
0,190,1
0,191,1
0,192,1
0,193,1
194,0,0
195,0,0
0,196,1
0,197,1
0,198,1
0,199,1
0,200,1
0,201,1
202,0,0
0,203,1
0,204,1
0,205,1
206,0,0
0,207,1
0,208,1
209,0,0
0,210,1
211,0,0
0,212,1
0,213,1
0,214,1
0,215,1
0,216,1
0,217,1
0,218,1
219,0,0
220,0,0
0,221,1
0,222,1
0,223,1
224,0,0
225,0,0
0,226,1
227,0,0
228,0,0
229,0,0
230,0,0
0,231,1
0,232,1
233,0,0
0,234,1
235,0,0
0,236,1
0,237,1
0,238,1
0,239,1
0,240,1
0,241,1
242,0,0
243,0,0
244,0,0
0,245,1
0,246,1
0,247,1
248,0,0
249,0,0
0,250,1
0,251,1
0,252,1
0,253,1
254,0,0
0,255,1
256,0,0
257,0,0
0,258,1
259,0,0
0,260,1
0,261,1
0,262,1
0,263,1
0,264,1
0,265,1
266,0,0
0,267,1
0,268,1
0,269,1
0,270,1
0,271,1
0,272,1
0,273,1
0,274,1
275,0,0
0,276,1
0,277,1
0,278,1
0,279,1
0,280,1
0,281,1
282,0,0
0,283,1
284,0,0
0,285,1
0,286,1
0,287,1
0,288,1
0,289,1
290,0,0
0,291,1
292,0,0
0,293,1
0,294,1
0,295,1
0,296,1
0,297,1
0,298,1
0,299,1
300,0,0
0,301,1
0,302,1
0,303,1
0,304,1
0,305,1
0,306,1
307,0,0
0,308,1
0,309,1
310,0,0
0,311,1
0,312,1
0,313,1
0,314,1
0,315,1
316,0,0
317,0,0
318,0,0
319,0,0
0,320,1
321,0,0
0,322,1
0,323,1
0,324,1
325,0,0
0,326,1
327,0,0
0,328,1
0,329,1
0,330,1
331,0,0
0,332,1
0,333,1
0,334,1
335,0,0
336,0,0
337,0,0
0,338,1
0,339,1
340,0,0
0,341,1
342,0,0
0,343,1
0,344,1
0,345,1
346,0,0
0,347,1
0,348,1
0,349,1
350,0,0
351,0,0
352,0,0
353,0,0
0,354,1
355,0,0
0,356,1
357,0,0
0,358,1
359,0,0
360,0,0
0,361,1
0,362,1
363,0,0
364,0,0
0,365,1
366,0,0
0,367,1
0,368,1
0,369,1
0,370,1
0,371,1
372,0,0
0,373,1
0,374,1
0,375,1
0,376,1
377,0,0
0,378,1
0,379,1
0,380,1
0,381,1
0,382,1
0,383,1
0,384,1
0,385,1
0,386,1
0,387,1
388,0,0
389,0,0
390,0,0
391,0,0
0,392,1
1,1,1
1,25,1
1,199,1
1,235,1
279,1,0
1,393,1
394,1,0
395,1,0
1,396,1
1,397,1
1,398,1
399,1,0
1,400,1
401,1,0
402,1,0
1,403,1
1,404,1
1,405,1
1,406,1
1,407,1
408,1,0
1,409,1
1,410,1
1,411,1
1,412,1
413,1,0
1,414,1
1,415,1
416,1,0
1,417,1
418,1,0
1,419,1
420,1,0
421,1,0
422,1,0
1,423,1
1,424,1
1,425,1
1,426,1
1,427,1
2,2,1
2,428,1
429,2,0
430,2,0
2,431,1
2,432,1
2,433,1
434,2,0
2,435,1
436,2,0
2,437,1
2,438,1
2,1428,0
3,3,1
3,43,1
3,198,1
3,245,1
3,304,1
3,439,1
440,3,0
441,3,0
3,442,1
443,3,0
3,444,1
3,445,1
3,1424,0
4,4,1
4,25,1
4,106,1
4,121,1
4,272,1
4,414,1
4,429,1
4,446,1
4,447,1
4,448,1
4,449,1
4,450,1
4,451,1
4,452,1
4,453,1
4,454,1
455,4,0
456,4,0
457,4,0
458,4,0
4,459,1
4,460,1
4,461,1
4,462,1
4,463,1
4,464,1
465,4,0
4,466,1
4,467,1
468,4,0
4,469,1
470,4,0
471,4,0
472,4,0
473,4,0
474,4,0
4,475,1
476,4,0
477,4,0
4,478,1
479,4,0
4,480,1
4,481,1
4,482,1
4,483,1
4,484,1
4,485,1
4,486,1
4,487,1
488,4,0
489,4,0
4,490,1
491,4,0
4,492,1
4,493,1
4,1586,0
5,33,1
5,191,1
5,192,1
5,193,1
195,5,0
5,197,1
5,494,1
5,495,1
496,5,0
5,497,1
5,498,1
499,5,0
5,500,1
5,501,1
502,5,0
5,503,1
5,504,1
505,5,0
5,506,1
5,507,1
508,5,0
5,509,1
510,5,0
511,5,0
5,512,1
513,5,0
514,5,0
515,5,0
516,5,0
517,5,0
5,518,1
5,519,1
520,5,0
521,5,0
5,522,1
5,523,1
524,5,0
525,5,0
526,5,0
5,527,1
5,528,1
5,529,1
5,530,1
5,531,1
5,920,0
6,8,1
9,6,0
11,6,0
6,17,1
21,6,0
22,6,0
6,28,1
6,29,1
6,61,1
6,103,1
6,104,1
108,6,0
6,112,1
158,6,0
6,164,1
6,175,1
6,186,1
188,6,0
6,189,1
6,195,1
6,206,1
6,207,1
208,6,0
6,209,1
6,236,1
6,238,1
6,239,1
240,6,0
6,242,1
6,243,1
249,6,0
6,255,1
6,276,1
6,277,1
280,6,0
6,281,1
6,282,1
6,284,1
6,285,1
6,287,1
289,6,0
290,6,0
291,6,0
6,293,1
294,6,0
6,295,1
346,6,0
6,397,1
401,6,0
405,6,0
6,409,1
6,432,1
6,441,1
6,514,1
515,6,0
6,516,1
6,517,1
6,518,1
520,6,0
6,521,1
6,522,1
6,523,1
6,524,1
6,525,1
6,526,1
528,6,0
6,532,1
6,533,1
6,534,1
535,6,0
6,536,1
6,537,1
6,538,1
6,539,1
6,540,1
6,541,1
6,542,1
6,543,1
544,6,0
545,6,0
546,6,0
6,547,1
6,548,1
6,549,1
6,550,1
6,551,1
6,552,1
6,553,1
554,6,0
555,6,0
6,556,1
6,557,1
6,558,1
559,6,0
6,560,1
561,6,0
6,562,1
563,6,0
564,6,0
6,565,1
6,566,1
6,567,1
6,568,1
569,6,0
6,570,1
571,6,0
6,572,1
6,573,1
574,6,0
575,6,0
576,6,0
6,577,1
6,578,1
6,579,1
6,580,1
581,6,0
582,6,0
6,583,1
6,584,1
6,585,1
586,6,0
6,587,1
6,588,1
589,6,0
6,590,1
591,6,0
6,592,1
593,6,0
594,6,0
6,595,1
596,6,0
6,597,1
6,598,1
599,6,0
600,6,0
601,6,0
6,602,1
603,6,0
6,604,1
605,6,0
6,606,1
6,607,1
6,608,1
6,609,1
6,610,1
6,611,1
612,6,0
6,613,1
6,614,1
6,615,1
6,616,1
6,617,1
6,618,1
619,6,0
6,620,1
6,621,1
6,622,1
623,6,0
6,624,1
625,6,0
6,626,1
627,6,0
628,6,0
6,629,1
6,630,1
6,631,1
6,632,1
6,633,1
6,634,1
6,635,1
6,636,1
637,6,0
6,638,1
6,639,1
6,640,1
641,6,0
642,6,0
6,643,1
644,6,0
6,645,1
6,646,1
6,647,1
6,648,1
6,649,1
6,650,1
6,651,1
6,652,1
6,653,1
6,654,1
6,655,1
6,656,1
657,6,0
6,658,1
6,659,1
6,660,1
661,6,0
6,662,1
6,663,1
6,664,1
6,665,1
6,666,1
6,667,1
6,668,1
669,6,0
6,670,1
671,6,0
672,6,0
6,673,1
6,674,1
675,6,0
676,6,0
677,6,0
6,678,1
679,6,0
680,6,0
681,6,0
6,682,1
6,683,1
6,684,1
6,685,1
6,686,1
687,6,0
6,688,1
6,689,1
6,690,1
691,6,0
6,692,1
693,6,0
6,694,1
695,6,0
6,696,1
697,6,0
6,698,1
6,699,1
6,700,1
6,701,1
6,702,1
703,6,0
6,704,1
6,705,1
6,706,1
6,707,1
708,6,0
6,709,1
6,710,1
6,711,1
6,712,1
6,713,1
714,6,0
6,715,1
6,716,1
6,717,1
718,6,0
6,719,1
720,6,0
6,721,1
722,6,0
6,723,1
6,724,1
6,725,1
726,6,0
727,6,0
6,728,1
729,6,0
6,730,1
6,731,1
6,1229,0
7,7,1
7,12,1
7,21,1
7,25,1
7,27,1
28,7,0
7,30,1
7,44,1
51,7,0
7,52,1
7,54,1
7,55,1
56,7,0
7,60,1
7,61,1
7,66,1
7,67,1
68,7,0
69,7,0
77,7,0
79,7,0
7,80,1
7,84,1
95,7,0
7,96,1
97,7,0
7,102,1
7,104,1
7,106,1
7,107,1
7,111,1
7,114,1
7,116,1
7,120,1
7,127,1
7,145,1
7,152,1
153,7,0
7,155,1
156,7,0
7,158,1
7,167,1
7,169,1
7,182,1
188,7,0
191,7,0
192,7,0
7,201,1
7,202,1
203,7,0
7,205,1
7,206,1
211,7,0
7,212,1
7,213,1
7,226,1
7,227,1
7,228,1
7,230,1
7,233,1
242,7,0
7,243,1
244,7,0
7,245,1
250,7,0
7,255,1
7,256,1
7,257,1
263,7,0
266,7,0
7,269,1
7,270,1
7,272,1
273,7,0
7,301,1
7,304,1
305,7,0
7,385,1
391,7,0
7,392,1
7,396,1
7,401,1
7,411,1
421,7,0
7,457,1
7,458,1
7,460,1
7,474,1
7,480,1
7,481,1
7,488,1
7,489,1
494,7,0
532,7,0
7,538,1
559,7,0
7,562,1
7,598,1
599,7,0
7,603,1
7,604,1
607,7,0
608,7,0
7,611,1
7,624,1
631,7,0
633,7,0
7,637,1
7,638,1
639,7,0
7,640,1
641,7,0
7,642,1
7,643,1
7,645,1
677,7,0
7,678,1
680,7,0
7,710,1
7,712,1
713,7,0
7,715,1
7,723,1
7,725,1
7,732,1
733,7,0
734,7,0
7,735,1
736,7,0
7,737,1
7,738,1
739,7,0
7,740,1
7,741,1
742,7,0
7,743,1
744,7,0
7,745,1
746,7,0
747,7,0
748,7,0
7,749,1
7,750,1
7,751,1
752,7,0
753,7,0
7,754,1
7,755,1
7,756,1
7,757,1
7,758,1
7,759,1
7,760,1
7,761,1
762,7,0
7,763,1
7,764,1
765,7,0
7,766,1
7,767,1
7,768,1
7,769,1
7,770,1
7,771,1
7,772,1
7,773,1
7,774,1
7,775,1
776,7,0
7,777,1
778,7,0
7,779,1
7,780,1
7,781,1
782,7,0
783,7,0
7,784,1
785,7,0
7,786,1
7,787,1
7,788,1
789,7,0
7,790,1
7,791,1
7,792,1
7,793,1
7,794,1
7,795,1
796,7,0
797,7,0
7,798,1
7,799,1
800,7,0
7,801,1
7,802,1
7,803,1
7,804,1
7,805,1
7,806,1
7,807,1
808,7,0
7,809,1
7,810,1
7,811,1
812,7,0
7,813,1
7,814,1
7,815,1
816,7,0
7,817,1
818,7,0
7,819,1
7,820,1
821,7,0
822,7,0
7,823,1
7,824,1
7,825,1
7,826,1
7,827,1
7,828,1
7,829,1
830,7,0
831,7,0
7,832,1
7,833,1
7,834,1
835,7,0
7,836,1
7,837,1
7,838,1
7,839,1
7,840,1
7,841,1
7,842,1
843,7,0
7,844,1
7,845,1
846,7,0
7,847,1
848,7,0
7,849,1
7,850,1
7,851,1
7,852,1
853,7,0
854,7,0
7,855,1
7,856,1
7,857,1
7,858,1
7,859,1
860,7,0
861,7,0
7,862,1
7,863,1
7,864,1
7,865,1
866,7,0
867,7,0
868,7,0
7,869,1
870,7,0
7,871,1
7,872,1
7,873,1
874,7,0
875,7,0
876,7,0
7,877,1
7,878,1
879,7,0
7,880,1
881,7,0
882,7,0
7,883,1
7,884,1
7,885,1
886,7,0
7,887,1
888,7,0
889,7,0
891,7,0
7,892,1
7,893,1
7,894,1
7,895,1
896,7,0
7,897,1
898,7,0
899,7,0
7,900,1
7,901,1
7,902,1
7,903,1
7,904,1
905,7,0
7,906,1
7,907,1
908,7,0
7,910,1
7,911,1
7,912,1
913,7,0
914,7,0
7,915,1
7,916,1
7,926,1
7,927,1
7,928,1
7,929,1
7,930,1
931,7,0
932,7,0
7,933,1
7,934,1
7,935,1
7,936,1
937,7,0
938,7,0
939,7,0
940,7,0
7,941,1
7,942,1
943,7,0
7,944,1
7,945,1
7,946,1
7,947,1
948,7,0
949,7,0
7,950,1
951,7,0
7,952,1
953,7,0
954,7,0
7,955,1
956,7,0
7,957,1
958,7,0
959,7,0
960,7,0
7,961,1
7,962,1
7,963,1
7,964,1
7,965,1
7,966,1
967,7,0
968,7,0
969,7,0
7,970,1
971,7,0
7,972,1
973,7,0
7,974,1
975,7,0
976,7,0
7,977,1
7,978,1
979,7,0
7,980,1
7,981,1
982,7,0
7,983,1
7,984,1
7,985,1
7,986,1
987,7,0
988,7,0
7,989,1
7,990,1
7,991,1
992,7,0
7,993,1
994,7,0
995,7,0
996,7,0
7,997,1
998,7,0
7,999,1
1000,7,0
7,1001,1
7,1002,1
7,1003,1
7,1004,1
7,1005,1
1006,7,0
7,1007,1
7,1008,1
7,1009,1
7,1010,1
7,1011,1
1012,7,0
7,1013,1
7,1014,1
7,1015,1
1016,7,0
7,1017,1
7,1018,1
7,1019,1
7,1020,1
1021,7,0
7,1022,1
1023,7,0
1024,7,0
7,1025,1
1026,7,0
1027,7,0
7,1028,1
7,1029,1
1030,7,0
1031,7,0
7,1032,1
8,8,1
8,1033,1
1034,8,0
9,9,1
13,9,0
9,28,1
36,9,0
9,41,1
43,9,0
9,48,1
9,52,1
9,82,1
88,9,0
92,9,0
9,97,1
9,98,1
99,9,0
9,100,1
9,104,1
105,9,0
9,107,1
110,9,0
9,112,1
9,117,1
118,9,0
9,119,1
122,9,0
9,127,1
9,149,1
9,153,1
9,161,1
9,163,1
9,177,1
9,215,1
9,230,1
9,234,1
9,239,1
9,246,1
9,268,1
9,284,1
9,304,1
9,340,1
428,9,0
9,440,1
9,441,1
9,442,1
457,9,0
9,465,0
468,9,0
472,9,0
9,507,1
520,9,0
521,9,0
9,522,1
523,9,0
544,9,0
548,9,0
553,9,0
9,561,1
9,562,1
9,573,1
9,621,1
9,628,1
631,9,0
9,687,1
9,694,1
9,695,1
729,9,0
9,730,1
9,734,1
738,9,0
743,9,0
9,782,1
9,802,1
9,803,1
808,9,0
810,9,0
9,819,1
828,9,0
9,834,1
9,852,1
9,862,1
9,885,1
9,888,1
891,9,0
899,9,0
905,9,0
915,9,0
928,9,0
9,971,1
1014,9,0
9,1019,1
1023,9,0
1035,9,0
9,1036,1
9,1037,1
9,1038,1
9,1039,1
9,1040,1
9,1041,1
1042,9,0
9,1043,1
1044,9,0
1045,9,0
9,1046,1
9,1047,1
9,1048,1
9,1049,1
1050,9,0
9,1051,1
1052,9,0
1053,9,0
1054,9,0
9,1055,1
9,1056,1
9,1057,1
1058,9,0
9,1059,1
9,1060,1
1061,9,0
9,1062,1
9,1063,1
9,1064,1
9,1065,1
9,1066,1
9,1067,1
9,1068,1
1069,9,0
1070,9,0
1071,9,0
1072,9,0
9,1073,1
1074,9,0
1075,9,0
1076,9,0
9,1077,1
9,1078,1
9,1079,1
9,1080,1
1081,9,0
9,1082,1
9,1083,1
9,1084,1
9,1085,1
1086,9,0
9,1087,1
9,1088,1
9,1089,1
1090,9,0
9,1091,1
1092,9,0
1093,9,0
1094,9,0
9,1095,1
9,1096,1
9,1097,1
1098,9,0
9,1099,1
1100,9,0
9,1101,1
1102,9,0
9,1103,1
1104,9,0
1105,9,0
1106,9,0
1107,9,0
1108,9,0
1109,9,0
1110,9,0
9,1111,1
1112,9,0
9,1113,1
1114,9,0
1115,9,0
9,1116,1
9,1117,1
1118,9,0
9,1119,1
9,1120,1
9,1121,1
9,1122,1
1123,9,0
1124,9,0
1125,9,0
9,1126,1
9,1127,1
1128,9,0
9,1129,1
1130,9,0
1131,9,0
9,1132,1
9,1133,1
1134,9,0
9,1135,1
9,1136,1
9,1137,1
9,1138,1
9,1139,1
1140,9,0
9,1141,1
1142,9,0
1143,9,0
9,1144,1
9,1145,1
9,1146,1
9,1147,1
9,1148,1
9,1149,1
9,1150,1
9,1151,1
1152,9,0
9,1153,1
9,1154,1
9,1155,1
9,1156,1
1157,9,0
9,1158,1
9,1159,1
9,1160,1
1161,9,0
1162,9,0
1163,9,0
9,1164,1
9,1165,1
1166,9,0
1167,9,0
9,1168,1
1169,9,0
9,1170,1
9,1171,1
9,1172,1
9,1173,1
9,1174,1
9,1175,1
9,1176,1
9,1177,1
9,1178,1
1179,9,0
1180,9,0
1181,9,0
9,1182,1
9,1183,1
1184,9,0
1185,9,0
9,1186,1
1187,9,0
1188,9,0
9,1189,1
1190,9,0
1191,9,0
9,1192,1
1193,9,0
9,1194,1
9,1195,1
9,1196,1
1197,9,0
9,1198,1
9,1199,1
9,1200,1
9,1201,1
9,1202,1
9,1203,1
9,1204,1
1205,9,0
9,1206,1
9,1207,1
1208,9,0
1209,9,0
9,1210,1
1211,9,0
9,1212,1
9,1213,1
9,1214,1
9,1215,1
1216,9,0
9,1217,1
1218,9,0
1219,9,0
9,1220,1
9,1221,1
1222,9,0
9,1223,1
9,1224,1
1225,9,0
9,1226,1
9,1227,1
1228,9,0
9,1229,1
1230,9,0
9,1231,1
9,1232,1
9,1233,1
9,1234,1
9,1235,1
9,1236,1
9,1237,1
1238,9,0
1239,9,0
9,1240,1
1241,9,0
1242,9,0
9,1243,1
9,1244,1
1245,9,0
1246,9,0
9,1247,1
9,1248,1
1249,9,0
9,1250,1
9,1251,1
9,1252,1
9,1253,1
1254,9,0
9,1255,1
9,1256,1
1257,9,0
1258,9,0
9,1259,1
9,1260,1
1261,9,0
1262,9,0
9,1263,1
9,1264,1
9,1265,1
1266,9,0
9,1267,1
9,1268,1
9,1269,1
9,1270,1
9,1271,1
9,1272,1
9,1273,1
9,1274,1
9,1275,1
1276,9,0
1277,9,0
9,1278,1
9,1279,1
9,1280,1
9,1281,1
9,1282,1
9,1283,1
9,1284,1
9,1285,1
9,1286,1
1287,9,0
1288,9,0
1289,9,0
9,1290,1
1291,9,0
9,1292,1
9,1293,1
9,1294,1
1295,9,0
1296,9,0
9,1297,1
1298,9,0
1299,9,0
1300,9,0
1301,9,0
9,1302,1
1303,9,0
1304,9,0
9,1305,1
9,1306,1
1307,9,0
9,1308,1
9,1309,1
9,1310,1
9,1311,1
1312,9,0
9,1313,1
1314,9,0
1315,9,0
1316,9,0
9,1317,1
1318,9,0
1319,9,0
1320,9,0
9,1321,1
1322,9,0
9,1323,1
9,1324,1
9,1325,1
1326,9,0
9,1327,1
9,1328,1
1329,9,0
9,1330,1
9,1331,1
9,1332,1
9,1333,1
1334,9,0
1335,9,0
9,1336,1
9,1337,1
1338,9,0
9,1339,1
1340,9,0
9,1341,1
1342,9,0
9,1343,1
9,1344,1
9,1345,1
9,1346,1
9,1347,1
9,1348,1
9,1349,1
1350,9,0
1351,9,0
9,1352,1
9,1353,1
9,1354,1
9,1355,1
1356,9,0
9,1357,1
9,1358,1
1359,9,0
9,1360,1
9,1361,1
9,1362,1
9,1363,1
1364,9,0
9,1365,1
1366,9,0
1367,9,0
9,1368,1
1369,9,0
9,1370,1
1371,9,0
9,1372,1
9,1373,1
9,1374,1
9,1375,1
9,1376,1
1377,9,0
9,1378,1
9,1379,1
9,1380,1
9,1381,1
9,1382,1
1383,9,0
9,1384,1
9,1385,1
9,1386,1
9,1387,1
10,10,1
10,15,1
10,19,1
20,10,0
10,62,1
10,65,1
10,87,1
10,91,1
10,96,1
97,10,0
10,115,1
10,129,1
10,134,1
10,143,1
148,10,0
181,10,0
182,10,0
10,190,1
10,226,1
10,227,1
10,228,1
245,10,0
304,10,0
10,308,1
319,10,0
328,10,0
10,346,1
349,10,0
10,352,1
10,353,1
10,355,1
10,366,1
10,367,1
368,10,0
10,374,1
10,385,1
10,420,1
10,452,1
479,10,0
481,10,0
534,10,0
10,546,1
10,547,1
549,10,0
551,10,0
10,554,1
10,615,1
10,635,1
10,636,1
10,638,1
10,639,1
10,665,1
671,10,0
10,730,1
780,10,0
10,781,1
10,788,1
10,791,1
10,813,1
10,814,1
10,847,1
859,10,0
10,880,1
10,888,1
10,898,1
10,915,1
10,916,1
10,997,1
1024,10,0
10,1033,1
10,1051,1
10,1082,1
10,1280,1
10,1306,1
10,1367,1
1388,10,0
10,1389,1
10,1390,1
10,1391,1
10,1392,1
10,1393,1
10,1394,1
1395,10,0
1396,10,0
1397,10,0
1398,10,0
1399,10,0
10,1400,1
10,1401,1
10,1402,1
10,1403,1
1404,10,0
10,1405,1
1406,10,0
10,1407,1
1408,10,0
1409,10,0
10,1410,1
10,1411,1
1412,10,0
10,1413,1
1414,10,0
10,1415,1
10,1416,1
10,1417,1
10,1418,1
10,1419,1
10,1420,1
1421,10,0
10,1422,1
10,1423,1
10,1424,1
10,1425,1
10,1426,1
10,1427,1
10,1428,1
10,1429,1
10,1430,1
10,1431,1
1432,10,0
10,1433,1
1434,10,0
10,1435,1
10,1436,1
10,1437,1
10,1438,1
10,1439,1
10,1440,1
10,1441,1
10,1442,1
1443,10,0
11,1,1
11,11,1
11,41,0
100,11,0
11,156,1
251,11,0
11,272,1
11,395,1
11,397,1
11,399,1
400,11,0
402,11,0
405,11,0
406,11,0
409,11,0
11,413,1
418,11,0
11,420,1
11,422,1
11,427,1
575,11,0
11,611,1
1033,11,0
11,1271,1
1444,11,0
11,1445,1
11,1446,1
1447,11,0
11,1448,1
1449,11,0
11,1450,1
1451,11,0
1452,11,0
82,12,0
12,267,1
12,400,1
406,12,0
12,419,1
12,570,1
12,575,1
12,682,1
12,683,1
952,12,0
1053,12,0
12,1069,1
1241,12,0
12,1325,1
12,1385,1
12,1453,1
12,1454,1
1455,12,0
12,1456,1
12,1457,1
12,1458,1
12,1459,1
1460,12,0
12,1461,1
12,1462,1
1463,12,0
12,1464,1
1465,12,0
12,1466,1
1467,12,0
12,1468,1
12,1469,1
12,1470,1
13,3,1
28,13,0
13,46,1
13,116,1
127,13,0
13,331,0
13,457,1
13,574,1
579,13,0
13,869,1
13,870,1
1014,13,0
13,1036,1
13,1093,1
13,1144,1
13,1206,1
1315,13,0
13,1429,1
1471,13,0
13,1472,1
13,1473,1
13,1474,1
13,1475,1
13,1476,1
1477,13,0
13,1478,1
13,1479,1
1480,13,0
13,1481,1
13,1482,1
13,1483,1
13,1484,1
1485,13,0
13,1486,1
1487,13,0
13,1488,1
1489,13,0
13,1490,1
13,1491,1
1492,13,0
1493,13,0
13,1494,1
13,1495,1
1496,13,0
13,1497,1
13,1498,1
14,14,1
109,14,0
14,549,0
14,661,1
674,14,0
14,684,1
685,14,0
14,687,1
14,1044,1
14,1230,1
1389,14,0
14,1390,1
14,1393,1
1499,14,0
14,1500,1
14,1501,1
14,1502,1
14,1503,1
1504,14,0
1505,14,0
14,1506,1
1507,14,0
14,1508,1
14,1509,1
14,1510,1
14,1511,1
1512,14,0
15,28,1
15,65,1
270,15,0
383,15,0
15,386,1
475,15,0
15,476,1
15,488,1
489,15,0
15,1407,1
1417,15,0
1418,15,0
1419,15,0
1420,15,0
15,1513,1
1514,15,0
15,1515,1
15,1516,1
1517,15,0
1518,15,0
98,16,0
16,227,0
780,16,0
16,781,1
16,921,0
1398,16,0
17,17,1
17,27,1
28,17,0
38,17,0
17,50,1
17,52,1
17,87,1
17,90,1
17,111,1
17,113,1
133,17,0
17,145,1
187,17,0
17,188,1
17,189,1
199,17,0
200,17,0
17,205,1
17,206,1
17,207,1
17,217,1
17,218,1
219,17,0
17,221,1
222,17,0
17,240,1
249,17,0
17,251,1
17,275,1
17,276,1
287,17,0
17,290,1
292,17,0
17,294,1
295,17,0
17,297,1
17,383,1
393,17,0
17,396,1
17,397,1
407,17,0
411,17,0
420,17,0
17,505,1
17,507,1
17,508,1
17,509,1
17,532,1
17,533,1
535,17,0
17,536,1
544,17,0
17,546,1
17,559,1
583,17,0
17,584,1
17,586,1
17,591,1
595,17,0
596,17,0
17,597,1
598,17,0
17,602,1
17,604,1
17,609,1
611,17,0
17,617,1
17,622,1
627,17,0
17,628,1
17,636,1
17,674,1
675,17,0
17,676,1
678,17,0
680,17,0
17,689,1
17,690,1
17,735,1
737,17,0
17,799,1
803,17,0
17,811,1
824,17,0
17,837,1
17,886,1
17,890,1
17,900,1
17,905,1
17,909,1
17,929,1
931,17,0
954,17,0
956,17,0
17,969,1
1033,17,0
17,1034,1
1058,17,0
1076,17,0
17,1120,1
17,1140,1
17,1174,1
17,1186,1
17,1198,1
17,1454,1
1519,17,0
17,1520,1
17,1521,1
17,1522,1
17,1523,1
17,1524,1
17,1525,1
1526,17,0
17,1527,1
17,1528,1
17,1529,1
17,1530,1
1531,17,0
17,1532,1
17,1533,1
17,1534,1
1535,17,0
1536,17,0
17,1537,1
1538,17,0
1539,17,0
17,1540,1
1541,17,0
17,1542,1
17,1543,1
17,1544,1
17,1545,1
17,1546,1
17,1547,1
17,1548,1
17,1549,1
17,1550,1
1551,17,0
17,1552,1
17,1553,1
1554,17,0
17,1555,1
17,1556,1
1557,17,0
17,1558,1
1559,17,0
17,1560,1
17,1561,1
17,1562,1
17,1563,1
1564,17,0
1565,17,0
1566,17,0
17,1567,1
17,1568,1
17,1569,1
17,1903,0
1570,18,0
1571,18,0
19,1006,0
20,2,1
11,20,0
20,14,1
20,16,1
20,20,1
20,60,1
63,20,0
20,64,1
98,20,0
108,20,0
109,20,0
20,130,1
20,138,1
20,141,1
20,165,1
20,172,1
20,174,1
20,177,1
20,192,1
20,202,1
20,203,1
224,20,0
258,20,0
20,266,1
20,270,1
20,273,1
20,274,1
287,20,0
20,306,1
20,307,1
20,308,1
20,320,1
321,20,0
322,20,0
328,20,0
347,20,0
349,20,0
352,20,0
353,20,0
20,355,1
356,20,0
20,357,1
20,360,1
20,364,1
20,365,1
368,20,0
20,371,1
20,374,1
20,385,1
396,20,0
417,20,0
20,420,1
422,20,0
20,423,1
20,424,1
20,434,1
441,20,0
444,20,0
445,20,0
20,456,1
475,20,0
20,506,1
507,20,0
508,20,0
20,530,1
20,533,1
538,20,0
539,20,0
548,20,0
20,556,1
560,20,0
20,562,1
20,580,1
626,20,0
20,633,1
20,645,1
20,701,0
20,722,1
734,20,0
20,796,1
20,820,1
20,827,1
847,20,0
852,20,0
20,853,1
20,892,1
20,959,1
20,999,1
20,1014,1
20,1033,1
20,1034,1
20,1040,1
20,1052,1
1067,20,0
20,1070,1
20,1072,1
20,1077,1
20,1078,1
20,1109,1
20,1128,1
20,1134,1
1145,20,0
20,1168,1
20,1186,1
20,1225,1
20,1227,1
20,1231,1
20,1255,1
20,1261,1
20,1299,1
20,1366,1
20,1374,1
1378,20,0
1394,20,0
20,1396,1
20,1397,1
20,1398,1
20,1401,1
1403,20,0
20,1407,1
1416,20,0
20,1417,1
20,1418,1
20,1419,1
20,1424,1
20,1485,1
1516,20,0
1537,20,0
20,1538,1
20,1551,1
20,1572,1
20,1573,1
20,1574,1
20,1575,1
1576,20,0
20,1577,1
20,1578,1
20,1579,1
20,1580,1
1581,20,0
20,1582,1
1583,20,0
20,1584,1
20,1585,1
20,1586,1
20,1587,1
1588,20,0
1589,20,0
1590,20,0
20,1591,1
20,1592,1
20,1593,1
20,1594,1
1595,20,0
1596,20,0
20,1597,1
1598,20,0
1599,20,0
20,1600,1
20,1601,1
20,1602,1
20,1603,1
20,1604,1
20,1605,1
20,1606,1
20,1607,1
20,1608,1
1609,20,0
20,1610,1
20,1611,1
20,1612,1
20,1613,1
20,1614,1
20,1615,1
1616,20,0
1617,20,0
1618,20,0
20,1619,1
1620,20,0
1621,20,0
20,1622,1
20,1623,1
20,1624,1
1625,20,0
1626,20,0
20,1627,1
1628,20,0
20,1629,1
1630,20,0
1631,20,0
1632,20,0
20,1633,1
1634,20,0
20,1635,1
20,1636,1
1637,20,0
20,1638,1
20,1639,1
20,1640,1
1641,20,0
1642,20,0
20,1643,1
20,1644,1
20,1645,1
1646,20,0
20,1647,1
20,1648,1
1649,20,0
1650,20,0
20,1651,1
20,1652,1
1653,20,0
20,1654,1
1655,20,0
1656,20,0
20,1657,1
20,1658,1
20,1659,1
20,1660,1
20,1661,1
20,1662,1
20,1663,1
20,1664,1
1665,20,0
20,1666,1
20,1667,1
1668,20,0
1669,20,0
1670,20,0
20,1671,1
20,1672,1
20,1673,1
20,1674,1
20,1675,1
20,1676,1
1677,20,0
20,1678,1
1679,20,0
20,1680,1
20,1681,1
1682,20,0
1683,20,0
20,1684,1
20,1685,1
1686,20,0
20,1687,1
20,1688,1
20,1689,1
20,1690,1
1691,20,0
20,1692,1
1693,20,0
20,1694,1
1695,20,0
20,1696,1
20,1697,1
1698,20,0
20,1699,1
20,2138,0
21,21,1
21,430,0
21,624,1
21,708,1
21,710,1
21,713,1
21,714,1
716,21,0
21,1975,0
22,21,1
22,22,1
22,72,0
22,496,1
497,22,0
499,22,0
500,22,0
501,22,0
22,502,1
22,505,0
531,22,0
552,22,0
22,566,1
567,22,0
22,568,1
569,22,0
22,612,1
22,624,1
22,709,1
22,710,1
22,713,1
22,715,1
22,716,1
1700,22,0
22,1701,1
22,1702,1
22,1808,0
23,1576,0
23,1703,1
1704,23,0
23,1705,1
23,1706,1
23,1707,1
24,132,0
890,24,0
24,1323,0
25,25,1
25,50,1
395,25,0
25,397,1
25,398,1
401,25,0
25,402,1
404,25,0
25,405,1
407,25,0
409,25,0
25,412,1
25,413,1
25,418,1
427,25,0
25,812,1
813,25,0
25,876,1
25,1152,0
1417,25,0
25,1418,1
25,1419,1
25,1445,1
1449,25,0
25,1450,1
25,1561,1
25,1708,1
1709,25,0
1710,25,0
1711,25,0
217,26,0
26,219,1
26,220,1
221,26,0
26,522,1
523,26,0
26,526,1
26,527,1
26,697,0
26,1207,0
26,1464,1
1465,26,0
1466,26,0
1467,26,0
26,1712,1
26,1713,1
26,1714,1
1715,26,0
26,1716,1
26,1717,1
26,1718,1
26,1719,1
27,1555,1
1563,27,0
27,1867,0
28,28,1
28,29,1
28,52,1
28,270,1
646,28,0
28,811,1
28,915,1
1033,28,0
1034,28,0
28,1288,1
28,1417,1
28,1418,1
28,1419,1
1622,28,0
28,1720,1
28,1721,1
28,1722,1
1723,28,0
28,1724,1
1725,28,0
29,29,1
29,52,1
29,318,0
29,383,1
29,386,1
29,592,0
916,29,0
29,1035,0
29,1417,1
29,1423,1
29,1516,1
30,266,0
30,463,0
1026,30,0
30,1028,1
31,1726,1
31,1727,1
32,14,1
24,32,0
32,32,1
32,65,1
32,133,1
32,220,0
32,402,1
403,32,0
32,404,1
32,413,1
795,32,0
32,796,1
32,797,1
32,829,1
32,887,1
1073,32,0
32,1280,1
1417,32,0
32,1418,1
32,1419,1
32,1420,1
32,1728,1
32,1729,1
32,1730,1
32,1731,1
32,1732,1
1733,32,0
1734,32,0
32,1735,1
32,1736,1
32,1737,1
32,1738,1
32,1739,1
32,1740,1
32,1944,0
33,158,1
164,33,0
33,175,1
33,190,1
197,33,0
33,217,1
218,33,0
33,219,1
33,220,1
33,221,1
222,33,0
33,235,1
238,33,0
33,239,1
33,242,1
33,249,1
33,275,1
33,277,1
280,33,0
282,33,0
283,33,0
33,284,1
33,287,1
288,33,0
33,289,1
33,291,1
33,292,1
33,293,1
33,294,1
296,33,0
33,515,1
33,516,1
33,517,1
518,33,0
521,33,0
522,33,0
33,523,1
33,525,1
526,33,0
33,529,1
33,532,1
33,538,1
33,545,1
552,33,0
33,555,1
556,33,0
33,557,1
575,33,0
611,33,0
617,33,0
618,33,0
33,619,1
622,33,0
33,627,1
629,33,0
33,648,1
33,650,1
651,33,0
663,33,0
33,676,1
677,33,0
33,678,1
33,680,1
33,682,1
694,33,0
695,33,0
33,696,1
33,698,1
33,699,1
33,700,1
33,702,1
33,727,1
33,728,1
33,1150,1
1280,33,0
1541,33,0
33,1542,1
33,1544,1
33,1545,1
1546,33,0
33,1547,1
1566,33,0
33,1741,1
33,1742,1
33,1980,0
33,2097,0
34,190,1
217,34,0
34,218,1
219,34,0
34,220,1
221,34,0
34,222,1
34,242,1
34,243,1
34,277,1
280,34,0
34,282,1
284,34,0
34,285,1
34,389,1
34,515,1
517,34,0
34,518,1
34,521,1
525,34,0
526,34,0
34,528,1
552,34,0
34,575,1
618,34,0
34,663,1
34,683,1
698,34,0
34,699,1
34,700,1
701,34,0
702,34,0
34,717,1
1280,34,0
34,1426,0
35,972,1
973,35,0
974,35,0
976,35,0
35,977,1
978,35,0
979,35,0
980,35,0
981,35,0
35,982,1
35,1743,1
36,36,1
36,52,1
36,65,1
36,672,1
36,916,1
1280,36,0
36,1323,1
36,1422,1
36,1744,1
36,1745,1
1746,36,0
37,412,1
413,37,0
37,832,1
37,1423,0
1747,37,0
37,1748,1
38,38,1
38,184,1
223,38,0
246,38,0
38,250,1
263,38,0
38,340,1
432,38,0
561,38,0
562,38,0
38,633,1
38,748,1
38,900,1
1052,38,0
1075,38,0
38,1306,1
1402,38,0
38,1426,1
38,1514,1
1538,38,0
38,1573,1
1633,38,0
38,1686,1
38,1749,1
38,1750,1
38,1751,1
38,1752,1
38,1753,1
38,1754,1
38,1755,1
38,1756,1
38,1757,1
38,1758,1
1759,38,0
38,1760,1
38,1761,1
38,1762,1
38,1763,1
1764,38,0
38,1765,1
38,1766,1
38,1767,1
1768,38,0
38,1769,1
38,1770,1
39,456,1
457,39,0
39,617,0
40,40,1
40,42,1
40,157,1
40,199,1
40,200,1
40,396,1
40,411,1
40,956,1
40,1119,1
40,1570,1
40,1771,1
1772,40,0
1773,40,0
40,1774,1
1775,40,0
40,1776,1
40,1777,1
40,1784,0
40,2089,0
41,1035,0
41,1145,1
1514,41,0
41,1587,1
42,42,1
42,735,1
43,211,1
244,43,0
43,245,1
43,304,1
393,43,0
1078,43,0
43,1778,1
1779,43,0
44,135,1
44,496,0
44,756,1
823,44,0
44,831,1
44,839,1
44,840,1
44,1395,1
1620,44,0
1724,44,0
1780,44,0
1781,44,0
1782,44,0
44,1783,1
44,1784,1
45,45,1
45,663,1
45,717,1
46,46,1
46,185,1
46,186,1
46,187,1
189,46,0
46,1494,1
46,1495,1
46,1497,1
47,47,1
1788,47,0
1789,47,0
48,319,0
48,346,1
534,48,0
616,48,0
664,48,0
48,671,1
48,1345,1
48,1790,1
48,1791,1
49,720,0
49,1304,1
49,1460,1
49,1468,1
1796,49,0
49,1797,1
50,50,1
50,528,0
51,51,1
753,51,0
51,754,1
51,755,1
51,756,1
51,914,1
185,52,0
52,186,1
187,52,0
52,188,1
52,386,1
52,450,1
52,453,1
52,467,1
52,561,1
52,562,1
52,563,1
52,633,1
916,52,0
52,1417,1
52,1418,1
52,1419,1
52,1645,1
52,1708,1
53,54,1
912,53,0
53,926,1
53,941,1
53,942,1
53,1015,1
1471,53,0
1847,53,0
54,54,1
54,912,1
54,929,0
54,936,1
54,941,1
54,942,1
54,1015,1
54,1016,1
55,55,1
55,56,1
55,498,0
55,670,1
55,729,1
55,1277,0
56,873,1
56,897,1
56,940,1
56,952,1
56,1275,0
57,873,1
57,994,1
58,828,0
58,934,1
58,1010,1
58,1012,1
58,1382,0
58,1848,1
430,59,0
59,434,1
59,438,1
59,1612,0
1849,59,0
59,1850,1
59,1851,1
1852,59,0
59,1853,1
59,1854,1
59,1855,1
60,815,1
60,816,1
60,817,1
887,60,0
60,1856,1
61,61,1
61,146,1
61,186,1
61,188,1
189,61,0
225,61,0
536,61,0
61,774,1
775,61,0
61,777,1
61,1513,1
61,1514,1
1555,61,0
61,1563,1
1565,61,0
61,1731,1
1802,61,0
61,1857,1
1858,61,0
1859,61,0
1860,61,0
61,1861,1
61,1862,1
61,1863,1
61,1864,1
1865,61,0
61,1866,1
62,231,0
62,562,1
633,62,0
62,780,1
63,63,1
63,274,0
63,937,1
63,938,1
954,63,0
63,972,1
973,63,0
63,975,1
63,976,1
977,63,0
63,978,1
63,979,1
63,981,1
1021,63,0
63,1022,1
1031,63,0
63,1145,1
63,1368,1
63,1433,1
63,1435,1
63,1436,1
63,1437,1
1867,63,0
1868,63,0
1869,63,0
64,43,1
64,64,1
64,127,1
64,678,0
64,781,1
64,1397,1
64,1399,1
64,1400,1
64,1401,1
1424,64,0
1870,64,0
65,19,1
65,218,1
65,219,1
65,220,1
65,221,1
65,222,1
915,65,0
65,1519,1
65,1532,1
65,1533,1
1871,65,0
65,2062,0
65,2118,0
66,66,1
66,740,1
66,741,1
66,742,1
743,66,0
744,66,0
66,745,1
746,66,0
747,66,0
877,66,0
66,878,1
882,66,0
1724,66,0
1872,66,0
1873,66,0
1874,66,0
66,1875,1
66,2059,0
901,67,0
67,903,1
68,68,1
69,69,1
192,69,0
194,69,0
460,69,0
69,752,1
69,910,0
69,968,1
70,70,1
70,560,1
70,631,1
70,645,1
28,71,0
71,71,1
383,71,0
71,810,0
863,71,0
1417,71,0
71,1418,1
71,1419,1
71,1647,0
71,2148,0
944,72,0
72,1002,1
72,1003,1
72,1876,1
72,1877,1
1878,72,0
1879,72,0
72,1880,1
73,234,1
73,384,1
73,626,0
73,1395,1
73,1723,0
141,74,0
74,580,0
74,1881,1
1882,74,0
75,1883,1
75,1884,1
75,1885,1
75,1886,1
75,1887,1
75,1902,0
76,191,1
76,192,1
193,76,0
194,76,0
76,865,1
76,1019,0
77,78,1
77,231,1
77,634,0
77,790,1
77,898,1
911,77,0
77,1545,0
78,230,1
231,78,0
78,790,1
791,78,0
79,177,0
79,205,1
79,206,1
79,207,1
79,209,1
798,79,0
800,79,0
802,79,0
79,894,1
812,80,0
80,813,1
814,80,0
81,149,1
904,81,0
81,914,0
81,1222,1
1224,81,0
81,1513,1
1514,81,0
81,1529,1
81,1587,1
81,1612,1
1802,81,0
81,1857,1
81,1859,1
81,1860,1
81,1861,1
81,1862,1
81,1864,1
81,1865,1
81,1888,1
1889,81,0
81,1890,1
81,1891,1
81,1892,1
1893,81,0
1894,81,0
1895,81,0
81,1896,1
81,1897,1
1898,81,0
81,1899,1
81,1900,1
1901,81,0
1902,81,0
81,1903,1
81,1904,1
81,1905,1
81,1906,1
81,1907,1
81,1908,1
1909,81,0
81,1910,1
1911,81,0
1912,81,0
81,1913,1
81,1914,1
81,1915,1
82,623,0
82,907,0
82,1010,0
82,1069,1
1598,82,0
1916,82,0
183,83,0
83,212,1
83,252,1
83,580,1
83,581,1
83,645,1
83,1111,1
83,1112,1
83,1119,0
83,1708,1
1734,83,0
83,1735,1
83,1916,1
83,1917,1
1918,83,0
1919,83,0
1920,83,0
83,1921,1
1922,83,0
1923,83,0
83,1924,1
1925,83,0
83,1926,1
1927,83,0
1928,83,0
84,67,1
84,84,1
84,1860,0
85,809,0
85,1929,1
86,13,1
86,1488,1
86,1924,0
1930,86,0
218,87,0
219,87,0
87,222,1
87,1519,1
87,2073,0
88,88,1
1040,88,0
88,1101,1
89,237,0
89,964,0
89,1003,0
89,1804,0
89,1859,0
1931,89,0
89,1932,1
89,1933,1
1934,89,0
90,1521,1
90,1523,1
213,91,0
92,1043,1
92,1205,0
1935,92,0
92,1936,1
93,93,1
93,370,0
93,763,1
93,764,1
93,1802,0
765,94,0
94,766,1
95,782,1
95,783,1
95,785,1
786,95,0
95,1622,0
96,96,1
96,97,1
859,96,0
96,1024,1
96,2095,0
97,97,1
97,858,1
97,859,1
860,97,0
97,861,1
1024,97,0
98,8,1
98,98,1
98,181,1
98,182,1
98,633,1
1109,98,0
98,1356,1
1442,98,0
98,1621,1
98,1950,1
98,1951,1
98,1952,1
98,1953,1
1954,98,0
99,99,1
99,314,0
99,433,0
100,946,0
100,1167,0
837,101,0
101,1955,1
101,1956,1
1957,101,0
102,102,1
102,254,0
842,102,0
102,843,1
844,102,0
102,846,1
102,1554,0
102,1680,0
1734,102,0
102,1735,1
1958,102,0
102,1959,1
102,1960,1
103,11,1
103,103,1
103,397,1
103,401,1
103,428,1
103,1132,0
103,1165,1
1452,103,0
104,104,1
104,608,1
104,614,1
104,725,1
105,104,1
105,491,0
607,105,0
608,105,0
614,105,0
105,723,1
105,724,1
725,105,0
106,143,1
106,479,1
106,481,1
106,483,1
106,1183,0
106,1416,1
1803,106,0
1826,106,0
106,1961,1
106,1962,1
106,1963,1
106,1964,1
106,1965,1
1966,106,0
106,1967,1
106,1968,1
1969,106,0
106,1970,1
106,1971,1
107,107,1
107,438,0
818,107,0
107,819,1
107,1863,0
109,339,0
109,661,1
1506,109,0
1507,109,0
1972,110,0
110,1973,1
111,111,1
300,111,0
111,305,1
877,111,0
878,111,0
112,400,0
112,636,1
637,112,0
640,112,0
665,112,0
1548,113,0
114,55,1
114,202,1
250,114,0
114,460,1
492,114,0
114,550,1
732,114,0
114,862,1
114,863,1
1662,114,0
114,1680,0
114,1958,0
114,1975,1
114,1976,1
114,1977,1
114,1978,1
114,1979,1
114,1980,1
114,1981,1
1982,114,0
114,1983,1
28,115,0
270,115,0
115,313,0
115,383,1
115,561,1
115,1098,0
115,1938,0
116,116,1
962,116,0
963,116,0
117,156,0
117,1745,0
117,1984,1
117,1985,1
117,1986,1
1987,117,0
118,377,0
118,980,0
118,1471,1
1235,119,0
119,1236,1
1988,119,0
119,1989,1
119,1990,1
119,1991,1
119,1992,1
1993,119,0
120,120,1
120,984,1
120,985,1
120,987,1
120,988,1
120,989,1
120,990,1
120,2135,0
121,121,1
121,470,1
121,484,1
485,121,0
121,621,1
122,122,1
122,285,0
122,1490,0
122,1996,1
123,11,1
100,123,0
123,103,1
272,123,0
123,412,1
123,413,1
123,420,1
123,504,0
123,780,1
123,781,1
124,124,1
183,124,0
124,184,1
124,1667,0
125,116,1
125,421,1
750,125,0
126,126,1
126,847,1
126,956,1
126,1587,0
126,1968,0
126,2016,1
2017,126,0
126,2018,1
2019,127,0
128,128,1
128,2020,1
2021,128,0
2022,128,0
128,2023,1
128,2024,1
128,2025,1
2026,128,0
129,469,1
129,480,1
129,1071,1
129,1078,0
1401,129,0
129,1755,1
129,2027,1
129,2028,1
2029,129,0
130,130,1
131,131,1
131,2030,1
131,2031,1
132,132,1
132,362,0
132,1942,1
132,1946,1
132,2032,1
132,2033,1
236,133,0
238,133,0
133,457,1
133,479,1
133,481,1
133,1429,1
133,2076,0
134,134,1
181,134,0
182,134,0
134,226,1
134,228,1
134,371,1
227,135,0
135,537,1
135,1072,0
135,1431,0
135,1725,0
135,1780,1
2037,135,0
135,2038,1
135,2039,1
2040,135,0
2041,135,0
135,2042,1
2043,135,0
2044,135,0
135,2045,1
136,412,1
136,413,1
136,693,0
136,724,0
137,137,1
137,474,0
137,1171,0
137,2046,1
137,2047,1
137,2102,0
138,691,0
139,715,0
1358,139,0
2049,139,0
140,8,1
106,140,0
140,479,1
140,480,1
140,481,1
140,1212,1
2050,140,0
2051,140,0
2052,140,0
141,1908,0
142,142,1
142,352,0
142,355,0
142,1216,1
143,140,1
386,143,0
143,469,1
143,479,1
143,480,1
780,143,0
143,781,1
143,916,1
143,1417,1
143,1418,1
143,1419,1
50,144,0
144,64,1
106,144,0
144,451,1
144,479,1
480,144,0
481,144,0
144,1132,1
144,1395,1
144,2057,1
144,2058,1
145,688,1
145,737,1
900,145,0
145,1599,0
146,316,0
146,675,0
146,1101,1
1513,146,0
146,1587,1
146,1802,1
146,1857,1
146,1859,1
146,1860,1
146,1861,1
146,1862,1
146,1863,1
1864,146,0
146,1865,1
1866,146,0
147,147,1
147,1327,0
148,373,0
148,456,1
148,1332,1
148,1657,0
148,2028,0
2072,148,0
149,314,0
149,872,1
149,1474,0
149,1876,0
149,2073,1
2074,149,0
150,150,1
150,748,0
150,925,0
150,1354,0
1657,150,0
1694,150,0
150,2081,1
150,2082,1
150,2083,1
151,151,1
151,1062,0
151,2093,1
151,2094,1
109,152,0
204,152,0
424,152,0
152,474,1
152,488,1
152,489,1
152,646,1
152,656,1
847,152,0
152,1279,1
152,1388,1
152,1425,1
1520,152,0
152,1538,1
152,1593,0
1662,152,0
1767,152,0
152,1768,1
152,1769,1
152,2084,1
152,2095,1
152,2096,1
152,2097,1
2098,152,0
2099,152,0
152,2100,1
152,2101,1
152,2102,1
2103,152,0
152,2104,1
152,2105,1
152,2106,1
1,153,0
153,8,1
61,153,0
106,153,0
123,153,0
153,271,1
153,361,0
153,396,1
153,402,1
153,420,1
153,456,1
479,153,0
153,480,1
481,153,0
153,652,1
653,153,0
654,153,0
153,1033,1
1178,153,0
153,1217,1
153,1552,1
153,2003,1
153,2150,1
153,2151,1
2152,153,0
153,2153,1
154,1265,1
154,1414,0
154,2158,1
154,2159,1
154,2160,1
2161,154,0
155,155,1
155,947,1
155,948,1
155,949,1
1025,155,0
155,1947,0
156,6,1
9,156,0
103,156,0
156,156,1
168,156,0
156,185,1
156,186,1
187,156,0
189,156,0
156,201,1
224,156,0
225,156,0
156,240,1
401,156,0
405,156,0
457,156,0
156,505,1
156,506,1
507,156,0
156,509,1
156,534,1
156,549,1
156,553,1
156,561,1
156,562,1
156,563,1
156,565,1
156,597,1
598,156,0
156,599,1
156,600,1
601,156,0
156,602,1
156,611,1
616,156,0
646,156,0
156,652,1
156,656,1
156,671,1
156,731,1
156,757,1
156,767,1
770,156,0
156,771,1
156,774,1
777,156,0
156,778,1
779,156,0
811,156,0
156,1115,1
1181,156,0
156,1182,1
156,1207,0
1367,156,0
1368,156,0
1433,156,0
156,1435,1
1436,156,0
156,1438,1
1440,156,0
156,1455,1
1463,156,0
156,1464,1
1465,156,0
156,1466,1
156,1470,1
156,1586,1
1598,156,0
156,1713,1
156,1714,1
1718,156,0
156,1719,1
156,1800,1
156,1867,1
1982,156,0
2034,156,0
2166,156,0
156,2167,1
156,2168,1
156,2169,1
156,2170,1
156,2171,1
156,2172,1
156,2173,1
156,2174,1
2175,156,0
156,2176,1
156,2177,1
156,2178,1
158,201,1
158,532,1
556,158,0
557,158,0
158,558,1
617,158,0
159,1831,1
159,2179,1
159,2180,1
159,2181,1
159,2182,1
159,2183,1
159,2184,1
2185,159,0
2186,159,0
2187,159,0
160,1524,1
160,1973,0
160,2188,1
160,2189,1
160,2190,1
161,651,0
872,161,0
162,483,0
510,162,0
512,162,0
162,2191,1
2192,162,0
163,1087,0
163,1462,1
163,1469,1
163,1545,0
164,164,1
164,647,1
164,649,1
164,650,1
164,651,1
165,1054,0
165,1056,0
165,2193,1
267,166,0
166,1325,1
2194,166,0
167,945,1
167,1007,1
167,1008,1
167,1009,1
168,82,1
168,827,1
1069,168,0
168,1118,1
168,1531,1
168,1733,1
2053,168,0
168,2054,1
168,2055,1
2195,168,0
168,2196,1
2197,168,0
168,2198,1
169,740,0
1004,169,0
1005,169,0
169,1285,0
170,170,1
170,755,0
170,1086,1
1346,170,0
170,1545,1
170,1896,1
170,2199,1
171,226,1
171,251,0
171,845,1
171,958,1
2200,171,0
2201,172,0
2147,173,0
173,2202,1
705,174,0
174,1300,1
2056,174,0
174,2203,1
174,2204,1
175,1910,0
176,1486,0
178,1706,0
179,1808,0
180,964,0
180,1097,0
180,1578,0
181,659,0
181,1007,0
181,1975,0
184,741,0
184,791,0
184,1262,0
186,915,0
187,357,0
189,661,0
190,1817,0
191,2032,0
194,1907,0
196,1694,0
196,1848,0
196,1903,0
198,1904,0
199,1055,0
199,1273,0
199,1669,0
200,524,0
201,1557,0
202,1679,0
203,378,0
204,263,0
205,499,0
206,713,0
206,1015,0
208,2097,0
209,1656,0
210,1619,0
210,1965,0
212,817,0
213,1056,0
213,1710,0
214,1576,0
216,1496,0
217,1834,0
220,1156,0
222,1237,0
224,1600,0
224,1837,0
226,1870,0
227,608,0
227,1737,0
229,1068,0
229,1823,0
230,1343,0
230,1373,0
231,1671,0
233,2115,0
234,2150,0
235,1580,0
236,1314,0
236,1334,0
240,824,0
240,1129,0
240,1266,0
242,497,0
242,1270,0
243,1277,0
248,1100,0
251,2037,0
253,2016,0
254,359,0
255,2196,0
256,466,0
257,1150,0
259,1377,0
259,1953,0
262,1168,0
262,1378,0
263,460,0
266,322,0
266,699,0
267,484,0
270,453,0
273,325,0
273,727,0
275,1642,0
276,1973,0
277,742,0
278,924,0
278,1272,0
278,1636,0
279,1686,0
279,2082,0
279,2187,0
283,1578,0
284,1888,0
285,424,0
285,1897,0
285,1997,0
287,1029,0
287,1137,0
288,676,0
288,794,0
288,1861,0
288,2087,0
289,592,0
290,1174,0
290,1854,0
291,1301,0
291,1924,0
292,432,0
295,1352,0
297,1240,0
297,1477,0
304,1269,0
304,1637,0
307,909,0
307,1108,0
308,1279,0
309,538,0
309,1947,0
310,774,0
310,831,0
310,1962,0
314,1370,0
315,2082,0
317,1415,0
317,1526,0
317,1605,0
319,1852,0
320,386,0
322,821,0
322,1088,0
323,652,0
323,1827,0
324,2184,0
325,392,0
326,1246,0
326,1256,0
326,2185,0
327,557,0
328,1667,0
329,1352,0
329,1638,0
330,1221,0
332,1105,0
338,1993,0
339,1039,0
340,732,0
341,1721,0
342,1288,0
342,1740,0
343,613,0
344,1051,0
345,973,0
345,1103,0
345,1317,0
348,2146,0
352,437,0
355,696,0
356,772,0
358,1538,0
359,1510,0
359,1837,0
362,958,0
365,1978,0
366,992,0
369,2031,0
372,1363,0
373,472,0
376,1696,0
376,1978,0
378,1966,0
379,882,0
382,530,0
383,395,0
384,580,0
386,1258,0
386,2057,0
387,1878,0
387,2126,0
390,1171,0
391,1432,0
392,1713,0
392,1790,0
393,929,0
394,1653,0
395,449,0
397,1105,0
397,1589,0
399,1327,0
399,1777,0
400,756,0
403,446,0
403,1043,0
403,1906,0
405,646,0
407,981,0
408,720,0
408,1188,0
410,1240,0
410,1925,0
413,557,0
413,1299,0
413,1824,0
415,986,0
415,1685,0
416,2186,0
417,2022,0
418,772,0
418,1392,0
419,1398,0
420,2122,0
422,556,0
422,1043,0
422,1430,0
422,1436,0
424,2175,0
426,433,0
427,1461,0
428,878,0
430,954,0
430,1398,0
430,2202,0
432,1320,0
433,1424,0
433,2172,0
434,511,0
435,795,0
436,1054,0
438,1510,0
438,2193,0
439,1238,0
439,1548,0
440,1664,0
442,1934,0
443,792,0
445,1649,0
445,2165,0
446,1395,0
448,1189,0
448,1701,0
450,1355,0
450,1453,0
452,1925,0
453,1485,0
453,2063,0
454,459,0
455,1535,0
455,1890,0
456,1830,0
457,1857,0
459,492,0
459,1485,0
460,1147,0
460,1402,0
461,2186,0
462,1922,0
463,1666,0
464,1079,0
467,1282,0
468,1405,0
468,2152,0
469,705,0
470,755,0
470,1135,0
471,1971,0
472,964,0
472,1511,0
478,1718,0
483,1174,0
484,1797,0
484,2118,0
486,1525,0
488,611,0
488,946,0
488,1831,0
490,1695,0
491,1549,0
493,827,0
493,1953,0
494,621,0
494,810,0
496,2029,0
500,634,0
501,776,0
501,1497,0
502,1209,0
503,1110,0
505,674,0
505,1348,0
506,566,0
507,792,0
507,1864,0
507,2083,0
507,2116,0
508,1164,0
510,1797,0
513,874,0
514,1011,0
515,1309,0
516,1354,0
516,1731,0
517,734,0
519,849,0
520,1262,0
521,685,0
521,1163,0
521,1810,0
522,1723,0
524,663,0
524,1771,0
526,542,0
527,1778,0
527,2095,0
527,2181,0
528,1452,0
529,1069,0
529,1377,0
529,1504,0
530,955,0
532,1690,0
533,1722,0
534,1742,0
536,1378,0
538,897,0
538,1337,0
539,571,0
539,2000,0
543,1979,0
544,1358,0
545,1278,0
548,567,0
548,609,0
548,942,0
548,1719,0
550,637,0
551,579,0
551,704,0
551,763,0
554,1077,0
555,594,0
555,985,0
556,1206,0
557,1305,0
558,1327,0
558,2049,0
558,2190,0
559,1660,0
560,1166,0
560,1771,0
564,1326,0
565,1088,0
566,1044,0
566,2064,0
567,780,0
567,898,0
568,875,0
568,1441,0
570,1258,0
570,1840,0
571,934,0
571,1816,0
573,883,0
575,1485,0
580,918,0
581,778,0
581,2073,0
585,1415,0
586,1915,0
587,1398,0
591,1226,0
591,1269,0
591,1848,0
592,716,0
592,1174,0
592,1662,0
593,878,0
595,645,0
598,1389,0
599,1341,0
601,989,0
603,846,0
603,2046,0
604,1462,0
604,1805,0
605,1719,0
606,773,0
606,2200,0
609,1122,0
609,2159,0
610,760,0
614,1143,0
614,1170,0
618,1328,0
619,1452,0
621,1114,0
621,1374,0
623,2157,0
624,789,0
624,1479,0
626,1948,0
628,1682,0
630,819,0
633,731,0
637,793,0
637,1756,0
638,1349,0
638,1989,0
639,879,0
640,1753,0
640,1759,0
644,648,0
645,2196,0
649,1723,0
650,913,0
650,2040,0
651,1653,0
652,1162,0
653,1159,0
653,2164,0
655,1170,0
658,1846,0
659,847,0
659,1298,0
660,979,0
661,1471,0
662,2031,0
665,735,0
666,713,0
666,863,0
666,1855,0
667,703,0
668,1315,0
670,1355,0
670,2152,0
671,1264,0
675,766,0
675,1301,0
677,1224,0
678,1500,0
679,1982,0
680,2080,0
682,784,0
682,1579,0
686,1572,0
686,1713,0
686,1975,0
687,1576,0
689,2080,0
693,1666,0
694,1231,0
698,1165,0
699,1789,0
701,1059,0
701,1484,0
701,1918,0
702,938,0
704,1724,0
705,1892,0
708,906,0
709,870,0
710,834,0
713,2146,0
714,1314,0
715,1487,0
716,1398,0
718,1564,0
719,755,0
719,1781,0
720,1211,0
720,2047,0
721,1948,0
722,1146,0
722,1950,0
722,2197,0
724,833,0
727,1041,0
730,776,0
733,2150,0
734,807,0
734,875,0
734,1713,0
736,1185,0
737,1596,0
738,1764,0
740,1061,0
740,1236,0
742,1493,0
748,1395,0
752,1725,0
754,2066,0
754,2197,0
755,2052,0
757,1066,0
761,1736,0
762,1084,0
763,973,0
764,2132,0
765,816,0
765,1785,0
768,1162,0
768,1648,0
770,793,0
770,948,0
770,1577,0
771,1114,0
772,1403,0
773,2046,0
776,1419,0
776,2085,0
777,1614,0
784,1798,0
785,1483,0
786,1044,0
787,852,0
787,1587,0
790,1430,0
793,1547,0
794,1069,0
794,1753,0
795,2083,0
796,1265,0
796,1480,0
796,1731,0
800,1876,0
802,1270,0
803,1624,0
804,1540,0
805,1459,0
810,1183,0
812,1318,0
813,941,0
814,1179,0
814,1787,0
817,1633,0
818,1052,0
819,1317,0
819,1857,0
821,1232,0
823,965,0
825,1461,0
828,959,0
830,2029,0
833,1481,0
834,894,0
834,1424,0
834,2001,0
836,858,0
837,1349,0
839,1863,0
840,846,0
840,1018,0
840,1067,0
840,1204,0
840,1849,0
841,939,0
844,917,0
845,968,0
845,1175,0
845,1500,0
845,1909,0
846,1562,0
846,1627,0
848,1153,0
848,1313,0
849,1377,0
856,1758,0
859,2195,0
860,1112,0
861,2050,0
862,1851,0
862,1855,0
866,1887,0
870,1865,0
873,992,0
873,1582,0
874,1574,0
874,1875,0
874,2170,0
875,1757,0
875,2101,0
876,1590,0
879,1949,0
880,1127,0
887,1266,0
889,903,0
890,1930,0
891,1168,0
898,2121,0
899,1160,0
899,2200,0
908,1263,0
910,1996,0
911,1136,0
911,1221,0
913,1368,0
913,1998,0
916,1964,0
918,1376,0
921,1983,0
926,1013,0
927,1673,0
928,1707,0
930,1156,0
930,1174,0
930,1734,0
932,1158,0
932,1576,0
932,1967,0
933,974,0
934,1797,0
935,1656,0
938,1011,0
939,1682,0
940,1036,0
941,1741,0
941,1768,0
943,944,0
943,1849,0
944,1469,0
945,1188,0
945,2012,0
950,1852,0
952,1524,0
954,1046,0
955,1068,0
956,1044,0
957,1319,0
959,2073,0
960,2060,0
964,1296,0
965,1471,0
966,1543,0
968,1396,0
968,1711,0
969,1282,0
969,1383,0
970,1101,0
970,1823,0
970,1830,0
970,1901,0
974,1360,0
975,1380,0
975,1464,0
975,2049,0
980,1647,0
980,2086,0
982,1304,0
982,1901,0
984,1519,0
984,1862,0
985,1730,0
985,1949,0
987,1377,0
987,1995,0
990,1537,0
992,1190,0
992,2142,0
993,1242,0
999,1529,0
999,1641,0
1000,1393,0
1000,1843,0
1001,1354,0
1003,1680,0
1004,1035,0
1011,1301,0
1011,1521,0
1012,1094,0
1012,1177,0
1013,1691,0
1017,1236,0
1017,1443,0
1018,1909,0
1021,1405,0
1022,1832,0
1024,1352,0
1025,1745,0
1028,1552,0
1028,1741,0
1029,1537,0
1030,1431,0
1032,1756,0
1032,2196,0
1035,1716,0
1037,1257,0
1039,1197,0
1039,2016,0
1044,1078,0
1046,1814,0
1046,2033,0
1047,1150,0
1049,1844,0
1056,1807,0
1059,1229,0
1059,1672,0
1059,2024,0
1060,1446,0
1061,1295,0
1062,1548,0
1064,1774,0
1065,1249,0
1068,1403,0
1068,1737,0
1071,1921,0
1077,1790,0
1078,2112,0
1081,2175,0
1082,1748,0
1082,2036,0
1084,1967,0
1087,1376,0
1089,1811,0
1093,1123,0
1098,1372,0
1099,1192,0
1101,1651,0
1103,1801,0
1105,1291,0
1106,1173,0
1107,1218,0
1108,1981,0
1116,1215,0
1117,1759,0
1120,1461,0
1121,2158,0
1123,1980,0
1124,2046,0
1125,1444,0
1125,1559,0
1131,1138,0
1132,1262,0
1132,2117,0
1133,1186,0
1133,1903,0
1133,2175,0
1135,1910,0
1136,1427,0
1136,1648,0
1136,1937,0
1136,2148,0
1137,1330,0
1137,2157,0
1138,1469,0
1141,1186,0
1141,1401,0
1142,1638,0
1142,2156,0
1146,1942,0
1147,1643,0
1149,1497,0
1151,1855,0
1153,2001,0
1157,1690,0
1159,1351,0
1162,1706,0
1163,1277,0
1166,1650,0
1167,1233,0
1168,1172,0
1176,1414,0
1176,1543,0
1176,1678,0
1177,1503,0
1179,1783,0
1180,1555,0
1185,1910,0
1186,1709,0
1190,2145,0
1199,1615,0
1201,1350,0
1201,1469,0
1202,2130,0
1207,2083,0
1208,1857,0
1210,1712,0
1213,1523,0
1214,1336,0
1214,1843,0
1220,1322,0
1220,1777,0
1221,1543,0
1221,1662,0
1223,2098,0
1226,1462,0
1229,2149,0
1237,2188,0
1244,1922,0
1251,1342,0
1251,1725,0
1251,2144,0
1252,1488,0
1263,1608,0
1267,1768,0
1274,1747,0
1276,2073,0
1278,1393,0
1279,2002,0
1281,1876,0
1284,2022,0
1284,2194,0
1285,2060,0
1287,1741,0
1288,1876,0
1288,2019,0
1293,1557,0
1293,2182,0
1301,1369,0
1303,1834,0
1304,2031,0
1305,1357,0
1308,2101,0
1309,1441,0
1309,1622,0
1316,1348,0
1321,1521,0
1321,1753,0
1321,1780,0
1322,1428,0
1332,1865,0
1333,2080,0
1337,1764,0
1338,1824,0
1342,2119,0
1343,1626,0
1345,1496,0
1345,1807,0
1348,1799,0
1353,1696,0
1357,1670,0
1360,1601,0
1361,1910,0
1361,1922,0
1365,1446,0
1367,2159,0
1374,2162,0
1376,1769,0
1377,1796,0
1378,1616,0
1380,1403,0
1380,1724,0
1380,1830,0
1383,1563,0
1387,2132,0
1388,1631,0
1394,2046,0
1395,1458,0
1395,2087,0
1396,1582,0
1397,1819,0
1398,1592,0
1404,1632,0
1410,1932,0
1413,1627,0
1416,1943,0
1422,1681,0
1425,1529,0
1425,1623,0
1426,2202,0
1430,2171,0
1431,1449,0
1433,1516,0
1433,1548,0
1433,1567,0
1437,1877,0
1438,1952,0
1438,1978,0
1441,1579,0
1453,1828,0
1453,1968,0
1454,2192,0
1455,1803,0
1457,2026,0
1460,2043,0
1467,2153,0
1474,1591,0
1475,1831,0
1479,1700,0
1486,1737,0
1490,2167,0
1491,1688,0
1491,2027,0
1491,2201,0
1494,2106,0
1496,1926,0
1499,1537,0
1505,1815,0
1509,1751,0
1510,2182,0
1512,1550,0
1514,1921,0
1519,2073,0
1520,1568,0
1520,1626,0
1520,1753,0
1521,2144,0
1522,1691,0
1535,1869,0
1537,1985,0
1540,1910,0
1541,2147,0
1547,1682,0
1552,2037,0
1552,2138,0
1558,1697,0
1561,1925,0
1561,2102,0
1565,1834,0
1565,1892,0
1572,2052,0
1573,1999,0
1573,2190,0
1580,2162,0
1581,1951,0
1582,1836,0
1584,2150,0
1593,1741,0
1596,2065,0
1596,2072,0
1599,2153,0
1602,1669,0
1606,1675,0
1607,1621,0
1609,1630,0
1611,1839,0
1615,1646,0
1621,1918,0
1624,1706,0
1630,1697,0
1633,1850,0
1637,2119,0
1638,1832,0
1639,1888,0
1640,1889,0
1643,1721,0
1654,1711,0
1658,2050,0
1661,2007,0
1663,1867,0
1665,2111,0
1666,2192,0
1667,1987,0
1671,2193,0
1675,1713,0
1677,1703,0
1677,1709,0
1680,2080,0
1681,1907,0
1686,1878,0
1687,2153,0
1691,1891,0
1703,1997,0
1708,1742,0
1712,1862,0
1718,1923,0
1722,1757,0
1725,2041,0
1730,1967,0
1733,1777,0
1734,2159,0
1748,1953,0
1752,2016,0
1760,1896,0
1761,2014,0
1772,1853,0
1789,2169,0
1790,1942,0
1804,1956,0
1813,2105,0
1839,1916,0
1858,2132,0
1869,2055,0
1885,2002,0
1889,1963,0
1889,2129,0
1893,1914,0
1912,1968,0
1921,2089,0
1924,2093,0
1933,2037,0
1936,1951,0
1939,2031,0
1939,2171,0
1987,2148,0
2001,2114,0
2014,2121,0
2019,2124,0
2037,2133,0
2051,2067,0
2056,2155,0
2109,2162,0
2110,2153,0
2118,2128,0
2129,2131,0
