0,10,1
0,25,1
0,27,1
0,28,1
0,43,1
0,91,1
0,100,1
0,111,1
0,152,1
0,161,3
0,175,1
0,176,1
0,177,1
0,178,1
0,179,1
0,180,1
0,181,1
0,182,1
0,183,1
0,184,1
0,185,1
0,186,1
0,187,1
0,188,1
0,189,1
0,190,1
0,191,1
0,192,1
0,193,1
0,194,1
0,195,1
0,196,1
0,197,1
0,198,1
0,199,1
0,200,1
0,201,1
0,202,1
0,203,1
0,204,1
0,205,1
0,206,1
0,207,1
0,208,1
0,209,1
0,210,1
0,211,1
0,212,1
0,213,1
0,214,1
0,215,1
0,216,1
0,217,1
0,218,1
0,219,1
0,220,1
0,221,1
0,222,1
0,223,1
0,224,1
0,225,1
0,226,1
0,227,1
0,228,1
0,229,1
0,230,1
0,231,1
0,232,1
0,233,1
0,234,1
0,235,1
0,236,1
0,237,1
0,238,1
0,239,1
0,240,1
0,241,1
0,242,1
0,243,1
0,244,1
0,245,1
0,246,1
0,247,1
0,248,1
0,249,1
0,250,1
0,251,1
0,252,1
0,253,1
0,254,1
0,255,1
0,256,1
0,257,1
0,258,1
0,259,1
0,260,1
0,261,1
0,262,1
0,263,1
0,264,1
0,265,1
0,266,1
0,267,1
0,268,1
0,269,1
0,270,1
0,271,1
0,272,1
0,273,1
0,274,1
0,275,1
0,276,1
0,277,1
0,278,1
0,279,1
0,280,1
0,281,1
0,282,1
0,283,1
0,284,1
0,285,1
0,286,1
0,287,1
0,288,1
0,289,1
0,290,1
0,291,1
0,292,1
0,293,1
0,294,1
0,295,1
0,296,1
0,297,1
0,298,1
0,299,1
0,300,1
0,301,1
0,302,1
0,303,1
0,304,1
0,305,1
0,306,1
0,307,1
0,308,1
0,309,1
0,310,1
0,311,1
0,312,1
0,313,1
0,314,1
0,315,1
0,316,1
0,317,1
0,318,1
0,319,1
0,320,1
0,321,1
0,322,1
0,323,1
0,324,1
0,325,1
0,326,1
0,327,1
0,328,1
0,329,1
0,330,1
0,331,1
0,332,1
0,333,1
0,334,1
0,335,1
0,336,1
0,337,1
0,338,1
0,339,1
0,340,1
0,341,1
0,342,1
0,343,1
0,344,1
0,345,1
0,346,1
0,347,1
0,348,1
0,349,1
0,350,1
0,351,1
0,352,1
0,353,1
0,354,1
0,355,1
0,356,1
0,357,1
0,358,1
0,359,1
0,360,1
0,361,1
0,362,1
0,363,1
0,364,1
0,365,1
0,366,1
0,367,1
0,368,1
0,369,1
0,370,1
0,371,1
0,372,1
0,373,1
0,374,1
0,375,1
0,376,1
0,377,1
0,378,1
0,379,1
0,380,1
0,381,1
0,382,1
0,383,1
0,384,1
0,385,1
0,386,1
0,387,1
0,388,1
0,389,1
0,390,1
0,391,1
0,392,1
0,463,3
0,1922,3
0,2127,3
1,199,1
1,235,1
1,279,1
1,393,1
1,394,1
1,395,1
1,396,1
1,397,1
1,398,1
1,399,1
1,400,1
1,401,1
1,402,1
1,403,1
1,404,1
1,405,1
1,406,1
1,407,1
1,408,1
1,409,1
1,410,1
1,411,1
1,412,1
1,413,1
1,414,1
1,415,1
1,416,1
1,417,1
1,418,1
1,419,1
1,420,1
1,421,1
1,422,1
1,423,1
1,424,1
1,425,1
1,426,1
1,427,1
1,903,3
1,2110,3
2,417,3
2,428,1
2,429,1
2,430,1
2,431,1
2,432,1
2,433,1
2,434,1
2,435,1
2,436,1
2,437,1
2,438,1
2,1114,3
2,1295,3
2,1492,3
3,43,1
3,198,1
3,245,1
3,304,1
3,439,1
3,440,1
3,441,1
3,442,1
3,443,1
3,444,1
3,445,1
3,980,3
3,1313,3
4,25,1
4,106,1
4,121,1
4,272,1
4,414,1
4,429,1
4,446,1
4,447,1
4,448,1
4,449,1
4,450,1
4,451,1
4,452,1
4,453,1
4,454,1
4,455,1
4,456,1
4,457,1
4,458,1
4,459,1
4,460,1
4,461,1
4,462,1
4,463,1
4,464,1
4,465,1
4,466,1
4,467,1
4,468,1
4,469,1
4,470,1
4,471,1
4,472,1
4,473,1
4,474,1
4,475,1
4,476,1
4,477,1
4,478,1
4,479,1
4,480,1
4,481,1
4,482,1
4,483,1
4,484,1
4,485,1
4,486,1
4,487,1
4,488,1
4,489,1
4,490,1
4,491,1
4,492,1
4,493,1
4,717,3
4,1036,3
4,1929,3
5,33,1
5,165,3
5,191,1
5,192,1
5,193,1
5,195,1
5,197,1
5,260,3
5,494,1
5,495,1
5,496,1
5,497,1
5,498,1
5,499,1
5,500,1
5,501,1
5,502,1
5,503,1
5,504,1
5,505,1
5,506,1
5,507,1
5,508,1
5,509,1
5,510,1
5,511,1
5,512,1
5,513,1
5,514,1
5,515,1
5,516,1
5,517,1
5,518,1
5,519,1
5,520,1
5,521,1
5,522,1
5,523,1
5,524,1
5,525,1
5,526,1
5,527,1
5,528,1
5,529,1
5,530,1
5,531,1
5,561,3
6,8,1
6,9,1
6,11,1
6,21,1
6,22,1
6,28,1
6,29,1
6,61,1
6,103,1
6,104,1
6,108,1
6,112,1
6,158,1
6,164,1
6,175,1
6,186,1
6,188,1
6,189,1
6,195,1
6,206,1
6,207,1
6,208,1
6,209,1
6,236,1
6,238,1
6,239,1
6,240,1
6,242,1
6,243,1
6,249,1
6,255,1
6,276,1
6,277,1
6,279,3
6,280,1
6,281,1
6,282,1
6,284,1
6,285,1
6,287,1
6,289,1
6,290,1
6,291,1
6,293,1
6,294,1
6,295,1
6,346,1
6,397,1
6,401,1
6,405,1
6,409,1
6,432,1
6,441,1
6,514,1
6,515,1
6,516,1
6,517,1
6,518,1
6,520,1
6,521,1
6,522,1
6,523,1
6,524,1
6,525,1
6,526,1
6,528,1
6,532,1
6,533,1
6,534,1
6,535,1
6,536,1
6,537,1
6,538,1
6,539,1
6,540,1
6,541,1
6,542,1
6,543,1
6,544,1
6,545,1
6,546,1
6,547,1
6,548,1
6,549,1
6,550,1
6,551,1
6,552,1
6,553,1
6,554,1
6,555,1
6,556,1
6,557,1
6,558,1
6,559,1
6,560,1
6,561,1
6,562,1
6,563,1
6,564,1
6,565,1
6,566,1
6,567,1
6,568,1
6,569,1
6,570,1
6,571,1
6,572,1
6,573,1
6,574,1
6,575,1
6,576,1
6,577,1
6,578,1
6,579,1
6,580,1
6,581,1
6,582,1
6,583,1
6,584,1
6,585,1
6,586,1
6,587,1
6,588,1
6,589,1
6,590,1
6,591,1
6,592,1
6,593,1
6,594,1
6,595,1
6,596,1
6,597,1
6,598,1
6,599,1
6,600,1
6,601,1
6,602,1
6,603,1
6,604,1
6,605,1
6,606,1
6,607,1
6,608,1
6,609,1
6,610,1
6,611,1
6,612,1
6,613,1
6,614,1
6,615,1
6,616,1
6,617,1
6,618,1
6,619,1
6,620,1
6,621,1
6,622,1
6,623,1
6,624,1
6,625,1
6,626,1
6,627,1
6,628,1
6,629,1
6,630,1
6,631,1
6,632,1
6,633,1
6,634,1
6,635,1
6,636,1
6,637,1
6,638,1
6,639,1
6,640,1
6,641,1
6,642,1
6,643,1
6,644,1
6,645,1
6,646,1
6,647,1
6,648,1
6,649,1
6,650,1
6,651,1
6,652,1
6,653,1
6,654,1
6,655,1
6,656,1
6,657,1
6,658,1
6,659,1
6,660,1
6,661,1
6,662,1
6,663,1
6,664,1
6,665,1
6,666,1
6,667,1
6,668,1
6,669,1
6,670,1
6,671,1
6,672,1
6,673,1
6,674,1
6,675,1
6,676,1
6,677,1
6,678,1
6,679,1
6,680,1
6,681,1
6,682,1
6,683,1
6,684,1
6,685,1
6,686,1
6,687,1
6,688,1
6,689,1
6,690,1
6,691,1
6,692,1
6,693,1
6,694,1
6,695,1
6,696,1
6,697,1
6,698,1
6,699,1
6,700,1
6,701,1
6,702,1
6,703,1
6,704,1
6,705,1
6,706,1
6,707,1
6,708,1
6,709,1
6,710,1
6,711,1
6,712,1
6,713,1
6,714,1
6,715,1
6,716,1
6,717,1
6,718,1
6,719,1
6,720,1
6,721,1
6,722,1
6,723,1
6,724,1
6,725,1
6,726,1
6,727,1
6,728,1
6,729,1
6,730,1
6,731,1
7,12,1
7,21,1
7,25,1
7,27,1
7,28,1
7,30,1
7,44,1
7,51,1
7,52,1
7,54,1
7,55,1
7,56,1
7,60,1
7,61,1
7,66,1
7,67,1
7,68,1
7,69,1
7,77,1
7,79,1
7,80,1
7,84,1
7,95,1
7,96,1
7,97,1
7,102,1
7,104,1
7,106,1
7,107,1
7,111,1
7,114,1
7,116,1
7,120,1
7,127,1
7,145,1
7,152,1
7,153,1
7,155,1
7,156,1
7,158,1
7,167,1
7,169,1
7,182,1
7,188,1
7,191,1
7,192,1
7,201,1
7,202,1
7,203,1
7,205,1
7,206,1
7,211,1
7,212,1
7,213,1
7,226,1
7,227,1
7,228,1
7,230,1
7,233,1
7,242,1
7,243,1
7,244,1
7,245,1
7,250,1
7,255,1
7,256,1
7,257,1
7,263,1
7,266,1
7,269,1
7,270,1
7,272,1
7,273,1
7,301,1
7,304,1
7,305,1
7,385,1
7,391,1
7,392,1
7,396,1
7,401,1
7,411,1
7,421,1
7,457,1
7,458,1
7,460,1
7,474,1
7,480,1
7,481,1
7,488,1
7,489,1
7,494,1
7,532,1
7,538,1
7,544,3
7,559,1
7,562,1
7,598,1
7,599,1
7,603,1
7,604,1
7,607,1
7,608,1
7,611,1
7,624,1
7,631,1
7,633,1
7,637,1
7,638,1
7,639,1
7,640,1
7,641,1
7,642,1
7,643,1
7,645,1
7,677,1
7,678,1
7,680,1
7,710,1
7,712,1
7,713,1
7,715,1
7,723,1
7,725,1
7,732,1
7,733,1
7,734,1
7,735,1
7,736,1
7,737,1
7,738,1
7,739,1
7,740,1
7,741,1
7,742,1
7,743,1
7,744,1
7,745,1
7,746,1
7,747,1
7,748,1
7,749,1
7,750,1
7,751,1
7,752,1
7,753,1
7,754,1
7,755,1
7,756,1
7,757,1
7,758,1
7,759,1
7,760,1
7,761,1
7,762,1
7,763,1
7,764,1
7,765,1
7,766,1
7,767,1
7,768,1
7,769,1
7,770,1
7,771,1
7,772,1
7,773,1
7,774,1
7,775,1
7,776,1
7,777,1
7,778,1
7,779,1
7,780,1
7,781,1
7,782,1
7,783,1
7,784,1
7,785,1
7,786,1
7,787,1
7,788,1
7,789,1
7,790,1
7,791,1
7,792,1
7,793,1
7,794,1
7,795,1
7,796,1
7,797,1
7,798,1
7,799,1
7,800,1
7,801,1
7,802,1
7,803,1
7,804,1
7,805,1
7,806,1
7,807,1
7,808,1
7,809,1
7,810,1
7,811,1
7,812,1
7,813,1
7,814,1
7,815,1
7,816,1
7,817,1
7,818,1
7,819,1
7,820,1
7,821,1
7,822,1
7,823,1
7,824,1
7,825,1
7,826,1
7,827,1
7,828,1
7,829,1
7,830,1
7,831,1
7,832,1
7,833,1
7,834,1
7,835,1
7,836,1
7,837,1
7,838,1
7,839,1
7,840,1
7,841,1
7,842,1
7,843,1
7,844,1
7,845,1
7,846,1
7,847,1
7,848,1
7,849,1
7,850,1
7,851,1
7,852,1
7,853,1
7,854,1
7,855,1
7,856,1
7,857,1
7,858,1
7,859,1
7,860,1
7,861,1
7,862,1
7,863,1
7,864,1
7,865,1
7,866,1
7,867,1
7,868,1
7,869,1
7,870,1
7,871,1
7,872,1
7,873,1
7,874,1
7,875,1
7,876,1
7,877,1
7,878,1
7,879,1
7,880,1
7,881,1
7,882,1
7,883,1
7,884,1
7,885,1
7,886,1
7,887,1
7,888,1
7,889,1
7,891,1
7,892,1
7,893,1
7,894,1
7,895,1
7,896,1
7,897,1
7,898,1
7,899,1
7,900,1
7,901,1
7,902,1
7,903,1
7,904,1
7,905,1
7,906,1
7,907,1
7,908,1
7,910,1
7,911,1
7,912,1
7,913,1
7,914,1
7,915,1
7,916,1
7,926,1
7,927,1
7,928,1
7,929,1
7,930,1
7,931,1
7,932,1
7,933,1
7,934,1
7,935,1
7,936,1
7,937,1
7,938,1
7,939,1
7,940,1
7,941,1
7,942,1
7,943,1
7,944,1
7,945,1
7,946,1
7,947,1
7,948,1
7,949,1
7,950,1
7,951,1
7,952,1
7,953,1
7,954,1
7,955,1
7,956,1
7,957,1
7,958,1
7,959,1
7,960,1
7,961,1
7,962,1
7,963,1
7,964,1
7,965,1
7,966,1
7,967,1
7,968,1
7,969,1
7,970,1
7,971,1
7,972,1
7,973,1
7,974,1
7,975,1
7,976,1
7,977,1
7,978,1
7,979,1
7,980,1
7,981,1
7,982,1
7,983,1
7,984,1
7,985,1
7,986,1
7,987,1
7,988,1
7,989,1
7,990,1
7,991,1
7,992,1
7,993,1
7,994,1
7,995,1
7,996,1
7,997,1
7,998,1
7,999,1
7,1000,1
7,1001,1
7,1002,1
7,1003,1
7,1004,1
7,1005,1
7,1006,1
7,1007,1
7,1008,1
7,1009,1
7,1010,1
7,1011,1
7,1012,1
7,1013,1
7,1014,1
7,1015,1
7,1016,1
7,1017,1
7,1018,1
7,1019,1
7,1020,1
7,1021,1
7,1022,1
7,1023,1
7,1024,1
7,1025,1
7,1026,1
7,1027,1
7,1028,1
7,1029,1
7,1030,1
7,1031,1
7,1032,1
8,1033,1
8,1034,1
8,1278,3
9,13,1
9,28,1
9,34,3
9,36,1
9,41,1
9,43,1
9,48,1
9,52,1
9,82,1
9,88,1
9,92,1
9,97,1
9,98,1
9,99,1
9,100,1
9,104,1
9,105,1
9,107,1
9,110,1
9,112,1
9,117,1
9,118,1
9,119,1
9,122,1
9,127,1
9,149,1
9,153,1
9,161,1
9,163,1
9,177,1
9,215,1
9,230,1
9,234,1
9,239,1
9,246,1
9,268,1
9,284,1
9,304,1
9,340,1
9,428,1
9,440,1
9,441,1
9,442,1
9,457,1
9,468,1
9,472,1
9,507,1
9,520,1
9,521,1
9,522,1
9,523,1
9,544,1
9,548,1
9,553,1
9,561,1
9,562,1
9,573,1
9,621,1
9,628,1
9,631,1
9,687,1
9,694,1
9,695,1
9,729,1
9,730,1
9,734,1
9,738,1
9,743,1
9,782,1
9,802,1
9,803,1
9,808,1
9,810,1
9,819,1
9,828,1
9,834,1
9,852,1
9,862,1
9,885,1
9,888,1
9,891,1
9,899,1
9,905,1
9,915,1
9,928,1
9,971,1
9,1014,1
9,1019,1
9,1023,1
9,1035,1
9,1036,1
9,1037,1
9,1038,1
9,1039,1
9,1040,1
9,1041,1
9,1042,1
9,1043,1
9,1044,1
9,1045,1
9,1046,1
9,1047,1
9,1048,1
9,1049,1
9,1050,1
9,1051,1
9,1052,1
9,1053,1
9,1054,1
9,1055,1
9,1056,1
9,1057,1
9,1058,1
9,1059,1
9,1060,1
9,1061,1
9,1062,1
9,1063,1
9,1064,1
9,1065,1
9,1066,1
9,1067,1
9,1068,1
9,1069,1
9,1070,1
9,1071,1
9,1072,1
9,1073,1
9,1074,1
9,1075,1
9,1076,1
9,1077,1
9,1078,1
9,1079,1
9,1080,1
9,1081,1
9,1082,1
9,1083,1
9,1084,1
9,1085,1
9,1086,1
9,1087,1
9,1088,1
9,1089,1
9,1090,1
9,1091,1
9,1092,1
9,1093,1
9,1094,1
9,1095,1
9,1096,1
9,1097,1
9,1098,1
9,1099,1
9,1100,1
9,1101,1
9,1102,1
9,1103,1
9,1104,1
9,1105,1
9,1106,1
9,1107,1
9,1108,1
9,1109,1
9,1110,1
9,1111,1
9,1112,1
9,1113,1
9,1114,1
9,1115,1
9,1116,1
9,1117,1
9,1118,1
9,1119,1
9,1120,1
9,1121,1
9,1122,1
9,1123,1
9,1124,1
9,1125,1
9,1126,1
9,1127,1
9,1128,1
9,1129,1
9,1130,1
9,1131,1
9,1132,1
9,1133,1
9,1134,1
9,1135,1
9,1136,1
9,1137,1
9,1138,1
9,1139,1
9,1140,1
9,1141,1
9,1142,1
9,1143,1
9,1144,1
9,1145,1
9,1146,1
9,1147,1
9,1148,1
9,1149,1
9,1150,1
9,1151,1
9,1152,1
9,1153,1
9,1154,1
9,1155,1
9,1156,1
9,1157,1
9,1158,1
9,1159,1
9,1160,1
9,1161,1
9,1162,1
9,1163,1
9,1164,1
9,1165,1
9,1166,1
9,1167,1
9,1168,1
9,1169,1
9,1170,1
9,1171,1
9,1172,1
9,1173,1
9,1174,1
9,1175,1
9,1176,1
9,1177,1
9,1178,1
9,1179,1
9,1180,1
9,1181,1
9,1182,1
9,1183,1
9,1184,1
9,1185,1
9,1186,1
9,1187,1
9,1188,1
9,1189,1
9,1190,1
9,1191,1
9,1192,1
9,1193,1
9,1194,1
9,1195,1
9,1196,1
9,1197,1
9,1198,1
9,1199,1
9,1200,1
9,1201,1
9,1202,1
9,1203,1
9,1204,1
9,1205,1
9,1206,1
9,1207,1
9,1208,1
9,1209,1
9,1210,1
9,1211,1
9,1212,1
9,1213,1
9,1214,1
9,1215,1
9,1216,1
9,1217,1
9,1218,1
9,1219,1
9,1220,1
9,1221,1
9,1222,1
9,1223,1
9,1224,1
9,1225,1
9,1226,1
9,1227,1
9,1228,1
9,1229,1
9,1230,1
9,1231,1
9,1232,1
9,1233,1
9,1234,1
9,1235,1
9,1236,1
9,1237,1
9,1238,1
9,1239,1
9,1240,1
9,1241,1
9,1242,1
9,1243,1
9,1244,1
9,1245,1
9,1246,1
9,1247,1
9,1248,1
9,1249,1
9,1250,1
9,1251,1
9,1252,1
9,1253,1
9,1254,1
9,1255,1
9,1256,1
9,1257,1
9,1258,1
9,1259,1
9,1260,1
9,1261,1
9,1262,1
9,1263,1
9,1264,1
9,1265,1
9,1266,1
9,1267,1
9,1268,1
9,1269,1
9,1270,1
9,1271,1
9,1272,1
9,1273,1
9,1274,1
9,1275,1
9,1276,1
9,1277,1
9,1278,1
9,1279,1
9,1280,1
9,1281,1
9,1282,1
9,1283,1
9,1284,1
9,1285,1
9,1286,1
9,1287,1
9,1288,1
9,1289,1
9,1290,1
9,1291,1
9,1292,1
9,1293,1
9,1294,1
9,1295,1
9,1296,1
9,1297,1
9,1298,1
9,1299,1
9,1300,1
9,1301,1
9,1302,1
9,1303,1
9,1304,1
9,1305,1
9,1306,1
9,1307,1
9,1308,1
9,1309,1
9,1310,1
9,1311,1
9,1312,1
9,1313,1
9,1314,1
9,1315,1
9,1316,1
9,1317,1
9,1318,1
9,1319,1
9,1320,1
9,1321,1
9,1322,1
9,1323,1
9,1324,1
9,1325,1
9,1326,1
9,1327,1
9,1328,1
9,1329,1
9,1330,1
9,1331,1
9,1332,1
9,1333,1
9,1334,1
9,1335,1
9,1336,1
9,1337,1
9,1338,1
9,1339,1
9,1340,1
9,1341,1
9,1342,1
9,1343,1
9,1344,1
9,1345,1
9,1346,1
9,1347,1
9,1348,1
9,1349,1
9,1350,1
9,1351,1
9,1352,1
9,1353,1
9,1354,1
9,1355,1
9,1356,1
9,1357,1
9,1358,1
9,1359,1
9,1360,1
9,1361,1
9,1362,1
9,1363,1
9,1364,1
9,1365,1
9,1366,1
9,1367,1
9,1368,1
9,1369,1
9,1370,1
9,1371,1
9,1372,1
9,1373,1
9,1374,1
9,1375,1
9,1376,1
9,1377,1
9,1378,1
9,1379,1
9,1380,1
9,1381,1
9,1382,1
9,1383,1
9,1384,1
9,1385,1
9,1386,1
9,1387,1
9,2021,3
10,15,1
10,19,1
10,20,1
10,62,1
10,65,1
10,87,1
10,96,1
10,97,1
10,115,1
10,129,1
10,134,1
10,143,1
10,148,1
10,181,1
10,182,1
10,190,1
10,226,1
10,227,1
10,228,1
10,245,1
10,304,1
10,308,1
10,319,1
10,328,1
10,346,1
10,349,1
10,352,1
10,353,1
10,355,1
10,366,1
10,367,1
10,368,1
10,374,1
10,385,1
10,420,1
10,452,1
10,479,1
10,481,1
10,534,1
10,546,1
10,547,1
10,549,1
10,551,1
10,554,1
10,615,1
10,635,1
10,636,1
10,638,1
10,639,1
10,665,1
10,671,1
10,730,1
10,780,1
10,781,1
10,788,1
10,791,1
10,813,1
10,814,1
10,847,1
10,859,1
10,880,1
10,888,1
10,898,1
10,915,1
10,916,1
10,932,3
10,997,1
10,1024,1
10,1033,1
10,1051,1
10,1082,1
10,1280,1
10,1306,1
10,1367,1
10,1388,1
10,1389,1
10,1390,1
10,1391,1
10,1392,1
10,1393,1
10,1394,1
10,1395,1
10,1396,1
10,1397,1
10,1398,1
10,1399,1
10,1400,1
10,1401,1
10,1402,1
10,1403,1
10,1404,1
10,1405,1
10,1406,1
10,1407,1
10,1408,1
10,1409,1
10,1410,1
10,1411,1
10,1412,1
10,1413,1
10,1414,1
10,1415,1
10,1416,1
10,1417,1
10,1418,1
10,1419,1
10,1420,1
10,1421,1
10,1422,1
10,1423,1
10,1424,1
10,1425,1
10,1426,1
10,1427,1
10,1428,1
10,1429,1
10,1430,1
10,1431,1
10,1432,1
10,1433,1
10,1434,1
10,1435,1
10,1436,1
10,1437,1
10,1438,1
10,1439,1
10,1440,1
10,1441,1
10,1442,1
10,1443,1
11,1,1
11,100,1
11,251,1
11,272,1
11,395,1
11,397,1
11,399,1
11,400,1
11,402,1
11,405,1
11,406,1
11,409,1
11,413,1
11,418,1
11,420,1
11,422,1
11,427,1
11,575,1
11,611,1
11,639,3
11,1033,1
11,1271,1
11,1444,1
11,1445,1
11,1446,1
11,1447,1
11,1448,1
11,1449,1
11,1450,1
11,1451,1
11,1452,1
12,82,1
12,267,1
12,400,1
12,406,1
12,419,1
12,570,1
12,575,1
12,641,3
12,682,1
12,683,1
12,865,3
12,952,1
12,1053,1
12,1069,1
12,1241,1
12,1325,1
12,1385,1
12,1434,3
12,1453,1
12,1454,1
12,1455,1
12,1456,1
12,1457,1
12,1458,1
12,1459,1
12,1460,1
12,1461,1
12,1462,1
12,1463,1
12,1464,1
12,1465,1
12,1466,1
12,1467,1
12,1468,1
12,1469,1
12,1470,1
13,3,1
13,28,1
13,46,1
116,13,0
127,13,0
457,13,0
574,13,0
579,13,0
869,13,0
870,13,0
1014,13,0
1036,13,0
1093,13,0
1144,13,0
1206,13,0
1315,13,0
1429,13,0
1471,13,0
1472,13,0
1473,13,0
1474,13,0
1475,13,0
1476,13,0
1477,13,0
1478,13,0
1479,13,0
1480,13,0
1481,13,0
1482,13,0
1483,13,0
1484,13,0
1485,13,0
1486,13,0
1487,13,0
1488,13,0
1489,13,0
1490,13,0
1491,13,0
1492,13,0
1493,13,0
1494,13,0
1495,13,0
1496,13,0
1497,13,0
1498,13,0
13,1819,3
13,1905,3
14,26,3
109,14,0
14,249,3
14,306,3
14,491,3
661,14,0
674,14,0
684,14,0
685,14,0
687,14,0
14,774,3
1044,14,0
1230,14,0
1389,14,0
1390,14,0
1393,14,0
1499,14,0
1500,14,0
1501,14,0
1502,14,0
1503,14,0
1504,14,0
1505,14,0
1506,14,0
1507,14,0
1508,14,0
1509,14,0
1510,14,0
1511,14,0
1512,14,0
14,1875,3
28,15,0
65,15,0
270,15,0
383,15,0
386,15,0
475,15,0
476,15,0
488,15,0
489,15,0
15,597,3
1407,15,0
1417,15,0
1418,15,0
1419,15,0
1420,15,0
1513,15,0
1514,15,0
1515,15,0
1516,15,0
1517,15,0
1518,15,0
15,1885,3
15,2194,3
98,16,0
780,16,0
781,16,0
1398,16,0
16,1534,3
16,2036,3
27,17,0
28,17,0
38,17,0
50,17,0
52,17,0
17,69,3
87,17,0
90,17,0
111,17,0
113,17,0
133,17,0
145,17,0
187,17,0
188,17,0
189,17,0
199,17,0
200,17,0
205,17,0
206,17,0
207,17,0
217,17,0
218,17,0
219,17,0
221,17,0
222,17,0
240,17,0
249,17,0
251,17,0
275,17,0
276,17,0
287,17,0
290,17,0
292,17,0
294,17,0
295,17,0
297,17,0
383,17,0
393,17,0
396,17,0
397,17,0
407,17,0
411,17,0
420,17,0
505,17,0
507,17,0
508,17,0
509,17,0
532,17,0
533,17,0
535,17,0
536,17,0
544,17,0
546,17,0
559,17,0
583,17,0
584,17,0
586,17,0
591,17,0
595,17,0
596,17,0
597,17,0
598,17,0
602,17,0
604,17,0
609,17,0
611,17,0
617,17,0
622,17,0
627,17,0
628,17,0
636,17,0
674,17,0
675,17,0
676,17,0
678,17,0
680,17,0
689,17,0
690,17,0
735,17,0
737,17,0
799,17,0
803,17,0
811,17,0
824,17,0
837,17,0
886,17,0
890,17,0
900,17,0
905,17,0
909,17,0
929,17,0
931,17,0
954,17,0
956,17,0
969,17,0
1033,17,0
1034,17,0
1058,17,0
1076,17,0
1120,17,0
1140,17,0
1174,17,0
1186,17,0
1198,17,0
1454,17,0
1519,17,0
1520,17,0
1521,17,0
1522,17,0
1523,17,0
1524,17,0
1525,17,0
1526,17,0
1527,17,0
1528,17,0
1529,17,0
1530,17,0
1531,17,0
1532,17,0
1533,17,0
1534,17,0
1535,17,0
1536,17,0
1537,17,0
1538,17,0
1539,17,0
1540,17,0
1541,17,0
1542,17,0
1543,17,0
1544,17,0
1545,17,0
1546,17,0
1547,17,0
1548,17,0
1549,17,0
1550,17,0
1551,17,0
1552,17,0
1553,17,0
1554,17,0
1555,17,0
1556,17,0
1557,17,0
1558,17,0
1559,17,0
1560,17,0
1561,17,0
1562,17,0
1563,17,0
1564,17,0
1565,17,0
1566,17,0
1567,17,0
1568,17,0
1569,17,0
17,1691,3
1570,18,0
1571,18,0
18,1932,3
19,1462,3
19,1934,3
2,20,0
11,20,0
14,20,0
16,20,0
60,20,0
63,20,0
64,20,0
20,94,3
98,20,0
108,20,0
109,20,0
130,20,0
138,20,0
141,20,0
165,20,0
172,20,0
174,20,0
177,20,0
192,20,0
202,20,0
203,20,0
224,20,0
258,20,0
266,20,0
270,20,0
273,20,0
274,20,0
287,20,0
306,20,0
307,20,0
308,20,0
320,20,0
321,20,0
322,20,0
328,20,0
347,20,0
349,20,0
352,20,0
353,20,0
355,20,0
356,20,0
357,20,0
360,20,0
364,20,0
365,20,0
368,20,0
371,20,0
374,20,0
385,20,0
396,20,0
417,20,0
420,20,0
422,20,0
423,20,0
424,20,0
434,20,0
441,20,0
444,20,0
445,20,0
456,20,0
475,20,0
506,20,0
507,20,0
508,20,0
530,20,0
533,20,0
538,20,0
539,20,0
548,20,0
556,20,0
560,20,0
562,20,0
580,20,0
626,20,0
633,20,0
645,20,0
722,20,0
734,20,0
796,20,0
820,20,0
827,20,0
847,20,0
852,20,0
853,20,0
892,20,0
959,20,0
999,20,0
1014,20,0
1033,20,0
1034,20,0
1040,20,0
1052,20,0
1067,20,0
1070,20,0
1072,20,0
1077,20,0
1078,20,0
1109,20,0
1128,20,0
1134,20,0
1145,20,0
1168,20,0
1186,20,0
1225,20,0
1227,20,0
1231,20,0
1255,20,0
1261,20,0
1299,20,0
1366,20,0
1374,20,0
1378,20,0
1394,20,0
1396,20,0
1397,20,0
1398,20,0
1401,20,0
1403,20,0
1407,20,0
1416,20,0
1417,20,0
1418,20,0
1419,20,0
1424,20,0
1485,20,0
1516,20,0
1537,20,0
1538,20,0
1551,20,0
1572,20,0
1573,20,0
1574,20,0
1575,20,0
1576,20,0
1577,20,0
1578,20,0
1579,20,0
1580,20,0
1581,20,0
1582,20,0
1583,20,0
1584,20,0
1585,20,0
1586,20,0
1587,20,0
1588,20,0
1589,20,0
1590,20,0
1591,20,0
1592,20,0
1593,20,0
1594,20,0
1595,20,0
1596,20,0
1597,20,0
1598,20,0
1599,20,0
1600,20,0
1601,20,0
1602,20,0
1603,20,0
1604,20,0
1605,20,0
1606,20,0
1607,20,0
1608,20,0
1609,20,0
1610,20,0
1611,20,0
1612,20,0
1613,20,0
1614,20,0
1615,20,0
1616,20,0
1617,20,0
1618,20,0
1619,20,0
1620,20,0
1621,20,0
1622,20,0
1623,20,0
1624,20,0
1625,20,0
1626,20,0
1627,20,0
1628,20,0
1629,20,0
1630,20,0
1631,20,0
1632,20,0
1633,20,0
1634,20,0
1635,20,0
1636,20,0
1637,20,0
1638,20,0
1639,20,0
1640,20,0
1641,20,0
1642,20,0
1643,20,0
1644,20,0
1645,20,0
1646,20,0
1647,20,0
1648,20,0
1649,20,0
1650,20,0
1651,20,0
1652,20,0
1653,20,0
1654,20,0
1655,20,0
1656,20,0
1657,20,0
1658,20,0
1659,20,0
1660,20,0
1661,20,0
1662,20,0
1663,20,0
1664,20,0
1665,20,0
1666,20,0
1667,20,0
1668,20,0
1669,20,0
1670,20,0
1671,20,0
1672,20,0
1673,20,0
1674,20,0
1675,20,0
1676,20,0
1677,20,0
1678,20,0
1679,20,0
1680,20,0
1681,20,0
1682,20,0
1683,20,0
1684,20,0
1685,20,0
1686,20,0
1687,20,0
1688,20,0
1689,20,0
1690,20,0
1691,20,0
1692,20,0
1693,20,0
1694,20,0
1695,20,0
1696,20,0
1697,20,0
1698,20,0
1699,20,0
624,21,0
708,21,0
710,21,0
713,21,0
714,21,0
716,21,0
21,1520,3
21,22,0
496,22,0
497,22,0
499,22,0
500,22,0
501,22,0
502,22,0
531,22,0
552,22,0
566,22,0
567,22,0
568,22,0
569,22,0
612,22,0
624,22,0
22,661,3
709,22,0
710,22,0
713,22,0
715,22,0
716,22,0
1700,22,0
1701,22,0
1702,22,0
1703,23,0
1704,23,0
1705,23,0
1706,23,0
1707,23,0
24,160,3
24,538,3
890,24,0
24,1494,3
24,1769,3
24,1819,3
24,2073,3
50,25,0
395,25,0
397,25,0
398,25,0
401,25,0
402,25,0
404,25,0
405,25,0
407,25,0
409,25,0
412,25,0
413,25,0
418,25,0
427,25,0
25,459,3
812,25,0
813,25,0
876,25,0
1417,25,0
1418,25,0
1419,25,0
1445,25,0
1449,25,0
1450,25,0
1561,25,0
1708,25,0
1709,25,0
1710,25,0
1711,25,0
217,26,0
219,26,0
220,26,0
221,26,0
522,26,0
523,26,0
526,26,0
527,26,0
26,1015,3
1464,26,0
1465,26,0
1466,26,0
1467,26,0
1712,26,0
1713,26,0
1714,26,0
1715,26,0
1716,26,0
1717,26,0
1718,26,0
1719,26,0
27,554,3
27,1069,3
1555,27,0
1563,27,0
27,1615,3
270,28,0
28,302,3
646,28,0
811,28,0
915,28,0
28,994,3
1033,28,0
1034,28,0
1288,28,0
1417,28,0
1418,28,0
1419,28,0
1622,28,0
1720,28,0
1721,28,0
1722,28,0
1723,28,0
1724,28,0
1725,28,0
28,2167,3
28,2195,3
383,29,0
386,29,0
916,29,0
1417,29,0
1423,29,0
1516,29,0
29,2091,3
1026,30,0
1028,30,0
30,1236,3
30,1875,3
31,1182,3
1726,31,0
1727,31,0
14,32,0
24,32,0
65,32,0
32,119,3
133,32,0
32,387,3
402,32,0
403,32,0
404,32,0
413,32,0
795,32,0
796,32,0
797,32,0
829,32,0
887,32,0
1073,32,0
1280,32,0
1417,32,0
1418,32,0
1419,32,0
1420,32,0
32,1564,3
1728,32,0
1729,32,0
1730,32,0
1731,32,0
1732,32,0
1733,32,0
1734,32,0
1735,32,0
1736,32,0
1737,32,0
1738,32,0
1739,32,0
1740,32,0
32,2014,3
158,33,0
164,33,0
175,33,0
190,33,0
197,33,0
217,33,0
218,33,0
219,33,0
220,33,0
221,33,0
222,33,0
235,33,0
238,33,0
239,33,0
242,33,0
249,33,0
275,33,0
277,33,0
280,33,0
282,33,0
283,33,0
284,33,0
287,33,0
288,33,0
289,33,0
291,33,0
292,33,0
293,33,0
294,33,0
296,33,0
33,354,3
515,33,0
516,33,0
517,33,0
518,33,0
521,33,0
522,33,0
523,33,0
525,33,0
526,33,0
529,33,0
532,33,0
538,33,0
545,33,0
552,33,0
555,33,0
556,33,0
557,33,0
575,33,0
611,33,0
617,33,0
618,33,0
619,33,0
622,33,0
627,33,0
629,33,0
648,33,0
650,33,0
651,33,0
663,33,0
676,33,0
677,33,0
678,33,0
680,33,0
682,33,0
694,33,0
695,33,0
696,33,0
698,33,0
699,33,0
700,33,0
702,33,0
727,33,0
728,33,0
1150,33,0
1280,33,0
1541,33,0
1542,33,0
1544,33,0
1545,33,0
1546,33,0
1547,33,0
1566,33,0
1741,33,0
1742,33,0
190,34,0
217,34,0
218,34,0
219,34,0
220,34,0
221,34,0
222,34,0
242,34,0
243,34,0
277,34,0
280,34,0
282,34,0
284,34,0
285,34,0
389,34,0
515,34,0
517,34,0
518,34,0
521,34,0
525,34,0
526,34,0
528,34,0
552,34,0
575,34,0
618,34,0
663,34,0
683,34,0
698,34,0
699,34,0
700,34,0
701,34,0
702,34,0
717,34,0
1280,34,0
35,70,3
972,35,0
973,35,0
974,35,0
976,35,0
977,35,0
978,35,0
979,35,0
980,35,0
981,35,0
982,35,0
1743,35,0
52,36,0
65,36,0
672,36,0
36,854,3
916,36,0
1280,36,0
1323,36,0
1422,36,0
36,1714,3
1744,36,0
1745,36,0
1746,36,0
37,168,3
37,202,3
412,37,0
413,37,0
832,37,0
1747,37,0
1748,37,0
37,1839,3
184,38,0
223,38,0
246,38,0
250,38,0
263,38,0
340,38,0
432,38,0
561,38,0
562,38,0
633,38,0
748,38,0
900,38,0
1052,38,0
1075,38,0
38,1080,3
1306,38,0
1402,38,0
1426,38,0
1514,38,0
1538,38,0
1573,38,0
1633,38,0
1686,38,0
1749,38,0
1750,38,0
1751,38,0
1752,38,0
1753,38,0
1754,38,0
1755,38,0
1756,38,0
1757,38,0
1758,38,0
1759,38,0
1760,38,0
1761,38,0
1762,38,0
1763,38,0
1764,38,0
1765,38,0
1766,38,0
1767,38,0
1768,38,0
1769,38,0
1770,38,0
39,202,3
456,39,0
457,39,0
42,40,0
157,40,0
199,40,0
200,40,0
396,40,0
411,40,0
956,40,0
1119,40,0
1570,40,0
1771,40,0
1772,40,0
1773,40,0
1774,40,0
1775,40,0
1776,40,0
1777,40,0
41,173,3
41,621,3
1145,41,0
1514,41,0
1587,41,0
42,731,3
735,42,0
42,2008,3
211,43,0
244,43,0
245,43,0
304,43,0
43,392,3
393,43,0
43,467,3
1078,43,0
43,1090,3
1778,43,0
1779,43,0
135,44,0
44,503,3
756,44,0
823,44,0
831,44,0
839,44,0
840,44,0
1395,44,0
1620,44,0
1724,44,0
1780,44,0
1781,44,0
1782,44,0
1783,44,0
1784,44,0
663,45,0
717,45,0
45,933,3
45,2124,3
185,46,0
186,46,0
187,46,0
189,46,0
1494,46,0
1495,46,0
1497,46,0
46,1612,3
46,1876,3
46,1915,3
47,1091,3
1788,47,0
1789,47,0
346,48,0
534,48,0
616,48,0
664,48,0
671,48,0
48,1135,3
1345,48,0
1790,48,0
1791,48,0
49,552,3
1304,49,0
1460,49,0
1468,49,0
1796,49,0
1797,49,0
51,264,3
753,51,0
754,51,0
755,51,0
756,51,0
914,51,0
185,52,0
186,52,0
187,52,0
188,52,0
386,52,0
450,52,0
453,52,0
467,52,0
561,52,0
562,52,0
563,52,0
52,627,3
633,52,0
916,52,0
1417,52,0
1418,52,0
1419,52,0
1645,52,0
1708,52,0
54,53,0
912,53,0
926,53,0
941,53,0
942,53,0
1015,53,0
1471,53,0
1847,53,0
912,54,0
936,54,0
941,54,0
942,54,0
1015,54,0
1016,54,0
54,1791,3
54,1899,3
54,2109,3
670,55,0
729,55,0
55,2089,3
56,712,3
873,56,0
897,56,0
940,56,0
952,56,0
873,57,0
994,57,0
57,1167,3
57,1458,3
58,829,3
934,58,0
1010,58,0
1012,58,0
1848,58,0
430,59,0
434,59,0
438,59,0
1849,59,0
1850,59,0
1851,59,0
1852,59,0
1853,59,0
1854,59,0
1855,59,0
815,60,0
816,60,0
817,60,0
887,60,0
60,1732,3
1856,60,0
146,61,0
186,61,0
188,61,0
189,61,0
225,61,0
536,61,0
774,61,0
775,61,0
777,61,0
61,1158,3
1513,61,0
1514,61,0
1555,61,0
1563,61,0
1565,61,0
1731,61,0
1802,61,0
1857,61,0
1858,61,0
1859,61,0
1860,61,0
1861,61,0
1862,61,0
1863,61,0
1864,61,0
1865,61,0
1866,61,0
61,2054,3
562,62,0
633,62,0
62,742,3
780,62,0
63,400,3
937,63,0
938,63,0
954,63,0
972,63,0
973,63,0
975,63,0
976,63,0
977,63,0
978,63,0
979,63,0
981,63,0
1021,63,0
1022,63,0
1031,63,0
1145,63,0
63,1173,3
1368,63,0
1433,63,0
1435,63,0
1436,63,0
1437,63,0
1867,63,0
1868,63,0
1869,63,0
63,2142,3
43,64,0
127,64,0
64,162,3
781,64,0
1397,64,0
1399,64,0
1400,64,0
1401,64,0
1424,64,0
1870,64,0
64,2082,3
19,65,0
218,65,0
219,65,0
220,65,0
221,65,0
222,65,0
915,65,0
1519,65,0
1532,65,0
1533,65,0
1871,65,0
740,66,0
741,66,0
742,66,0
743,66,0
744,66,0
745,66,0
746,66,0
747,66,0
877,66,0
878,66,0
882,66,0
66,1656,3
1724,66,0
1872,66,0
1873,66,0
1874,66,0
1875,66,0
901,67,0
903,67,0
68,794,3
68,998,3
68,1644,3
192,69,0
194,69,0
460,69,0
752,69,0
968,69,0
560,70,0
631,70,0
645,70,0
28,71,0
383,71,0
863,71,0
71,1264,3
1417,71,0
1418,71,0
1419,71,0
944,72,0
1002,72,0
1003,72,0
1876,72,0
1877,72,0
1878,72,0
1879,72,0
1880,72,0
72,1882,3
72,2047,3
234,73,0
384,73,0
1395,73,0
141,74,0
74,357,3
74,823,3
74,1498,3
1881,74,0
1882,74,0
75,1851,3
1883,75,0
1884,75,0
1885,75,0
1886,75,0
1887,75,0
191,76,0
192,76,0
193,76,0
194,76,0
865,76,0
76,1995,3
231,77,0
790,77,0
898,77,0
911,77,0
77,1123,3
230,78,0
231,78,0
790,78,0
791,78,0
205,79,0
206,79,0
207,79,0
209,79,0
798,79,0
800,79,0
802,79,0
894,79,0
79,1456,3
812,80,0
813,80,0
814,80,0
149,81,0
81,191,3
81,760,3
904,81,0
81,1068,3
81,1078,3
1222,81,0
1224,81,0
1513,81,0
1514,81,0
1529,81,0
1587,81,0
1612,81,0
1802,81,0
81,1806,3
1857,81,0
1859,81,0
1860,81,0
1861,81,0
1862,81,0
1864,81,0
1865,81,0
1888,81,0
1889,81,0
1890,81,0
1891,81,0
1892,81,0
1893,81,0
1894,81,0
1895,81,0
1896,81,0
1897,81,0
1898,81,0
1899,81,0
1900,81,0
1901,81,0
1902,81,0
1903,81,0
1904,81,0
1905,81,0
1906,81,0
1907,81,0
1908,81,0
1909,81,0
1910,81,0
1911,81,0
1912,81,0
1913,81,0
1914,81,0
1915,81,0
82,649,3
1069,82,0
1598,82,0
1916,82,0
83,163,3
183,83,0
212,83,0
252,83,0
580,83,0
581,83,0
645,83,0
83,710,3
1111,83,0
1112,83,0
83,1280,3
83,1383,3
1708,83,0
1734,83,0
1735,83,0
1916,83,0
1917,83,0
1918,83,0
1919,83,0
1920,83,0
1921,83,0
1922,83,0
1923,83,0
1924,83,0
1925,83,0
1926,83,0
1927,83,0
1928,83,0
67,84,0
84,767,3
85,1112,3
85,1198,3
85,1532,3
1929,85,0
13,86,0
1488,86,0
1930,86,0
87,107,3
87,208,3
218,87,0
219,87,0
222,87,0
87,564,3
1519,87,0
1040,88,0
1101,88,0
89,1502,3
1931,89,0
1932,89,0
1933,89,0
1934,89,0
1521,90,0
1523,90,0
213,91,0
91,646,3
91,888,3
91,1112,3
91,2013,3
92,348,3
1043,92,0
1935,92,0
1936,92,0
763,93,0
764,93,0
93,1654,3
765,94,0
766,94,0
782,95,0
783,95,0
785,95,0
786,95,0
859,96,0
1024,96,0
97,712,3
858,97,0
859,97,0
860,97,0
861,97,0
1024,97,0
8,98,0
181,98,0
182,98,0
98,490,3
633,98,0
1109,98,0
1356,98,0
1442,98,0
1621,98,0
1950,98,0
1951,98,0
1952,98,0
1953,98,0
1954,98,0
99,685,3
101,521,3
837,101,0
101,868,3
101,1296,3
1955,101,0
1956,101,0
1957,101,0
842,102,0
843,102,0
844,102,0
846,102,0
102,1531,3
102,1558,3
1734,102,0
1735,102,0
1958,102,0
1959,102,0
1960,102,0
102,2080,3
11,103,0
397,103,0
401,103,0
428,103,0
103,671,3
1165,103,0
1452,103,0
103,1678,3
608,104,0
614,104,0
725,104,0
104,105,0
607,105,0
608,105,0
614,105,0
723,105,0
724,105,0
725,105,0
105,1342,3
105,1485,3
105,1533,3
105,1875,3
479,106,0
481,106,0
483,106,0
106,558,3
1416,106,0
1803,106,0
1826,106,0
1961,106,0
1962,106,0
1963,106,0
1964,106,0
1965,106,0
1966,106,0
1967,106,0
1968,106,0
1969,106,0
1970,106,0
1971,106,0
106,2049,3
818,107,0
819,107,0
107,986,3
107,1127,3
108,1534,3
661,109,0
1506,109,0
1507,109,0
1972,110,0
1973,110,0
300,111,0
305,111,0
111,472,3
877,111,0
878,111,0
111,2107,3
111,2168,3
636,112,0
637,112,0
640,112,0
665,112,0
112,1659,3
113,1535,3
1548,113,0
55,114,0
202,114,0
250,114,0
460,114,0
492,114,0
550,114,0
732,114,0
862,114,0
863,114,0
114,1182,3
1662,114,0
1975,114,0
1976,114,0
1977,114,0
1978,114,0
1979,114,0
1980,114,0
1981,114,0
1982,114,0
1983,114,0
28,115,0
270,115,0
383,115,0
561,115,0
115,948,3
115,1175,3
962,116,0
963,116,0
1984,117,0
1985,117,0
1986,117,0
1987,117,0
117,2068,3
118,770,3
118,971,3
118,1361,3
1471,118,0
119,271,3
1235,119,0
1236,119,0
1988,119,0
1989,119,0
1990,119,0
1991,119,0
1992,119,0
1993,119,0
120,609,3
984,120,0
985,120,0
987,120,0
988,120,0
989,120,0
990,120,0
470,121,0
484,121,0
485,121,0
621,121,0
121,1582,3
1996,122,0
11,123,0
100,123,0
103,123,0
272,123,0
123,397,3
412,123,0
413,123,0
420,123,0
123,513,3
780,123,0
781,123,0
123,793,3
123,1490,3
183,124,0
184,124,0
124,2090,3
116,125,0
125,264,3
421,125,0
750,125,0
847,126,0
956,126,0
2016,126,0
2017,126,0
2018,126,0
127,343,3
127,490,3
127,720,3
127,1585,3
2019,127,0
2020,128,0
2021,128,0
2022,128,0
2023,128,0
2024,128,0
2025,128,0
2026,128,0
469,129,0
480,129,0
1071,129,0
1401,129,0
1755,129,0
2027,129,0
2028,129,0
2029,129,0
130,1695,3
130,2052,3
131,201,3
131,240,3
131,1123,3
2030,131,0
2031,131,0
1942,132,0
1946,132,0
2032,132,0
2033,132,0
132,2041,3
133,159,3
236,133,0
238,133,0
457,133,0
479,133,0
481,133,0
1429,133,0
133,2036,3
181,134,0
182,134,0
226,134,0
228,134,0
371,134,0
227,135,0
537,135,0
135,1125,3
1780,135,0
2037,135,0
2038,135,0
2039,135,0
2040,135,0
2041,135,0
2042,135,0
2043,135,0
2044,135,0
2045,135,0
412,136,0
413,136,0
137,182,3
137,850,3
2046,137,0
2047,137,0
137,2089,3
138,724,3
1358,139,0
2049,139,0
8,140,0
106,140,0
479,140,0
480,140,0
481,140,0
1212,140,0
2050,140,0
2051,140,0
2052,140,0
141,1511,3
141,1741,3
1216,142,0
142,1329,3
140,143,0
386,143,0
469,143,0
479,143,0
480,143,0
780,143,0
781,143,0
916,143,0
1417,143,0
1418,143,0
1419,143,0
143,1570,3
50,144,0
64,144,0
106,144,0
451,144,0
479,144,0
480,144,0
481,144,0
1132,144,0
1395,144,0
2057,144,0
2058,144,0
688,145,0
737,145,0
900,145,0
1101,146,0
1513,146,0
1587,146,0
1802,146,0
1857,146,0
1859,146,0
1860,146,0
1861,146,0
1862,146,0
1863,146,0
1864,146,0
1865,146,0
1866,146,0
148,253,3
456,148,0
148,1103,3
148,1285,3
1332,148,0
148,1667,3
2072,148,0
149,379,3
149,701,3
872,149,0
2073,149,0
2074,149,0
1657,150,0
1694,150,0
150,1711,3
2081,150,0
2082,150,0
2083,150,0
150,2141,3
2093,151,0
2094,151,0
109,152,0
204,152,0
424,152,0
474,152,0
488,152,0
489,152,0
152,610,3
646,152,0
656,152,0
847,152,0
1279,152,0
1388,152,0
1425,152,0
152,1451,3
1520,152,0
1538,152,0
1662,152,0
1767,152,0
1768,152,0
1769,152,0
2084,152,0
2095,152,0
2096,152,0
2097,152,0
2098,152,0
2099,152,0
2100,152,0
2101,152,0
2102,152,0
2103,152,0
2104,152,0
2105,152,0
2106,152,0
1,153,0
8,153,0
61,153,0
106,153,0
123,153,0
271,153,0
396,153,0
402,153,0
420,153,0
456,153,0
479,153,0
480,153,0
481,153,0
652,153,0
653,153,0
654,153,0
153,758,3
153,972,3
1033,153,0
1178,153,0
1217,153,0
1552,153,0
2003,153,0
2150,153,0
2151,153,0
2152,153,0
2153,153,0
1265,154,0
2158,154,0
2159,154,0
2160,154,0
2161,154,0
947,155,0
948,155,0
949,155,0
1025,155,0
155,1272,3
6,156,0
9,156,0
103,156,0
168,156,0
185,156,0
186,156,0
187,156,0
189,156,0
201,156,0
224,156,0
225,156,0
240,156,0
401,156,0
405,156,0
457,156,0
505,156,0
506,156,0
507,156,0
509,156,0
534,156,0
549,156,0
553,156,0
561,156,0
562,156,0
563,156,0
565,156,0
597,156,0
598,156,0
599,156,0
600,156,0
601,156,0
602,156,0
611,156,0
616,156,0
646,156,0
652,156,0
656,156,0
671,156,0
731,156,0
757,156,0
767,156,0
770,156,0
771,156,0
774,156,0
777,156,0
778,156,0
779,156,0
811,156,0
1115,156,0
1181,156,0
1182,156,0
1367,156,0
1368,156,0
1433,156,0
1435,156,0
1436,156,0
1438,156,0
1440,156,0
1455,156,0
1463,156,0
1464,156,0
1465,156,0
1466,156,0
1470,156,0
1586,156,0
1598,156,0
1713,156,0
1714,156,0
1718,156,0
1719,156,0
1800,156,0
1867,156,0
1982,156,0
2034,156,0
2166,156,0
2167,156,0
2168,156,0
2169,156,0
2170,156,0
2171,156,0
2172,156,0
2173,156,0
2174,156,0
2175,156,0
2176,156,0
2177,156,0
2178,156,0
201,158,0
158,311,3
532,158,0
556,158,0
557,158,0
558,158,0
617,158,0
158,1083,3
158,1277,3
159,570,3
159,1098,3
159,1715,3
1831,159,0
2179,159,0
2180,159,0
2181,159,0
2182,159,0
2183,159,0
2184,159,0
2185,159,0
2186,159,0
2187,159,0
160,1317,3
1524,160,0
2188,160,0
2189,160,0
2190,160,0
872,161,0
510,162,0
512,162,0
2191,162,0
2192,162,0
163,734,3
1462,163,0
1469,163,0
647,164,0
649,164,0
650,164,0
651,164,0
164,856,3
164,987,3
165,423,3
2193,165,0
267,166,0
1325,166,0
2194,166,0
167,341,3
945,167,0
1007,167,0
1008,167,0
1009,167,0
82,168,0
168,296,3
827,168,0
1069,168,0
1118,168,0
1531,168,0
1733,168,0
2053,168,0
2054,168,0
2055,168,0
2195,168,0
2196,168,0
2197,168,0
2198,168,0
169,681,3
1004,169,0
1005,169,0
1086,170,0
1346,170,0
1545,170,0
1896,170,0
2199,170,0
226,171,0
845,171,0
958,171,0
2200,171,0
2201,172,0
173,2017,3
173,2034,3
173,2088,3
2147,173,0
2202,173,0
705,174,0
174,801,3
1300,174,0
2056,174,0
2203,174,0
2204,174,0
175,432,3
175,1919,3
176,947,3
176,1967,3
177,1813,3
179,374,3
182,1966,3
183,394,3
184,641,3
185,313,3
190,1160,3
190,1824,3
191,1081,3
191,1918,3
193,814,3
193,996,3
193,1062,3
193,1998,3
195,301,3
196,782,3
197,409,3
197,811,3
197,1565,3
197,1881,3
198,1338,3
198,1540,3
199,1267,3
199,1965,3
200,307,3
201,736,3
201,2085,3
202,548,3
202,926,3
202,1283,3
202,1362,3
203,635,3
203,1512,3
203,2045,3
203,2121,3
204,1425,3
205,276,3
205,1532,3
205,1535,3
205,1826,3
206,223,3
206,1213,3
206,1907,3
207,1605,3
207,1657,3
210,430,3
210,1830,3
210,1885,3
211,1079,3
211,1875,3
213,607,3
213,764,3
213,847,3
214,534,3
216,408,3
216,516,3
217,1498,3
217,2067,3
218,1209,3
219,392,3
219,1787,3
221,1261,3
221,1607,3
221,1925,3
222,755,3
223,510,3
223,787,3
224,347,3
224,1039,3
225,837,3
227,1725,3
228,1273,3
228,1666,3
228,1898,3
228,1905,3
229,1466,3
230,1845,3
231,625,3
231,1392,3
231,1585,3
233,335,3
233,891,3
234,1442,3
235,422,3
235,807,3
235,909,3
235,1703,3
236,1816,3
237,752,3
237,949,3
237,1870,3
238,972,3
239,996,3
239,1703,3
240,1556,3
241,1080,3
241,1151,3
241,1770,3
242,523,3
243,556,3
245,1738,3
246,511,3
246,2201,3
247,1779,3
248,778,3
250,1004,3
251,2139,3
252,882,3
252,1400,3
253,671,3
253,792,3
253,925,3
254,1683,3
256,1340,3
257,2101,3
258,1837,3
259,916,3
260,916,3
261,503,3
261,520,3
261,1017,3
263,432,3
263,563,3
263,1227,3
264,852,3
264,1539,3
265,361,3
265,1489,3
266,566,3
266,1026,3
267,997,3
268,928,3
269,959,3
269,1128,3
269,1803,3
271,1113,3
272,731,3
272,854,3
273,1694,3
273,1779,3
273,2088,3
274,968,3
275,1130,3
275,1131,3
275,1910,3
276,1042,3
276,1509,3
277,1293,3
278,503,3
280,1943,3
281,797,3
281,1990,3
282,1089,3
282,1735,3
283,499,3
283,2184,3
284,965,3
285,1050,3
285,1307,3
289,1405,3
290,2041,3
291,359,3
291,868,3
291,1672,3
292,433,3
292,454,3
292,621,3
292,649,3
292,817,3
293,299,3
294,876,3
294,981,3
295,1906,3
296,1361,3
296,1535,3
296,1635,3
299,385,3
299,398,3
299,1352,3
299,2126,3
302,1111,3
302,1759,3
304,1346,3
305,311,3
305,1594,3
306,1859,3
306,2040,3
307,2156,3
308,613,3
308,2131,3
309,1244,3
313,963,3
314,620,3
314,908,3
314,1359,3
315,668,3
315,1440,3
316,325,3
316,754,3
316,1021,3
316,1969,3
317,638,3
317,2017,3
318,650,3
320,1542,3
321,668,3
321,1085,3
321,1193,3
321,1777,3
322,452,3
323,507,3
323,785,3
323,1307,3
324,639,3
324,1832,3
325,725,3
326,787,3
327,1742,3
327,1929,3
329,741,3
330,1862,3
331,613,3
331,851,3
332,2047,3
333,696,3
333,1866,3
335,1082,3
336,1051,3
337,1085,3
337,2204,3
338,1489,3
338,2190,3
339,1836,3
339,1837,3
339,1992,3
340,1049,3
340,1447,3
340,1698,3
340,2087,3
340,2106,3
340,2112,3
341,1644,3
343,614,3
346,1270,3
348,922,3
348,1971,3
351,1094,3
351,1840,3
352,474,3
352,1502,3
352,1688,3
353,875,3
353,1671,3
353,1784,3
353,1948,3
354,1278,3
354,2123,3
355,388,3
355,421,3
355,2019,3
356,2186,3
360,2172,3
362,666,3
362,760,3
362,863,3
364,796,3
366,1246,3
366,1602,3
368,775,3
369,606,3
369,1307,3
369,1379,3
370,425,3
370,2077,3
371,1168,3
371,1691,3
373,539,3
375,2087,3
377,974,3
377,1142,3
377,1557,3
379,1060,3
380,1967,3
381,1457,3
382,451,3
383,462,3
383,583,3
384,386,3
384,1746,3
385,407,3
386,1209,3
386,1403,3
387,759,3
388,2105,3
389,559,3
389,1863,3
390,1075,3
391,1185,3
391,1827,3
391,2141,3
392,1868,3
393,411,3
393,696,3
393,767,3
393,903,3
393,1168,3
393,1713,3
393,1868,3
394,1618,3
395,823,3
395,1393,3
397,1094,3
397,1197,3
397,1446,3
397,1685,3
398,1537,3
399,834,3
400,1887,3
402,1363,3
402,1445,3
403,1013,3
403,1672,3
403,1947,3
404,1491,3
405,1788,3
406,632,3
406,1286,3
406,1882,3
407,520,3
407,694,3
407,1207,3
407,1274,3
408,2201,3
409,798,3
409,1994,3
410,2029,3
411,2101,3
412,1625,3
415,1578,3
418,1449,3
418,1942,3
420,517,3
420,1009,3
420,1137,3
421,1124,3
422,1489,3
422,1992,3
423,775,3
423,1971,3
424,1667,3
425,1766,3
426,1172,3
427,766,3
427,932,3
427,1804,3
428,891,3
428,1369,3
430,557,3
432,720,3
432,1525,3
433,2059,3
434,601,3
435,1240,3
435,1625,3
436,1113,3
436,1268,3
436,2009,3
438,1858,3
439,1712,3
440,458,3
440,1201,3
441,659,3
441,819,3
441,1668,3
442,1032,3
443,719,3
443,1044,3
443,2085,3
443,2114,3
444,1212,3
445,1063,3
445,1147,3
446,527,3
446,1810,3
448,663,3
449,599,3
449,1621,3
450,1780,3
450,2076,3
451,1197,3
452,590,3
452,766,3
452,1016,3
453,507,3
453,2199,3
454,1207,3
454,1348,3
454,1444,3
456,1506,3
458,809,3
458,855,3
460,694,3
460,1440,3
461,807,3
461,891,3
461,907,3
461,1949,3
464,903,3
465,1606,3
465,1893,3
465,2146,3
466,1759,3
467,709,3
467,1414,3
467,2175,3
468,909,3
469,1756,3
469,1814,3
470,1007,3
470,1523,3
471,2125,3
472,1133,3
472,1829,3
472,2111,3
473,1463,3
473,2118,3
474,1365,3
475,1126,3
476,762,3
476,1604,3
477,1995,3
478,1089,3
478,1861,3
482,1596,3
482,1639,3
482,1678,3
483,1593,3
484,1421,3
484,2182,3
485,630,3
485,847,3
486,616,3
486,884,3
487,1194,3
487,1784,3
487,1870,3
487,2137,3
489,534,3
489,1269,3
490,1878,3
494,645,3
494,1293,3
495,658,3
495,1095,3
495,1704,3
495,2063,3
498,809,3
501,2027,3
502,575,3
502,2136,3
503,870,3
504,516,3
504,1614,3
506,1046,3
507,1225,3
507,1821,3
507,2139,3
508,1671,3
509,874,3
510,776,3
510,882,3
510,973,3
510,1999,3
510,2139,3
511,1073,3
513,2117,3
514,1916,3
517,1553,3
518,674,3
518,1467,3
520,2154,3
521,1600,3
522,1424,3
522,2203,3
523,1056,3
523,2173,3
524,876,3
524,904,3
524,1539,3
524,1671,3
526,1409,3
527,1094,3
527,1480,3
527,1488,3
527,2102,3
528,1618,3
528,1645,3
529,660,3
530,942,3
530,1905,3
531,1401,3
532,1333,3
533,1338,3
533,1940,3
534,577,3
534,2075,3
535,1697,3
535,1721,3
536,1021,3
537,1808,3
538,1665,3
540,821,3
542,1099,3
542,1188,3
544,736,3
545,2029,3
546,1300,3
546,2100,3
548,1021,3
548,1587,3
549,1017,3
550,1170,3
550,1674,3
553,1289,3
553,1492,3
554,1418,3
554,1478,3
554,1560,3
554,1576,3
555,1956,3
558,1080,3
558,1537,3
559,850,3
559,2033,3
562,1247,3
562,2047,3
565,611,3
565,721,3
565,765,3
568,1209,3
569,976,3
569,1961,3
571,2144,3
572,674,3
572,695,3
572,2005,3
573,603,3
573,2072,3
574,1764,3
576,1247,3
577,879,3
577,1655,3
578,913,3
579,2065,3
580,1356,3
582,1215,3
583,1658,3
584,929,3
584,2067,3
586,1645,3
588,838,3
588,852,3
588,1634,3
589,608,3
589,1231,3
589,1735,3
590,1475,3
590,1538,3
590,1773,3
592,1440,3
592,1649,3
593,611,3
593,879,3
593,1687,3
595,1005,3
595,1485,3
595,1489,3
596,873,3
596,1748,3
597,726,3
597,2099,3
598,606,3
599,1590,3
601,641,3
603,1443,3
603,1649,3
604,817,3
605,1715,3
605,2071,3
606,1130,3
607,2073,3
608,1950,3
611,1044,3
612,667,3
612,1524,3
614,629,3
614,791,3
615,1128,3
617,1260,3
620,2130,3
621,902,3
621,1116,3
621,1283,3
621,1592,3
621,1797,3
621,1928,3
622,925,3
622,1679,3
623,1313,3
623,1314,3
624,881,3
624,1624,3
624,1684,3
625,1297,3
626,1356,3
626,1954,3
626,2108,3
630,1607,3
631,781,3
633,1064,3
633,2010,3
635,1848,3
635,1891,3
636,651,3
637,1622,3
638,1912,3
639,988,3
640,910,3
641,1251,3
641,2021,3
645,648,3
645,1969,3
646,681,3
646,1135,3
647,1339,3
647,1356,3
647,1411,3
647,1860,3
651,829,3
651,1886,3
653,720,3
653,1699,3
654,1396,3
655,2015,3
657,852,3
657,1352,3
658,999,3
658,1405,3
659,783,3
659,852,3
660,1432,3
662,1996,3
663,1611,3
665,1508,3
668,1135,3
668,1698,3
669,2129,3
670,788,3
670,982,3
671,803,3
671,1566,3
671,2128,3
672,1125,3
673,972,3
674,701,3
674,1595,3
674,1699,3
674,1998,3
675,1758,3
676,1654,3
678,1232,3
678,1807,3
678,2081,3
679,1991,3
680,950,3
681,803,3
682,1415,3
683,753,3
684,912,3
684,1687,3
684,1791,3
684,1929,3
685,1154,3
685,1166,3
687,766,3
687,1979,3
688,2171,3
691,924,3
691,1222,3
693,1780,3
694,1845,3
695,930,3
697,2193,3
698,1277,3
698,1576,3
699,1177,3
699,1991,3
700,810,3
701,1554,3
702,1362,3
704,1469,3
704,1870,3
705,1160,3
705,1384,3
707,887,3
707,1852,3
710,1324,3
711,841,3
711,2135,3
712,1988,3
714,1931,3
715,1155,3
716,762,3
717,1105,3
718,971,3
719,950,3
719,1098,3
720,1776,3
721,1121,3
721,1366,3
722,1197,3
723,1371,3
725,1607,3
726,1532,3
726,1727,3
727,2159,3
728,1291,3
729,940,3
729,1978,3
730,1393,3
731,1191,3
731,2148,3
732,1183,3
732,1506,3
733,875,3
735,1598,3
736,2027,3
740,777,3
740,1199,3
740,1341,3
741,1169,3
742,947,3
742,2069,3
743,1526,3
745,1122,3
748,983,3
749,844,3
751,888,3
752,970,3
752,2119,3
753,910,3
753,1896,3
755,2019,3
755,2182,3
757,923,3
757,1619,3
757,1924,3
759,1306,3
760,873,3
760,1093,3
760,1340,3
761,812,3
761,1077,3
761,2122,3
762,1130,3
763,2017,3
763,2044,3
765,1980,3
767,1668,3
768,879,3
768,1498,3
770,2027,3
771,874,3
774,1030,3
775,1269,3
776,1529,3
776,1678,3
777,2071,3
779,833,3
779,1085,3
779,1426,3
779,1573,3
779,2008,3
782,1973,3
783,1026,3
783,1232,3
786,1370,3
787,997,3
788,1602,3
788,1636,3
789,1903,3
790,932,3
790,1256,3
792,2057,3
794,1896,3
795,1340,3
795,1440,3
797,858,3
797,1578,3
797,2164,3
798,1199,3
798,1204,3
800,1117,3
800,1671,3
802,1032,3
802,1701,3
802,1858,3
803,1815,3
804,965,3
804,2151,3
807,2195,3
809,836,3
809,2076,3
810,1555,3
811,1589,3
812,1718,3
817,1687,3
817,2030,3
819,1173,3
819,1335,3
819,2173,3
822,1052,3
822,1350,3
822,1727,3
823,1650,3
824,1066,3
825,863,3
826,846,3
826,1509,3
826,1711,3
826,1927,3
827,2121,3
828,1990,3
833,880,3
833,1780,3
834,1610,3
834,1940,3
835,1389,3
836,978,3
837,1227,3
839,1030,3
839,1281,3
839,2138,3
840,1686,3
842,969,3
842,1530,3
845,2021,3
845,2032,3
846,2149,3
848,1063,3
848,1169,3
848,1753,3
853,1320,3
854,2055,3
856,1060,3
857,1266,3
858,1878,3
859,1004,3
859,1675,3
860,965,3
861,1551,3
861,1985,3
862,2042,3
863,1012,3
863,1112,3
863,1226,3
863,1926,3
865,1867,3
866,1105,3
866,1239,3
867,2105,3
868,939,3
869,1405,3
869,1423,3
870,1966,3
871,1934,3
871,1980,3
872,946,3
872,1018,3
872,1407,3
874,1116,3
875,1559,3
880,1463,3
885,904,3
885,1340,3
885,1560,3
885,1825,3
887,1319,3
887,1780,3
890,1603,3
891,1798,3
891,1826,3
891,2151,3
892,2114,3
895,1482,3
896,2199,3
897,1002,3
897,1536,3
897,2120,3
899,1413,3
899,2046,3
900,1094,3
900,1785,3
903,1950,3
903,1981,3
904,1429,3
909,1360,3
909,2019,3
910,1107,3
910,1870,3
910,2137,3
911,1437,3
912,1474,3
914,1459,3
915,970,3
919,1695,3
920,1461,3
920,1952,3
922,1419,3
925,1664,3
927,1079,3
927,1470,3
928,2021,3
932,1511,3
936,1452,3
937,1085,3
937,1433,3
937,2147,3
937,2193,3
938,1218,3
938,1266,3
938,2124,3
940,1834,3
940,1841,3
942,1624,3
944,1132,3
947,1808,3
948,1656,3
949,1189,3
949,1318,3
949,1735,3
952,1046,3
954,1845,3
955,1914,3
955,2137,3
956,1714,3
956,1790,3
956,1817,3
957,1706,3
957,1931,3
958,1641,3
959,2168,3
960,1542,3
960,1740,3
960,2111,3
961,1000,3
963,1105,3
963,1426,3
963,1466,3
965,2172,3
966,1219,3
966,1327,3
967,1324,3
967,1797,3
968,999,3
968,1416,3
968,1925,3
970,1248,3
972,1196,3
972,1705,3
975,1048,3
975,1822,3
975,2098,3
981,1185,3
987,1031,3
987,1166,3
987,2118,3
990,1298,3
991,1771,3
991,1979,3
996,1344,3
1000,1024,3
1000,1235,3
1000,1247,3
1002,1868,3
1004,1262,3
1004,1550,3
1005,1600,3
1008,1551,3
1008,1570,3
1010,1581,3
1010,1987,3
1010,2193,3
1014,1316,3
1018,1563,3
1019,2181,3
1020,1832,3
1021,2053,3
1022,1133,3
1024,1046,3
1026,1596,3
1026,1757,3
1030,1417,3
1031,1320,3
1031,1879,3
1032,1232,3
1032,1488,3
1032,1519,3
1032,1632,3
1034,1723,3
1036,1376,3
1036,1460,3
1039,1255,3
1044,2065,3
1050,1214,3
1052,1255,3
1053,1657,3
1053,2015,3
1054,1812,3
1055,1941,3
1056,1177,3
1057,1298,3
1057,1422,3
1059,1950,3
1060,1349,3
1061,1139,3
1062,1404,3
1063,2070,3
1063,2110,3
1065,1491,3
1066,1374,3
1067,1987,3
1068,1087,3
1068,1208,3
1070,1274,3
1071,1205,3
1073,1316,3
1075,1504,3
1077,1164,3
1077,1284,3
1078,1244,3
1078,1754,3
1080,1154,3
1081,1149,3
1083,2008,3
1084,1343,3
1084,1863,3
1087,1456,3
1087,2113,3
1090,2033,3
1091,2189,3
1092,1269,3
1093,1121,3
1095,2068,3
1097,1593,3
1098,1563,3
1098,1897,3
1099,1503,3
1099,1867,3
1100,1426,3
1101,1894,3
1103,1938,3
1106,1701,3
1109,1889,3
1111,1258,3
1111,1568,3
1112,2089,3
1113,2001,3
1116,1321,3
1118,1255,3
1118,2076,3
1119,1430,3
1119,1946,3
1121,1502,3
1124,1387,3
1124,1877,3
1124,1987,3
1124,2055,3
1126,1375,3
1129,1927,3
1131,2159,3
1134,1495,3
1136,1593,3
1136,1938,3
1137,1649,3
1137,1820,3
1138,1279,3
1141,1370,3
1143,1962,3
1146,1271,3
1146,1489,3
1146,1583,3
1147,1430,3
1147,1858,3
1147,2173,3
1149,1539,3
1150,1231,3
1150,1746,3
1151,1354,3
1152,2166,3
1154,1272,3
1154,1661,3
1155,1601,3
1159,1923,3
1159,2030,3
1161,1184,3
1162,1505,3
1162,2033,3
1163,1642,3
1164,1994,3
1166,1509,3
1173,1383,3
1173,1640,3
1175,2111,3
1176,1341,3
1177,1840,3
1178,1606,3
1178,1713,3
1181,1184,3
1181,1343,3
1181,2094,3
1184,1250,3
1194,1415,3
1196,1774,3
1197,2111,3
1199,1309,3
1200,1256,3
1203,1262,3
1206,1268,3
1207,1965,3
1209,1853,3
1211,1752,3
1211,1934,3
1213,1839,3
1214,1935,3
1214,2125,3
1215,1720,3
1218,2204,3
1219,1232,3
1221,1985,3
1223,1640,3
1225,1762,3
1225,1875,3
1227,1236,3
1227,1892,3
1228,1803,3
1232,1502,3
1233,1674,3
1236,1429,3
1237,1655,3
1239,1845,3
1239,1858,3
1241,1343,3
1241,1453,3
1243,1803,3
1243,1926,3
1243,2122,3
1244,1421,3
1245,2152,3
1246,1680,3
1247,1547,3
1247,2148,3
1248,2084,3
1249,1412,3
1250,1472,3
1250,1554,3
1257,1698,3
1258,2151,3
1259,1446,3
1260,1657,3
1260,2128,3
1261,1503,3
1261,2167,3
1263,1823,3
1266,1547,3
1267,1931,3
1268,1834,3
1269,1914,3
1272,1414,3
1272,1820,3
1275,1898,3
1277,1451,3
1277,1585,3
1278,1998,3
1282,1605,3
1286,2155,3
1287,1433,3
1287,1515,3
1287,1712,3
1289,1341,3
1290,1343,3
1291,1736,3
1291,2169,3
1292,1573,3
1292,1853,3
1293,2005,3
1295,1876,3
1297,1539,3
1297,1766,3
1298,1523,3
1298,1553,3
1299,1768,3
1299,2110,3
1304,1774,3
1307,1796,3
1312,1355,3
1315,1779,3
1315,2080,3
1316,2002,3
1317,1587,3
1319,2021,3
1319,2202,3
1320,2084,3
1321,1625,3
1321,1937,3
1321,2020,3
1321,2148,3
1322,1968,3
1327,1980,3
1327,2062,3
1331,1996,3
1332,1957,3
1335,1610,3
1336,1399,3
1337,1521,3
1339,1505,3
1340,1721,3
1344,2150,3
1345,1602,3
1346,1896,3
1346,2072,3
1349,1699,3
1350,1880,3
1352,1684,3
1356,2168,3
1357,1533,3
1365,1953,3
1365,2188,3
1368,2055,3
1372,2143,3
1373,1481,3
1374,2065,3
1375,1777,3
1377,1647,3
1381,1554,3
1388,2167,3
1389,1487,3
1389,1663,3
1390,1574,3
1390,1776,3
1390,1888,3
1390,1910,3
1392,1472,3
1395,1833,3
1397,2128,3
1399,1892,3
1399,1927,3
1400,2111,3
1407,1449,3
1407,1947,3
1409,1716,3
1409,1956,3
1414,1792,3
1416,1543,3
1418,1820,3
1422,1926,3
1423,1583,3
1424,1622,3
1424,1671,3
1426,2145,3
1430,1840,3
1430,2171,3
1431,1567,3
1437,1931,3
1445,1463,3
1445,1470,3
1452,1601,3
1455,1985,3
1456,1841,3
1460,1870,3
1460,2131,3
1463,1505,3
1465,1883,3
1466,1729,3
1468,2121,3
1478,1707,3
1478,1777,3
1479,1646,3
1479,1724,3
1479,1941,3
1480,1780,3
1480,1987,3
1486,2161,3
1489,2120,3
1490,1668,3
1492,1862,3
1494,2077,3
1495,1610,3
1498,1618,3
1502,1832,3
1503,1699,3
1505,1880,3
1507,1533,3
1507,1957,3
1510,1682,3
1510,2039,3
1511,1572,3
1513,1744,3
1514,1975,3
1515,1782,3
1515,2136,3
1521,1649,3
1522,2041,3
1525,1656,3
1525,2115,3
1528,1798,3
1535,1734,3
1535,1791,3
1538,1754,3
1541,1607,3
1543,1641,3
1543,2128,3
1545,1824,3
1547,1655,3
1550,1763,3
1550,2008,3
1551,1716,3
1551,1750,3
1555,1856,3
1561,1793,3
1563,1708,3
1564,1906,3
1566,1715,3
1568,1991,3
1569,2061,3
1571,1991,3
1571,2189,3
1572,2034,3
1575,2111,3
1576,2057,3
1580,1626,3
1582,1795,3
1586,2139,3
1588,2142,3
1592,1717,3
1592,2032,3
1593,2186,3
1595,1678,3
1595,1683,3
1597,1937,3
1602,1938,3
1604,1753,3
1606,2006,3
1607,1888,3
1615,2165,3
1619,2065,3
1624,2127,3
1633,2073,3
1634,1929,3
1635,1689,3
1646,2095,3
1647,1729,3
1654,1666,3
1656,2067,3
1657,1881,3
1661,1894,3
1662,1778,3
1663,1803,3
1664,1891,3
1669,1944,3
1676,1864,3
1676,2041,3
1677,1903,3
1693,1792,3
1703,2078,3
1707,1766,3
1710,1925,3
1724,2108,3
1726,1904,3
1728,1836,3
1733,1957,3
1736,2072,3
1736,2098,3
1737,2009,3
1740,1859,3
1741,2150,3
1751,1950,3
1751,2143,3
1752,2046,3
1754,1892,3
1761,1905,3
1766,2002,3
1768,1868,3
1772,1848,3
1773,2101,3
1779,2036,3
1780,2191,3
1787,1872,3
1790,1859,3
1793,1849,3
1797,1916,3
1809,1818,3
1809,1864,3
1813,1831,3
1814,2129,3
1822,1923,3
1824,2126,3
1829,1832,3
1831,1896,3
1831,1968,3
1834,2039,3
1839,2089,3
1842,1894,3
1845,1880,3
1847,1979,3
1850,1960,3
1855,1873,3
1859,2145,3
1873,2085,3
1875,2015,3
1879,2080,3
1885,1887,3
1893,2192,3
1894,1897,3
1895,1998,3
1906,1981,3
1908,1980,3
1912,1968,3
1913,2191,3
1914,1977,3
1918,2154,3
1921,1953,3
1935,2120,3
1943,1977,3
1961,2079,3
1972,2181,3
1980,2028,3
1982,2023,3
1999,2106,3
2006,2160,3
2019,2049,3
2019,2090,3
2024,2098,3
2035,2187,3
2052,2188,3
2064,2196,3
2070,2096,3
2080,2148,3
2085,2175,3
2096,2189,3
