0,166,1
0,200,1
0,290,1
0,498,1
0,848,1
0,918,1
935,0,0
987,0,0
0,988,1
0,1124,1
0,1129,1
0,1161,1
0,1301,1
1362,0,0
0,1426,1
1,26,1
662,1,0
1,701,1
1,1069,1
1,1152,1
1,1176,1
1,1220,1
1,1262,1
1,1265,0
1,1277,1
1,1352,1
1,1414,1
1,1486,0
1,1599,1
509,2,0
2,548,1
2,827,1
2,1251,1
2,1287,1
2,1490,1
2,1491,1
2,1535,1
222,3,0
3,249,1
3,258,1
3,319,1
687,3,0
3,1322,1
1340,3,0
116,4,0
234,4,0
4,819,1
5,495,1
5,657,0
5,1042,1
5,1231,1
5,1400,1
6,326,1
6,400,0
6,1207,1
1536,6,0
22,7,0
7,179,1
7,204,1
7,284,1
345,7,0
399,7,0
7,484,1
555,7,0
7,562,1
581,7,0
590,7,0
7,772,1
7,776,1
778,7,0
7,822,1
842,7,0
7,936,1
7,940,1
7,973,1
7,1122,1
7,1159,1
1180,7,0
1394,7,0
1458,7,0
7,1503,1
9,210,1
9,298,1
9,474,0
9,497,1
994,9,0
9,1084,1
9,1311,1
10,175,1
10,279,1
314,10,0
316,10,0
318,10,0
381,10,0
10,389,1
390,10,0
10,437,1
10,464,1
10,489,1
10,516,1
10,529,1
642,10,0
10,683,1
10,698,1
10,705,1
10,746,1
10,828,1
10,866,1
10,895,1
10,906,1
925,10,0
10,951,1
10,969,1
10,981,1
10,996,1
10,1008,1
10,1022,1
1028,10,0
10,1047,1
1054,10,0
10,1134,1
10,1143,1
10,1221,1
10,1226,1
1234,10,0
10,1235,1
1237,10,0
10,1427,1
10,1469,1
10,1504,1
10,1532,1
10,1553,1
10,1554,1
10,1560,1
10,1580,1
1628,10,0
11,77,1
11,243,1
11,319,1
11,460,1
475,11,0
11,496,1
11,628,1
632,11,0
11,680,1
11,706,0
11,716,1
11,726,1
11,745,1
11,805,1
11,836,1
858,11,0
11,1188,1
1191,11,0
1204,11,0
11,1213,1
1225,11,0
11,1242,1
11,1585,1
12,22,1
34,12,0
12,211,1
12,241,1
12,242,1
12,300,1
12,312,0
12,370,1
386,12,0
12,404,1
12,409,1
431,12,0
12,458,1
490,12,0
12,583,1
12,644,1
645,12,0
12,654,1
12,673,1
12,721,1
12,748,1
749,12,0
12,753,1
12,804,1
12,832,1
12,869,1
930,12,0
976,12,0
1095,12,0
1123,12,0
12,1180,1
1260,12,0
12,1266,1
1288,12,0
1314,12,0
12,1326,1
12,1349,1
12,1355,1
12,1366,1
1373,12,0
1443,12,0
1463,12,0
12,1517,1
12,1527,1
12,1543,1
1571,12,0
12,1589,1
12,1609,1
12,1642,1
65,13,0
13,67,0
13,71,0
13,294,1
13,349,1
13,488,1
13,747,1
13,1597,1
14,18,0
14,215,1
14,289,1
14,914,1
14,932,1
14,1085,1
14,1401,1
14,1610,0
15,72,0
15,108,1
114,15,0
118,15,0
15,307,1
315,15,0
15,328,1
15,444,1
525,15,0
15,686,1
15,747,0
15,757,1
824,15,0
15,852,1
15,887,1
15,1011,1
1063,15,0
15,1133,1
1228,15,0
15,1240,1
15,1280,1
15,1282,1
15,1367,1
15,1377,1
15,1379,1
15,1439,1
1608,15,0
16,115,0
16,236,1
16,455,1
16,869,0
16,875,0
16,1312,0
16,1391,0
16,1507,0
17,103,1
17,332,0
17,1479,0
18,309,1
18,479,1
18,572,1
18,614,1
732,18,0
1112,18,0
18,1272,1
1369,18,0
135,19,0
19,758,0
844,19,0
860,19,0
19,1170,1
19,1625,0
20,17,1
20,475,1
20,612,1
829,20,0
20,1375,0
20,1446,1
1606,20,0
21,243,0
21,252,1
21,333,1
21,375,1
513,21,0
21,863,0
21,1095,0
21,1238,0
1251,21,0
22,342,0
22,399,1
555,22,0
22,636,0
22,776,1
22,778,1
22,822,1
1106,22,0
22,1159,1
1220,22,0
22,1289,0
22,1503,1
214,23,0
23,483,1
23,761,1
1255,23,0
23,1436,1
23,1596,1
24,1029,1
24,1181,1
24,1453,1
24,1473,0
25,328,0
25,329,1
25,500,1
25,543,1
25,622,1
25,646,1
25,740,1
25,1298,1
25,1603,1
26,56,1
26,173,0
26,213,0
26,885,0
27,364,1
27,802,1
887,27,0
27,1182,1
1249,27,0
27,1431,1
29,37,0
394,29,0
29,689,1
29,1122,1
29,1307,1
30,125,1
30,454,1
30,823,1
1167,30,0
30,1317,0
30,1368,1
205,31,0
250,31,0
31,423,1
554,31,0
31,558,0
31,620,0
729,31,0
1013,31,0
31,1168,1
31,1210,1
31,1308,1
31,1315,1
1335,31,0
31,1341,1
31,1353,1
32,16,1
32,260,0
32,841,1
32,1248,1
32,1296,1
32,1443,0
33,240,1
874,33,0
886,33,0
33,1157,1
1187,33,0
33,1342,1
34,89,1
34,226,1
34,501,1
34,563,1
794,34,0
34,815,1
34,931,1
34,1194,1
34,1305,1
34,1323,1
1565,34,0
78,35,0
35,221,0
35,319,1
35,442,1
35,647,1
789,35,0
853,35,0
35,1148,1
35,1618,1
36,164,1
178,36,0
36,247,1
248,36,0
36,263,1
301,36,0
36,421,1
36,542,1
635,36,0
36,727,0
795,36,0
36,815,1
36,841,1
950,36,0
955,36,0
36,974,1
36,1018,1
36,1296,1
1308,36,0
1363,36,0
197,37,0
37,285,1
341,37,0
37,526,1
37,787,1
37,840,1
37,1060,1
37,1233,1
1263,37,0
1451,37,0
37,1550,0
38,57,1
38,249,1
391,38,0
38,602,1
38,666,1
793,38,0
943,38,0
38,1033,1
38,1046,1
1261,38,0
38,1570,1
38,1610,0
39,521,0
40,168,1
40,273,1
40,683,1
40,756,0
40,857,0
1007,40,0
40,1060,1
40,1065,1
40,1221,1
1349,40,0
40,1532,1
41,187,1
41,277,1
41,318,1
41,607,1
821,41,0
1114,41,0
41,1457,0
42,4,1
42,202,1
42,234,1
240,42,0
42,244,1
42,342,1
42,431,1
42,498,1
522,42,0
567,42,0
42,602,1
643,42,0
42,687,1
42,693,1
710,42,0
793,42,0
42,819,1
42,882,1
42,886,1
890,42,0
933,42,0
42,942,1
42,943,1
42,1002,1
1033,42,0
42,1113,1
1201,42,0
42,1202,1
42,1222,1
42,1238,1
1330,42,0
42,1378,1
42,1383,1
42,1402,1
42,1500,1
42,1584,1
42,1588,1
42,1600,1
42,1614,1
160,43,0
43,207,1
43,313,1
43,327,1
367,43,0
43,383,1
392,43,0
43,485,1
43,518,1
43,574,1
596,43,0
43,616,1
43,637,1
43,649,1
43,747,1
43,754,0
820,43,0
856,43,0
867,43,0
43,905,0
43,942,1
43,946,1
43,953,1
993,43,0
1004,43,0
1014,43,0
1032,43,0
43,1044,1
43,1192,1
43,1289,1
43,1324,1
43,1392,1
43,1479,1
43,1481,1
1489,43,0
43,1492,1
1511,43,0
43,1568,1
43,1630,1
44,90,0
456,44,0
623,44,0
729,44,0
44,739,1
1138,44,0
1139,44,0
44,1406,1
44,1516,0
44,1590,1
44,1591,1
45,671,0
45,1477,0
47,201,1
252,47,0
295,47,0
305,47,0
354,47,0
47,364,1
47,397,1
47,441,1
47,461,1
47,517,1
536,47,0
584,47,0
47,592,1
599,47,0
604,47,0
658,47,0
697,47,0
47,699,1
47,710,1
715,47,0
47,718,1
834,47,0
47,839,1
47,846,1
47,887,1
47,954,1
47,964,1
47,971,1
47,980,1
1005,47,0
47,1015,1
1087,47,0
47,1098,1
47,1102,1
47,1119,1
47,1177,1
47,1183,1
47,1240,1
1250,47,0
47,1252,0
1316,47,0
47,1318,1
1360,47,0
47,1365,1
1390,47,0
47,1397,1
47,1410,1
47,1418,1
47,1487,1
47,1528,1
47,1534,1
1552,47,0
47,1556,1
47,1575,1
1587,47,0
48,118,1
281,48,0
674,48,0
883,48,0
48,977,1
48,987,1
48,1229,0
48,1239,1
48,1362,1
48,1470,1
48,1502,1
49,128,1
49,233,1
49,366,0
49,506,0
49,783,1
49,1146,1
1205,49,0
49,1253,0
49,1345,1
1361,49,0
49,1384,1
49,1465,1
49,1594,1
1617,49,0
50,141,1
50,287,1
50,334,1
50,428,1
50,531,0
50,606,1
619,50,0
50,641,1
50,851,1
50,854,0
855,50,0
942,50,0
1459,50,0
1548,50,0
50,1614,1
77,51,0
164,51,0
178,51,0
247,51,0
51,263,1
51,301,1
363,51,0
51,391,1
51,432,1
51,462,1
51,478,1
51,576,1
51,635,1
51,690,1
766,51,0
795,51,0
51,836,1
51,841,1
51,950,1
51,997,1
51,1061,1
1114,51,0
1170,51,0
51,1203,1
51,1211,1
1264,51,0
51,1296,1
51,1363,1
51,1462,1
51,1611,1
52,310,1
559,52,0
52,653,0
52,703,1
52,1019,0
1068,52,0
52,1274,1
52,1458,0
53,272,0
53,934,0
942,53,0
1469,53,0
54,914,1
1085,54,0
55,77,0
55,215,0
55,1110,0
209,56,0
56,223,1
56,730,1
56,1320,1
56,1423,1
1557,56,0
56,1634,0
57,255,1
318,57,0
57,358,1
57,365,1
57,438,1
57,466,1
713,57,0
57,897,1
57,1110,1
57,1164,1
57,1422,1
57,1576,1
117,58,0
58,229,1
293,58,0
58,369,1
58,443,1
58,451,1
58,604,1
58,712,1
58,798,1
1021,58,0
1156,58,0
58,1348,0
1380,58,0
1516,58,0
60,137,0
359,61,0
61,493,1
816,61,0
61,901,1
62,185,1
62,351,1
402,62,0
62,521,0
62,833,1
62,910,1
1065,62,0
62,1117,1
62,1149,1
62,1158,1
62,1273,0
62,1275,1
62,1344,0
62,1449,1
117,63,0
63,614,1
630,63,0
63,802,1
63,931,1
1323,63,0
64,200,1
64,900,1
64,1012,0
64,1224,0
64,1575,0
65,249,1
65,520,1
549,65,0
744,65,0
65,800,1
888,65,0
1086,65,0
1167,65,0
65,1218,1
65,1249,1
65,1417,1
67,253,1
67,397,1
67,470,1
67,510,1
520,67,0
67,576,0
67,848,1
67,908,1
67,975,1
1126,67,0
67,1268,1
67,1360,1
67,1452,1
254,68,0
68,678,1
68,892,1
68,1219,1
1490,68,0
68,1505,1
68,1620,1
114,69,0
69,244,1
69,1415,1
69,1563,0
70,44,1
103,70,0
70,118,0
70,207,1
70,350,0
459,70,0
70,684,0
70,755,1
70,945,1
70,987,1
70,989,1
70,1012,0
70,1124,1
70,1273,1
70,1301,1
1419,70,0
70,1529,1
71,247,1
71,323,0
71,357,1
945,71,0
1273,71,0
72,167,0
72,317,0
72,402,1
457,72,0
72,532,1
960,72,0
72,1452,1
72,1604,1
73,51,1
529,73,0
73,620,1
73,947,1
73,974,1
73,1479,0
102,74,0
221,74,0
74,235,1
74,335,1
645,74,0
74,949,1
956,74,0
74,1294,1
1523,74,0
1537,74,0
1538,74,0
74,1545,1
74,1639,1
75,194,1
75,195,1
75,312,1
440,75,0
75,896,1
1006,75,0
75,1108,0
1471,75,0
75,1497,1
76,114,1
76,427,0
76,1564,1
82,77,0
91,77,0
114,77,0
77,200,1
237,77,0
77,239,1
77,257,1
77,261,1
77,291,1
77,369,1
384,77,0
77,412,1
414,77,0
446,77,0
510,77,0
77,512,1
77,519,1
77,538,1
77,539,1
557,77,0
77,564,1
77,585,1
77,587,1
77,593,1
77,618,1
77,628,1
77,639,1
77,650,1
77,675,1
77,688,1
77,691,1
696,77,0
77,767,1
77,805,1
77,868,1
77,892,1
77,893,1
77,912,1
77,923,1
77,936,0
948,77,0
1000,77,0
1010,77,0
1012,77,0
77,1021,1
77,1045,1
77,1061,1
1067,77,0
77,1093,1
77,1097,1
77,1126,1
77,1153,1
1212,77,0
1284,77,0
1293,77,0
1310,77,0
1321,77,0
1332,77,0
77,1335,1
77,1356,1
77,1363,1
77,1385,1
1398,77,0
77,1406,1
77,1455,1
77,1519,1
77,1525,1
77,1526,1
1539,77,0
77,1558,1
77,1579,1
77,1582,1
77,1585,1
1615,77,0
1616,77,0
78,84,1
78,93,1
78,327,0
1198,78,0
79,155,1
79,433,1
79,506,1
79,651,1
1224,79,0
79,1414,1
79,1506,1
80,169,1
1162,80,0
229,81,0
81,803,1
810,81,0
81,887,0
81,1357,1
81,1411,1
82,67,1
82,218,1
82,246,1
552,82,0
82,590,1
632,82,0
82,704,1
82,773,1
82,776,1
82,818,1
82,884,1
908,82,0
82,975,1
82,1213,1
82,1270,1
1454,82,0
1626,82,0
83,2,1
83,31,1
33,83,0
83,41,1
71,83,0
83,98,1
83,100,1
83,120,1
83,128,1
138,83,0
83,149,1
152,83,0
83,155,1
83,183,1
195,83,0
83,205,1
216,83,0
219,83,0
83,224,1
83,227,1
83,229,1
83,250,1
251,83,0
83,253,1
260,83,0
83,265,1
267,83,0
269,83,0
83,275,1
83,283,1
83,286,1
83,289,1
83,291,1
83,292,1
314,83,0
330,83,0
83,336,1
83,342,1
347,83,0
83,349,1
83,353,1
83,362,1
83,368,1
371,83,0
83,376,1
83,387,1
393,83,0
410,83,0
83,417,1
83,423,1
426,83,0
83,430,1
83,440,1
83,446,1
83,453,1
463,83,0
464,83,0
83,472,1
83,473,1
83,492,1
502,83,0
504,83,0
83,505,1
83,509,1
83,510,1
83,522,1
523,83,0
83,533,1
540,83,0
83,541,1
83,544,1
554,83,0
83,560,1
568,83,0
83,589,1
591,83,0
83,598,1
83,601,1
613,83,0
83,615,1
83,627,1
650,83,0
656,83,0
83,659,1
661,83,0
83,663,1
83,675,1
684,83,0
687,83,0
83,694,1
698,83,0
83,712,1
722,83,0
83,724,1
728,83,0
83,731,1
735,83,0
83,765,1
770,83,0
83,774,1
777,83,0
83,778,1
83,781,1
783,83,0
83,792,1
807,83,0
83,810,1
83,811,1
813,83,0
817,83,0
83,822,1
83,828,1
838,83,0
83,843,1
849,83,0
83,850,1
83,858,1
83,859,1
862,83,0
866,83,0
83,871,1
83,880,1
885,83,0
889,83,0
83,891,1
894,83,0
925,83,0
933,83,0
83,934,1
938,83,0
948,83,0
951,83,0
83,952,1
83,963,1
83,965,1
83,978,1
984,83,0
83,996,1
1008,83,0
83,1009,1
83,1013,1
83,1016,1
1032,83,0
83,1042,1
83,1043,1
1050,83,0
83,1054,1
83,1055,1
83,1071,1
83,1075,1
1077,83,0
83,1079,1
83,1103,1
83,1106,1
83,1116,1
1122,83,0
83,1130,1
83,1143,1
1144,83,0
1153,83,0
1159,83,0
1168,83,0
1171,83,0
1194,83,0
83,1202,1
1210,83,0
83,1220,1
1229,83,0
83,1232,1
83,1234,1
83,1235,1
83,1237,1
83,1243,1
83,1244,1
83,1245,1
83,1249,1
83,1251,1
1274,83,0
1277,83,0
1281,83,0
83,1283,1
83,1287,1
1290,83,0
83,1303,1
1306,83,0
83,1309,1
83,1315,1
83,1321,1
83,1325,1
83,1327,1
83,1329,1
83,1331,1
1346,83,0
83,1348,1
83,1353,1
83,1356,1
83,1363,1
83,1374,1
83,1375,1
1376,83,0
83,1380,1
83,1389,1
83,1398,1
83,1401,1
83,1406,1
1412,83,0
83,1413,1
83,1420,1
83,1445,1
1448,83,0
83,1460,1
1461,83,0
1468,83,0
1477,83,0
83,1484,1
83,1489,1
1491,83,0
1496,83,0
1497,83,0
1504,83,0
83,1508,1
83,1510,1
83,1515,1
83,1518,1
1535,83,0
83,1539,1
83,1542,1
83,1547,1
83,1555,1
1557,83,0
1558,83,0
83,1569,1
1578,83,0
1599,83,0
83,1601,1
83,1613,1
83,1615,1
83,1616,1
83,1623,1
1625,83,0
83,1628,1
1630,83,0
83,1632,1
84,493,0
84,570,0
84,777,0
813,84,0
84,1443,0
85,112,1
85,238,1
835,85,0
854,85,0
85,862,1
85,1128,1
85,1282,1
419,86,0
86,538,1
902,86,0
86,1062,1
1183,86,0
1332,86,0
86,1359,1
86,1378,1
79,87,0
87,160,1
87,268,1
87,379,0
415,87,0
87,506,1
87,508,1
87,602,1
87,638,1
743,87,0
793,87,0
847,87,0
87,943,1
947,87,0
87,1107,1
87,1125,1
1181,87,0
87,1224,1
1350,87,0
89,523,0
89,563,1
89,807,0
815,89,0
89,1090,1
89,1120,1
89,1213,0
1247,89,0
89,1275,0
1314,89,0
90,142,1
90,306,1
322,90,0
324,90,0
90,553,1
617,90,0
90,799,1
90,863,1
90,1133,1
90,1236,1
90,1263,1
90,1291,1
90,1391,1
1475,90,0
1604,90,0
90,1633,1
340,91,0
91,355,1
91,357,1
91,360,1
91,405,1
91,422,1
91,430,1
91,435,1
91,507,1
91,527,1
737,91,0
779,91,0
810,91,0
91,818,0
864,91,0
91,983,1
91,991,1
91,1038,1
1059,91,0
1120,91,0
91,1140,1
91,1268,1
1286,91,0
91,1295,1
91,1429,1
91,1524,1
91,1549,1
91,1595,1
92,367,0
92,377,0
92,786,0
916,92,0
92,1142,1
1636,92,0
1295,93,0
93,1415,0
93,1549,1
198,94,0
199,94,0
94,220,1
234,94,0
94,241,1
94,306,1
94,374,1
94,401,1
94,458,1
94,469,1
94,551,1
844,94,0
94,995,1
94,1019,1
94,1025,1
94,1051,1
94,1072,1
1095,94,0
94,1105,1
94,1106,1
1123,94,0
94,1132,1
1155,94,0
1169,94,0
1194,94,0
94,1217,1
94,1223,1
94,1305,1
94,1430,1
94,1454,1
94,1549,1
95,109,1
95,134,1
95,281,1
494,95,0
95,808,0
847,95,0
95,883,1
95,1115,1
95,1239,1
1480,95,0
96,419,1
96,471,1
96,494,0
96,903,1
96,994,0
96,1017,1
1092,96,0
96,1160,1
1175,96,0
96,1189,1
1522,96,0
96,1566,1
97,15,1
439,97,0
97,519,0
530,97,0
97,709,1
97,762,1
97,1166,1
97,1389,0
97,1514,1
97,1622,0
97,1626,0
98,783,1
823,98,0
98,1040,1
98,1064,0
98,1088,0
98,1292,0
98,1388,1
98,1396,1
1440,98,0
98,1465,1
98,1533,1
5,99,0
115,99,0
185,99,0
99,211,1
99,220,1
263,99,0
99,370,1
99,474,1
588,99,0
99,603,1
99,605,1
99,644,1
672,99,0
773,99,0
791,99,0
99,832,1
99,841,1
99,947,1
99,983,1
99,1018,1
1101,99,0
99,1164,1
99,1270,1
99,1284,1
99,1296,1
99,1349,1
1425,99,0
99,1523,1
99,1543,0
99,1593,1
1639,99,0
100,183,1
318,100,0
100,372,1
389,100,0
746,100,0
770,100,0
100,859,1
100,909,1
969,100,0
100,1071,1
100,1134,1
100,1144,1
1222,100,0
100,1342,1
1469,100,0
100,1484,1
1555,100,0
1569,100,0
101,172,1
101,745,0
101,1188,1
102,886,1
1584,102,0
103,549,0
103,579,0
1077,103,0
1441,103,0
104,392,1
104,510,1
104,523,0
104,1246,1
105,543,1
105,784,1
105,1395,1
106,511,1
106,558,1
106,629,1
1510,106,0
106,1622,1
107,826,1
107,880,0
107,981,0
107,1484,0
107,1588,1
107,1610,1
210,108,0
108,238,0
315,108,0
444,108,0
483,108,0
108,617,0
108,797,1
945,108,0
108,1108,1
1254,108,0
108,1280,1
108,1405,1
108,1523,0
109,100,1
109,107,1
140,109,0
109,177,1
180,109,0
109,196,1
109,217,1
228,109,0
109,243,1
109,275,1
109,276,1
109,318,1
109,331,1
109,336,1
376,109,0
109,378,1
393,109,0
109,410,1
109,420,1
510,109,0
109,526,1
109,565,1
566,109,0
109,598,1
109,631,1
653,109,0
109,681,1
726,109,0
109,746,1
109,752,1
780,109,0
813,109,0
109,846,0
109,850,1
876,109,0
885,109,0
906,109,0
109,917,1
958,109,0
109,963,1
109,968,1
969,109,0
109,1020,1
109,1073,1
1077,109,0
1082,109,0
109,1100,0
109,1103,1
109,1144,1
109,1155,1
1157,109,0
109,1188,1
109,1191,1
109,1192,1
1241,109,0
109,1247,1
109,1279,1
109,1312,1
1328,109,0
109,1329,0
1350,109,0
1374,109,0
1387,109,0
109,1393,1
1444,109,0
1448,109,0
109,1469,1
109,1472,1
1494,109,0
109,1498,1
109,1509,1
1512,109,0
109,1531,1
1554,109,0
1585,109,0
109,1623,1
109,1624,1
109,1631,1
314,110,0
110,380,1
110,437,1
110,547,1
110,698,1
110,817,1
110,828,1
110,1251,0
110,1520,0
110,1628,1
111,163,1
111,269,1
111,438,1
111,878,1
1145,111,0
111,1292,1
299,112,0
112,417,1
112,740,0
112,1125,0
112,1521,1
112,1528,0
113,467,0
113,489,0
114,223,1
114,296,1
348,114,0
372,114,0
373,114,0
377,114,0
406,114,0
448,114,0
114,488,1
489,114,0
114,521,1
114,537,1
556,114,0
114,566,0
114,586,1
114,597,1
640,114,0
114,648,1
664,114,0
114,668,1
114,708,1
114,753,1
114,768,1
808,114,0
114,850,1
114,865,1
114,866,1
114,895,1
114,910,1
114,996,1
114,1008,1
114,1026,1
114,1041,1
114,1054,1
114,1074,1
114,1078,1
1127,114,0
1136,114,0
114,1141,1
114,1143,1
114,1151,1
114,1172,1
114,1198,1
114,1220,1
114,1222,1
1229,114,0
114,1234,1
114,1237,1
1262,114,0
114,1317,1
114,1339,1
114,1359,1
114,1374,1
1393,114,0
1409,114,0
114,1420,1
114,1437,1
114,1504,1
1512,114,0
1529,114,0
1573,114,0
114,1578,0
1635,114,0
114,1637,1
114,1638,1
115,108,1
115,292,1
382,115,0
115,444,1
115,856,1
1124,115,0
115,1280,1
115,1332,1
115,1518,1
116,486,1
116,577,1
116,832,0
116,1094,1
116,1206,1
116,1371,1
116,1495,1
442,117,0
117,647,1
789,117,0
117,791,1
117,853,1
117,1148,1
117,1618,1
200,118,0
296,118,0
118,348,1
118,377,1
393,118,0
118,406,1
448,118,0
118,464,1
118,488,1
118,489,1
118,494,1
118,521,1
118,586,1
118,597,1
118,664,1
118,668,1
708,118,0
118,753,1
118,756,0
118,813,1
118,850,1
118,866,1
118,885,1
895,118,0
118,910,1
118,996,1
118,1008,1
1026,118,0
1054,118,0
118,1074,1
118,1078,1
1115,118,0
118,1127,1
1141,118,0
1143,118,0
118,1152,1
1220,118,0
118,1222,1
1229,118,0
1234,118,0
118,1235,1
1237,118,0
1317,118,0
118,1359,1
118,1374,1
118,1393,1
1420,118,0
118,1425,1
118,1427,1
118,1437,1
118,1446,1
118,1472,1
118,1480,1
118,1498,1
118,1504,1
118,1512,1
1637,118,0
118,1638,1
119,1,1
119,2,1
119,4,1
119,11,1
119,12,1
18,119,0
119,26,1
119,31,1
119,38,1
48,119,0
119,57,1
61,119,0
119,62,1
119,77,1
87,119,0
119,96,1
119,108,1
119,112,1
119,114,1
119,116,1
118,119,0
119,121,1
125,119,0
128,119,0
119,134,1
136,119,0
119,151,1
155,119,0
119,163,1
164,119,0
168,119,0
119,170,1
119,178,1
119,183,1
188,119,0
119,192,1
119,195,1
119,199,1
202,119,0
119,205,1
209,119,0
226,119,0
230,119,0
119,231,1
119,234,1
237,119,0
119,238,1
119,250,1
119,253,1
119,255,1
119,256,1
119,273,1
119,281,1
119,287,1
119,291,1
119,293,1
299,119,0
119,302,1
312,119,0
119,315,1
119,320,1
119,324,1
119,331,1
333,119,0
119,334,1
119,336,1
119,342,1
119,344,1
119,349,1
358,119,0
119,359,1
119,361,1
365,119,0
119,374,1
385,119,0
119,395,1
402,119,0
411,119,0
119,414,1
419,119,0
119,423,1
428,119,0
119,433,1
119,442,1
119,454,1
119,456,1
119,457,1
119,467,1
471,119,0
119,477,1
119,481,1
119,486,1
119,491,1
119,493,1
494,119,0
119,495,1
119,503,1
119,505,1
119,506,1
508,119,0
119,515,1
119,528,1
119,531,1
119,541,1
119,543,1
546,119,0
553,119,0
570,119,0
119,577,1
578,119,0
119,593,1
119,596,1
119,600,1
119,606,1
609,119,0
119,611,1
119,614,1
617,119,0
119,619,1
119,626,1
119,630,1
641,119,0
119,642,1
647,119,0
119,652,1
119,655,1
119,658,1
659,119,0
662,119,0
119,666,1
119,669,1
674,119,0
119,675,1
119,676,1
677,119,0
119,683,1
685,119,0
687,119,0
119,693,1
119,696,1
119,701,1
119,705,1
711,119,0
714,119,0
119,721,1
119,723,1
727,119,0
119,729,1
730,119,0
738,119,0
119,739,1
754,119,0
756,119,0
119,764,1
769,119,0
783,119,0
119,788,1
789,119,0
119,793,1
794,119,0
119,798,1
119,812,1
119,818,1
819,119,0
119,827,1
119,830,1
119,833,1
119,835,1
853,119,0
119,854,1
119,855,1
119,857,1
119,859,1
861,119,0
119,863,1
868,119,0
119,877,1
119,879,1
119,883,1
886,119,0
119,893,1
119,898,1
119,903,1
119,912,1
119,920,1
923,119,0
119,927,1
119,928,1
119,929,1
931,119,0
119,932,1
119,933,1
119,943,1
119,944,1
119,947,1
948,119,0
950,119,0
119,957,1
119,959,1
119,960,1
119,962,1
119,966,1
970,119,0
119,979,1
119,984,1
119,986,1
988,119,0
990,119,0
119,995,1
1003,119,0
1006,119,0
119,1007,1
1010,119,0
119,1013,1
119,1017,1
1022,119,0
119,1023,1
119,1029,1
1033,119,0
1034,119,0
119,1040,1
119,1044,1
1046,119,0
119,1065,1
119,1069,1
1079,119,0
1080,119,0
119,1085,1
1100,119,0
119,1106,1
1107,119,0
1109,119,0
119,1115,1
1117,119,0
1121,119,0
119,1132,1
119,1138,1
119,1142,1
1152,119,0
1153,119,0
1158,119,0
119,1160,1
119,1163,1
1164,119,0
119,1168,1
119,1169,1
119,1175,1
1181,119,0
119,1185,1
119,1186,1
119,1187,1
1189,119,0
1193,119,0
1194,119,0
1196,119,0
119,1197,1
119,1200,1
1206,119,0
119,1210,1
119,1217,1
1221,119,0
1224,119,0
1236,119,0
119,1238,1
119,1239,1
119,1246,1
119,1263,1
119,1277,1
119,1284,1
119,1287,1
119,1291,1
1293,119,0
119,1303,1
1305,119,0
119,1306,1
1307,119,0
119,1310,1
119,1315,1
119,1319,1
119,1320,1
119,1321,1
119,1323,1
119,1331,1
119,1334,1
119,1341,1
119,1342,1
119,1350,1
119,1353,1
1363,119,0
119,1371,1
119,1382,1
119,1384,1
1391,119,0
119,1392,1
119,1400,1
119,1413,1
119,1414,1
119,1421,1
1438,119,0
1442,119,0
119,1445,1
119,1449,1
119,1456,1
119,1457,1
119,1459,1
1464,119,0
119,1471,1
119,1475,1
1477,119,0
1478,119,0
1479,119,0
119,1491,1
1497,119,0
119,1500,1
119,1506,1
119,1513,1
119,1515,1
119,1517,1
119,1526,1
119,1532,1
119,1535,1
119,1543,1
1544,119,0
119,1545,1
1546,119,0
1548,119,0
119,1551,1
119,1555,1
119,1558,1
119,1565,1
119,1570,1
1579,119,0
119,1584,1
119,1590,1
119,1591,1
1599,119,0
1600,119,0
119,1604,1
1607,119,0
119,1610,1
1612,119,0
119,1621,1
119,1629,1
1636,119,0
1638,119,0
119,1640,1
1641,119,0
120,9,1
105,120,0
128,120,0
130,120,0
120,151,1
120,202,1
120,216,1
120,235,1
120,250,1
120,253,1
120,267,1
120,270,1
120,271,1
291,120,0
120,309,1
120,330,1
333,120,0
120,335,1
120,336,1
120,362,1
366,120,0
120,387,1
120,391,1
120,409,1
120,413,0
414,120,0
120,422,1
453,120,0
479,120,0
495,120,0
120,505,1
120,514,1
120,520,1
120,522,1
120,523,1
120,539,1
549,120,0
568,120,0
572,120,0
120,580,1
120,592,1
644,120,0
647,120,0
120,657,1
120,662,1
120,663,1
120,675,1
693,120,0
696,120,0
120,705,0
120,722,1
728,120,0
120,730,1
120,744,1
120,759,1
765,120,0
120,777,1
120,783,1
120,784,1
120,789,1
120,807,1
120,832,1
849,120,0
120,886,1
120,888,1
120,948,1
120,972,1
120,981,1
120,1009,1
120,1013,1
120,1016,1
120,1047,1
120,1050,1
1058,120,0
1064,120,0
120,1098,0
120,1113,1
1116,120,0
120,1148,1
120,1153,1
120,1168,1
120,1208,1
120,1210,1
1214,120,0
120,1218,1
120,1220,1
120,1232,1
120,1272,1
1281,120,0
120,1294,1
120,1303,1
120,1309,1
120,1321,1
1341,120,0
120,1356,1
120,1363,1
120,1369,1
1378,120,0
1395,120,0
1398,120,0
120,1400,1
120,1401,1
120,1412,1
120,1416,1
120,1454,1
120,1476,1
120,1539,1
1542,120,0
1558,120,0
1578,120,0
120,1584,1
1601,120,0
120,1618,1
1619,120,0
120,1632,1
120,1638,1
120,1639,1
108,121,0
121,114,1
121,118,1
121,161,1
315,121,0
121,444,1
121,784,1
121,795,1
1062,121,0
1112,121,0
1190,121,0
1216,121,0
121,1332,1
1581,121,0
121,1639,1
415,122,0
508,122,0
122,515,1
122,723,1
122,926,1
970,122,0
122,1107,1
122,1474,0
122,1545,0
122,1546,1
122,1629,1
620,124,0
124,682,1
124,805,1
124,1124,1
15,125,0
125,186,1
396,125,0
125,564,0
125,657,1
125,671,1
125,702,1
125,823,1
125,922,1
125,930,1
125,948,1
1040,125,0
125,1049,1
125,1265,1
125,1321,1
1368,125,0
125,1476,1
125,1581,0
125,1617,1
1620,125,0
126,259,1
126,287,0
126,352,1
438,126,0
126,465,1
126,504,0
1218,126,0
126,1427,1
30,127,0
127,125,1
127,285,1
326,127,0
127,426,1
127,442,1
127,623,1
670,127,0
127,823,1
127,1258,1
127,1368,1
1466,127,0
128,289,1
128,414,1
128,454,1
128,624,1
128,751,1
128,783,1
128,823,1
128,1083,1
1128,128,0
128,1202,1
128,1205,1
128,1368,1
128,1396,1
1440,128,0
1465,128,0
128,1533,1
128,1571,1
1617,128,0
129,270,1
129,436,1
129,442,1
643,129,0
130,270,1
130,1208,1
130,1428,0
130,1619,1
61,131,0
131,482,1
131,963,1
131,1082,1
131,1163,1
131,1583,1
13,132,0
132,128,1
132,211,1
132,370,1
409,132,0
644,132,0
690,132,0
832,132,0
132,892,1
132,985,1
1288,132,0
132,1295,1
132,1349,1
132,1549,1
132,1597,1
133,14,1
133,84,1
152,133,0
133,331,0
133,400,1
425,133,0
133,998,1
1024,133,0
1085,133,0
133,1352,1
133,1541,1
134,281,1
674,134,0
1115,134,0
134,1189,0
135,14,1
15,135,0
135,31,1
62,135,0
135,98,1
135,114,1
135,118,1
135,161,1
185,135,0
135,241,1
135,272,1
135,281,1
135,317,1
135,320,1
135,338,1
135,342,1
135,379,1
398,135,0
135,403,1
415,135,0
135,416,1
135,424,1
135,447,1
135,468,1
480,135,0
559,135,0
135,564,1
135,607,1
135,610,1
135,614,1
135,620,1
135,630,1
135,655,1
657,135,0
135,674,1
135,676,1
686,135,0
135,720,1
135,725,1
738,135,0
135,742,1
135,749,1
783,135,0
790,135,0
135,802,1
824,135,0
135,831,1
135,868,1
881,135,0
883,135,0
135,898,1
902,135,0
905,135,0
933,135,0
936,135,0
135,1027,1
1085,135,0
1088,135,0
135,1091,1
1095,135,0
135,1111,1
1118,135,0
1131,135,0
135,1147,1
1149,135,0
135,1150,1
1158,135,0
135,1180,0
1205,135,0
135,1239,1
1257,135,0
1260,135,0
135,1265,1
135,1271,1
1297,135,0
135,1299,1
135,1323,1
135,1351,1
1370,135,0
135,1372,1
135,1393,1
135,1415,1
135,1425,0
135,1458,1
1465,135,0
1472,135,0
135,1476,1
135,1478,1
135,1483,1
1486,135,0
135,1496,1
135,1498,1
135,1499,1
135,1507,1
135,1508,1
135,1536,1
135,1550,1
135,1561,1
135,1562,1
135,1563,1
135,1600,1
1617,135,0
136,1,1
136,331,1
136,609,1
136,754,1
136,794,1
927,136,0
136,1112,0
136,1311,0
136,1344,0
136,1532,1
137,214,1
137,230,1
137,481,1
137,552,0
137,737,0
137,877,1
137,1080,1
137,1121,1
137,1319,1
137,1382,1
137,1457,1
1464,137,0
137,1513,1
137,1520,0
138,735,1
138,1468,1
139,675,1
711,139,0
139,858,1
959,139,0
139,988,1
1003,139,0
1121,139,0
1404,139,0
1532,139,0
140,2,1
71,140,0
140,78,1
140,84,1
140,114,1
140,118,1
140,121,1
140,193,1
140,202,1
140,216,1
250,140,0
140,254,1
140,282,1
140,304,1
140,309,1
140,316,1
140,318,1
140,328,1
342,140,0
140,362,1
140,375,1
140,376,1
140,387,1
140,389,1
140,393,1
140,415,1
140,429,1
140,446,1
474,140,0
140,479,1
140,480,1
481,140,0
140,491,1
140,503,1
140,504,1
509,140,0
140,539,1
545,140,0
140,555,1
140,591,1
612,140,0
140,619,1
645,140,0
140,656,1
140,663,1
140,696,1
719,140,0
140,722,1
140,726,1
140,728,1
140,745,1
140,757,1
140,765,1
140,771,1
140,774,1
140,778,1
140,792,1
798,140,0
817,140,0
140,821,1
140,822,1
827,140,0
140,845,1
849,140,0
140,850,1
868,140,0
140,872,1
140,877,1
140,885,1
886,140,0
140,900,1
140,902,1
909,140,0
140,913,1
140,919,0
933,140,0
140,949,1
959,140,0
140,963,1
969,140,0
140,976,1
140,987,1
140,988,1
1009,140,0
140,1042,1
1043,140,0
140,1056,1
140,1062,1
1063,140,0
1075,140,0
140,1080,1
140,1088,1
140,1111,1
140,1121,1
1122,140,0
140,1134,1
140,1153,1
140,1154,1
140,1159,1
1168,140,0
1186,140,0
140,1193,1
140,1194,1
140,1195,1
1201,140,0
140,1202,1
140,1210,1
140,1219,1
1225,140,0
140,1232,1
140,1238,1
140,1249,1
140,1251,1
1272,140,0
1277,140,0
140,1282,1
1287,140,0
140,1291,1
140,1295,1
140,1297,1
140,1300,1
140,1305,1
140,1309,1
1319,140,0
140,1324,1
140,1326,1
140,1331,1
140,1332,1
1341,140,0
140,1351,1
1362,140,0
1369,140,0
1374,140,0
1382,140,0
140,1403,1
1404,140,0
140,1420,1
140,1460,1
140,1469,1
1481,140,0
140,1489,1
140,1490,1
140,1491,1
1505,140,0
1513,140,0
1535,140,0
1536,140,0
140,1549,1
140,1554,1
140,1584,1
140,1599,1
140,1601,1
140,1620,1
1630,140,0
140,1632,1
1641,140,0
72,141,0
287,141,0
442,141,0
141,606,1
141,641,1
141,1548,1
141,1573,0
142,34,1
266,142,0
142,272,0
325,142,0
142,1267,1
142,1493,1
142,1560,1
243,143,0
143,249,1
143,279,1
143,428,1
143,489,1
549,143,0
143,550,1
143,569,1
143,628,1
693,143,0
143,723,1
743,143,0
143,744,1
143,895,1
143,941,1
143,1086,1
143,1143,1
143,1188,1
1234,143,0
143,1235,1
143,1417,1
1427,143,0
143,1434,1
143,1497,0
144,174,1
144,355,1
144,809,1
145,434,1
145,475,1
145,676,1
898,145,0
146,755,0
146,928,0
1015,146,0
146,1078,0
146,1600,0
147,599,0
147,1509,0
148,196,1
148,400,0
148,775,1
148,875,1
1337,148,0
148,1395,0
148,1490,1
148,1594,0
148,1599,0
149,508,1
149,1125,0
149,1515,1
149,1547,1
150,337,1
760,150,0
829,150,0
150,1551,0
150,1605,1
471,151,0
151,721,1
863,151,0
151,1024,0
1438,151,0
1561,151,0
657,152,0
152,1476,1
152,1528,0
153,771,1
153,813,0
153,845,1
1154,153,0
153,1300,1
154,171,0
154,350,1
154,351,1
434,154,0
154,471,0
154,1063,1
311,155,0
155,336,1
155,538,1
155,593,1
155,807,1
948,155,0
155,1120,1
155,1273,1
155,1284,1
1321,155,0
155,1526,1
1539,155,0
155,1558,1
155,1572,1
156,1093,0
157,3,1
382,157,0
157,490,1
157,695,1
157,750,1
157,807,0
157,1081,1
157,1096,1
157,1135,1
157,1358,1
157,1433,1
158,114,1
158,118,1
158,692,1
159,249,1
159,279,1
159,342,1
159,368,1
393,159,0
159,464,1
159,472,1
159,489,1
159,504,1
159,684,1
159,694,1
159,744,1
159,781,1
159,792,1
813,159,0
159,850,1
885,159,0
888,159,0
159,895,1
159,933,1
951,159,0
159,996,1
159,1008,1
159,1054,1
1077,159,0
159,1103,1
159,1111,0
159,1143,1
159,1234,1
159,1235,1
159,1237,1
159,1374,1
159,1427,1
1484,159,0
159,1490,1
159,1504,1
1509,159,0
159,1600,1
159,1625,1
160,191,1
160,293,1
481,160,0
160,625,1
160,706,1
1035,160,0
160,1248,1
160,1259,1
160,1516,1
161,665,1
161,952,1
161,1326,0
162,303,1
310,162,0
407,162,0
162,656,0
162,733,1
162,1061,1
1089,162,0
163,314,1
163,714,1
788,163,0
163,861,1
163,928,1
163,1034,1
163,1612,1
24,164,0
164,178,1
301,164,0
432,164,0
513,164,0
164,635,1
164,766,1
164,841,1
164,871,0
164,950,1
164,955,1
164,974,1
982,164,0
164,991,1
1018,164,0
1170,164,0
164,1203,1
1264,164,0
164,1533,1
164,1581,0
1617,164,0
165,607,0
165,1096,0
166,269,1
278,166,0
166,445,1
166,814,1
166,1137,1
166,1502,0
1508,166,0
167,2,1
167,820,0
167,1251,1
1287,167,0
168,253,0
168,281,1
674,168,0
168,747,0
168,883,1
168,977,1
168,987,1
168,1239,1
168,1362,1
15,169,0
108,169,0
114,169,0
169,118,1
328,169,0
169,757,1
824,169,0
852,169,0
887,169,0
169,1011,1
169,1063,1
169,1086,0
1133,169,0
1228,169,0
169,1240,1
169,1280,1
1282,169,0
169,1379,1
169,1428,0
1439,169,0
170,4,1
170,18,1
170,48,1
128,170,0
170,135,1
170,168,1
178,170,0
170,199,1
212,170,0
218,170,0
170,232,1
170,234,1
170,249,1
170,255,1
264,170,0
170,292,1
170,293,1
297,170,0
170,302,1
320,170,0
170,332,1
170,335,1
339,170,0
342,170,0
170,346,1
356,170,0
358,170,0
374,170,0
170,381,1
170,387,1
388,170,0
391,170,0
170,393,1
170,398,1
170,405,1
170,408,1
170,424,1
170,427,1
450,170,0
454,170,0
170,455,1
468,170,0
170,482,1
170,487,1
170,494,1
170,503,1
515,170,0
519,170,0
170,529,1
170,545,1
170,553,1
170,561,1
170,575,1
576,170,0
170,579,1
580,170,0
591,170,0
607,170,0
170,634,1
170,636,1
170,643,1
660,170,0
692,170,0
170,693,1
170,705,1
721,170,0
170,722,1
170,734,1
745,170,0
170,758,1
170,763,1
170,765,1
170,790,1
170,796,1
170,798,1
170,801,1
170,807,1
170,813,1
819,170,0
825,170,0
170,831,1
844,170,0
849,170,0
170,850,1
170,881,1
885,170,0
170,888,1
170,899,1
170,907,1
170,915,1
919,170,0
170,932,1
170,939,1
950,170,0
970,170,0
990,170,0
170,995,1
170,999,1
170,1001,1
170,1023,1
1036,170,0
170,1040,1
170,1048,1
1057,170,0
1066,170,0
170,1085,1
1086,170,0
1094,170,0
170,1104,1
170,1115,1
1132,170,0
170,1150,1
170,1152,1
170,1178,1
170,1184,1
170,1187,1
170,1199,1
170,1202,1
170,1207,1
1229,170,0
1232,170,0
170,1247,1
1249,170,0
170,1262,1
170,1269,1
170,1271,1
170,1277,1
1294,170,0
1295,170,0
1309,170,0
170,1313,1
170,1314,1
170,1326,1
170,1333,1
170,1338,1
1343,170,0
1372,170,0
1374,170,0
1396,170,0
170,1407,1
1411,170,0
170,1417,1
1424,170,0
170,1429,1
1431,170,0
170,1432,1
170,1435,1
1442,170,0
1454,170,0
1460,170,0
170,1467,1
170,1478,1
170,1482,1
170,1483,1
1486,170,0
170,1509,1
170,1532,1
170,1543,1
170,1546,1
1557,170,0
1563,170,0
170,1592,1
170,1598,1
1599,170,0
170,1601,1
170,1641,1
171,1467,0
172,283,1
172,591,1
172,1055,1
172,1238,1
1291,172,0
173,321,1
173,1256,1
1473,173,0
174,809,1
174,1152,0
174,1205,0
174,1250,0
175,31,1
175,138,1
149,175,0
175,227,1
175,249,1
260,175,0
175,279,1
175,330,1
342,175,0
175,347,1
175,362,1
175,366,1
175,368,1
175,371,1
175,387,1
175,417,1
175,472,1
489,175,0
175,502,1
504,175,0
175,514,1
529,175,0
549,175,0
175,615,1
701,175,0
175,721,0
175,728,1
735,175,0
175,744,1
759,175,0
175,781,1
792,175,0
175,849,1
175,850,1
175,866,1
175,885,1
175,894,1
895,175,0
175,925,1
175,939,1
951,175,0
175,996,1
175,1008,1
175,1054,1
175,1058,1
1079,175,0
175,1086,1
175,1103,1
1116,175,0
175,1143,1
175,1202,1
175,1214,1
175,1229,1
175,1231,1
175,1237,1
175,1247,1
1249,175,0
175,1281,1
175,1309,1
175,1329,1
175,1345,1
175,1361,1
175,1367,1
175,1374,1
175,1389,1
175,1413,1
175,1416,1
1417,175,0
1420,175,0
175,1427,1
175,1468,1
175,1515,1
175,1547,1
1557,175,0
1580,175,0
175,1594,1
1600,175,0
1601,175,0
175,1613,1
146,176,0
795,176,0
176,841,1
177,368,0
504,177,0
177,792,1
177,1434,1
178,224,1
178,403,1
178,950,1
179,777,1
1537,179,0
1538,179,0
180,609,0
180,1041,0
180,1157,1
180,1314,0
181,31,1
181,37,1
181,108,1
181,214,1
181,225,1
285,181,0
308,181,0
181,323,1
343,181,0
181,396,1
181,499,1
181,548,1
181,571,1
181,573,1
181,608,1
621,181,0
181,633,1
671,181,0
181,741,1
181,762,1
786,181,0
181,787,1
181,797,1
181,876,1
181,918,1
922,181,0
930,181,0
181,992,1
1027,181,0
1052,181,0
1060,181,0
1108,181,0
181,1209,1
181,1227,1
181,1233,1
1276,181,0
181,1280,1
181,1302,1
181,1332,1
181,1354,1
181,1364,1
1408,181,0
181,1447,1
181,1474,1
181,1567,1
1572,181,0
449,182,0
182,521,1
182,706,1
182,755,0
785,182,0
349,183,0
770,183,0
183,855,0
183,859,1
183,1071,1
1445,183,0
183,1477,1
1569,183,0
184,287,0
184,434,1
464,184,0
678,184,0
184,1537,1
820,185,0
185,833,1
185,1149,1
185,1158,1
185,1449,1
186,54,1
186,57,1
186,71,1
229,186,0
186,262,1
304,186,0
186,379,1
186,403,1
186,424,1
186,468,1
480,186,0
186,482,1
607,186,0
186,610,1
186,614,1
186,620,1
186,669,1
186,706,1
186,733,1
186,736,1
742,186,0
186,749,0
186,761,1
186,810,1
186,824,1
186,831,1
186,872,1
186,881,1
186,902,1
913,186,0
186,921,1
186,924,1
186,966,1
186,981,1
186,994,0
1028,186,0
1035,186,0
186,1047,1
186,1062,1
186,1088,1
186,1106,1
186,1111,1
186,1131,1
186,1147,1
1150,186,0
186,1194,1
1195,186,0
1205,186,0
186,1207,1
1253,186,0
1271,186,0
1305,186,0
1332,186,0
186,1338,1
1351,186,0
186,1370,1
186,1403,1
1429,186,0
186,1465,1
1483,186,0
186,1486,1
1550,186,0
186,1560,1
186,1562,1
186,1563,1
186,1577,1
186,1598,1
1641,186,0
799,187,0
187,824,1
873,187,0
187,937,1
1257,187,0
187,1381,1
187,1488,1
188,879,1
1544,188,0
189,1630,0
245,190,0
288,190,0
190,350,0
190,552,0
744,190,0
190,951,1
190,961,1
190,1085,0
190,1347,1
293,191,0
405,191,0
553,191,0
191,625,1
191,754,1
806,191,0
191,914,1
191,1035,1
191,1248,1
1252,191,0
191,1410,0
191,1516,1
192,1207,1
192,1437,0
193,2,1
71,193,0
193,78,1
84,193,0
193,90,1
100,193,0
193,114,1
193,118,1
193,121,1
193,170,1
193,202,1
193,209,1
193,216,1
193,243,1
193,250,1
275,193,0
193,277,1
193,292,1
193,309,1
193,316,1
193,322,1
193,324,1
362,193,0
375,193,0
376,193,0
193,403,1
415,193,0
193,429,1
193,474,1
479,193,0
193,480,1
481,193,0
484,193,0
491,193,0
193,503,1
504,193,0
529,193,0
193,555,1
193,562,1
193,572,1
193,591,1
193,619,1
645,193,0
193,656,1
193,678,1
696,193,0
711,193,0
193,722,1
726,193,0
193,728,1
193,731,1
732,193,0
745,193,0
193,746,1
754,193,0
193,765,1
771,193,0
193,774,1
777,193,0
778,193,0
193,817,1
193,821,1
827,193,0
193,849,1
850,193,0
868,193,0
193,871,1
193,872,1
193,886,1
193,902,1
193,906,1
909,193,0
193,925,1
933,193,0
193,949,1
963,193,0
969,193,0
193,987,1
193,988,1
193,1009,1
193,1013,1
1032,193,0
1042,193,0
193,1043,1
193,1056,1
193,1080,1
193,1106,1
193,1121,1
193,1134,1
193,1137,1
193,1144,1
193,1147,1
1153,193,0
193,1154,1
193,1159,1
1180,193,0
1186,193,0
193,1188,1
193,1191,1
1193,193,0
193,1194,1
193,1219,1
193,1228,1
193,1229,1
193,1232,1
193,1236,1
1249,193,0
193,1251,1
1272,193,0
1275,193,0
193,1277,1
1282,193,0
193,1287,1
1291,193,0
1295,193,0
193,1300,1
193,1305,1
193,1309,1
193,1314,1
193,1315,1
193,1319,1
193,1326,1
193,1331,1
193,1332,1
193,1341,1
193,1351,1
193,1362,1
193,1374,1
193,1404,1
1420,193,0
193,1457,1
1469,193,0
1481,193,0
1491,193,0
193,1505,1
193,1513,1
193,1518,1
1535,193,0
1549,193,0
193,1554,1
193,1580,1
193,1584,1
1585,193,0
193,1599,1
1600,193,0
193,1630,1
193,1632,1
1641,193,0
194,35,1
776,194,0
194,835,1
896,194,0
1006,194,0
1519,194,0
194,1606,0
195,673,0
197,1279,0
201,1199,0
201,1457,0
201,1531,0
204,927,0
204,1546,0
206,434,0
206,543,0
207,370,0
207,607,0
207,890,0
208,1493,0
208,1525,0
209,1513,0
210,1482,0
212,240,0
213,214,0
213,539,0
213,1532,0
214,656,0
214,1094,0
216,258,0
216,443,0
216,603,0
217,1033,0
218,1045,0
219,894,0
220,340,0
221,544,0
221,981,0
221,1362,0
225,998,0
226,507,0
226,822,0
227,345,0
229,451,0
229,958,0
229,1278,0
229,1512,0
230,1043,0
231,1543,0
232,704,0
232,1457,0
233,980,0
233,1135,0
236,869,0
237,1159,0
237,1231,0
238,615,0
239,1013,0
239,1281,0
240,1340,0
240,1585,0
241,857,0
241,922,0
243,612,0
243,1038,0
243,1039,0
244,245,0
244,260,0
245,323,0
245,335,0
245,1431,0
246,1387,0
247,552,0
248,1084,0
249,407,0
249,744,0
249,1237,0
249,1268,0
250,417,0
250,742,0
251,1044,0
252,1604,0
254,1208,0
256,1002,0
260,576,0
260,1530,0
261,952,0
261,1596,0
262,564,0
264,757,0
266,1364,0
267,305,0
268,1378,0
270,894,0
271,593,0
271,1292,0
273,981,0
273,1190,0
274,1388,0
278,374,0
279,1047,0
279,1274,0
279,1557,0
281,471,0
281,626,0
281,722,0
283,1492,0
284,1076,0
285,611,0
285,719,0
286,790,0
286,1191,0
287,1257,0
288,1252,0
290,504,0
290,1339,0
292,322,0
293,1619,0
294,591,0
294,1202,0
295,1063,0
297,1191,0
297,1375,0
298,880,0
299,1144,0
299,1355,0
300,897,0
300,1459,0
302,760,0
302,1025,0
303,1039,0
304,1576,0
305,429,0
306,1326,0
306,1629,0
307,664,0
308,712,0
308,783,0
310,670,0
312,1042,0
313,1065,0
313,1135,0
314,535,0
314,541,0
314,1405,0
314,1437,0
316,342,0
316,485,0
316,689,0
316,861,0
317,325,0
319,690,0
320,777,0
321,409,0
321,993,0
322,1273,0
323,324,0
325,762,0
325,948,0
325,1042,0
327,1090,0
329,332,0
330,718,0
330,1166,0
330,1291,0
330,1364,0
331,766,0
331,811,0
332,1516,0
333,884,0
333,942,0
333,1209,0
333,1484,0
335,718,0
335,1362,0
335,1456,0
336,1488,0
339,522,0
341,1412,0
342,1488,0
343,484,0
344,362,0
345,634,0
347,658,0
348,1551,0
351,971,0
352,1283,0
353,1626,0
354,864,0
354,1317,0
354,1354,0
355,565,0
357,586,0
358,1057,0
358,1426,0
359,1155,0
360,485,0
360,633,0
360,1224,0
362,1189,0
363,1156,0
363,1376,0
363,1626,0
364,1235,0
364,1327,0
366,465,0
366,823,0
366,1266,0
366,1538,0
368,1212,0
369,1010,0
369,1078,0
369,1097,0
369,1150,0
369,1445,0
370,380,0
371,842,0
372,870,0
373,1157,0
374,888,0
376,901,0
378,937,0
380,1628,0
382,796,0
382,863,0
382,1597,0
383,1265,0
384,683,0
385,562,0
385,968,0
386,1409,0
387,418,0
387,1494,0
388,488,0
388,1191,0
388,1430,0
389,1624,0
391,1547,0
392,631,0
392,1202,0
393,1568,0
394,1393,0
394,1433,0
395,1278,0
396,573,0
398,634,0
398,1541,0
400,1023,0
400,1161,0
400,1220,0
401,771,0
402,1039,0
402,1218,0
402,1587,0
404,1041,0
404,1478,0
405,1101,0
406,416,0
406,1117,0
409,1024,0
410,1575,0
411,532,0
411,653,0
411,820,0
411,1356,0
413,434,0
414,1034,0
415,478,0
415,1475,0
416,959,0
417,916,0
418,1452,0
418,1568,0
421,1454,0
426,1246,0
426,1510,0
428,997,0
428,1228,0
429,1183,0
430,1017,0
432,1087,0
435,1392,0
436,1044,0
436,1383,0
436,1624,0
438,1250,0
440,1431,0
440,1536,0
441,1350,0
443,895,0
443,1224,0
443,1582,0
444,1091,0
446,572,0
446,1272,0
447,982,0
448,1377,0
449,1354,0
454,1290,0
457,673,0
457,843,0
458,772,0
458,844,0
459,586,0
459,628,0
459,1485,0
462,1448,0
463,1177,0
465,615,0
467,690,0
469,1294,0
470,1438,0
470,1620,0
472,532,0
473,961,0
473,1410,0
478,1134,0
478,1293,0
479,957,0
479,1571,0
480,666,0
481,1485,0
483,629,0
485,1214,0
486,583,0
486,720,0
486,991,0
489,795,0
490,927,0
490,1391,0
491,1369,0
492,776,0
493,611,0
494,992,0
496,1133,0
497,1073,0
498,696,0
498,1359,0
502,1520,0
504,1061,0
504,1271,0
505,1425,0
507,644,0
507,847,0
508,1175,0
510,683,0
511,1443,0
512,1281,0
512,1630,0
514,1167,0
514,1389,0
515,1121,0
515,1198,0
515,1288,0
520,578,0
522,832,0
522,1365,0
523,1039,0
523,1312,0
524,1288,0
524,1469,0
525,1164,0
530,598,0
531,1062,0
531,1430,0
532,759,0
532,1177,0
533,812,0
533,832,0
534,784,0
535,1435,0
536,1201,0
538,558,0
538,727,0
538,1320,0
540,669,0
540,989,0
541,608,0
541,640,0
544,1448,0
544,1536,0
547,677,0
548,753,0
548,1238,0
551,1240,0
555,935,0
557,1474,0
558,1510,0
559,1191,0
563,796,0
563,1316,0
563,1612,0
564,1621,0
566,607,0
566,796,0
566,1170,0
568,630,0
568,884,0
569,1519,0
570,786,0
570,1487,0
571,623,0
575,604,0
575,819,0
575,1555,0
576,1541,0
577,1350,0
579,731,0
581,688,0
583,746,0
584,1435,0
586,847,0
587,1195,0
587,1244,0
589,805,0
590,1571,0
591,869,0
591,1634,0
592,1284,0
593,1358,0
596,1266,0
597,1290,0
601,1193,0
602,714,0
602,1010,0
605,684,0
605,691,0
605,1587,0
607,665,0
608,1195,0
613,840,0
614,663,0
614,1065,0
614,1111,0
615,1383,0
616,1520,0
618,879,0
619,1219,0
621,692,0
623,821,0
623,874,0
623,1527,0
624,680,0
625,855,0
626,1067,0
626,1287,0
626,1495,0
627,1187,0
627,1386,0
628,806,0
628,1376,0
629,1109,0
629,1336,0
629,1427,0
629,1603,0
630,1092,0
632,1153,0
632,1414,0
632,1502,0
635,1603,0
638,918,0
638,1469,0
639,939,0
640,875,0
640,1048,0
641,903,0
643,1285,0
644,1525,0
645,947,0
645,1027,0
645,1186,0
647,767,0
647,889,0
647,1316,0
647,1420,0
652,890,0
652,1383,0
654,1406,0
655,1127,0
657,1280,0
658,1317,0
661,1221,0
664,1410,0
666,1134,0
667,1043,0
668,1246,0
673,1387,0
674,1169,0
674,1519,0
678,1109,0
679,1098,0
679,1477,0
680,980,0
680,1172,0
681,868,0
681,1150,0
683,1066,0
683,1546,0
684,1026,0
685,1622,0
687,1009,0
687,1423,0
689,1614,0
691,818,0
692,1505,0
693,1135,0
695,959,0
698,1317,0
698,1536,0
699,929,0
699,1209,0
700,1074,0
700,1086,0
700,1620,0
703,1549,0
705,1484,0
708,760,0
708,924,0
708,1099,0
708,1111,0
710,1027,0
711,1445,0
712,1469,0
712,1573,0
712,1637,0
714,1099,0
716,915,0
716,1008,0
719,1485,0
721,1178,0
721,1579,0
722,1216,0
723,1412,0
724,844,0
724,1049,0
725,860,0
726,946,0
727,1124,0
727,1194,0
727,1604,0
728,1540,0
729,1453,0
731,1308,0
731,1452,0
733,799,0
733,1115,0
736,1045,0
736,1260,0
737,1267,0
738,866,0
738,1220,0
739,1101,0
740,911,0
741,1100,0
741,1165,0
742,1101,0
744,923,0
744,1224,0
750,762,0
750,806,0
752,894,0
752,985,0
752,1076,0
754,1355,0
756,1022,0
757,871,0
758,1071,0
759,1240,0
760,876,0
760,937,0
760,1232,0
762,1022,0
768,1417,0
769,1616,0
771,1510,0
772,1531,0
773,867,0
773,1022,0
777,855,0
778,1594,0
779,892,0
783,872,0
783,1472,0
784,1210,0
787,1572,0
789,800,0
790,858,0
790,983,0
791,957,0
791,1112,0
799,1087,0
800,905,0
800,1090,0
801,1385,0
805,1402,0
807,1015,0
808,1074,0
812,846,0
814,1124,0
814,1367,0
815,913,0
815,1338,0
815,1544,0
819,832,0
822,991,0
828,1512,0
831,1538,0
832,1372,0
832,1518,0
833,1256,0
835,861,0
836,881,0
836,1581,0
837,1468,0
843,1443,0
843,1551,0
845,947,0
847,1145,0
849,941,0
850,912,0
851,1343,0
852,1332,0
852,1598,0
853,1262,0
858,1015,0
858,1243,0
860,1211,0
860,1264,0
860,1469,0
861,958,0
862,902,0
864,1211,0
864,1552,0
870,1402,0
870,1617,0
872,977,0
873,944,0
873,1524,0
878,1086,0
879,1542,0
881,1550,0
883,1385,0
888,1019,0
889,1362,0
889,1624,0
891,1172,0
893,1573,0
898,1092,0
898,1248,0
898,1444,0
898,1525,0
899,904,0
906,1460,0
907,1569,0
910,1169,0
911,1099,0
912,1518,0
915,950,0
915,1128,0
916,1290,0
917,1278,0
919,957,0
920,1478,0
921,1481,0
926,1458,0
927,1003,0
931,960,0
932,1066,0
934,1613,0
935,1331,0
938,987,0
942,1548,0
947,1042,0
949,1457,0
958,1474,0
960,1330,0
967,1480,0
969,1395,0
972,1484,0
976,1292,0
976,1529,0
978,1554,0
979,1546,0
983,1567,0
984,1547,0
986,1583,0
989,1553,0
994,1181,0
997,1414,0
1002,1062,0
1002,1409,0
1005,1616,0
1010,1506,0
1016,1236,0
1019,1207,0
1020,1252,0
1022,1037,0
1022,1099,0
1023,1637,0
1024,1048,0
1024,1229,0
1024,1349,0
1024,1633,0
1028,1110,0
1030,1119,0
1031,1036,0
1032,1161,0
1036,1429,0
1037,1073,0
1037,1136,0
1038,1113,0
1039,1393,0
1040,1452,0
1041,1072,0
1043,1369,0
1044,1570,0
1046,1240,0
1049,1365,0
1053,1292,0
1053,1525,0
1055,1530,0
1059,1085,0
1061,1411,0
1062,1067,0
1062,1201,0
1069,1089,0
1070,1339,0
1071,1434,0
1071,1564,0
1075,1250,0
1083,1433,0
1087,1269,0
1088,1147,0
1088,1359,0
1088,1540,0
1089,1293,0
1091,1570,0
1097,1446,0
1098,1129,0
1100,1454,0
1100,1490,0
1102,1522,0
1108,1223,0
1113,1542,0
1115,1119,0
1115,1564,0
1116,1223,0
1124,1220,0
1124,1272,0
1124,1361,0
1125,1559,0
1129,1130,0
1130,1404,0
1131,1461,0
1132,1531,0
1135,1151,0
1135,1452,0
1137,1206,0
1141,1408,0
1145,1462,0
1147,1418,0
1151,1396,0
1152,1438,0
1155,1357,0
1156,1616,0
1159,1520,0
1161,1571,0
1161,1600,0
1168,1295,0
1168,1500,0
1171,1395,0
1176,1391,0
1178,1458,0
1180,1399,0
1180,1585,0
1182,1554,0
1183,1217,0
1189,1334,0
1191,1429,0
1193,1552,0
1196,1256,0
1202,1343,0
1204,1457,0
1206,1333,0
1206,1580,0
1215,1380,0
1217,1587,0
1219,1270,0
1220,1240,0
1222,1385,0
1226,1457,0
1237,1622,0
1239,1280,0
1241,1269,0
1243,1510,0
1244,1615,0
1245,1550,0
1250,1556,0
1253,1407,0
1260,1282,0
1260,1579,0
1261,1591,0
1262,1301,0
1262,1416,0
1264,1342,0
1264,1347,0
1274,1557,0
1278,1640,0
1279,1334,0
1280,1340,0
1282,1505,0
1282,1571,0
1283,1376,0
1289,1625,0
1294,1528,0
1294,1571,0
1297,1409,0
1306,1474,0
1312,1337,0
1317,1351,0
1318,1449,0
1326,1520,0
1328,1473,0
1331,1470,0
1333,1515,0
1338,1373,0
1339,1516,0
1340,1458,0
1345,1392,0
1348,1486,0
1350,1618,0
1359,1464,0
1359,1477,0
1361,1581,0
1369,1481,0
1370,1625,0
1373,1395,0
1375,1445,0
1375,1624,0
1378,1388,0
1381,1554,0
1385,1429,0
1388,1488,0
1388,1523,0
1400,1476,0
1413,1554,0
1415,1597,0
1421,1477,0
1422,1466,0
1422,1488,0
1425,1455,0
1427,1575,0
1441,1559,0
1464,1471,0
1474,1536,0
1476,1564,0
1489,1540,0
1511,1554,0
1515,1621,0
1525,1568,0
1559,1571,0
1619,1624,0
