0,166,1
0,200,1
0,290,1
0,306,3
0,498,1
0,639,3
0,848,1
0,918,1
0,935,1
0,987,1
0,988,1
0,1124,1
0,1129,1
0,1161,1
0,1301,1
0,1362,1
0,1426,1
1,26,1
1,508,3
1,662,1
1,701,1
1,922,3
1,1069,1
1,1152,1
1,1176,1
1,1220,1
1,1262,1
1,1277,1
1,1352,1
1,1414,1
1,1599,1
2,509,1
2,548,1
2,557,3
2,827,1
2,1126,3
2,1251,1
2,1287,1
2,1490,1
2,1491,1
2,1535,1
2,1621,3
3,222,1
3,249,1
3,258,1
3,319,1
3,687,1
3,813,3
3,865,3
3,1191,3
3,1322,1
3,1340,1
3,1391,3
4,116,1
4,234,1
4,474,3
4,819,1
4,1344,3
4,1483,3
4,1606,3
5,495,1
5,577,3
5,1042,1
5,1231,1
5,1400,1
6,326,1
6,642,3
6,1207,1
6,1536,1
7,22,1
7,179,1
7,204,1
7,284,1
7,345,1
7,399,1
7,484,1
7,555,1
7,562,1
7,581,1
7,590,1
7,772,1
7,776,1
7,778,1
7,822,1
7,842,1
7,936,1
7,940,1
7,973,1
7,1122,1
7,1159,1
7,1180,1
7,1338,3
7,1394,1
7,1458,1
7,1503,1
8,1162,3
9,210,1
9,298,1
9,497,1
9,994,1
9,1084,1
9,1311,1
10,175,1
10,245,3
10,279,1
10,314,1
10,316,1
10,318,1
10,381,1
10,389,1
10,390,1
10,437,1
10,464,1
10,489,1
10,516,1
10,529,1
10,535,3
10,642,1
10,683,1
10,698,1
10,705,1
10,746,1
10,828,1
10,866,1
10,895,1
10,906,1
10,925,1
10,951,1
10,969,1
10,981,1
10,996,1
10,1008,1
10,1022,1
10,1028,1
10,1047,1
10,1054,1
10,1134,1
10,1143,1
10,1221,1
10,1226,1
10,1234,1
10,1235,1
10,1237,1
10,1250,3
10,1427,1
10,1469,1
10,1504,1
10,1532,1
10,1553,1
10,1554,1
10,1560,1
10,1580,1
10,1628,1
11,77,1
11,123,3
11,243,1
11,287,3
11,319,1
11,449,3
11,460,1
11,475,1
11,496,1
11,498,3
11,528,3
11,628,1
11,632,1
11,680,1
11,716,1
11,726,1
11,745,1
11,805,1
11,836,1
11,858,1
11,1184,3
11,1188,1
11,1191,1
11,1204,1
11,1213,1
11,1225,1
11,1242,1
11,1585,1
12,22,1
12,34,1
12,211,1
12,241,1
12,242,1
12,264,3
12,300,1
12,317,3
12,370,1
12,386,1
12,404,1
12,409,1
12,431,1
12,458,1
12,490,1
12,583,1
12,607,3
12,644,1
12,645,1
12,654,1
12,673,1
12,721,1
12,748,1
12,749,1
12,753,1
12,804,1
12,832,1
12,869,1
12,900,3
12,930,1
12,960,3
12,976,1
12,1095,1
12,1123,1
12,1180,1
12,1260,1
12,1266,1
12,1288,1
12,1314,1
12,1326,1
12,1349,1
12,1355,1
12,1366,1
12,1373,1
12,1443,1
12,1463,1
12,1517,1
12,1527,1
12,1543,1
12,1571,1
12,1589,1
12,1609,1
12,1642,1
13,65,1
13,202,3
13,294,1
13,349,1
13,488,1
13,747,1
13,1597,1
14,215,1
14,289,1
14,914,1
14,932,1
14,1085,1
14,1401,1
14,1637,3
15,108,1
15,114,1
15,118,1
15,307,1
15,315,1
15,328,1
15,444,1
15,525,1
15,686,1
15,757,1
15,811,3
15,824,1
15,852,1
15,887,1
15,1011,1
15,1034,3
15,1063,1
15,1133,1
15,1228,1
15,1240,1
15,1280,1
15,1282,1
15,1367,1
15,1377,1
15,1379,1
15,1439,1
15,1608,1
16,191,3
16,236,1
16,455,1
16,772,3
17,103,2
17,658,3
17,979,3
17,1611,3
18,309,1
18,436,3
18,479,1
18,572,1
18,614,1
18,732,1
18,1112,1
18,1272,1
18,1369,1
19,135,1
19,844,1
19,860,1
19,1170,1
20,17,1
20,475,1
20,612,1
20,829,1
20,1446,1
20,1606,1
21,252,1
21,333,1
21,375,1
21,513,1
21,1019,3
21,1081,3
21,1251,1
21,1581,3
22,85,3
22,399,1
22,555,1
22,776,1
22,778,1
22,797,3
22,822,1
22,1106,1
22,1159,1
22,1220,1
22,1433,3
22,1503,1
22,1602,3
23,214,1
23,441,3
23,483,1
23,761,1
23,1255,1
23,1273,3
23,1436,1
23,1596,1
24,202,3
24,752,3
24,920,3
24,1029,1
24,1181,1
24,1453,1
25,137,3
25,329,1
25,500,1
25,543,1
25,622,1
25,646,1
25,740,1
25,1298,1
25,1603,1
26,56,2
27,364,1
27,633,3
27,802,1
27,887,1
27,1182,1
27,1196,3
27,1249,1
27,1431,1
28,298,3
28,948,3
28,1616,3
29,394,1
29,689,1
29,820,3
29,1122,1
29,1307,1
29,1560,3
30,125,1
30,454,1
30,823,1
30,1167,1
30,1368,1
30,1631,3
31,205,1
31,250,1
31,423,1
31,554,1
31,650,3
31,729,1
31,1013,1
31,1168,1
31,1210,1
31,1308,1
31,1315,1
31,1335,1
31,1341,1
31,1353,1
32,16,1
32,841,1
32,1126,3
32,1248,1
32,1296,1
32,1376,3
33,240,1
33,874,1
33,886,1
33,1157,1
33,1187,1
33,1342,1
34,89,1
34,226,1
34,501,1
34,563,1
34,794,1
34,815,1
34,931,1
34,1194,1
34,1305,1
34,1323,1
34,1565,1
35,78,1
35,108,3
35,207,3
35,319,1
35,442,1
35,647,1
35,789,1
35,853,1
35,1053,3
35,1148,1
35,1374,3
35,1404,3
35,1548,3
35,1618,1
36,164,2
36,178,1
36,247,1
36,248,1
36,263,1
36,301,1
36,421,1
36,542,1
36,635,1
36,795,1
36,815,1
36,841,1
36,950,1
36,955,1
36,974,1
36,1018,1
36,1140,3
36,1296,1
36,1308,1
36,1363,1
37,197,1
37,285,1
37,341,1
37,526,1
37,787,1
37,840,1
37,1060,1
37,1233,1
37,1263,1
37,1451,1
38,57,1
38,249,1
38,391,1
38,602,1
38,666,1
38,793,1
38,943,1
38,1033,1
38,1046,1
38,1261,1
38,1570,1
39,1475,3
39,1551,3
40,168,1
40,273,1
40,320,3
40,637,3
40,683,1
40,1007,1
40,1060,1
40,1065,1
40,1221,1
40,1349,1
40,1483,3
40,1487,3
40,1532,1
41,187,1
41,242,3
41,277,1
41,318,1
41,512,3
41,607,1
41,821,1
41,1114,1
42,4,1
42,202,1
42,234,1
42,240,1
42,244,1
42,342,1
42,431,1
42,498,1
42,522,1
42,567,1
42,602,1
42,643,1
42,687,1
42,693,1
42,710,1
42,793,1
42,819,1
42,882,1
42,886,1
42,890,1
42,933,1
42,942,1
42,943,1
42,1002,1
42,1033,1
42,1113,1
42,1201,1
42,1202,1
42,1222,1
42,1238,1
42,1330,1
42,1378,1
42,1383,1
42,1402,1
42,1500,1
42,1584,1
42,1588,1
42,1600,1
42,1614,1
43,160,1
43,207,1
43,313,1
43,327,1
43,367,1
43,383,1
43,392,1
43,485,1
43,518,1
43,574,1
43,596,1
43,616,1
43,637,1
43,649,1
43,747,1
43,820,1
43,856,1
43,867,1
43,942,1
43,946,1
43,953,1
43,993,1
43,1004,1
43,1014,1
43,1032,1
43,1044,1
43,1192,1
43,1289,1
43,1324,1
43,1392,1
43,1405,3
43,1479,1
43,1481,1
43,1489,1
43,1492,1
43,1511,1
43,1568,1
43,1630,1
44,87,3
44,456,1
44,623,1
44,729,1
44,739,1
44,1138,1
44,1139,1
44,1406,1
44,1590,1
44,1591,1
46,769,3
46,985,3
46,1474,3
46,1620,3
47,201,1
47,252,1
47,295,1
47,305,1
47,354,1
47,364,1
47,397,1
47,441,1
47,461,1
47,517,1
47,536,1
47,584,1
47,592,1
47,599,1
47,604,1
47,658,1
47,697,1
47,699,1
47,710,1
47,715,1
47,718,1
47,834,1
47,839,1
47,846,1
47,887,1
47,954,1
47,964,1
47,971,1
47,980,1
47,1005,1
47,1015,1
47,1087,1
47,1098,1
47,1102,1
47,1119,1
47,1150,3
47,1177,1
47,1183,1
47,1212,3
47,1240,1
47,1250,1
47,1316,1
47,1318,1
47,1360,1
47,1365,1
47,1390,1
47,1397,1
47,1410,1
47,1418,1
47,1487,1
47,1528,1
47,1534,1
47,1552,1
47,1556,1
47,1575,1
47,1587,1
48,118,1
48,281,1
48,674,1
48,883,1
48,977,1
48,987,1
48,1096,3
48,1239,1
48,1362,1
48,1400,3
48,1470,1
48,1502,1
49,128,1
49,233,1
49,783,1
49,1146,1
49,1205,1
49,1345,1
49,1361,1
49,1384,1
49,1465,1
49,1594,1
49,1617,1
50,141,1
50,287,1
50,334,1
50,428,1
50,606,1
50,619,1
50,641,1
50,851,1
50,855,1
50,942,1
50,1459,1
50,1548,1
50,1614,1
51,77,1
51,164,1
51,178,1
51,247,1
51,263,1
51,301,1
51,363,1
51,391,1
51,432,1
51,462,1
51,478,1
51,509,3
51,576,1
51,635,1
51,690,1
51,766,1
51,795,1
51,836,1
51,841,1
51,950,1
51,997,1
51,1061,1
51,1114,1
51,1120,3
51,1170,1
51,1203,1
51,1211,1
51,1264,1
51,1296,1
51,1363,1
51,1462,1
51,1611,1
52,268,3
52,310,1
52,559,1
52,703,1
52,1068,1
52,1274,1
53,542,3
53,942,1
53,1469,1
54,428,3
54,914,1
54,1085,1
55,317,3
55,425,3
55,688,3
56,209,1
56,223,1
56,322,3
56,730,1
56,1320,1
56,1423,1
56,1557,1
57,255,1
57,318,1
57,358,1
57,365,1
57,438,1
57,466,1
57,713,1
57,897,1
57,1110,1
57,1164,1
57,1422,1
57,1576,1
58,117,1
58,229,1
58,293,1
58,369,1
58,443,1
58,451,1
58,604,1
58,689,3
58,712,1
58,798,1
58,1021,1
58,1156,1
58,1380,1
58,1482,3
58,1516,1
58,1542,3
59,355,3
59,1166,3
60,172,3
60,730,3
60,1458,3
61,359,1
61,493,1
61,816,1
61,901,1
62,185,2
62,187,3
62,351,1
62,402,1
62,833,1
62,910,1
62,1065,1
62,1117,1
62,1149,1
62,1158,1
62,1275,1
62,1449,1
62,1507,3
63,117,1
63,424,3
63,614,1
63,630,1
63,802,1
63,931,1
63,1121,3
63,1323,1
64,200,1
64,220,3
64,387,3
64,900,1
64,955,3
65,249,1
65,520,1
65,549,1
65,744,1
65,800,1
65,888,1
65,1086,1
65,1167,1
65,1218,1
65,1249,1
65,1417,1
66,1509,3
67,198,3
67,236,3
67,253,1
67,397,1
67,470,1
67,510,1
67,520,1
67,766,3
67,848,1
67,908,1
67,975,1
67,1126,1
67,1268,1
67,1360,1
67,1452,1
68,254,1
68,559,3
68,560,3
68,678,1
68,892,1
68,978,3
68,1219,1
68,1363,3
68,1490,1
68,1505,1
68,1620,1
69,114,1
69,244,1
69,551,3
69,748,3
69,863,3
69,1415,1
70,44,1
70,103,1
70,207,1
70,459,1
70,755,1
70,890,3
70,945,1
70,987,1
70,989,1
70,1124,1
70,1273,1
70,1301,1
70,1419,1
70,1529,1
71,247,1
71,357,1
71,364,3
71,945,1
71,1128,3
71,1273,1
71,1299,3
71,1522,3
72,126,3
72,402,1
72,457,1
72,532,1
72,960,1
72,1452,1
72,1604,1
73,51,1
73,475,3
73,529,1
73,620,1
73,947,1
73,974,1
74,93,3
74,102,1
74,221,1
74,235,1
74,335,1
74,616,3
74,645,1
74,949,1
74,951,3
74,956,1
74,1294,1
74,1523,1
74,1537,1
74,1538,1
74,1545,1
74,1639,1
75,194,1
75,195,1
75,312,1
75,440,1
75,896,1
75,904,3
75,1006,1
75,1471,1
75,1497,1
76,114,1
76,762,3
76,1167,3
76,1363,3
76,1374,3
76,1513,3
76,1564,1
77,82,1
77,91,1
77,114,1
77,200,1
77,237,1
77,239,1
77,257,1
77,261,1
77,291,1
77,369,1
77,384,1
77,412,1
77,414,1
77,446,1
77,510,1
77,512,1
77,519,1
77,538,1
77,539,1
77,557,1
77,564,1
77,585,1
77,587,1
77,593,1
77,618,1
77,628,1
77,639,1
77,650,1
77,675,1
77,688,1
77,691,1
77,696,1
77,767,1
77,805,1
77,868,1
77,892,1
77,893,1
77,912,1
77,923,1
77,948,1
77,1000,1
77,1010,1
77,1012,1
77,1021,1
77,1045,1
77,1061,1
77,1067,1
77,1093,1
77,1097,1
77,1126,1
77,1153,1
77,1212,1
77,1284,1
77,1293,1
77,1310,1
77,1321,1
77,1332,1
77,1335,1
77,1356,1
77,1363,1
77,1385,1
77,1398,1
77,1406,1
77,1455,1
77,1519,1
77,1525,1
77,1526,1
77,1539,1
77,1558,1
77,1579,1
77,1582,1
77,1585,1
77,1615,1
77,1616,1
78,84,2
78,93,1
78,581,3
78,1077,3
78,1198,1
79,155,1
79,433,1
79,441,3
79,506,1
79,651,1
79,1224,1
79,1302,3
79,1414,1
79,1506,1
80,169,1
80,1162,1
80,1610,3
81,229,1
81,803,1
81,810,1
81,1357,1
81,1411,1
82,67,1
82,218,1
82,246,1
82,552,1
82,590,1
82,632,1
82,704,1
82,773,1
82,776,1
82,818,1
82,884,1
82,908,1
82,975,1
82,1213,1
82,1270,1
82,1454,1
82,1626,1
83,2,1
83,31,1
83,33,1
83,41,1
83,71,1
83,98,1
83,100,1
83,120,2
83,128,1
83,138,1
83,149,1
83,152,1
83,155,1
83,183,1
83,195,1
83,205,1
83,216,1
83,219,1
83,224,1
83,227,1
83,229,1
83,250,1
83,251,1
83,253,1
83,260,1
83,265,1
83,267,1
83,269,1
83,275,1
83,283,1
83,286,1
83,289,1
83,291,1
83,292,1
83,314,1
83,330,1
83,336,1
83,342,1
83,347,1
83,349,1
83,353,1
83,362,1
83,368,1
83,371,1
83,376,1
83,387,1
83,393,1
83,410,1
83,417,1
83,423,1
83,426,1
83,430,1
83,440,1
83,446,1
83,453,1
83,463,1
83,464,1
83,472,1
83,473,1
83,492,1
83,502,1
83,504,1
83,505,1
83,509,1
83,510,1
83,522,1
83,523,1
83,533,1
83,540,1
83,541,1
83,544,1
83,554,1
83,560,1
83,568,1
83,589,1
83,591,1
83,598,1
83,601,1
83,613,1
83,615,1
83,627,1
83,650,1
83,656,1
83,659,1
83,661,1
83,663,1
83,675,1
83,684,1
83,687,1
83,694,1
83,698,1
83,712,1
83,722,1
83,724,1
83,728,1
83,731,1
83,735,1
83,765,1
83,770,1
83,774,1
83,777,1
83,778,1
83,781,1
83,783,1
83,792,1
83,807,1
83,810,1
83,811,1
83,813,1
83,817,1
83,822,1
83,828,1
83,838,1
83,843,1
83,849,1
83,850,1
83,858,1
83,859,1
83,862,1
83,866,1
83,871,1
83,880,1
83,885,1
83,889,1
83,891,1
83,894,1
83,925,1
83,933,1
83,934,1
83,938,1
83,948,1
83,951,1
83,952,1
83,963,1
83,965,1
83,978,1
83,984,1
83,996,1
83,1008,1
83,1009,1
83,1013,1
83,1016,1
83,1032,1
83,1042,1
83,1043,1
83,1050,1
83,1054,1
83,1055,1
83,1071,1
83,1075,1
83,1077,1
83,1079,1
83,1103,1
83,1106,1
83,1116,1
83,1122,1
83,1130,1
83,1143,1
83,1144,1
83,1153,1
83,1159,1
83,1168,1
83,1171,1
83,1194,1
83,1202,1
83,1210,1
83,1220,1
83,1229,1
83,1232,1
83,1234,1
83,1235,1
83,1237,1
83,1243,1
83,1244,1
83,1245,1
83,1249,1
83,1251,1
83,1274,1
83,1277,1
83,1281,1
83,1283,1
83,1287,1
83,1290,1
83,1303,1
83,1306,1
83,1309,1
83,1315,1
83,1321,1
83,1325,1
83,1327,1
83,1329,1
83,1331,1
83,1346,1
83,1348,1
83,1353,1
83,1356,1
83,1363,1
83,1374,1
83,1375,1
83,1376,1
83,1380,1
83,1389,1
83,1398,1
83,1401,1
83,1406,1
83,1412,1
83,1413,1
83,1420,1
83,1445,1
83,1448,1
83,1460,1
83,1461,1
83,1468,1
83,1477,1
83,1484,1
83,1489,1
83,1491,1
83,1496,1
83,1497,1
83,1504,1
83,1508,1
83,1510,1
83,1515,1
83,1518,1
83,1535,1
83,1539,1
83,1542,1
83,1547,1
83,1555,1
83,1557,1
83,1558,1
83,1569,1
83,1578,1
83,1599,1
83,1601,1
83,1613,1
83,1615,1
83,1616,1
83,1623,1
83,1625,1
83,1628,1
83,1630,1
83,1632,1
84,449,3
84,813,1
84,1042,3
84,1569,3
85,112,1
85,168,3
85,238,1
85,835,1
85,854,1
85,862,1
85,1128,1
85,1282,1
86,419,1
86,538,1
86,846,3
86,858,3
86,902,1
86,1062,1
86,1183,1
86,1332,1
86,1359,1
86,1378,1
87,79,1
87,160,1
87,268,1
87,276,3
87,415,1
87,506,1
87,508,1
87,602,1
87,638,1
87,743,1
87,766,3
87,793,1
87,821,3
87,847,1
87,943,1
87,947,1
87,1107,1
87,1125,1
87,1181,1
87,1224,1
87,1350,1
89,323,3
89,563,1
89,815,1
89,877,3
89,1090,1
89,1120,1
89,1247,1
89,1314,1
89,1491,3
89,1498,3
90,142,1
90,306,1
90,322,1
90,324,1
90,553,1
90,617,1
90,799,1
90,863,1
90,1133,1
90,1236,1
90,1263,1
90,1291,1
90,1391,1
90,1475,1
90,1604,1
90,1633,1
91,340,1
91,355,1
91,357,1
91,360,1
91,393,3
91,405,1
91,422,1
91,430,1
91,435,1
91,458,3
91,507,1
91,527,1
91,643,3
91,737,1
91,779,1
91,810,1
91,864,1
91,983,1
91,991,1
91,1038,1
91,1059,1
91,1120,1
91,1140,1
91,1268,1
91,1286,1
91,1295,1
91,1429,1
91,1524,1
91,1549,1
91,1595,1
92,916,1
92,1142,1
92,1636,1
93,1295,1
93,1549,1
94,198,1
94,199,1
94,220,1
94,234,1
94,241,1
94,306,1
94,374,1
94,401,1
94,458,1
94,469,1
94,551,1
94,844,1
94,995,1
94,1019,1
94,1025,1
94,1051,1
94,1072,1
94,1095,1
94,1105,1
94,1106,1
94,1123,1
94,1132,1
94,1155,1
94,1169,1
94,1194,1
94,1217,1
94,1223,1
94,1305,1
94,1430,1
94,1454,1
94,1549,1
94,1552,3
95,109,1
95,134,2
95,281,1
95,494,1
95,847,1
95,883,1
95,1115,1
95,1239,1
95,1480,1
96,419,1
96,471,1
96,903,1
96,1017,1
96,1075,3
96,1092,1
96,1160,1
96,1175,1
96,1189,1
96,1305,3
96,1522,1
96,1566,1
97,15,1
97,439,1
97,530,1
97,709,1
97,762,1
97,1166,1
97,1514,1
98,783,1
98,823,1
98,1040,1
98,1388,1
98,1396,1
98,1440,1
98,1465,1
98,1533,1
99,5,1
99,115,1
99,185,1
99,211,1
99,220,1
99,263,1
99,370,1
99,419,3
99,474,1
99,588,1
99,603,1
99,605,1
99,644,1
99,672,1
99,773,1
99,791,1
99,832,1
99,841,1
99,947,1
99,983,1
99,1018,1
99,1101,1
99,1164,1
99,1270,1
99,1284,1
99,1296,1
99,1349,1
99,1425,1
99,1523,1
99,1593,1
99,1639,1
100,183,1
100,318,1
100,372,1
100,389,1
100,477,3
100,529,3
100,746,1
100,770,1
100,859,1
100,909,1
100,969,1
100,1071,1
100,1134,1
100,1144,1
100,1222,1
100,1342,1
100,1469,1
100,1484,1
100,1555,1
100,1569,1
101,172,2
101,1188,1
102,886,1
102,1219,3
102,1584,1
103,211,3
103,241,3
103,1077,1
103,1441,1
104,392,1
104,510,1
104,1246,1
105,543,1
105,784,1
105,1395,1
106,511,1
106,558,1
106,629,1
106,1111,3
106,1510,1
106,1622,1
107,826,1
107,1588,1
107,1610,1
108,210,1
108,315,1
108,444,1
108,483,1
108,797,1
108,840,3
108,945,1
108,1108,1
108,1254,1
108,1280,1
108,1405,1
109,100,1
109,107,1
109,140,1
109,177,1
109,180,1
109,196,1
109,217,1
109,228,1
109,243,1
109,275,1
109,276,1
109,318,1
109,331,1
109,332,3
109,336,1
109,376,1
109,378,1
109,393,1
109,410,1
109,420,1
109,510,1
109,526,1
109,565,1
109,566,1
109,598,1
109,631,1
109,653,1
109,681,1
109,726,1
109,746,1
109,752,1
109,780,1
109,813,1
109,850,1
109,876,1
109,885,1
109,906,1
109,917,1
109,958,1
109,963,1
109,968,1
109,969,1
109,1020,1
109,1073,1
109,1077,1
109,1082,1
109,1103,1
109,1144,1
109,1155,1
109,1157,1
109,1188,1
109,1191,1
109,1192,1
109,1241,1
109,1247,1
109,1279,1
109,1312,1
109,1328,1
109,1350,1
109,1374,1
109,1387,1
109,1393,1
109,1444,1
109,1448,1
109,1469,1
109,1472,1
109,1494,1
109,1498,1
109,1509,1
109,1512,1
109,1531,1
109,1554,1
109,1585,1
109,1623,1
109,1624,1
109,1631,1
110,149,3
110,314,1
110,380,1
110,437,1
110,464,3
110,547,1
110,698,1
110,817,1
110,828,1
110,870,3
110,1166,3
110,1628,1
111,163,1
111,269,1
111,438,1
111,878,1
111,1145,1
111,1292,1
112,299,1
112,417,1
112,1521,1
114,160,3
114,223,1
114,296,1
114,348,1
114,372,1
114,373,1
114,377,1
114,406,1
114,448,1
114,488,1
114,489,1
114,521,1
114,537,1
114,556,1
114,586,1
114,597,1
114,640,1
114,648,1
114,664,1
114,668,1
114,708,1
114,753,1
114,768,1
114,808,1
114,850,1
114,865,1
114,866,1
114,895,1
114,910,1
114,996,1
114,1008,1
114,1026,1
114,1041,1
114,1054,1
114,1074,1
114,1078,1
114,1127,1
114,1136,1
114,1141,1
114,1143,1
114,1151,1
114,1172,1
114,1198,1
114,1220,1
114,1222,1
114,1229,1
114,1234,1
114,1237,1
114,1262,1
114,1317,1
114,1339,1
114,1359,1
114,1374,1
114,1393,1
114,1409,1
114,1420,1
114,1437,1
114,1504,1
114,1512,1
114,1529,1
114,1573,1
114,1635,1
114,1637,1
114,1638,1
115,108,1
115,292,1
115,382,1
115,444,1
115,856,1
115,1028,3
115,1104,3
115,1124,1
115,1280,1
115,1332,1
115,1459,3
115,1518,1
116,312,3
116,339,3
116,486,1
116,577,1
116,586,3
116,1094,1
116,1206,1
116,1241,3
116,1371,1
116,1447,3
116,1495,1
117,442,1
117,647,1
117,789,1
117,791,1
117,853,1
117,1148,1
117,1520,3
117,1575,3
117,1618,1
118,200,1
118,296,1
118,348,1
118,364,3
118,377,1
118,393,1
118,406,1
118,448,1
118,464,1
118,488,1
118,489,1
118,494,1
118,521,1
118,586,1
118,597,1
118,664,1
118,668,1
118,708,1
118,753,1
118,807,3
118,813,1
118,850,1
118,866,1
118,885,1
118,895,1
118,910,1
118,996,1
118,1008,1
118,1026,1
118,1054,1
118,1074,1
118,1078,1
118,1107,3
118,1115,1
118,1127,1
118,1141,1
118,1143,1
118,1152,1
118,1220,1
118,1222,1
118,1229,1
118,1234,1
118,1235,1
118,1237,1
118,1317,1
118,1359,1
118,1374,1
118,1393,1
118,1420,1
118,1425,1
118,1427,1
118,1437,1
118,1446,1
118,1472,1
118,1480,1
118,1498,1
118,1504,1
118,1512,1
118,1637,1
118,1638,1
119,1,1
119,2,1
119,4,1
119,11,1
119,12,1
119,18,1
119,26,1
119,31,1
119,38,1
119,48,1
119,57,1
119,61,1
119,62,1
119,77,1
119,87,1
119,96,1
119,108,1
119,112,1
119,114,1
119,116,1
119,118,1
119,121,1
119,125,1
119,128,1
119,134,1
119,136,1
119,151,1
119,155,1
119,163,1
119,164,1
119,168,1
119,170,2
119,178,1
119,183,1
119,188,1
119,192,1
119,195,1
119,199,1
119,202,1
119,205,1
119,209,1
119,226,1
119,230,1
119,231,1
119,234,1
119,237,1
119,238,1
119,250,1
253,119,0
255,119,0
256,119,0
273,119,0
281,119,0
287,119,0
291,119,0
293,119,0
299,119,0
302,119,0
312,119,0
315,119,0
320,119,0
324,119,0
331,119,0
333,119,0
334,119,0
336,119,0
342,119,0
344,119,0
349,119,0
358,119,0
359,119,0
361,119,0
365,119,0
374,119,0
385,119,0
395,119,0
402,119,0
411,119,0
414,119,0
419,119,0
423,119,0
428,119,0
433,119,0
442,119,0
454,119,0
456,119,0
457,119,0
467,119,0
471,119,0
477,119,0
481,119,0
486,119,0
491,119,0
493,119,0
494,119,0
495,119,0
503,119,0
505,119,0
506,119,0
508,119,0
515,119,0
528,119,0
531,119,0
541,119,0
543,119,0
546,119,0
553,119,0
570,119,0
577,119,0
578,119,0
593,119,0
596,119,0
600,119,0
606,119,0
609,119,0
611,119,0
614,119,0
617,119,0
619,119,0
626,119,0
630,119,0
641,119,0
642,119,0
647,119,0
652,119,0
655,119,0
658,119,0
659,119,0
662,119,0
666,119,0
669,119,0
674,119,0
675,119,0
676,119,0
677,119,0
683,119,0
685,119,0
687,119,0
693,119,0
696,119,0
701,119,0
705,119,0
711,119,0
714,119,0
721,119,0
723,119,0
727,119,0
729,119,0
730,119,0
738,119,0
739,119,0
754,119,0
756,119,0
764,119,0
769,119,0
783,119,0
788,119,0
789,119,0
793,119,0
794,119,0
798,119,0
812,119,0
818,119,0
819,119,0
827,119,0
830,119,0
833,119,0
835,119,0
853,119,0
854,119,0
855,119,0
857,119,0
859,119,0
861,119,0
863,119,0
868,119,0
877,119,0
879,119,0
883,119,0
886,119,0
893,119,0
898,119,0
903,119,0
912,119,0
920,119,0
923,119,0
927,119,0
928,119,0
929,119,0
931,119,0
932,119,0
933,119,0
943,119,0
944,119,0
947,119,0
948,119,0
950,119,0
957,119,0
959,119,0
960,119,0
962,119,0
966,119,0
970,119,0
979,119,0
984,119,0
986,119,0
988,119,0
990,119,0
995,119,0
1003,119,0
1006,119,0
1007,119,0
1010,119,0
1013,119,0
1017,119,0
1022,119,0
1023,119,0
1029,119,0
1033,119,0
1034,119,0
1040,119,0
1044,119,0
1046,119,0
1065,119,0
1069,119,0
1079,119,0
1080,119,0
1085,119,0
1100,119,0
1106,119,0
1107,119,0
1109,119,0
1115,119,0
1117,119,0
1121,119,0
1132,119,0
1138,119,0
1142,119,0
1152,119,0
1153,119,0
1158,119,0
1160,119,0
1163,119,0
1164,119,0
1168,119,0
1169,119,0
1175,119,0
1181,119,0
1185,119,0
1186,119,0
1187,119,0
1189,119,0
1193,119,0
1194,119,0
1196,119,0
1197,119,0
1200,119,0
1206,119,0
1210,119,0
1217,119,0
1221,119,0
1224,119,0
1236,119,0
1238,119,0
1239,119,0
1246,119,0
1263,119,0
1277,119,0
1284,119,0
1287,119,0
1291,119,0
1293,119,0
1303,119,0
1305,119,0
1306,119,0
1307,119,0
1310,119,0
1315,119,0
1319,119,0
1320,119,0
1321,119,0
1323,119,0
1331,119,0
1334,119,0
1341,119,0
1342,119,0
1350,119,0
1353,119,0
1363,119,0
1371,119,0
1382,119,0
1384,119,0
1391,119,0
1392,119,0
1400,119,0
1413,119,0
1414,119,0
1421,119,0
1438,119,0
1442,119,0
1445,119,0
1449,119,0
1456,119,0
1457,119,0
1459,119,0
1464,119,0
1471,119,0
1475,119,0
1477,119,0
1478,119,0
1479,119,0
119,1488,3
1491,119,0
1497,119,0
1500,119,0
1506,119,0
1513,119,0
1515,119,0
1517,119,0
1526,119,0
1532,119,0
1535,119,0
1543,119,0
1544,119,0
1545,119,0
1546,119,0
1548,119,0
1551,119,0
1555,119,0
1558,119,0
1565,119,0
1570,119,0
1579,119,0
1584,119,0
1590,119,0
1591,119,0
1599,119,0
1600,119,0
1604,119,0
1607,119,0
1610,119,0
1612,119,0
1621,119,0
1629,119,0
1636,119,0
1638,119,0
1640,119,0
1641,119,0
9,120,0
105,120,0
128,120,0
130,120,0
151,120,0
202,120,0
216,120,0
235,120,0
250,120,0
253,120,0
267,120,0
270,120,0
271,120,0
291,120,0
309,120,0
330,120,0
333,120,0
335,120,0
336,120,0
362,120,0
366,120,0
387,120,0
120,389,3
391,120,0
409,120,0
414,120,0
422,120,0
453,120,0
479,120,0
495,120,0
505,120,0
514,120,0
520,120,0
522,120,0
523,120,0
539,120,0
549,120,0
568,120,0
572,120,0
580,120,0
592,120,0
644,120,0
647,120,0
657,120,0
662,120,0
663,120,0
675,120,0
693,120,0
696,120,0
722,120,0
728,120,0
730,120,0
744,120,0
759,120,0
765,120,0
777,120,0
783,120,0
784,120,0
789,120,0
807,120,0
832,120,0
849,120,0
886,120,0
888,120,0
120,940,3
948,120,0
120,967,3
972,120,0
981,120,0
1009,120,0
1013,120,0
1016,120,0
1047,120,0
1050,120,0
1058,120,0
1064,120,0
1113,120,0
1116,120,0
1148,120,0
1153,120,0
1168,120,0
1208,120,0
1210,120,0
1214,120,0
1218,120,0
1220,120,0
1232,120,0
1272,120,0
1281,120,0
1294,120,0
1303,120,0
1309,120,0
1321,120,0
1341,120,0
1356,120,0
1363,120,0
1369,120,0
1378,120,0
1395,120,0
1398,120,0
1400,120,0
1401,120,0
1412,120,0
1416,120,0
1454,120,0
1476,120,0
1539,120,0
1542,120,0
1558,120,0
1578,120,0
1584,120,0
1601,120,0
1618,120,0
1619,120,0
1632,120,0
120,1633,3
1638,120,0
1639,120,0
108,121,0
114,121,0
118,121,0
161,121,0
315,121,0
121,336,3
444,121,0
784,121,0
795,121,0
1062,121,0
121,1108,3
1112,121,0
1190,121,0
1216,121,0
1332,121,0
121,1536,3
1581,121,0
1639,121,0
415,122,0
508,122,0
515,122,0
723,122,0
926,122,0
970,122,0
1107,122,0
1546,122,0
1629,122,0
124,337,3
620,124,0
682,124,0
124,728,3
805,124,0
124,936,3
1124,124,0
124,1523,3
15,125,0
186,125,0
125,210,3
396,125,0
657,125,0
671,125,0
702,125,0
823,125,0
922,125,0
930,125,0
948,125,0
1040,125,0
1049,125,0
1265,125,0
1321,125,0
1368,125,0
1476,125,0
125,1587,3
1617,125,0
1620,125,0
259,126,0
352,126,0
438,126,0
465,126,0
1218,126,0
126,1253,3
1427,126,0
30,127,0
125,127,0
285,127,0
326,127,0
127,344,3
426,127,0
442,127,0
623,127,0
670,127,0
823,127,0
1258,127,0
127,1259,3
1368,127,0
1466,127,0
289,128,0
414,128,0
454,128,0
624,128,0
751,128,0
783,128,0
823,128,0
128,946,3
1083,128,0
1128,128,0
1202,128,0
1205,128,0
1368,128,0
1396,128,0
1440,128,0
1465,128,0
1533,128,0
1571,128,0
1617,128,0
270,129,0
129,359,3
436,129,0
442,129,0
129,456,3
643,129,0
270,130,0
130,317,3
130,644,3
130,820,3
130,1054,3
1208,130,0
130,1489,3
130,1561,3
1619,130,0
61,131,0
482,131,0
963,131,0
1082,131,0
1163,131,0
131,1310,3
131,1334,3
1583,131,0
13,132,0
128,132,0
211,132,0
370,132,0
409,132,0
644,132,0
690,132,0
832,132,0
892,132,0
985,132,0
1288,132,0
1295,132,0
1349,132,0
1549,132,0
1597,132,0
14,133,0
84,133,0
152,133,0
400,133,0
425,133,0
133,432,3
998,133,0
1024,133,0
1085,133,0
1352,133,0
1541,133,0
281,134,0
134,538,3
674,134,0
1115,134,0
14,135,0
15,135,0
31,135,0
62,135,0
98,135,0
114,135,0
118,135,0
161,135,0
185,135,0
241,135,0
272,135,0
281,135,0
135,302,3
317,135,0
320,135,0
338,135,0
342,135,0
379,135,0
398,135,0
403,135,0
415,135,0
416,135,0
424,135,0
447,135,0
468,135,0
480,135,0
559,135,0
564,135,0
135,578,3
607,135,0
610,135,0
614,135,0
620,135,0
630,135,0
655,135,0
657,135,0
674,135,0
676,135,0
686,135,0
720,135,0
725,135,0
738,135,0
742,135,0
749,135,0
783,135,0
790,135,0
802,135,0
824,135,0
831,135,0
868,135,0
881,135,0
883,135,0
898,135,0
902,135,0
905,135,0
933,135,0
936,135,0
1027,135,0
1085,135,0
1088,135,0
1091,135,0
1095,135,0
135,1106,3
1111,135,0
1118,135,0
1131,135,0
1147,135,0
1149,135,0
1150,135,0
1158,135,0
1205,135,0
1239,135,0
1257,135,0
1260,135,0
1265,135,0
1271,135,0
1297,135,0
1299,135,0
1323,135,0
1351,135,0
1370,135,0
1372,135,0
1393,135,0
1415,135,0
1458,135,0
1465,135,0
1472,135,0
1476,135,0
1478,135,0
1483,135,0
1486,135,0
1496,135,0
1498,135,0
1499,135,0
1507,135,0
1508,135,0
1536,135,0
1550,135,0
1561,135,0
1562,135,0
1563,135,0
1600,135,0
1617,135,0
1,136,0
331,136,0
609,136,0
754,136,0
794,136,0
927,136,0
1532,136,0
137,178,3
214,137,0
230,137,0
481,137,0
137,611,3
877,137,0
1080,137,0
1121,137,0
137,1165,3
1319,137,0
1382,137,0
1457,137,0
1464,137,0
1513,137,0
735,138,0
138,1363,3
1468,138,0
675,139,0
711,139,0
858,139,0
959,139,0
988,139,0
1003,139,0
139,1107,3
1121,139,0
1404,139,0
1532,139,0
2,140,0
71,140,0
78,140,0
84,140,0
114,140,0
118,140,0
121,140,0
140,193,2
202,140,0
216,140,0
250,140,0
254,140,0
282,140,0
304,140,0
309,140,0
316,140,0
318,140,0
328,140,0
342,140,0
362,140,0
375,140,0
376,140,0
387,140,0
389,140,0
393,140,0
415,140,0
429,140,0
446,140,0
474,140,0
479,140,0
480,140,0
481,140,0
491,140,0
503,140,0
504,140,0
509,140,0
539,140,0
545,140,0
555,140,0
591,140,0
612,140,0
619,140,0
645,140,0
656,140,0
663,140,0
696,140,0
719,140,0
722,140,0
726,140,0
728,140,0
745,140,0
757,140,0
765,140,0
771,140,0
774,140,0
778,140,0
792,140,0
798,140,0
817,140,0
821,140,0
822,140,0
827,140,0
845,140,0
849,140,0
850,140,0
868,140,0
872,140,0
877,140,0
885,140,0
886,140,0
900,140,0
902,140,0
909,140,0
913,140,0
933,140,0
949,140,0
959,140,0
963,140,0
969,140,0
976,140,0
987,140,0
988,140,0
1009,140,0
1042,140,0
1043,140,0
1056,140,0
1062,140,0
1063,140,0
1075,140,0
1080,140,0
1088,140,0
1111,140,0
1121,140,0
1122,140,0
1134,140,0
1153,140,0
1154,140,0
1159,140,0
1168,140,0
1186,140,0
1193,140,0
1194,140,0
1195,140,0
1201,140,0
1202,140,0
1210,140,0
1219,140,0
1225,140,0
1232,140,0
1238,140,0
1249,140,0
1251,140,0
1272,140,0
1277,140,0
1282,140,0
1287,140,0
1291,140,0
1295,140,0
1297,140,0
1300,140,0
1305,140,0
1309,140,0
1319,140,0
1324,140,0
1326,140,0
1331,140,0
1332,140,0
1341,140,0
1351,140,0
1362,140,0
1369,140,0
1374,140,0
1382,140,0
1403,140,0
1404,140,0
1420,140,0
1460,140,0
1469,140,0
1481,140,0
1489,140,0
1490,140,0
1491,140,0
1505,140,0
1513,140,0
1535,140,0
1536,140,0
1549,140,0
1554,140,0
1584,140,0
1599,140,0
1601,140,0
1620,140,0
1630,140,0
1632,140,0
1641,140,0
72,141,0
287,141,0
141,429,3
442,141,0
141,491,3
606,141,0
641,141,0
141,1035,3
1548,141,0
34,142,0
266,142,0
325,142,0
1267,142,0
1493,142,0
1560,142,0
243,143,0
249,143,0
279,143,0
143,418,3
428,143,0
143,485,3
489,143,0
549,143,0
550,143,0
569,143,0
628,143,0
693,143,0
723,143,0
743,143,0
744,143,0
895,143,0
941,143,0
1086,143,0
1143,143,0
1188,143,0
1234,143,0
1235,143,0
143,1274,3
1417,143,0
1427,143,0
1434,143,0
143,1539,3
144,174,2
355,144,0
144,427,3
809,144,0
144,1513,3
145,180,3
434,145,0
475,145,0
145,657,3
676,145,0
898,145,0
146,286,3
1015,146,0
146,1270,3
146,1549,3
147,356,3
147,693,3
196,148,0
148,603,3
148,734,3
775,148,0
148,865,3
875,148,0
1337,148,0
148,1409,3
1490,148,0
508,149,0
1515,149,0
1547,149,0
150,325,3
337,150,0
760,150,0
829,150,0
1605,150,0
471,151,0
721,151,0
863,151,0
151,1019,3
151,1229,3
1438,151,0
151,1449,3
1561,151,0
657,152,0
152,1406,3
1476,152,0
152,1576,3
771,153,0
845,153,0
153,1060,3
1154,153,0
1300,153,0
153,1505,3
350,154,0
351,154,0
434,154,0
1063,154,0
311,155,0
336,155,0
538,155,0
593,155,0
807,155,0
948,155,0
1120,155,0
1273,155,0
1284,155,0
1321,155,0
155,1398,3
1526,155,0
155,1531,3
1539,155,0
1558,155,0
1572,155,0
156,172,3
3,157,0
382,157,0
490,157,0
695,157,0
750,157,0
1081,157,0
1096,157,0
1135,157,0
1358,157,0
1433,157,0
114,158,0
118,158,0
692,158,0
249,159,0
279,159,0
342,159,0
368,159,0
393,159,0
464,159,0
472,159,0
489,159,0
504,159,0
684,159,0
694,159,0
744,159,0
781,159,0
792,159,0
813,159,0
850,159,0
885,159,0
888,159,0
895,159,0
933,159,0
951,159,0
996,159,0
1008,159,0
1054,159,0
1077,159,0
1103,159,0
1143,159,0
1234,159,0
1235,159,0
1237,159,0
1374,159,0
1427,159,0
1484,159,0
1490,159,0
1504,159,0
1509,159,0
1600,159,0
1625,159,0
191,160,0
293,160,0
481,160,0
625,160,0
160,646,3
706,160,0
1035,160,0
1248,160,0
1259,160,0
1516,160,0
665,161,0
952,161,0
162,284,3
303,162,0
310,162,0
407,162,0
733,162,0
162,757,3
1061,162,0
1089,162,0
163,235,3
314,163,0
163,573,3
163,645,3
714,163,0
788,163,0
861,163,0
163,919,3
928,163,0
163,951,3
1034,163,0
163,1218,3
163,1545,3
1612,163,0
24,164,0
164,178,2
301,164,0
432,164,0
513,164,0
635,164,0
766,164,0
841,164,0
164,860,3
164,911,3
950,164,0
955,164,0
974,164,0
982,164,0
991,164,0
1018,164,0
164,1137,3
1170,164,0
1203,164,0
1264,164,0
1533,164,0
1617,164,0
165,253,3
165,676,3
269,166,0
278,166,0
166,362,3
445,166,0
166,811,3
814,166,0
1137,166,0
166,1460,3
1508,166,0
2,167,0
167,338,3
167,401,3
167,648,3
1251,167,0
1287,167,0
167,1398,3
281,168,0
674,168,0
883,168,0
977,168,0
987,168,0
1239,168,0
1362,168,0
15,169,0
108,169,0
114,169,0
118,169,0
328,169,0
169,458,3
169,542,3
169,701,3
757,169,0
824,169,0
852,169,0
887,169,0
1011,169,0
1063,169,0
169,1128,3
1133,169,0
1228,169,0
1240,169,0
1280,169,0
1282,169,0
1379,169,0
1439,169,0
169,1547,3
4,170,0
18,170,0
48,170,0
128,170,0
135,170,0
168,170,0
178,170,0
199,170,0
212,170,0
218,170,0
232,170,0
234,170,0
249,170,0
255,170,0
264,170,0
292,170,0
293,170,0
297,170,0
302,170,0
320,170,0
332,170,0
335,170,0
339,170,0
342,170,0
346,170,0
356,170,0
358,170,0
374,170,0
381,170,0
387,170,0
388,170,0
391,170,0
393,170,0
398,170,0
405,170,0
408,170,0
424,170,0
427,170,0
450,170,0
454,170,0
455,170,0
468,170,0
482,170,0
487,170,0
494,170,0
503,170,0
515,170,0
519,170,0
529,170,0
545,170,0
553,170,0
561,170,0
575,170,0
576,170,0
579,170,0
580,170,0
591,170,0
607,170,0
634,170,0
636,170,0
643,170,0
660,170,0
692,170,0
693,170,0
705,170,0
721,170,0
722,170,0
734,170,0
745,170,0
758,170,0
763,170,0
765,170,0
790,170,0
796,170,0
798,170,0
801,170,0
807,170,0
813,170,0
819,170,0
825,170,0
831,170,0
844,170,0
849,170,0
850,170,0
881,170,0
885,170,0
888,170,0
899,170,0
907,170,0
915,170,0
919,170,0
932,170,0
939,170,0
950,170,0
970,170,0
990,170,0
995,170,0
999,170,0
1001,170,0
1023,170,0
1036,170,0
1040,170,0
1048,170,0
1057,170,0
1066,170,0
1085,170,0
1086,170,0
1094,170,0
1104,170,0
1115,170,0
1132,170,0
1150,170,0
1152,170,0
1178,170,0
1184,170,0
1187,170,0
1199,170,0
1202,170,0
1207,170,0
1229,170,0
1232,170,0
1247,170,0
1249,170,0
1262,170,0
1269,170,0
1271,170,0
1277,170,0
1294,170,0
1295,170,0
1309,170,0
1313,170,0
1314,170,0
1326,170,0
1333,170,0
1338,170,0
1343,170,0
1372,170,0
1374,170,0
1396,170,0
1407,170,0
1411,170,0
1417,170,0
1424,170,0
1429,170,0
1431,170,0
1432,170,0
1435,170,0
1442,170,0
1454,170,0
1460,170,0
1467,170,0
1478,170,0
1482,170,0
1483,170,0
1486,170,0
1509,170,0
1532,170,0
1543,170,0
1546,170,0
1557,170,0
1563,170,0
1592,170,0
1598,170,0
1599,170,0
1601,170,0
1641,170,0
283,172,0
591,172,0
172,597,3
1055,172,0
1238,172,0
1291,172,0
172,1475,3
321,173,0
173,589,3
173,1148,3
1256,173,0
1473,173,0
809,174,0
174,1229,3
31,175,0
138,175,0
149,175,0
227,175,0
249,175,0
260,175,0
279,175,0
330,175,0
342,175,0
347,175,0
362,175,0
366,175,0
368,175,0
371,175,0
387,175,0
417,175,0
472,175,0
489,175,0
502,175,0
504,175,0
514,175,0
529,175,0
549,175,0
615,175,0
701,175,0
728,175,0
735,175,0
744,175,0
759,175,0
781,175,0
792,175,0
849,175,0
850,175,0
866,175,0
885,175,0
894,175,0
895,175,0
925,175,0
939,175,0
951,175,0
996,175,0
1008,175,0
1054,175,0
1058,175,0
1079,175,0
1086,175,0
1103,175,0
1116,175,0
1143,175,0
1202,175,0
1214,175,0
1229,175,0
1231,175,0
1237,175,0
1247,175,0
1249,175,0
1281,175,0
1309,175,0
1329,175,0
1345,175,0
1361,175,0
1367,175,0
1374,175,0
1389,175,0
1413,175,0
1416,175,0
1417,175,0
1420,175,0
1427,175,0
1468,175,0
1515,175,0
175,1540,3
1547,175,0
1557,175,0
1580,175,0
1594,175,0
1600,175,0
1601,175,0
175,1606,3
1613,175,0
146,176,0
795,176,0
841,176,0
176,1586,3
177,193,3
177,436,3
504,177,0
792,177,0
1434,177,0
177,1550,3
224,178,0
403,178,0
178,535,3
178,890,3
950,178,0
178,1138,3
777,179,0
179,1337,3
1537,179,0
1538,179,0
1157,180,0
180,1327,3
31,181,0
37,181,0
108,181,0
214,181,0
225,181,0
285,181,0
308,181,0
323,181,0
343,181,0
396,181,0
499,181,0
548,181,0
181,555,3
571,181,0
573,181,0
608,181,0
621,181,0
633,181,0
671,181,0
741,181,0
762,181,0
786,181,0
787,181,0
797,181,0
876,181,0
918,181,0
922,181,0
930,181,0
992,181,0
1027,181,0
1052,181,0
1060,181,0
1108,181,0
1209,181,0
1227,181,0
1233,181,0
1276,181,0
1280,181,0
1302,181,0
1332,181,0
1354,181,0
1364,181,0
1408,181,0
1447,181,0
1474,181,0
1567,181,0
1572,181,0
449,182,0
521,182,0
706,182,0
785,182,0
182,1374,3
182,1518,3
182,1572,3
349,183,0
770,183,0
859,183,0
1071,183,0
1445,183,0
1477,183,0
1569,183,0
434,184,0
464,184,0
184,540,3
678,184,0
184,1017,3
1537,184,0
184,1582,3
820,185,0
833,185,0
185,1026,3
1149,185,0
1158,185,0
185,1372,3
1449,185,0
54,186,0
57,186,0
71,186,0
229,186,0
262,186,0
304,186,0
379,186,0
403,186,0
424,186,0
468,186,0
480,186,0
482,186,0
607,186,0
610,186,0
614,186,0
620,186,0
669,186,0
706,186,0
186,709,3
733,186,0
736,186,0
742,186,0
761,186,0
186,784,3
810,186,0
824,186,0
831,186,0
872,186,0
881,186,0
902,186,0
913,186,0
921,186,0
924,186,0
966,186,0
981,186,0
1028,186,0
1035,186,0
1047,186,0
1062,186,0
1088,186,0
1106,186,0
1111,186,0
1131,186,0
1147,186,0
1150,186,0
1194,186,0
1195,186,0
1205,186,0
1207,186,0
1253,186,0
1271,186,0
1305,186,0
1332,186,0
1338,186,0
1351,186,0
1370,186,0
1403,186,0
1429,186,0
1465,186,0
1483,186,0
1486,186,0
1550,186,0
1560,186,0
1562,186,0
1563,186,0
1577,186,0
1598,186,0
1641,186,0
799,187,0
824,187,0
873,187,0
937,187,0
1257,187,0
1381,187,0
1488,187,0
188,392,3
188,535,3
879,188,0
1544,188,0
188,1563,3
189,825,3
189,862,3
190,200,3
245,190,0
288,190,0
190,668,3
744,190,0
951,190,0
961,190,0
1347,190,0
293,191,0
405,191,0
553,191,0
625,191,0
754,191,0
806,191,0
914,191,0
1035,191,0
1248,191,0
1252,191,0
1516,191,0
192,274,3
192,913,3
192,1135,3
1207,192,0
2,193,0
71,193,0
78,193,0
84,193,0
90,193,0
100,193,0
114,193,0
118,193,0
121,193,0
170,193,0
202,193,0
209,193,0
216,193,0
243,193,0
250,193,0
275,193,0
277,193,0
292,193,0
309,193,0
316,193,0
322,193,0
324,193,0
362,193,0
375,193,0
376,193,0
403,193,0
415,193,0
429,193,0
474,193,0
479,193,0
480,193,0
481,193,0
484,193,0
491,193,0
503,193,0
504,193,0
529,193,0
555,193,0
562,193,0
572,193,0
591,193,0
193,604,3
619,193,0
645,193,0
656,193,0
678,193,0
696,193,0
711,193,0
722,193,0
726,193,0
728,193,0
731,193,0
732,193,0
745,193,0
746,193,0
754,193,0
765,193,0
771,193,0
774,193,0
777,193,0
778,193,0
817,193,0
821,193,0
827,193,0
849,193,0
850,193,0
868,193,0
871,193,0
872,193,0
886,193,0
902,193,0
906,193,0
909,193,0
925,193,0
933,193,0
949,193,0
963,193,0
969,193,0
987,193,0
988,193,0
1009,193,0
1013,193,0
1032,193,0
1042,193,0
1043,193,0
1056,193,0
1080,193,0
1106,193,0
1121,193,0
1134,193,0
1137,193,0
1144,193,0
1147,193,0
1153,193,0
1154,193,0
1159,193,0
1180,193,0
1186,193,0
1188,193,0
1191,193,0
1193,193,0
1194,193,0
1219,193,0
1228,193,0
1229,193,0
193,1230,3
1232,193,0
1236,193,0
1249,193,0
1251,193,0
1272,193,0
1275,193,0
1277,193,0
1282,193,0
1287,193,0
1291,193,0
1295,193,0
1300,193,0
1305,193,0
1309,193,0
1314,193,0
1315,193,0
1319,193,0
1326,193,0
1331,193,0
1332,193,0
1341,193,0
1351,193,0
1362,193,0
1374,193,0
193,1395,3
1404,193,0
1420,193,0
1457,193,0
1469,193,0
1481,193,0
1491,193,0
1505,193,0
1513,193,0
1518,193,0
1535,193,0
1549,193,0
1554,193,0
1580,193,0
1584,193,0
1585,193,0
1599,193,0
1600,193,0
1630,193,0
1632,193,0
1641,193,0
35,194,0
776,194,0
835,194,0
896,194,0
1006,194,0
1519,194,0
197,257,3
198,535,3
198,981,3
199,1344,3
199,1441,3
199,1505,3
200,1475,3
201,1556,3
202,431,3
203,1275,3
203,1431,3
204,923,3
208,293,3
209,1382,3
210,233,3
210,288,3
210,520,3
210,530,3
211,1166,3
213,584,3
213,1000,3
213,1283,3
214,1316,3
215,254,3
215,1165,3
215,1416,3
215,1588,3
216,507,3
216,1045,3
216,1307,3
218,581,3
219,1528,3
220,647,3
220,807,3
221,404,3
221,795,3
222,1164,3
222,1319,3
223,424,3
225,283,3
225,790,3
226,734,3
226,1139,3
226,1342,3
226,1401,3
226,1444,3
228,613,3
228,1080,3
228,1413,3
229,839,3
229,1124,3
230,429,3
230,623,3
230,973,3
230,1510,3
231,1259,3
232,993,3
232,1005,3
232,1405,3
233,1236,3
235,1578,3
236,999,3
236,1029,3
236,1401,3
238,770,3
238,805,3
239,1133,3
241,313,3
241,467,3
241,685,3
241,1118,3
241,1275,3
241,1312,3
241,1376,3
242,436,3
242,1455,3
242,1484,3
244,262,3
244,447,3
245,637,3
245,1506,3
246,1240,3
248,601,3
248,1451,3
248,1513,3
248,1584,3
249,677,3
249,1011,3
250,315,3
252,987,3
252,1422,3
253,984,3
254,589,3
258,916,3
258,1030,3
259,1296,3
260,486,3
260,1257,3
260,1541,3
261,1627,3
262,424,3
262,744,3
262,918,3
262,1411,3
262,1627,3
263,454,3
263,1137,3
263,1218,3
263,1276,3
264,1067,3
264,1106,3
265,283,3
265,1537,3
267,806,3
267,1419,3
268,1048,3
268,1332,3
268,1568,3
269,285,3
270,379,3
270,723,3
270,1018,3
270,1244,3
271,1128,3
273,328,3
273,1145,3
273,1545,3
273,1566,3
275,882,3
275,1290,3
276,930,3
276,1054,3
277,964,3
278,446,3
278,539,3
278,1035,3
278,1047,3
279,1232,3
280,422,3
280,1105,3
281,1005,3
281,1195,3
282,1325,3
283,476,3
283,1591,3
284,474,3
284,498,3
286,1488,3
287,1310,3
287,1315,3
288,1442,3
289,460,3
290,402,3
292,1572,3
293,716,3
293,1277,3
294,1047,3
294,1197,3
296,1029,3
297,319,3
297,770,3
297,1204,3
298,534,3
298,768,3
298,1431,3
298,1553,3
299,655,3
299,1119,3
299,1270,3
301,1018,3
301,1390,3
302,894,3
302,1350,3
303,1369,3
304,633,3
305,1607,3
305,1635,3
306,510,3
306,550,3
306,1414,3
307,677,3
308,360,3
308,454,3
309,1484,3
310,517,3
310,1552,3
312,752,3
312,936,3
313,563,3
313,654,3
313,797,3
313,872,3
313,999,3
313,1490,3
314,476,3
314,749,3
315,1448,3
319,365,3
321,1625,3
326,374,3
326,457,3
326,992,3
326,1229,3
326,1618,3
331,590,3
331,655,3
331,800,3
331,973,3
331,1534,3
332,629,3
332,1170,3
332,1332,3
334,1224,3
335,440,3
335,662,3
335,998,3
335,1625,3
337,806,3
337,1099,3
337,1502,3
338,1012,3
339,573,3
339,971,3
339,1153,3
341,961,3
343,629,3
343,1437,3
343,1462,3
344,549,3
344,784,3
344,932,3
345,583,3
346,730,3
346,1119,3
346,1441,3
347,1329,3
347,1593,3
348,547,3
348,1519,3
349,1039,3
350,831,3
351,456,3
351,1094,3
352,378,3
352,769,3
352,965,3
353,518,3
353,842,3
353,1405,3
354,1202,3
356,658,3
356,704,3
357,477,3
357,1230,3
358,572,3
359,447,3
361,464,3
361,858,3
361,922,3
361,1115,3
365,917,3
365,1430,3
367,427,3
367,711,3
367,1239,3
368,518,3
368,1115,3
368,1495,3
369,712,3
369,871,3
369,1396,3
369,1463,3
370,392,3
371,933,3
372,1460,3
373,789,3
374,384,3
374,1300,3
375,988,3
375,1392,3
375,1549,3
375,1598,3
377,813,3
377,1397,3
378,483,3
378,536,3
379,1362,3
379,1514,3
380,504,3
380,1190,3
381,823,3
381,1155,3
381,1549,3
382,429,3
382,840,3
383,1298,3
384,583,3
384,1536,3
385,965,3
385,1551,3
390,802,3
391,1201,3
391,1248,3
392,914,3
393,1630,3
394,1023,3
394,1290,3
396,440,3
396,568,3
396,852,3
397,761,3
397,1234,3
398,976,3
398,1182,3
399,854,3
399,1255,3
401,863,3
402,1548,3
404,436,3
404,965,3
405,1312,3
407,1471,3
408,734,3
409,821,3
409,1544,3
410,628,3
410,1382,3
411,422,3
411,958,3
412,644,3
412,1435,3
414,446,3
415,600,3
417,1339,3
419,1623,3
420,498,3
421,1070,3
421,1137,3
421,1429,3
422,565,3
422,787,3
422,1577,3
423,1210,3
423,1616,3
424,596,3
424,706,3
424,880,3
424,1307,3
425,899,3
428,680,3
428,1005,3
428,1125,3
428,1468,3
429,462,3
429,580,3
429,760,3
430,625,3
430,1088,3
430,1428,3
430,1505,3
431,722,3
431,839,3
432,1011,3
433,1128,3
433,1323,3
433,1332,3
434,1251,3
435,475,3
435,1243,3
436,1208,3
436,1228,3
440,700,3
442,516,3
443,859,3
443,932,3
445,1297,3
445,1540,3
446,945,3
447,949,3
447,1179,3
448,706,3
448,1339,3
450,1009,3
451,1501,3
453,704,3
453,722,3
453,1089,3
454,492,3
455,892,3
456,930,3
456,1247,3
456,1401,3
456,1624,3
458,782,3
462,564,3
462,654,3
462,746,3
463,742,3
463,1362,3
463,1367,3
464,797,3
464,1601,3
465,555,3
465,1025,3
465,1192,3
466,792,3
466,856,3
466,1406,3
466,1517,3
467,528,3
467,574,3
467,673,3
467,1156,3
467,1208,3
467,1354,3
468,1439,3
468,1625,3
469,611,3
469,896,3
470,942,3
470,1633,3
471,575,3
471,1201,3
471,1294,3
473,549,3
474,828,3
474,886,3
475,679,3
475,1136,3
476,897,3
478,685,3
478,891,3
479,659,3
479,744,3
480,1004,3
480,1398,3
480,1478,3
482,917,3
482,1064,3
483,663,3
483,1425,3
483,1464,3
484,619,3
485,1493,3
488,541,3
488,906,3
488,1282,3
489,1204,3
489,1451,3
490,1001,3
491,875,3
491,876,3
491,1291,3
491,1596,3
492,537,3
493,1636,3
494,941,3
494,1042,3
494,1370,3
496,657,3
496,1209,3
498,1066,3
499,1273,3
500,1577,3
501,1046,3
501,1092,3
502,836,3
502,1040,3
502,1131,3
502,1545,3
503,902,3
503,1066,3
503,1586,3
503,1593,3
504,718,3
505,1223,3
505,1318,3
506,639,3
506,1247,3
507,1334,3
509,1262,3
509,1417,3
509,1525,3
510,884,3
511,636,3
511,765,3
512,673,3
512,1337,3
512,1579,3
514,530,3
514,1423,3
515,997,3
516,1524,3
517,1148,3
517,1291,3
518,761,3
518,935,3
519,1109,3
519,1442,3
519,1473,3
520,947,3
522,595,3
522,772,3
523,1071,3
525,793,3
525,1189,3
525,1591,3
526,765,3
527,831,3
527,1479,3
528,853,3
529,533,3
529,631,3
529,1531,3
530,1117,3
530,1342,3
531,1309,3
532,1394,3
533,748,3
533,1576,3
534,1588,3
535,658,3
535,830,3
535,1089,3
536,1187,3
536,1288,3
536,1357,3
537,1373,3
538,1214,3
539,1038,3
540,902,3
540,914,3
542,1492,3
543,835,3
544,1357,3
545,998,3
545,1187,3
545,1546,3
546,861,3
547,577,3
547,645,3
547,845,3
548,1410,3
548,1594,3
549,1224,3
550,1630,3
550,1641,3
551,581,3
552,760,3
552,1157,3
554,1361,3
554,1457,3
554,1519,3
555,1054,3
555,1347,3
556,1100,3
556,1358,3
556,1517,3
557,1123,3
557,1616,3
558,1131,3
558,1321,3
558,1620,3
559,722,3
559,1631,3
560,1052,3
560,1447,3
561,1142,3
561,1219,3
562,599,3
562,645,3
563,1443,3
564,1416,3
565,1237,3
566,1246,3
566,1520,3
567,871,3
567,1087,3
568,1072,3
569,1125,3
569,1478,3
570,1324,3
570,1618,3
572,814,3
573,1440,3
573,1602,3
574,1003,3
577,607,3
577,695,3
578,780,3
578,1615,3
579,1288,3
580,595,3
581,1540,3
582,770,3
582,1148,3
584,1101,3
585,973,3
585,1297,3
587,589,3
587,805,3
587,1624,3
589,1547,3
590,1081,3
591,977,3
591,1428,3
593,1021,3
593,1439,3
594,1610,3
595,722,3
595,1183,3
596,772,3
596,1431,3
599,770,3
599,1577,3
600,884,3
600,1128,3
600,1303,3
600,1336,3
602,664,3
603,1031,3
603,1193,3
603,1336,3
603,1438,3
604,1036,3
605,678,3
605,919,3
605,1401,3
606,1489,3
607,1619,3
608,643,3
608,701,3
608,719,3
609,837,3
609,1375,3
609,1405,3
609,1496,3
612,1554,3
614,1252,3
615,1053,3
615,1512,3
616,711,3
617,673,3
617,1018,3
617,1356,3
622,872,3
622,1616,3
623,1042,3
624,839,3
624,1152,3
624,1454,3
625,1510,3
626,1130,3
626,1320,3
627,709,3
627,1457,3
628,825,3
628,1078,3
628,1484,3
629,1279,3
629,1517,3
630,1292,3
632,721,3
632,1345,3
633,1361,3
636,1023,3
638,828,3
639,773,3
639,1458,3
640,1227,3
643,1018,3
643,1251,3
643,1376,3
644,671,3
644,1603,3
649,1193,3
650,1529,3
651,892,3
651,929,3
651,966,3
651,1306,3
652,657,3
652,987,3
652,1477,3
653,668,3
653,1453,3
654,838,3
654,1408,3
654,1452,3
657,914,3
659,727,3
662,1139,3
663,882,3
663,1247,3
664,961,3
665,972,3
665,985,3
666,1136,3
667,1620,3
668,715,3
669,709,3
670,792,3
671,1111,3
672,1523,3
674,858,3
675,821,3
675,1406,3
676,942,3
676,1042,3
677,693,3
677,919,3
678,1288,3
679,1039,3
679,1348,3
680,1176,3
681,692,3
681,1333,3
682,949,3
682,1361,3
682,1414,3
683,766,3
684,1312,3
685,1436,3
686,1029,3
688,806,3
688,1631,3
691,1380,3
691,1406,3
692,1529,3
694,888,3
695,742,3
695,1066,3
696,785,3
696,1069,3
696,1109,3
696,1382,3
697,1169,3
697,1269,3
698,863,3
698,1070,3
700,729,3
700,1309,3
700,1409,3
701,1323,3
704,927,3
705,1455,3
706,1136,3
708,1242,3
708,1271,3
711,741,3
711,1159,3
711,1256,3
712,1199,3
712,1476,3
713,1302,3
713,1449,3
714,1329,3
715,723,3
715,820,3
715,949,3
715,1444,3
717,1472,3
719,791,3
719,1024,3
720,1011,3
720,1304,3
721,1001,3
721,1072,3
721,1133,3
721,1351,3
722,817,3
722,1033,3
723,1021,3
724,1417,3
724,1451,3
725,757,3
725,765,3
725,1072,3
725,1111,3
727,1470,3
731,1364,3
733,1374,3
734,836,3
739,1071,3
740,749,3
740,828,3
740,992,3
740,1278,3
741,1038,3
743,886,3
743,1146,3
746,1300,3
747,1538,3
748,1089,3
748,1488,3
751,827,3
751,1181,3
751,1489,3
752,1135,3
752,1363,3
752,1595,3
753,775,3
753,1067,3
756,1172,3
756,1199,3
756,1538,3
758,1623,3
760,1137,3
761,815,3
762,838,3
763,1157,3
764,1100,3
765,858,3
766,1124,3
767,1055,3
772,1163,3
773,1091,3
775,812,3
775,854,3
775,972,3
775,1332,3
775,1575,3
776,784,3
776,1274,3
777,799,3
778,1269,3
779,1581,3
782,1377,3
782,1413,3
784,924,3
785,1160,3
785,1618,3
786,1276,3
787,1133,3
787,1576,3
789,970,3
789,1138,3
793,914,3
793,1208,3
794,1514,3
795,1090,3
796,1128,3
796,1319,3
797,1562,3
798,918,3
799,1311,3
799,1364,3
801,1326,3
803,978,3
805,860,3
806,1517,3
809,1442,3
810,866,3
810,1165,3
811,1106,3
811,1378,3
813,1114,3
813,1245,3
813,1248,3
813,1281,3
813,1588,3
815,1602,3
817,1313,3
819,1229,3
820,892,3
820,1271,3
821,928,3
821,1085,3
821,1586,3
822,1444,3
824,1028,3
826,879,3
826,1212,3
827,1055,3
827,1430,3
828,1215,3
831,935,3
831,937,3
831,1423,3
831,1620,3
837,1631,3
839,988,3
839,1284,3
841,1207,3
841,1574,3
843,1280,3
843,1330,3
843,1424,3
845,1083,3
849,1101,3
850,922,3
850,1059,3
851,1039,3
852,1579,3
852,1580,3
853,1008,3
853,1061,3
853,1171,3
853,1403,3
854,1521,3
855,1167,3
859,1005,3
860,1607,3
862,1067,3
862,1161,3
863,886,3
863,1214,3
863,1540,3
863,1616,3
866,1200,3
866,1496,3
867,1445,3
868,1374,3
869,874,3
869,1166,3
869,1467,3
871,1637,3
873,1349,3
876,1258,3
876,1625,3
879,1465,3
879,1570,3
881,1095,3
882,1198,3
884,1379,3
884,1606,3
885,1179,3
885,1226,3
886,1534,3
887,1081,3
887,1171,3
887,1282,3
887,1410,3
887,1492,3
888,1255,3
891,1349,3
892,1147,3
894,1290,3
896,989,3
896,1249,3
897,1330,3
898,994,3
899,1106,3
902,1154,3
902,1567,3
903,956,3
904,1003,3
905,1100,3
906,1033,3
906,1190,3
909,953,3
910,1348,3
912,1559,3
914,1094,3
914,1547,3
917,1313,3
919,1158,3
920,1051,3
920,1459,3
921,1452,3
925,1064,3
927,1168,3
928,1449,3
930,1447,3
932,1219,3
933,1610,3
934,972,3
935,1016,3
935,1186,3
938,1093,3
939,1504,3
940,981,3
942,1152,3
942,1366,3
944,1588,3
947,1074,3
947,1508,3
948,1449,3
949,1214,3
949,1591,3
950,1429,3
951,1137,3
951,1256,3
951,1341,3
951,1534,3
951,1627,3
952,1262,3
952,1270,3
955,970,3
955,1088,3
957,1434,3
960,1389,3
963,1614,3
965,1011,3
965,1368,3
965,1569,3
968,1037,3
969,1355,3
971,1171,3
971,1360,3
972,1024,3
973,976,3
973,1180,3
973,1247,3
977,1206,3
977,1209,3
977,1414,3
978,1589,3
979,1346,3
980,1506,3
980,1531,3
982,1270,3
983,1089,3
984,1144,3
984,1198,3
985,994,3
986,1105,3
987,1374,3
988,1065,3
988,1291,3
988,1403,3
990,1127,3
991,1486,3
993,1400,3
994,1042,3
994,1415,3
995,1176,3
995,1558,3
996,1486,3
999,1184,3
999,1238,3
1000,1297,3
1000,1492,3
1001,1094,3
1001,1290,3
1002,1156,3
1002,1524,3
1003,1171,3
1003,1445,3
1004,1392,3
1006,1217,3
1007,1614,3
1009,1131,3
1010,1156,3
1010,1447,3
1012,1588,3
1013,1076,3
1015,1176,3
1015,1448,3
1016,1335,3
1017,1032,3
1017,1271,3
1019,1445,3
1022,1575,3
1023,1156,3
1025,1138,3
1031,1108,3
1036,1096,3
1038,1169,3
1040,1277,3
1041,1201,3
1042,1486,3
1044,1300,3
1046,1225,3
1046,1631,3
1047,1068,3
1049,1540,3
1050,1324,3
1050,1579,3
1051,1214,3
1052,1478,3
1058,1614,3
1062,1083,3
1065,1511,3
1065,1553,3
1065,1610,3
1066,1475,3
1067,1447,3
1067,1532,3
1068,1103,3
1069,1452,3
1070,1520,3
1071,1204,3
1071,1218,3
1071,1558,3
1072,1195,3
1073,1401,3
1073,1546,3
1080,1083,3
1080,1143,3
1081,1342,3
1082,1262,3
1083,1509,3
1084,1447,3
1086,1461,3
1088,1223,3
1091,1541,3
1092,1589,3
1093,1253,3
1098,1234,3
1102,1233,3
1102,1621,3
1103,1197,3
1103,1377,3
1103,1518,3
1104,1132,3
1104,1621,3
1105,1335,3
1105,1544,3
1108,1237,3
1110,1332,3
1115,1356,3
1115,1409,3
1115,1603,3
1118,1482,3
1121,1615,3
1124,1257,3
1125,1153,3
1126,1181,3
1128,1304,3
1130,1592,3
1133,1386,3
1134,1254,3
1136,1583,3
1139,1463,3
1141,1148,3
1143,1343,3
1143,1420,3
1145,1250,3
1145,1639,3
1150,1458,3
1151,1210,3
1152,1364,3
1152,1579,3
1153,1621,3
1154,1418,3
1155,1299,3
1161,1253,3
1161,1500,3
1161,1630,3
1164,1598,3
1169,1619,3
1170,1483,3
1172,1519,3
1174,1210,3
1177,1436,3
1180,1300,3
1181,1456,3
1182,1235,3
1182,1344,3
1182,1435,3
1182,1637,3
1184,1465,3
1187,1305,3
1189,1198,3
1192,1302,3
1192,1465,3
1193,1317,3
1194,1570,3
1196,1529,3
1197,1383,3
1202,1383,3
1202,1459,3
1205,1558,3
1207,1264,3
1208,1221,3
1208,1443,3
1209,1239,3
1209,1343,3
1209,1400,3
1209,1588,3
1210,1538,3
1211,1507,3
1211,1639,3
1214,1252,3
1214,1491,3
1216,1332,3
1217,1380,3
1217,1386,3
1217,1597,3
1220,1380,3
1221,1413,3
1226,1454,3
1228,1358,3
1230,1472,3
1232,1421,3
1234,1250,3
1237,1301,3
1237,1591,3
1239,1352,3
1240,1310,3
1243,1601,3
1245,1437,3
1246,1316,3
1247,1358,3
1251,1438,3
1252,1299,3
1253,1352,3
1259,1365,3
1261,1576,3
1265,1305,3
1270,1510,3
1281,1577,3
1282,1447,3
1285,1460,3
1285,1468,3
1287,1500,3
1291,1580,3
1300,1537,3
1300,1627,3
1303,1506,3
1303,1522,3
1312,1619,3
1316,1341,3
1317,1438,3
1319,1546,3
1323,1427,3
1325,1351,3
1327,1620,3
1328,1475,3
1329,1559,3
1332,1589,3
1340,1572,3
1348,1570,3
1356,1411,3
1356,1563,3
1360,1361,3
1363,1393,3
1363,1574,3
1364,1620,3
1366,1611,3
1370,1592,3
1371,1402,3
1371,1415,3
1371,1578,3
1371,1612,3
1374,1625,3
1378,1457,3
1381,1465,3
1388,1484,3
1397,1404,3
1398,1626,3
1399,1480,3
1406,1486,3
1408,1451,3
1408,1493,3
1412,1603,3
1418,1431,3
1420,1512,3
1420,1529,3
1421,1599,3
1431,1433,3
1436,1537,3
1439,1446,3
1439,1473,3
1441,1589,3
1445,1634,3
1446,1464,3
1446,1493,3
1449,1621,3
1458,1504,3
1459,1562,3
1471,1541,3
1473,1601,3
1491,1632,3
1493,1518,3
1496,1537,3
1499,1587,3
1528,1586,3
1529,1548,3
1531,1559,3
1536,1628,3
1540,1576,3
1560,1639,3
1567,1575,3
1570,1613,3
1583,1618,3
1601,1617,3
