0,166,1
0,200,1
0,286,3
0,290,1
0,498,1
0,831,3
0,848,1
0,918,1
0,935,1
0,987,1
0,988,1
0,1124,1
0,1129,1
0,1161,1
0,1301,1
0,1362,1
0,1426,1
1,26,1
1,292,3
1,324,3
1,662,1
1,701,1
1,1069,1
1,1152,1
1,1176,1
1,1220,1
1,1262,1
1,1277,1
1,1352,1
1,1414,1
1,1549,3
1,1599,1
1,1617,3
2,509,1
2,548,1
2,722,3
2,827,1
2,1251,1
2,1287,1
2,1429,3
2,1490,1
2,1491,1
2,1535,1
2,1557,3
3,222,1
3,249,1
3,258,1
3,319,1
3,687,1
3,824,3
3,912,3
3,1322,1
3,1340,1
4,116,1
4,234,1
4,720,3
4,819,1
5,495,1
5,509,3
5,540,3
5,1042,1
5,1228,3
5,1231,1
5,1391,3
5,1400,1
6,326,1
6,1207,1
6,1536,1
7,22,1
7,179,1
7,204,1
7,284,1
7,345,1
7,399,1
7,484,1
7,555,1
7,562,1
7,581,1
7,590,1
7,737,3
7,772,1
7,776,1
7,778,1
7,822,1
7,842,1
7,936,1
7,940,1
7,973,1
7,1122,1
7,1159,1
7,1180,1
7,1394,1
7,1458,1
7,1503,1
8,750,3
9,210,1
9,298,1
9,497,1
9,895,3
9,994,1
9,1084,1
9,1311,1
10,175,1
10,279,1
10,314,1
10,316,1
10,318,1
10,381,1
10,389,1
10,390,1
10,437,1
10,464,1
10,489,1
10,516,1
10,529,1
10,642,1
10,683,1
10,698,1
10,705,1
10,746,1
10,828,1
10,866,1
10,895,1
10,906,1
10,925,1
10,951,1
10,969,1
10,981,1
10,996,1
10,1008,1
10,1022,1
10,1028,1
10,1047,1
10,1054,1
10,1134,1
10,1143,1
10,1221,1
10,1226,1
10,1234,1
10,1235,1
10,1237,1
10,1427,1
10,1469,1
10,1504,1
10,1532,1
10,1553,1
10,1554,1
10,1560,1
10,1580,1
10,1628,1
11,77,1
11,243,1
11,319,1
11,460,1
11,475,1
11,496,1
11,628,1
11,632,1
11,680,1
11,716,1
11,726,1
11,745,1
11,805,1
11,836,1
11,858,1
11,1188,1
11,1191,1
11,1202,3
11,1204,1
11,1213,1
11,1225,1
11,1242,1
11,1250,3
11,1377,3
11,1585,1
12,22,1
12,34,1
12,211,1
12,241,1
12,242,1
12,300,1
12,370,1
12,386,1
12,404,1
12,409,1
12,431,1
12,458,1
12,490,1
12,583,1
12,644,1
12,645,1
12,654,1
12,673,1
12,721,1
12,748,1
12,749,1
12,753,1
12,804,1
12,832,1
12,869,1
12,930,1
12,976,1
12,1095,1
12,1123,1
12,1180,1
12,1260,1
12,1266,1
12,1288,1
12,1314,1
12,1326,1
12,1349,1
12,1355,1
12,1366,1
12,1373,1
12,1443,1
12,1463,1
12,1517,1
12,1527,1
12,1543,1
12,1571,1
12,1589,1
12,1609,1
12,1642,1
13,65,1
13,68,3
13,282,3
13,294,1
13,333,3
13,349,1
13,453,3
13,488,1
13,526,3
13,747,1
13,1390,3
13,1597,1
14,179,3
14,215,1
14,289,1
14,559,3
14,914,1
14,932,1
14,1085,1
14,1169,3
14,1401,1
15,108,1
15,114,1
15,118,1
15,282,3
15,307,1
15,315,1
15,328,1
15,444,1
15,525,1
15,581,3
15,686,1
15,757,1
15,824,1
15,852,1
15,887,1
15,1011,1
15,1063,1
15,1133,1
15,1228,1
15,1240,1
15,1280,1
15,1282,1
15,1367,1
15,1377,1
15,1379,1
15,1439,1
15,1603,3
15,1608,1
16,236,1
16,455,1
17,591,3
17,1426,3
17,1480,3
18,309,1
18,479,1
18,572,1
18,614,1
18,732,1
18,1112,1
18,1272,1
18,1369,1
19,135,1
19,175,3
19,356,3
19,844,1
19,860,1
19,1170,1
19,1219,3
19,1531,3
20,17,1
20,475,1
20,612,1
20,649,3
20,745,3
20,829,1
20,1446,1
20,1606,1
21,252,1
21,333,1
21,375,1
21,513,1
21,1251,1
22,399,1
22,555,1
22,776,1
22,778,1
22,822,1
22,1106,1
22,1159,1
22,1220,1
22,1503,1
23,100,3
23,214,1
23,483,1
23,761,1
23,995,3
23,1255,1
23,1436,1
23,1596,1
24,66,3
24,378,3
24,1029,1
24,1033,3
24,1181,1
24,1453,1
24,1495,3
25,329,1
25,419,3
25,500,1
25,543,1
25,622,1
25,646,1
25,740,1
25,947,3
25,1298,1
25,1603,1
26,216,3
26,636,3
26,658,3
26,1416,3
27,364,1
27,802,1
27,887,1
27,1182,1
27,1249,1
27,1431,1
27,1640,3
29,394,1
29,689,1
29,1122,1
29,1307,1
30,125,1
30,315,3
30,321,3
30,454,1
30,823,1
30,1167,1
30,1368,1
30,1491,3
31,101,3
31,205,1
31,250,1
31,299,3
31,423,1
31,554,1
31,729,1
31,853,3
31,1013,1
31,1168,1
31,1210,1
31,1308,1
31,1315,1
31,1335,1
31,1341,1
31,1353,1
32,16,1
32,841,1
32,1248,1
32,1296,1
32,1308,3
33,240,1
33,874,1
33,886,1
33,1157,1
33,1187,1
33,1342,1
34,89,1
34,226,1
34,243,3
34,501,1
34,563,1
34,576,3
34,794,1
34,815,1
34,931,1
34,1194,1
34,1305,1
34,1323,1
34,1565,1
35,78,1
35,218,3
35,319,1
35,413,3
35,442,1
35,647,1
35,789,1
35,853,1
35,1148,1
35,1618,1
36,178,1
36,247,1
36,248,1
36,263,1
36,301,1
36,421,1
36,542,1
36,635,1
36,795,1
36,815,1
36,841,1
36,950,1
36,955,1
36,974,1
36,1018,1
36,1296,1
36,1308,1
36,1363,1
37,197,1
37,285,1
37,341,1
37,526,1
37,787,1
37,840,1
37,1060,1
37,1233,1
37,1263,1
37,1324,3
37,1451,1
37,1575,3
38,57,1
38,249,1
38,391,1
38,425,3
38,602,1
38,666,1
38,788,3
38,793,1
38,943,1
38,1033,1
38,1046,1
38,1084,3
38,1114,3
38,1261,1
38,1570,1
39,171,3
40,168,1
40,273,1
40,683,1
40,1007,1
40,1060,1
40,1065,1
40,1221,1
40,1349,1
40,1532,1
41,187,1
41,277,1
41,318,1
41,607,1
41,821,1
41,1114,1
42,4,1
42,202,1
42,234,1
42,240,1
42,244,1
42,342,1
42,431,1
42,498,1
42,522,1
42,567,1
42,602,1
42,643,1
42,687,1
42,693,1
42,710,1
42,793,1
42,819,1
42,882,1
42,886,1
42,890,1
42,933,1
42,942,1
42,943,1
42,1002,1
42,1033,1
42,1113,1
42,1201,1
42,1202,1
42,1222,1
42,1238,1
42,1330,1
42,1378,1
42,1383,1
42,1402,1
42,1500,1
42,1584,1
42,1588,1
42,1600,1
42,1614,1
43,130,3
43,160,1
43,207,1
43,313,1
43,327,1
43,347,3
43,358,3
43,367,1
43,383,1
43,392,1
43,485,1
43,518,1
43,574,1
43,596,1
43,616,1
43,637,1
43,649,1
43,747,1
43,820,1
43,856,1
43,867,1
43,942,1
43,946,1
43,953,1
43,993,1
43,1004,1
43,1014,1
43,1032,1
43,1044,1
43,1192,1
43,1289,1
43,1324,1
43,1392,1
43,1429,3
43,1479,1
43,1481,1
43,1489,1
43,1492,1
43,1511,1
43,1568,1
43,1630,1
44,301,3
44,456,1
44,623,1
44,729,1
44,739,1
44,917,3
44,1138,1
44,1139,1
44,1406,1
44,1590,1
44,1591,1
45,110,3
45,853,3
47,201,1
47,252,1
47,295,1
47,305,1
47,354,1
47,364,1
47,397,1
47,441,1
47,461,1
47,517,1
47,536,1
47,584,1
47,592,1
47,599,1
47,604,1
47,658,1
47,697,1
47,699,1
47,710,1
47,715,1
47,718,1
47,834,1
47,839,1
47,846,1
47,887,1
47,954,1
47,964,1
47,971,1
47,980,1
47,1005,1
47,1015,1
47,1087,1
47,1098,1
47,1102,1
47,1119,1
47,1177,1
47,1183,1
47,1240,1
47,1250,1
47,1316,1
47,1317,3
47,1318,1
47,1360,1
47,1365,1
47,1390,1
47,1397,1
47,1410,1
47,1418,1
47,1487,1
47,1528,1
47,1534,1
47,1552,1
47,1556,1
47,1575,1
47,1587,1
48,61,3
48,118,1
48,281,1
48,674,1
48,883,1
48,977,1
48,987,1
48,1239,1
48,1362,1
48,1470,1
48,1502,1
49,128,1
49,233,1
49,783,1
49,1146,1
49,1205,1
49,1345,1
49,1361,1
49,1384,1
49,1465,1
49,1594,1
49,1617,1
50,141,1
50,178,3
50,287,1
50,334,1
50,428,1
50,430,3
50,606,1
50,619,1
50,641,1
50,851,1
50,855,1
50,860,3
50,942,1
50,1459,1
50,1548,1
50,1614,1
51,77,1
51,164,1
51,178,1
51,247,1
51,263,1
51,301,1
51,347,3
51,363,1
51,391,1
51,432,1
51,462,1
51,478,1
51,576,1
51,635,1
51,690,1
51,766,1
51,795,1
51,836,1
51,841,1
51,950,1
51,997,1
51,1061,1
51,1114,1
51,1170,1
51,1203,1
51,1211,1
51,1264,1
51,1296,1
51,1363,1
51,1376,3
51,1444,3
51,1462,1
51,1611,1
52,310,1
52,559,1
52,703,1
52,1068,1
52,1274,1
53,308,3
53,628,3
53,942,1
53,1469,1
54,914,1
54,1085,1
54,1100,3
54,1421,3
55,1098,3
56,209,1
56,223,1
56,730,1
56,990,3
56,1320,1
56,1423,1
56,1557,1
57,255,1
57,318,1
57,358,1
57,365,1
57,438,1
57,466,1
57,713,1
57,897,1
57,1110,1
57,1139,3
57,1164,1
57,1422,1
57,1576,1
58,117,1
58,229,1
58,293,1
58,369,1
58,443,1
58,451,1
58,604,1
58,712,1
58,798,1
58,1021,1
58,1156,1
58,1380,1
58,1516,1
58,1582,3
59,162,3
59,184,3
59,1413,3
61,359,1
61,493,1
61,816,1
61,901,1
62,345,3
62,351,1
62,402,1
62,833,1
62,910,1
62,931,3
62,1065,1
62,1117,1
62,1149,1
62,1158,1
62,1275,1
62,1315,3
62,1449,1
63,113,3
63,117,1
63,614,1
63,630,1
63,802,1
63,931,1
63,1323,1
64,200,1
64,412,3
64,704,3
64,900,1
64,1009,3
65,249,1
65,359,3
65,520,1
65,549,1
65,744,1
65,800,1
65,888,1
65,1086,1
65,1167,1
65,1218,1
65,1249,1
65,1417,1
66,346,3
66,1629,3
67,253,1
67,397,1
67,470,1
67,494,3
67,510,1
67,520,1
67,848,1
67,908,1
67,975,1
67,1126,1
67,1268,1
67,1351,3
67,1360,1
67,1452,1
67,1490,3
68,154,3
68,254,1
68,678,1
68,892,1
68,1112,3
68,1219,1
68,1490,1
68,1505,1
68,1620,1
69,114,1
69,244,1
69,1415,1
70,44,1
70,103,1
70,207,1
70,459,1
70,755,1
70,945,1
70,987,1
70,989,1
70,1124,1
70,1273,1
70,1301,1
70,1419,1
70,1529,1
71,91,3
71,247,1
71,260,3
71,357,1
71,429,3
71,844,3
71,945,1
71,1273,1
72,402,1
72,457,1
72,532,1
72,960,1
72,1235,3
72,1245,3
72,1452,1
72,1604,1
73,51,1
73,270,3
73,451,3
73,529,1
73,620,1
73,731,3
73,947,1
73,974,1
73,1118,3
73,1392,3
74,102,1
74,221,1
74,235,1
74,335,1
74,645,1
74,895,3
74,949,1
74,956,1
74,1294,1
74,1523,1
74,1537,1
74,1538,1
74,1545,1
74,1639,1
75,194,1
75,195,1
75,312,1
75,440,1
75,540,3
75,896,1
75,978,3
75,1006,1
75,1105,3
75,1471,1
75,1477,3
75,1497,1
75,1596,3
76,114,1
76,1564,1
77,82,1
77,91,1
77,114,1
77,200,1
77,237,1
77,239,1
77,257,1
77,261,1
77,291,1
77,369,1
77,384,1
77,412,1
77,414,1
77,446,1
77,510,1
77,512,1
77,519,1
77,538,1
77,539,1
77,557,1
77,564,1
77,585,1
77,587,1
77,593,1
77,618,1
77,628,1
77,639,1
77,650,1
77,675,1
77,688,1
77,691,1
77,696,1
77,767,1
77,805,1
77,868,1
77,892,1
77,893,1
77,912,1
77,923,1
77,925,3
77,948,1
77,1000,1
77,1010,1
77,1012,1
77,1021,1
77,1045,1
77,1061,1
77,1067,1
77,1093,1
77,1097,1
77,1126,1
77,1153,1
77,1212,1
77,1284,1
77,1293,1
77,1310,1
77,1321,1
77,1332,1
77,1335,1
77,1356,1
77,1363,1
77,1385,1
77,1398,1
77,1406,1
77,1455,1
77,1519,1
77,1525,1
77,1526,1
77,1539,1
77,1558,1
77,1579,1
77,1582,1
77,1585,1
77,1615,1
77,1616,1
78,93,1
78,689,3
78,980,3
78,1132,3
78,1198,1
79,155,1
79,433,1
79,506,1
79,651,1
79,1224,1
79,1414,1
79,1506,1
80,169,1
80,1071,3
80,1162,1
81,229,1
81,803,1
81,810,1
81,897,3
81,1357,1
81,1411,1
82,67,1
82,218,1
82,246,1
82,552,1
82,590,1
82,632,1
82,704,1
82,773,1
82,776,1
82,809,3
82,818,1
82,884,1
82,908,1
82,975,1
82,1016,3
82,1213,1
82,1270,1
82,1293,3
82,1419,3
82,1454,1
82,1626,1
83,2,1
83,31,1
83,33,1
83,41,1
83,71,1
83,98,1
83,100,1
83,128,1
83,138,1
83,149,1
83,152,1
83,155,1
83,183,1
83,195,1
83,205,1
83,216,1
83,219,1
83,224,1
83,227,1
83,229,1
83,250,1
83,251,1
83,253,1
83,260,1
83,265,1
83,267,1
83,269,1
83,275,1
83,283,1
83,286,1
83,289,1
83,291,1
83,292,1
83,314,1
83,330,1
83,336,1
83,342,1
83,347,1
83,349,1
83,353,1
83,362,1
83,368,1
83,371,1
83,376,1
83,387,1
83,393,1
83,410,1
83,417,1
83,423,1
83,426,1
83,430,1
83,440,1
83,446,1
83,453,1
83,463,1
83,464,1
83,472,1
83,473,1
83,492,1
83,502,1
83,504,1
83,505,1
83,509,1
83,510,1
83,522,1
83,523,1
83,533,1
83,540,1
83,541,1
83,544,1
83,554,1
83,560,1
83,568,1
83,589,1
83,591,1
83,598,1
83,601,1
83,613,1
83,615,1
83,627,1
83,650,1
83,656,1
83,659,1
83,661,1
83,663,1
83,675,1
83,684,1
83,687,1
83,694,1
83,698,1
83,712,1
83,722,1
83,724,1
83,728,1
83,731,1
83,735,1
83,765,1
83,770,1
83,774,1
83,777,1
83,778,1
83,781,1
83,783,1
83,792,1
83,807,1
83,810,1
83,811,1
83,813,1
83,817,1
83,822,1
83,828,1
83,838,1
83,843,1
83,849,1
83,850,1
83,858,1
83,859,1
83,862,1
83,866,1
83,871,1
83,880,1
83,885,1
83,889,1
83,891,1
83,894,1
83,925,1
83,933,1
83,934,1
83,938,1
83,948,1
83,951,1
83,952,1
83,963,1
83,965,1
83,978,1
83,984,1
83,996,1
83,1008,1
83,1009,1
83,1013,1
83,1016,1
83,1032,1
83,1042,1
83,1043,1
83,1050,1
83,1054,1
83,1055,1
83,1071,1
83,1075,1
83,1077,1
83,1079,1
83,1103,1
83,1106,1
83,1116,1
83,1122,1
83,1130,1
83,1143,1
83,1144,1
83,1153,1
83,1159,1
83,1168,1
83,1171,1
83,1194,1
83,1202,1
83,1210,1
83,1220,1
83,1229,1
83,1232,1
83,1234,1
83,1235,1
83,1237,1
83,1243,1
83,1244,1
83,1245,1
83,1249,1
83,1251,1
83,1274,1
83,1277,1
83,1281,1
83,1283,1
83,1287,1
83,1290,1
83,1303,1
83,1306,1
83,1309,1
83,1315,1
83,1321,1
83,1325,1
83,1327,1
83,1329,1
83,1331,1
83,1346,1
83,1348,1
83,1353,1
83,1356,1
83,1363,1
83,1374,1
83,1375,1
83,1376,1
83,1380,1
83,1389,1
83,1398,1
83,1401,1
83,1406,1
83,1412,1
83,1413,1
83,1420,1
83,1445,1
83,1448,1
83,1460,1
83,1461,1
83,1468,1
83,1477,1
83,1484,1
83,1489,1
83,1491,1
83,1496,1
83,1497,1
83,1504,1
83,1508,1
83,1510,1
83,1515,1
83,1518,1
83,1535,1
83,1539,1
83,1542,1
83,1547,1
83,1555,1
83,1557,1
83,1558,1
83,1569,1
83,1578,1
83,1599,1
83,1601,1
83,1613,1
83,1615,1
83,1616,1
83,1623,1
83,1625,1
83,1628,1
83,1630,1
83,1632,1
84,311,3
84,528,3
84,813,1
84,1302,3
84,1630,3
85,112,1
85,238,1
85,835,1
85,854,1
85,862,1
85,1128,1
85,1282,1
86,419,1
86,538,1
86,902,1
86,1062,1
86,1183,1
86,1332,1
86,1359,1
86,1378,1
86,1490,3
87,79,1
87,160,1
87,268,1
87,415,1
87,506,1
87,508,1
87,602,1
87,638,1
87,743,1
87,793,1
87,847,1
87,943,1
87,947,1
87,1107,1
87,1125,1
87,1181,1
87,1224,1
87,1350,1
88,1411,3
89,563,1
89,815,1
89,1090,1
89,1120,1
89,1247,1
89,1314,1
89,1465,3
90,142,1
90,306,1
90,322,1
90,324,1
90,553,1
90,617,1
90,673,3
90,799,1
90,863,1
90,951,3
90,1133,1
90,1236,1
90,1263,1
90,1291,1
90,1391,1
90,1475,1
90,1604,1
90,1633,1
91,340,1
91,355,1
91,357,1
91,360,1
91,405,1
91,422,1
91,430,1
91,435,1
91,507,1
91,527,1
91,737,1
91,779,1
91,810,1
91,864,1
91,983,1
91,991,1
91,1038,1
91,1059,1
91,1120,1
91,1140,1
91,1268,1
91,1286,1
91,1295,1
91,1429,1
91,1524,1
91,1535,3
91,1549,1
91,1595,1
92,537,3
92,555,3
92,655,3
92,774,3
92,916,1
92,1142,1
92,1636,1
93,297,3
93,1257,3
93,1295,1
93,1549,1
94,196,3
94,198,1
94,199,1
94,220,1
94,226,3
94,234,1
94,241,1
94,306,1
94,374,1
94,401,1
94,458,1
94,469,1
94,551,1
94,844,1
94,995,1
94,1019,1
94,1025,1
94,1051,1
94,1072,1
94,1095,1
94,1105,1
94,1106,1
94,1123,1
94,1132,1
94,1155,1
94,1169,1
94,1194,1
94,1217,1
94,1223,1
94,1305,1
94,1430,1
94,1454,1
94,1549,1
95,109,1
95,281,1
95,494,1
95,847,1
95,883,1
95,951,3
95,1048,3
95,1115,1
95,1213,3
95,1239,1
95,1480,1
96,419,1
96,471,1
96,903,1
96,1017,1
96,1092,1
96,1160,1
96,1175,1
96,1189,1
96,1522,1
96,1566,1
97,15,1
97,439,1
97,530,1
97,709,1
97,736,3
97,762,1
97,1166,1
97,1514,1
98,783,1
98,823,1
98,1040,1
98,1333,3
98,1388,1
98,1396,1
98,1440,1
98,1465,1
98,1533,1
99,5,1
99,115,1
99,185,1
99,211,1
99,220,1
99,263,1
99,370,1
99,474,1
99,588,1
99,603,1
99,605,1
99,644,1
99,672,1
99,773,1
99,791,1
99,832,1
99,841,1
99,947,1
99,964,3
99,983,1
99,1018,1
99,1101,1
99,1164,1
99,1270,1
99,1284,1
99,1296,1
99,1349,1
99,1425,1
99,1523,1
99,1593,1
99,1639,1
100,183,1
100,318,1
100,372,1
100,389,1
100,746,1
100,770,1
100,859,1
100,909,1
100,969,1
100,1071,1
100,1134,1
100,1144,1
100,1222,1
100,1342,1
100,1469,1
100,1484,1
100,1555,1
100,1569,1
101,374,3
101,1188,1
102,726,3
102,754,3
102,886,1
102,1584,1
103,1077,1
103,1441,1
104,392,1
104,510,1
104,1246,1
105,133,3
105,543,1
105,563,3
105,618,3
105,784,1
105,1395,1
106,511,1
106,558,1
106,629,1
106,1510,1
106,1622,1
107,826,1
107,1549,3
107,1588,1
107,1610,1
108,210,1
108,315,1
108,444,1
108,483,1
108,797,1
108,945,1
108,1108,1
108,1254,1
108,1280,1
108,1405,1
109,100,1
109,107,1
109,140,1
109,177,1
109,180,1
109,196,1
109,217,1
109,228,1
109,243,1
109,275,1
109,276,1
109,299,3
109,318,1
109,331,1
109,336,1
109,376,1
109,378,1
109,393,1
109,410,1
109,420,1
109,450,3
109,510,1
109,526,1
109,565,1
109,566,1
109,598,1
109,631,1
109,653,1
109,681,1
109,726,1
109,746,1
109,752,1
109,780,1
109,813,1
109,850,1
109,876,1
109,885,1
109,906,1
109,917,1
109,958,1
109,963,1
109,968,1
109,969,1
109,1020,1
109,1073,1
109,1075,3
109,1077,1
109,1082,1
109,1103,1
109,1144,1
109,1155,1
109,1157,1
109,1188,1
109,1191,1
109,1192,1
109,1241,1
109,1247,1
109,1279,1
109,1312,1
109,1328,1
109,1350,1
109,1374,1
109,1387,1
109,1393,1
109,1444,1
109,1448,1
109,1469,1
109,1472,1
109,1494,1
109,1498,1
109,1509,1
109,1512,1
109,1531,1
109,1554,1
109,1585,1
109,1623,1
109,1624,1
109,1631,1
110,314,1
110,380,1
110,437,1
110,547,1
110,698,1
110,817,1
110,828,1
110,1628,1
111,163,1
111,269,1
111,322,3
111,438,1
111,878,1
111,954,3
111,1145,1
111,1292,1
112,162,3
112,299,1
112,417,1
112,1521,1
114,223,1
114,296,1
114,348,1
114,372,1
114,373,1
114,377,1
114,406,1
114,448,1
114,488,1
114,489,1
114,521,1
114,537,1
114,556,1
114,586,1
114,597,1
114,640,1
114,648,1
114,664,1
114,668,1
114,708,1
114,753,1
114,768,1
114,808,1
114,850,1
114,865,1
114,866,1
114,895,1
114,910,1
114,996,1
114,1008,1
114,1026,1
114,1041,1
114,1047,3
114,1054,1
114,1074,1
114,1078,1
114,1127,1
114,1136,1
114,1141,1
114,1143,1
114,1151,1
114,1172,1
114,1198,1
114,1220,1
114,1222,1
114,1229,1
114,1234,1
114,1237,1
114,1262,1
114,1317,1
114,1339,1
114,1359,1
114,1374,1
114,1393,1
114,1409,1
114,1420,1
114,1437,1
114,1504,1
114,1512,1
114,1529,1
114,1573,1
114,1635,1
114,1637,1
114,1638,1
115,108,1
115,292,1
115,382,1
115,444,1
115,766,3
115,855,3
115,856,1
115,1020,3
115,1124,1
115,1280,1
115,1332,1
115,1455,3
115,1518,1
115,1535,3
116,246,3
116,486,1
116,577,1
116,596,3
116,1094,1
116,1206,1
116,1371,1
116,1495,1
116,1556,3
117,442,1
117,647,1
117,789,1
117,791,1
117,853,1
117,1148,1
117,1407,3
117,1431,3
117,1618,1
118,200,1
118,296,1
118,348,1
118,377,1
118,393,1
118,406,1
118,448,1
118,464,1
118,488,1
118,489,1
118,494,1
118,521,1
118,525,3
118,586,1
118,597,1
118,646,3
118,664,1
118,668,1
118,708,1
118,753,1
118,763,3
118,813,1
118,850,1
118,866,1
118,885,1
118,895,1
118,910,1
118,996,1
118,1008,1
118,1026,1
118,1054,1
118,1074,1
118,1078,1
118,1115,1
118,1127,1
118,1141,1
118,1143,1
118,1152,1
118,1220,1
118,1222,1
118,1229,1
118,1234,1
118,1235,1
118,1237,1
118,1317,1
118,1359,1
118,1374,1
118,1393,1
118,1420,1
118,1425,1
118,1427,1
118,1437,1
118,1446,1
118,1472,1
118,1480,1
118,1498,1
118,1504,1
118,1512,1
118,1637,1
118,1638,1
119,1,1
119,2,1
119,4,1
119,11,1
119,12,1
119,18,1
119,26,1
119,31,1
119,38,1
119,48,1
119,57,1
119,61,1
119,62,1
119,77,1
119,87,1
119,96,1
119,108,1
119,112,1
119,114,1
119,116,1
119,118,1
119,121,1
119,125,1
119,128,1
119,134,1
119,136,1
119,151,1
119,155,1
119,163,1
119,164,1
119,168,1
119,178,1
119,183,1
119,188,1
119,192,1
119,195,1
119,199,1
119,202,1
119,205,1
119,209,1
119,226,1
119,230,1
119,231,1
119,234,1
119,237,1
119,238,1
119,250,1
253,119,0
255,119,0
256,119,0
273,119,0
281,119,0
287,119,0
291,119,0
293,119,0
299,119,0
302,119,0
312,119,0
315,119,0
320,119,0
324,119,0
331,119,0
333,119,0
334,119,0
336,119,0
342,119,0
344,119,0
349,119,0
358,119,0
359,119,0
361,119,0
365,119,0
374,119,0
385,119,0
395,119,0
402,119,0
411,119,0
414,119,0
419,119,0
423,119,0
428,119,0
433,119,0
442,119,0
454,119,0
456,119,0
457,119,0
467,119,0
471,119,0
477,119,0
481,119,0
486,119,0
491,119,0
493,119,0
494,119,0
495,119,0
503,119,0
505,119,0
506,119,0
508,119,0
515,119,0
528,119,0
531,119,0
541,119,0
543,119,0
546,119,0
553,119,0
570,119,0
577,119,0
578,119,0
593,119,0
596,119,0
600,119,0
606,119,0
609,119,0
611,119,0
614,119,0
617,119,0
619,119,0
626,119,0
630,119,0
641,119,0
642,119,0
647,119,0
652,119,0
655,119,0
658,119,0
659,119,0
662,119,0
666,119,0
669,119,0
674,119,0
675,119,0
676,119,0
677,119,0
683,119,0
685,119,0
687,119,0
693,119,0
696,119,0
701,119,0
705,119,0
711,119,0
714,119,0
721,119,0
723,119,0
727,119,0
729,119,0
730,119,0
738,119,0
739,119,0
754,119,0
756,119,0
764,119,0
769,119,0
783,119,0
788,119,0
789,119,0
793,119,0
794,119,0
798,119,0
812,119,0
818,119,0
819,119,0
827,119,0
830,119,0
833,119,0
835,119,0
853,119,0
854,119,0
855,119,0
857,119,0
859,119,0
861,119,0
863,119,0
868,119,0
877,119,0
879,119,0
883,119,0
886,119,0
893,119,0
898,119,0
903,119,0
912,119,0
920,119,0
923,119,0
927,119,0
928,119,0
929,119,0
931,119,0
932,119,0
933,119,0
943,119,0
944,119,0
947,119,0
948,119,0
950,119,0
957,119,0
959,119,0
960,119,0
962,119,0
966,119,0
970,119,0
979,119,0
984,119,0
986,119,0
988,119,0
990,119,0
995,119,0
1003,119,0
1006,119,0
1007,119,0
1010,119,0
1013,119,0
1017,119,0
1022,119,0
1023,119,0
1029,119,0
1033,119,0
1034,119,0
1040,119,0
1044,119,0
1046,119,0
1065,119,0
1069,119,0
1079,119,0
1080,119,0
1085,119,0
1100,119,0
1106,119,0
1107,119,0
1109,119,0
1115,119,0
1117,119,0
1121,119,0
1132,119,0
1138,119,0
1142,119,0
1152,119,0
1153,119,0
1158,119,0
1160,119,0
1163,119,0
1164,119,0
1168,119,0
1169,119,0
1175,119,0
1181,119,0
1185,119,0
1186,119,0
1187,119,0
1189,119,0
1193,119,0
1194,119,0
1196,119,0
1197,119,0
1200,119,0
1206,119,0
1210,119,0
1217,119,0
1221,119,0
1224,119,0
1236,119,0
1238,119,0
1239,119,0
1246,119,0
1263,119,0
1277,119,0
1284,119,0
1287,119,0
1291,119,0
1293,119,0
1303,119,0
1305,119,0
1306,119,0
1307,119,0
1310,119,0
1315,119,0
1319,119,0
1320,119,0
1321,119,0
1323,119,0
1331,119,0
1334,119,0
1341,119,0
1342,119,0
1350,119,0
1353,119,0
1363,119,0
1371,119,0
1382,119,0
1384,119,0
1391,119,0
1392,119,0
1400,119,0
1413,119,0
1414,119,0
1421,119,0
1438,119,0
1442,119,0
1445,119,0
1449,119,0
1456,119,0
1457,119,0
1459,119,0
1464,119,0
1471,119,0
1475,119,0
1477,119,0
1478,119,0
1479,119,0
1491,119,0
1497,119,0
1500,119,0
1506,119,0
1513,119,0
1515,119,0
1517,119,0
1526,119,0
1532,119,0
119,1534,3
1535,119,0
1543,119,0
1544,119,0
1545,119,0
1546,119,0
1548,119,0
1551,119,0
1555,119,0
1558,119,0
1565,119,0
1570,119,0
1579,119,0
1584,119,0
1590,119,0
1591,119,0
1599,119,0
1600,119,0
1604,119,0
1607,119,0
1610,119,0
1612,119,0
1621,119,0
1629,119,0
1636,119,0
1638,119,0
1640,119,0
1641,119,0
9,120,0
105,120,0
128,120,0
130,120,0
151,120,0
202,120,0
216,120,0
235,120,0
250,120,0
253,120,0
267,120,0
270,120,0
271,120,0
291,120,0
309,120,0
330,120,0
333,120,0
335,120,0
336,120,0
362,120,0
366,120,0
387,120,0
391,120,0
409,120,0
414,120,0
422,120,0
453,120,0
479,120,0
495,120,0
505,120,0
514,120,0
520,120,0
522,120,0
523,120,0
539,120,0
549,120,0
568,120,0
572,120,0
580,120,0
592,120,0
644,120,0
647,120,0
657,120,0
662,120,0
663,120,0
675,120,0
693,120,0
696,120,0
722,120,0
728,120,0
730,120,0
744,120,0
759,120,0
765,120,0
777,120,0
783,120,0
784,120,0
789,120,0
807,120,0
832,120,0
849,120,0
886,120,0
888,120,0
948,120,0
972,120,0
981,120,0
1009,120,0
1013,120,0
1016,120,0
1047,120,0
1050,120,0
1058,120,0
1064,120,0
1113,120,0
1116,120,0
1148,120,0
1153,120,0
1168,120,0
1208,120,0
1210,120,0
1214,120,0
1218,120,0
1220,120,0
1232,120,0
1272,120,0
1281,120,0
1294,120,0
1303,120,0
1309,120,0
1321,120,0
1341,120,0
1356,120,0
120,1358,3
1363,120,0
1369,120,0
1378,120,0
1395,120,0
1398,120,0
1400,120,0
1401,120,0
1412,120,0
1416,120,0
1454,120,0
1476,120,0
1539,120,0
1542,120,0
1558,120,0
1578,120,0
1584,120,0
1601,120,0
1618,120,0
1619,120,0
1632,120,0
1638,120,0
1639,120,0
108,121,0
114,121,0
118,121,0
161,121,0
315,121,0
444,121,0
784,121,0
795,121,0
1062,121,0
1112,121,0
1190,121,0
1216,121,0
1332,121,0
121,1382,3
121,1459,3
1581,121,0
1639,121,0
122,312,3
415,122,0
508,122,0
515,122,0
723,122,0
926,122,0
970,122,0
122,1055,3
1107,122,0
1546,122,0
1629,122,0
122,1634,3
123,338,3
620,124,0
682,124,0
805,124,0
1124,124,0
15,125,0
186,125,0
396,125,0
125,514,3
657,125,0
671,125,0
125,675,3
125,695,3
702,125,0
823,125,0
922,125,0
930,125,0
948,125,0
1040,125,0
1049,125,0
125,1139,3
1265,125,0
1321,125,0
1368,125,0
1476,125,0
1617,125,0
1620,125,0
126,204,3
259,126,0
352,126,0
438,126,0
465,126,0
126,783,3
1218,126,0
1427,126,0
30,127,0
125,127,0
127,277,3
285,127,0
326,127,0
426,127,0
442,127,0
623,127,0
670,127,0
823,127,0
127,1007,3
1258,127,0
1368,127,0
1466,127,0
289,128,0
414,128,0
454,128,0
128,497,3
624,128,0
751,128,0
783,128,0
823,128,0
1083,128,0
1128,128,0
1202,128,0
1205,128,0
1368,128,0
1396,128,0
1440,128,0
1465,128,0
1533,128,0
1571,128,0
1617,128,0
129,221,3
270,129,0
436,129,0
442,129,0
643,129,0
129,655,3
129,829,3
270,130,0
130,487,3
130,1097,3
1208,130,0
130,1547,3
1619,130,0
61,131,0
482,131,0
131,536,3
131,657,3
131,724,3
963,131,0
1082,131,0
1163,131,0
1583,131,0
13,132,0
128,132,0
211,132,0
370,132,0
409,132,0
644,132,0
690,132,0
832,132,0
892,132,0
985,132,0
1288,132,0
1295,132,0
1349,132,0
1549,132,0
1597,132,0
14,133,0
84,133,0
152,133,0
133,236,3
133,377,3
400,133,0
425,133,0
998,133,0
1024,133,0
1085,133,0
133,1171,3
1352,133,0
1541,133,0
281,134,0
674,134,0
134,976,3
1115,134,0
134,1551,3
14,135,0
15,135,0
31,135,0
62,135,0
98,135,0
114,135,0
118,135,0
161,135,0
185,135,0
135,193,3
241,135,0
272,135,0
281,135,0
317,135,0
320,135,0
338,135,0
342,135,0
379,135,0
398,135,0
403,135,0
415,135,0
416,135,0
424,135,0
447,135,0
468,135,0
480,135,0
559,135,0
564,135,0
607,135,0
610,135,0
614,135,0
620,135,0
630,135,0
655,135,0
657,135,0
674,135,0
676,135,0
686,135,0
720,135,0
725,135,0
135,729,3
738,135,0
742,135,0
749,135,0
783,135,0
790,135,0
802,135,0
824,135,0
831,135,0
868,135,0
881,135,0
883,135,0
898,135,0
902,135,0
905,135,0
933,135,0
936,135,0
1027,135,0
1085,135,0
1088,135,0
1091,135,0
1095,135,0
1111,135,0
1118,135,0
1131,135,0
1147,135,0
1149,135,0
1150,135,0
1158,135,0
1205,135,0
1239,135,0
1257,135,0
1260,135,0
1265,135,0
1271,135,0
1297,135,0
1299,135,0
1323,135,0
1351,135,0
1370,135,0
1372,135,0
1393,135,0
1415,135,0
1458,135,0
1465,135,0
1472,135,0
1476,135,0
1478,135,0
1483,135,0
1486,135,0
1496,135,0
1498,135,0
1499,135,0
1507,135,0
1508,135,0
1536,135,0
1550,135,0
1561,135,0
1562,135,0
1563,135,0
1600,135,0
1617,135,0
1,136,0
136,248,3
331,136,0
136,405,3
609,136,0
136,734,3
754,136,0
794,136,0
927,136,0
136,1368,3
1532,136,0
214,137,0
230,137,0
481,137,0
877,137,0
1080,137,0
1121,137,0
137,1288,3
1319,137,0
1382,137,0
1457,137,0
1464,137,0
1513,137,0
735,138,0
138,1458,3
1468,138,0
138,1492,3
139,646,3
675,139,0
711,139,0
858,139,0
959,139,0
988,139,0
1003,139,0
139,1119,3
1121,139,0
1404,139,0
1532,139,0
2,140,0
71,140,0
78,140,0
84,140,0
114,140,0
118,140,0
121,140,0
202,140,0
216,140,0
250,140,0
254,140,0
282,140,0
304,140,0
309,140,0
316,140,0
318,140,0
328,140,0
342,140,0
362,140,0
375,140,0
376,140,0
387,140,0
389,140,0
393,140,0
415,140,0
429,140,0
446,140,0
474,140,0
479,140,0
480,140,0
481,140,0
491,140,0
503,140,0
504,140,0
509,140,0
539,140,0
545,140,0
555,140,0
591,140,0
612,140,0
619,140,0
645,140,0
656,140,0
663,140,0
696,140,0
719,140,0
722,140,0
726,140,0
728,140,0
745,140,0
757,140,0
765,140,0
771,140,0
774,140,0
778,140,0
792,140,0
798,140,0
817,140,0
821,140,0
822,140,0
827,140,0
845,140,0
849,140,0
850,140,0
868,140,0
872,140,0
877,140,0
885,140,0
886,140,0
900,140,0
902,140,0
909,140,0
913,140,0
140,923,3
933,140,0
949,140,0
959,140,0
963,140,0
969,140,0
976,140,0
987,140,0
988,140,0
1009,140,0
1042,140,0
1043,140,0
1056,140,0
1062,140,0
1063,140,0
1075,140,0
1080,140,0
1088,140,0
1111,140,0
1121,140,0
1122,140,0
1134,140,0
1153,140,0
1154,140,0
1159,140,0
1168,140,0
1186,140,0
1193,140,0
1194,140,0
1195,140,0
1201,140,0
1202,140,0
1210,140,0
1219,140,0
1225,140,0
1232,140,0
1238,140,0
1249,140,0
1251,140,0
1272,140,0
1277,140,0
1282,140,0
1287,140,0
1291,140,0
1295,140,0
1297,140,0
1300,140,0
1305,140,0
1309,140,0
1319,140,0
1324,140,0
1326,140,0
1331,140,0
1332,140,0
1341,140,0
1351,140,0
1362,140,0
1369,140,0
1374,140,0
1382,140,0
1403,140,0
1404,140,0
1420,140,0
1460,140,0
1469,140,0
1481,140,0
1489,140,0
1490,140,0
1491,140,0
1505,140,0
1513,140,0
1535,140,0
1536,140,0
1549,140,0
1554,140,0
1584,140,0
1599,140,0
1601,140,0
1620,140,0
1630,140,0
1632,140,0
1641,140,0
72,141,0
287,141,0
141,361,3
442,141,0
141,572,3
606,141,0
641,141,0
141,1385,3
141,1407,3
1548,141,0
34,142,0
266,142,0
325,142,0
142,580,3
142,727,3
1267,142,0
1493,142,0
1560,142,0
243,143,0
249,143,0
279,143,0
428,143,0
143,453,3
489,143,0
549,143,0
550,143,0
569,143,0
628,143,0
693,143,0
723,143,0
743,143,0
744,143,0
895,143,0
941,143,0
1086,143,0
1143,143,0
1188,143,0
1234,143,0
1235,143,0
1417,143,0
1427,143,0
1434,143,0
143,1464,3
355,144,0
809,144,0
144,845,3
144,945,3
144,1169,3
434,145,0
475,145,0
676,145,0
898,145,0
145,1475,3
146,404,3
146,614,3
146,959,3
1015,146,0
196,148,0
148,381,3
775,148,0
875,148,0
1337,148,0
1490,148,0
508,149,0
149,627,3
149,1028,3
149,1434,3
1515,149,0
1547,149,0
337,150,0
150,424,3
150,470,3
760,150,0
829,150,0
150,1382,3
150,1496,3
1605,150,0
471,151,0
721,151,0
863,151,0
1438,151,0
1561,151,0
657,152,0
1476,152,0
153,398,3
153,686,3
771,153,0
845,153,0
153,984,3
1154,153,0
1300,153,0
350,154,0
351,154,0
434,154,0
1063,154,0
311,155,0
336,155,0
538,155,0
593,155,0
807,155,0
948,155,0
1120,155,0
1273,155,0
1284,155,0
1321,155,0
1526,155,0
1539,155,0
1558,155,0
1572,155,0
156,1016,3
3,157,0
382,157,0
490,157,0
695,157,0
750,157,0
157,1001,3
1081,157,0
1096,157,0
1135,157,0
1358,157,0
1433,157,0
157,1452,3
114,158,0
118,158,0
158,614,3
692,158,0
158,1433,3
158,1483,3
249,159,0
279,159,0
342,159,0
368,159,0
393,159,0
159,434,3
464,159,0
472,159,0
489,159,0
504,159,0
159,540,3
684,159,0
694,159,0
744,159,0
781,159,0
792,159,0
813,159,0
850,159,0
885,159,0
888,159,0
895,159,0
933,159,0
951,159,0
996,159,0
1008,159,0
1054,159,0
1077,159,0
1103,159,0
159,1132,3
1143,159,0
159,1187,3
1234,159,0
1235,159,0
1237,159,0
1374,159,0
1427,159,0
1484,159,0
1490,159,0
1504,159,0
1509,159,0
1600,159,0
1625,159,0
191,160,0
293,160,0
481,160,0
625,160,0
706,160,0
1035,160,0
1248,160,0
1259,160,0
1516,160,0
161,465,3
161,489,3
161,602,3
665,161,0
952,161,0
161,1322,3
303,162,0
310,162,0
407,162,0
162,652,3
733,162,0
1061,162,0
1089,162,0
314,163,0
714,163,0
788,163,0
861,163,0
928,163,0
1034,163,0
163,1375,3
163,1505,3
1612,163,0
24,164,0
301,164,0
432,164,0
513,164,0
635,164,0
766,164,0
841,164,0
950,164,0
955,164,0
974,164,0
982,164,0
991,164,0
1018,164,0
164,1124,3
1170,164,0
1203,164,0
1264,164,0
1533,164,0
164,1616,3
1617,164,0
165,457,3
165,906,3
269,166,0
278,166,0
445,166,0
814,166,0
166,851,3
1137,166,0
166,1431,3
1508,166,0
2,167,0
167,279,3
167,380,3
167,640,3
167,808,3
1251,167,0
1287,167,0
281,168,0
674,168,0
883,168,0
977,168,0
987,168,0
1239,168,0
1362,168,0
15,169,0
108,169,0
114,169,0
118,169,0
328,169,0
757,169,0
824,169,0
852,169,0
887,169,0
1011,169,0
1063,169,0
1133,169,0
1228,169,0
1240,169,0
1280,169,0
1282,169,0
1379,169,0
1439,169,0
4,170,0
18,170,0
48,170,0
128,170,0
135,170,0
168,170,0
178,170,0
199,170,0
212,170,0
218,170,0
232,170,0
234,170,0
249,170,0
255,170,0
264,170,0
292,170,0
293,170,0
297,170,0
302,170,0
320,170,0
332,170,0
335,170,0
339,170,0
342,170,0
346,170,0
356,170,0
358,170,0
374,170,0
381,170,0
387,170,0
388,170,0
391,170,0
393,170,0
398,170,0
405,170,0
408,170,0
424,170,0
427,170,0
450,170,0
454,170,0
455,170,0
468,170,0
482,170,0
487,170,0
494,170,0
503,170,0
515,170,0
519,170,0
529,170,0
545,170,0
553,170,0
561,170,0
575,170,0
576,170,0
579,170,0
580,170,0
591,170,0
607,170,0
634,170,0
636,170,0
643,170,0
660,170,0
692,170,0
693,170,0
705,170,0
721,170,0
722,170,0
734,170,0
745,170,0
758,170,0
763,170,0
765,170,0
790,170,0
796,170,0
798,170,0
801,170,0
807,170,0
813,170,0
819,170,0
825,170,0
831,170,0
844,170,0
849,170,0
850,170,0
881,170,0
885,170,0
888,170,0
899,170,0
907,170,0
915,170,0
919,170,0
932,170,0
939,170,0
950,170,0
970,170,0
990,170,0
995,170,0
999,170,0
1001,170,0
170,1009,3
1023,170,0
1036,170,0
1040,170,0
1048,170,0
1057,170,0
1066,170,0
1085,170,0
1086,170,0
1094,170,0
1104,170,0
1115,170,0
1132,170,0
1150,170,0
1152,170,0
1178,170,0
1184,170,0
1187,170,0
1199,170,0
1202,170,0
1207,170,0
1229,170,0
1232,170,0
1247,170,0
1249,170,0
1262,170,0
1269,170,0
1271,170,0
1277,170,0
1294,170,0
1295,170,0
1309,170,0
1313,170,0
1314,170,0
1326,170,0
1333,170,0
1338,170,0
1343,170,0
1372,170,0
1374,170,0
1396,170,0
1407,170,0
1411,170,0
1417,170,0
1424,170,0
1429,170,0
1431,170,0
1432,170,0
1435,170,0
1442,170,0
1454,170,0
1460,170,0
1467,170,0
1478,170,0
1482,170,0
1483,170,0
1486,170,0
1509,170,0
1532,170,0
1543,170,0
1546,170,0
1557,170,0
1563,170,0
1592,170,0
1598,170,0
1599,170,0
1601,170,0
170,1621,3
1641,170,0
171,656,3
171,1387,3
283,172,0
172,375,3
591,172,0
1055,172,0
1238,172,0
1291,172,0
321,173,0
1256,173,0
1473,173,0
174,271,3
174,389,3
809,174,0
174,1431,3
174,1458,3
31,175,0
138,175,0
149,175,0
227,175,0
249,175,0
260,175,0
279,175,0
330,175,0
342,175,0
347,175,0
175,351,3
362,175,0
366,175,0
368,175,0
371,175,0
387,175,0
417,175,0
472,175,0
489,175,0
502,175,0
504,175,0
514,175,0
529,175,0
549,175,0
615,175,0
701,175,0
728,175,0
735,175,0
744,175,0
759,175,0
781,175,0
792,175,0
849,175,0
850,175,0
866,175,0
885,175,0
894,175,0
895,175,0
925,175,0
939,175,0
951,175,0
996,175,0
1008,175,0
1054,175,0
1058,175,0
1079,175,0
1086,175,0
1103,175,0
1116,175,0
1143,175,0
175,1158,3
1202,175,0
1214,175,0
1229,175,0
1231,175,0
1237,175,0
1247,175,0
1249,175,0
1281,175,0
1309,175,0
1329,175,0
1345,175,0
1361,175,0
1367,175,0
1374,175,0
1389,175,0
175,1392,3
1413,175,0
1416,175,0
1417,175,0
1420,175,0
1427,175,0
1468,175,0
1515,175,0
1547,175,0
1557,175,0
1580,175,0
1594,175,0
1600,175,0
1601,175,0
1613,175,0
146,176,0
176,307,3
176,413,3
795,176,0
841,176,0
177,353,3
504,177,0
792,177,0
1434,177,0
224,178,0
178,259,3
178,399,3
403,178,0
950,178,0
777,179,0
179,1418,3
1537,179,0
1538,179,0
180,671,3
180,1029,3
1157,180,0
31,181,0
37,181,0
108,181,0
214,181,0
225,181,0
285,181,0
308,181,0
323,181,0
343,181,0
396,181,0
499,181,0
548,181,0
571,181,0
573,181,0
608,181,0
621,181,0
633,181,0
671,181,0
741,181,0
762,181,0
786,181,0
787,181,0
797,181,0
876,181,0
918,181,0
922,181,0
930,181,0
992,181,0
1027,181,0
1052,181,0
1060,181,0
1108,181,0
1209,181,0
1227,181,0
1233,181,0
1276,181,0
1280,181,0
1302,181,0
1332,181,0
1354,181,0
1364,181,0
1408,181,0
1447,181,0
1474,181,0
1567,181,0
1572,181,0
181,1639,3
449,182,0
521,182,0
706,182,0
785,182,0
182,897,3
182,1048,3
183,209,3
349,183,0
770,183,0
859,183,0
1071,183,0
183,1106,3
1445,183,0
1477,183,0
1569,183,0
434,184,0
464,184,0
184,600,3
678,184,0
184,772,3
1537,184,0
820,185,0
833,185,0
1149,185,0
1158,185,0
1449,185,0
54,186,0
57,186,0
71,186,0
229,186,0
262,186,0
304,186,0
379,186,0
403,186,0
424,186,0
468,186,0
480,186,0
482,186,0
607,186,0
610,186,0
614,186,0
620,186,0
669,186,0
706,186,0
733,186,0
736,186,0
742,186,0
761,186,0
810,186,0
824,186,0
831,186,0
872,186,0
881,186,0
902,186,0
913,186,0
921,186,0
924,186,0
966,186,0
981,186,0
1028,186,0
1035,186,0
1047,186,0
1062,186,0
1088,186,0
1106,186,0
1111,186,0
1131,186,0
1147,186,0
1150,186,0
186,1188,3
1194,186,0
1195,186,0
1205,186,0
1207,186,0
186,1227,3
1253,186,0
1271,186,0
1305,186,0
1332,186,0
1338,186,0
1351,186,0
1370,186,0
1403,186,0
1429,186,0
1465,186,0
1483,186,0
1486,186,0
1550,186,0
1560,186,0
1562,186,0
1563,186,0
1577,186,0
1598,186,0
1641,186,0
187,753,3
799,187,0
824,187,0
873,187,0
937,187,0
1257,187,0
1381,187,0
1488,187,0
188,334,3
188,384,3
188,820,3
879,188,0
1544,188,0
189,962,3
245,190,0
288,190,0
744,190,0
951,190,0
961,190,0
1347,190,0
191,275,3
293,191,0
405,191,0
553,191,0
625,191,0
191,722,3
754,191,0
806,191,0
914,191,0
1035,191,0
1248,191,0
1252,191,0
191,1301,3
1516,191,0
1207,192,0
192,1506,3
2,193,0
71,193,0
78,193,0
84,193,0
90,193,0
100,193,0
114,193,0
118,193,0
121,193,0
170,193,0
202,193,0
209,193,0
216,193,0
243,193,0
250,193,0
275,193,0
277,193,0
292,193,0
309,193,0
316,193,0
322,193,0
324,193,0
362,193,0
375,193,0
376,193,0
403,193,0
415,193,0
429,193,0
474,193,0
479,193,0
480,193,0
481,193,0
484,193,0
491,193,0
503,193,0
504,193,0
529,193,0
555,193,0
562,193,0
572,193,0
591,193,0
619,193,0
645,193,0
656,193,0
678,193,0
696,193,0
711,193,0
722,193,0
726,193,0
728,193,0
731,193,0
732,193,0
745,193,0
746,193,0
754,193,0
765,193,0
771,193,0
774,193,0
777,193,0
778,193,0
817,193,0
821,193,0
827,193,0
849,193,0
850,193,0
868,193,0
871,193,0
872,193,0
886,193,0
902,193,0
906,193,0
909,193,0
925,193,0
933,193,0
949,193,0
963,193,0
969,193,0
987,193,0
988,193,0
1009,193,0
1013,193,0
1032,193,0
1042,193,0
1043,193,0
1056,193,0
1080,193,0
1106,193,0
1121,193,0
1134,193,0
1137,193,0
1144,193,0
1147,193,0
1153,193,0
1154,193,0
1159,193,0
1180,193,0
193,1181,3
1186,193,0
1188,193,0
1191,193,0
1193,193,0
1194,193,0
1219,193,0
1228,193,0
1229,193,0
1232,193,0
1236,193,0
1249,193,0
1251,193,0
1272,193,0
1275,193,0
1277,193,0
1282,193,0
1287,193,0
1291,193,0
1295,193,0
1300,193,0
1305,193,0
1309,193,0
1314,193,0
1315,193,0
1319,193,0
1326,193,0
1331,193,0
1332,193,0
1341,193,0
1351,193,0
1362,193,0
1374,193,0
1404,193,0
1420,193,0
1457,193,0
1469,193,0
1481,193,0
1491,193,0
1505,193,0
1513,193,0
1518,193,0
1535,193,0
1549,193,0
1554,193,0
193,1558,3
1580,193,0
1584,193,0
1585,193,0
1599,193,0
1600,193,0
1630,193,0
1632,193,0
1641,193,0
35,194,0
776,194,0
835,194,0
896,194,0
1006,194,0
1519,194,0
196,545,3
196,980,3
196,1320,3
197,887,3
197,931,3
197,1214,3
198,1601,3
199,1132,3
199,1371,3
201,1540,3
201,1624,3
202,744,3
207,251,3
208,1245,3
208,1573,3
209,223,3
209,520,3
209,1120,3
210,1353,3
211,1071,3
211,1564,3
212,458,3
212,884,3
212,1350,3
213,295,3
213,888,3
213,1328,3
213,1504,3
214,632,3
214,1292,3
215,756,3
217,1201,3
218,643,3
218,667,3
218,1318,3
219,353,3
220,736,3
220,1071,3
220,1424,3
221,635,3
223,1309,3
224,647,3
225,640,3
225,944,3
225,1508,3
225,1577,3
226,342,3
227,625,3
227,629,3
228,267,3
228,372,3
228,410,3
228,607,3
228,872,3
228,983,3
228,1055,3
229,1562,3
230,1596,3
230,1602,3
231,1525,3
232,1338,3
234,951,3
234,1388,3
235,936,3
235,1484,3
237,1269,3
237,1389,3
238,261,3
238,1453,3
238,1576,3
239,358,3
239,812,3
239,817,3
239,1319,3
239,1330,3
240,382,3
240,1108,3
240,1228,3
240,1553,3
241,384,3
241,867,3
241,1440,3
242,1614,3
245,883,3
245,1612,3
246,370,3
246,476,3
246,834,3
247,373,3
248,977,3
249,1549,3
250,912,3
251,478,3
251,867,3
254,378,3
254,566,3
255,1224,3
256,602,3
257,475,3
257,1234,3
258,913,3
258,1137,3
259,537,3
259,667,3
259,786,3
259,954,3
259,1091,3
260,787,3
260,942,3
260,1071,3
261,760,3
261,847,3
261,1224,3
262,1471,3
263,789,3
264,760,3
264,1386,3
264,1547,3
265,707,3
265,729,3
265,1622,3
267,545,3
267,567,3
267,569,3
268,992,3
270,381,3
270,1065,3
271,1502,3
272,284,3
273,1425,3
274,557,3
274,675,3
274,752,3
275,404,3
275,1523,3
276,571,3
276,653,3
276,704,3
277,1186,3
278,789,3
279,289,3
279,909,3
279,1001,3
280,490,3
280,758,3
280,1478,3
281,845,3
281,1020,3
283,448,3
283,1086,3
283,1284,3
285,418,3
285,869,3
287,522,3
289,462,3
290,454,3
290,1339,3
291,1060,3
291,1541,3
293,1207,3
293,1600,3
294,415,3
294,916,3
294,1325,3
295,462,3
295,1374,3
296,1460,3
296,1597,3
297,1207,3
298,495,3
300,382,3
301,975,3
302,744,3
302,1597,3
305,521,3
305,965,3
306,965,3
306,1074,3
306,1442,3
306,1495,3
307,517,3
308,460,3
309,1035,3
309,1257,3
311,1541,3
311,1549,3
312,1568,3
315,566,3
315,786,3
315,1620,3
316,663,3
316,769,3
316,961,3
316,1350,3
317,1159,3
318,355,3
318,376,3
319,798,3
322,1301,3
325,683,3
327,1626,3
328,396,3
328,694,3
328,739,3
328,1088,3
331,403,3
331,498,3
331,669,3
331,975,3
331,1438,3
332,757,3
332,915,3
332,1255,3
335,1005,3
336,774,3
336,1036,3
336,1627,3
337,819,3
338,419,3
338,761,3
339,681,3
341,402,3
342,793,3
342,992,3
342,1594,3
343,1425,3
346,955,3
346,1444,3
346,1504,3
347,948,3
347,985,3
347,1417,3
348,429,3
348,1071,3
349,514,3
349,717,3
351,841,3
351,1281,3
351,1480,3
353,403,3
353,1252,3
354,886,3
354,892,3
354,1216,3
354,1277,3
355,608,3
355,931,3
355,1640,3
356,511,3
356,942,3
356,1321,3
358,1446,3
359,849,3
359,1312,3
360,915,3
361,752,3
362,940,3
363,1040,3
364,1188,3
364,1257,3
365,407,3
368,807,3
369,712,3
370,1238,3
370,1402,3
371,792,3
371,1069,3
371,1220,3
372,458,3
372,600,3
372,701,3
373,473,3
373,786,3
374,991,3
375,1032,3
377,448,3
377,608,3
377,968,3
379,424,3
379,1001,3
379,1252,3
379,1286,3
380,451,3
381,1122,3
382,1189,3
383,1309,3
384,706,3
385,1491,3
386,1045,3
386,1604,3
387,868,3
387,1487,3
388,494,3
388,1110,3
388,1181,3
389,916,3
390,785,3
390,1023,3
391,1400,3
392,1049,3
393,815,3
394,1128,3
394,1479,3
395,453,3
395,1238,3
397,900,3
397,1410,3
398,439,3
399,759,3
399,944,3
400,422,3
401,928,3
401,1563,3
403,1230,3
404,1555,3
405,1089,3
405,1247,3
408,409,3
409,846,3
410,1336,3
411,506,3
412,559,3
415,1135,3
416,735,3
416,1297,3
417,433,3
417,683,3
418,428,3
418,898,3
418,1576,3
419,1599,3
420,1326,3
421,705,3
422,552,3
422,1361,3
425,557,3
425,655,3
425,1522,3
426,558,3
426,1242,3
426,1600,3
427,686,3
428,451,3
428,956,3
428,1115,3
428,1359,3
428,1628,3
429,927,3
431,481,3
431,1259,3
435,1221,3
436,555,3
436,557,3
436,565,3
436,1179,3
437,910,3
437,1065,3
438,1054,3
438,1501,3
439,1116,3
439,1266,3
439,1619,3
440,523,3
440,809,3
441,1167,3
441,1293,3
441,1332,3
442,1310,3
443,457,3
444,856,3
444,1477,3
444,1485,3
447,1214,3
449,572,3
449,1384,3
449,1620,3
451,776,3
451,913,3
451,1242,3
452,745,3
452,943,3
453,563,3
453,1210,3
454,687,3
455,965,3
457,652,3
457,675,3
458,658,3
458,1291,3
458,1591,3
459,774,3
459,1264,3
459,1318,3
460,1209,3
460,1626,3
466,469,3
466,1077,3
466,1292,3
467,729,3
467,1276,3
467,1378,3
468,525,3
468,808,3
468,1095,3
468,1460,3
469,1157,3
470,1366,3
470,1611,3
471,1193,3
471,1508,3
472,1169,3
473,654,3
473,747,3
473,1041,3
473,1156,3
473,1350,3
474,863,3
474,977,3
474,1144,3
474,1302,3
475,821,3
476,697,3
476,761,3
477,1204,3
477,1233,3
479,672,3
480,937,3
480,1097,3
482,517,3
482,1166,3
483,984,3
484,1168,3
484,1240,3
486,974,3
486,1073,3
487,1585,3
488,594,3
488,811,3
489,1353,3
490,793,3
490,951,3
491,649,3
491,1158,3
491,1487,3
493,1208,3
495,618,3
495,857,3
496,928,3
496,1428,3
496,1527,3
496,1537,3
497,817,3
497,918,3
497,1424,3
497,1479,3
497,1547,3
501,593,3
501,790,3
502,660,3
502,887,3
503,1246,3
503,1614,3
505,514,3
505,1193,3
506,790,3
506,848,3
506,973,3
506,1137,3
506,1233,3
506,1576,3
507,798,3
508,617,3
508,1001,3
509,1117,3
509,1248,3
510,631,3
510,1447,3
510,1554,3
511,1085,3
511,1410,3
512,832,3
513,1339,3
514,654,3
514,658,3
514,1060,3
516,519,3
516,587,3
517,610,3
517,1202,3
517,1633,3
519,1100,3
520,711,3
520,1352,3
521,1307,3
522,1571,3
523,685,3
524,1479,3
525,605,3
526,650,3
526,1026,3
526,1162,3
527,659,3
527,911,3
527,1277,3
528,857,3
529,922,3
529,1263,3
530,629,3
530,963,3
531,1151,3
532,797,3
532,844,3
532,1083,3
532,1572,3
533,1143,3
534,568,3
534,1282,3
536,918,3
536,1405,3
536,1485,3
537,605,3
538,1180,3
538,1453,3
538,1598,3
539,792,3
539,1488,3
540,556,3
540,566,3
540,1327,3
540,1586,3
541,1359,3
542,1435,3
542,1582,3
544,610,3
544,1183,3
546,1046,3
547,937,3
548,760,3
549,554,3
549,1579,3
550,1096,3
550,1288,3
551,694,3
552,1145,3
553,628,3
553,702,3
554,630,3
554,1106,3
554,1478,3
554,1521,3
557,959,3
558,624,3
559,703,3
559,812,3
559,1071,3
559,1497,3
559,1558,3
561,647,3
562,1250,3
563,972,3
563,1586,3
563,1634,3
564,702,3
564,739,3
564,1130,3
564,1182,3
565,670,3
566,666,3
566,1369,3
566,1619,3
567,614,3
568,811,3
568,1139,3
569,1043,3
570,802,3
571,652,3
571,1258,3
571,1498,3
572,1427,3
573,944,3
574,639,3
574,736,3
574,1299,3
575,1374,3
576,1289,3
577,1095,3
578,1309,3
578,1433,3
579,1295,3
582,1120,3
582,1599,3
583,1191,3
584,1476,3
585,1346,3
586,949,3
587,1133,3
587,1167,3
587,1376,3
588,1298,3
589,822,3
589,1354,3
590,1603,3
591,676,3
591,1061,3
593,909,3
594,1148,3
595,1313,3
596,798,3
598,1082,3
598,1216,3
599,1566,3
599,1569,3
600,1321,3
600,1564,3
602,905,3
603,1640,3
604,1143,3
605,1057,3
605,1183,3
605,1287,3
605,1574,3
606,1356,3
608,907,3
608,1023,3
609,658,3
609,663,3
610,1017,3
611,711,3
611,926,3
611,1459,3
612,1247,3
613,1061,3
613,1350,3
613,1487,3
613,1562,3
615,1460,3
615,1478,3
615,1496,3
616,765,3
617,1589,3
619,1466,3
620,1065,3
620,1365,3
620,1392,3
620,1393,3
621,1172,3
621,1288,3
625,1227,3
628,651,3
628,941,3
629,1174,3
629,1460,3
630,640,3
630,1526,3
631,1159,3
631,1406,3
632,1619,3
633,915,3
633,1137,3
633,1426,3
634,967,3
634,1094,3
634,1258,3
635,1543,3
636,1179,3
637,1034,3
638,919,3
639,1427,3
642,977,3
644,799,3
644,1042,3
645,1070,3
649,1195,3
650,836,3
650,869,3
650,1203,3
652,923,3
655,986,3
656,1479,3
657,1075,3
657,1490,3
658,990,3
658,1165,3
658,1166,3
658,1327,3
659,1564,3
660,1573,3
661,1295,3
662,1127,3
662,1154,3
662,1361,3
665,1055,3
667,730,3
668,1360,3
669,925,3
670,681,3
670,1474,3
671,904,3
671,939,3
672,710,3
673,1151,3
673,1312,3
674,896,3
675,755,3
676,1098,3
677,899,3
679,808,3
681,718,3
681,1256,3
682,975,3
682,1015,3
682,1208,3
682,1301,3
685,820,3
685,1442,3
686,1095,3
688,1201,3
689,796,3
690,1139,3
690,1236,3
690,1510,3
690,1540,3
691,1124,3
692,741,3
693,1012,3
694,1317,3
695,1480,3
696,1138,3
699,1137,3
699,1292,3
700,827,3
700,1212,3
701,1567,3
702,738,3
704,787,3
704,1087,3
704,1144,3
704,1301,3
704,1390,3
704,1480,3
705,1584,3
706,734,3
706,1239,3
708,712,3
708,795,3
709,1295,3
710,1610,3
712,847,3
712,1291,3
713,1580,3
714,788,3
715,1094,3
716,1019,3
716,1347,3
716,1614,3
717,975,3
718,1013,3
718,1275,3
719,735,3
719,1118,3
719,1357,3
720,1083,3
721,1185,3
722,1302,3
723,1024,3
723,1531,3
724,1359,3
724,1578,3
725,780,3
725,878,3
725,908,3
725,1020,3
725,1267,3
725,1418,3
726,896,3
727,870,3
727,1163,3
727,1167,3
727,1262,3
728,854,3
728,947,3
730,1065,3
731,1141,3
732,1245,3
733,788,3
737,1422,3
738,1255,3
738,1463,3
738,1589,3
739,1248,3
739,1483,3
741,935,3
742,787,3
743,1232,3
744,1288,3
745,808,3
745,976,3
748,875,3
749,1633,3
750,1419,3
751,905,3
751,1287,3
751,1292,3
751,1311,3
751,1525,3
754,1361,3
754,1407,3
755,939,3
756,1081,3
757,1009,3
757,1616,3
759,810,3
761,1066,3
763,889,3
763,1182,3
765,1119,3
766,794,3
769,872,3
770,798,3
772,976,3
772,1119,3
773,893,3
773,1011,3
773,1362,3
773,1470,3
774,1001,3
774,1092,3
776,1428,3
778,1354,3
781,1355,3
782,871,3
784,863,3
784,1586,3
785,1021,3
787,833,3
787,1334,3
787,1524,3
788,1043,3
788,1177,3
790,894,3
790,1100,3
790,1434,3
791,1397,3
792,1372,3
793,794,3
793,992,3
795,1033,3
798,859,3
798,1073,3
799,978,3
800,843,3
801,1233,3
802,1617,3
805,1468,3
805,1545,3
806,1037,3
807,1631,3
808,944,3
808,1334,3
811,1019,3
811,1091,3
811,1538,3
813,1024,3
814,1306,3
815,1237,3
817,1351,3
818,1276,3
819,1117,3
819,1472,3
819,1566,3
820,1209,3
823,1204,3
824,1409,3
826,1458,3
827,1514,3
828,1525,3
829,1445,3
829,1618,3
831,1537,3
832,967,3
832,1517,3
833,1149,3
839,1559,3
840,1356,3
840,1623,3
842,1362,3
842,1566,3
843,1406,3
843,1569,3
844,1236,3
845,1272,3
846,1519,3
847,1255,3
847,1412,3
848,1171,3
849,1089,3
849,1118,3
850,1371,3
850,1621,3
851,1023,3
852,876,3
852,1183,3
852,1396,3
854,1120,3
855,1206,3
856,1239,3
856,1597,3
857,1148,3
858,1013,3
858,1124,3
858,1144,3
860,1511,3
861,1090,3
863,940,3
863,1441,3
864,926,3
864,1565,3
864,1597,3
865,1628,3
867,945,3
869,1109,3
869,1300,3
870,1547,3
871,1051,3
873,1296,3
874,1075,3
874,1586,3
875,950,3
876,1301,3
876,1496,3
877,1544,3
878,1604,3
879,926,3
880,1123,3
880,1541,3
880,1564,3
881,930,3
884,1435,3
885,1050,3
886,1434,3
887,1382,3
888,1239,3
889,1005,3
889,1519,3
890,1001,3
892,1092,3
892,1524,3
893,1436,3
894,1281,3
896,1342,3
897,992,3
897,1512,3
900,1162,3
901,948,3
903,1437,3
904,1205,3
905,1352,3
907,1055,3
908,970,3
908,1337,3
908,1534,3
908,1580,3
910,1269,3
913,1022,3
915,966,3
916,929,3
918,1146,3
919,1126,3
919,1256,3
920,937,3
920,1374,3
923,926,3
924,1340,3
924,1465,3
926,1064,3
926,1115,3
929,1105,3
931,1318,3
934,1267,3
935,1024,3
935,1291,3
935,1636,3
936,1404,3
937,1057,3
938,1206,3
938,1329,3
939,976,3
939,1601,3
940,1132,3
940,1266,3
943,1587,3
944,1079,3
947,1187,3
949,1322,3
954,1063,3
954,1338,3
954,1630,3
955,1462,3
957,1471,3
958,1390,3
959,1110,3
959,1209,3
960,966,3
960,1616,3
961,1538,3
961,1578,3
963,991,3
963,1075,3
964,1494,3
965,1386,3
966,1587,3
968,1297,3
968,1553,3
969,1052,3
970,1319,3
972,1269,3
972,1440,3
973,1036,3
974,1134,3
974,1571,3
975,1176,3
976,1379,3
976,1571,3
977,1529,3
981,996,3
983,1136,3
983,1348,3
984,1475,3
985,1062,3
986,1396,3
988,1242,3
991,1254,3
991,1452,3
992,1293,3
992,1578,3
994,1314,3
995,1569,3
996,1149,3
996,1541,3
997,1633,3
999,1032,3
1000,1242,3
1000,1505,3
1003,1518,3
1004,1125,3
1004,1405,3
1005,1508,3
1006,1184,3
1006,1522,3
1008,1463,3
1008,1473,3
1008,1542,3
1009,1443,3
1011,1113,3
1013,1583,3
1017,1617,3
1018,1033,3
1018,1124,3
1027,1574,3
1034,1475,3
1038,1098,3
1042,1408,3
1042,1612,3
1044,1495,3
1048,1240,3
1050,1600,3
1051,1562,3
1052,1175,3
1054,1208,3
1055,1361,3
1055,1580,3
1057,1230,3
1058,1520,3
1065,1294,3
1067,1536,3
1070,1092,3
1070,1199,3
1070,1360,3
1070,1463,3
1071,1539,3
1072,1254,3
1072,1569,3
1074,1181,3
1074,1487,3
1075,1152,3
1075,1546,3
1077,1596,3
1078,1203,3
1080,1215,3
1080,1335,3
1085,1434,3
1085,1559,3
1086,1449,3
1089,1256,3
1090,1613,3
1091,1139,3
1092,1250,3
1093,1590,3
1097,1135,3
1097,1355,3
1099,1292,3
1102,1510,3
1106,1247,3
1106,1294,3
1106,1498,3
1107,1611,3
1108,1468,3
1108,1603,3
1109,1142,3
1111,1294,3
1111,1608,3
1114,1377,3
1116,1177,3
1122,1140,3
1122,1290,3
1122,1502,3
1124,1256,3
1125,1250,3
1128,1377,3
1129,1632,3
1131,1573,3
1132,1329,3
1133,1261,3
1134,1563,3
1135,1291,3
1137,1437,3
1145,1202,3
1149,1282,3
1151,1349,3
1151,1426,3
1154,1476,3
1155,1302,3
1158,1337,3
1159,1627,3
1161,1217,3
1162,1451,3
1166,1553,3
1166,1589,3
1167,1230,3
1174,1341,3
1175,1360,3
1176,1393,3
1179,1352,3
1180,1376,3
1183,1348,3
1184,1460,3
1186,1514,3
1189,1586,3
1190,1629,3
1193,1301,3
1193,1424,3
1195,1300,3
1195,1349,3
1196,1468,3
1197,1432,3
1199,1492,3
1204,1294,3
1205,1551,3
1206,1488,3
1207,1441,3
1208,1451,3
1213,1363,3
1214,1386,3
1216,1480,3
1216,1509,3
1218,1459,3
1220,1221,3
1220,1464,3
1221,1420,3
1221,1480,3
1221,1513,3
1222,1462,3
1223,1535,3
1224,1533,3
1227,1363,3
1227,1578,3
1229,1445,3
1229,1607,3
1232,1311,3
1233,1514,3
1234,1242,3
1234,1583,3
1238,1451,3
1238,1592,3
1247,1274,3
1248,1265,3
1248,1483,3
1248,1635,3
1251,1622,3
1254,1552,3
1255,1503,3
1256,1393,3
1256,1418,3
1259,1472,3
1260,1577,3
1262,1265,3
1262,1389,3
1265,1300,3
1265,1364,3
1265,1386,3
1271,1349,3
1272,1487,3
1276,1381,3
1284,1532,3
1292,1384,3
1292,1447,3
1293,1476,3
1294,1314,3
1295,1512,3
1300,1634,3
1310,1352,3
1310,1378,3
1313,1335,3
1313,1479,3
1318,1598,3
1323,1517,3
1323,1628,3
1327,1349,3
1328,1474,3
1330,1522,3
1331,1526,3
1332,1418,3
1333,1631,3
1338,1369,3
1347,1632,3
1353,1362,3
1358,1611,3
1360,1456,3
1362,1505,3
1363,1591,3
1364,1618,3
1365,1619,3
1366,1417,3
1368,1496,3
1368,1629,3
1369,1619,3
1370,1550,3
1371,1377,3
1372,1433,3
1375,1635,3
1377,1537,3
1382,1573,3
1394,1566,3
1396,1634,3
1397,1404,3
1405,1443,3
1415,1607,3
1415,1627,3
1420,1616,3
1422,1594,3
1423,1605,3
1424,1569,3
1425,1522,3
1432,1540,3
1437,1622,3
1442,1516,3
1442,1561,3
1445,1569,3
1450,1579,3
1452,1459,3
1453,1544,3
1461,1478,3
1472,1487,3
1473,1502,3
1491,1574,3
1494,1555,3
1513,1586,3
1514,1604,3
1516,1539,3
1523,1555,3
1544,1615,3
1545,1549,3
1549,1561,3
1553,1582,3
1553,1589,3
1577,1606,3
1597,1603,3
1621,1632,3
