1,1124,0
2,64,1
2,654,1
2,720,1
2,781,1
2,833,1
2,1026,1
1587,2,0
2,1729,0
2,1950,1
2,2055,1
2,2095,1
2222,2,0
2,2244,1
2,2291,1
2310,2,0
2,2317,1
2,2319,1
2,2320,1
2,2376,1
2,2384,1
2,2393,1
2,2401,1
2409,2,0
2,2428,1
3,2289,0
4,2223,0
4,2224,0
4,2448,0
6,772,0
6,966,0
7,48,0
7,2053,0
8,605,0
10,366,0
10,826,0
10,1439,0
10,1472,0
11,2456,0
2425,12,0
13,29,1
13,203,1
221,13,0
250,13,0
13,251,1
305,13,0
13,339,1
13,341,1
386,13,0
408,13,0
13,426,1
13,448,1
13,452,1
13,459,1
13,563,1
13,599,1
13,628,1
13,634,1
13,654,1
13,656,1
661,13,0
13,664,1
13,690,1
13,706,1
800,13,0
13,819,1
13,857,1
13,935,1
13,939,1
951,13,0
13,1048,1
13,1072,1
13,1143,1
1265,13,0
1307,13,0
13,1318,1
13,1322,1
13,1425,1
13,1458,1
13,1488,1
13,1489,1
13,1510,1
1529,13,0
13,1530,1
1576,13,0
13,1602,1
13,1612,1
13,1712,1
13,1836,1
1879,13,0
13,1921,1
13,1925,1
13,1938,1
13,1964,1
13,1993,1
2183,13,0
2203,13,0
13,2342,1
13,2425,1
13,2462,1
14,1011,0
14,1550,0
17,655,0
17,1248,0
18,747,0
19,325,0
19,357,0
20,2308,0
21,616,0
21,656,0
24,482,0
24,511,0
24,782,0
24,1088,0
24,1418,0
24,1646,0
25,212,0
25,511,0
25,584,0
25,1666,0
25,2217,0
26,667,0
27,291,0
27,321,0
27,2396,0
28,523,0
28,772,0
29,73,0
29,417,0
29,1855,0
554,30,0
30,571,1
30,640,1
30,813,1
881,30,0
30,1246,1
30,1277,1
30,1478,0
30,1585,0
1696,30,0
30,1996,1
30,2426,1
31,63,1
31,215,1
31,326,1
470,31,0
31,635,1
638,31,0
31,687,1
31,819,0
31,833,1
31,873,0
31,1215,1
1298,31,0
31,1820,1
32,1100,0
32,1968,0
32,2118,0
33,1534,0
34,414,1
512,34,0
34,653,1
34,1542,0
1994,34,0
36,477,0
583,36,0
629,36,0
36,2074,0
2076,36,0
37,1945,0
38,2046,0
38,2200,0
939,39,0
39,1103,1
39,1293,0
40,1715,0
40,1803,0
40,2130,0
41,1364,0
41,1960,0
42,234,1
42,1361,1
42,1486,0
42,1646,0
42,2447,1
43,628,0
43,1368,0
43,1569,0
43,1898,0
43,2044,0
44,91,0
44,846,0
44,1581,0
44,1587,0
45,1673,0
46,539,0
47,59,1
47,105,1
124,47,0
142,47,0
47,168,1
313,47,0
47,340,1
47,359,1
47,394,1
47,620,1
47,654,1
690,47,0
47,781,1
47,814,1
47,899,1
47,939,1
1145,47,0
47,1150,1
1182,47,0
47,1185,1
47,1239,1
47,1404,1
1450,47,0
47,1459,1
1585,47,0
1664,47,0
1682,47,0
1831,47,0
1881,47,0
47,1992,1
2014,47,0
47,2145,1
47,2183,0
47,2245,1
47,2276,1
2358,47,0
48,497,0
48,2375,0
49,408,0
49,884,0
50,16,1
50,46,1
75,50,0
50,101,0
50,209,1
50,212,1
50,619,1
50,815,1
50,874,0
50,950,1
1081,50,0
50,1381,1
50,1525,1
50,1674,1
50,1695,0
1793,50,0
1863,50,0
1905,50,0
50,2166,1
50,2315,0
52,1823,0
635,53,0
53,1139,0
54,1038,0
54,1196,1
54,2228,0
56,1902,0
57,83,0
57,147,0
57,233,0
57,273,1
57,1946,0
60,88,1
60,195,1
60,215,1
60,269,1
60,304,1
60,326,1
60,367,0
60,433,1
519,60,0
60,563,1
60,620,1
60,656,1
60,709,1
60,1591,1
1771,60,0
60,1817,0
61,338,0
61,666,0
62,1127,0
62,1258,0
63,81,1
63,99,1
152,63,0
63,412,1
63,413,0
63,429,1
585,63,0
63,621,1
63,659,1
891,63,0
63,1514,1
63,1683,1
63,2331,1
64,418,0
64,1293,0
64,1863,0
64,2257,0
66,398,0
67,899,0
8,68,0
68,77,0
146,68,0
68,236,1
68,392,1
68,429,1
452,68,0
68,560,1
68,663,1
725,68,0
939,68,0
68,1167,1
1215,68,0
68,1326,1
1375,68,0
68,1483,1
68,1505,1
1568,68,0
68,1620,1
68,1628,1
1688,68,0
1741,68,0
68,1803,1
68,1859,0
68,1990,1
68,2087,1
68,2093,1
68,2240,1
2357,68,0
68,2375,0
69,119,0
71,2009,0
71,2120,0
72,1109,0
1280,72,0
75,1522,0
76,160,1
76,586,1
76,864,1
76,1882,1
77,1023,0
77,1684,0
78,204,1
78,635,1
78,1128,1
78,1176,1
78,1582,1
1717,78,0
78,1940,1
79,1016,0
80,1515,0
80,1629,0
80,1683,0
80,1862,0
81,361,0
81,418,0
81,602,0
81,708,0
81,1663,0
81,1910,0
81,2002,0
82,1215,0
82,1862,0
1991,82,0
83,1210,0
83,1299,0
84,1089,0
84,1465,0
84,1792,1
85,303,0
85,1108,0
85,2242,1
85,2244,0
86,563,1
86,1911,0
87,1228,0
88,475,0
88,1081,0
329,89,0
89,985,1
89,1388,1
89,1425,1
89,1663,0
89,2144,1
90,130,0
91,677,0
92,1388,0
92,1938,0
93,1019,0
93,1512,0
94,782,0
96,252,0
96,518,0
96,874,0
96,1930,0
96,2389,0
98,430,0
98,1357,0
99,895,0
100,2183,0
100,2279,0
101,208,0
102,1336,0
102,1835,0
103,146,0
2240,103,0
104,1763,0
105,340,0
105,406,0
106,830,0
107,461,0
107,2386,0
108,8,1
108,105,1
108,181,1
340,108,0
108,481,1
108,619,1
108,877,1
108,1234,1
1311,108,0
1406,108,0
108,1427,1
108,1616,0
108,1622,1
1697,108,0
108,1933,1
1955,108,0
108,2299,0
109,509,0
109,909,0
109,1247,0
109,2232,0
110,240,0
111,725,1
111,820,0
1274,111,0
111,1863,0
112,1534,0
112,1843,0
113,766,0
113,1311,0
113,1735,0
114,1119,0
115,1063,0
115,1756,0
115,1792,0
115,2384,0
116,47,1
625,116,0
1147,116,0
116,1176,0
1344,116,0
2115,116,0
118,29,1
118,336,0
529,118,0
118,646,1
118,700,1
732,118,0
118,780,1
118,959,1
118,1196,1
118,1468,1
1573,118,0
118,1824,1
118,1828,1
118,1830,1
1847,118,0
2198,118,0
118,2385,1
118,2412,1
119,345,0
119,1249,0
120,147,0
120,2149,1
121,399,1
121,1279,0
121,1939,1
122,180,0
122,331,0
123,1396,0
123,1462,0
123,1927,0
123,2120,0
124,493,0
124,1601,0
1614,124,0
124,2030,0
126,181,0
127,387,0
127,989,0
127,2121,0
128,1262,0
128,1608,0
130,930,0
130,1171,1
130,1647,0
1983,130,0
130,2058,1
131,926,0
131,1680,0
131,1989,0
132,378,0
132,471,0
132,933,1
132,2213,1
133,512,0
133,907,0
135,1691,1
135,1926,1
136,473,0
136,978,0
102,137,0
137,408,1
137,427,1
137,432,1
137,624,1
137,628,1
137,634,1
137,635,1
690,137,0
137,737,1
864,137,0
900,137,0
137,935,1
137,939,1
137,963,1
137,973,0
1094,137,0
1307,137,0
1351,137,0
137,1383,1
137,1415,1
137,1416,1
137,1441,1
137,1466,1
137,1488,1
1601,137,0
1724,137,0
137,1732,0
137,1783,1
1836,137,0
1868,137,0
137,1912,1
1921,137,0
137,1965,1
2015,137,0
137,2035,1
2053,137,0
137,2183,1
137,2293,1
2342,137,0
137,2426,1
138,254,0
138,963,0
138,1601,0
138,2119,0
138,2468,0
139,1914,0
140,181,1
340,140,0
140,777,1
939,140,0
140,1047,1
1062,140,0
140,1285,1
140,1440,0
1761,140,0
140,2154,0
142,1968,0
143,283,0
143,1734,0
144,1963,0
144,2240,0
145,869,0
146,441,0
146,1090,0
147,898,0
1170,147,0
147,2361,0
148,1103,0
149,33,1
149,79,1
149,399,1
690,149,0
149,939,1
149,2292,0
150,997,1
150,2183,0
150,2254,0
151,64,1
2055,151,0
151,2222,1
151,2244,1
151,2291,1
151,2317,1
151,2319,1
151,2320,1
2376,151,0
151,2393,1
151,2401,1
151,2412,0
152,454,0
152,856,0
152,935,0
153,153,1
153,659,1
695,153,0
153,1132,1
1200,153,0
153,1410,0
153,1677,0
153,1933,1
153,2436,1
154,605,0
154,939,1
154,947,0
1607,154,0
154,1729,0
154,1814,0
154,1974,0
155,761,0
155,1193,0
156,463,0
700,156,0
157,1100,0
157,2233,0
157,2278,0
158,1742,0
159,509,1
159,964,0
159,1648,0
160,951,0
161,1325,0
161,1678,0
162,706,1
162,1838,1
162,2447,0
163,704,0
163,803,0
163,1766,0
164,66,1
164,80,1
164,99,1
123,164,0
164,158,1
164,293,1
164,397,1
435,164,0
164,480,0
680,164,0
164,769,1
802,164,0
164,811,0
164,891,1
164,929,1
1126,164,0
164,1142,1
164,1183,1
1234,164,0
164,1247,0
164,1316,1
1391,164,0
164,1404,1
1945,164,0
164,2019,1
164,2091,1
165,263,0
165,534,0
165,669,0
165,1942,0
166,64,1
654,166,0
166,833,1
166,1026,1
2055,166,0
166,2222,1
166,2244,1
166,2291,1
2310,166,0
166,2317,1
2319,166,0
166,2376,1
2384,166,0
166,2393,1
166,2401,1
167,612,0
167,2425,0
168,1300,0
169,294,0
169,320,1
377,169,0
169,413,1
169,449,1
457,169,0
603,169,0
169,707,1
718,169,0
169,779,1
169,840,1
169,850,1
908,169,0
169,959,1
1024,169,0
1114,169,0
169,1209,1
169,1297,1
169,1463,1
169,1580,1
169,1612,1
1636,169,0
169,1646,1
169,1723,1
169,1845,1
169,1857,1
169,1874,1
169,2059,1
169,2172,1
169,2381,1
293,170,0
170,1737,0
170,1921,1
172,380,0
172,1159,1
173,29,1
91,173,0
173,434,1
173,635,1
173,939,1
173,1315,1
173,1354,1
173,1630,0
1700,173,0
173,2213,1
2338,173,0
173,2371,1
174,313,0
174,1126,0
175,47,1
175,789,0
175,2349,0
176,588,0
176,1722,0
176,2374,0
178,150,1
181,178,0
213,178,0
178,273,1
690,178,0
777,178,0
827,178,0
178,943,1
178,1205,1
178,1427,1
178,1566,1
178,1626,1
2029,178,0
178,2035,1
178,2128,1
178,2362,1
179,1250,0
180,1396,0
181,564,1
181,671,1
181,925,0
181,997,1
181,1391,0
181,1619,0
181,1620,0
181,1759,1
1761,181,0
181,1795,1
2035,181,0
2086,181,0
181,2364,0
182,1245,0
182,2172,0
183,430,1
183,1461,0
184,192,1
269,184,0
184,593,0
939,184,0
184,2127,0
185,199,1
185,725,1
943,185,0
185,1149,0
185,1414,1
185,1568,1
185,1691,1
185,1702,0
1773,185,0
185,1810,1
1933,185,0
185,2035,1
185,2145,1
186,466,1
186,467,1
186,468,1
186,600,0
186,619,1
186,646,1
186,987,0
186,1196,1
1205,186,0
186,1412,0
186,1824,1
187,1947,0
187,1988,0
187,2155,0
188,215,0
188,291,0
188,673,1
188,674,1
982,188,0
188,994,1
188,1121,1
188,1258,1
188,2186,1
189,194,0
189,721,0
189,883,0
189,1010,0
190,1358,0
190,1955,0
191,1174,0
191,1939,0
192,1303,0
192,2395,0
193,797,0
193,1166,0
193,1792,0
194,428,0
194,1972,0
194,2343,0
195,1277,0
195,1918,0
197,375,0
197,386,0
198,99,1
198,194,1
198,304,1
198,519,1
198,546,1
198,797,1
198,845,1
911,198,0
198,939,1
198,1979,1
198,1988,0
198,2098,1
198,2331,1
200,479,1
200,975,0
200,2214,0
200,2301,0
201,218,0
300,202,0
202,605,1
1086,202,0
1239,202,0
202,1415,1
202,1441,1
1503,202,0
202,2075,1
202,2190,0
202,2224,1
202,2308,1
202,2309,1
2324,202,0
203,871,0
204,80,1
204,234,1
204,364,1
553,204,0
204,636,1
204,921,1
204,935,1
204,1040,1
204,1071,1
204,1081,1
204,1277,1
204,1387,1
204,1573,0
204,1707,0
204,1837,1
204,1852,1
204,1913,1
204,2161,1
204,2470,1
205,213,1
205,214,1
205,242,1
268,205,0
205,274,1
342,205,0
361,205,0
205,584,1
205,660,1
205,673,1
706,205,0
205,707,1
205,783,1
878,205,0
205,994,1
1147,205,0
1176,205,0
205,1205,1
1229,205,0
205,1258,1
205,1259,1
205,1537,0
205,1567,1
205,1585,1
205,1661,1
1664,205,0
205,1695,1
205,1838,1
205,1847,1
205,1941,1
205,2057,1
206,1813,0
207,2252,0
208,1670,0
208,2042,0
210,409,0
211,304,1
211,308,0
758,211,0
211,939,1
1208,211,0
211,1493,0
211,2240,1
211,2461,0
212,496,0
212,1341,0
212,1725,0
214,274,1
214,361,1
584,214,0
214,660,1
214,1239,0
214,1299,1
1838,214,0
2104,214,0
214,2174,1
6,215,0
215,80,1
99,215,0
215,141,1
215,215,1
215,225,1
294,215,0
215,419,1
473,215,0
555,215,0
215,569,1
596,215,0
215,652,1
215,677,1
724,215,0
215,752,1
215,789,1
215,804,1
215,877,1
215,947,1
215,953,1
215,969,1
215,999,0
215,1136,1
215,1155,1
215,1188,1
1366,215,0
215,1502,1
215,1512,1
215,1518,1
215,1563,1
1685,215,0
1855,215,0
215,1921,1
215,2109,1
215,2140,1
2159,215,0
215,2197,1
215,2344,1
215,2368,1
95,216,0
190,216,0
216,725,1
216,761,0
216,928,0
1181,216,0
1377,216,0
216,1479,0
216,1543,0
1672,216,0
1702,216,0
216,1969,1
216,2037,0
216,2052,1
2202,216,0
2215,216,0
216,2277,1
216,2316,0
217,63,1
217,215,1
217,326,1
217,635,1
217,638,1
687,217,0
833,217,0
1215,217,0
217,2081,1
218,572,0
218,1131,1
218,1404,1
219,1502,0
220,2161,0
221,944,0
1215,221,0
221,1519,0
222,1682,0
223,1905,0
223,1924,0
224,289,0
224,1375,0
224,1777,0
225,1447,0
226,489,0
226,2155,0
11,227,0
29,227,0
227,290,0
452,227,0
457,227,0
227,718,1
227,823,1
227,1066,1
227,1182,1
1352,227,0
227,1925,1
227,1999,1
227,2115,1
227,2239,1
227,2435,1
229,1311,1
230,489,0
230,958,0
232,378,0
234,1702,0
234,2375,0
235,287,0
235,823,0
237,1087,0
237,1976,0
237,2126,0
238,1294,0
238,1695,0
239,239,1
239,1448,0
239,1633,0
239,1895,0
240,1568,1
240,2260,0
17,241,0
29,241,0
241,74,1
241,79,1
241,81,1
127,241,0
241,213,1
241,235,1
241,277,1
328,241,0
399,241,0
413,241,0
422,241,0
241,439,1
241,455,1
508,241,0
241,610,0
241,625,1
241,635,1
241,675,0
785,241,0
822,241,0
241,833,1
993,241,0
1066,241,0
241,1068,1
1147,241,0
241,1148,1
241,1196,1
241,1216,1
241,1250,1
1635,241,0
1684,241,0
241,1695,1
241,1801,1
1913,241,0
241,1921,1
1947,241,0
241,1978,1
241,1990,1
241,2080,1
241,2207,0
241,2209,1
241,2238,0
241,2256,1
241,2380,1
242,1185,0
242,1829,0
242,1965,0
243,1837,0
245,310,0
245,1442,0
245,1776,0
245,2261,0
246,289,0
246,294,0
246,1685,0
247,728,0
1142,247,0
247,1580,0
1834,247,0
247,1959,1
2144,247,0
249,1041,0
249,1769,0
250,238,1
250,758,1
250,810,0
1142,250,0
250,1634,0
250,1955,1
252,304,1
252,309,0
939,252,0
1182,252,0
252,1238,0
253,519,1
253,605,0
253,701,0
253,939,1
253,1067,0
253,1315,1
1691,253,0
254,970,0
254,1516,0
254,1972,1
255,1055,0
255,1145,0
256,984,0
256,1159,1
256,1954,0
257,408,0
257,938,0
258,1277,0
258,2051,0
259,1425,0
260,439,0
260,1756,0
261,596,0
261,1586,0
261,1650,0
1772,261,0
261,1926,0
262,1404,0
262,2154,0
262,2191,0
263,1327,1
264,216,1
264,742,0
264,1435,1
264,2125,0
264,2321,1
265,536,0
265,612,0
265,2078,0
47,266,0
266,370,0
266,604,0
1215,266,0
266,1389,1
266,2284,1
267,1282,0
267,1435,0
268,1671,0
268,1757,0
268,2111,0
269,1251,0
270,1011,0
270,2204,0
63,271,0
271,326,1
271,444,0
470,271,0
271,635,1
669,271,0
271,687,1
1230,271,0
271,1303,0
271,1820,1
271,1999,1
271,2081,1
271,2183,1
272,519,0
272,630,0
272,757,0
273,306,0
918,273,0
273,1759,1
273,2299,0
273,2342,1
274,753,1
754,274,0
274,1961,0
275,116,1
200,275,0
275,213,1
855,275,0
864,275,0
275,1205,1
275,1239,1
275,1789,1
275,1828,0
275,1921,1
275,1955,1
276,1123,0
277,1138,0
277,1870,0
278,305,0
278,1537,0
278,1711,0
278,2074,1
279,1004,0
280,250,1
280,1923,0
280,2138,0
281,359,0
281,1141,0
281,2209,0
282,1702,0
282,1978,0
282,2235,0
283,1189,0
284,22,1
284,222,1
284,289,1
284,365,1
423,284,0
284,497,1
284,670,1
284,743,1
284,1011,0
1082,284,0
1271,284,0
284,1399,1
1570,284,0
284,1689,1
284,2015,1
2017,284,0
284,2064,1
284,2079,1
284,2117,1
284,2392,1
284,2434,1
285,1829,0
286,730,0
286,2046,0
21,288,0
288,275,1
288,347,1
288,595,1
597,288,0
288,604,1
288,635,1
288,648,1
288,939,1
979,288,0
288,1009,1
288,1048,1
288,1073,1
288,1074,1
288,1077,1
288,1215,1
288,1419,1
288,1585,1
1641,288,0
1794,288,0
288,1902,1
1903,288,0
288,1904,1
288,1906,1
288,1908,1
1909,288,0
288,1921,1
1975,288,0
288,2170,1
2171,288,0
288,2176,1
288,2178,1
288,2185,1
288,2248,1
2252,288,0
288,2275,0
288,2336,1
2337,288,0
289,1116,0
291,1145,0
291,2205,1
2346,291,0
294,631,0
294,1298,0
295,1551,0
296,771,0
296,1213,0
296,1374,0
296,2426,0
297,1845,0
216,298,0
298,1435,1
298,1691,1
298,2321,1
299,526,0
299,1589,0
301,851,0
302,335,0
302,496,0
302,1719,0
303,642,0
303,1945,0
304,2421,0
306,848,0
307,702,0
307,2044,0
307,2089,0
700,308,0
308,1824,1
308,2364,0
309,1610,0
340,310,0
310,538,0
310,617,1
310,939,1
310,1345,1
1349,310,0
310,1977,0
310,2308,0
310,2386,1
312,1662,0
314,2117,0
316,783,0
318,2352,0
320,693,0
1427,321,0
321,1573,0
321,1779,0
1993,321,0
2444,321,0
322,2166,0
322,2299,0
323,724,0
324,400,0
324,1182,1
324,1555,0
324,1751,0
1992,324,0
324,2279,0
325,356,0
325,1457,0
326,501,0
326,577,0
327,2200,0
329,584,0
329,2049,0
939,330,0
330,1014,0
330,1391,0
330,1528,1
1742,330,0
331,1078,0
331,2408,0
332,1275,0
332,1286,0
333,1794,0
333,2442,0
334,1525,0
335,1044,0
335,1207,0
335,1357,0
335,2012,0
336,1127,0
336,1736,0
336,1951,0
339,1010,0
340,21,1
340,197,1
340,260,1
340,347,1
340,402,0
484,340,0
505,340,0
340,561,1
340,563,1
340,564,1
595,340,0
340,604,1
635,340,0
340,648,1
690,340,0
340,730,1
340,740,1
340,814,1
340,979,1
340,996,1
340,1005,1
340,1009,1
1065,340,0
340,1073,1
1074,340,0
340,1077,1
1215,340,0
340,1293,1
340,1311,1
340,1389,1
340,1395,1
1416,340,0
340,1419,1
340,1436,1
1575,340,0
340,1585,1
340,1691,1
340,1720,0
340,1743,1
340,1768,1
1794,340,0
1802,340,0
340,1834,1
340,1891,1
340,1899,1
340,1903,1
340,1906,1
2035,340,0
340,2074,1
2102,340,0
2170,340,0
340,2178,1
2185,340,0
2190,340,0
340,2226,1
2239,340,0
340,2252,1
2258,340,0
340,2337,1
2419,340,0
340,2454,1
342,1243,0
342,2345,0
343,169,1
449,343,0
343,582,0
343,814,0
343,1215,1
343,1433,0
343,1710,0
343,2172,1
344,2010,0
345,1124,0
345,2073,0
346,1285,0
346,1981,0
347,1075,0
349,361,0
349,1561,0
349,1774,0
350,482,0
350,1666,0
351,766,0
351,1537,0
351,1741,0
352,688,1
807,352,0
353,545,0
354,594,0
355,1158,0
355,2359,0
355,2399,0
356,1323,0
535,357,0
357,624,0
357,625,1
357,809,1
855,357,0
357,875,1
357,912,0
357,1212,0
1389,357,0
357,1577,1
357,1589,1
357,1868,1
357,2085,0
357,2137,1
2302,357,0
357,2458,1
358,783,0
358,852,0
358,1545,0
358,1722,0
358,1814,0
358,2337,0
359,0,1
359,8,1
30,359,0
359,293,1
328,359,0
359,399,1
359,483,1
359,826,1
847,359,0
925,359,0
359,939,1
359,1017,1
359,1163,1
1184,359,0
359,1311,1
1351,359,0
1451,359,0
359,1517,1
359,1519,1
1548,359,0
359,1562,1
359,1705,1
359,1729,1
359,1802,1
1868,359,0
359,2051,1
359,2074,1
359,2134,1
2233,359,0
359,2360,1
361,753,1
361,754,1
362,304,1
718,362,0
362,826,1
362,939,1
362,1219,1
362,1311,1
362,1341,0
362,1921,1
362,2035,1
2119,362,0
362,2345,0
364,857,0
364,2152,0
365,805,0
366,307,1
366,383,0
601,366,0
366,1328,1
366,1691,1
368,788,0
368,2168,0
369,1058,0
370,1415,0
370,2269,0
371,975,0
371,1194,0
372,81,1
372,1675,0
372,2255,0
372,2456,0
373,1563,0
373,1996,0
374,1548,0
375,857,0
376,1893,0
377,29,1
377,45,1
377,273,1
307,377,0
377,323,1
412,377,0
377,427,1
377,429,1
529,377,0
377,635,1
690,377,0
377,700,1
377,732,1
780,377,0
377,870,1
907,377,0
377,939,1
959,377,0
377,989,1
377,1196,1
377,1468,1
1573,377,0
377,1724,1
377,1824,1
377,1828,1
377,1868,1
377,1921,1
377,2198,1
2385,377,0
2412,377,0
378,1997,0
378,2206,0
379,1453,0
379,1616,0
379,1668,1
381,701,0
381,1739,1
381,1850,1
2183,381,0
2316,381,0
381,2440,1
384,105,1
384,322,1
340,384,0
384,463,0
384,878,1
384,937,0
384,1208,0
384,1447,0
384,1785,0
385,825,0
387,936,0
387,1620,0
387,2383,0
387,2445,0
388,1420,0
388,1524,0
388,1999,0
388,2137,0
389,626,0
389,1065,0
389,1730,0
389,1920,0
390,99,1
512,390,0
390,680,0
392,2469,0
393,729,0
393,1731,0
393,1971,0
394,29,1
394,50,1
394,122,1
394,134,1
394,213,1
394,221,1
251,394,0
394,253,1
394,299,1
339,394,0
341,394,0
394,386,1
394,408,1
394,412,1
394,512,1
394,563,1
577,394,0
394,599,1
394,628,1
634,394,0
394,654,1
394,656,1
661,394,0
664,394,0
690,394,0
394,700,1
394,800,1
394,857,1
394,1048,1
394,1058,1
394,1064,1
394,1072,1
1088,394,0
394,1143,1
1265,394,0
394,1318,1
394,1322,1
394,1405,1
394,1425,1
394,1458,1
1488,394,0
394,1489,1
394,1510,1
394,1529,1
394,1530,1
394,1576,1
394,1602,1
394,1626,1
1712,394,0
394,1723,1
394,1756,1
394,1836,1
394,1879,1
394,1921,1
394,1925,1
394,1938,1
394,1993,1
394,2044,1
394,2128,1
394,2176,1
2183,394,0
2203,394,0
395,2447,1
396,635,1
687,396,0
833,396,0
396,910,0
396,1192,1
396,1297,0
1678,396,0
396,1745,1
396,1829,1
396,1913,1
396,2193,1
2287,396,0
397,2466,0
398,901,0
398,1794,0
29,399,0
399,55,1
399,92,1
399,99,1
399,171,1
399,174,1
399,268,1
399,293,1
399,304,1
399,307,1
399,339,1
346,399,0
386,399,0
391,399,0
399,399,1
399,406,1
399,426,1
399,448,1
399,452,1
399,459,1
399,496,1
520,399,0
399,554,1
399,563,1
399,577,1
399,635,1
654,399,0
656,399,0
399,661,1
399,664,1
399,692,1
399,696,1
399,792,1
399,800,1
399,843,1
399,844,1
399,857,1
399,891,1
902,399,0
399,903,1
399,981,1
399,1043,1
1048,399,0
1055,399,0
1101,399,0
399,1143,1
399,1169,1
399,1193,1
1259,399,0
399,1265,1
399,1318,1
1382,399,0
399,1433,1
399,1458,1
399,1466,1
1489,399,0
399,1493,1
1510,399,0
399,1530,1
399,1557,1
399,1576,1
1577,399,0
1591,399,0
1602,399,0
399,1641,1
399,1661,1
1706,399,0
399,1712,1
1724,399,0
399,1834,1
399,1901,1
1921,399,0
399,1928,1
399,1965,1
1984,399,0
399,1993,1
2011,399,0
399,2083,1
2140,399,0
2329,399,0
399,2379,1
399,2400,1
400,2421,0
401,580,0
402,1733,0
403,1215,1
403,1476,0
403,2180,0
404,1939,0
405,3,1
405,13,1
405,58,1
405,80,1
405,105,1
405,253,1
405,468,1
405,489,1
528,405,0
660,405,0
405,707,1
405,767,1
782,405,0
405,799,1
405,924,1
992,405,0
405,1107,1
405,1157,1
405,1220,1
405,1300,0
405,1311,1
405,1368,1
1385,405,0
405,1404,1
405,1431,1
405,1432,1
1566,405,0
405,1571,1
405,1598,1
405,1624,1
405,1890,1
405,2026,1
2059,405,0
405,2105,0
2309,405,0
406,535,1
406,1057,0
1490,406,0
1955,406,0
406,2030,1
2053,406,0
407,1521,0
407,1572,0
407,1994,1
408,618,0
408,2266,0
408,2329,0
29,409,0
409,80,1
517,409,0
548,409,0
409,619,1
785,409,0
409,889,1
409,1829,0
409,1925,1
409,2020,0
409,2279,1
409,2453,1
410,213,1
410,268,1
625,410,0
410,783,1
410,878,1
410,908,1
410,1091,0
1205,410,0
1229,410,0
1259,410,0
410,1420,0
410,1475,0
410,1567,1
410,1664,1
410,1847,1
410,1941,1
410,2057,1
410,2385,1
412,2201,0
413,700,1
413,786,0
413,1503,0
1824,413,0
414,759,0
414,1215,1
414,2028,0
414,2454,0
56,415,0
258,415,0
383,415,0
415,408,1
415,728,0
415,811,1
415,935,1
998,415,0
415,1023,1
415,1027,0
415,1040,1
415,1072,1
415,1215,1
415,1230,1
1244,415,0
1247,415,0
415,1248,1
1267,415,0
415,1307,1
1361,415,0
1370,415,0
415,1388,1
1654,415,0
415,1793,1
415,1837,1
415,1845,1
415,2377,1
2436,415,0
415,2452,0
416,116,1
416,214,1
416,242,1
416,274,1
416,342,1
361,416,0
416,450,0
416,584,1
416,625,1
416,660,1
416,673,1
674,416,0
416,703,0
416,706,1
707,416,0
416,783,1
416,878,1
416,994,1
1176,416,0
416,1182,1
416,1205,1
416,1229,1
416,1258,1
1593,416,0
416,1664,1
416,1695,1
416,1847,1
416,1941,1
99,417,0
417,1436,1
417,1797,1
417,1926,1
419,1853,0
419,2238,0
635,420,0
420,939,1
420,1301,0
420,1802,1
420,2170,0
786,421,0
421,928,0
421,1812,0
421,2017,0
421,2268,0
422,730,0
422,2198,0
423,1240,0
423,1269,0
423,1342,0
423,2133,0
424,720,0
425,1006,1
425,1510,0
428,1071,0
428,1922,0
429,524,0
429,635,1
429,1995,0
430,10,1
26,430,0
430,47,1
430,48,1
430,91,1
430,131,1
208,430,0
245,430,0
430,253,1
430,293,1
301,430,0
311,430,0
316,430,0
326,430,0
430,414,1
430,431,1
475,430,0
430,511,1
512,430,0
430,538,1
430,563,1
653,430,0
430,690,1
702,430,0
430,733,0
430,850,0
874,430,0
430,939,1
948,430,0
1051,430,0
430,1058,1
1075,430,0
430,1085,1
1094,430,0
1099,430,0
1104,430,0
1142,430,0
1157,430,0
1182,430,0
430,1190,1
430,1225,1
430,1234,0
430,1236,1
1257,430,0
430,1280,1
1294,430,0
430,1311,1
430,1333,1
1351,430,0
430,1357,1
430,1374,1
430,1385,1
430,1412,1
430,1427,1
1449,430,0
430,1450,1
430,1538,1
430,1622,1
1690,430,0
430,1691,1
430,1716,1
430,1741,1
430,1767,1
1781,430,0
1785,430,0
430,1831,1
430,1834,1
1865,430,0
430,1921,1
430,1924,1
430,1944,1
430,2006,1
2011,430,0
430,2019,1
430,2024,1
430,2042,1
2066,430,0
430,2113,1
2130,430,0
2165,430,0
430,2194,1
430,2218,1
430,2219,1
2262,430,0
430,2283,1
430,2294,1
430,2345,1
2383,430,0
430,2463,1
430,2472,1
431,758,0
431,1806,0
432,1094,0
432,1642,0
433,520,1
433,554,1
433,573,1
939,433,0
433,1215,1
433,1407,0
433,1425,1
433,1865,1
433,2178,1
434,1439,0
435,1227,0
437,2399,0
438,844,0
438,1027,0
439,1458,0
440,794,0
440,2122,0
441,606,0
441,1291,0
442,412,1
442,1054,0
1311,442,0
1847,442,0
442,2375,1
443,81,1
443,604,0
443,761,0
1427,443,0
443,2400,0
444,99,1
444,1333,0
446,813,0
446,873,0
446,1731,0
446,2309,0
448,779,0
448,1737,0
448,1739,0
27,449,0
449,177,1
312,449,0
449,331,1
348,449,0
402,449,0
449,449,1
449,748,0
449,803,1
898,449,0
1044,449,0
449,1048,1
449,1211,1
449,1526,1
1560,449,0
449,1663,1
449,1687,1
449,1723,1
1851,449,0
2059,449,0
449,2128,1
449,2187,1
2306,449,0
449,2422,1
449,2424,1
2466,449,0
451,1703,0
452,644,0
452,2253,0
453,79,1
453,99,1
742,453,0
453,1106,1
1537,453,0
453,1618,0
453,1880,1
453,2223,0
454,1808,0
454,2284,0
454,2291,0
455,852,0
455,1452,0
455,1603,0
455,1749,0
326,456,0
456,399,1
456,891,1
456,1126,1
456,1227,1
456,1427,0
1435,456,0
1591,456,0
1852,456,0
457,1291,0
457,1767,0
458,985,0
458,1544,0
458,1803,0
458,2078,0
459,2304,0
460,1442,0
460,1971,1
1241,462,0
462,1256,0
462,2283,0
29,463,0
463,45,1
463,273,1
463,323,1
463,412,1
463,427,1
463,429,1
635,463,0
463,646,1
463,690,1
463,700,1
732,463,0
463,780,1
463,870,1
463,907,1
959,463,0
989,463,0
1176,463,0
1196,463,0
463,1466,1
1573,463,0
463,1724,1
463,1824,1
463,1828,1
463,1830,1
463,1847,1
463,1921,1
2198,463,0
2385,463,0
463,2412,1
464,1896,0
603,465,0
465,1911,0
466,1506,0
466,2116,0
466,2247,0
467,2052,0
30,468,0
830,468,0
468,1064,0
1324,468,0
468,1764,0
470,555,0
470,1936,0
473,800,0
473,1200,1
475,1220,0
475,1438,0
476,47,1
476,120,1
314,476,0
476,1427,0
477,218,1
1537,477,0
477,1634,0
477,1771,0
477,1985,1
2238,477,0
478,2127,0
479,1976,0
480,579,0
481,907,0
481,1463,0
481,2249,0
482,1908,0
482,2054,0
483,706,0
483,1295,0
484,656,0
485,1271,0
485,1835,0
486,29,1
81,486,0
486,412,1
486,492,0
1626,486,0
487,804,0
487,850,0
489,2458,0
490,2015,0
491,1539,0
491,1841,0
491,1966,0
492,841,0
492,943,1
493,910,0
493,1807,0
494,1680,0
495,2260,0
497,2178,0
498,1526,0
498,2255,0
499,543,0
499,605,0
499,1925,1
500,672,0
500,1279,0
500,1926,0
501,17,1
501,79,1
501,81,1
501,328,1
501,413,1
455,501,0
501,508,1
501,585,1
501,587,0
501,625,1
501,700,1
501,785,1
501,959,1
501,1066,1
1250,501,0
501,1630,1
501,1695,1
501,1824,1
501,1913,1
501,1925,1
501,2080,1
501,2209,1
2380,501,0
502,777,0
502,1965,0
502,2098,0
504,304,1
504,709,0
504,1137,1
504,1311,1
505,841,0
505,1417,0
506,619,1
506,825,0
506,1543,1
508,514,0
508,2139,0
510,602,0
510,641,0
510,728,0
510,1076,0
510,2091,0
511,1380,0
511,2202,0
513,1834,1
513,1902,0
514,1017,0
515,2384,0
516,663,0
516,685,0
1425,516,0
2144,516,0
516,2361,0
517,622,0
517,1004,0
862,519,0
519,1311,1
520,1177,0
520,1300,0
520,2475,1
521,1738,0
521,1788,0
522,701,0
523,2133,0
524,447,1
524,1054,0
524,1314,0
524,1673,1
1799,524,0
524,2148,0
2446,524,0
524,2471,1
525,1111,0
527,561,0
527,2053,0
528,2153,1
528,2409,0
530,1181,0
1210,530,0
530,1252,0
530,1324,0
530,1381,0
1600,530,0
1793,530,0
531,930,0
532,1067,0
532,1102,0
532,1164,0
532,2316,0
533,1108,0
534,1321,0
534,1384,1
534,1498,0
535,2242,0
535,2406,0
536,399,1
536,1056,0
537,1848,0
537,2376,0
304,539,0
539,1317,0
539,2156,0
540,628,1
541,1495,0
542,976,0
542,1143,0
542,1868,0
543,258,1
386,543,0
543,445,1
520,543,0
543,523,1
543,636,1
543,786,1
814,543,0
543,910,1
543,1160,1
543,1239,1
543,1277,1
1487,543,0
543,1663,1
543,1691,1
543,1717,1
543,1762,1
543,1952,0
543,1968,1
2026,543,0
2072,543,0
543,2111,1
543,2253,1
543,2473,0
544,959,1
544,1372,0
544,1508,0
544,1687,0
545,677,0
1497,545,0
1544,545,0
546,1019,0
546,1791,0
546,2048,0
547,1694,0
547,1780,0
548,955,0
548,980,0
548,2007,0
549,939,1
549,1058,1
549,1264,0
549,1556,1
549,1991,0
549,2400,1
550,187,1
550,405,1
550,619,1
1005,550,0
550,1055,1
1316,550,0
550,1339,0
550,1955,1
87,551,0
1215,551,0
551,2161,1
551,2208,0
553,1621,0
553,1828,0
554,1282,0
554,1439,0
555,1536,0
556,601,0
556,635,1
556,1215,1
556,1790,0
1921,556,0
556,2059,0
557,238,1
275,557,0
557,552,1
557,1842,0
1124,558,0
558,1612,0
559,970,0
559,1734,0
559,2101,0
559,2150,0
560,1142,0
561,1607,0
561,2448,0
738,562,0
562,1562,0
2426,562,0
563,1438,0
564,70,1
564,233,1
564,849,1
564,891,1
978,564,0
564,983,1
564,1026,1
564,1370,0
1736,564,0
565,63,1
565,68,1
565,99,1
565,124,1
565,307,1
565,319,1
565,320,1
512,565,0
598,565,0
565,635,1
565,775,1
565,939,1
565,1160,1
565,1215,1
1281,565,0
565,1311,1
565,1427,1
565,1516,1
565,1532,1
565,1566,1
565,1720,1
565,1784,1
1841,565,0
565,1966,1
2094,565,0
2164,565,0
565,2259,1
567,2276,0
568,145,1
577,568,0
654,568,0
568,1046,0
568,1111,1
568,1243,1
568,1263,1
568,1293,1
568,1412,0
568,1940,0
568,2404,1
569,6,1
141,569,0
143,569,0
225,569,0
419,569,0
555,569,0
569,569,1
569,596,1
569,652,1
569,677,1
569,724,1
569,752,1
789,569,0
569,804,1
569,947,1
569,1012,1
1136,569,0
569,1188,1
569,1235,0
1366,569,0
1502,569,0
569,1512,1
569,1518,1
1563,569,0
569,1573,0
569,1620,1
1855,569,0
569,2008,0
2109,569,0
569,2159,1
569,2197,1
569,2333,1
144,570,0
570,596,0
570,628,1
570,997,1
570,1429,0
570,1748,0
570,1764,1
570,2010,1
571,1434,0
572,153,1
572,1132,1
572,1933,1
573,1306,0
573,1978,0
574,1518,0
576,429,1
576,895,0
577,1429,0
577,2042,0
577,2286,0
578,1240,0
579,102,1
579,427,1
579,432,1
579,624,1
579,635,1
737,579,0
579,891,1
900,579,0
579,935,1
963,579,0
579,967,0
579,1094,1
579,1351,1
579,1416,1
579,1441,1
1488,579,0
579,1601,1
1724,579,0
579,1836,1
1868,579,0
1912,579,0
579,1965,1
579,2015,1
579,2183,1
579,2293,1
579,2426,1
579,2462,1
580,1080,1
581,1407,0
581,1429,0
581,1463,0
582,1063,0
584,99,1
584,124,1
142,584,0
584,242,1
584,361,1
451,584,0
605,584,0
584,625,1
584,697,1
706,584,0
707,584,0
584,753,0
584,895,1
1048,584,0
584,1253,1
584,1348,1
1506,584,0
584,1543,1
584,1664,1
584,1838,1
2041,584,0
2144,584,0
584,2410,1
585,593,0
585,1560,0
585,2327,0
29,586,0
586,529,1
700,586,0
586,732,1
586,780,1
959,586,0
586,1196,1
1468,586,0
1573,586,0
586,1824,1
586,1830,1
2385,586,0
586,2412,1
587,2022,0
587,2228,0
588,839,1
588,1215,1
590,1180,1
2064,590,0
592,939,1
592,1468,0
592,2398,0
593,1272,0
593,1910,0
593,2027,0
594,798,0
594,832,0
595,1079,0
596,1890,0
597,602,0
599,2209,0
600,1113,0
600,1587,0
601,1391,0
602,1412,0
603,1333,0
234,606,0
606,1361,1
607,47,1
607,1132,0
608,1151,0
150,610,0
181,610,0
610,273,1
610,405,1
610,777,1
610,800,1
610,1259,1
1386,610,0
610,2086,1
610,2128,1
610,2362,1
612,456,1
613,530,1
613,1069,0
613,1446,0
613,1476,0
1568,613,0
613,1796,0
613,2410,0
615,1457,0
615,1588,0
615,1987,1
616,739,1
616,924,1
616,1530,0
616,1637,1
616,1894,1
617,2178,0
619,3,1
619,8,1
619,10,1
619,17,1
619,29,1
32,619,0
619,51,1
69,619,0
71,619,0
74,619,0
619,79,1
619,81,1
619,95,1
619,99,1
619,116,1
127,619,0
214,619,0
619,235,1
619,251,1
619,258,1
259,619,0
619,274,1
277,619,0
619,285,1
619,304,1
619,307,1
619,309,1
619,323,1
619,326,1
328,619,0
361,619,0
369,619,0
619,391,1
619,399,1
619,405,1
619,412,1
619,413,1
619,422,1
619,439,1
451,619,0
619,466,1
619,467,1
619,468,1
482,619,0
619,505,1
619,508,1
619,515,1
619,517,1
619,547,1
619,563,1
619,583,1
619,584,1
619,585,1
619,589,1
603,619,0
619,625,1
638,619,0
619,646,1
619,660,1
672,619,0
676,619,0
619,696,1
619,706,1
619,719,1
727,619,0
619,732,1
619,742,1
619,762,1
619,781,1
785,619,0
619,793,1
619,808,1
809,619,0
619,822,1
619,823,1
619,828,1
619,833,1
619,848,1
619,853,1
858,619,0
619,859,1
870,619,0
619,877,1
619,883,1
888,619,0
619,891,1
619,907,1
619,916,1
933,619,0
936,619,0
619,939,1
951,619,0
619,981,1
619,1042,1
1064,619,0
619,1066,1
619,1068,1
619,1097,1
1126,619,0
1148,619,0
1161,619,0
1176,619,0
619,1196,1
619,1205,1
1206,619,0
1215,619,0
1217,619,0
619,1221,1
619,1228,1
619,1234,1
619,1239,1
619,1270,1
619,1278,1
619,1287,1
1325,619,0
1327,619,0
619,1351,1
1394,619,0
619,1424,1
1426,619,0
1428,619,0
1433,619,0
619,1434,1
1448,619,0
619,1468,1
619,1501,1
1504,619,0
1507,619,0
619,1537,1
619,1579,1
1583,619,0
619,1626,1
1647,619,0
619,1658,1
619,1661,1
619,1673,0
1684,619,0
619,1690,1
1695,619,0
1705,619,0
619,1708,1
1712,619,0
619,1717,1
619,1724,1
1748,619,0
619,1762,1
1764,619,0
619,1778,1
619,1801,1
619,1824,1
1827,619,0
619,1834,1
1839,619,0
1846,619,0
619,1847,1
619,1856,1
619,1899,1
1921,619,0
619,1926,1
619,1932,1
1935,619,0
619,1947,1
619,1957,1
619,1965,1
1990,619,0
619,1997,1
619,2012,1
2023,619,0
2044,619,0
619,2092,1
2107,619,0
619,2108,1
619,2110,1
2119,619,0
619,2125,1
619,2131,1
619,2133,1
619,2145,1
619,2167,1
619,2173,1
619,2204,1
619,2223,1
619,2238,1
619,2241,1
619,2263,1
619,2276,1
2279,619,0
619,2296,1
2299,619,0
619,2323,1
619,2341,1
619,2352,1
2363,619,0
619,2380,1
2382,619,0
2385,619,0
619,2388,1
2390,619,0
2391,619,0
619,2427,1
619,2464,1
2465,619,0
619,2469,1
620,2054,0
622,29,1
622,529,1
622,646,1
622,700,1
622,732,1
622,780,1
1196,622,0
622,1468,1
1824,622,0
622,1828,1
622,1847,1
622,2412,1
857,623,0
623,1252,0
623,1391,0
623,1727,1
624,2265,0
625,762,0
625,1043,0
625,1265,0
625,2190,0
626,503,1
627,748,0
627,977,0
627,1799,0
628,93,1
408,628,0
564,628,0
593,628,0
628,634,1
628,636,1
628,637,1
778,628,0
628,922,0
935,628,0
628,1072,1
628,1119,0
1210,628,0
628,1307,1
628,1376,0
628,1488,1
628,1510,0
628,1793,1
628,2353,0
629,2301,0
630,307,1
630,690,1
829,630,0
55,631,0
631,891,1
1104,631,0
631,1230,0
1273,631,0
631,1756,1
631,1827,0
631,1921,1
1972,631,0
632,1327,0
632,1435,0
632,2417,0
633,1107,0
633,2098,0
633,2326,0
635,1606,0
635,1783,0
635,2154,0
636,1378,0
636,1925,0
636,2019,0
637,828,0
637,1162,0
637,1414,0
637,2424,0
638,1470,0
639,385,1
639,1236,1
639,1546,0
640,918,0
640,1211,0
641,635,1
641,1176,1
1311,641,0
641,1389,1
641,1802,1
642,112,1
642,241,1
642,568,1
642,882,0
1585,642,0
642,1715,0
642,2226,1
110,643,0
1792,643,0
644,1211,0
645,1020,0
646,790,0
646,1329,0
647,1104,0
647,2146,0
648,763,0
648,827,0
648,1823,0
649,6,1
649,80,1
649,225,1
649,294,1
419,649,0
649,485,1
649,596,1
649,649,1
649,652,1
677,649,0
649,724,1
752,649,0
649,789,1
649,804,1
877,649,0
649,908,1
912,649,0
649,920,1
649,947,1
953,649,0
649,969,1
649,1136,1
649,1188,1
649,1219,0
649,1366,1
649,1431,0
1518,649,0
649,1620,1
649,1677,0
649,1685,1
1855,649,0
1921,649,0
649,1946,0
649,2109,1
2140,649,0
649,2159,1
2197,649,0
649,2368,1
649,2397,0
650,1668,0
650,2371,0
651,1497,0
651,2215,0
651,2269,1
652,1238,0
653,348,1
424,653,0
653,1215,1
1427,653,0
653,1826,1
653,1834,1
653,1915,1
656,733,0
657,1252,0
657,1306,0
658,1047,0
658,2218,0
659,62,1
659,99,1
659,197,1
484,659,0
659,488,1
625,659,0
659,700,1
659,996,1
659,1109,1
1196,659,0
659,1391,1
659,1402,1
659,1404,1
659,1405,1
1547,659,0
659,1721,1
659,1793,1
659,1807,0
1858,659,0
659,1870,1
1874,659,0
659,1898,0
2102,659,0
659,2425,1
660,328,1
660,1067,1
660,1606,0
660,2207,1
661,750,0
662,521,1
662,1276,0
662,1333,0
662,1839,0
663,213,1
304,663,0
635,663,0
829,663,0
939,663,0
663,1139,1
663,1311,1
663,1379,1
1391,663,0
1510,663,0
1688,663,0
1847,663,0
1921,663,0
663,2037,0
663,2045,0
663,2288,1
664,1175,0
666,1152,0
666,1334,0
666,1460,0
667,226,1
257,667,0
269,667,0
334,667,0
667,546,1
667,997,1
1170,667,0
667,1255,0
1309,667,0
667,1335,1
1675,667,0
1733,667,0
2008,667,0
667,2056,1
667,2100,1
667,2350,1
144,668,0
628,668,0
997,668,0
2010,668,0
668,2241,0
669,10,1
669,302,1
669,624,1
634,669,0
669,741,1
669,826,0
885,669,0
669,886,1
669,1039,1
669,1207,1
1303,669,0
1321,669,0
1470,669,0
1610,669,0
669,1754,1
1790,669,0
669,1809,1
1836,669,0
669,2012,1
669,2342,1
2365,669,0
670,1464,0
671,29,1
188,671,0
671,646,1
671,700,1
671,959,1
671,1196,1
1221,671,0
671,1271,0
1348,671,0
671,1468,1
1664,671,0
671,1671,0
671,1824,1
671,1847,1
671,2122,0
673,1753,0
675,1523,0
676,936,0
676,1401,0
677,950,0
677,1179,0
677,1805,0
678,384,1
678,1453,0
678,1613,0
678,1892,0
679,2005,0
680,1071,0
680,1963,0
311,681,0
681,414,1
512,681,0
681,783,0
681,870,0
939,681,0
2472,681,0
682,1510,0
682,1877,1
683,1280,0
683,1898,0
684,693,0
684,2185,0
686,1733,0
688,324,1
688,1921,1
688,2196,1
2242,688,0
688,2287,0
689,67,1
689,307,1
689,563,1
594,689,0
819,689,0
897,689,0
907,689,0
689,1128,0
689,1456,1
689,1784,0
1868,689,0
1930,689,0
690,1814,0
692,1446,0
693,742,0
693,1664,0
693,2019,0
694,1703,0
695,1505,0
697,1281,0
697,1897,0
698,1305,0
698,1476,0
698,1913,0
699,1159,0
699,2188,0
700,1077,0
703,1861,0
704,1377,0
705,2012,0
706,1813,0
707,917,0
707,2041,0
707,2387,0
708,1861,0
709,1388,0
709,1448,0
709,1554,0
4,710,0
710,47,1
710,304,1
710,619,1
710,689,1
905,710,0
710,989,1
710,1159,1
1239,710,0
710,1336,1
710,2025,1
2404,710,0
710,2406,1
712,758,1
712,796,1
712,974,1
712,1059,1
712,1934,1
712,2462,0
713,1746,0
714,958,0
213,715,0
715,906,0
715,1085,1
715,1094,1
716,1506,0
716,1699,0
716,1953,0
717,1198,0
718,140,1
718,201,1
718,384,1
508,718,0
769,718,0
718,883,1
718,939,1
1215,718,0
718,1221,1
718,1425,1
1455,718,0
718,1913,1
718,2216,1
720,1440,0
721,1368,0
721,1837,0
721,1918,0
721,2301,0
722,512,1
722,870,0
722,1985,0
722,1994,1
723,654,1
723,920,1
723,939,1
723,1280,1
723,1314,1
723,1399,0
723,1436,1
724,1333,0
725,26,1
725,43,1
725,241,1
725,246,1
430,725,0
583,725,0
725,635,1
725,830,0
939,725,0
725,1274,1
725,1926,1
700,726,0
726,2177,0
727,2006,0
729,1829,0
730,733,0
730,1327,1
730,1686,0
731,1422,0
731,1596,0
733,1447,0
733,1767,0
734,401,1
734,1222,1
734,2403,0
735,1858,0
737,909,0
738,1505,0
739,1962,0
740,1746,0
741,2297,0
742,898,0
3,743,0
743,49,1
743,52,1
126,743,0
180,743,0
743,213,1
743,214,1
265,743,0
743,274,1
743,318,1
743,328,1
743,340,1
743,343,1
743,360,1
743,361,1
386,743,0
743,412,1
743,413,1
451,743,0
743,502,1
743,608,1
743,657,1
743,658,1
743,660,1
743,670,1
687,743,0
743,690,1
700,743,0
743,705,1
743,728,1
833,743,0
743,843,1
743,864,1
743,872,1
743,939,1
743,959,1
743,1009,1
1164,743,0
743,1168,1
1173,743,0
743,1196,1
743,1215,1
1224,743,0
1242,743,0
743,1251,1
1262,743,0
1302,743,0
1311,743,0
743,1481,0
1513,743,0
1545,743,0
743,1639,1
743,1654,1
1669,743,0
1690,743,0
743,1705,1
743,1724,1
743,1840,1
743,1881,1
1885,743,0
743,1897,1
1898,743,0
743,1921,1
743,1965,1
743,2055,1
743,2058,1
743,2063,1
2124,743,0
2140,743,0
743,2144,1
2192,743,0
2222,743,0
2244,743,0
743,2270,1
743,2276,1
743,2291,1
743,2319,1
743,2376,1
2384,743,0
743,2393,1
743,2394,1
743,2409,1
743,2426,1
2427,743,0
743,2456,1
744,1721,0
744,2200,0
746,844,0
746,1663,0
746,1761,0
746,1799,1
747,1672,0
747,2350,0
748,624,1
748,1662,0
749,144,1
749,628,1
749,997,1
749,1690,0
1764,749,0
749,1949,0
749,2010,1
749,2129,0
749,2147,0
750,815,0
750,1136,0
750,1327,0
751,875,0
752,2374,0
754,816,0
755,635,1
939,755,0
755,1082,0
755,1567,0
756,1532,0
756,1808,0
757,782,0
758,898,0
758,933,1
758,1216,0
759,1061,0
759,1238,0
759,2304,0
138,760,0
760,231,1
1160,760,0
760,1541,0
760,1829,0
761,886,0
762,1001,0
762,1167,0
762,1677,0
762,1825,0
764,635,1
764,833,1
764,1192,1
1215,764,0
1678,764,0
764,1745,1
764,1829,1
1913,764,0
765,102,1
194,765,0
307,765,0
346,765,0
432,765,0
487,765,0
765,507,1
531,765,0
765,603,1
624,765,0
628,765,0
634,765,0
637,765,0
765,660,1
700,765,0
737,765,0
747,765,0
765,864,1
935,765,0
939,765,0
765,959,1
765,963,1
765,1072,1
765,1196,1
765,1307,1
765,1322,1
1351,765,0
765,1352,0
1383,765,0
765,1441,1
765,1466,1
1488,765,0
765,1601,1
1629,765,0
1712,765,0
1724,765,0
765,1824,1
1836,765,0
1839,765,0
765,1868,1
765,1921,1
765,1955,1
765,2015,1
765,2053,1
765,2293,1
765,2342,1
765,2385,1
766,1772,0
767,346,1
767,391,1
767,459,1
520,767,0
767,577,1
767,690,1
767,800,1
843,767,0
844,767,0
925,767,0
767,981,1
767,1045,0
1466,767,0
767,1641,1
767,1724,1
767,1849,0
767,1965,1
767,2046,1
768,790,0
768,886,0
768,1292,1
770,1,1
770,3,1
770,37,1
770,47,1
161,770,0
770,295,1
770,374,1
770,386,1
392,770,0
770,672,1
770,885,1
1116,770,0
770,1130,1
770,1133,1
770,1134,1
1207,770,0
770,1321,1
770,1341,1
1442,770,0
770,1495,0
1605,770,0
770,1637,0
770,1642,1
770,1712,1
1822,770,0
770,1847,1
770,1888,1
1900,770,0
1977,770,0
770,2021,1
2074,770,0
770,2097,1
770,2121,1
2176,770,0
770,2272,1
770,2290,1
770,2313,0
770,2354,1
770,2410,0
770,2416,1
770,2417,1
774,1057,0
774,2442,0
775,63,1
775,68,1
74,775,0
775,81,1
775,99,1
105,775,0
239,775,0
290,775,0
775,293,1
775,340,1
775,355,1
775,480,1
775,625,1
775,635,1
775,812,0
829,775,0
833,775,0
775,870,1
903,775,0
775,939,1
775,1003,0
1014,775,0
775,1094,1
775,1287,1
775,1311,1
1369,775,0
775,1555,1
775,1585,1
775,1603,1
1705,775,0
775,1775,1
775,1868,1
775,2087,1
775,2149,1
2214,775,0
775,2320,1
775,2447,1
775,2452,1
2455,775,0
776,918,0
776,1770,1
776,1847,1
776,1899,0
776,2156,1
776,2449,0
777,811,0
997,777,0
777,1134,0
777,1629,1
777,1664,0
1795,777,0
777,1874,1
777,2138,0
779,1288,0
779,1555,0
780,1424,0
780,1706,0
780,2014,0
781,1364,0
781,1661,0
783,1619,0
939,784,0
784,1425,1
785,2106,0
786,2032,0
786,2373,0
787,102,1
756,787,0
787,1550,0
787,2184,0
787,2308,0
306,788,0
788,788,1
788,1244,1
788,1370,1
788,2309,1
789,1884,0
790,619,1
790,1036,0
1955,790,0
791,1969,0
791,2262,0
792,1323,0
793,803,0
793,1946,0
654,794,0
794,911,1
794,1089,0
794,1427,1
794,2225,0
794,2329,0
795,1698,0
795,2226,0
795,2461,0
198,796,0
797,1533,0
797,1888,0
798,1410,0
798,1649,0
798,2071,0
799,1236,0
800,1619,0
804,880,0
804,2341,0
805,399,1
805,962,0
805,2060,0
806,1419,0
807,213,1
688,807,0
807,1381,1
807,2065,0
807,2341,0
808,1965,0
809,1390,0
809,1641,0
810,1697,0
811,1256,0
811,2307,0
654,813,0
813,788,1
902,813,0
813,1035,1
813,1246,1
1381,813,0
813,1719,0
813,2065,0
813,2241,0
813,2445,0
814,853,0
815,1899,0
815,1960,0
816,654,1
816,911,1
816,952,0
816,1425,1
816,1427,1
816,1900,0
817,1340,0
817,1857,0
817,2281,0
458,818,0
818,498,1
818,1081,1
1115,818,0
818,1277,1
1686,818,0
818,2096,1
818,2398,1
819,11,1
819,63,1
64,819,0
819,102,1
819,113,1
819,146,1
264,819,0
267,819,0
386,819,0
819,432,1
819,457,1
487,819,0
624,819,0
819,634,1
819,635,1
819,660,1
690,819,0
708,819,0
790,819,0
819,864,1
819,900,1
819,933,1
819,935,1
819,939,1
819,976,1
819,988,1
1089,819,0
819,1094,1
819,1196,1
819,1237,1
1239,819,0
1307,819,0
819,1322,1
1351,819,0
819,1352,1
1367,819,0
1373,819,0
1383,819,0
819,1385,1
819,1416,1
1466,819,0
1488,819,0
819,1556,0
1581,819,0
819,1601,1
819,1783,1
819,1836,1
1847,819,0
819,1921,1
1965,819,0
1996,819,0
819,2003,1
819,2035,1
819,2051,1
2055,819,0
819,2137,1
819,2222,1
819,2244,1
819,2291,1
819,2293,1
819,2319,1
819,2320,1
819,2342,1
819,2368,1
819,2376,1
819,2401,1
819,2409,1
819,2462,1
337,821,0
822,1955,1
822,2145,1
823,43,1
823,328,1
823,491,1
823,532,1
608,823,0
823,1032,1
823,1104,1
1130,823,0
823,1171,1
1215,823,0
823,1561,0
1705,823,0
823,1792,1
823,1921,1
823,2093,1
823,2098,1
823,2252,0
90,826,0
826,131,1
243,826,0
826,369,1
826,408,1
826,632,1
826,635,1
826,653,1
654,826,0
826,672,1
826,781,1
809,826,0
826,833,1
826,870,0
826,885,1
889,826,0
826,935,1
826,939,1
972,826,0
826,991,1
997,826,0
826,1028,1
826,1042,1
826,1072,1
826,1126,1
826,1269,1
826,1305,1
1307,826,0
826,1321,1
1330,826,0
826,1392,1
826,1397,1
826,1407,1
826,1413,1
826,1425,1
1450,826,0
826,1488,1
826,1501,1
826,1532,1
826,1534,0
1541,826,0
1755,826,0
826,1821,1
1834,826,0
826,1864,1
826,1892,1
826,1958,1
826,1974,1
826,1989,1
826,2011,1
826,2325,1
826,2326,1
2327,826,0
826,2359,1
826,2447,1
828,2299,0
830,2074,0
831,2090,0
832,1220,1
832,1596,0
832,1607,0
832,1732,0
833,1979,0
834,2280,0
835,211,1
835,952,1
514,836,0
1315,836,0
840,1454,0
841,454,1
841,2183,1
842,2420,0
843,1217,0
843,1553,0
844,1829,0
845,1760,0
846,703,1
1405,846,0
846,1422,0
847,449,1
847,2179,0
848,1600,0
849,1808,0
849,2193,0
850,985,0
851,901,0
851,1215,1
851,1811,0
851,1915,0
851,2097,0
851,2469,0
2240,854,0
854,2455,0
855,1660,0
855,2220,0
856,1321,1
856,1773,1
856,1880,1
856,1921,1
856,1985,0
856,2406,1
857,1142,0
858,1195,0
860,1069,0
860,1097,0
861,1109,0
862,2134,0
863,1481,0
863,2408,0
864,1086,0
857,865,0
1024,865,0
865,1371,1
865,1409,0
865,1480,1
865,2059,1
865,2201,0
758,866,0
866,990,0
866,1059,1
866,1429,0
866,1934,1
867,1397,0
624,869,0
869,1921,0
870,35,1
870,45,1
870,51,1
80,870,0
870,119,1
870,167,1
870,213,1
870,248,1
293,870,0
870,391,1
870,394,1
870,398,1
870,399,1
870,476,1
870,500,1
870,508,1
870,594,1
870,690,1
727,870,0
870,742,1
871,870,0
870,889,1
870,907,1
939,870,0
870,970,1
1049,870,0
1311,870,0
1327,870,0
870,1390,1
870,1404,1
870,1433,1
870,1490,1
870,1537,1
1577,870,0
1629,870,0
870,1694,1
870,1707,1
870,1714,1
870,1769,1
870,1779,1
870,1780,1
870,1847,1
870,1926,1
870,1957,1
870,2012,1
870,2016,1
870,2129,0
2240,870,0
870,2261,1
870,2385,1
2453,870,0
870,2456,0
872,1631,0
873,64,1
873,654,1
873,833,1
873,1021,1
1026,873,0
873,1934,0
873,2055,1
2222,873,0
2244,873,0
2310,873,0
873,2317,1
873,2319,1
873,2320,1
2376,873,0
873,2409,1
875,1640,0
875,1695,0
875,1769,0
876,1185,0
876,1214,0
876,1504,0
876,2449,0
877,1316,0
879,654,1
690,879,0
879,1140,0
879,2436,0
880,939,1
880,1427,1
881,1959,0
882,153,1
882,1429,0
885,950,0
885,1861,0
885,2189,0
886,960,0
887,1378,0
887,1779,1
1984,887,0
887,2146,0
888,1569,0
888,2056,0
889,1593,0
889,1832,0
890,399,1
890,901,0
890,1230,0
890,1544,0
1939,890,0
890,2078,0
891,944,0
891,2280,0
893,1097,0
894,1484,1
894,2316,0
895,1355,0
895,1507,0
895,2132,0
896,481,1
896,1395,0
896,1778,0
896,1832,0
897,1689,0
897,2054,0
899,2003,0
899,2145,0
900,1215,0
901,79,1
901,99,1
901,1639,1
901,2171,1
901,2397,0
902,81,1
902,99,1
902,164,1
902,307,1
902,328,1
902,340,1
902,418,1
902,438,1
476,902,0
742,902,0
774,902,0
902,823,1
902,943,1
902,1049,1
902,1461,1
902,1476,1
902,1754,1
902,1808,1
902,1868,1
902,1922,1
2077,902,0
902,2242,1
902,2280,1
2348,902,0
902,2474,1
905,2407,0
906,30,1
906,562,1
906,842,1
906,2060,0
908,809,1
1387,908,0
908,1583,0
908,1955,0
908,2379,0
909,2369,1
910,1821,0
911,1557,0
911,1926,0
912,231,1
912,635,1
913,1490,0
913,2166,0
914,573,1
2040,914,0
915,1701,0
915,1839,0
917,3,1
917,1301,1
1373,917,0
1800,917,0
1996,917,0
917,2183,1
918,92,1
307,918,0
430,918,0
918,654,1
918,721,1
1383,918,0
918,1389,1
918,1441,1
1550,918,0
2053,918,0
918,2309,1
918,2385,1
919,169,1
919,1987,1
920,2409,0
923,1726,0
924,1752,0
924,2393,0
925,2427,0
927,1088,0
928,1395,0
928,1805,0
929,1907,0
930,1321,0
931,582,1
931,1684,0
931,1817,0
932,21,1
932,275,1
932,347,1
648,932,0
932,669,1
932,814,1
932,1009,1
932,1048,1
932,1062,0
932,1073,1
1074,932,0
932,1077,1
932,1230,1
932,1419,1
932,1495,0
932,1585,1
1641,932,0
932,1761,1
932,1794,1
1902,932,0
932,1903,1
932,1905,1
932,1906,1
932,1909,1
932,1975,1
2171,932,0
2176,932,0
932,2178,1
932,2185,1
932,2248,1
2252,932,0
932,2336,1
2337,932,0
99,933,0
933,320,1
659,933,0
1236,933,0
933,1514,1
1725,933,0
934,68,1
934,190,1
934,214,1
934,508,1
934,584,1
934,706,1
725,934,0
934,1215,1
934,1702,1
934,1918,1
934,1969,1
2052,934,0
934,2202,1
934,2277,1
935,1200,0
937,413,1
510,937,0
883,937,0
1063,937,0
937,1468,0
2175,937,0
938,45,1
938,99,1
412,938,0
938,567,1
938,904,1
1651,938,0
938,2299,1
938,2345,1
939,1391,0
940,1408,1
1448,940,0
941,1327,1
942,983,1
942,1921,1
943,63,1
943,87,1
943,307,1
1083,943,0
943,1088,0
943,1234,1
1466,943,0
943,2154,1
943,2198,0
2266,943,0
94,944,0
944,1490,1
945,1404,1
945,1869,0
946,1169,0
946,1468,0
948,998,0
949,1231,0
950,978,0
950,2073,0
951,126,1
951,258,1
951,413,1
951,430,1
512,951,0
951,581,1
660,951,0
951,700,1
779,951,0
951,823,1
951,872,1
951,889,1
951,920,1
951,1126,1
1176,951,0
1205,951,0
1482,951,0
1723,951,0
951,1811,1
951,1824,1
951,1839,1
951,1865,1
951,1921,1
951,2058,1
951,2140,1
951,2164,0
951,2257,1
951,2276,1
951,2347,1
2399,951,0
952,1636,0
953,2316,0
954,1514,0
955,381,1
955,505,1
955,939,1
955,1105,1
955,1176,1
955,1270,1
955,1755,0
1799,955,0
955,1834,1
2123,955,0
2155,955,0
2188,955,0
2440,955,0
956,102,1
957,939,1
957,1598,0
957,1880,0
958,1376,0
958,2086,1
959,1746,0
959,1777,0
959,2447,0
960,102,1
960,430,1
960,535,1
960,1245,1
1311,960,0
960,1448,1
1730,960,0
960,2128,1
961,311,1
526,961,0
961,1534,0
961,1731,0
962,1157,0
963,11,1
963,452,1
963,457,1
860,963,0
963,1066,1
963,1196,1
963,1352,1
963,1713,1
1868,963,0
1925,963,0
963,1955,1
963,2255,0
964,1000,0
964,1490,0
964,2291,0
3,966,0
99,966,0
672,966,0
966,756,1
966,788,1
966,811,1
966,1022,0
1825,966,0
967,2425,1
571,968,0
968,881,1
968,1096,0
968,2426,1
970,1693,0
546,973,0
635,973,0
759,973,0
973,929,1
973,1045,0
973,1500,0
973,1530,0
973,1962,1
973,2012,0
974,1197,0
974,1275,0
974,1670,1
975,650,1
779,975,0
975,1815,1
976,1265,0
976,2264,0
978,2365,0
980,216,1
980,811,1
980,1138,1
980,1435,1
1620,980,0
1980,980,0
980,2269,1
980,2292,1
980,2321,1
982,1121,1
982,2011,0
983,1087,0
983,2188,0
984,75,1
317,984,0
984,389,1
413,984,0
428,984,0
984,660,1
984,719,1
984,858,1
984,859,1
984,872,1
984,883,1
1007,984,0
984,1008,1
1087,984,0
1217,984,0
984,1262,1
984,1426,1
984,1428,1
984,1463,0
984,1630,0
984,2023,1
984,2060,1
984,2131,1
984,2157,1
984,2204,1
984,2276,1
2311,984,0
984,2363,1
984,2382,1
984,2385,1
984,2388,1
2391,984,0
984,2396,1
984,2415,1
2420,984,0
985,1779,0
985,2127,0
986,116,1
986,126,1
986,242,1
986,340,1
446,986,0
986,584,1
625,986,0
986,660,1
986,687,1
986,705,1
986,706,1
718,986,0
728,986,0
986,769,1
986,833,1
864,986,0
986,939,1
986,1064,1
986,1147,1
986,1168,1
1173,986,0
1215,986,0
986,1219,1
986,1224,1
986,1242,1
1251,986,0
986,1282,1
986,1425,1
1654,986,0
986,1780,0
1885,986,0
986,1913,1
1921,986,0
2063,986,0
986,2064,1
986,2125,1
986,2175,0
2426,986,0
986,2456,1
987,1058,0
987,2278,0
988,2270,0
989,74,1
989,292,1
299,989,0
989,439,1
635,989,0
638,989,0
989,687,1
989,833,1
877,989,0
908,989,0
1385,989,0
989,1868,1
989,1999,1
990,99,1
1466,990,0
990,2434,0
991,2223,0
992,1645,0
994,1265,0
995,1311,1
995,1363,0
996,2468,0
29,997,0
997,285,1
997,295,1
997,374,1
997,386,1
392,997,0
997,487,1
997,891,1
997,939,1
997,1055,1
997,1085,1
997,1116,1
997,1134,1
997,1207,1
997,1341,1
997,1442,1
997,1598,1
1605,997,0
1642,997,0
997,1703,1
997,1758,1
997,1822,1
997,1888,1
997,1977,1
997,2039,0
997,2044,1
2074,997,0
997,2097,1
997,2354,1
2416,997,0
997,2417,1
998,2076,0
999,81,1
999,99,1
999,828,1
999,939,1
999,1427,1
1868,999,0
999,2430,0
1000,1834,1
1000,2354,0
1001,603,1
1001,1917,0
1001,1925,1
1001,2453,1
1003,700,1
1824,1003,0
1003,2004,0
1004,165,1
1004,399,1
625,1004,0
1004,690,1
1004,1196,1
1004,1464,1
1004,1847,1
1004,2305,0
1006,102,1
131,1006,0
1006,195,1
1006,267,1
1006,359,1
1006,408,1
1006,427,1
1006,531,1
635,1006,0
737,1006,0
864,1006,0
1006,900,1
1006,935,1
939,1006,0
1006,963,1
1006,1019,1
1006,1041,1
1006,1072,1
1094,1006,0
1006,1165,1
1006,1301,1
1307,1006,0
1322,1006,0
1006,1351,1
1006,1383,1
1006,1406,1
1416,1006,0
1429,1006,0
1006,1488,1
1006,1601,1
1006,1614,1
1006,1627,1
1006,1629,1
1006,1724,1
1006,1805,1
1006,1868,1
1006,1935,1
1965,1006,0
1006,1992,1
1006,2007,1
1006,2015,1
1006,2053,1
2142,1006,0
1006,2342,1
1006,2426,1
1006,2462,1
1008,2096,0
1008,2243,0
1008,2295,0
1009,1331,0
1009,1503,0
45,1011,0
1011,438,1
1011,554,1
1197,1011,0
1011,1670,0
1011,1981,1
1013,700,1
959,1013,0
1847,1013,0
1013,2249,1
1013,2309,0
1013,2385,1
1013,2453,1
1013,2465,1
1013,2469,1
1014,1863,0
1018,1894,0
1018,2274,0
1019,1102,0
1019,2319,0
1020,696,1
1020,1693,0
1020,2148,0
1021,1153,0
1022,430,1
1022,1392,0
1022,2432,0
1025,1390,0
1025,1604,0
1025,2026,0
326,1027,0
1027,625,1
907,1027,0
1158,1027,0
3,1029,0
1029,287,1
1029,811,1
1029,1178,1
1029,1687,0
1029,1717,1
1029,1826,1
1029,2032,1
2274,1029,0
1030,187,1
1030,293,1
1427,1030,0
1030,2161,0
1031,1673,1
1031,2018,0
1031,2446,1
1032,1351,0
1033,1658,0
1033,1875,0
1033,2045,0
1034,654,1
1425,1034,0
1034,2382,0
1035,1233,0
1035,1352,0
1035,1740,0
939,1036,0
1036,2206,0
1037,1986,0
1038,1372,0
1038,1384,0
1038,2261,0
2298,1038,0
1040,1087,0
1040,1667,0
1042,1535,0
1043,1518,0
1044,1479,0
1044,1522,0
1044,1821,0
1044,2455,0
1045,2297,0
1047,1049,0
1047,1173,0
1047,1716,0
1048,1140,0
1050,11,1
1050,193,1
1050,213,1
1050,457,1
718,1050,0
1050,823,1
1050,940,1
1050,1066,1
1050,1182,1
1050,1196,1
1050,1255,1
1050,1301,0
1613,1050,0
1050,1925,1
1999,1050,0
1050,2124,1
1050,2345,0
2406,1050,0
1050,2435,1
1051,1280,0
1051,1787,0
1051,1835,0
1051,2203,0
1053,1217,0
1053,1884,1
1054,2384,0
1055,1174,0
1055,1886,0
1056,681,1
41,1058,0
1058,99,1
146,1058,0
1058,326,1
349,1058,0
1058,385,1
1058,690,1
877,1058,0
1058,1125,1
1058,1147,0
1058,1280,1
1427,1058,0
1058,1471,0
1691,1058,0
1694,1058,0
1059,1975,0
1059,2062,0
1060,1444,0
1062,1810,0
1063,1698,0
1064,1505,0
1064,1646,0
1064,2426,0
1065,1103,0
1066,11,1
1066,213,1
1066,214,1
242,1066,0
268,1066,0
1066,274,1
1066,328,1
342,1066,0
1066,361,1
1066,457,1
1066,584,1
1066,625,1
1066,660,1
1066,674,1
1066,706,1
707,1066,0
1066,878,1
908,1066,0
1066,1052,1
1066,1147,1
1066,1176,1
1066,1258,1
1352,1066,0
1567,1066,0
1066,1593,1
1066,1661,1
1066,1664,1
1695,1066,0
1066,1847,1
1066,1939,0
1066,1941,1
2057,1066,0
1066,2149,1
1066,2423,0
2435,1066,0
1068,1686,0
1069,2119,0
1069,2201,0
1070,1582,1
1070,1717,1
1071,1219,0
1071,1604,0
1072,1475,0
1072,2401,0
1073,1471,0
1076,1088,0
1077,116,1
1077,300,1
364,1077,0
611,1077,0
1077,631,1
939,1077,0
1077,1077,1
1077,1104,1
1114,1077,0
1077,1215,1
1077,1273,1
1287,1077,0
1343,1077,0
1077,1404,0
1077,1416,1
1077,1511,1
1077,1586,0
1077,1594,1
1077,1703,0
2044,1077,0
1077,2368,1
1077,2445,1
1078,917,1
1078,1425,1
1078,1605,0
1078,2144,1
144,1079,0
997,1079,0
1079,1764,1
2010,1079,0
1080,1197,0
213,1081,0
286,1081,0
1081,400,1
1081,408,1
1081,430,1
666,1081,0
1081,1149,1
1793,1081,0
1081,2343,1
1083,1799,0
1083,2144,0
1094,1084,0
1215,1084,0
1084,1284,0
1772,1084,0
1084,2217,0
1085,4,1
1085,18,1
1085,73,1
78,1085,0
182,1085,0
213,1085,0
1085,224,1
1085,239,1
1085,259,1
1085,287,1
1085,327,1
328,1085,0
354,1085,0
1085,364,1
408,1085,0
1085,412,1
1085,450,1
1085,478,1
507,1085,0
512,1085,0
1085,535,1
1085,624,1
1085,634,1
1085,635,1
1085,676,1
1085,809,1
828,1085,0
1085,930,1
939,1085,0
1085,1039,1
1045,1085,0
1046,1085,0
1085,1148,0
1085,1167,1
1085,1189,1
1085,1215,1
1311,1085,0
1085,1340,1
1085,1367,1
1085,1387,1
1085,1421,1
1085,1423,1
1085,1481,1
1085,1493,0
1693,1085,0
1085,1726,1
1085,1730,1
1085,1764,1
1776,1085,0
1085,1786,1
1085,1790,1
1085,1836,1
1085,1867,1
1085,1868,1
1085,1913,1
1085,1914,0
1921,1085,0
1926,1085,0
1085,1963,1
1085,1997,1
1085,2076,1
1085,2086,1
2119,1085,0
1085,2126,1
1085,2232,1
1085,2238,1
1085,2254,1
1085,2278,1
2301,1085,0
2323,1085,0
1085,2342,1
1085,2366,1
2402,1085,0
63,1089,0
902,1089,0
144,1090,0
997,1090,0
1764,1090,0
2010,1090,0
1093,1821,0
1093,2237,0
1094,1268,0
1094,1832,0
1094,2259,0
1098,1964,0
1099,2284,0
1100,1690,0
1100,2015,0
1101,1518,0
1101,1534,0
1101,1987,0
1101,2099,0
1102,1725,0
1104,1370,0
1105,1343,0
1107,1777,0
64,1108,0
1108,2012,0
1108,2055,1
1108,2244,1
1108,2291,1
1108,2319,1
1108,2320,1
1108,2376,1
1108,2384,1
1108,2393,1
1108,2401,1
1108,2409,1
1110,1900,0
1111,2141,0
1112,1147,0
1112,2183,0
1113,1461,0
1114,1780,0
1115,1447,0
1115,1901,0
1115,2417,0
1116,2138,0
1117,2277,0
1120,414,1
1215,1120,0
1120,1275,0
1121,38,1
1121,113,1
1121,884,1
1121,1348,1
1121,2305,1
1122,1160,0
146,1123,0
1123,654,1
911,1123,0
1123,1050,1
1123,1425,1
1691,1123,0
2124,1123,0
1125,285,1
1125,667,1
1125,2020,0
203,1127,0
341,1127,0
399,1127,0
1127,618,1
654,1127,0
1127,690,1
1127,698,1
1127,891,1
1127,1035,1
1127,1290,1
1127,1500,1
1834,1127,0
1128,2119,0
1130,2187,0
1131,1145,0
1133,2275,0
1133,2295,0
1134,1565,0
1136,1939,0
1138,95,1
190,1138,0
725,1138,0
1138,1181,1
1138,1316,1
1377,1138,0
1138,1702,1
1138,1969,1
1138,2052,1
1138,2202,1
1138,2277,1
1140,1812,0
1140,1964,0
1140,2307,0
81,1142,0
117,1142,0
1142,148,1
157,1142,0
210,1142,0
1142,230,1
293,1142,0
1142,304,1
1142,326,1
388,1142,0
1142,414,1
472,1142,0
1142,490,1
495,1142,0
1142,614,1
1142,675,1
1142,814,1
876,1142,0
1142,939,1
1142,971,1
1142,1096,1
1142,1140,1
1142,1311,1
1142,1391,1
1760,1142,0
1142,1959,1
2058,1142,0
1142,2237,1
1142,2435,0
1143,1159,0
1143,1309,0
1143,1502,0
1145,1298,0
1147,1785,0
1149,1498,0
1149,1824,0
1149,1933,0
672,1150,0
1150,1468,0
1150,1496,0
1150,1728,0
1151,2425,0
1152,249,1
1152,2230,1
1154,38,1
1154,113,1
1154,188,1
1154,547,1
1154,884,1
982,1154,0
1154,1081,1
1154,1089,1
1154,1128,1
1154,1348,1
1154,1415,1
1154,1956,1
1154,2305,1
1156,1926,0
1158,1758,0
1158,2296,0
1159,27,1
1159,100,1
1159,134,1
1159,304,1
1159,307,1
309,1159,0
1159,336,1
393,1159,0
490,1159,0
1159,577,1
1159,635,1
1159,690,1
1159,707,1
795,1159,0
1159,823,1
1159,840,1
1159,843,1
870,1159,0
962,1159,0
1159,976,1
1159,1176,1
1182,1159,0
1159,1220,1
1234,1159,0
1235,1159,0
1365,1159,0
1159,1466,1
1159,1480,1
1521,1159,0
1543,1159,0
1648,1159,0
1159,1650,1
1159,1663,1
1159,1691,1
1159,1724,1
1159,1765,1
1773,1159,0
1159,1847,1
1159,1868,1
1159,1999,1
2098,1159,0
1159,2128,1
2353,1159,0
2423,1159,0
29,1160,0
1160,213,1
1160,759,1
1160,824,1
1058,1160,0
1160,1174,1
1160,1208,0
1160,1215,1
1160,1325,1
1161,1325,0
1161,1710,0
1161,2448,0
1162,255,1
415,1162,0
761,1162,0
1162,861,1
1162,1193,0
1162,1457,1
1162,1710,1
1162,1745,0
1162,1859,1
1162,1883,1
1162,1900,1
2132,1162,0
1162,2274,1
1162,2402,1
1162,2407,1
2408,1162,0
1163,939,1
1163,1427,1
1165,1906,0
1166,2068,0
1166,2231,0
1169,1516,0
1171,99,1
1171,1066,1
1171,1436,1
1171,1543,1
1171,1862,1
1171,2032,0
1172,1218,0
1401,1172,0
1172,1848,1
1172,2021,0
1172,2188,0
1173,1765,0
1173,2210,0
1174,1220,0
1174,2359,0
1175,1296,0
1175,1580,0
1176,2054,0
1176,2320,0
1177,30,1
339,1177,0
1177,829,1
1178,1734,0
1179,1924,0
1180,1293,0
241,1181,0
1181,587,1
1181,635,1
939,1181,0
1181,1215,1
1309,1181,0
1181,1316,1
1182,700,1
1182,846,1
1182,1824,1
1183,1505,0
1184,1234,0
1184,1995,0
1184,2367,0
1185,1470,0
1185,1691,0
1185,2146,0
1186,891,1
1186,1913,1
1186,2183,1
1192,1591,0
1196,1200,0
815,1197,0
1197,1826,1
1197,2326,0
619,1198,0
1198,1225,0
1199,1578,0
1199,1694,1
1201,2032,0
1202,108,1
1202,128,1
329,1202,0
1202,542,1
1202,732,1
1202,833,1
1316,1202,0
1202,1388,1
1202,1648,0
1202,1993,1
433,1203,0
1443,1203,0
1203,1701,0
1204,1577,0
1206,1716,0
1206,2045,0
1206,2267,0
1207,1577,0
1208,99,1
1208,122,1
1208,171,1
1208,307,1
326,1208,0
1208,632,1
1208,635,1
654,1208,0
659,1208,0
1208,667,1
1208,959,1
1208,1035,1
1208,1049,1
1077,1208,0
1208,1126,1
1196,1208,0
1319,1208,0
1208,1321,1
1208,1338,1
1208,1541,0
1208,1643,1
1208,1812,1
1208,1827,0
1208,1874,1
1208,1904,0
1208,2044,1
1208,2061,1
1208,2205,1
1208,2346,1
1209,1260,0
1209,1465,1
1209,2265,0
1209,2385,1
1211,2290,0
283,1212,0
1212,505,1
1239,1212,0
1212,1383,1
1415,1212,0
1441,1212,0
1212,1842,1
2053,1212,0
1212,2127,1
1212,2137,1
1212,2309,1
1214,71,1
270,1214,0
1214,1650,0
1215,8,1
1215,9,1
1215,40,1
1215,44,1
174,1215,0
1215,203,1
1215,279,1
1215,367,1
1215,378,1
412,1215,0
449,1215,0
1215,512,1
1215,518,1
522,1215,0
1215,546,1
591,1215,0
633,1215,0
1215,635,1
1215,690,1
1215,744,1
1215,759,1
1215,800,1
801,1215,0
809,1215,0
1215,833,1
877,1215,0
891,1215,0
899,1215,0
1215,922,1
1215,939,1
1215,977,1
1215,1055,1
1215,1119,1
1215,1175,1
1215,1176,1
1179,1215,0
1215,1198,1
1202,1215,0
1215,1307,0
1215,1311,1
1315,1215,0
1215,1432,1
1455,1215,0
1466,1215,0
1215,1530,1
1215,1553,1
1569,1215,0
1576,1215,0
1602,1215,0
1654,1215,0
1215,1691,1
1215,1729,1
1215,1736,1
1215,1746,1
1896,1215,0
1215,1899,1
1215,1901,1
1965,1215,0
1215,1986,1
2113,1215,0
1215,2236,1
1215,2237,1
1215,2238,1
1215,2276,1
1215,2330,1
1215,2333,1
1215,2334,1
1215,2340,1
1215,2347,1
2378,1215,0
1215,2389,1
1215,2422,1
1218,531,1
624,1218,0
1218,1817,0
1219,1491,0
1220,65,1
129,1220,0
237,1220,0
290,1220,0
303,1220,0
450,1220,0
1220,469,1
617,1220,0
1220,629,1
1220,690,1
704,1220,0
710,1220,0
745,1220,0
1220,939,1
1345,1220,0
1220,1349,1
1385,1220,0
1220,1511,1
1877,1220,0
1220,1921,1
1220,1926,1
1220,1968,1
1220,2047,1
1220,2163,1
2268,1220,0
1221,508,1
1221,984,1
1221,1658,0
1222,843,1
1490,1222,0
1222,2410,1
1223,355,1
1223,585,1
1223,1461,1
1552,1223,0
1223,1781,0
1853,1223,0
1223,2263,1
2289,1223,0
1223,2373,1
47,1225,0
1225,81,1
99,1225,0
136,1225,0
1225,213,1
1110,1225,0
1225,1213,1
1225,1675,1
1895,1225,0
1226,512,1
1226,2139,0
1227,1377,0
1228,700,1
1228,1465,1
1228,1748,0
1228,1902,0
1228,2032,0
1228,2385,1
1229,1987,0
1229,2222,0
1231,63,1
215,1231,0
1231,269,1
326,1231,0
1231,433,1
1231,470,1
1231,519,1
620,1231,0
1231,638,1
1231,709,1
1231,833,1
1215,1231,0
1298,1231,0
1231,1515,0
1231,1557,0
2081,1231,0
1232,1255,0
1232,1501,0
1232,2172,0
1232,2203,0
1233,1711,0
1234,1993,0
1234,2200,0
1236,1892,0
1237,1362,0
1238,2013,0
1241,1447,0
1241,2282,0
1242,1511,0
1242,2145,0
1243,1614,0
1245,1883,0
1245,2361,0
1245,2400,0
1246,1413,0
1246,1481,0
1247,1723,0
1249,1532,0
1250,1355,0
1250,1941,0
340,1252,0
1252,2098,0
1252,2159,0
126,1253,0
1253,214,1
1253,274,1
635,1253,0
1253,660,1
1253,687,1
1253,939,1
1064,1253,0
1253,1215,1
1219,1253,0
1224,1253,0
1251,1253,0
1253,1351,1
1253,1419,0
1253,1526,0
1885,1253,0
1253,1913,1
1253,1989,0
1253,2068,1
1253,2125,1
2140,1253,0
1253,2225,1
1253,2456,1
334,1254,0
1254,1973,1
1256,1406,0
1257,1672,0
1258,1394,0
1259,1304,0
1259,1417,0
1259,1839,0
1259,2435,0
1260,1647,0
1260,2068,0
1261,1751,0
1261,1756,0
1262,1552,0
1262,1613,0
1263,2165,0
1264,63,1
1264,282,1
1264,333,1
1264,470,1
1264,635,1
833,1264,0
1264,1215,1
1555,1264,0
1264,1728,1
1264,1820,1
1264,1905,0
1264,1987,1
1264,1999,1
1264,2081,1
1264,2183,1
1264,2266,1
1264,2364,1
1265,2175,0
1266,2220,0
1268,519,1
1268,745,1
1445,1268,0
1268,1596,0
1682,1268,0
1271,2102,0
1272,2247,0
1274,1021,1
1274,1294,1
1274,2120,0
1275,1864,0
1275,1930,0
1275,1953,0
1275,1962,0
1276,1469,0
1276,2009,0
1277,415,1
1277,571,1
1277,788,1
1277,1426,0
1277,1657,1
1277,2160,0
1277,2426,1
1279,1730,0
1280,34,1
1280,47,1
266,1280,0
1280,690,1
801,1280,0
939,1280,0
1094,1280,0
1118,1280,0
1280,1215,1
1280,1280,1
1868,1280,0
1280,1925,0
1280,2284,1
2383,1280,0
1281,1737,0
1282,21,1
275,1282,0
347,1282,0
563,1282,0
1282,595,1
1282,604,1
635,1282,0
648,1282,0
1282,814,1
1282,939,1
1282,979,1
1009,1282,0
1282,1073,1
1074,1282,0
1215,1282,0
1278,1282,0
1419,1282,0
1585,1282,0
1282,1641,1
1282,1794,1
1282,1895,1
1282,1903,1
1282,1905,1
1282,1906,1
1908,1282,0
1921,1282,0
1282,2176,1
2178,1282,0
1282,2248,1
2252,1282,0
1282,2336,1
2337,1282,0
1283,1629,1
99,1284,0
1284,2228,0
1285,1321,0
1285,1771,0
1286,1568,1
1286,1610,0
1287,1834,0
21,1288,0
1288,275,1
347,1288,0
1288,595,1
1288,604,1
648,1288,0
1288,814,1
1009,1288,0
1288,1074,1
1288,1077,1
1585,1288,0
1288,1587,0
1288,1641,1
1288,1904,1
1288,1906,1
1909,1288,0
1288,1921,1
1288,1975,1
1288,2170,1
1288,2171,1
2176,1288,0
1288,2178,1
1288,2252,1
1288,2336,1
2337,1288,0
1291,1306,0
1291,2147,0
1292,149,1
1292,343,1
1292,394,1
631,1292,0
1292,822,1
889,1292,0
1292,893,1
939,1292,0
1077,1292,0
1292,1104,1
1292,1215,1
1292,1287,1
1292,1384,1
1292,1523,1
1292,1925,1
1292,1972,1
1292,2090,1
1292,2313,0
1293,1493,0
1293,1626,0
1294,1669,0
1295,1469,0
1295,1875,0
1295,2064,0
1297,1836,0
1297,1855,0
1299,1816,0
1299,2268,0
1300,269,1
1300,939,1
1300,1307,0
1300,1710,0
2368,1300,0
1302,700,1
1302,779,1
1302,959,1
1302,1445,1
1302,1690,1
1723,1302,0
1824,1302,0
1302,2242,1
1302,2295,0
1304,63,1
1304,340,1
1304,927,1
1304,1085,1
1304,1580,0
1304,1720,0
1834,1304,0
1633,1305,0
1306,625,1
1307,1482,0
1307,1573,0
1309,526,1
1291,1309,0
1309,1441,1
1309,1461,0
1309,1500,1
1310,1874,0
7,1311,0
1311,47,1
1311,55,1
1311,80,1
1311,88,1
1311,97,1
1311,101,1
106,1311,0
1311,109,1
1311,134,1
1311,149,1
1311,155,1
1311,179,1
186,1311,0
223,1311,0
253,1311,0
1311,262,1
1311,269,1
1311,285,1
1311,290,1
1311,332,1
1311,358,1
369,1311,0
459,1311,0
1311,471,1
1311,493,1
1311,494,1
1311,503,1
1311,553,1
1311,554,1
1311,563,1
1311,629,1
635,1311,0
1311,654,1
1311,681,1
1311,683,1
1311,690,1
701,1311,0
1311,714,1
1311,720,1
1311,735,1
1311,736,1
1311,781,1
1311,800,1
1311,838,1
855,1311,0
1311,862,1
1311,874,1
1311,877,1
1311,892,1
1311,920,1
997,1311,0
1311,1033,1
1039,1311,0
1311,1042,1
1311,1049,1
1057,1311,0
1311,1058,1
1311,1069,1
1078,1311,0
1311,1088,1
1311,1098,1
1311,1126,1
1311,1150,1
1311,1182,1
1263,1311,0
1311,1278,1
1292,1311,0
1310,1311,0
1311,1311,1
1311,1315,1
1311,1325,1
1329,1311,0
1311,1342,1
1311,1351,1
1311,1404,1
1405,1311,0
1311,1439,1
1311,1447,1
1311,1454,1
1311,1455,1
1471,1311,0
1311,1541,1
1592,1311,0
1311,1603,1
1629,1311,0
1311,1653,1
1311,1665,1
1311,1677,1
1691,1311,0
1311,1729,1
1311,1744,1
1311,1760,1
1311,1773,1
1798,1311,0
1311,1802,1
1819,1311,0
1873,1311,0
1887,1311,0
1311,1913,1
1311,1921,1
1311,1924,1
1946,1311,0
1311,2005,1
2019,1311,0
1311,2032,1
2034,1311,0
1311,2067,1
1311,2085,1
1311,2113,1
1311,2130,1
1311,2221,1
1311,2231,1
1311,2238,1
2299,1311,0
1311,2303,1
2345,1311,0
2406,1311,0
939,1312,0
1312,2475,0
1313,51,1
1302,1313,0
1313,1350,1
1873,1313,0
1314,100,1
188,1314,0
254,1314,0
1314,433,1
1314,563,1
637,1314,0
1314,758,1
974,1314,0
1215,1314,0
1314,1348,1
1314,1621,1
1747,1314,0
1314,2271,0
1314,2466,1
1316,2091,0
1316,2449,0
1317,603,1
1317,679,1
1317,923,1
1317,928,1
1317,1293,1
1317,1441,1
1317,1547,1
1317,1611,1
1317,1618,1
1317,2220,1
1318,1340,0
1318,2444,0
1319,2269,0
1320,1745,0
1321,1571,0
1321,1724,0
1275,1323,0
1323,1511,0
1324,1835,0
1324,2365,0
1326,2039,0
1328,1728,0
1328,1917,0
1330,1590,0
1330,2235,0
1331,1544,0
1331,2022,0
1332,300,1
1332,605,1
1086,1332,0
1332,1239,1
1332,1441,1
1332,1503,1
2075,1332,0
1332,2224,1
2308,1332,0
47,1334,0
1334,419,1
1334,1092,1
1334,2352,0
1335,1349,0
1336,1668,0
1337,1882,1
1337,2256,0
1338,1896,0
1339,78,1
1339,139,1
163,1339,0
182,1339,0
1339,302,1
1339,354,1
1339,364,1
1339,408,1
411,1339,0
1339,624,1
1339,634,1
717,1339,0
1339,741,1
773,1339,0
791,1339,0
817,1339,0
1339,886,1
1045,1339,0
1339,1135,1
1339,1153,1
1339,1167,1
1339,1189,1
1339,1303,1
1339,1387,1
1339,1423,1
1339,1470,1
1339,1481,1
1522,1339,0
1339,1535,1
1339,1561,1
1610,1339,0
1615,1339,0
1339,1655,1
1693,1339,0
1339,1726,1
1776,1339,0
1339,1786,1
1339,1790,1
1793,1339,0
1809,1339,0
1339,1836,1
1339,1867,1
1339,1963,1
1997,1339,0
2065,1339,0
1339,2180,1
1339,2232,1
1339,2238,1
2254,1339,0
2301,1339,0
1339,2343,0
1340,63,1
1340,635,1
1340,644,1
761,1340,0
781,1340,0
1580,1340,0
1340,1626,1
1340,1878,0
1340,1900,1
1920,1340,0
1340,2351,0
1340,2361,1
1343,1575,0
1344,1715,0
1345,1077,1
1345,1914,0
1346,79,1
1346,80,1
1346,99,1
690,1346,0
1346,750,1
1346,1946,0
1346,1965,1
1346,2248,0
1348,673,1
1348,674,1
994,1348,0
1351,1391,0
1353,64,1
1353,1476,0
1353,1570,0
2055,1353,0
1353,2222,1
1353,2244,1
1353,2317,1
1353,2320,1
1353,2376,1
1353,2384,1
2393,1353,0
1353,2401,1
1353,2409,1
1354,2361,0
1354,2445,0
1355,29,1
1355,203,1
1355,251,1
1355,399,1
452,1355,0
459,1355,0
1355,577,1
599,1355,0
654,1355,0
1355,656,1
1355,661,1
1355,664,1
1355,690,1
1355,857,1
920,1355,0
939,1355,0
1355,1048,1
1355,1265,1
1355,1318,1
1355,1489,1
1355,1510,1
1355,1530,1
1576,1355,0
1355,1712,1
1355,1879,1
1355,1897,0
1355,1921,1
1355,1993,1
2035,1355,0
2203,1355,0
1356,2122,0
1357,1503,0
1358,1414,0
1358,1602,0
1358,1980,1
1359,102,1
1359,408,1
1359,427,1
1359,624,1
1359,634,1
1359,690,1
1359,737,1
864,1359,0
1359,935,1
1359,939,1
1359,963,1
1359,1072,1
1359,1094,1
1359,1307,1
1359,1351,1
1359,1383,1
1359,1415,1
1416,1359,0
1359,1430,0
1359,1441,1
1359,1466,1
1359,1488,1
1359,1601,1
1359,1783,1
1921,1359,0
1359,1965,1
1359,2015,1
2035,1359,0
1359,2053,1
1359,2183,1
1359,2293,1
1359,2305,0
1359,2342,1
2426,1359,0
1359,2462,1
1360,1158,1
1361,1494,0
1361,1537,0
1361,1712,0
1361,2332,0
1363,1563,0
1364,1539,0
1365,79,1
1365,430,1
563,1365,0
1365,1091,1
1365,1278,1
1469,1365,0
1365,2039,1
2044,1365,0
1366,1670,0
1367,1978,0
1368,2016,0
1371,1624,0
1371,1663,1
1371,1872,0
1372,1507,0
1373,1487,0
1374,1665,0
1375,1774,0
1376,1639,0
1377,1274,1
1377,2160,0
1378,539,1
1378,2085,0
399,1380,0
1380,2100,0
1380,2216,0
23,1381,0
293,1381,0
1381,537,1
559,1381,0
1381,603,1
619,1381,0
645,1381,0
1381,1205,1
1381,1236,1
1473,1381,0
1381,1600,1
1778,1381,0
1381,1846,1
1381,1913,1
1955,1381,0
1381,1999,1
2404,1381,0
1383,2271,0
1384,1523,0
1386,1892,0
1386,2112,0
1387,1715,0
1387,2046,0
1391,1915,0
1393,399,1
1393,1709,0
1395,2078,0
1396,206,1
1396,370,1
619,1396,0
1396,913,1
1113,1396,0
1122,1396,0
1347,1396,0
1953,1396,0
1400,654,1
939,1400,0
1400,1196,1
1400,1215,1
1400,2224,0
1400,2372,0
1401,1755,0
1403,102,1
1403,133,1
189,1403,0
408,1403,0
427,1403,0
432,1403,0
1403,602,1
1403,624,1
1403,628,1
1403,634,1
635,1403,0
1403,690,1
1403,716,1
1403,729,1
1403,737,1
743,1403,0
935,1403,0
963,1403,0
1403,1232,1
1403,1307,1
1403,1351,1
1403,1383,1
1403,1415,1
1403,1466,1
1403,1495,1
1403,1513,1
1403,1545,1
1403,1601,1
1403,1643,0
1403,1711,1
1403,1724,1
1847,1403,0
1403,1912,1
1403,1965,1
2015,1403,0
1403,2035,1
1403,2053,1
1403,2342,1
1403,2411,1
1403,2426,1
1404,213,1
1404,1763,0
1404,2328,0
1406,1468,0
1408,1491,0
1408,1792,0
939,1409,0
1409,1834,1
1409,2219,0
1409,2258,0
1410,1726,0
1411,107,1
1411,870,1
1411,1539,1
1411,1819,0
1411,1854,0
1868,1411,0
1411,1999,1
1411,2447,1
1412,1788,0
1414,2101,0
1417,2331,1
1418,1901,0
1418,2187,0
1418,2319,0
1419,1498,0
1421,1535,0
939,1422,0
1422,2072,0
1422,2281,1
1423,1892,0
1423,2449,0
1424,2394,0
1425,2219,0
1426,1497,0
1426,2221,0
1428,1555,0
1428,1803,0
1429,1758,0
1431,1594,0
1431,1834,0
1431,2004,0
1432,2203,0
1433,2009,0
95,1435,0
1435,190,1
1435,1181,1
1316,1435,0
1377,1435,0
1969,1435,0
1435,2202,1
1435,2277,1
99,1436,0
1436,281,1
1436,1735,0
1848,1436,0
1436,1935,0
2118,1436,0
2144,1436,0
1436,2331,1
1437,1854,0
1437,1993,1
1438,629,1
632,1438,0
672,1438,0
1438,1321,1
1438,1777,0
1438,1958,1
1438,2325,1
1438,2327,1
63,1439,0
1439,283,1
1439,470,1
1439,638,1
684,1439,0
1439,687,1
833,1439,0
1215,1439,0
1230,1439,0
1439,1820,1
1999,1439,0
2081,1439,0
1441,2351,0
1443,1573,0
1443,2087,0
1444,1765,0
1444,1810,0
1444,2196,0
1445,1937,0
1450,8,1
80,1450,0
1450,207,1
304,1450,0
653,1450,0
1450,781,1
1450,1351,1
1450,1418,1
1450,1698,0
1450,1921,1
1450,2033,0
1450,2149,1
1450,2356,1
1452,99,1
1452,1886,1
1452,2015,0
1452,2267,0
1452,2345,0
1453,2407,0
1454,1504,0
1454,2371,0
1458,1729,0
1459,99,1
1459,153,1
1459,2316,1
1460,1475,0
1461,1927,0
1461,2076,0
1461,2411,0
1464,1466,0
1465,2130,0
1467,1508,0
1467,2434,0
1468,2137,0
1469,90,1
1469,131,1
369,1469,0
1469,408,1
635,1469,0
1469,654,1
1469,809,1
1469,870,1
1469,885,1
1469,889,1
891,1469,0
939,1469,0
1469,997,1
1469,1028,1
1042,1469,0
1469,1060,1
1469,1072,1
1080,1469,0
1263,1469,0
1269,1469,0
1330,1469,0
1469,1407,1
1469,1413,1
1469,1425,1
1469,1501,1
1469,1532,1
1469,1541,1
1469,1574,1
1469,1722,1
1469,1774,0
1469,1821,1
1469,1834,1
1469,1836,1
1469,1864,1
1469,1892,1
1469,1974,1
1469,1989,1
1469,2342,1
1469,2447,1
1470,1707,0
1472,399,1
635,1472,0
1215,1472,0
1472,1567,1
1620,1472,0
1472,1802,1
1472,2269,1
1472,2409,0
1473,2179,0
1474,265,1
1474,635,1
1475,61,1
1475,191,1
1475,376,1
1475,413,1
437,1475,0
1475,527,1
1475,655,1
1475,685,1
1475,824,1
1475,1025,1
1475,1095,1
1475,1119,1
1233,1475,0
1475,1336,1
1475,1404,1
1462,1475,0
1598,1475,0
1644,1475,0
1475,1766,1
1475,1813,1
1477,1543,0
1478,2443,0
1479,1864,0
1480,312,1
1480,449,1
1480,653,1
1480,758,1
1480,1205,1
1480,1272,1
1480,1405,1
1480,1480,1
1480,1543,1
1480,1551,1
1480,1650,1
1480,1691,1
1480,1705,1
1480,1851,1
1480,2238,1
2349,1480,0
1482,2408,0
1484,2261,0
1485,265,1
1486,213,1
1486,954,1
1486,1836,0
1487,2011,0
1487,2093,0
1487,2424,0
1488,2051,0
1490,2109,0
1491,63,1
326,1491,0
1491,470,1
669,1491,0
1491,687,1
1491,833,1
1491,1215,1
1298,1491,0
1999,1491,0
1491,2183,1
1492,628,1
1496,415,1
1496,535,1
1496,1749,0
1497,1499,0
373,1498,0
1498,1050,1
1498,1446,1
1498,2473,0
1499,2051,0
1500,1681,0
1500,2377,0
834,1503,0
1503,1415,1
1503,1532,0
1503,1758,0
2053,1503,0
1503,2172,0
1504,2285,0
1505,269,1
1505,304,1
1505,1311,1
1505,1583,0
1507,1118,1
1508,1994,0
1509,2280,0
1510,1812,0
1512,1513,0
1512,2249,0
1513,2040,0
1514,1667,0
1515,1509,1
1515,2356,0
1517,2326,0
1518,2333,0
560,1519,0
1519,1477,1
1519,1540,1
1519,2418,0
245,1520,0
1520,351,1
1520,563,1
812,1520,0
1520,939,1
1520,1404,1
1520,1533,1
1520,1900,0
1521,1874,0
1522,1545,0
1524,2173,0
1525,1952,0
1525,2230,0
1525,2249,0
1526,386,1
2238,1526,0
1527,2190,0
29,1531,0
188,1531,0
646,1531,0
1531,700,1
1531,732,1
959,1531,0
1531,1348,1
1664,1531,0
1532,1543,0
1535,1887,0
1535,2160,0
1536,2376,0
1537,2048,0
1538,1760,0
1539,1561,0
1539,1646,0
1539,1664,0
1539,1815,0
1539,2185,0
1539,2251,0
1540,1857,0
1540,2020,0
1542,635,1
1542,826,1
1542,939,1
1542,1469,1
2122,1542,0
1542,2393,0
1543,79,1
1543,276,1
1543,294,1
328,1543,0
350,1543,0
1543,353,1
575,1543,0
1543,644,1
829,1543,0
1543,1259,1
1516,1543,0
1543,1543,1
1543,1583,0
1543,1754,1
1543,1847,1
1543,1884,0
1544,98,1
1544,328,1
341,1544,0
1544,412,1
1544,600,1
1544,707,1
870,1544,0
908,1544,0
1544,1170,1
1182,1544,0
1544,1543,1
1544,1581,0
1544,1765,1
1868,1544,0
1544,1999,1
2098,1544,0
1545,1727,0
1546,102,1
1546,432,1
624,1546,0
1546,628,1
1546,634,1
1546,635,1
1546,690,1
1546,737,1
763,1546,0
1546,864,1
1546,900,1
1546,935,1
1546,939,1
1546,963,1
1546,1094,1
1546,1383,1
1546,1415,1
1546,1441,1
1466,1546,0
1546,1488,1
1546,1724,1
1546,1836,1
1847,1546,0
1546,1868,1
1546,1912,1
1546,1921,1
1546,1965,1
2015,1546,0
1546,2035,1
1546,2053,1
1546,2109,0
1546,2183,1
1546,2293,1
2342,1546,0
1546,2426,1
1546,2462,1
1547,2346,0
1547,2354,0
1548,2193,0
755,1549,0
1182,1549,0
1549,2378,0
1551,1730,0
1551,2091,0
1552,1753,0
1553,1617,0
1553,2422,0
1554,1715,0
1558,870,1
908,1558,0
1868,1558,0
1999,1558,0
1558,2062,0
1559,213,1
1559,346,1
1559,386,1
1559,445,1
1559,520,1
1559,523,1
1559,571,1
1559,583,1
1559,686,1
786,1559,0
1559,814,1
1559,891,1
1559,910,1
966,1559,0
1559,1054,1
1559,1183,1
1559,1239,1
1559,1293,1
1331,1559,0
1630,1559,0
1559,1663,1
1559,1691,1
1717,1559,0
1559,1762,1
1559,1968,1
1559,2026,1
1559,2058,1
1559,2095,1
1559,2111,1
1559,2279,1
1560,1813,0
1561,2164,0
1564,1991,1
1564,2289,0
1565,2444,0
2240,1566,0
1566,2276,0
1567,1728,0
1567,1748,0
1568,19,1
1568,169,1
1568,292,1
1568,690,1
1568,964,1
1102,1568,0
1448,1568,0
1663,1568,0
1568,1682,1
1568,1715,1
1568,1972,1
1568,1976,1
1568,2035,1
1568,2138,1
1568,2242,1
2469,1568,0
1569,1781,0
1570,2395,0
1572,1664,0
1688,1572,0
1572,1921,1
1575,635,1
1327,1575,0
1575,1985,1
1575,2010,1
47,1578,0
1578,1278,1
1578,2087,1
1578,2308,0
1579,1876,0
1581,1918,0
1586,441,1
1586,665,1
1587,1657,0
1588,1740,0
1847,1588,0
1592,1630,0
1595,1923,0
1596,2125,1
1596,2271,0
1597,408,1
1597,634,1
1597,935,1
1322,1597,0
1488,1597,0
1836,1597,0
1597,2342,1
1599,2066,0
1600,2137,0
1601,1765,0
1603,1630,0
1603,1980,0
1603,2187,0
1604,1834,1
1604,2068,0
1604,2444,0
23,1606,0
214,1606,0
1606,706,1
725,1606,0
1181,1606,0
1702,1606,0
2052,1606,0
1607,2200,0
1847,1608,0
546,1609,0
1609,619,1
1609,974,1
1609,1215,1
1609,1819,1
2035,1609,0
1609,2183,1
1609,2443,1
1611,1857,0
1613,2253,0
1615,2393,0
1616,619,1
823,1616,0
1616,1018,1
1616,1142,1
1976,1616,0
1616,2462,0
144,1617,0
1617,628,1
1617,997,1
2010,1617,0
1618,1635,0
1619,2282,0
1621,2016,0
939,1623,0
1624,1772,0
1624,1914,0
304,1625,0
647,1625,0
1625,2165,0
1627,2167,0
1628,2443,0
28,1629,0
1629,32,1
195,1629,0
1629,307,1
974,1629,0
1040,1629,0
1629,1049,1
1992,1629,0
1630,2103,0
1631,32,1
1631,672,1
1631,939,1
959,1631,0
1631,1113,1
1196,1631,0
1631,1565,1
1632,571,1
1632,881,1
2426,1632,0
1634,1497,1
1635,1762,0
1636,2364,0
1637,216,1
1637,591,1
1702,1637,0
2148,1637,0
1639,1642,0
1639,2325,0
1641,2228,0
1645,385,1
412,1645,0
1645,1764,0
1645,1848,1
1645,1875,1
1645,2074,0
2405,1645,0
1646,2317,0
1648,1824,0
1649,2398,0
1651,1762,0
1652,673,1
1652,810,1
1652,1205,1
1652,2077,0
1652,2385,1
1653,328,1
1215,1653,0
2128,1653,0
1655,1999,0
1660,2324,0
1662,2145,0
1663,1763,0
1665,2284,0
1666,1907,0
1666,2255,0
1668,1674,0
1669,2452,0
79,1670,0
1670,1460,1
1670,2124,1
1670,2307,0
1671,1613,1
1671,1673,1
1671,2446,1
241,1672,0
1672,939,1
1672,1215,1
1672,1316,1
1672,1827,0
1672,1834,1
1673,1930,0
1673,2424,0
1678,1749,0
574,1679,0
1679,1264,1
1414,1679,0
1680,1738,1
1680,1864,0
1680,1939,0
924,1681,0
1681,1731,1
1681,1993,1
1681,2169,0
1681,2419,0
1683,1900,0
1685,1980,0
1685,2184,0
1686,1835,0
1686,2122,0
1689,2411,0
1691,2241,0
1692,690,1
1692,847,1
1692,902,1
1692,1420,1
1693,2005,0
1696,2403,0
1697,496,1
1697,1234,1
1697,2313,0
1700,92,1
1700,176,1
1700,196,1
1700,380,1
1700,690,1
796,1700,0
1700,1005,1
1700,1126,1
1700,1195,1
1467,1700,0
1700,1865,1
1700,2105,1
1700,2225,1
1701,187,1
1701,2318,0
241,1702,0
1702,587,1
635,1702,0
1702,813,1
1702,969,1
1005,1702,0
1202,1702,0
1702,1309,1
1702,2171,0
1702,2273,1
1703,1746,0
1704,1798,0
1704,1918,0
1705,1870,0
1709,415,1
1709,465,1
713,1709,0
1331,1709,0
1709,2112,1
269,1710,0
1710,383,1
1713,2117,0
1714,2391,0
1717,1778,0
1717,2212,0
1718,889,1
1719,300,1
1719,605,1
1719,1086,1
1719,1441,1
1719,1503,1
1719,2075,1
1719,2119,0
2224,1719,0
2308,1719,0
1719,2324,1
1725,2229,0
1726,2473,0
1727,2048,0
1728,1839,0
1728,1987,0
1730,2287,0
739,1731,0
1731,924,1
1733,3,1
1733,255,1
1733,293,1
1733,315,1
325,1733,0
1733,464,1
693,1733,0
1733,761,1
1733,861,1
1733,939,1
1733,1405,1
1583,1733,0
1704,1733,0
1733,2020,1
2299,1733,0
1733,2408,1
1734,30,1
1734,59,1
1734,244,1
1734,311,1
1196,1734,0
1734,1263,1
1734,1799,1
1734,2446,1
1735,1754,0
1738,273,1
1739,2473,0
1741,1991,0
1741,2358,0
1744,430,1
1744,2056,0
1744,2204,0
681,1746,0
1860,1746,0
1746,2318,1
1749,706,1
1750,1233,1
1750,2429,0
1751,296,1
1717,1751,0
1751,2072,0
1660,1753,0
1753,1782,0
1753,2348,0
1757,1534,1
1757,1607,1
1757,1937,0
1759,635,1
1759,2035,1
1760,2124,0
1761,1901,0
1761,2120,0
1762,1921,0
1762,2233,0
1763,1935,0
1767,1936,0
1767,2006,0
1768,2042,0
119,1769,0
25,1770,0
1770,32,1
126,1770,0
1770,176,1
1770,213,1
1770,242,1
335,1770,0
687,1770,0
1770,706,1
1770,728,1
1770,743,1
1770,751,1
1770,820,1
833,1770,0
872,1770,0
1770,939,1
1770,1052,1
1770,1064,1
1147,1770,0
1770,1205,1
1770,1215,1
1770,1219,1
1770,1251,1
1770,1351,1
1770,1705,1
1770,1868,1
1770,1898,1
1770,1913,1
1921,1770,0
1770,1978,1
1770,2063,1
1770,2199,0
1770,2309,1
1770,2456,1
99,1771,0
1771,116,1
1771,144,1
188,1771,0
309,1771,0
361,1771,0
1771,412,1
1771,520,1
1771,563,1
1771,587,1
1771,608,1
637,1771,0
1771,659,1
1771,833,1
939,1771,0
1771,1145,1
1156,1771,0
1771,1215,1
1425,1771,0
1771,1621,1
1679,1771,0
1771,1691,1
1705,1771,0
1771,1790,1
1771,1793,1
1817,1771,0
1832,1771,0
1771,2010,1
1771,2011,0
1771,2189,1
2200,1771,0
1771,2267,1
1772,2210,0
635,1773,0
1290,1773,0
1773,1633,1
1773,1834,1
1868,1773,0
1659,1774,0
1777,258,1
1777,300,1
412,1777,0
1777,846,1
1778,2071,0
1780,2141,0
1782,654,1
911,1782,0
1425,1782,0
1427,1782,0
1783,1876,0
1784,1833,0
1787,220,1
1787,2345,0
1787,2374,0
1789,1990,0
1792,1977,0
1793,2301,0
1796,1389,1
1797,2113,0
1799,2196,0
1800,2438,0
79,1802,0
228,1802,0
1802,635,1
687,1802,0
1802,819,1
833,1802,0
1802,1215,1
1802,1230,1
1280,1802,0
1802,1728,1
1802,2035,1
1804,505,1
711,1804,0
2137,1804,0
1805,2143,0
1805,2283,0
1806,68,1
190,1806,0
214,1806,0
584,1806,0
1806,725,1
1806,797,1
1806,1196,1
1215,1806,0
1377,1806,0
1672,1806,0
1702,1806,0
1806,1918,1
1806,1926,1
1969,1806,0
1806,1983,0
1806,2052,1
1807,3,1
1808,1691,1
1809,2081,0
82,1810,0
1810,891,1
1482,1810,0
1810,1811,1
1810,1925,1
1810,2058,1
1811,2181,0
1811,2439,0
1812,1857,0
1812,2048,0
1813,1965,0
1814,1963,1
1815,2178,0
1816,1196,1
1816,1989,0
1234,1818,0
1819,65,1
80,1819,0
1819,114,1
1819,126,1
1819,130,1
1819,188,1
1819,326,1
1819,340,1
361,1819,0
1819,375,1
404,1819,0
1819,412,1
1819,417,1
1819,436,1
1819,520,1
1819,525,1
542,1819,0
1819,602,1
603,1819,0
1819,608,1
1819,625,1
1819,628,1
1819,634,1
635,1819,0
1819,660,1
1819,665,1
1819,667,1
673,1819,0
1819,674,1
687,1819,0
1819,690,1
700,1819,0
1819,705,1
709,1819,0
1819,718,1
728,1819,0
743,1819,0
1819,798,1
1819,806,1
833,1819,0
1819,843,1
1819,864,1
1819,872,1
1819,877,1
893,1819,0
1819,902,1
1819,939,1
1819,951,1
1819,1009,1
1819,1058,1
1066,1819,0
1168,1819,0
1196,1819,0
1819,1205,1
1206,1819,0
1819,1208,1
1215,1819,0
1819,1219,1
1819,1224,1
1242,1819,0
1819,1251,1
1819,1258,1
1819,1268,1
1282,1819,0
1819,1320,1
1819,1351,1
1819,1385,1
1819,1404,1
1819,1466,1
1819,1565,1
1819,1621,1
1638,1819,0
1819,1654,1
1658,1819,0
1691,1819,0
1704,1819,0
1819,1705,1
1724,1819,0
1819,1824,1
1836,1819,0
1868,1819,0
1819,1898,1
1819,1899,1
1819,1913,1
1819,1914,1
1819,1921,1
1819,1926,1
1929,1819,0
1819,1932,1
1984,1819,0
1819,1992,1
1998,1819,0
1819,2063,1
2064,1819,0
2077,1819,0
1819,2124,1
2140,1819,0
1819,2179,1
1819,2191,1
1819,2342,1
1819,2395,1
1819,2411,1
1819,2427,1
1819,2456,1
1819,2475,1
1821,2010,0
1822,2021,0
1823,939,1
1824,2379,0
1826,2334,0
1827,1977,0
1828,2282,0
1763,1831,0
1831,2149,0
1833,340,1
1014,1833,0
24,1834,0
79,1834,0
1834,99,1
158,1834,0
1834,213,1
1834,272,1
1834,348,1
1834,386,1
1834,394,1
1834,439,1
471,1834,0
1834,480,1
1834,766,1
1834,825,1
1834,1117,1
1834,1290,1
1834,1316,1
1325,1834,0
1327,1834,0
1834,1363,1
1834,1527,1
1834,1575,1
1834,1641,1
1834,1667,1
1834,1737,1
1758,1834,0
1802,1834,0
1834,1877,1
1834,1907,1
1834,1926,1
1834,1948,1
1834,1955,1
1834,1967,1
1834,2035,1
2054,1834,0
1834,2064,1
1834,2116,1
2144,1834,0
1834,2197,1
1834,2224,1
1834,2345,1
2351,1834,0
687,1835,0
1835,819,1
1835,1921,1
1840,2159,0
50,1842,0
1842,505,1
1239,1842,0
1415,1842,0
1842,1441,1
1842,1676,1
1842,2151,1
1842,2233,1
1844,430,1
1844,1327,1
1844,2342,0
1845,2162,0
1846,2197,0
1849,79,1
1849,566,1
1514,1849,0
1611,1849,0
2331,1849,0
1852,1955,0
1853,2416,0
1854,757,1
1854,906,1
1854,1277,1
1854,2459,1
1858,2213,0
1040,1861,0
1861,2173,0
1862,2270,0
2035,1866,0
11,1868,0
1868,29,1
1868,32,1
80,1868,0
1868,213,1
214,1868,0
1868,232,1
242,1868,0
1868,274,1
307,1868,0
1868,328,1
1868,341,1
345,1868,0
1868,391,1
412,1868,0
1868,457,1
1868,603,1
1868,619,1
625,1868,0
635,1868,0
1868,660,1
690,1868,0
1868,707,1
1868,843,1
1868,867,1
1868,949,1
1868,959,1
1066,1868,0
1100,1868,0
1868,1147,1
1868,1161,1
1868,1165,1
1868,1176,1
1868,1259,1
1868,1311,1
1868,1466,1
1501,1868,0
1626,1868,0
1868,1661,1
1664,1868,0
1868,1695,1
1868,1724,1
1788,1868,0
1868,1824,1
1847,1868,0
1868,1868,1
1893,1868,0
1868,1925,1
1868,1992,1
1868,2000,1
2182,1868,0
2238,1868,0
1868,2250,0
2453,1868,0
2458,1868,0
2465,1868,0
1868,2468,1
2469,1868,0
758,1869,0
796,1869,0
1869,974,1
1869,1059,1
1870,1997,0
1872,2316,1
1875,2031,0
1876,38,1
1876,113,1
188,1876,0
1876,912,1
1128,1876,0
1348,1876,0
1876,2051,1
1876,2052,0
2305,1876,0
1877,2466,0
1878,430,1
1879,2128,0
29,1881,0
213,1881,0
318,1881,0
1881,657,1
1881,687,1
1881,833,1
1881,872,1
1881,1164,1
1881,1219,1
1881,1251,1
1351,1881,0
1881,1545,1
1881,1885,1
1881,1913,1
1921,1881,0
1941,1881,0
1881,1951,1
2125,1881,0
1881,2140,1
2145,1881,0
1881,2192,1
2456,1881,0
1883,2027,0
863,1884,0
1884,2345,0
1885,2386,0
1888,2022,0
1209,1889,0
1889,2096,0
1890,2333,0
1893,2270,0
1893,2378,0
1895,2036,1
1896,2074,0
1897,2145,0
1898,2264,0
1899,11,1
1899,213,1
1899,290,1
1899,706,1
1899,1066,1
1352,1899,0
1899,1404,1
1899,1925,1
1899,2260,0
1899,2306,0
1899,2307,1
2435,1899,0
1900,2139,0
1903,2070,0
1906,2310,0
1909,2183,0
1910,2468,0
1911,1362,1
1911,1868,1
2307,1911,0
1915,2266,0
1916,2210,0
1916,2220,0
1917,399,1
1917,1939,1
1917,2353,0
1919,51,1
1919,99,1
1919,891,1
1140,1919,0
1215,1919,0
1919,1427,1
1919,1445,1
2035,1919,0
1919,2056,1
1919,2276,1
1922,2460,0
304,1923,0
1923,655,1
1923,939,1
1923,1182,1
1927,2119,0
1928,99,1
1929,1999,0
1929,2132,0
1929,2426,1
1933,1994,0
47,1934,0
1934,2248,0
1934,2336,0
1935,130,1
1935,213,1
293,1935,0
384,1935,0
1935,408,1
1935,840,1
1935,926,1
939,1935,0
1935,998,1
1935,1097,1
1144,1935,0
1935,1196,1
1239,1935,0
1296,1935,0
1935,1444,1
1935,1565,1
1935,1640,1
1847,1935,0
1935,2073,1
2432,1935,0
1935,2473,1
1377,1936,0
1936,2299,1
1936,2454,0
1937,2349,0
1938,1125,1
1940,2221,0
1942,635,1
1942,690,1
1942,714,1
1942,1802,1
1942,2230,0
430,1943,0
1943,2339,1
1944,2389,0
1948,2131,0
328,1949,0
65,1950,0
1950,116,1
179,1950,0
188,1950,0
300,1950,0
1950,301,1
306,1950,0
533,1950,0
1950,609,1
1950,670,1
1950,771,1
868,1950,0
1950,915,1
1950,1005,1
1950,1030,1
1950,1187,1
1950,1189,1
1950,1191,1
1950,1270,1
1316,1950,0
1327,1950,0
1328,1950,0
1405,1950,0
1950,1497,1
1950,1499,1
1950,1533,1
1950,1584,1
1950,1585,1
1950,1619,1
1712,1950,0
1950,1717,1
1950,1934,1
1937,1950,0
1955,1950,0
2129,1950,0
2283,1950,0
2307,1950,0
1950,2310,1
2316,1950,0
1951,268,1
1951,700,1
858,1951,0
859,1951,0
1951,959,1
1951,1424,1
1951,1426,1
1661,1951,0
1951,1664,1
1951,1824,1
1951,1847,1
1951,1925,1
1951,2276,1
1951,2363,1
1951,2385,1
2388,1951,0
1951,2390,1
1951,2391,1
1952,48,1
1952,1285,1
1952,1660,1
1952,1819,1
3,1955,0
1955,4,1
1955,10,1
17,1955,0
32,1955,0
1955,45,1
51,1955,0
1955,69,1
71,1955,0
1955,74,1
1955,79,1
1955,80,1
95,1955,0
100,1955,0
1955,116,1
186,1955,0
213,1955,0
214,1955,0
1955,235,1
241,1955,0
1955,242,1
259,1955,0
1955,274,1
1955,285,1
1955,293,1
1955,301,1
304,1955,0
307,1955,0
1955,309,1
1955,326,1
1955,328,1
1955,359,1
361,1955,0
1955,369,1
391,1955,0
1955,399,1
405,1955,0
412,1955,0
425,1955,0
1955,439,1
1955,452,1
466,1955,0
1955,482,1
1955,508,1
515,1955,0
547,1955,0
563,1955,0
1955,585,1
1955,603,1
619,1955,0
1955,635,1
1955,638,1
1955,646,1
1955,672,1
1955,676,1
1955,688,1
690,1955,0
1955,696,1
1955,706,1
707,1955,0
1955,719,1
727,1955,0
1955,732,1
1955,733,1
1955,742,1
762,1955,0
781,1955,0
1955,808,1
809,1955,0
1955,828,1
1955,833,1
848,1955,0
853,1955,0
858,1955,0
1955,859,1
889,1955,0
1955,891,1
902,1955,0
916,1955,0
933,1955,0
936,1955,0
1955,939,1
1955,951,1
1955,959,1
1955,965,1
1955,969,1
981,1955,0
993,1955,0
1955,1066,1
1097,1955,0
1955,1126,1
1144,1955,0
1147,1955,0
1955,1148,1
1955,1161,1
1955,1176,1
1955,1196,1
1955,1205,1
1206,1955,0
1955,1215,1
1955,1217,1
1955,1221,1
1234,1955,0
1955,1239,1
1955,1240,1
1955,1250,1
1259,1955,0
1270,1955,0
1955,1278,1
1327,1955,0
1351,1955,0
1955,1394,1
1955,1404,1
1955,1424,1
1955,1426,1
1428,1955,0
1955,1434,1
1955,1448,1
1468,1955,0
1501,1955,0
1955,1504,1
1955,1507,1
1955,1579,1
1583,1955,0
1585,1955,0
1955,1626,1
1647,1955,0
1955,1658,1
1955,1661,1
1955,1664,1
1684,1955,0
1955,1695,1
1705,1955,0
1955,1708,1
1955,1712,1
1717,1955,0
1724,1955,0
1764,1955,0
1955,1824,1
1955,1839,1
1955,1846,1
1955,1856,1
1955,1899,1
1955,1913,1
1921,1955,0
1925,1955,0
1955,1926,1
1932,1955,0
1935,1955,0
1955,1957,1
1955,1965,1
1990,1955,0
1955,1997,1
1955,2011,1
1955,2012,1
1955,2023,1
1955,2044,1
1955,2072,1
2073,1955,0
1955,2092,1
2108,1955,0
1955,2110,1
1955,2119,1
1955,2131,1
1955,2133,1
2167,1955,0
1955,2173,1
1955,2204,1
1955,2209,1
1955,2223,1
2238,1955,0
1955,2241,1
2263,1955,0
1955,2276,1
2279,1955,0
1955,2296,1
1955,2299,1
2323,1955,0
1955,2341,1
1955,2347,1
2363,1955,0
1955,2382,1
1955,2385,1
1955,2390,1
1955,2427,1
2441,1955,0
2453,1955,0
1957,2122,0
946,1960,0
63,1961,0
1961,933,1
1239,1961,0
1581,1961,0
1961,2003,1
1964,2128,0
1964,2351,0
1969,2449,0
59,1970,0
1970,126,1
1970,242,1
1970,340,1
446,1970,0
571,1970,0
1970,584,1
1970,625,1
687,1970,0
706,1970,0
718,1970,0
1970,728,1
833,1970,0
864,1970,0
872,1970,0
1970,939,1
1970,951,1
1970,1147,1
1970,1168,1
1173,1970,0
1970,1219,1
1970,1242,1
1970,1251,1
1970,1282,1
1970,1351,1
1654,1970,0
1898,1970,0
1970,1913,1
1970,1921,1
1970,2063,1
1970,2456,1
635,1972,0
669,1972,0
1972,1215,1
1972,2053,0
1972,2295,0
1982,1316,1
1983,2135,0
1990,690,1
1992,131,1
1992,184,1
195,1992,0
1992,359,1
425,1992,0
1992,765,1
1115,1992,0
1992,1301,1
1437,1992,0
1712,1992,0
1992,1835,1
2422,1992,0
1995,99,1
116,1995,0
144,1995,0
1995,270,1
433,1995,0
1995,563,1
587,1995,0
1995,1156,1
1348,1995,0
1995,1425,1
1995,1621,1
1995,1679,1
1995,1705,1
1995,1817,1
1995,1832,1
1995,2010,1
1995,2189,1
1995,2200,1
1995,2247,0
1995,2267,1
1995,2455,0
1999,11,1
457,1999,0
1999,1066,1
1999,1196,1
1999,1255,1
1999,1925,1
2435,1999,0
2002,234,1
2002,1361,1
2002,2292,0
2003,807,1
1242,2003,0
2003,1267,1
1441,2003,0
2003,2137,0
2004,1311,1
2006,79,1
2006,687,1
833,2006,0
1159,2006,0
1230,2006,0
2006,1316,1
1382,2006,0
2006,1385,1
2006,1537,1
1691,2006,0
939,2007,0
2007,1913,1
2007,2176,0
2210,2007,0
2007,2378,0
2009,939,1
2010,2293,0
2011,2085,0
953,2013,0
2015,2362,0
2015,2449,0
2017,2281,0
70,2018,0
2018,2085,0
2018,2100,0
2039,2022,0
2022,2263,0
2026,2226,0
2027,359,1
2027,1215,1
1329,2027,0
2027,1376,1
1421,2027,0
1536,2027,0
2027,1819,1
1921,2028,0
2029,563,1
2029,1151,1
1242,2031,0
2032,2328,0
725,2033,0
2033,2192,0
2033,2217,1
2034,2375,0
11,2035,0
2035,17,1
2035,29,1
2035,32,1
2035,45,1
46,2035,0
2035,79,1
2035,81,1
2035,83,1
98,2035,0
2035,100,1
2035,239,1
251,2035,0
2035,274,1
2035,290,1
293,2035,0
307,2035,0
328,2035,0
2035,341,1
2035,345,1
2035,357,1
2035,391,1
2035,413,1
2035,433,1
457,2035,0
508,2035,0
2035,520,1
552,2035,0
563,2035,0
584,2035,0
2035,619,1
2035,659,1
2035,660,1
687,2035,0
2035,706,1
2035,707,1
732,2035,0
2035,785,1
2035,808,1
2035,809,1
2035,833,1
2035,843,1
2035,860,1
939,2035,0
2035,959,1
2035,987,1
1037,2035,0
1083,2035,0
2035,1112,1
1143,2035,0
1147,2035,0
2035,1159,1
1165,2035,0
2035,1176,1
2035,1196,1
2035,1205,1
2035,1215,1
2035,1230,1
2035,1239,1
2035,1250,1
2035,1259,1
2035,1289,1
1311,2035,0
2035,1352,1
2035,1404,1
2035,1460,1
2035,1494,1
2035,1629,1
1664,2035,0
1691,2035,0
2035,1694,1
2035,1695,1
2035,1702,1
1801,2035,0
1824,2035,0
2035,1838,1
2035,1839,1
1847,2035,0
2035,1848,1
2035,1893,1
2035,1930,1
2035,1949,1
1955,2035,0
2035,1965,1
2035,1999,1
2035,2035,1
2044,2035,0
2035,2119,1
2035,2142,1
2035,2182,1
2035,2238,1
2035,2239,1
2263,2035,0
2035,2307,1
2035,2323,1
2035,2385,1
2035,2427,1
2035,2435,1
2453,2035,0
2458,2035,0
2035,2464,1
2035,2468,1
2469,2035,0
2036,2045,0
2039,2459,0
2041,242,1
2041,1147,1
2041,1234,1
2041,1279,1
2042,2186,0
63,2043,0
2045,269,1
512,2045,0
2045,1389,1
2046,116,1
307,2046,0
2046,348,1
2046,1147,1
2046,1205,1
1656,2046,0
2046,2380,1
1637,2048,0
2049,136,1
2049,171,1
2051,304,1
2051,382,1
2051,1921,1
2052,2172,0
2052,2398,0
2054,2411,0
169,2056,0
449,2056,0
1048,2056,0
1453,2056,0
1712,2056,0
2056,1723,1
1834,2056,0
2056,2059,1
2056,2128,1
2056,2172,1
2056,2195,1
2056,2410,1
809,2057,0
2057,885,1
1769,2057,0
305,2058,0
2058,359,1
412,2058,0
608,2058,0
2058,706,1
2058,2225,1
2058,2244,1
2058,2317,1
2058,2319,1
2320,2058,0
2347,2058,0
2058,2384,1
2058,2389,1
2393,2058,0
2059,2208,0
2060,2071,0
1276,2066,0
2067,2214,0
852,2069,0
852,2070,0
2070,2430,0
2071,2289,0
2073,2370,0
2077,2297,0
2078,665,1
2078,939,1
2078,1356,1
2078,1835,1
2081,30,1
2081,57,1
79,2081,0
226,2081,0
2081,337,1
2081,338,1
580,2081,0
2081,591,1
611,2081,0
667,2081,0
1295,2081,0
1440,2081,0
2081,1460,1
1673,2081,0
2081,1891,1
2081,1910,1
2081,2372,0
2081,2431,1
2082,939,1
2082,1182,1
2082,1311,1
1364,2082,0
20,2084,0
2084,337,1
1779,2084,0
144,2088,0
2088,628,1
2088,997,1
2088,1764,1
2088,2010,1
102,2089,0
408,2089,0
2089,427,1
2089,432,1
2089,624,1
2089,628,1
634,2089,0
2089,737,1
864,2089,0
2089,935,1
939,2089,0
963,2089,0
1072,2089,0
1322,2089,0
2089,1351,1
1383,2089,0
1416,2089,0
2089,1441,1
2089,1466,1
1488,2089,0
1601,2089,0
2089,1783,1
2089,1836,1
2089,1847,1
1868,2089,0
1912,2089,0
2089,1965,1
2089,2015,1
2089,2053,1
2089,2183,1
2342,2089,0
2089,2426,1
2462,2089,0
2091,2121,0
2094,169,1
2094,698,1
706,2094,0
2094,707,1
2094,1723,1
1921,2094,0
2360,2094,0
2095,2470,0
2096,1277,1
2096,2426,1
2099,1272,1
2099,2183,1
29,2101,0
2101,99,1
2101,132,1
340,2101,0
1121,2101,0
2101,1308,1
2101,1404,1
1427,2101,0
2101,1478,1
1913,2101,0
2101,2206,1
273,2103,0
1202,2103,0
1699,2103,0
1735,2103,0
1301,2106,0
2113,2153,0
2114,359,1
2114,833,1
2114,1239,1
2114,1291,1
2114,1415,1
2118,2121,0
2119,2185,0
2120,190,1
214,2120,0
2120,706,1
2120,725,1
2120,1181,1
1672,2120,0
1702,2120,0
2120,2052,1
2277,2120,0
2122,90,1
369,2122,0
635,2122,0
654,2122,0
2122,672,1
718,2122,0
2122,781,1
819,2122,0
2122,885,1
2122,889,1
2122,935,1
2122,939,1
2122,972,1
1028,2122,0
2122,1072,1
2122,1126,1
2122,1263,1
2122,1269,1
2122,1307,1
2122,1330,1
2122,1392,1
2122,1397,1
2122,1407,1
2122,1450,1
1488,2122,0
2122,1532,1
1767,2122,0
1821,2122,0
2122,1864,1
1974,2122,0
2122,1989,1
2122,2011,1
2123,1261,1
2123,2325,0
2123,2346,0
2127,541,1
955,2127,0
2127,2228,1
27,2128,0
59,2128,0
2128,229,1
474,2128,0
2128,503,1
505,2128,0
2128,512,1
659,2128,0
2128,690,1
2128,759,1
2128,846,1
2128,915,1
2128,1010,1
2128,1142,1
2128,1146,1
2128,1215,1
2128,1236,1
1290,2128,0
2128,1302,1
1372,2128,0
2128,1404,1
2128,1676,1
2128,1740,1
2128,1771,1
2128,1779,1
2128,1780,1
2128,1834,1
1874,2128,0
2128,1916,1
2128,2035,1
2128,2127,1
2133,2231,0
2134,77,1
104,2134,0
2134,563,1
892,2134,0
2134,991,1
2134,1143,1
2134,1484,1
2134,1882,1
1907,2134,0
2134,1958,1
2134,2265,1
2134,2325,1
2134,2326,1
2134,2328,1
2135,80,1
1094,2135,0
2135,1834,1
2138,2291,0
2143,29,1
2143,188,1
2143,646,1
2143,1196,1
2143,1221,1
2143,1348,1
2143,1468,1
2143,1664,1
2145,660,1
2145,858,1
859,2145,0
883,2145,0
1217,2145,0
1424,2145,0
2145,1426,1
2145,1684,1
2145,1839,1
2145,1925,1
2131,2145,0
2145,2173,1
2145,2311,1
2145,2385,1
2145,2388,1
2390,2145,0
1568,2146,0
2147,1220,1
2147,2331,1
2148,2213,0
2149,1,1
5,2149,0
2149,14,1
2149,15,1
45,2149,0
2149,51,1
2149,58,1
65,2149,0
2149,80,1
2149,81,1
96,2149,0
100,2149,0
2149,179,1
2149,204,1
2149,219,1
2149,222,1
2149,275,1
2149,297,1
300,2149,0
2149,307,1
2149,309,1
2149,314,1
344,2149,0
2149,357,1
2149,368,1
2149,371,1
2149,385,1
2149,405,1
2149,406,1
439,2149,0
2149,442,1
445,2149,0
452,2149,0
2149,507,1
2149,520,1
2149,533,1
2149,546,1
2149,554,1
575,2149,0
577,2149,0
2149,603,1
2149,605,1
2149,609,1
2149,611,1
2149,619,1
627,2149,0
653,2149,0
654,2149,0
2149,670,1
672,2149,0
2149,727,1
731,2149,0
2149,772,1
809,2149,0
2149,831,1
877,2149,0
903,2149,0
935,2149,0
2149,939,1
2149,962,1
2149,998,1
2149,1001,1
1002,2149,0
2149,1013,1
2149,1026,1
2149,1030,1
1040,2149,0
1048,2149,0
2149,1058,1
1061,2149,0
1076,2149,0
1093,2149,0
2149,1114,1
1142,2149,0
1143,2149,0
1152,2149,0
2149,1161,1
2149,1166,1
2149,1187,1
2149,1189,1
2149,1196,1
1205,2149,0
2149,1215,1
2149,1228,1
1238,2149,0
1243,2149,0
1249,2149,0
1255,2149,0
1256,2149,0
2149,1260,1
2149,1266,1
1270,2149,0
2149,1321,1
2149,1324,1
2149,1327,1
2149,1328,1
2149,1354,1
2149,1382,1
2149,1383,1
2149,1389,1
2149,1391,1
2149,1398,1
1404,2149,0
2149,1405,1
1415,2149,0
2149,1425,1
1427,2149,0
1430,2149,0
1441,2149,0
1479,2149,0
1497,2149,0
1499,2149,0
1524,2149,0
1528,2149,0
2149,1537,1
2149,1554,1
1555,2149,0
2149,1580,1
2149,1601,1
1603,2149,0
2149,1613,1
2149,1662,1
1691,2149,0
1700,2149,0
2149,1712,1
1717,2149,0
2149,1725,1
1732,2149,0
2149,1746,1
2149,1752,1
1779,2149,0
2149,1791,1
2149,1792,1
2149,1827,1
2149,1834,1
2149,1874,1
2149,1877,1
2149,1895,1
2149,1927,1
1937,2149,0
2149,1950,1
1954,2149,0
1955,2149,0
1984,2149,0
2149,1985,1
2149,2001,1
2149,2037,1
2149,2038,1
2149,2044,1
2149,2047,1
2149,2101,1
2117,2149,0
2149,2124,1
2128,2149,0
2149,2129,1
2149,2136,1
2149,2140,1
2149,2150,1
2149,2161,1
2149,2167,1
2149,2178,1
2255,2149,0
2260,2149,0
2149,2264,1
2286,2149,0
2149,2299,1
2149,2307,1
2316,2149,0
2328,2149,0
2149,2329,1
2149,2368,1
2370,2149,0
2385,2149,0
2149,2388,0
2149,2400,1
2149,2410,1
2432,2149,0
2439,2149,0
2149,2457,1
2473,2149,0
2150,2193,0
2151,667,1
2151,854,1
1383,2151,0
2151,1415,1
1441,2151,0
2151,1601,1
2151,1663,1
2151,1727,1
2152,690,1
2153,2330,0
2156,2218,0
2158,1599,1
2159,2359,0
1761,2160,0
180,2162,0
878,2162,0
2163,2196,0
2165,2419,0
2167,2168,0
2169,78,1
2169,116,1
139,2169,0
2169,163,1
300,2169,0
2169,302,1
354,2169,0
364,2169,0
2169,393,1
2169,408,1
2169,411,1
2169,478,1
2169,611,1
2169,624,1
2169,635,1
636,2169,0
637,2169,0
2169,741,1
773,2169,0
2169,791,1
2169,886,1
930,2169,0
2169,935,1
1045,2169,0
2169,1135,1
2169,1147,1
1153,2169,0
2169,1167,1
1176,2169,0
1189,2169,0
1303,2169,0
2169,1387,1
2169,1410,1
2169,1423,1
2169,1470,1
1481,2169,0
2169,1522,1
2169,1535,1
2169,1561,1
2169,1594,1
2169,1610,1
2169,1615,1
2169,1655,1
2169,1693,1
2169,1717,1
2169,1726,1
1764,2169,0
2169,1776,1
2169,1790,1
2169,1867,1
2169,1963,1
2169,1997,1
2169,2076,1
2169,2232,1
2169,2238,1
2169,2301,1
2342,2169,0
2171,2335,0
2177,635,1
10,2179,0
2179,78,1
2179,163,1
182,2179,0
2179,213,1
302,2179,0
2179,364,1
409,2179,0
478,2179,0
2179,624,1
636,2179,0
637,2179,0
2179,717,1
773,2179,0
2179,791,1
2179,817,1
2179,930,1
2179,935,1
2179,1045,1
1135,2179,0
1176,2179,0
2179,1247,1
2179,1293,1
1307,2179,0
1423,2179,0
2179,1488,1
1522,2179,0
2179,1535,1
1561,2179,0
2179,1610,1
1615,2179,0
1776,2179,0
1790,2179,0
2179,1793,1
2179,1809,1
2179,1836,1
2065,2179,0
2179,2126,1
2179,2180,1
2179,2254,1
2179,2304,1
2402,2179,0
2179,2416,0
2179,2447,1
63,2181,0
215,2181,0
326,2181,0
2181,461,1
635,2181,0
2181,638,1
2181,687,1
2181,1215,1
2181,1298,1
2181,2081,1
2141,2181,0
2183,244,1
2183,260,1
399,2183,0
2183,457,1
2183,479,1
578,2183,0
2183,628,1
1129,2183,0
2183,1194,1
1287,2183,0
2183,1539,1
1799,2183,0
2183,1868,1
2183,2236,0
2184,125,1
2184,239,1
2184,490,1
2184,829,1
2184,2183,1
2190,2207,1
2397,2190,0
2191,2322,0
2192,2469,0
2199,29,1
2199,188,1
2199,700,1
959,2199,0
2199,1221,1
1348,2199,0
1824,2199,0
2199,1847,1
2385,2199,0
2201,2035,1
2203,2340,0
2204,2460,0
2207,2437,0
2208,1,1
2208,387,1
2208,1321,1
2208,1927,1
1585,2211,0
2212,939,1
2213,2448,0
2218,2343,0
2221,130,1
304,2221,0
2221,384,1
452,2221,0
521,2221,0
2221,635,1
2221,755,1
2221,1142,1
1201,2221,0
2221,1921,1
2030,2221,0
2227,115,1
2228,654,1
2228,1427,1
833,2229,0
2229,2183,1
2232,2437,0
2234,1834,1
193,2235,0
1613,2235,0
2235,2406,1
51,2237,0
2237,63,1
2237,99,1
874,2237,0
889,2237,0
2237,902,1
2237,1058,1
2237,1208,1
2237,1555,1
2237,1705,1
2237,1775,1
2237,2149,1
2368,2237,0
79,2240,0
2240,293,1
635,2240,0
2240,684,1
2240,1926,1
2240,1981,1
2240,2062,1
2139,2240,0
2183,2240,0
2240,2285,1
269,2242,0
2242,487,1
1868,2242,0
2246,190,1
2246,584,1
2246,706,1
725,2246,0
1181,2246,0
2246,1377,1
2246,1702,1
1969,2246,0
2246,2052,1
2202,2246,0
2277,2246,0
2247,2446,1
654,2250,0
2250,911,1
2250,1425,1
2250,1427,1
837,2251,0
2256,1382,1
2271,1405,1
2271,2236,1
2273,2321,0
2275,63,1
215,2275,0
2275,326,1
470,2275,0
635,2275,0
2275,687,1
2275,833,1
2275,1215,1
2275,1298,1
2275,1820,1
2081,2275,0
2277,241,1
2277,635,1
2277,1215,1
2277,1316,1
2282,755,1
2283,2423,0
2284,1215,1
2284,1781,1
2284,1865,1
2284,2066,1
2383,2284,0
2293,2462,0
2293,2464,0
2295,1868,1
2295,2134,1
2297,198,1
2300,188,1
1221,2300,0
2301,2351,0
2304,15,1
2304,56,1
2304,363,1
2304,415,1
548,2304,0
699,2304,0
2304,921,1
2304,1040,1
2304,1244,1
2304,1267,1
2304,1370,1
1717,2304,0
1837,2304,0
90,2312,0
2312,369,1
2312,476,1
2312,635,1
2312,654,1
2312,672,1
2312,718,1
781,2312,0
809,2312,0
2312,833,1
2312,885,1
2312,935,1
2312,939,1
2312,972,1
997,2312,0
2312,1028,1
1042,2312,0
2312,1072,1
2312,1126,1
1263,2312,0
2312,1269,1
2312,1307,1
2312,1330,1
2312,1392,1
1397,2312,0
1407,2312,0
2312,1413,1
2312,1450,1
2312,1488,1
2312,1501,1
2312,1532,1
2312,1755,1
1767,2312,0
2312,1821,1
2312,1974,1
2312,2011,1
2313,1490,1
2314,1590,1
2315,78,1
139,2315,0
2315,163,1
2315,182,1
2315,302,1
2315,354,1
2315,364,1
2315,408,1
411,2315,0
2315,478,1
2315,624,1
634,2315,0
2315,636,1
2315,637,1
717,2315,0
2315,741,1
773,2315,0
2315,791,1
2315,817,1
886,2315,0
2315,930,1
2315,935,1
2315,1045,1
2315,1046,1
1135,2315,0
1167,2315,0
2315,1303,1
1387,2315,0
2315,1470,1
1481,2315,0
1522,2315,0
1535,2315,0
2315,1561,1
2315,1610,1
2315,1615,1
2315,1655,1
1693,2315,0
1726,2315,0
1754,2315,0
1764,2315,0
2315,1776,1
2315,1790,1
2315,1836,1
1867,2315,0
1997,2315,0
2315,2180,1
2232,2315,0
2315,2238,1
2315,2254,1
2301,2315,0
2342,2315,0
2366,2315,0
2321,95,1
190,2321,0
1181,2321,0
2321,1377,1
1702,2321,0
2321,1969,1
2321,2277,1
2322,1663,1
1871,2322,0
68,2324,0
939,2330,0
2331,226,1
338,2331,0
2331,551,1
2331,591,1
2331,694,1
2331,939,1
2331,1204,1
1508,2331,0
2331,1649,1
1698,2331,0
2331,2050,1
2331,2403,1
2413,2331,0
939,2332,0
2333,2399,0
939,2334,0
47,2339,0
2339,120,1
2339,157,1
2339,414,1
2339,653,1
691,2339,0
1085,2339,0
1215,2339,0
2339,1622,1
1666,2339,0
1767,2339,0
2347,939,1
2349,2469,0
2350,2081,1
102,2355,0
2355,427,1
2355,635,1
2355,864,1
2355,900,1
939,2355,0
2355,963,1
2355,1383,1
2355,1416,1
2355,1601,1
1847,2355,0
1921,2355,0
1965,2355,0
2355,2015,1
2355,2053,1
2293,2355,0
2355,2426,1
2358,126,1
172,2358,0
2358,299,1
318,2358,0
657,2358,0
2358,833,1
939,2358,0
2358,1016,1
2358,1141,1
2358,1448,1
2358,1545,1
2358,1595,1
2358,1931,1
2358,1941,1
2358,2145,1
2358,2157,1
2358,2311,1
2360,2376,0
2362,997,1
2367,1355,1
2367,1575,1
2372,646,1
733,2372,0
2372,1085,1
1321,2372,0
2372,1664,1
2374,79,1
2374,1988,1
2379,2438,0
2385,32,1
2385,328,1
1626,2385,0
2385,2466,0
2387,81,1
158,2387,0
2387,307,1
328,2387,0
2387,774,1
2387,823,1
2387,1049,1
2387,1450,1
2387,1461,1
2387,1476,1
1754,2387,0
2387,1922,1
2387,2003,1
2077,2387,0
2387,2242,1
2474,2387,0
2389,939,1
2414,939,1
2418,328,1
2421,1847,1
2422,59,1
2422,440,1
542,2422,0
2422,603,1
811,2422,0
829,2422,0
2422,840,1
2422,1089,1
2422,1118,1
2422,1297,1
1640,2422,0
2422,1895,1
2422,1984,1
2422,2125,1
2422,2266,1
2425,344,1
356,2425,0
2425,836,1
2425,1035,1
2425,1142,1
2425,1406,1
1871,2425,0
2425,2071,1
2429,108,1
1459,2430,0
2430,2335,1
2433,724,1
2433,1723,1
307,2437,0
654,2437,0
2437,724,1
1259,2437,0
2437,1404,1
2437,2168,1
2243,2437,0
1702,2438,0
2442,105,1
2442,359,1
2446,2462,0
2448,1650,1
2449,1327,1
2449,1834,1
2450,659,1
2451,413,1
2459,1843,1
2460,304,1
1215,2460,0
2461,1847,1
2463,293,1
1085,2463,0
2466,1868,1
2467,901,1
1436,2467,0
1849,2467,0
2471,1673,1
