0,166,1
0,200,1
0,290,1
0,498,1
0,632,3
0,848,1
0,918,1
0,935,1
0,987,1
0,988,1
0,1092,3
0,1124,1
0,1129,1
0,1161,1
0,1301,1
0,1362,1
0,1426,1
1,19,3
1,26,1
1,59,3
1,662,1
1,701,1
1,1069,1
1,1152,1
1,1176,1
1,1220,1
1,1262,1
1,1277,1
1,1352,1
1,1414,1
1,1599,1
2,428,3
2,509,1
2,548,1
2,697,3
2,827,1
2,836,3
2,1251,1
2,1287,1
2,1490,1
2,1491,1
2,1535,1
2,1603,3
3,222,1
3,249,1
3,258,1
3,319,1
3,554,3
3,687,1
3,1322,1
3,1340,1
3,1392,3
3,1410,3
4,45,3
4,116,1
4,234,1
4,819,1
5,93,3
5,495,1
5,712,3
5,1042,1
5,1212,3
5,1231,1
5,1400,1
5,1431,3
6,326,1
6,1207,1
6,1536,1
7,22,1
7,179,1
7,204,1
7,284,1
7,345,1
7,399,1
7,484,1
7,555,1
7,562,1
7,581,1
7,586,3
7,590,1
7,772,1
7,776,1
7,778,1
7,822,1
7,842,1
7,936,1
7,940,1
7,973,1
7,1122,1
7,1159,1
7,1180,1
7,1394,1
7,1458,1
7,1503,1
8,426,3
8,719,3
8,1448,3
9,210,1
9,298,1
9,497,1
9,994,1
9,1084,1
9,1311,1
10,175,1
10,279,1
10,314,1
10,316,1
10,318,1
10,381,1
10,389,1
10,390,1
10,437,1
10,464,1
10,489,1
10,516,1
10,529,1
10,642,1
10,683,1
10,698,1
10,705,1
10,746,1
10,828,1
10,866,1
10,895,1
10,906,1
10,925,1
10,951,1
10,969,1
10,981,1
10,996,1
10,1008,1
10,1022,1
10,1028,1
10,1047,1
10,1054,1
10,1134,1
10,1143,1
10,1221,1
10,1226,1
10,1234,1
10,1235,1
10,1237,1
10,1427,1
10,1469,1
10,1504,1
10,1532,1
10,1553,1
10,1554,1
10,1560,1
10,1580,1
10,1628,1
11,77,1
11,243,1
11,254,3
11,319,1
11,460,1
11,475,1
11,496,1
11,608,3
11,628,1
11,632,1
11,680,1
11,716,1
11,726,1
11,745,1
11,747,3
11,805,1
11,836,1
11,858,1
11,1188,1
11,1191,1
11,1204,1
11,1213,1
11,1225,1
11,1242,1
11,1585,1
12,22,1
12,34,1
12,211,1
12,241,1
12,242,1
12,300,1
12,370,1
12,386,1
12,404,1
12,409,1
12,431,1
12,445,3
12,458,1
12,490,1
12,492,3
12,583,1
12,644,1
12,645,1
12,654,1
12,673,1
12,721,1
12,748,1
12,749,1
12,753,1
12,788,3
12,804,1
12,832,1
12,869,1
12,930,1
12,976,1
12,978,3
12,1095,1
12,1123,1
12,1175,3
12,1180,1
12,1260,1
12,1266,1
12,1288,1
12,1314,1
12,1326,1
12,1349,1
12,1355,1
12,1366,1
12,1373,1
12,1443,1
12,1463,1
12,1517,1
12,1527,1
12,1543,1
12,1571,1
12,1589,1
12,1609,1
12,1642,1
13,65,1
13,294,1
13,349,1
13,488,1
13,747,1
13,893,3
13,1294,3
13,1416,3
13,1562,3
13,1597,1
14,187,3
14,215,1
14,289,1
14,569,3
14,914,1
14,932,1
14,1085,1
14,1401,1
15,77,3
15,108,1
15,114,1
15,118,1
15,307,1
15,315,1
15,328,1
15,444,1
15,525,1
15,686,1
15,757,1
15,824,1
15,852,1
15,887,1
15,1011,1
15,1063,1
15,1133,1
15,1228,1
15,1240,1
15,1280,1
15,1282,1
15,1367,1
15,1377,1
15,1379,1
15,1439,1
15,1608,1
16,236,1
16,455,1
16,1201,3
17,83,3
17,185,3
17,996,3
18,309,1
18,479,1
18,489,3
18,572,1
18,614,1
18,732,1
18,1014,3
18,1112,1
18,1272,1
18,1369,1
19,135,1
19,844,1
19,860,1
19,1170,1
19,1440,3
20,17,1
20,475,1
20,612,1
20,796,3
20,829,1
20,1446,1
20,1606,1
21,252,1
21,333,1
21,375,1
21,513,1
21,1251,1
22,555,1
22,776,1
22,778,1
22,973,1
22,1106,1
22,1122,1
22,1159,1
22,1220,1
22,1503,1
23,214,1
23,483,1
23,761,1
23,1141,3
23,1255,1
23,1333,3
23,1409,3
23,1436,1
23,1594,3
23,1596,1
24,568,3
24,649,3
24,788,3
24,1029,1
24,1181,1
24,1327,3
24,1453,1
25,329,1
25,500,1
25,543,1
25,622,1
25,646,1
25,740,1
25,840,3
25,1291,3
25,1298,1
25,1353,3
25,1603,1
26,710,3
26,964,3
27,364,1
27,802,1
27,887,1
27,1029,3
27,1182,1
27,1240,1
27,1249,1
27,1431,1
27,1570,3
28,787,3
29,68,3
29,215,3
29,394,1
29,451,3
29,689,1
29,1122,1
29,1307,1
29,1404,3
30,125,1
30,371,3
30,454,1
30,823,1
30,970,3
30,1167,1
30,1368,1
31,65,3
31,205,1
31,250,1
31,423,1
31,554,1
31,729,1
31,1013,1
31,1168,1
31,1210,1
31,1308,1
31,1315,1
31,1335,1
31,1341,1
31,1353,1
32,16,1
32,841,1
32,851,3
32,1248,1
32,1296,1
33,123,3
33,240,1
33,874,1
33,886,1
33,1157,1
33,1187,1
33,1342,1
34,89,1
34,226,1
34,501,1
34,563,1
34,614,1
34,794,1
34,815,1
34,931,1
34,1106,1
34,1194,1
34,1305,1
34,1323,1
34,1565,1
35,47,3
35,78,1
35,319,1
35,442,1
35,647,1
35,688,3
35,789,1
35,853,1
35,1148,1
35,1618,1
36,178,1
36,247,1
36,248,1
36,263,1
36,301,1
36,421,1
36,542,1
36,635,1
36,755,3
36,795,1
36,815,1
36,841,1
36,950,1
36,955,1
36,974,1
36,1018,1
36,1198,3
36,1296,1
36,1308,1
36,1363,1
37,133,3
37,197,1
37,285,1
37,341,1
37,370,3
37,418,3
37,504,3
37,526,1
37,787,1
37,840,1
37,1060,1
37,1233,1
37,1263,1
37,1451,1
38,57,1
38,249,1
38,391,1
38,602,1
38,666,1
38,793,1
38,943,1
38,1033,1
38,1046,1
38,1160,3
38,1261,1
38,1570,1
39,1188,3
40,168,1
40,273,1
40,683,1
40,705,1
40,1007,1
40,1060,1
40,1065,1
40,1221,1
40,1527,3
40,1532,1
40,1618,3
41,187,1
41,200,3
41,277,1
41,318,1
41,607,1
41,821,1
41,841,1
41,1114,1
41,1196,3
41,1395,3
41,1496,3
41,1608,3
42,4,1
42,202,1
42,234,1
42,240,1
42,244,1
42,342,1
42,431,1
42,498,1
42,522,1
42,567,1
42,602,1
42,643,1
42,666,1
42,693,1
42,710,1
42,793,1
42,819,1
42,882,1
42,886,1
42,890,1
42,933,1
42,942,1
42,1002,1
42,1113,1
42,1201,1
42,1202,1
42,1222,1
42,1238,1
42,1330,1
42,1378,1
42,1383,1
42,1402,1
42,1500,1
42,1584,1
42,1588,1
42,1600,1
42,1614,1
43,160,1
43,207,1
43,313,1
43,327,1
43,367,1
43,383,1
43,392,1
43,485,1
43,518,1
43,574,1
43,596,1
43,616,1
43,637,1
43,649,1
43,747,1
43,820,1
43,856,1
43,867,1
43,942,1
43,946,1
43,953,1
43,993,1
43,1004,1
43,1014,1
43,1032,1
43,1044,1
43,1192,1
43,1289,1
43,1324,1
43,1392,1
43,1479,1
43,1481,1
43,1489,1
43,1492,1
43,1511,1
43,1568,1
43,1630,1
44,155,3
44,456,1
44,623,1
44,729,1
44,739,1
44,1138,1
44,1139,1
44,1369,3
44,1406,1
44,1522,3
44,1590,1
44,1591,1
45,239,3
45,1246,3
47,201,1
47,252,1
47,295,1
47,305,1
47,354,1
47,364,1
47,397,1
47,441,1
47,461,1
47,517,1
47,536,1
47,548,3
47,584,1
47,592,1
47,599,1
47,604,1
47,658,1
47,697,1
47,699,1
47,715,1
47,718,1
47,834,1
47,839,1
47,846,1
47,887,1
47,954,1
47,964,1
47,971,1
47,980,1
47,1003,3
47,1005,1
47,1015,1
47,1054,3
47,1087,1
47,1098,1
47,1102,1
47,1119,1
47,1177,1
47,1183,1
47,1240,1
47,1250,1
47,1316,1
47,1318,1
47,1360,1
47,1365,1
47,1390,1
47,1397,1
47,1410,1
47,1418,1
47,1487,1
47,1528,1
47,1534,1
47,1552,1
47,1556,1
47,1575,1
47,1587,1
48,118,1
48,281,1
48,674,1
48,883,1
48,977,1
48,987,1
48,1239,1
48,1332,3
48,1470,1
48,1502,1
48,1524,3
49,128,1
49,233,1
49,783,1
49,1146,1
49,1205,1
49,1345,1
49,1361,1
49,1384,1
49,1465,1
49,1594,1
49,1617,1
50,141,1
50,287,1
50,334,1
50,428,1
50,606,1
50,619,1
50,641,1
50,648,3
50,851,1
50,855,1
50,891,3
50,942,1
50,1459,1
50,1548,1
50,1614,1
51,77,1
51,247,1
51,263,1
51,301,1
51,363,1
51,391,1
51,421,1
51,432,1
51,462,1
51,478,1
51,576,1
51,690,1
51,766,1
51,795,1
51,836,1
51,841,1
51,950,1
51,955,1
51,974,1
51,997,1
51,1061,1
51,1114,1
51,1203,1
51,1211,1
51,1264,1
51,1363,1
51,1462,1
51,1611,1
52,310,1
52,559,1
52,703,1
52,1068,1
52,1274,1
52,1461,3
53,299,3
53,942,1
53,1469,1
53,1478,3
54,199,3
54,280,3
54,914,1
54,932,1
54,1085,1
55,190,3
55,329,3
55,693,3
56,209,1
56,223,1
56,730,1
56,1048,3
56,1320,1
56,1423,1
56,1522,3
56,1557,1
57,255,1
57,318,1
57,358,1
57,365,1
57,438,1
57,466,1
57,713,1
57,784,3
57,897,1
57,1110,1
57,1164,1
57,1315,1
57,1422,1
57,1543,3
57,1576,1
58,117,1
58,229,1
58,293,1
58,369,1
58,443,1
58,451,1
58,604,1
58,712,1
58,798,1
58,1021,1
58,1156,1
58,1380,1
58,1516,1
58,1591,3
59,627,3
59,873,3
59,1581,3
61,182,3
61,359,1
61,493,1
61,816,1
61,901,1
61,1035,3
61,1395,3
62,351,1
62,402,1
62,783,3
62,833,1
62,910,1
62,1065,1
62,1117,1
62,1149,1
62,1158,1
62,1275,1
62,1449,1
63,117,1
63,542,3
63,610,3
63,614,1
63,630,1
63,1198,3
63,1220,3
63,1323,1
64,200,1
64,900,1
64,1305,1
64,1477,3
65,211,3
65,249,1
65,470,3
65,520,1
65,549,1
65,744,1
65,800,1
65,838,3
65,888,1
65,1086,1
65,1167,1
65,1218,1
65,1417,1
66,433,3
67,150,3
67,214,3
67,253,1
67,351,3
67,397,1
67,470,1
67,510,1
67,520,1
67,698,3
67,844,1
67,848,1
67,908,1
67,913,3
67,975,1
67,1126,1
67,1268,1
67,1315,3
67,1360,1
67,1452,1
68,254,1
68,678,1
68,892,1
68,1219,1
68,1490,1
68,1505,1
68,1620,1
69,114,1
69,118,1
69,244,1
69,903,3
69,1415,1
69,1622,3
70,44,1
70,103,1
70,173,3
70,207,1
70,459,1
70,470,1
70,601,3
70,604,3
70,755,1
70,945,1
70,989,1
70,1273,1
70,1419,1
70,1529,1
70,1567,3
71,247,1
71,357,1
71,420,3
71,945,1
71,1104,3
71,1273,1
72,268,3
72,402,1
72,457,1
72,532,1
72,951,3
72,960,1
72,1452,1
72,1604,1
73,51,1
73,186,3
73,529,1
73,555,3
73,620,1
73,785,3
73,947,1
74,102,1
74,221,1
74,235,1
74,335,1
74,645,1
74,786,3
74,949,1
74,956,1
74,1294,1
74,1523,1
74,1537,1
74,1538,1
74,1545,1
74,1546,3
74,1639,1
75,194,1
75,195,1
75,312,1
75,440,1
75,896,1
75,1006,1
75,1471,1
75,1497,1
76,114,1
76,1106,3
76,1564,1
77,82,1
77,91,1
77,114,1
77,200,1
77,237,1
77,239,1
77,243,1
77,257,1
77,261,1
77,291,1
77,369,1
77,384,1
77,412,1
77,414,1
77,446,1
77,475,1
77,510,1
77,512,1
77,519,1
77,538,1
77,539,1
77,557,1
77,564,1
77,585,1
77,587,1
77,593,1
77,618,1
77,628,1
77,639,1
77,650,1
77,675,1
77,688,1
77,691,1
77,696,1
77,726,1
77,767,1
77,858,1
77,868,1
77,892,1
77,893,1
77,912,1
77,923,1
77,948,1
77,1000,1
77,1010,1
77,1012,1
77,1021,1
77,1045,1
77,1067,1
77,1093,1
77,1097,1
77,1126,1
77,1153,1
77,1156,1
77,1191,1
77,1212,1
77,1284,1
77,1293,1
77,1310,1
77,1321,1
77,1332,1
77,1335,1
77,1356,1
77,1363,1
77,1385,1
77,1398,1
77,1406,1
77,1455,1
77,1519,1
77,1525,1
77,1526,1
77,1539,1
77,1558,1
77,1579,1
77,1582,1
77,1585,1
77,1615,1
77,1616,1
78,93,1
78,386,3
78,1198,1
78,1290,3
79,113,3
79,155,1
79,433,1
79,506,1
79,571,3
79,651,1
79,1224,1
79,1414,1
79,1506,1
80,169,1
80,180,3
80,1162,1
81,229,1
81,803,1
81,810,1
81,956,3
81,1137,3
81,1357,1
81,1411,1
82,67,1
82,218,1
82,246,1
82,552,1
82,590,1
82,632,1
82,704,1
82,773,1
82,776,1
82,818,1
82,884,1
82,975,1
82,1270,1
82,1453,1
82,1454,1
82,1456,3
82,1626,1
83,2,1
83,31,1
83,33,1
83,41,1
83,71,1
83,98,1
83,100,1
83,128,1
83,138,1
83,149,1
83,152,1
83,155,1
83,175,1
83,183,1
83,205,1
83,216,1
83,219,1
83,224,1
83,227,1
83,229,1
83,251,1
83,253,1
83,260,1
83,265,1
83,267,1
83,269,1
83,275,1
83,283,1
83,286,1
83,289,1
83,291,1
83,292,1
83,314,1
83,330,1
83,336,1
83,342,1
83,347,1
83,349,1
83,353,1
83,362,1
83,368,1
83,371,1
83,376,1
83,387,1
83,393,1
83,410,1
83,417,1
83,423,1
83,426,1
83,430,1
83,437,1
83,440,1
83,453,1
83,463,1
83,466,1
83,472,1
83,473,1
83,489,1
83,492,1
83,502,1
83,504,1
83,505,1
83,509,1
83,522,1
83,523,1
83,533,1
83,539,1
83,540,1
83,541,1
83,544,1
83,554,1
83,555,1
83,560,1
83,568,1
83,589,1
83,591,1
83,598,1
83,601,1
83,613,1
83,615,1
83,627,1
83,650,1
83,656,1
83,659,1
83,661,1
83,663,1
83,675,1
83,684,1
83,687,1
83,691,1
83,694,1
83,696,1
83,698,1
83,712,1
83,722,1
83,724,1
83,728,1
83,731,1
83,735,1
83,744,3
83,765,1
83,770,1
83,774,1
83,777,1
83,778,1
83,781,1
83,792,1
83,807,1
83,810,1
83,811,1
83,813,1
83,815,3
83,817,1
83,838,1
83,843,1
83,849,1
83,850,1
83,858,1
83,859,1
83,862,1
83,866,1
83,871,1
83,880,1
83,885,1
83,889,1
83,891,1
83,894,1
83,895,1
83,933,1
83,934,1
83,938,1
83,952,1
83,963,1
83,965,1
83,978,1
83,984,1
83,996,1
83,1008,1
83,1009,1
83,1016,1
83,1032,1
83,1042,1
83,1043,1
83,1050,1
83,1054,1
83,1055,1
83,1071,1
83,1075,1
83,1077,1
83,1079,1
83,1103,1
83,1106,1
83,1116,1
83,1130,1
83,1143,1
83,1144,1
83,1153,1
83,1168,1
83,1171,1
83,1194,1
83,1202,1
83,1210,1
83,1220,1
83,1229,1
83,1232,1
83,1234,1
83,1235,1
83,1237,1
83,1243,1
83,1244,1
83,1245,1
83,1249,1
83,1251,1
83,1262,1
83,1274,1
83,1281,1
83,1283,1
83,1287,1
83,1290,1
83,1303,1
83,1306,1
83,1309,1
83,1315,1
83,1325,1
83,1327,1
83,1329,1
83,1331,1
83,1341,1
83,1342,1
83,1346,1
83,1348,1
83,1353,1
83,1363,1
83,1374,1
83,1375,1
83,1376,1
83,1380,1
83,1389,1
83,1398,1
83,1406,1
83,1412,1
83,1413,1
83,1420,1
83,1427,1
83,1445,1
83,1448,1
83,1460,1
83,1461,1
83,1468,1
83,1477,1
83,1484,1
83,1489,1
83,1491,1
83,1496,1
83,1497,1
83,1508,1
83,1510,1
83,1515,1
83,1518,1
83,1535,1
83,1542,1
83,1547,1
83,1555,1
83,1557,1
83,1558,1
83,1569,1
83,1576,1
83,1578,1
83,1582,1
83,1599,1
83,1600,1
83,1601,1
83,1613,1
83,1615,1
83,1623,1
83,1625,1
83,1628,1
83,1632,1
84,813,1
84,1043,3
85,90,3
85,112,1
85,238,1
85,835,1
85,854,1
85,862,1
85,914,3
85,1128,1
85,1282,1
85,1577,3
86,419,1
86,538,1
86,902,1
86,1062,1
86,1183,1
86,1332,1
86,1359,1
86,1378,1
87,79,1
87,268,1
87,415,1
87,508,1
87,602,1
87,638,1
87,743,1
87,749,3
87,793,1
87,847,1
87,1107,1
87,1125,1
87,1181,1
87,1350,1
87,1414,1
87,1506,1
87,1570,1
88,346,3
88,728,3
88,1327,3
89,166,3
89,170,3
89,563,1
89,815,1
89,1090,1
89,1120,1
89,1247,1
89,1288,1
89,1585,1
90,142,1
90,306,1
90,322,1
90,324,1
90,553,1
90,617,1
90,799,1
90,863,1
90,1133,1
90,1236,1
90,1263,1
90,1291,1
90,1391,1
90,1475,1
90,1488,3
90,1604,1
90,1633,1
91,340,1
91,355,1
91,357,1
91,360,1
91,405,1
91,422,1
91,430,1
91,435,1
91,501,1
91,507,1
91,527,1
91,553,1
91,737,1
91,751,3
91,779,1
91,810,1
91,864,1
91,983,1
91,991,1
91,1038,1
91,1059,1
91,1120,1
91,1140,1
91,1268,1
91,1286,1
91,1295,1
91,1357,1
91,1429,1
91,1524,1
91,1549,1
91,1589,3
91,1595,1
91,1606,1
92,916,1
92,1142,1
92,1511,3
92,1636,1
93,431,1
93,674,3
93,995,3
93,1295,1
93,1454,3
94,198,1
94,199,1
94,220,1
94,234,1
94,241,1
94,374,1
94,401,1
94,458,1
94,469,1
94,499,3
94,551,1
94,844,1
94,995,1
94,1019,1
94,1025,1
94,1051,1
94,1072,1
94,1095,1
94,1105,1
94,1106,1
94,1123,1
94,1132,1
94,1155,1
94,1169,1
94,1194,1
94,1217,1
94,1223,1
94,1260,1
94,1295,1
94,1305,1
94,1366,1
94,1430,1
94,1443,1
94,1549,1
94,1609,1
95,109,1
95,281,1
95,315,3
95,484,3
95,494,1
95,674,1
95,836,3
95,847,1
95,883,1
95,1115,1
95,1480,1
96,419,1
96,471,1
96,903,1
96,1017,1
96,1092,1
96,1160,1
96,1175,1
96,1189,1
96,1522,1
96,1566,1
97,15,1
97,307,1
97,439,1
97,530,1
97,709,1
97,762,1
97,1166,1
97,1514,1
98,506,1
98,534,3
98,783,1
98,875,3
98,1040,1
98,1141,3
98,1205,1
98,1368,1
98,1388,1
98,1396,1
98,1440,1
98,1465,1
98,1533,1
99,5,1
99,115,1
99,176,3
99,185,1
99,211,1
99,220,1
99,263,1
99,301,1
99,370,1
99,409,1
99,435,3
99,474,1
99,516,1
99,588,1
99,603,1
99,605,1
99,634,3
99,644,1
99,672,1
99,773,1
99,791,1
99,832,1
99,841,1
99,901,1
99,947,1
99,955,1
99,983,1
99,1101,1
99,1164,1
99,1270,1
99,1284,1
99,1296,1
99,1349,1
99,1425,1
99,1523,1
99,1593,1
99,1639,1
100,275,1
100,316,1
100,372,1
100,376,1
100,659,1
100,693,3
100,770,1
100,859,1
100,906,1
100,909,1
100,963,1
100,969,1
100,998,3
100,1071,1
100,1079,1
100,1134,1
100,1144,1
100,1222,1
100,1342,1
100,1445,1
100,1469,1
100,1477,1
100,1484,1
100,1555,1
100,1569,1
101,346,3
101,1188,1
102,833,3
102,1102,3
102,1287,3
103,863,3
103,1274,3
103,1441,1
104,392,1
104,398,3
104,405,1
104,1246,1
104,1489,3
105,543,1
105,784,1
105,789,3
105,875,3
105,1395,1
106,219,3
106,511,1
106,558,1
106,629,1
106,1510,1
106,1622,1
107,826,1
107,1588,1
107,1603,1
107,1610,1
108,315,1
108,444,1
108,483,1
108,548,1
108,607,1
108,797,1
108,945,1
108,1108,1
108,1254,1
108,1280,1
108,1405,1
109,107,1
109,177,1
109,180,1
109,196,1
109,217,1
109,228,1
109,243,1
109,275,1
109,276,1
109,316,1
109,318,1
109,331,1
109,336,1
109,376,1
109,378,1
109,389,1
109,410,1
109,420,1
109,460,3
109,505,1
109,510,1
109,565,1
109,566,1
109,628,1
109,631,1
109,653,1
109,681,1
109,726,1
109,746,1
109,752,1
109,753,1
109,780,1
109,813,1
109,850,1
109,860,3
109,868,1
109,876,1
109,885,1
109,909,1
109,917,1
109,958,1
109,963,1
109,968,1
109,1020,1
109,1073,1
109,1077,1
109,1082,1
109,1103,1
109,1134,1
109,1144,1
109,1157,1
109,1191,1
109,1192,1
109,1229,1
109,1241,1
109,1279,1
109,1312,1
109,1328,1
109,1350,1
109,1374,1
109,1387,1
109,1393,1
109,1444,1
109,1469,1
109,1472,1
109,1488,3
109,1494,1
109,1498,1
109,1509,1
109,1512,1
109,1531,1
109,1554,1
109,1585,1
109,1600,3
109,1623,1
109,1624,1
109,1631,1
110,113,3
110,314,1
110,380,1
110,437,1
110,547,1
110,698,1
110,828,1
110,963,3
110,1134,3
110,1628,1
111,163,1
111,269,1
111,438,1
111,462,3
111,878,1
111,1145,1
111,1292,1
112,299,1
112,417,1
112,561,3
112,1069,1
112,1452,3
112,1521,1
113,359,3
113,381,3
113,720,3
114,223,1
114,265,1
114,279,1
114,296,1
114,348,1
114,372,1
114,373,1
114,377,1
114,406,1
114,448,1
114,488,1
114,489,1
114,494,1
114,521,1
114,537,1
114,556,1
114,586,1
114,597,1
114,640,1
114,648,1
114,664,1
114,668,1
114,708,1
114,753,1
114,768,1
114,808,1
114,813,1
114,865,1
114,866,1
114,885,1
114,895,1
114,910,1
114,996,1
114,1008,1
114,1026,1
114,1041,1
114,1054,1
114,1074,1
114,1078,1
114,1115,1
114,1127,1
114,1136,1
114,1141,1
114,1151,1
114,1152,1
114,1172,1
114,1198,1
114,1222,1
114,1229,1
114,1235,1
114,1237,1
114,1262,1
114,1317,1
114,1339,1
114,1359,1
114,1374,1
114,1393,1
114,1409,1
114,1420,1
114,1427,1
114,1437,1
114,1446,1
114,1498,1
114,1504,1
114,1512,1
114,1573,1
114,1615,3
114,1635,1
114,1637,1
114,1638,1
115,108,1
115,250,3
115,292,1
115,382,1
115,656,1
115,678,3
115,856,1
115,1124,1
115,1518,1
116,486,1
116,577,1
116,1047,3
116,1094,1
116,1206,1
116,1371,1
116,1486,3
116,1495,1
117,442,1
117,647,1
117,791,1
117,853,1
117,1148,1
117,1618,1
118,200,1
118,223,1
118,265,1
118,348,1
118,372,1
118,373,1
118,406,1
118,448,1
118,464,1
118,489,1
118,537,1
118,556,1
118,586,1
118,664,1
118,753,1
118,808,1
118,850,1
118,865,1
118,885,1
118,895,1
118,910,1
118,951,1
118,996,1
118,1008,1
118,1026,1
118,1054,1
118,1074,1
118,1137,3
118,1151,1
118,1152,1
118,1172,1
118,1198,1
118,1220,1
118,1229,1
118,1234,1
118,1235,1
118,1262,1
118,1339,1
118,1359,1
118,1364,3
118,1374,1
118,1420,1
118,1425,1
118,1427,1
118,1446,1
118,1472,1
118,1480,1
118,1498,1
118,1504,1
118,1529,1
118,1635,1
118,1638,1
119,1,1
119,2,1
119,4,1
119,11,1
119,12,1
119,18,1
119,26,1
119,31,1
119,38,1
119,56,1
119,61,1
119,62,1
119,72,1
119,77,1
119,87,1
119,90,1
119,108,1
119,112,1
119,114,1
119,116,1
119,118,1
119,121,1
119,125,1
119,128,1
119,134,1
119,136,1
119,141,1
119,149,1
119,151,1
119,155,1
119,163,1
119,164,1
119,178,1
119,180,1
119,183,1
119,185,1
119,188,1
119,192,1
119,195,1
119,199,1
119,205,1
209,119,0
230,119,0
231,119,0
237,119,0
238,119,0
240,119,0
253,119,0
255,119,0
256,119,0
287,119,0
291,119,0
302,119,0
315,119,0
320,119,0
331,119,0
333,119,0
334,119,0
344,119,0
119,345,3
349,119,0
358,119,0
359,119,0
361,119,0
365,119,0
385,119,0
391,119,0
395,119,0
405,119,0
411,119,0
414,119,0
428,119,0
433,119,0
442,119,0
444,119,0
446,119,0
454,119,0
456,119,0
457,119,0
467,119,0
471,119,0
477,119,0
481,119,0
486,119,0
491,119,0
493,119,0
495,119,0
500,119,0
503,119,0
505,119,0
506,119,0
508,119,0
509,119,0
515,119,0
528,119,0
531,119,0
538,119,0
539,119,0
543,119,0
546,119,0
553,119,0
554,119,0
570,119,0
577,119,0
578,119,0
596,119,0
600,119,0
602,119,0
606,119,0
609,119,0
611,119,0
614,119,0
617,119,0
619,119,0
626,119,0
630,119,0
641,119,0
652,119,0
655,119,0
658,119,0
662,119,0
666,119,0
669,119,0
674,119,0
676,119,0
677,119,0
683,119,0
685,119,0
687,119,0
693,119,0
701,119,0
705,119,0
711,119,0
713,119,0
714,119,0
721,119,0
723,119,0
727,119,0
738,119,0
739,119,0
754,119,0
756,119,0
764,119,0
769,119,0
770,119,0
777,119,0
788,119,0
789,119,0
793,119,0
798,119,0
807,119,0
812,119,0
816,119,0
818,119,0
819,119,0
823,119,0
826,119,0
827,119,0
830,119,0
835,119,0
844,119,0
847,119,0
848,119,0
851,119,0
854,119,0
855,119,0
857,119,0
859,119,0
860,119,0
861,119,0
863,119,0
877,119,0
879,119,0
883,119,0
886,119,0
893,119,0
896,119,0
897,119,0
898,119,0
900,119,0
901,119,0
920,119,0
927,119,0
928,119,0
929,119,0
931,119,0
932,119,0
933,119,0
943,119,0
944,119,0
950,119,0
953,119,0
957,119,0
959,119,0
960,119,0
962,119,0
966,119,0
970,119,0
979,119,0
984,119,0
986,119,0
988,119,0
990,119,0
995,119,0
1003,119,0
1006,119,0
1007,119,0
1010,119,0
1013,119,0
1017,119,0
1023,119,0
1029,119,0
1034,119,0
1044,119,0
1065,119,0
1071,119,0
1079,119,0
1080,119,0
1085,119,0
1100,119,0
1106,119,0
1107,119,0
1109,119,0
1110,119,0
1115,119,0
1117,119,0
1121,119,0
1132,119,0
1139,119,0
1142,119,0
1146,119,0
1148,119,0
1149,119,0
1153,119,0
1163,119,0
1164,119,0
1169,119,0
1176,119,0
1181,119,0
1185,119,0
1186,119,0
1189,119,0
1193,119,0
1194,119,0
1196,119,0
1197,119,0
1200,119,0
1202,119,0
119,1203,3
1206,119,0
1217,119,0
1220,119,0
1221,119,0
1236,119,0
1238,119,0
1239,119,0
1251,119,0
1262,119,0
1263,119,0
1277,119,0
1280,119,0
1284,119,0
1291,119,0
1293,119,0
1303,119,0
1307,119,0
1315,119,0
1319,119,0
1320,119,0
1323,119,0
1331,119,0
1332,119,0
1334,119,0
1350,119,0
1353,119,0
1356,119,0
1363,119,0
1368,119,0
1382,119,0
1384,119,0
1391,119,0
1392,119,0
1398,119,0
1413,119,0
1421,119,0
1423,119,0
1438,119,0
1442,119,0
1452,119,0
1454,119,0
1456,119,0
1457,119,0
1459,119,0
1464,119,0
1477,119,0
1478,119,0
1491,119,0
1495,119,0
1497,119,0
1500,119,0
1506,119,0
1513,119,0
1516,119,0
1521,119,0
1522,119,0
1526,119,0
1532,119,0
1535,119,0
1539,119,0
1543,119,0
1544,119,0
1545,119,0
1546,119,0
1548,119,0
1551,119,0
1553,119,0
1566,119,0
1568,119,0
1570,119,0
1579,119,0
1582,119,0
1599,119,0
1600,119,0
1604,119,0
1607,119,0
1610,119,0
1612,119,0
1616,119,0
1621,119,0
1629,119,0
1633,119,0
1636,119,0
1638,119,0
1639,119,0
1640,119,0
1641,119,0
9,120,0
105,120,0
130,120,0
151,120,0
202,120,0
250,120,0
253,120,0
267,120,0
270,120,0
271,120,0
120,273,3
291,120,0
309,120,0
335,120,0
336,120,0
347,120,0
362,120,0
366,120,0
370,120,0
387,120,0
390,120,0
391,120,0
414,120,0
422,120,0
442,120,0
446,120,0
473,120,0
479,120,0
514,120,0
520,120,0
539,120,0
549,120,0
568,120,0
572,120,0
580,120,0
591,120,0
657,120,0
662,120,0
663,120,0
675,120,0
687,120,0
696,120,0
722,120,0
730,120,0
732,120,0
744,120,0
759,120,0
774,120,0
783,120,0
784,120,0
789,120,0
807,120,0
832,120,0
853,120,0
862,120,0
888,120,0
948,120,0
954,120,0
956,120,0
972,120,0
1009,120,0
1013,120,0
1016,120,0
1042,120,0
1043,120,0
1047,120,0
1050,120,0
1058,120,0
1064,120,0
1086,120,0
1116,120,0
1152,120,0
1153,120,0
1167,120,0
1168,120,0
1200,120,0
1208,120,0
1210,120,0
1214,120,0
1218,120,0
1232,120,0
1262,120,0
1281,120,0
1294,120,0
1303,120,0
1309,120,0
1315,120,0
1321,120,0
1331,120,0
1341,120,0
1346,120,0
1349,120,0
1363,120,0
1369,120,0
1376,120,0
1378,120,0
1395,120,0
1400,120,0
1401,120,0
1416,120,0
1417,120,0
1454,120,0
1476,120,0
1539,120,0
1545,120,0
1558,120,0
1560,120,0
1582,120,0
1584,120,0
1601,120,0
1619,120,0
120,1628,3
1632,120,0
108,121,0
161,121,0
315,121,0
444,121,0
121,486,3
757,121,0
784,121,0
805,121,0
1062,121,0
1112,121,0
1190,121,0
1216,121,0
1581,121,0
122,230,3
415,122,0
508,122,0
515,122,0
926,122,0
970,122,0
1107,122,0
1546,122,0
123,574,3
123,1099,3
620,124,0
682,124,0
805,124,0
124,1058,3
124,1131,3
15,125,0
186,125,0
396,125,0
657,125,0
671,125,0
702,125,0
783,125,0
823,125,0
922,125,0
930,125,0
948,125,0
991,125,0
1049,125,0
1106,125,0
1265,125,0
1305,125,0
1321,125,0
1356,125,0
1368,125,0
1396,125,0
1465,125,0
125,1514,3
1617,125,0
1620,125,0
259,126,0
352,126,0
438,126,0
465,126,0
126,789,3
126,1010,3
1218,126,0
126,1296,3
1427,126,0
30,127,0
125,127,0
251,127,0
285,127,0
326,127,0
426,127,0
442,127,0
525,127,0
623,127,0
670,127,0
1258,127,0
1368,127,0
1466,127,0
289,128,0
414,128,0
454,128,0
624,128,0
657,128,0
751,128,0
823,128,0
128,832,3
874,128,0
1040,128,0
1083,128,0
1205,128,0
1265,128,0
1388,128,0
1396,128,0
1465,128,0
1476,128,0
1533,128,0
1571,128,0
128,1597,3
1617,128,0
270,129,0
436,129,0
643,129,0
129,997,3
129,1472,3
129,1546,3
270,130,0
130,782,3
130,839,3
130,900,3
1208,130,0
1241,130,0
1619,130,0
61,131,0
482,131,0
830,131,0
131,909,3
1082,131,0
1163,131,0
1583,131,0
13,132,0
98,132,0
128,132,0
409,132,0
432,132,0
132,508,3
832,132,0
892,132,0
985,132,0
1110,132,0
1288,132,0
1295,132,0
1549,132,0
14,133,0
84,133,0
152,133,0
133,301,3
400,133,0
425,133,0
914,133,0
932,133,0
998,133,0
1024,133,0
1085,133,0
1541,133,0
494,134,0
1239,134,0
134,1445,3
1480,134,0
1498,134,0
14,135,0
15,135,0
31,135,0
65,135,0
98,135,0
114,135,0
118,135,0
161,135,0
187,135,0
239,135,0
241,135,0
272,135,0
281,135,0
284,135,0
317,135,0
320,135,0
338,135,0
379,135,0
398,135,0
403,135,0
415,135,0
416,135,0
424,135,0
430,135,0
447,135,0
468,135,0
480,135,0
559,135,0
564,135,0
610,135,0
135,613,3
620,135,0
629,135,0
630,135,0
655,135,0
657,135,0
720,135,0
725,135,0
742,135,0
745,135,0
767,135,0
790,135,0
795,135,0
824,135,0
831,135,0
833,135,0
856,135,0
857,135,0
881,135,0
883,135,0
902,135,0
905,135,0
914,135,0
931,135,0
932,135,0
936,135,0
940,135,0
1027,135,0
1085,135,0
1088,135,0
1091,135,0
1095,135,0
1111,135,0
1113,135,0
1118,135,0
1131,135,0
1147,135,0
1149,135,0
1150,135,0
1158,135,0
1202,135,0
1205,135,0
1207,135,0
1257,135,0
1260,135,0
1265,135,0
1271,135,0
1297,135,0
1299,135,0
1323,135,0
1327,135,0
1351,135,0
1370,135,0
1372,135,0
1406,135,0
1415,135,0
1429,135,0
1441,135,0
1458,135,0
1465,135,0
1472,135,0
1478,135,0
1483,135,0
1486,135,0
1499,135,0
1507,135,0
1508,135,0
1510,135,0
1550,135,0
1561,135,0
1562,135,0
1563,135,0
1600,135,0
1617,135,0
1,136,0
273,136,0
331,136,0
683,136,0
754,136,0
136,789,3
794,136,0
927,136,0
1007,136,0
136,1034,3
1532,136,0
214,137,0
230,137,0
481,137,0
619,137,0
877,137,0
1186,137,0
1319,137,0
1382,137,0
137,1448,3
1457,137,0
1464,137,0
1640,137,0
404,138,0
138,685,3
735,138,0
138,894,3
1613,138,0
139,257,3
675,139,0
900,139,0
988,139,0
1121,139,0
1404,139,0
139,1495,3
1532,139,0
2,140,0
71,140,0
84,140,0
90,140,0
100,140,0
114,140,0
118,140,0
121,140,0
170,140,0
202,140,0
216,140,0
230,140,0
243,140,0
250,140,0
254,140,0
275,140,0
282,140,0
290,140,0
292,140,0
304,140,0
309,140,0
318,140,0
324,140,0
328,140,0
333,140,0
342,140,0
362,140,0
376,140,0
387,140,0
389,140,0
393,140,0
415,140,0
429,140,0
140,445,3
446,140,0
474,140,0
479,140,0
480,140,0
481,140,0
484,140,0
503,140,0
504,140,0
140,531,3
545,140,0
555,140,0
562,140,0
572,140,0
591,140,0
612,140,0
628,140,0
656,140,0
663,140,0
696,140,0
719,140,0
722,140,0
726,140,0
728,140,0
731,140,0
732,140,0
745,140,0
746,140,0
757,140,0
769,140,0
771,140,0
774,140,0
777,140,0
778,140,0
140,788,3
792,140,0
798,140,0
813,140,0
817,140,0
821,140,0
822,140,0
827,140,0
845,140,0
849,140,0
868,140,0
871,140,0
872,140,0
877,140,0
886,140,0
902,140,0
906,140,0
909,140,0
913,140,0
933,140,0
949,140,0
969,140,0
976,140,0
987,140,0
988,140,0
990,140,0
1003,140,0
140,1022,3
1032,140,0
1042,140,0
1043,140,0
1056,140,0
1062,140,0
1075,140,0
1080,140,0
1088,140,0
1106,140,0
1111,140,0
1121,140,0
1122,140,0
1130,140,0
1134,140,0
1144,140,0
1147,140,0
1153,140,0
1154,140,0
1159,140,0
1168,140,0
1180,140,0
1186,140,0
1191,140,0
1194,140,0
1195,140,0
1225,140,0
1228,140,0
1229,140,0
1232,140,0
1236,140,0
1238,140,0
1251,140,0
1263,140,0
1272,140,0
1277,140,0
1287,140,0
1291,140,0
1297,140,0
1300,140,0
1305,140,0
1314,140,0
1324,140,0
1326,140,0
1332,140,0
1341,140,0
1351,140,0
1362,140,0
1374,140,0
1391,140,0
1403,140,0
1404,140,0
1420,140,0
1457,140,0
1460,140,0
1464,140,0
1469,140,0
1475,140,0
1481,140,0
1490,140,0
1491,140,0
1513,140,0
1518,140,0
1536,140,0
1557,140,0
1585,140,0
1632,140,0
1633,140,0
1640,140,0
1641,140,0
72,141,0
287,141,0
334,141,0
442,141,0
606,141,0
641,141,0
728,141,0
1496,141,0
1548,141,0
34,142,0
266,142,0
325,142,0
747,142,0
142,891,3
1084,142,0
1267,142,0
1493,142,0
1560,142,0
143,228,3
243,143,0
249,143,0
428,143,0
143,438,3
550,143,0
569,143,0
693,143,0
723,143,0
726,143,0
744,143,0
888,143,0
941,143,0
965,143,0
1143,143,0
1188,143,0
1234,143,0
1235,143,0
1417,143,0
1427,143,0
1434,143,0
1585,143,0
355,144,0
613,144,0
809,144,0
144,1596,3
434,145,0
475,145,0
145,625,3
676,145,0
145,791,3
857,145,0
898,145,0
145,1253,3
145,1510,3
146,869,3
1015,146,0
146,1190,3
147,835,3
196,148,0
775,148,0
875,148,0
148,918,3
1334,148,0
1337,148,0
1490,148,0
148,1594,3
291,149,0
463,149,0
502,149,0
508,149,0
149,940,3
1196,149,0
1200,149,0
1515,149,0
1547,149,0
337,150,0
760,150,0
829,150,0
1605,150,0
471,151,0
576,151,0
721,151,0
863,151,0
1189,151,0
151,1434,3
1561,151,0
657,152,0
152,739,3
1476,152,0
153,634,3
771,153,0
845,153,0
1300,153,0
153,1627,3
350,154,0
351,154,0
434,154,0
841,154,0
154,946,3
154,957,3
1063,154,0
1296,154,0
154,1303,3
253,155,0
311,155,0
593,155,0
155,823,3
948,155,0
1120,155,0
1273,155,0
1284,155,0
1321,155,0
155,1329,3
1356,155,0
155,1389,3
1523,155,0
1572,155,0
156,524,3
156,1203,3
3,157,0
157,208,3
294,157,0
382,157,0
490,157,0
157,500,3
695,157,0
750,157,0
1081,157,0
1096,157,0
1135,157,0
157,1167,3
1358,157,0
1433,157,0
114,158,0
118,158,0
692,158,0
158,887,3
159,211,3
249,159,0
279,159,0
342,159,0
368,159,0
371,159,0
393,159,0
464,159,0
472,159,0
489,159,0
159,496,3
504,159,0
549,159,0
684,159,0
159,773,3
792,159,0
850,159,0
866,159,0
885,159,0
895,159,0
933,159,0
1054,159,0
1103,159,0
1202,159,0
1229,159,0
1234,159,0
1247,159,0
1283,159,0
1374,159,0
1417,159,0
1420,159,0
1427,159,0
1484,159,0
1490,159,0
1509,159,0
191,160,0
293,160,0
481,160,0
625,160,0
706,160,0
160,729,3
160,822,3
160,824,3
1035,160,0
1248,160,0
1259,160,0
160,1268,3
1516,160,0
665,161,0
161,1576,3
303,162,0
310,162,0
407,162,0
162,603,3
733,162,0
926,162,0
1061,162,0
1089,162,0
162,1427,3
314,163,0
163,332,3
677,163,0
714,163,0
788,163,0
861,163,0
1034,163,0
1197,163,0
24,164,0
247,164,0
301,164,0
421,164,0
432,164,0
513,164,0
766,164,0
841,164,0
974,164,0
982,164,0
1018,164,0
1170,164,0
1203,164,0
1205,164,0
1465,164,0
1533,164,0
165,357,3
165,402,3
269,166,0
278,166,0
445,166,0
166,682,3
166,774,3
814,166,0
166,1064,3
1137,166,0
1327,166,0
1508,166,0
166,1577,3
2,167,0
509,167,0
827,167,0
1287,167,0
1491,167,0
167,1499,3
1535,167,0
167,1626,3
674,168,0
168,687,3
795,168,0
883,168,0
894,168,0
977,168,0
987,168,0
168,1232,3
1239,168,0
1502,168,0
15,169,0
108,169,0
169,304,3
307,169,0
328,169,0
169,759,3
852,169,0
887,169,0
1011,169,0
1228,169,0
169,1239,3
1240,169,0
1282,169,0
1377,169,0
1379,169,0
1439,169,0
169,1512,3
4,170,0
12,170,0
18,170,0
48,170,0
128,170,0
135,170,0
151,170,0
168,170,0
199,170,0
212,170,0
218,170,0
232,170,0
249,170,0
253,170,0
255,170,0
264,170,0
269,170,0
291,170,0
292,170,0
293,170,0
170,294,3
297,170,0
302,170,0
320,170,0
332,170,0
170,334,3
335,170,0
339,170,0
346,170,0
356,170,0
358,170,0
362,170,0
374,170,0
388,170,0
391,170,0
170,392,3
393,170,0
398,170,0
405,170,0
408,170,0
424,170,0
427,170,0
450,170,0
454,170,0
455,170,0
468,170,0
482,170,0
487,170,0
494,170,0
503,170,0
511,170,0
529,170,0
549,170,0
553,170,0
561,170,0
575,170,0
576,170,0
579,170,0
580,170,0
620,170,0
629,170,0
634,170,0
636,170,0
643,170,0
656,170,0
660,170,0
683,170,0
693,170,0
705,170,0
721,170,0
728,170,0
734,170,0
742,170,0
744,170,0
745,170,0
757,170,0
758,170,0
763,170,0
765,170,0
774,170,0
777,170,0
796,170,0
798,170,0
799,170,0
801,170,0
807,170,0
813,170,0
825,170,0
831,170,0
849,170,0
850,170,0
860,170,0
863,170,0
881,170,0
885,170,0
899,170,0
907,170,0
914,170,0
915,170,0
916,170,0
919,170,0
933,170,0
939,170,0
970,170,0
990,170,0
995,170,0
999,170,0
1001,170,0
1036,170,0
1040,170,0
1043,170,0
1048,170,0
1057,170,0
1066,170,0
1085,170,0
1086,170,0
1094,170,0
1104,170,0
1115,170,0
1120,170,0
1131,170,0
1150,170,0
1169,170,0
1178,170,0
1184,170,0
1199,170,0
1202,170,0
1207,170,0
1217,170,0
1220,170,0
1221,170,0
1229,170,0
1249,170,0
1262,170,0
1269,170,0
1271,170,0
1277,170,0
1294,170,0
1313,170,0
1326,170,0
1333,170,0
1338,170,0
1343,170,0
1370,170,0
1372,170,0
1374,170,0
1396,170,0
1407,170,0
1411,170,0
1420,170,0
1424,170,0
1431,170,0
1432,170,0
1435,170,0
1438,170,0
1441,170,0
1454,170,0
1460,170,0
1467,170,0
1478,170,0
1482,170,0
1483,170,0
1486,170,0
1516,170,0
1518,170,0
1543,170,0
1546,170,0
1549,170,0
1562,170,0
1580,170,0
1592,170,0
1598,170,0
1599,170,0
1600,170,0
1641,170,0
171,573,3
171,831,3
171,1463,3
172,236,3
172,908,3
1055,172,0
1291,172,0
172,1609,3
321,173,0
173,1222,3
1256,173,0
1473,173,0
174,343,3
174,536,3
174,907,3
31,175,0
138,175,0
227,175,0
249,175,0
279,175,0
342,175,0
362,175,0
366,175,0
368,175,0
371,175,0
387,175,0
393,175,0
417,175,0
463,175,0
464,175,0
472,175,0
502,175,0
504,175,0
514,175,0
529,175,0
549,175,0
591,175,0
598,175,0
615,175,0
643,175,0
656,175,0
663,175,0
684,175,0
694,175,0
722,175,0
735,175,0
744,175,0
759,175,0
774,175,0
777,175,0
792,175,0
813,175,0
866,175,0
885,175,0
894,175,0
925,175,0
933,175,0
951,175,0
1054,175,0
1058,175,0
1077,175,0
1079,175,0
1086,175,0
1103,175,0
1143,175,0
1171,175,0
1202,175,0
1229,175,0
1231,175,0
1232,175,0
1234,175,0
1235,175,0
1237,175,0
1247,175,0
1249,175,0
1274,175,0
1329,175,0
1331,175,0
1345,175,0
1361,175,0
1367,175,0
175,1371,3
1374,175,0
1389,175,0
1401,175,0
1417,175,0
1460,175,0
1468,175,0
1484,175,0
175,1503,3
1504,175,0
1518,175,0
1547,175,0
1557,175,0
1580,175,0
1600,175,0
1601,175,0
146,176,0
176,404,3
795,176,0
176,822,3
176,996,3
1235,176,0
176,1593,3
177,197,3
504,177,0
177,535,3
1434,177,0
224,178,0
403,178,0
950,178,0
178,1203,3
178,1339,3
178,1529,3
777,179,0
179,812,3
179,1284,3
1538,179,0
180,870,3
1157,180,0
31,181,0
37,181,0
108,181,0
197,181,0
214,181,0
225,181,0
308,181,0
315,181,0
323,181,0
343,181,0
396,181,0
444,181,0
499,181,0
571,181,0
573,181,0
181,587,3
608,181,0
609,181,0
621,181,0
633,181,0
741,181,0
762,181,0
786,181,0
797,181,0
876,181,0
918,181,0
922,181,0
930,181,0
992,181,0
1027,181,0
1052,181,0
1060,181,0
1108,181,0
1209,181,0
1227,181,0
1276,181,0
1302,181,0
1332,181,0
1354,181,0
1364,181,0
1408,181,0
1447,181,0
1451,181,0
1474,181,0
1567,181,0
449,182,0
521,182,0
182,592,3
785,182,0
182,829,3
182,964,3
183,321,3
659,183,0
183,764,3
770,183,0
859,183,0
1071,183,0
1079,183,0
183,1176,3
1342,183,0
1445,183,0
1477,183,0
1555,183,0
434,184,0
464,184,0
678,184,0
184,837,3
1537,184,0
820,185,0
833,185,0
1117,185,0
185,1208,3
1449,185,0
54,186,0
57,186,0
71,186,0
215,186,0
229,186,0
262,186,0
297,186,0
304,186,0
361,186,0
379,186,0
381,186,0
398,186,0
403,186,0
424,186,0
468,186,0
480,186,0
482,186,0
499,186,0
511,186,0
610,186,0
614,186,0
620,186,0
643,186,0
669,186,0
685,186,0
706,186,0
733,186,0
736,186,0
790,186,0
795,186,0
802,186,0
831,186,0
902,186,0
913,186,0
186,917,3
921,186,0
924,186,0
931,186,0
966,186,0
981,186,0
1035,186,0
1047,186,0
1062,186,0
1088,186,0
1111,186,0
1150,186,0
1195,186,0
1205,186,0
1207,186,0
1225,186,0
1253,186,0
1271,186,0
1297,186,0
1305,186,0
1322,186,0
1332,186,0
1338,186,0
1370,186,0
1403,186,0
1415,186,0
1429,186,0
1441,186,0
1456,186,0
1483,186,0
1550,186,0
1562,186,0
1563,186,0
1565,186,0
1577,186,0
1598,186,0
1617,186,0
1641,186,0
799,187,0
873,187,0
937,187,0
187,1251,3
187,1276,3
1381,187,0
1488,187,0
765,188,0
188,1551,3
189,548,3
189,576,3
245,190,0
288,190,0
744,190,0
961,190,0
1347,190,0
553,191,0
625,191,0
754,191,0
191,788,3
806,191,0
1248,191,0
1252,191,0
191,1361,3
1516,191,0
191,1547,3
1139,192,0
1207,192,0
1607,192,0
2,193,0
78,193,0
84,193,0
90,193,0
100,193,0
114,193,0
170,193,0
202,193,0
209,193,0
216,193,0
250,193,0
275,193,0
277,193,0
282,193,0
290,193,0
292,193,0
304,193,0
309,193,0
316,193,0
322,193,0
324,193,0
328,193,0
333,193,0
342,193,0
347,193,0
362,193,0
375,193,0
376,193,0
389,193,0
403,193,0
415,193,0
446,193,0
474,193,0
480,193,0
481,193,0
484,193,0
503,193,0
509,193,0
529,193,0
539,193,0
562,193,0
572,193,0
591,193,0
612,193,0
617,193,0
619,193,0
628,193,0
645,193,0
656,193,0
663,193,0
678,193,0
711,193,0
722,193,0
728,193,0
731,193,0
193,744,3
745,193,0
746,193,0
754,193,0
757,193,0
774,193,0
777,193,0
778,193,0
798,193,0
813,193,0
817,193,0
822,193,0
827,193,0
845,193,0
850,193,0
871,193,0
872,193,0
885,193,0
886,193,0
902,193,0
906,193,0
909,193,0
913,193,0
925,193,0
959,193,0
963,193,0
976,193,0
987,193,0
988,193,0
990,193,0
1003,193,0
1009,193,0
1013,193,0
1032,193,0
1042,193,0
1062,193,0
1075,193,0
1080,193,0
1088,193,0
1106,193,0
1121,193,0
1122,193,0
1130,193,0
1134,193,0
1144,193,0
1147,193,0
1180,193,0
1186,193,0
1188,193,0
1191,193,0
1195,193,0
1219,193,0
1225,193,0
1229,193,0
1236,193,0
1249,193,0
1263,193,0
1275,193,0
1282,193,0
1291,193,0
1305,193,0
1309,193,0
1315,193,0
1319,193,0
1324,193,0
1332,193,0
1341,193,0
1351,193,0
1363,193,0
1369,193,0
1374,193,0
1382,193,0
1403,193,0
1404,193,0
1420,193,0
1457,193,0
1464,193,0
1469,193,0
1481,193,0
1490,193,0
1505,193,0
1518,193,0
1535,193,0
1536,193,0
1554,193,0
1557,193,0
1580,193,0
1584,193,0
1599,193,0
1633,193,0
1640,193,0
35,194,0
238,194,0
411,194,0
466,194,0
776,194,0
854,194,0
1519,194,0
195,439,3
195,1250,3
195,1615,3
196,1524,3
197,1234,3
199,1288,3
200,1120,3
200,1366,3
202,627,3
202,809,3
202,951,3
202,1197,3
202,1463,3
202,1619,3
203,1191,3
205,433,3
205,1192,3
206,255,3
206,685,3
206,901,3
206,925,3
206,1071,3
207,212,3
207,1235,3
208,682,3
209,258,3
209,575,3
209,801,3
210,1190,3
211,1414,3
212,222,3
212,448,3
212,1460,3
214,637,3
215,1485,3
216,703,3
216,1533,3
217,933,3
217,1236,3
218,408,3
219,1038,3
221,252,3
221,473,3
222,355,3
222,398,3
222,598,3
222,1160,3
222,1251,3
223,594,3
223,986,3
223,1021,3
224,688,3
224,1378,3
225,843,3
225,1141,3
225,1631,3
226,1152,3
227,512,3
227,1526,3
230,347,3
230,1117,3
231,493,3
232,496,3
232,948,3
232,1015,3
232,1219,3
234,1324,3
235,404,3
235,1006,3
235,1278,3
235,1571,3
237,1186,3
237,1245,3
237,1310,3
239,994,3
239,1458,3
240,368,3
240,1050,3
241,1222,3
242,372,3
242,580,3
242,829,3
242,1111,3
242,1490,3
243,487,3
243,955,3
244,826,3
244,1143,3
245,437,3
246,841,3
246,931,3
247,796,3
248,1480,3
249,576,3
250,1079,3
250,1564,3
252,1036,3
252,1225,3
253,847,3
253,1072,3
254,946,3
255,1018,3
255,1052,3
255,1226,3
256,335,3
256,804,3
257,887,3
257,1163,3
257,1173,3
257,1303,3
257,1635,3
258,300,3
259,1060,3
259,1286,3
259,1467,3
259,1490,3
261,339,3
263,1004,3
264,437,3
264,880,3
264,1179,3
265,1105,3
265,1164,3
266,365,3
266,729,3
266,1631,3
267,1095,3
268,293,3
270,363,3
271,301,3
271,1355,3
271,1427,3
271,1630,3
273,1180,3
274,1203,3
276,1028,3
278,719,3
280,1024,3
281,604,3
281,707,3
281,1440,3
282,1501,3
282,1604,3
283,1403,3
285,921,3
287,495,3
287,1410,3
288,1134,3
289,1110,3
290,296,3
292,618,3
292,1020,3
293,686,3
293,1235,3
294,857,3
298,1142,3
298,1186,3
298,1247,3
299,383,3
299,984,3
303,1347,3
306,1328,3
307,867,3
308,450,3
308,1183,3
312,1236,3
313,865,3
313,1056,3
313,1097,3
313,1476,3
314,659,3
315,1425,3
315,1483,3
316,468,3
316,1008,3
318,358,3
318,1592,3
319,995,3
320,689,3
321,655,3
321,737,3
322,827,3
322,958,3
323,840,3
323,1503,3
323,1568,3
324,812,3
324,1185,3
324,1518,3
325,385,3
325,844,3
325,1289,3
327,755,3
328,1608,3
332,619,3
332,1585,3
334,435,3
334,1425,3
335,389,3
335,839,3
336,426,3
337,727,3
339,1023,3
339,1073,3
340,784,3
340,1167,3
340,1419,3
341,931,3
341,1601,3
342,419,3
342,477,3
342,842,3
344,1053,3
344,1195,3
344,1382,3
345,463,3
345,963,3
346,772,3
346,1001,3
347,939,3
347,1282,3
348,682,3
348,1112,3
349,922,3
349,1121,3
350,365,3
350,843,3
350,1401,3
352,1425,3
353,1118,3
354,484,3
355,798,3
355,802,3
355,1098,3
356,423,3
356,679,3
356,1410,3
357,1340,3
357,1553,3
360,918,3
361,474,3
362,1620,3
363,964,3
363,966,3
364,1041,3
364,1322,3
365,636,3
365,682,3
366,583,3
366,1225,3
366,1434,3
368,425,3
369,1068,3
369,1084,3
370,918,3
370,1311,3
371,999,3
371,1531,3
373,1171,3
374,1553,3
375,450,3
375,1463,3
375,1622,3
376,523,3
378,963,3
379,988,3
381,433,3
382,620,3
383,394,3
383,687,3
383,1460,3
383,1548,3
384,749,3
386,436,3
387,514,3
387,552,3
387,1366,3
388,965,3
389,499,3
389,618,3
389,1127,3
389,1533,3
390,1539,3
392,1117,3
393,628,3
393,1116,3
393,1219,3
394,953,3
394,1278,3
395,590,3
395,594,3
395,1372,3
395,1469,3
395,1528,3
396,605,3
396,635,3
396,1200,3
398,979,3
399,717,3
399,983,3
400,408,3
400,1096,3
400,1201,3
402,976,3
402,1418,3
403,425,3
404,747,3
404,985,3
406,521,3
406,1154,3
406,1225,3
408,1010,3
408,1424,3
408,1555,3
409,1345,3
410,1213,3
411,422,3
413,453,3
413,981,3
416,559,3
416,1197,3
418,657,3
418,879,3
418,1084,3
418,1272,3
421,812,3
422,1445,3
424,449,3
425,1026,3
425,1250,3
427,514,3
429,466,3
429,584,3
429,1221,3
430,682,3
430,1096,3
430,1138,3
430,1515,3
432,766,3
433,860,3
433,1451,3
434,794,3
434,1091,3
434,1318,3
435,758,3
436,750,3
438,1428,3
438,1514,3
439,726,3
439,1091,3
440,451,3
441,966,3
441,1206,3
442,887,3
442,1169,3
443,1123,3
444,1230,3
445,1106,3
448,1316,3
449,538,3
451,915,3
452,809,3
452,1175,3
452,1595,3
453,846,3
453,990,3
456,728,3
458,755,3
458,847,3
458,1264,3
458,1447,3
460,594,3
460,704,3
460,1247,3
462,912,3
463,1114,3
464,1067,3
464,1483,3
467,1157,3
468,915,3
471,715,3
471,988,3
472,1018,3
472,1048,3
472,1223,3
472,1304,3
472,1407,3
473,565,3
474,551,3
474,721,3
474,1134,3
475,670,3
475,675,3
475,808,3
475,1230,3
476,861,3
476,1440,3
476,1511,3
477,1244,3
477,1392,3
477,1483,3
479,590,3
479,1030,3
479,1157,3
481,954,3
481,1161,3
481,1256,3
483,675,3
485,1232,3
486,966,3
486,1514,3
487,957,3
489,1469,3
491,758,3
491,985,3
491,1136,3
491,1222,3
492,1470,3
493,879,3
495,721,3
495,1584,3
497,1519,3
500,722,3
500,863,3
501,557,3
501,1566,3
502,649,3
502,661,3
502,1002,3
503,587,3
503,822,3
505,790,3
505,908,3
505,1163,3
506,1560,3
509,762,3
509,770,3
510,1090,3
510,1431,3
511,1007,3
511,1221,3
512,1097,3
512,1264,3
512,1298,3
513,1069,3
514,550,3
514,938,3
514,1098,3
515,755,3
515,1627,3
516,1016,3
518,642,3
518,1084,3
519,1010,3
519,1452,3
520,1132,3
520,1388,3
522,1392,3
523,1081,3
524,535,3
524,987,3
524,1558,3
527,1472,3
529,895,3
529,930,3
531,830,3
533,900,3
533,1331,3
533,1375,3
534,624,3
534,1325,3
534,1411,3
535,1150,3
536,594,3
537,645,3
537,731,3
537,1375,3
537,1569,3
538,1157,3
540,1133,3
540,1179,3
542,611,3
542,1118,3
544,695,3
544,737,3
544,1157,3
545,1216,3
547,1140,3
549,798,3
549,1027,3
549,1377,3
550,790,3
550,1257,3
551,1430,3
552,779,3
552,1136,3
553,646,3
553,1419,3
554,1066,3
558,645,3
559,581,3
559,634,3
559,784,3
559,1155,3
559,1478,3
560,1354,3
560,1364,3
560,1451,3
560,1596,3
561,1208,3
561,1411,3
562,1267,3
562,1405,3
562,1565,3
563,961,3
564,1470,3
564,1573,3
566,1355,3
567,685,3
567,888,3
567,1246,3
569,1038,3
571,1240,3
571,1258,3
571,1332,3
571,1388,3
571,1411,3
572,1354,3
572,1429,3
573,997,3
573,1129,3
574,1439,3
576,1071,3
577,1095,3
578,729,3
578,1000,3
578,1303,3
579,749,3
579,1398,3
579,1426,3
581,1203,3
583,1546,3
584,735,3
585,1630,3
586,1226,3
587,1160,3
587,1457,3
588,663,3
589,714,3
589,946,3
589,1429,3
590,849,3
591,805,3
592,869,3
592,1203,3
592,1548,3
594,736,3
594,997,3
594,1066,3
595,1229,3
595,1308,3
595,1626,3
596,897,3
596,948,3
596,1033,3
598,967,3
598,975,3
600,993,3
601,860,3
601,1153,3
602,1211,3
603,844,3
603,1460,3
604,1449,3
605,662,3
605,718,3
605,961,3
605,1234,3
606,642,3
606,1132,3
607,715,3
607,894,3
607,1109,3
607,1323,3
608,1247,3
609,995,3
609,1618,3
610,680,3
610,792,3
610,1084,3
611,788,3
611,1464,3
612,862,3
612,1364,3
614,1029,3
615,1126,3
615,1413,3
617,1307,3
617,1387,3
617,1595,3
618,662,3
618,1472,3
618,1608,3
619,848,3
621,1530,3
622,1240,3
623,1043,3
623,1448,3
625,1097,3
626,1062,3
626,1277,3
627,1100,3
629,1463,3
631,1328,3
632,656,3
632,959,3
633,1237,3
636,1074,3
636,1428,3
637,1053,3
637,1411,3
637,1545,3
637,1611,3
638,778,3
638,1007,3
638,1299,3
639,899,3
640,855,3
640,1199,3
641,1453,3
642,706,3
644,1612,3
645,1135,3
646,757,3
646,1313,3
647,927,3
648,935,3
648,1397,3
648,1484,3
649,672,3
651,892,3
651,1328,3
653,863,3
653,1249,3
654,1080,3
654,1186,3
657,781,3
657,1432,3
661,1290,3
662,971,3
664,1137,3
664,1487,3
665,1076,3
665,1116,3
667,1499,3
669,1488,3
670,1166,3
671,962,3
673,824,3
673,1419,3
674,1502,3
675,702,3
675,731,3
675,1093,3
677,1132,3
677,1257,3
678,902,3
680,1063,3
682,1024,3
683,1569,3
684,927,3
684,1173,3
684,1336,3
685,1078,3
685,1585,3
686,778,3
686,1631,3
687,693,3
687,708,3
687,1253,3
687,1307,3
687,1586,3
689,963,3
689,1254,3
692,828,3
694,727,3
694,842,3
694,956,3
694,1155,3
695,824,3
696,920,3
696,1447,3
697,1337,3
698,864,3
698,867,3
700,713,3
701,723,3
701,969,3
703,1517,3
704,999,3
705,1173,3
706,1151,3
707,736,3
708,881,3
708,1086,3
708,1133,3
708,1449,3
709,792,3
709,996,3
709,1569,3
711,999,3
711,1048,3
711,1225,3
713,804,3
713,1006,3
714,1262,3
716,1378,3
717,857,3
718,906,3
718,960,3
718,1213,3
718,1623,3
719,1543,3
723,1580,3
724,1060,3
725,893,3
725,1350,3
728,922,3
728,957,3
729,1218,3
729,1297,3
729,1557,3
731,817,3
731,1137,3
731,1519,3
732,899,3
732,1560,3
734,833,3
734,1078,3
734,1223,3
735,1096,3
735,1408,3
736,1206,3
736,1586,3
737,1635,3
738,909,3
738,1203,3
738,1537,3
739,1052,3
739,1142,3
739,1308,3
739,1386,3
740,1232,3
741,749,3
741,1605,3
743,948,3
744,966,3
744,1109,3
744,1185,3
745,1636,3
746,980,3
746,1492,3
747,1142,3
750,1018,3
750,1235,3
750,1503,3
751,1376,3
752,1105,3
752,1229,3
753,902,3
754,1474,3
755,1513,3
757,1091,3
757,1216,3
759,845,3
759,1329,3
760,1027,3
761,1271,3
761,1272,3
762,1261,3
762,1494,3
765,867,3
765,909,3
765,1350,3
767,816,3
767,971,3
767,1522,3
767,1600,3
769,1483,3
770,1611,3
771,1347,3
773,1400,3
773,1468,3
775,1260,3
778,859,3
779,786,3
779,918,3
781,916,3
782,1315,3
783,1468,3
784,1343,3
784,1636,3
786,1047,3
786,1152,3
786,1440,3
790,1330,3
791,935,3
791,1121,3
793,893,3
794,1045,3
795,1051,3
797,823,3
797,1351,3
798,835,3
798,859,3
798,1339,3
800,1171,3
802,828,3
802,1342,3
806,1171,3
806,1279,3
806,1575,3
808,1426,3
809,1161,3
812,1162,3
812,1494,3
813,1462,3
814,1041,3
814,1595,3
815,1248,3
815,1266,3
816,940,3
820,1573,3
822,1024,3
823,949,3
823,1145,3
824,1293,3
826,836,3
826,865,3
826,1331,3
828,989,3
828,1180,3
828,1444,3
828,1616,3
829,1536,3
829,1602,3
830,1414,3
832,1083,3
833,1047,3
833,1538,3
834,1583,3
838,1258,3
839,1327,3
840,1601,3
842,1608,3
843,1096,3
844,1035,3
844,1165,3
845,1458,3
848,1528,3
850,1627,3
852,1012,3
852,1027,3
852,1218,3
852,1396,3
852,1468,3
854,1309,3
857,1011,3
857,1546,3
859,1200,3
861,1439,3
861,1443,3
863,1118,3
864,1173,3
865,1544,3
866,1348,3
867,1616,3
868,1127,3
868,1271,3
868,1608,3
871,1552,3
872,1288,3
872,1359,3
872,1431,3
873,1030,3
873,1198,3
875,1306,3
876,912,3
879,1202,3
879,1278,3
879,1375,3
888,1072,3
888,1404,3
892,1278,3
892,1458,3
893,1237,3
895,1503,3
896,994,3
896,1202,3
898,1152,3
898,1606,3
899,1407,3
902,1070,3
902,1088,3
902,1471,3
903,1443,3
903,1509,3
906,1244,3
906,1265,3
909,1228,3
911,1352,3
911,1496,3
913,989,3
913,1166,3
913,1168,3
914,1063,3
914,1621,3
915,1636,3
917,996,3
919,1033,3
920,1511,3
924,1093,3
924,1444,3
925,1151,3
925,1164,3
925,1542,3
927,1171,3
929,1259,3
932,1023,3
932,1210,3
933,959,3
934,1075,3
936,1369,3
937,1398,3
941,1590,3
942,1111,3
942,1301,3
943,1112,3
943,1633,3
945,1068,3
945,1418,3
946,1124,3
946,1134,3
947,1289,3
947,1597,3
948,1474,3
949,1295,3
949,1303,3
951,981,3
951,1283,3
952,1440,3
952,1560,3
954,960,3
956,1486,3
957,984,3
957,1244,3
957,1393,3
957,1493,3
960,1116,3
962,965,3
962,983,3
963,1491,3
967,1109,3
967,1353,3
968,1121,3
968,1284,3
969,1077,3
974,1303,3
975,1399,3
976,1154,3
976,1202,3
977,1176,3
977,1503,3
979,1100,3
980,1053,3
980,1244,3
980,1546,3
982,1455,3
982,1570,3
983,1113,3
984,1031,3
984,1039,3
984,1546,3
988,1160,3
990,1317,3
990,1475,3
991,1093,3
991,1315,3
993,1142,3
994,1538,3
996,1621,3
999,1414,3
999,1530,3
1001,1013,3
1001,1589,3
1003,1614,3
1004,1151,3
1005,1448,3
1005,1465,3
1007,1010,3
1007,1104,3
1008,1492,3
1010,1198,3
1011,1077,3
1012,1294,3
1012,1496,3
1012,1574,3
1013,1272,3
1013,1364,3
1014,1147,3
1014,1418,3
1015,1078,3
1016,1423,3
1017,1078,3
1017,1149,3
1018,1307,3
1023,1130,3
1024,1122,3
1024,1334,3
1026,1406,3
1027,1206,3
1030,1102,3
1032,1344,3
1033,1469,3
1034,1264,3
1037,1077,3
1038,1051,3
1044,1147,3
1044,1194,3
1045,1250,3
1046,1302,3
1048,1618,3
1050,1214,3
1051,1616,3
1055,1090,3
1056,1345,3
1057,1193,3
1057,1433,3
1057,1445,3
1060,1422,3
1061,1395,3
1062,1078,3
1062,1357,3
1062,1390,3
1066,1284,3
1066,1345,3
1068,1268,3
1070,1298,3
1071,1301,3
1071,1537,3
1073,1515,3
1075,1417,3
1075,1427,3
1077,1259,3
1077,1570,3
1080,1334,3
1080,1490,3
1080,1559,3
1080,1587,3
1081,1492,3
1083,1300,3
1083,1532,3
1087,1161,3
1088,1166,3
1088,1630,3
1089,1283,3
1089,1308,3
1090,1485,3
1093,1266,3
1093,1306,3
1098,1252,3
1098,1279,3
1098,1408,3
1099,1290,3
1102,1451,3
1104,1400,3
1106,1169,3
1108,1392,3
1109,1248,3
1109,1520,3
1111,1608,3
1113,1257,3
1114,1432,3
1115,1273,3
1116,1450,3
1116,1633,3
1117,1539,3
1121,1183,3
1121,1388,3
1122,1335,3
1126,1232,3
1126,1376,3
1130,1618,3
1131,1266,3
1131,1356,3
1132,1430,3
1141,1397,3
1141,1423,3
1142,1362,3
1145,1563,3
1147,1614,3
1148,1592,3
1150,1432,3
1150,1517,3
1153,1352,3
1153,1468,3
1154,1161,3
1155,1357,3
1157,1505,3
1160,1305,3
1165,1490,3
1169,1415,3
1170,1521,3
1171,1578,3
1177,1473,3
1180,1272,3
1181,1454,3
1182,1341,3
1184,1605,3
1186,1250,3
1188,1608,3
1189,1367,3
1189,1573,3
1190,1453,3
1191,1443,3
1198,1242,3
1200,1565,3
1202,1423,3
1202,1490,3
1208,1296,3
1208,1385,3
1209,1361,3
1212,1220,3
1212,1596,3
1214,1366,3
1215,1413,3
1215,1624,3
1216,1378,3
1219,1233,3
1220,1356,3
1221,1245,3
1222,1257,3
1224,1249,3
1227,1275,3
1229,1462,3
1230,1284,3
1233,1236,3
1233,1523,3
1234,1542,3
1241,1336,3
1242,1369,3
1245,1285,3
1249,1392,3
1251,1450,3
1251,1574,3
1251,1594,3
1253,1525,3
1253,1606,3
1254,1377,3
1259,1585,3
1260,1289,3
1260,1548,3
1264,1393,3
1264,1613,3
1269,1365,3
1269,1492,3
1270,1569,3
1272,1618,3
1273,1456,3
1286,1305,3
1286,1436,3
1288,1369,3
1289,1437,3
1289,1549,3
1289,1585,3
1298,1580,3
1303,1344,3
1306,1355,3
1308,1512,3
1311,1437,3
1311,1467,3
1311,1568,3
1315,1487,3
1316,1399,3
1322,1351,3
1322,1538,3
1323,1419,3
1324,1481,3
1324,1483,3
1324,1500,3
1324,1592,3
1328,1389,3
1328,1413,3
1330,1493,3
1330,1507,3
1332,1458,3
1336,1618,3
1348,1480,3
1349,1350,3
1349,1594,3
1351,1418,3
1351,1593,3
1352,1406,3
1353,1385,3
1354,1605,3
1355,1539,3
1359,1396,3
1360,1365,3
1361,1506,3
1363,1366,3
1364,1481,3
1366,1536,3
1373,1573,3
1375,1617,3
1376,1480,3
1380,1629,3
1381,1475,3
1385,1621,3
1393,1394,3
1393,1513,3
1397,1524,3
1404,1429,3
1410,1520,3
1415,1470,3
1416,1506,3
1419,1420,3
1424,1615,3
1425,1446,3
1427,1469,3
1447,1599,3
1462,1552,3
1467,1543,3
1468,1635,3
1472,1538,3
1481,1541,3
1490,1517,3
1493,1505,3
1495,1528,3
1510,1583,3
1514,1579,3
1531,1618,3
1533,1573,3
1539,1562,3
1550,1589,3
1556,1617,3
1557,1638,3
1560,1597,3
1561,1597,3
1579,1637,3
1602,1624,3
