0,166,1
0,200,1
0,290,1
0,498,1
0,848,1
0,918,1
935,0,0
987,0,0
0,988,1
0,1124,1
0,1129,1
0,1161,1
0,1301,1
1362,0,0
0,1426,1
1,26,1
662,1,0
1,701,1
1,1069,1
1,1152,1
1,1176,1
1,1220,1
1,1262,1
1,1277,1
1,1352,1
1,1414,1
1,1548,0
1,1599,1
509,2,0
2,548,1
2,611,0
2,827,1
2,1251,1
2,1287,1
2,1490,1
2,1491,1
2,1535,1
222,3,0
3,249,1
3,258,1
3,319,1
687,3,0
3,1322,1
1340,3,0
116,4,0
234,4,0
4,367,0
4,819,1
5,495,1
5,756,0
5,1042,1
5,1231,1
5,1400,1
6,326,1
6,1207,1
1536,6,0
22,7,0
7,179,1
7,204,1
7,284,1
345,7,0
399,7,0
7,484,1
555,7,0
7,562,1
581,7,0
590,7,0
7,772,1
7,776,1
778,7,0
822,7,0
7,842,1
7,936,1
7,940,1
7,973,1
7,1122,1
7,1159,1
1180,7,0
1394,7,0
1458,7,0
7,1503,1
8,1381,0
9,210,1
9,298,1
9,497,1
994,9,0
9,1084,1
9,1311,1
10,175,1
10,279,1
314,10,0
316,10,0
318,10,0
381,10,0
389,10,0
390,10,0
10,437,1
10,464,1
10,489,1
10,516,1
10,529,1
642,10,0
10,683,1
10,698,1
10,705,1
10,746,1
10,828,1
10,866,1
10,895,1
10,906,1
925,10,0
10,951,1
10,969,1
10,981,1
10,996,1
10,1008,1
10,1022,1
1028,10,0
10,1047,1
1054,10,0
10,1134,1
10,1143,1
10,1221,1
10,1226,1
1234,10,0
1235,10,0
10,1237,1
10,1364,0
10,1427,1
10,1469,1
10,1504,1
10,1532,1
10,1553,1
10,1554,1
10,1560,1
10,1580,1
1628,10,0
11,77,1
11,243,1
11,319,1
11,460,1
475,11,0
11,480,0
11,496,1
11,628,1
632,11,0
11,680,1
11,716,1
11,726,1
11,745,1
11,805,1
836,11,0
11,858,1
11,1188,1
1191,11,0
1204,11,0
11,1213,1
1225,11,0
11,1242,1
11,1585,1
12,22,1
34,12,0
12,211,1
12,241,1
12,242,1
12,300,1
12,370,1
386,12,0
12,404,1
409,12,0
431,12,0
12,458,1
490,12,0
12,583,1
644,12,0
645,12,0
12,654,1
12,673,1
12,721,1
748,12,0
12,749,1
12,753,1
12,764,0
12,794,0
12,804,1
12,832,1
12,869,1
930,12,0
976,12,0
12,1095,1
1123,12,0
12,1180,1
1260,12,0
1266,12,0
12,1288,1
1314,12,0
12,1326,1
12,1349,1
12,1355,1
1366,12,0
1373,12,0
1443,12,0
12,1463,1
12,1517,1
12,1527,1
12,1543,1
1571,12,0
12,1589,1
12,1609,1
12,1642,1
65,13,0
13,294,1
13,349,1
13,488,1
13,747,1
13,1070,0
13,1597,1
14,215,1
14,289,1
14,591,0
14,914,1
14,932,1
14,966,0
14,1085,1
14,1401,1
15,108,1
114,15,0
118,15,0
15,307,1
315,15,0
15,328,1
15,444,1
525,15,0
15,615,0
15,686,1
15,757,1
824,15,0
15,852,1
15,887,1
15,1011,1
1063,15,0
15,1107,0
15,1133,1
1228,15,0
15,1240,1
15,1280,1
15,1282,1
15,1367,1
15,1377,1
15,1379,1
15,1439,1
1608,15,0
16,236,1
16,430,0
16,455,1
16,501,0
16,1529,0
17,103,1
17,516,0
18,67,0
18,227,0
18,309,1
18,479,1
18,572,1
18,614,1
732,18,0
1112,18,0
18,1272,1
1369,18,0
19,129,0
135,19,0
19,844,1
860,19,0
19,1170,1
19,1272,0
20,17,1
20,226,0
20,475,1
20,612,1
829,20,0
20,1446,1
1606,20,0
21,252,1
21,328,0
21,333,1
375,21,0
21,513,1
1251,21,0
21,1408,0
22,488,0
22,555,1
776,22,0
22,778,1
22,973,1
22,1106,1
1122,22,0
1159,22,0
22,1217,0
22,1220,1
22,1473,0
22,1503,1
214,23,0
23,301,0
23,414,0
23,483,1
23,761,1
1255,23,0
23,1436,1
23,1596,1
24,1029,1
24,1181,1
24,1206,0
24,1453,1
25,79,0
25,329,1
25,500,1
25,543,1
25,622,1
25,646,1
25,740,1
25,972,0
25,1079,0
25,1298,1
25,1603,1
26,40,0
26,56,1
27,364,1
27,802,1
887,27,0
27,1182,1
1240,27,0
27,1249,1
1431,27,0
28,1050,0
29,394,1
29,689,1
29,1122,1
29,1144,0
29,1307,1
30,125,1
30,454,1
823,30,0
30,937,0
30,1167,1
1368,30,0
31,122,0
205,31,0
31,250,1
423,31,0
554,31,0
729,31,0
31,1013,1
31,1168,1
31,1210,1
1308,31,0
1315,31,0
31,1335,1
31,1341,1
31,1353,1
32,16,1
32,107,0
32,841,1
32,1248,1
1296,32,0
33,240,1
874,33,0
33,886,1
1157,33,0
33,1187,1
33,1342,1
34,89,1
34,226,1
501,34,0
563,34,0
34,614,1
34,794,1
34,815,1
34,931,1
34,1106,1
1194,34,0
1305,34,0
34,1323,1
34,1565,1
34,1621,0
35,78,1
319,35,0
442,35,0
35,647,1
35,789,1
853,35,0
1148,35,0
35,1618,1
36,164,1
178,36,0
247,36,0
36,248,1
263,36,0
301,36,0
421,36,0
36,542,1
36,558,0
635,36,0
36,795,1
815,36,0
36,841,1
36,950,1
36,955,1
974,36,0
1018,36,0
1296,36,0
1308,36,0
36,1363,1
37,197,1
37,285,1
37,341,1
37,526,1
37,787,1
840,37,0
1060,37,0
37,1233,1
37,1263,1
1451,37,0
38,57,1
38,249,1
391,38,0
38,506,0
602,38,0
38,666,1
38,793,1
943,38,0
38,1033,1
38,1046,1
38,1261,1
1570,38,0
39,1202,0
40,168,1
40,273,1
40,683,1
705,40,0
40,927,0
40,1007,1
40,1060,1
40,1065,1
40,1221,1
40,1532,1
41,187,1
277,41,0
41,318,1
41,607,1
41,821,1
841,41,0
41,1039,0
41,1114,1
41,1188,0
42,4,1
42,202,1
42,234,1
42,240,1
244,42,0
342,42,0
42,431,1
498,42,0
42,522,1
42,567,1
602,42,0
42,643,1
42,666,1
42,693,1
710,42,0
42,793,1
819,42,0
42,882,1
42,886,1
42,890,1
933,42,0
42,942,1
1002,42,0
42,1113,1
42,1201,1
1202,42,0
1222,42,0
42,1238,1
42,1330,1
42,1378,1
42,1383,1
42,1402,1
42,1500,1
42,1584,1
42,1588,1
1600,42,0
42,1614,1
43,160,1
207,43,0
43,313,1
43,327,1
367,43,0
43,383,1
43,392,1
485,43,0
43,518,1
43,574,1
43,596,1
43,616,1
43,637,1
649,43,0
747,43,0
820,43,0
43,856,1
43,867,1
43,887,0
43,942,1
946,43,0
953,43,0
993,43,0
1004,43,0
43,1014,1
43,1032,1
43,1044,1
43,1192,1
43,1289,1
43,1324,1
1392,43,0
1479,43,0
43,1481,1
1489,43,0
43,1492,1
1511,43,0
1568,43,0
1630,43,0
456,44,0
44,623,1
729,44,0
44,739,1
44,1090,0
44,1138,1
44,1139,1
44,1396,0
44,1406,1
44,1590,1
1591,44,0
45,314,0
45,1124,0
46,232,0
46,1425,0
201,47,0
252,47,0
47,295,1
47,305,1
47,354,1
47,364,1
47,397,1
47,441,1
461,47,0
517,47,0
47,536,1
47,557,0
584,47,0
592,47,0
47,599,1
604,47,0
47,658,1
47,697,1
699,47,0
47,715,1
718,47,0
47,834,1
47,839,1
47,846,1
47,887,1
47,954,1
47,964,1
971,47,0
47,980,1
1005,47,0
47,1015,1
47,1087,1
47,1098,1
47,1102,1
47,1119,1
47,1177,1
1183,47,0
47,1240,1
1250,47,0
1316,47,0
47,1318,1
47,1360,1
1365,47,0
47,1390,1
47,1397,1
47,1410,1
47,1418,1
47,1487,1
47,1528,1
1534,47,0
47,1552,1
1556,47,0
47,1575,1
1587,47,0
118,48,0
48,281,1
48,455,0
674,48,0
48,883,1
48,977,1
48,987,1
48,1239,1
48,1436,0
48,1470,1
48,1502,1
49,128,1
49,233,1
49,637,0
49,783,1
49,1146,1
1205,49,0
49,1288,0
49,1345,1
1361,49,0
49,1384,1
49,1465,1
49,1594,1
1617,49,0
50,141,1
50,287,1
50,334,1
50,428,1
606,50,0
619,50,0
50,641,1
50,851,1
855,50,0
942,50,0
50,944,0
50,1459,1
50,1473,0
1548,50,0
50,1614,1
77,51,0
247,51,0
51,263,1
301,51,0
51,363,1
391,51,0
51,421,1
51,432,1
51,462,1
51,478,1
51,576,1
51,690,1
51,766,1
51,795,1
836,51,0
841,51,0
51,950,1
51,955,1
51,974,1
51,997,1
51,1061,1
1114,51,0
51,1203,1
51,1211,1
1264,51,0
51,1363,1
51,1462,1
51,1611,1
51,1633,0
52,310,1
52,544,0
52,559,1
52,703,1
1068,52,0
52,1274,1
53,906,0
942,53,0
53,1133,0
53,1425,0
1469,53,0
54,914,1
932,54,0
54,1085,1
55,629,0
55,640,0
55,1020,0
209,56,0
56,223,1
56,730,1
56,1320,1
56,1423,1
1557,56,0
57,255,1
57,318,1
358,57,0
57,365,1
57,438,1
57,466,1
713,57,0
57,892,0
57,897,1
57,1110,1
57,1164,1
57,1315,1
57,1422,1
1576,57,0
58,117,1
58,229,1
293,58,0
58,369,1
58,443,1
58,451,1
58,604,1
58,712,1
58,798,1
1021,58,0
58,1156,1
1380,58,0
1516,58,0
60,176,0
61,359,1
61,415,0
493,61,0
61,816,1
61,901,1
62,185,1
62,351,1
402,62,0
62,556,0
62,833,1
62,910,1
1065,62,0
62,1117,1
62,1149,1
62,1158,1
62,1275,1
62,1449,1
117,63,0
63,335,0
63,614,1
630,63,0
63,695,0
63,1323,1
64,200,1
900,64,0
64,1305,1
64,1354,0
65,173,0
65,249,1
65,520,1
549,65,0
744,65,0
65,800,1
888,65,0
65,1004,0
65,1086,1
1167,65,0
1218,65,0
65,1417,1
67,253,1
67,397,1
67,470,1
67,510,1
67,520,1
67,824,0
67,844,1
848,67,0
67,908,1
67,975,1
67,1126,1
1268,67,0
67,1360,1
67,1452,1
68,254,1
678,68,0
68,892,1
68,1219,1
1490,68,0
68,1505,1
68,1620,1
69,114,1
118,69,0
69,244,1
69,634,0
69,732,0
69,1050,0
69,1415,1
70,44,1
103,70,0
207,70,0
70,350,0
70,459,1
70,470,1
70,525,0
70,755,1
70,945,1
70,989,1
70,1273,1
70,1419,1
1529,70,0
71,247,1
71,260,0
71,357,1
71,544,0
71,596,0
71,945,1
71,1273,1
72,334,0
402,72,0
72,457,1
72,532,1
960,72,0
1452,72,0
72,1546,0
72,1604,1
73,51,1
73,528,0
73,529,1
620,73,0
73,947,1
74,102,1
74,221,1
74,235,1
335,74,0
645,74,0
74,669,0
74,949,1
956,74,0
74,1294,1
74,1523,1
1537,74,0
74,1538,1
1545,74,0
74,1639,1
75,166,0
194,75,0
75,195,1
75,312,1
75,440,1
75,896,1
1006,75,0
75,1471,1
75,1497,1
114,76,0
1564,76,0
77,82,1
77,91,1
77,114,1
200,77,0
237,77,0
239,77,0
77,243,1
257,77,0
77,261,1
77,291,1
77,369,1
77,384,1
412,77,0
414,77,0
446,77,0
475,77,0
77,510,1
512,77,0
77,519,1
77,538,1
77,539,1
557,77,0
77,564,1
77,585,1
77,587,1
77,593,1
77,618,1
77,628,1
77,639,1
77,650,1
77,675,1
77,688,1
77,691,1
77,696,1
726,77,0
77,767,1
77,858,1
77,868,1
77,892,1
77,893,1
77,912,1
923,77,0
77,948,1
1000,77,0
1010,77,0
1012,77,0
77,1021,1
77,1045,1
77,1067,1
1093,77,0
77,1097,1
77,1126,1
77,1153,1
77,1156,1
1191,77,0
77,1212,1
1284,77,0
1293,77,0
1310,77,0
77,1321,1
77,1332,1
77,1335,1
77,1356,1
77,1363,1
1385,77,0
77,1398,1
77,1406,1
77,1455,1
77,1519,1
77,1525,1
1526,77,0
77,1539,1
77,1558,1
77,1579,1
77,1582,1
1585,77,0
1615,77,0
77,1616,1
78,84,1
93,78,0
78,1198,1
79,155,1
79,433,1
506,79,0
79,651,1
79,1224,1
79,1414,1
1506,79,0
79,1521,0
80,157,0
80,169,1
1162,80,0
229,81,0
81,803,1
81,810,1
81,1357,1
81,1411,1
81,1492,0
81,1618,0
82,67,1
218,82,0
82,246,1
552,82,0
82,590,1
82,632,1
82,704,1
82,773,1
82,776,1
818,82,0
82,884,1
82,975,1
82,1008,0
82,1270,1
1453,82,0
1454,82,0
82,1626,1
83,2,1
83,31,1
33,83,0
83,41,1
71,83,0
83,98,1
83,100,1
83,120,1
83,128,1
138,83,0
149,83,0
83,152,1
83,155,1
175,83,0
83,183,1
205,83,0
216,83,0
83,219,1
83,224,1
83,227,1
83,229,1
251,83,0
83,253,1
260,83,0
83,265,1
267,83,0
269,83,0
83,275,1
83,283,1
83,286,1
83,289,1
83,291,1
83,292,1
314,83,0
330,83,0
336,83,0
83,342,1
347,83,0
83,349,1
83,353,1
83,362,1
83,368,1
371,83,0
83,376,1
83,387,1
83,393,1
410,83,0
417,83,0
83,423,1
426,83,0
83,430,1
83,437,1
83,440,1
83,453,1
83,463,1
466,83,0
83,472,1
83,473,1
83,489,1
492,83,0
502,83,0
83,504,1
83,505,1
83,509,1
83,522,1
523,83,0
533,83,0
83,539,1
540,83,0
83,541,1
83,544,1
554,83,0
555,83,0
83,560,1
83,568,1
589,83,0
83,591,1
83,598,1
601,83,0
83,613,1
615,83,0
627,83,0
83,650,1
656,83,0
83,659,1
83,661,1
663,83,0
675,83,0
83,684,1
687,83,0
83,691,1
83,694,1
696,83,0
83,698,1
712,83,0
722,83,0
83,724,1
728,83,0
83,731,1
735,83,0
83,765,1
83,770,1
774,83,0
83,777,1
778,83,0
83,781,1
83,792,1
807,83,0
810,83,0
811,83,0
83,813,1
817,83,0
83,838,1
843,83,0
83,849,1
83,850,1
83,858,1
859,83,0
862,83,0
83,866,1
83,871,1
880,83,0
885,83,0
83,889,1
83,891,1
894,83,0
895,83,0
83,933,1
83,934,1
938,83,0
952,83,0
83,963,1
83,965,1
83,978,1
83,984,1
996,83,0
83,1008,1
1009,83,0
83,1016,1
83,1032,1
83,1042,1
83,1043,1
1050,83,0
83,1054,1
1055,83,0
83,1071,1
83,1075,1
83,1077,1
83,1079,1
1103,83,0
83,1106,1
83,1116,1
83,1130,1
83,1143,1
1144,83,0
83,1153,1
83,1168,1
1171,83,0
1194,83,0
1202,83,0
83,1210,1
1220,83,0
1229,83,0
83,1232,1
1234,83,0
83,1235,1
1237,83,0
83,1243,1
83,1244,1
83,1245,1
83,1249,1
83,1251,1
83,1262,1
83,1274,1
83,1281,1
83,1283,1
1287,83,0
1290,83,0
1303,83,0
83,1306,1
83,1309,1
1315,83,0
1325,83,0
1327,83,0
1329,83,0
83,1331,1
83,1341,1
83,1342,1
83,1346,1
83,1348,1
83,1353,1
83,1363,1
1374,83,0
83,1375,1
83,1376,1
83,1380,1
83,1389,1
83,1398,1
1406,83,0
83,1412,1
83,1413,1
83,1420,1
83,1427,1
83,1445,1
1448,83,0
83,1460,1
83,1461,1
83,1468,1
83,1477,1
1484,83,0
1489,83,0
1491,83,0
1496,83,0
83,1497,1
83,1508,1
1510,83,0
1515,83,0
83,1518,1
1535,83,0
83,1542,1
83,1547,1
83,1555,1
83,1557,1
1558,83,0
83,1569,1
83,1576,1
83,1578,1
83,1582,1
1599,83,0
1600,83,0
83,1601,1
1613,83,0
1615,83,0
83,1623,1
83,1625,1
83,1628,1
83,1632,1
84,813,1
112,85,0
85,213,0
85,238,1
835,85,0
85,854,1
862,85,0
85,1128,1
85,1282,1
419,86,0
538,86,0
902,86,0
86,1062,1
86,1183,1
1332,86,0
86,1359,1
1378,86,0
87,79,1
87,268,1
415,87,0
87,508,1
87,602,1
638,87,0
87,743,1
87,793,1
847,87,0
87,1107,1
87,1125,1
87,1167,0
87,1181,1
87,1307,0
87,1350,1
87,1355,0
1414,87,0
1506,87,0
87,1515,0
1570,87,0
89,563,1
815,89,0
89,1090,1
89,1120,1
89,1215,0
1247,89,0
89,1288,1
1585,89,0
90,142,1
90,192,0
306,90,0
322,90,0
90,324,1
553,90,0
617,90,0
90,799,1
90,863,1
1133,90,0
1236,90,0
90,1263,1
1291,90,0
90,1341,0
90,1391,1
90,1475,1
90,1604,1
90,1633,1
91,340,1
91,355,1
91,357,1
360,91,0
405,91,0
91,422,1
430,91,0
91,435,1
91,501,1
91,507,1
91,527,1
91,553,1
91,737,1
91,779,1
91,810,1
91,864,1
983,91,0
991,91,0
1038,91,0
1059,91,0
91,1120,1
91,1140,1
91,1268,1
1286,91,0
1295,91,0
91,1357,1
91,1429,1
1524,91,0
91,1549,1
91,1595,1
91,1606,1
92,916,1
92,1142,1
92,1399,0
1636,92,0
93,431,1
1295,93,0
198,94,0
199,94,0
220,94,0
234,94,0
94,241,1
374,94,0
94,401,1
94,458,1
94,469,1
94,499,0
94,551,1
94,844,1
94,850,0
94,995,1
94,1019,1
1025,94,0
94,1051,1
94,1072,1
94,1095,1
94,1105,1
94,1106,1
1123,94,0
94,1132,1
94,1155,1
1169,94,0
94,1194,1
1217,94,0
1223,94,0
1260,94,0
94,1295,1
94,1305,1
94,1366,1
94,1430,1
94,1443,1
94,1549,1
94,1609,1
95,109,1
95,134,1
281,95,0
95,379,0
494,95,0
95,674,1
95,847,1
95,883,1
95,1115,1
1480,95,0
96,385,0
96,419,1
96,471,1
96,903,1
1017,96,0
96,1092,1
96,1142,0
1160,96,0
96,1175,1
1189,96,0
96,1300,0
96,1483,0
96,1522,1
96,1566,1
15,97,0
97,307,1
439,97,0
97,530,1
97,709,1
97,762,1
97,1044,0
97,1146,0
97,1166,1
1514,97,0
98,125,1
98,128,1
98,506,1
98,783,1
98,907,0
98,1040,1
1205,98,0
98,1368,1
98,1388,1
1396,98,0
98,1440,1
1465,98,0
98,1533,1
99,5,1
115,99,0
99,185,1
99,211,1
220,99,0
263,99,0
99,301,1
99,370,1
409,99,0
474,99,0
516,99,0
99,588,1
99,603,1
99,605,1
99,644,1
99,672,1
99,773,1
791,99,0
99,832,1
99,841,1
99,901,1
99,947,1
955,99,0
99,983,1
99,1101,1
1164,99,0
99,1270,1
1284,99,0
99,1296,1
99,1349,1
1425,99,0
1523,99,0
99,1593,1
99,1639,1
275,100,0
100,316,1
100,372,1
100,376,1
100,495,0
659,100,0
770,100,0
859,100,0
100,906,1
909,100,0
963,100,0
100,969,1
100,1071,1
1079,100,0
1134,100,0
1144,100,0
100,1222,1
100,1342,1
100,1445,1
100,1469,1
100,1477,1
100,1480,0
100,1484,1
100,1555,1
100,1569,1
101,172,1
101,364,0
101,1188,1
102,125,0
102,481,0
1441,103,0
104,392,1
104,405,1
104,1246,1
104,1338,0
104,1536,0
105,543,1
105,755,0
784,105,0
1395,105,0
106,244,0
106,445,0
511,106,0
558,106,0
106,629,1
106,1510,1
1622,106,0
107,155,0
826,107,0
107,948,0
107,998,0
107,1588,1
107,1603,1
107,1610,1
108,265,0
108,315,1
444,108,0
108,483,1
108,548,1
607,108,0
108,612,0
108,614,0
108,797,1
108,945,1
1108,108,0
108,1254,1
108,1280,1
108,1405,1
109,107,1
109,177,1
180,109,0
109,196,1
217,109,0
109,228,1
109,243,1
275,109,0
109,276,1
109,316,1
318,109,0
109,331,1
109,336,1
376,109,0
109,378,1
389,109,0
109,410,1
109,420,1
505,109,0
510,109,0
109,565,1
566,109,0
109,628,1
631,109,0
109,653,1
681,109,0
109,726,1
109,746,1
752,109,0
109,753,1
109,780,1
813,109,0
850,109,0
109,868,1
109,876,1
109,885,1
909,109,0
109,917,1
109,958,1
109,963,1
968,109,0
109,1020,1
109,1073,1
109,1077,1
1082,109,0
1103,109,0
1134,109,0
1144,109,0
109,1157,1
1191,109,0
1192,109,0
109,1229,1
109,1241,1
1279,109,0
109,1312,1
109,1319,0
109,1328,1
1350,109,0
1374,109,0
109,1387,1
1393,109,0
109,1444,1
109,1469,1
109,1472,1
1494,109,0
109,1498,1
109,1509,1
109,1512,1
109,1531,1
109,1554,1
109,1585,1
109,1623,1
109,1624,1
109,1631,1
110,314,1
110,380,1
110,391,0
437,110,0
110,547,1
110,620,0
698,110,0
110,757,0
110,828,1
110,1628,1
111,163,1
111,269,1
438,111,0
878,111,0
111,1074,0
1145,111,0
1292,111,0
299,112,0
112,417,1
112,421,0
112,1069,1
1521,112,0
113,293,0
114,223,1
114,265,1
279,114,0
114,296,1
114,348,1
372,114,0
373,114,0
114,377,1
114,406,1
114,448,1
114,488,1
489,114,0
114,494,1
114,521,1
114,537,1
114,556,1
114,586,1
114,597,1
114,640,1
114,648,1
114,664,1
114,668,1
114,708,1
114,753,1
768,114,0
808,114,0
114,813,1
114,865,1
114,866,1
114,885,1
114,895,1
114,910,1
114,996,1
1008,114,0
1026,114,0
114,1041,1
114,1054,1
1074,114,0
114,1078,1
114,1115,1
114,1127,1
114,1136,1
1141,114,0
114,1151,1
114,1152,1
114,1172,1
114,1198,1
1222,114,0
1229,114,0
1235,114,0
114,1237,1
114,1262,1
114,1317,1
114,1339,1
1359,114,0
1374,114,0
114,1393,1
114,1409,1
1420,114,0
114,1427,1
114,1437,1
114,1446,1
114,1498,1
114,1504,1
114,1512,1
114,1573,1
114,1635,1
114,1637,1
1638,114,0
115,108,1
115,292,1
382,115,0
115,656,1
115,856,1
1124,115,0
115,1240,0
115,1518,1
486,116,0
116,522,0
116,577,1
116,630,0
116,1094,1
1206,116,0
1371,116,0
116,1495,1
117,442,1
117,647,1
117,791,1
117,853,1
117,1148,1
117,1396,0
117,1618,1
117,1635,0
118,200,1
118,223,1
265,118,0
348,118,0
118,372,1
118,373,1
118,406,1
118,448,1
118,464,1
489,118,0
118,537,1
118,556,1
118,586,1
664,118,0
753,118,0
118,808,1
118,850,1
865,118,0
118,885,1
895,118,0
118,910,1
951,118,0
118,996,1
118,1008,1
1026,118,0
1054,118,0
118,1074,1
1151,118,0
1152,118,0
118,1172,1
118,1198,1
118,1220,1
1229,118,0
118,1234,1
118,1235,1
118,1262,1
118,1339,1
118,1359,1
118,1374,1
118,1420,1
118,1425,1
1427,118,0
118,1446,1
118,1472,1
118,1480,1
118,1498,1
118,1504,1
118,1529,1
1635,118,0
118,1638,1
119,1,1
119,2,1
119,4,1
11,119,0
119,12,1
18,119,0
119,26,1
119,31,1
38,119,0
119,56,1
119,61,1
119,62,1
119,72,1
119,77,1
87,119,0
119,90,1
108,119,0
112,119,0
119,114,1
116,119,0
119,118,1
121,119,0
119,125,1
128,119,0
134,119,0
119,136,1
119,141,1
149,119,0
119,151,1
119,155,1
119,163,1
164,119,0
119,170,1
119,178,1
180,119,0
183,119,0
185,119,0
119,188,1
192,119,0
119,195,1
119,199,1
119,205,1
119,209,1
119,230,1
119,231,1
119,237,1
119,238,1
119,240,1
119,253,1
255,119,0
119,256,1
287,119,0
119,291,1
119,302,1
119,315,1
119,320,1
119,331,1
333,119,0
119,334,1
119,344,1
119,349,1
119,358,1
359,119,0
361,119,0
119,365,1
119,385,1
391,119,0
119,395,1
405,119,0
119,411,1
414,119,0
119,428,1
119,433,1
442,119,0
119,444,1
446,119,0
119,454,1
119,456,1
119,457,1
119,467,1
119,471,1
119,477,1
481,119,0
119,486,1
119,491,1
119,493,1
119,495,1
500,119,0
119,503,1
119,505,1
119,506,1
119,508,1
119,509,1
515,119,0
119,528,1
119,531,1
119,538,1
119,539,1
119,543,1
546,119,0
119,553,1
554,119,0
570,119,0
119,577,1
119,578,1
119,596,1
119,600,1
119,602,1
606,119,0
119,609,1
119,611,1
614,119,0
119,617,1
119,619,1
119,626,1
630,119,0
119,641,1
652,119,0
119,655,1
119,658,1
119,662,1
666,119,0
669,119,0
119,674,1
676,119,0
119,677,1
119,683,1
119,685,1
687,119,0
119,693,1
701,119,0
119,705,1
119,711,1
119,713,1
119,714,1
721,119,0
119,723,1
727,119,0
119,738,1
119,739,1
754,119,0
119,756,1
764,119,0
769,119,0
119,770,1
777,119,0
788,119,0
119,789,1
793,119,0
798,119,0
119,807,1
812,119,0
119,816,1
818,119,0
119,819,1
119,823,1
826,119,0
119,827,1
119,830,1
119,835,1
119,844,1
847,119,0
848,119,0
119,851,1
119,854,1
119,855,1
857,119,0
859,119,0
119,860,1
861,119,0
119,863,1
119,877,1
879,119,0
119,883,1
119,886,1
119,893,1
119,896,1
119,897,1
119,898,1
900,119,0
119,901,1
119,920,1
119,927,1
928,119,0
119,929,1
119,931,1
119,932,1
119,933,1
119,943,1
944,119,0
950,119,0
119,953,1
119,957,1
119,959,1
119,960,1
119,962,1
966,119,0
119,970,1
119,979,1
984,119,0
986,119,0
988,119,0
119,990,1
995,119,0
1003,119,0
1006,119,0
1007,119,0
119,1010,1
1013,119,0
119,1017,1
119,1023,1
1029,119,0
119,1034,1
1044,119,0
119,1065,1
119,1071,1
1079,119,0
119,1080,1
1085,119,0
119,1100,1
1106,119,0
1107,119,0
119,1109,1
1110,119,0
1115,119,0
119,1117,1
1121,119,0
1132,119,0
119,1139,1
119,1142,1
119,1146,1
119,1148,1
1149,119,0
1153,119,0
1163,119,0
119,1164,1
119,1169,1
1176,119,0
119,1181,1
119,1185,1
1186,119,0
119,1189,1
119,1193,1
119,1194,1
1196,119,0
1197,119,0
119,1200,1
1202,119,0
1206,119,0
119,1217,1
1220,119,0
119,1221,1
119,1236,1
119,1238,1
1239,119,0
1251,119,0
119,1262,1
119,1263,1
119,1277,1
119,1280,1
119,1284,1
119,1291,1
119,1293,1
119,1303,1
1307,119,0
119,1315,1
119,1319,1
1320,119,0
119,1323,1
1331,119,0
119,1332,1
119,1334,1
119,1350,1
119,1353,1
119,1356,1
119,1363,1
119,1368,1
119,1382,1
119,1384,1
119,1391,1
119,1392,1
119,1398,1
1413,119,0
119,1421,1
119,1423,1
119,1438,1
1442,119,0
119,1452,1
119,1454,1
119,1456,1
119,1457,1
119,1459,1
1464,119,0
119,1477,1
119,1478,1
119,1491,1
119,1495,1
119,1497,1
1500,119,0
119,1506,1
119,1513,1
119,1516,1
1521,119,0
1522,119,0
119,1526,1
1532,119,0
1535,119,0
119,1539,1
119,1543,1
119,1544,1
119,1545,1
119,1546,1
119,1548,1
119,1551,1
119,1553,1
1566,119,0
1568,119,0
119,1570,1
1579,119,0
1582,119,0
119,1599,1
119,1600,1
119,1604,1
119,1607,1
1610,119,0
119,1612,1
119,1616,1
119,1621,1
119,1629,1
1633,119,0
1636,119,0
1638,119,0
119,1639,1
1640,119,0
119,1641,1
120,9,1
120,105,1
130,120,0
120,151,1
120,202,1
250,120,0
253,120,0
267,120,0
270,120,0
120,271,1
120,291,1
120,309,1
120,335,1
120,336,1
120,347,1
120,362,1
120,366,1
120,370,1
120,376,0
387,120,0
120,390,1
120,391,1
414,120,0
120,422,1
120,442,1
120,446,1
473,120,0
120,479,1
120,514,1
120,520,1
539,120,0
120,549,1
568,120,0
572,120,0
580,120,0
120,591,1
120,657,1
120,662,1
120,663,1
120,675,1
120,687,1
120,696,1
722,120,0
120,730,1
732,120,0
120,744,1
759,120,0
774,120,0
783,120,0
120,784,1
120,789,1
120,807,1
120,832,1
853,120,0
862,120,0
888,120,0
120,948,1
120,954,1
120,956,1
972,120,0
120,1009,1
120,1013,1
120,1016,1
120,1042,1
120,1043,1
120,1047,1
1050,120,0
1058,120,0
120,1064,1
120,1086,1
120,1116,1
120,1152,1
120,1153,1
120,1167,1
120,1168,1
120,1200,1
120,1208,1
120,1210,1
1214,120,0
120,1218,1
1232,120,0
120,1262,1
120,1281,1
120,1294,1
120,1303,1
120,1309,1
1315,120,0
120,1321,1
120,1331,1
120,1341,1
120,1346,1
120,1349,1
1363,120,0
120,1369,1
120,1376,1
120,1378,1
120,1395,1
1400,120,0
120,1401,1
120,1416,1
120,1417,1
1454,120,0
1476,120,0
120,1539,1
120,1545,1
120,1558,1
120,1560,1
120,1582,1
120,1584,1
120,1601,1
120,1619,1
1632,120,0
108,121,0
121,161,1
315,121,0
121,444,1
757,121,0
784,121,0
121,805,1
121,989,0
121,1062,1
1112,121,0
121,1144,0
121,1190,1
121,1216,1
121,1462,0
121,1581,1
122,415,1
508,122,0
122,515,1
122,926,1
970,122,0
1107,122,0
122,1546,1
620,124,0
682,124,0
805,124,0
125,15,1
186,125,0
396,125,0
125,657,1
125,671,1
125,702,1
783,125,0
125,823,1
125,922,1
125,930,1
948,125,0
125,991,1
125,1049,1
125,1106,1
1265,125,0
125,1305,1
125,1321,1
1356,125,0
125,1368,1
125,1396,1
125,1465,1
125,1617,1
125,1620,1
126,233,0
126,259,1
352,126,0
126,438,1
126,465,1
126,1218,1
1427,126,0
127,30,1
127,125,1
251,127,0
127,285,1
127,326,1
426,127,0
127,442,1
525,127,0
127,623,1
670,127,0
127,1258,1
127,1368,1
1466,127,0
128,289,1
128,414,1
128,454,1
624,128,0
128,657,1
128,751,1
128,823,1
874,128,0
128,1040,1
128,1083,1
128,1120,0
128,1205,1
128,1265,1
128,1388,1
128,1396,1
128,1465,1
128,1476,1
1533,128,0
128,1571,1
128,1617,1
129,270,1
129,436,1
129,643,1
129,1491,0
270,130,0
130,747,0
130,758,0
130,1208,1
130,1241,1
130,1619,1
61,131,0
131,482,1
131,615,0
131,830,1
1082,131,0
131,1163,1
131,1583,1
132,13,1
98,132,0
132,128,1
132,365,0
132,409,1
132,432,1
132,545,0
132,832,1
132,892,1
985,132,0
132,1110,1
132,1288,1
132,1295,1
132,1549,1
14,133,0
84,133,0
152,133,0
400,133,0
133,425,1
133,854,0
914,133,0
133,932,1
133,998,1
133,1024,1
133,1085,1
133,1466,0
133,1541,1
134,494,1
1239,134,0
134,1480,1
1498,134,0
135,14,1
15,135,0
31,135,0
135,65,1
135,98,1
135,114,1
118,135,0
135,161,1
187,135,0
239,135,0
135,241,1
272,135,0
135,281,1
135,284,1
135,317,1
135,320,1
338,135,0
135,379,1
135,398,1
135,403,1
135,415,1
135,416,1
135,424,1
135,430,1
135,447,1
135,468,1
480,135,0
135,559,1
564,135,0
135,610,1
135,620,1
135,629,1
630,135,0
135,655,1
657,135,0
135,720,1
135,725,1
135,742,1
135,745,1
135,767,1
135,790,1
135,795,1
824,135,0
135,831,1
833,135,0
135,856,1
135,857,1
881,135,0
883,135,0
135,902,1
905,135,0
914,135,0
135,931,1
135,932,1
936,135,0
135,940,1
1027,135,0
135,1085,1
1088,135,0
135,1091,1
1095,135,0
1111,135,0
1113,135,0
1118,135,0
135,1131,1
1147,135,0
135,1149,1
1150,135,0
135,1158,1
1202,135,0
1205,135,0
135,1207,1
1257,135,0
135,1260,1
1265,135,0
1271,135,0
135,1297,1
1299,135,0
135,1323,1
1327,135,0
135,1351,1
1370,135,0
135,1372,1
135,1406,1
135,1415,1
1429,135,0
135,1441,1
135,1458,1
135,1465,1
135,1472,1
1478,135,0
135,1483,1
1486,135,0
135,1499,1
135,1507,1
135,1508,1
1510,135,0
135,1550,1
135,1561,1
135,1562,1
135,1563,1
135,1600,1
135,1617,1
136,1,1
136,273,1
136,331,1
136,662,0
136,683,1
136,754,1
136,794,1
136,927,1
136,1007,1
136,1532,1
137,214,1
137,230,1
137,456,0
137,481,1
137,619,1
137,877,1
137,979,0
137,1186,1
137,1319,1
137,1382,1
1457,137,0
137,1464,1
137,1640,1
138,404,1
735,138,0
138,1358,0
138,1613,1
139,675,1
139,900,1
139,988,1
139,1121,1
1404,139,0
1532,139,0
140,2,1
71,140,0
84,140,0
140,90,1
100,140,0
140,114,1
118,140,0
140,121,1
140,170,1
140,193,1
140,202,1
140,216,1
140,230,1
140,243,1
140,250,1
254,140,0
140,275,1
140,282,1
140,290,1
140,292,1
140,304,1
140,309,1
140,318,1
324,140,0
140,328,1
140,333,1
140,342,1
140,362,1
140,376,1
140,387,1
140,389,1
140,393,1
140,415,1
429,140,0
140,446,1
140,474,1
479,140,0
140,480,1
140,481,1
140,484,1
503,140,0
504,140,0
545,140,0
555,140,0
140,562,1
572,140,0
140,591,1
612,140,0
140,628,1
140,656,1
140,663,1
696,140,0
140,719,1
140,722,1
140,726,1
140,728,1
140,731,1
140,732,1
140,745,1
140,746,1
140,757,1
140,769,1
771,140,0
774,140,0
777,140,0
140,778,1
792,140,0
140,798,1
140,813,1
817,140,0
821,140,0
140,822,1
140,827,1
140,845,1
849,140,0
140,868,1
140,871,1
872,140,0
140,877,1
886,140,0
140,902,1
906,140,0
140,909,1
913,140,0
140,933,1
140,949,1
140,969,1
140,976,1
987,140,0
988,140,0
140,990,1
140,1003,1
1032,140,0
140,1042,1
1043,140,0
1056,140,0
140,1062,1
140,1075,1
1080,140,0
140,1088,1
140,1106,1
140,1111,1
140,1121,1
1122,140,0
140,1130,1
1134,140,0
140,1144,1
140,1147,1
1153,140,0
140,1154,1
140,1159,1
140,1168,1
1180,140,0
140,1186,1
140,1191,1
140,1194,1
140,1195,1
140,1211,0
1225,140,0
1228,140,0
140,1229,1
140,1232,1
1236,140,0
140,1238,1
140,1251,1
140,1263,1
140,1272,1
140,1277,1
1287,140,0
1291,140,0
140,1297,1
140,1300,1
140,1305,1
1314,140,0
1324,140,0
1326,140,0
1332,140,0
1341,140,0
1351,140,0
140,1358,0
1362,140,0
1374,140,0
140,1391,1
140,1403,1
140,1404,1
1420,140,0
140,1457,1
140,1460,1
140,1464,1
140,1469,1
1475,140,0
1481,140,0
1490,140,0
140,1491,1
140,1513,1
140,1518,1
140,1536,1
140,1557,1
140,1585,1
1632,140,0
140,1633,1
1640,140,0
1641,140,0
72,141,0
141,283,0
141,287,1
334,141,0
141,442,1
141,540,0
141,600,0
141,606,1
141,641,1
141,728,1
1496,141,0
141,1548,1
142,34,1
142,266,1
325,142,0
747,142,0
142,959,0
142,1084,1
142,1267,1
1493,142,0
142,1547,0
1560,142,0
143,243,1
143,249,1
143,428,1
550,143,0
569,143,0
693,143,0
723,143,0
143,726,1
143,744,1
143,862,0
143,888,1
143,941,1
143,965,1
1143,143,0
143,1188,1
143,1234,1
1235,143,0
143,1417,1
143,1427,1
143,1434,1
143,1585,1
144,174,1
144,355,1
144,524,0
144,613,1
809,144,0
145,282,0
434,145,0
145,475,1
145,676,1
145,857,1
145,898,1
146,224,0
146,1015,1
147,1387,0
148,196,1
148,711,0
775,148,0
148,875,1
148,1334,1
1337,148,0
1490,148,0
149,163,0
291,149,0
149,463,1
502,149,0
508,149,0
149,537,0
149,1156,0
1196,149,0
1200,149,0
149,1222,0
1515,149,0
1547,149,0
150,337,1
150,760,1
829,150,0
150,1452,0
150,1605,1
151,471,1
151,576,1
721,151,0
151,863,1
151,1092,0
1189,151,0
151,1561,1
152,657,1
1476,152,0
153,771,1
153,845,1
153,1300,1
153,1503,0
154,350,1
154,351,1
434,154,0
154,841,1
154,1063,1
154,1296,1
155,253,1
155,311,1
593,155,0
155,609,0
155,948,1
155,1120,1
155,1144,0
155,1273,1
155,1284,1
1321,155,0
155,1356,1
155,1523,1
155,1572,1
157,3,1
157,294,1
157,382,1
157,490,1
157,695,1
157,750,1
157,818,0
157,1081,1
1096,157,0
157,1135,1
157,1358,1
157,1433,1
158,114,1
158,118,1
158,692,1
158,1003,0
159,249,1
159,279,1
159,342,1
368,159,0
159,371,1
159,393,1
464,159,0
159,472,1
159,489,1
504,159,0
159,549,1
159,662,0
159,684,1
159,792,1
850,159,0
159,866,1
159,885,1
159,895,1
933,159,0
159,1054,1
159,1103,1
159,1202,1
1229,159,0
159,1234,1
1247,159,0
1283,159,0
1374,159,0
159,1417,1
159,1420,1
159,1427,1
159,1484,1
159,1490,1
159,1509,1
191,160,0
160,293,1
160,481,1
160,491,0
625,160,0
160,706,1
160,1035,1
160,1248,1
1259,160,0
1516,160,0
665,161,0
162,303,1
310,162,0
162,407,1
162,733,1
926,162,0
1061,162,0
162,1089,1
162,1485,0
163,314,1
163,677,1
714,163,0
163,788,1
861,163,0
1034,163,0
163,1197,1
163,1438,0
164,24,1
164,178,1
164,247,1
164,301,1
164,421,1
164,432,1
513,164,0
164,766,1
841,164,0
974,164,0
164,982,1
1018,164,0
164,1093,0
1170,164,0
164,1203,1
164,1205,1
164,1249,0
1465,164,0
164,1533,1
165,524,0
165,924,0
165,1040,0
166,269,1
166,278,1
445,166,0
166,534,0
166,814,1
166,1137,1
1327,166,0
166,1508,1
2,167,0
167,509,1
827,167,0
167,1287,1
167,1491,1
167,1535,1
674,168,0
168,795,1
883,168,0
894,168,0
977,168,0
168,987,1
1239,168,0
168,1502,1
15,169,0
169,108,1
169,307,1
169,318,0
169,320,0
169,328,1
169,367,0
852,169,0
887,169,0
169,1011,1
1228,169,0
169,1240,1
169,1278,0
169,1282,1
169,1377,1
169,1379,1
169,1439,1
170,4,1
170,12,1
170,18,1
48,170,0
170,128,1
135,170,0
151,170,0
170,168,1
170,199,1
212,170,0
170,218,1
232,170,0
170,249,1
170,253,1
170,255,1
170,264,1
269,170,0
170,291,1
292,170,0
170,293,1
297,170,0
170,302,1
320,170,0
332,170,0
335,170,0
170,339,1
170,346,1
356,170,0
358,170,0
170,362,1
170,374,1
170,388,1
170,391,1
170,393,1
170,398,1
405,170,0
408,170,0
424,170,0
170,427,1
170,450,1
454,170,0
170,455,1
170,468,1
170,482,1
487,170,0
494,170,0
170,503,1
170,511,1
170,529,1
170,549,1
553,170,0
170,561,1
575,170,0
576,170,0
579,170,0
170,580,1
170,620,1
170,629,1
634,170,0
170,636,1
170,643,1
170,656,1
660,170,0
683,170,0
693,170,0
170,705,1
170,721,1
170,728,1
170,734,1
170,742,1
170,744,1
170,745,1
170,757,1
170,758,1
170,763,1
170,765,1
170,774,1
777,170,0
796,170,0
798,170,0
170,799,1
170,801,1
807,170,0
170,813,1
825,170,0
831,170,0
170,849,1
170,850,1
860,170,0
170,863,1
881,170,0
885,170,0
170,899,1
907,170,0
170,914,1
170,915,1
170,916,1
919,170,0
170,933,1
170,939,1
970,170,0
170,990,1
170,995,1
170,999,1
1001,170,0
170,1036,1
170,1040,1
1043,170,0
170,1048,1
170,1057,1
1066,170,0
170,1085,1
170,1086,1
170,1094,1
170,1104,1
170,1115,1
1120,170,0
1131,170,0
170,1150,1
1169,170,0
170,1178,1
170,1184,1
170,1199,1
170,1202,1
1207,170,0
1217,170,0
1220,170,0
170,1221,1
170,1229,1
170,1249,1
170,1262,1
170,1269,1
170,1271,1
1277,170,0
170,1294,1
1313,170,0
170,1326,1
1333,170,0
1338,170,0
1343,170,0
170,1370,1
1372,170,0
170,1374,1
170,1396,1
1407,170,0
1411,170,0
1420,170,0
1424,170,0
170,1431,1
170,1432,1
1435,170,0
170,1438,1
1441,170,0
170,1454,1
170,1460,1
170,1467,1
1478,170,0
1482,170,0
170,1483,1
170,1486,1
170,1516,1
1518,170,0
170,1543,1
170,1546,1
170,1549,1
170,1562,1
170,1580,1
170,1592,1
170,1598,1
170,1599,1
1600,170,0
170,1641,1
171,1051,0
172,1055,1
172,1291,1
321,173,0
173,1256,1
173,1473,1
174,1240,0
31,175,0
175,138,1
175,227,1
249,175,0
175,279,1
175,319,0
175,341,0
175,342,1
175,362,1
175,366,1
175,368,1
175,371,1
175,387,1
175,393,1
417,175,0
175,463,1
464,175,0
175,472,1
502,175,0
504,175,0
175,514,1
175,529,1
175,549,1
591,175,0
175,598,1
175,615,1
175,643,1
656,175,0
175,663,1
175,684,1
175,694,1
175,722,1
175,735,1
744,175,0
175,759,1
175,774,1
777,175,0
175,792,1
813,175,0
175,866,1
175,885,1
175,894,1
925,175,0
175,933,1
951,175,0
175,1054,1
175,1058,1
175,1077,1
175,1079,1
175,1086,1
175,1103,1
175,1143,1
1171,175,0
175,1202,1
175,1229,1
175,1231,1
175,1232,1
175,1234,1
175,1235,1
175,1237,1
175,1247,1
175,1249,1
175,1274,1
175,1329,1
175,1331,1
175,1345,1
175,1361,1
175,1367,1
175,1374,1
175,1389,1
1401,175,0
175,1417,1
1460,175,0
1468,175,0
175,1484,1
175,1504,1
1518,175,0
1547,175,0
1557,175,0
175,1580,1
175,1600,1
175,1601,1
176,146,1
176,795,1
1235,176,0
177,410,0
504,177,0
177,1434,1
178,224,1
178,403,1
950,178,0
178,1175,0
179,777,1
179,813,0
179,1538,1
180,1157,1
181,31,1
37,181,0
181,108,1
197,181,0
181,214,1
181,225,1
181,308,1
181,315,1
181,323,1
181,343,1
396,181,0
181,444,1
499,181,0
181,571,1
181,573,1
608,181,0
609,181,0
181,621,1
633,181,0
181,741,1
762,181,0
786,181,0
797,181,0
876,181,0
918,181,0
922,181,0
930,181,0
181,992,1
181,1027,1
181,1052,1
1060,181,0
181,1108,1
181,1209,1
181,1227,1
181,1276,1
181,1289,0
1302,181,0
181,1332,1
1354,181,0
181,1364,1
181,1408,1
181,1447,1
1451,181,0
181,1474,1
1567,181,0
182,185,0
449,182,0
521,182,0
785,182,0
183,659,1
770,183,0
183,859,1
183,1071,1
1079,183,0
183,1342,1
183,1445,1
183,1477,1
183,1555,1
434,184,0
464,184,0
184,678,1
184,805,0
184,1402,0
184,1528,0
184,1537,1
820,185,0
185,833,1
185,1117,1
185,1376,0
185,1449,1
186,54,1
57,186,0
186,71,1
186,215,1
186,229,1
186,262,1
186,297,1
304,186,0
186,361,1
379,186,0
186,381,1
186,398,1
186,403,1
186,424,1
186,468,1
186,480,1
186,482,1
186,499,1
186,511,1
610,186,0
614,186,0
186,620,1
186,643,1
186,669,1
186,685,1
186,706,1
733,186,0
186,736,1
790,186,0
186,795,1
802,186,0
831,186,0
186,902,1
186,913,1
186,921,1
924,186,0
186,931,1
966,186,0
186,981,1
1035,186,0
186,1047,1
186,1062,1
1088,186,0
186,1111,1
186,1150,1
186,1195,1
1205,186,0
1207,186,0
186,1225,1
1253,186,0
186,1271,1
186,1297,1
1305,186,0
186,1322,1
1332,186,0
1338,186,0
1370,186,0
186,1403,1
186,1415,1
186,1429,1
186,1441,1
1456,186,0
1483,186,0
1550,186,0
186,1562,1
1563,186,0
186,1565,1
1577,186,0
186,1598,1
186,1617,1
186,1641,1
799,187,0
873,187,0
187,937,1
187,1381,1
187,1488,1
188,248,0
188,765,1
188,1553,0
190,245,1
190,288,1
744,190,0
961,190,0
190,1162,0
190,1347,1
191,253,0
191,553,1
625,191,0
191,754,1
191,806,1
191,1248,1
1252,191,0
191,1516,1
192,1133,0
192,1139,1
1207,192,0
1607,192,0
193,2,1
78,193,0
193,84,1
193,90,1
193,100,1
193,114,1
193,170,1
193,202,1
193,209,1
193,216,1
193,250,1
193,275,1
193,277,1
193,282,1
193,290,1
193,292,1
193,304,1
193,309,1
193,316,1
193,322,1
324,193,0
193,328,1
193,333,1
193,342,1
193,347,1
362,193,0
375,193,0
193,376,1
193,389,1
403,193,0
415,193,0
446,193,0
193,474,1
480,193,0
481,193,0
193,484,1
503,193,0
193,509,1
193,529,1
193,539,1
562,193,0
193,572,1
591,193,0
612,193,0
193,617,1
193,619,1
628,193,0
193,645,1
193,656,1
663,193,0
678,193,0
193,711,1
193,722,1
193,728,1
731,193,0
193,745,1
746,193,0
754,193,0
193,757,1
193,774,1
777,193,0
193,778,1
798,193,0
193,813,1
193,817,1
822,193,0
193,827,1
193,845,1
850,193,0
871,193,0
193,872,1
885,193,0
193,886,1
902,193,0
193,906,1
193,909,1
913,193,0
193,925,1
193,959,1
963,193,0
976,193,0
193,987,1
193,988,1
990,193,0
193,1003,1
193,1009,1
193,1013,1
1032,193,0
193,1042,1
1062,193,0
1075,193,0
193,1080,1
193,1088,1
193,1106,1
1121,193,0
193,1122,1
193,1130,1
1134,193,0
193,1144,1
193,1147,1
193,1180,1
193,1186,1
193,1188,1
193,1191,1
1195,193,0
193,1219,1
1225,193,0
1229,193,0
193,1236,1
1249,193,0
193,1263,1
1275,193,0
193,1282,1
193,1291,1
193,1305,1
193,1309,1
193,1315,1
193,1319,1
1324,193,0
193,1332,1
193,1341,1
193,1351,1
193,1363,1
193,1369,1
193,1374,1
193,1382,1
193,1403,1
1404,193,0
193,1420,1
1457,193,0
1464,193,0
1469,193,0
193,1481,1
193,1490,1
193,1505,1
193,1518,1
1535,193,0
193,1536,1
1554,193,0
193,1557,1
1580,193,0
193,1584,1
193,1599,1
193,1633,1
193,1640,1
35,194,0
194,238,1
194,411,1
194,466,1
776,194,0
194,854,1
1519,194,0
196,264,0
196,266,0
198,1143,0
199,1113,0
201,956,0
202,327,0
202,850,0
202,1244,0
204,240,0
204,257,0
204,1615,0
206,723,0
206,1519,0
208,212,0
208,1017,0
208,1478,0
209,551,0
209,629,0
211,1091,0
211,1175,0
211,1204,0
213,301,0
214,1315,0
215,368,0
215,1120,0
216,1508,0
217,668,0
217,1434,0
222,650,0
223,996,0
223,1372,0
224,909,0
226,1446,0
227,532,0
227,1316,0
227,1597,0
228,847,0
229,416,0
229,848,0
230,683,0
230,801,0
230,1192,0
232,1084,0
233,980,0
233,1111,0
235,335,0
235,710,0
235,857,0
235,1044,0
236,446,0
236,824,0
236,1263,0
236,1555,0
238,519,0
238,1288,0
238,1577,0
239,542,0
239,673,0
240,493,0
240,794,0
241,719,0
242,717,0
243,490,0
244,920,0
245,337,0
245,1346,0
245,1354,0
246,262,0
246,567,0
246,1225,0
248,1370,0
249,838,0
251,842,0
252,873,0
255,1261,0
256,827,0
258,1427,0
259,863,0
259,1026,0
263,934,0
266,543,0
266,554,0
267,884,0
268,1145,0
269,823,0
269,1339,0
270,1441,0
270,1505,0
273,780,0
275,1330,0
277,571,0
277,1306,0
278,610,0
279,729,0
279,1047,0
279,1202,0
281,1422,0
282,804,0
283,338,0
285,774,0
285,1617,0
287,687,0
287,944,0
288,979,0
289,332,0
290,1428,0
293,670,0
293,735,0
293,1086,0
295,456,0
297,499,0
297,843,0
298,736,0
299,1412,0
299,1452,0
300,853,0
302,469,0
302,714,0
303,556,0
304,533,0
304,1426,0
305,1039,0
306,652,0
306,1473,0
307,1581,0
308,360,0
310,1177,0
310,1193,0
312,559,0
314,738,0
314,952,0
315,997,0
315,1053,0
316,1238,0
316,1507,0
317,1489,0
318,858,0
318,1085,0
318,1402,0
319,1156,0
321,1034,0
322,1452,0
323,667,0
323,1150,0
324,1304,0
324,1641,0
329,826,0
329,1141,0
329,1146,0
331,369,0
331,863,0
331,1413,0
333,419,0
333,734,0
333,757,0
333,1492,0
334,984,0
336,446,0
336,602,0
336,756,0
336,792,0
336,839,0
338,586,0
338,1144,0
338,1522,0
339,475,0
340,496,0
341,1315,0
344,1510,0
345,795,0
345,1253,0
345,1423,0
347,1459,0
349,1397,0
351,372,0
355,584,0
356,434,0
356,1289,0
356,1368,0
357,478,0
357,642,0
357,1363,0
359,726,0
361,552,0
361,1158,0
362,1363,0
362,1486,0
363,503,0
363,560,0
364,1275,0
365,659,0
366,902,0
367,536,0
367,758,0
368,629,0
368,1416,0
369,664,0
370,1262,0
372,405,0
372,413,0
372,628,0
372,820,0
372,913,0
372,945,0
374,1607,0
375,895,0
376,1234,0
377,1386,0
378,1201,0
381,732,0
381,1511,0
384,786,0
385,565,0
385,1458,0
386,438,0
388,1575,0
389,711,0
390,521,0
391,396,0
392,686,0
393,475,0
393,610,0
393,711,0
394,407,0
394,984,0
396,644,0
397,1251,0
398,616,0
398,709,0
398,1505,0
400,1142,0
400,1571,0
402,628,0
402,825,0
404,625,0
404,1553,0
405,743,0
405,1102,0
405,1212,0
406,978,0
407,424,0
407,1473,0
408,1460,0
409,415,0
409,530,0
410,1569,0
411,534,0
411,570,0
412,648,0
412,1446,0
413,744,0
413,1082,0
413,1300,0
413,1516,0
415,1021,0
415,1600,0
416,619,0
416,1268,0
418,1199,0
419,959,0
420,1396,0
420,1533,0
422,595,0
427,1448,0
428,494,0
429,1228,0
430,875,0
430,1420,0
431,1634,0
434,760,0
437,1370,0
438,747,0
438,1001,0
438,1060,0
438,1219,0
440,532,0
440,1619,0
441,756,0
441,1430,0
443,779,0
443,1380,0
444,561,0
444,1094,0
444,1521,0
445,1041,0
446,1114,0
447,765,0
451,855,0
451,1121,0
452,1615,0
453,792,0
454,876,0
454,1285,0
455,1538,0
456,477,0
456,628,0
457,540,0
460,509,0
460,568,0
460,1495,0
463,471,0
464,942,0
465,1350,0
467,1350,0
467,1511,0
468,1385,0
470,850,0
470,1405,0
471,972,0
477,1179,0
478,1002,0
479,1140,0
479,1154,0
480,1154,0
481,792,0
482,1202,0
483,1436,0
484,844,0
484,1500,0
486,1428,0
487,1537,0
488,513,0
489,1590,0
491,500,0
492,1227,0
495,975,0
496,1520,0
498,587,0
499,930,0
499,1142,0
502,1601,0
503,1544,0
504,1003,0
505,770,0
506,1075,0
507,839,0
508,645,0
510,714,0
512,979,0
514,1038,0
514,1407,0
515,642,0
517,733,0
517,963,0
518,643,0
518,884,0
518,977,0
522,645,0
523,1182,0
523,1548,0
524,837,0
525,560,0
527,1624,0
528,728,0
528,1000,0
532,1132,0
533,1452,0
533,1488,0
534,710,0
534,1053,0
535,603,0
537,976,0
538,734,0
538,1439,0
541,1387,0
542,865,0
542,952,0
544,894,0
545,702,0
545,1031,0
545,1362,0
550,623,0
550,668,0
552,598,0
553,1182,0
556,578,0
558,1483,0
560,1530,0
562,1311,0
563,1033,0
566,651,0
566,1149,0
567,1120,0
568,670,0
568,1283,0
568,1511,0
569,658,0
569,1207,0
569,1438,0
570,1493,0
571,972,0
572,1446,0
572,1513,0
575,987,0
575,1228,0
577,833,0
577,1356,0
578,586,0
579,795,0
580,1300,0
581,1533,0
584,818,0
585,881,0
586,1027,0
586,1062,0
588,652,0
590,894,0
591,910,0
591,1513,0
592,1192,0
592,1572,0
594,830,0
595,685,0
597,1440,0
598,1183,0
598,1546,0
599,1343,0
599,1498,0
602,1303,0
604,750,0
604,1381,0
608,971,0
608,1510,0
609,924,0
609,1245,0
610,618,0
611,1567,0
613,1200,0
614,942,0
616,1104,0
617,1327,0
618,625,0
619,931,0
620,801,0
621,782,0
623,687,0
623,1345,0
623,1491,0
625,721,0
625,1229,0
625,1345,0
626,830,0
626,1344,0
626,1419,0
627,854,0
627,858,0
631,1350,0
631,1560,0
632,946,0
636,1464,0
638,1344,0
638,1570,0
639,1043,0
640,685,0
640,1353,0
641,1321,0
645,1209,0
647,1081,0
647,1187,0
647,1532,0
648,1190,0
651,831,0
652,682,0
652,901,0
653,1000,0
656,1391,0
657,1342,0
660,823,0
661,752,0
662,1334,0
664,857,0
665,1569,0
670,1008,0
672,1490,0
673,893,0
674,1280,0
679,1275,0
680,1391,0
681,901,0
684,1466,0
685,1432,0
686,738,0
687,724,0
687,1159,0
687,1293,0
690,1405,0
690,1485,0
691,1009,0
694,1459,0
696,700,0
696,1499,0
697,942,0
697,1264,0
698,913,0
699,1300,0
700,1549,0
703,958,0
703,1533,0
704,1277,0
704,1445,0
704,1493,0
705,956,0
706,1628,0
707,1524,0
710,724,0
710,795,0
710,1236,0
714,951,0
715,1432,0
716,963,0
717,969,0
717,1465,0
717,1580,0
719,1359,0
720,993,0
723,1576,0
727,960,0
728,824,0
728,1449,0
729,1555,0
730,877,0
730,896,0
731,1309,0
731,1565,0
732,1347,0
733,1029,0
733,1302,0
735,783,0
735,1119,0
736,1303,0
736,1383,0
737,1278,0
738,792,0
740,1587,0
742,883,0
744,1070,0
744,1559,0
745,1483,0
746,1118,0
746,1291,0
747,1500,0
748,949,0
748,1190,0
749,874,0
749,885,0
757,964,0
757,1021,0
758,1084,0
759,1309,0
759,1371,0
761,891,0
762,1168,0
763,925,0
764,1456,0
765,1344,0
766,1575,0
767,955,0
767,1197,0
768,1551,0
775,942,0
776,1014,0
777,910,0
779,1057,0
779,1303,0
779,1576,0
783,1266,0
786,1489,0
787,837,0
789,1121,0
789,1545,0
790,1057,0
794,824,0
794,1124,0
795,1302,0
796,1039,0
798,836,0
798,1271,0
805,1388,0
806,1056,0
807,962,0
808,1110,0
811,1429,0
813,869,0
813,1428,0
816,976,0
818,1108,0
818,1599,0
819,1013,0
819,1125,0
819,1319,0
821,1467,0
823,1573,0
829,915,0
832,1354,0
833,870,0
833,1622,0
834,892,0
834,1479,0
836,945,0
837,1577,0
840,1431,0
847,1129,0
847,1263,0
848,1460,0
851,1234,0
852,1289,0
852,1507,0
854,1296,0
855,1007,0
855,1422,0
856,1269,0
860,998,0
860,1418,0
862,1377,0
862,1469,0
862,1516,0
863,1446,0
864,1321,0
865,1468,0
866,1345,0
870,1207,0
870,1529,0
872,963,0
872,1558,0
873,1513,0
876,927,0
876,1570,0
878,1478,0
880,1609,0
886,996,0
888,1320,0
889,1255,0
889,1512,0
892,896,0
896,1399,0
897,1635,0
898,1101,0
904,1035,0
906,1320,0
910,938,0
910,1050,0
911,1140,0
914,1529,0
915,960,0
915,1143,0
916,1022,0
917,1067,0
918,1438,0
918,1558,0
923,945,0
923,1485,0
928,994,0
931,1086,0
932,1545,0
932,1616,0
935,1289,0
938,1350,0
940,1506,0
942,1345,0
948,1320,0
949,1146,0
955,1428,0
956,1460,0
958,1569,0
960,1640,0
961,1093,0
961,1307,0
961,1441,0
962,1295,0
967,1440,0
969,1117,0
971,1075,0
973,1158,0
976,1018,0
978,1129,0
982,1120,0
982,1375,0
985,1118,0
985,1134,0
992,1233,0
994,1174,0
997,1352,0
998,1578,0
999,1289,0
1001,1393,0
1002,1389,0
1002,1539,0
1003,1270,0
1004,1353,0
1007,1571,0
1009,1321,0
1010,1102,0
1011,1120,0
1013,1149,0
1014,1455,0
1020,1381,0
1021,1502,0
1021,1537,0
1022,1469,0
1025,1431,0
1027,1240,0
1029,1521,0
1029,1639,0
1034,1522,0
1035,1237,0
1036,1158,0
1039,1436,0
1042,1061,0
1042,1180,0
1042,1295,0
1043,1364,0
1046,1189,0
1049,1106,0
1049,1395,0
1057,1078,0
1060,1115,0
1061,1274,0
1061,1394,0
1065,1114,0
1071,1409,0
1072,1576,0
1074,1325,0
1075,1128,0
1075,1204,0
1076,1609,0
1080,1400,0
1082,1532,0
1084,1088,0
1085,1164,0
1088,1100,0
1088,1152,0
1091,1143,0
1094,1159,0
1094,1275,0
1094,1349,0
1095,1529,0
1095,1598,0
1101,1359,0
1101,1362,0
1101,1364,0
1107,1312,0
1108,1530,0
1109,1538,0
1111,1429,0
1113,1474,0
1114,1244,0
1117,1183,0
1120,1565,0
1123,1415,0
1125,1431,0
1127,1348,0
1131,1170,0
1135,1283,0
1135,1609,0
1137,1635,0
1138,1544,0
1139,1592,0
1145,1450,0
1146,1415,0
1151,1291,0
1156,1631,0
1160,1376,0
1162,1363,0
1164,1609,0
1165,1202,0
1168,1596,0
1170,1412,0
1170,1500,0
1171,1425,0
1172,1603,0
1173,1353,0
1181,1438,0
1182,1567,0
1183,1582,0
1184,1234,0
1184,1239,0
1187,1196,0
1190,1466,0
1190,1554,0
1192,1499,0
1193,1211,0
1194,1626,0
1198,1574,0
1199,1416,0
1208,1244,0
1208,1263,0
1208,1373,0
1215,1297,0
1217,1328,0
1222,1465,0
1224,1533,0
1227,1301,0
1233,1628,0
1234,1516,0
1235,1389,0
1235,1623,0
1239,1539,0
1250,1528,0
1252,1569,0
1254,1351,0
1254,1523,0
1257,1559,0
1257,1601,0
1258,1495,0
1260,1322,0
1263,1335,0
1266,1453,0
1269,1379,0
1270,1312,0
1279,1604,0
1286,1558,0
1291,1386,0
1295,1379,0
1301,1514,0
1305,1419,0
1305,1460,0
1308,1511,0
1310,1516,0
1316,1424,0
1318,1563,0
1324,1633,0
1326,1586,0
1327,1640,0
1337,1409,0
1338,1349,0
1338,1374,0
1338,1580,0
1344,1542,0
1346,1613,0
1347,1485,0
1348,1426,0
1349,1581,0
1350,1447,0
1350,1526,0
1352,1600,0
1355,1376,0
1356,1604,0
1360,1614,0
1361,1503,0
1382,1609,0
1383,1388,0
1387,1601,0
1390,1554,0
1399,1471,0
1402,1508,0
1410,1567,0
1420,1477,0
1446,1628,0
1451,1637,0
1453,1482,0
1453,1586,0
1469,1508,0
1483,1540,0
1490,1600,0
1512,1592,0
1522,1556,0
1524,1612,0
1600,1618,0
