0,166,1
0,200,1
0,290,1
0,498,1
0,560,3
0,848,1
0,916,3
0,918,1
0,935,1
0,987,1
0,988,1
0,1124,1
0,1129,1
0,1161,1
0,1301,1
0,1362,1
0,1426,1
1,26,1
1,320,3
1,357,3
1,662,1
1,701,1
1,1069,1
1,1152,1
1,1176,1
1,1186,3
1,1220,1
1,1262,1
1,1277,1
1,1352,1
1,1414,1
1,1479,3
1,1599,1
2,80,3
2,236,3
2,509,1
2,546,3
2,548,1
2,827,1
2,982,3
2,1102,3
2,1251,1
2,1287,1
2,1490,1
2,1491,1
2,1535,1
3,222,1
3,249,1
3,251,3
3,258,1
3,319,1
3,687,1
3,939,3
3,1201,3
3,1322,1
3,1340,1
3,1516,3
4,21,3
4,116,1
4,234,1
4,819,1
5,495,1
5,1042,1
5,1231,1
5,1400,1
6,56,3
6,326,1
6,1207,1
6,1511,3
6,1536,1
7,22,1
7,179,1
7,204,1
7,284,1
7,323,3
7,345,1
7,399,1
7,484,1
7,555,1
7,562,1
7,581,1
7,590,1
7,772,1
7,776,1
7,778,1
7,822,1
7,842,1
7,936,1
7,940,1
7,973,1
7,998,3
7,1122,1
7,1159,1
7,1180,1
7,1394,1
7,1458,1
7,1503,1
9,210,1
9,298,1
9,497,1
9,994,1
9,1084,1
9,1311,1
10,175,1
10,279,1
10,314,1
10,316,1
10,318,1
10,381,1
10,389,1
10,390,1
10,437,1
10,464,1
10,476,3
10,489,1
10,516,1
10,529,1
10,642,1
10,683,1
10,698,1
10,705,1
10,746,1
10,795,3
10,828,1
10,862,3
10,866,1
10,895,1
10,906,1
10,925,1
10,951,1
10,969,1
10,981,1
10,996,1
10,1008,1
10,1022,1
10,1028,1
10,1047,1
10,1054,1
10,1134,1
10,1143,1
10,1221,1
10,1226,1
10,1234,1
10,1235,1
10,1237,1
10,1427,1
10,1469,1
10,1504,1
10,1532,1
10,1553,1
10,1554,1
10,1560,1
10,1580,1
10,1628,1
11,77,1
11,243,1
11,319,1
11,434,3
11,459,3
11,460,1
11,475,1
11,496,1
11,572,3
11,628,1
11,632,1
11,680,1
11,716,1
11,726,1
11,745,1
11,791,3
11,805,1
11,836,1
11,837,3
11,858,1
11,1188,1
11,1191,1
11,1204,1
11,1213,1
11,1225,1
11,1242,1
11,1585,1
12,22,1
12,34,1
12,133,3
12,211,1
12,220,3
12,241,1
12,242,1
12,288,3
12,300,1
12,370,1
12,386,1
12,404,1
12,409,1
12,431,1
12,458,1
12,490,1
12,583,1
12,644,1
12,645,1
12,654,1
12,673,1
12,721,1
12,748,1
12,749,1
12,753,1
12,785,3
12,804,1
12,832,1
12,869,1
12,930,1
12,976,1
12,1032,3
12,1095,1
12,1123,1
12,1150,3
12,1260,1
12,1266,1
12,1288,1
12,1314,1
12,1326,1
12,1349,1
12,1355,1
12,1366,1
12,1373,1
12,1443,1
12,1463,1
12,1517,1
12,1527,1
12,1543,1
12,1571,1
12,1589,1
12,1609,1
12,1642,1
13,65,1
13,185,3
13,294,1
13,349,1
13,488,1
13,747,1
13,1597,1
14,215,1
14,289,1
14,374,3
14,788,3
14,914,1
14,932,1
14,1085,1
14,1208,3
14,1401,1
15,108,1
15,114,1
15,118,1
15,307,1
15,315,1
15,328,1
15,444,1
15,525,1
15,686,1
15,757,1
15,824,1
15,852,1
15,887,1
15,1011,1
15,1063,1
15,1133,1
15,1228,1
15,1240,1
15,1280,1
15,1282,1
15,1367,1
15,1368,3
15,1377,1
15,1379,1
15,1439,1
15,1608,1
16,236,1
16,245,3
16,455,1
16,1041,3
17,103,2
17,508,3
17,710,3
18,309,1
18,479,1
18,572,1
18,614,1
18,732,1
18,1112,1
18,1272,1
18,1369,1
19,135,1
19,844,1
19,860,1
19,1170,1
20,17,1
20,475,1
20,612,1
20,829,1
20,1446,1
20,1606,1
21,252,1
21,333,1
21,375,1
21,513,1
21,889,3
21,999,3
21,1218,3
21,1251,1
21,1412,3
22,555,1
22,770,3
22,778,1
22,822,1
22,1106,1
22,1122,1
22,1199,3
22,1634,3
23,214,1
23,483,1
23,761,1
23,918,3
23,1255,1
23,1436,1
23,1506,3
23,1596,1
24,310,3
24,391,3
24,1029,1
24,1181,1
24,1453,1
25,329,1
25,500,1
25,543,1
25,593,3
25,622,1
25,646,1
25,709,3
25,740,1
25,1298,1
25,1603,1
26,39,3
26,56,2
27,364,1
27,498,3
27,802,1
27,887,1
27,1077,3
27,1182,1
27,1240,1
27,1249,1
27,1411,3
27,1431,1
28,300,3
28,429,3
28,751,3
28,1429,3
29,394,1
29,689,1
29,1122,1
29,1307,1
30,125,1
30,337,3
30,454,1
30,823,1
30,1119,3
30,1167,1
30,1368,1
31,205,1
31,250,1
31,423,1
31,554,1
31,729,1
31,1013,1
31,1168,1
31,1210,1
31,1308,1
31,1315,1
31,1335,1
31,1341,1
31,1353,1
32,16,1
32,841,1
32,1124,3
32,1248,1
32,1296,1
32,1401,3
33,240,1
33,874,1
33,886,1
33,1157,1
33,1187,1
33,1342,1
34,41,3
34,89,1
34,226,1
34,501,1
34,519,3
34,563,1
34,614,1
34,794,1
34,815,1
34,931,1
34,1106,1
34,1194,1
34,1305,1
34,1323,1
34,1565,1
34,1606,1
35,78,1
35,264,3
35,319,1
35,442,1
35,647,1
35,746,1
35,789,1
35,853,1
35,1138,3
35,1148,1
35,1384,3
35,1618,1
36,164,2
36,178,1
36,247,1
36,248,1
36,263,1
36,301,1
36,421,1
36,542,1
36,635,1
36,795,1
36,815,1
36,841,1
36,950,1
36,955,1
36,974,1
36,1018,1
36,1296,1
36,1363,1
36,1512,3
37,197,1
37,199,3
37,285,1
37,341,1
37,446,3
37,526,1
37,787,1
37,840,1
37,1060,1
37,1233,1
37,1263,1
37,1451,1
38,57,1
38,118,3
38,249,1
38,391,1
38,602,1
38,666,1
38,793,1
38,943,1
38,1033,1
38,1046,1
38,1060,3
38,1261,1
38,1570,1
40,168,1
40,273,1
40,683,1
40,1007,1
40,1060,1
40,1065,1
40,1221,1
40,1349,1
40,1532,1
41,187,1
41,277,1
41,318,1
41,607,1
41,821,1
41,841,1
41,856,3
41,980,3
41,1114,1
41,1185,3
42,4,1
42,199,3
42,202,1
42,244,1
42,279,3
42,342,1
42,431,1
42,498,1
42,522,1
42,567,1
42,602,1
42,643,1
42,666,1
42,693,1
42,710,1
42,793,1
42,882,1
42,886,1
42,890,1
42,933,1
42,942,1
42,1002,1
42,1020,3
42,1033,1
42,1113,1
42,1201,1
42,1202,1
42,1222,1
42,1238,1
42,1330,1
42,1378,1
42,1383,1
42,1402,1
42,1500,1
42,1584,1
42,1588,1
42,1600,1
42,1614,1
43,117,3
43,160,1
43,207,1
43,313,1
43,327,1
43,367,1
43,383,1
43,392,1
43,485,1
43,518,1
43,574,1
43,596,1
43,616,1
43,637,1
43,649,1
43,747,1
43,820,1
43,856,1
43,867,1
43,942,1
43,946,1
43,953,1
43,993,1
43,1004,1
43,1014,1
43,1032,1
43,1044,1
43,1192,1
43,1289,1
43,1324,1
43,1392,1
43,1479,1
43,1481,1
43,1489,1
43,1492,1
43,1511,1
43,1568,1
43,1630,1
44,153,3
44,456,1
44,623,1
44,729,1
44,739,1
44,1138,1
44,1139,1
44,1258,3
44,1379,3
44,1406,1
44,1530,3
44,1590,1
44,1591,1
45,527,3
47,102,3
47,201,1
47,252,1
47,295,1
47,305,1
47,354,1
47,397,1
47,441,1
47,461,1
47,517,1
47,536,1
47,584,1
47,592,1
47,599,1
47,604,1
47,658,1
47,697,1
47,699,1
47,710,1
47,715,1
47,718,1
47,834,1
47,839,1
47,846,1
47,954,1
47,964,1
47,971,1
47,980,1
47,1005,1
47,1015,1
47,1087,1
47,1098,1
47,1102,1
47,1119,1
47,1177,1
47,1183,1
47,1250,1
47,1316,1
47,1318,1
47,1360,1
47,1365,1
47,1390,1
47,1397,1
47,1410,1
47,1418,1
47,1474,3
47,1487,1
47,1520,3
47,1528,1
47,1534,1
47,1552,1
47,1556,1
47,1575,1
47,1587,1
48,118,1
48,281,1
48,674,1
48,795,1
48,810,3
48,883,1
48,977,1
48,1127,3
48,1239,1
48,1362,1
48,1470,1
48,1502,1
49,128,1
49,233,1
49,783,1
49,1146,1
49,1205,1
49,1345,1
49,1361,1
49,1384,1
49,1465,1
49,1594,1
49,1617,1
50,141,1
50,271,3
50,287,1
50,334,1
50,372,3
50,428,1
50,606,1
50,619,1
50,641,1
50,851,1
50,855,1
50,942,1
50,1459,1
50,1548,1
51,77,1
51,164,1
51,178,1
51,247,1
51,263,1
51,363,1
51,391,1
51,421,1
51,432,1
51,462,1
51,478,1
51,576,1
51,635,1
51,690,1
51,766,1
51,795,1
51,836,1
51,841,1
51,955,1
51,974,1
51,997,1
51,1018,1
51,1061,1
51,1170,1
51,1203,1
51,1211,1
51,1264,1
51,1363,1
51,1462,1
51,1611,1
52,310,1
52,559,1
52,703,1
52,983,3
52,1068,1
52,1274,1
53,114,3
53,942,1
54,286,3
54,914,1
54,932,1
54,1012,3
54,1085,1
54,1189,3
55,1109,3
55,1475,3
56,209,1
56,223,1
56,730,1
56,872,3
56,1256,3
56,1320,1
56,1423,1
56,1557,1
57,255,1
57,318,1
57,358,1
57,365,1
57,438,1
57,466,1
57,583,3
57,713,1
57,897,1
57,1110,1
57,1164,1
57,1315,1
57,1422,1
57,1576,1
58,117,1
58,127,3
58,229,1
58,293,1
58,369,1
58,443,1
58,451,1
58,604,1
58,712,1
58,798,1
58,1021,1
58,1072,3
58,1156,1
58,1380,1
58,1516,1
59,468,3
60,233,3
60,870,3
61,359,1
61,493,1
61,519,3
61,816,1
61,901,1
62,185,2
62,351,1
62,402,1
62,833,1
62,910,1
62,976,3
62,1065,1
62,1117,1
62,1149,1
62,1158,1
62,1275,1
62,1449,1
63,117,1
63,462,3
63,614,1
63,630,1
63,802,1
63,931,1
64,200,1
64,900,1
64,1212,3
64,1305,1
65,249,1
65,520,1
65,543,3
65,549,1
65,744,1
65,800,1
65,888,1
65,1086,1
65,1167,1
65,1218,1
65,1249,1
65,1417,1
65,1534,3
65,1584,3
66,403,3
66,434,3
67,253,1
67,397,1
67,470,1
67,510,1
67,520,1
67,844,1
67,908,1
67,975,1
67,1126,1
67,1268,1
67,1360,1
67,1452,1
68,254,1
68,572,3
68,592,3
68,678,1
68,739,3
68,892,1
68,1035,3
68,1219,1
68,1490,1
68,1505,1
68,1620,1
69,114,1
69,118,1
69,348,3
69,1415,1
70,44,1
70,103,1
70,207,1
70,437,3
70,459,1
70,470,1
70,755,1
70,935,1
70,945,1
70,987,1
70,989,1
70,1107,3
70,1124,1
70,1273,1
70,1419,1
70,1529,1
71,247,1
71,357,1
71,1115,3
71,1268,3
71,1364,3
71,1550,3
72,402,1
72,457,1
72,532,1
72,960,1
72,1452,1
72,1604,1
73,51,1
73,414,3
73,529,1
73,620,1
73,897,1
73,947,1
73,974,1
74,102,1
74,221,1
74,235,1
74,263,3
74,335,1
74,645,1
74,856,3
74,949,1
74,956,1
74,1294,1
74,1420,3
74,1523,1
74,1537,1
74,1538,1
74,1545,1
74,1639,1
75,194,1
75,195,1
75,312,1
75,440,1
75,647,3
75,896,1
75,1001,3
75,1006,1
75,1257,3
75,1471,1
75,1497,1
76,114,1
76,118,1
76,527,3
76,1564,1
77,64,1
77,91,1
77,114,1
77,118,1
77,237,1
77,239,1
77,243,1
77,257,1
77,261,1
77,291,1
77,330,3
77,369,1
77,384,1
77,412,1
77,414,1
77,446,1
77,451,1
77,475,1
77,510,1
77,512,1
77,519,1
77,538,1
77,539,1
77,557,1
77,564,1
77,585,1
77,587,1
77,593,1
77,618,1
77,628,1
77,639,1
77,650,1
77,675,1
77,688,1
77,691,1
77,696,1
77,726,1
77,767,1
77,779,3
77,858,1
77,868,1
77,892,1
77,893,1
77,912,1
77,923,1
77,948,1
77,1000,1
77,1010,1
77,1012,1
77,1021,1
77,1045,1
77,1061,1
77,1067,1
77,1093,1
77,1097,1
77,1153,1
77,1156,1
77,1188,1
77,1212,1
77,1284,1
77,1293,1
77,1310,1
77,1321,1
77,1323,3
77,1332,1
77,1335,1
77,1356,1
77,1363,1
77,1385,1
77,1395,3
77,1398,1
77,1406,1
77,1455,1
77,1519,1
77,1525,1
77,1526,1
77,1539,1
77,1558,1
77,1579,1
77,1582,1
77,1585,1
77,1615,1
77,1616,1
78,84,2
78,93,1
78,670,3
78,879,3
78,956,1
78,1198,1
78,1233,3
79,155,1
79,433,1
79,506,1
79,651,1
79,1224,1
79,1414,1
79,1506,1
80,169,1
80,231,3
80,1162,1
81,229,1
81,803,1
81,810,1
81,999,3
81,1357,1
81,1411,1
82,67,1
82,218,1
82,246,1
82,552,1
82,590,1
82,632,1
82,674,3
82,704,1
82,773,1
82,776,1
82,818,1
82,884,1
82,908,1
82,1007,3
82,1080,3
82,1213,1
82,1270,1
82,1453,1
82,1454,1
82,1626,1
83,2,1
83,31,1
83,33,1
83,41,1
83,71,1
83,98,1
83,100,1
83,120,2
83,128,1
83,138,1
83,149,1
83,152,1
83,155,1
83,175,1
83,183,1
83,195,1
83,205,1
83,216,1
83,219,1
83,224,1
83,227,1
83,229,1
83,251,1
83,253,1
83,260,1
83,265,1
83,267,1
83,269,1
83,275,1
83,279,1
83,283,1
83,286,1
83,289,1
83,291,1
83,292,1
83,314,1
83,330,1
83,336,1
83,341,1
83,342,1
83,347,1
83,353,1
83,362,1
83,368,1
83,371,1
83,376,1
83,387,1
83,393,1
83,410,1
83,417,1
83,423,1
83,426,1
83,430,1
83,437,1
83,440,1
83,446,1
83,453,1
83,463,1
83,466,1
83,472,1
83,473,1
83,489,1
83,492,1
83,502,1
83,504,1
83,505,1
83,509,1
83,510,1
83,522,1
83,523,1
83,529,1
83,533,1
83,539,1
83,540,1
83,541,1
83,544,1
83,554,1
83,555,1
83,560,1
83,568,1
83,589,1
83,591,1
83,598,1
83,601,1
83,613,1
83,615,1
83,627,1
83,643,1
83,656,1
83,659,1
83,661,1
83,663,1
83,675,1
83,684,1
83,687,1
83,691,1
83,694,1
83,696,1
83,698,1
83,722,1
83,724,1
83,728,1
83,731,1
83,735,1
83,765,1
83,770,1
83,774,1
83,777,1
83,781,1
83,783,1
83,792,1
83,807,1
83,810,1
83,811,1
83,813,1
83,817,1
83,822,1
83,827,1
83,828,1
83,838,1
83,843,1
83,849,1
83,850,1
83,858,1
83,859,1
83,862,1
83,866,1
83,871,1
83,880,1
83,885,1
83,889,1
83,891,1
83,894,1
83,925,1
83,934,1
83,938,1
83,951,1
83,952,1
83,963,1
83,965,1
83,978,1
83,984,1
83,996,1
83,1009,1
83,1013,1
83,1016,1
83,1032,1
83,1042,1
83,1043,1
83,1050,1
83,1054,1
83,1055,1
83,1071,1
83,1075,1
83,1077,1
83,1079,1
83,1103,1
83,1113,1
83,1116,1
83,1130,1
83,1144,1
83,1152,1
83,1153,1
83,1159,1
83,1168,1
83,1171,1
83,1187,1
83,1194,1
83,1202,1
83,1204,1
83,1220,1
83,1226,1
83,1229,1
83,1232,1
83,1235,1
83,1237,1
83,1243,1
83,1244,1
83,1245,1
83,1249,1
83,1251,1
83,1262,1
83,1274,1
83,1277,1
83,1281,1
83,1283,1
83,1287,1
83,1290,1
83,1303,1
83,1306,1
83,1309,1
83,1315,1
83,1324,1
83,1325,1
83,1327,1
83,1329,1
83,1331,1
83,1341,1
83,1342,1
83,1346,1
83,1348,1
83,1353,1
83,1356,1
83,1357,1
83,1367,1
83,1374,1
83,1375,1
83,1376,1
83,1380,1
83,1389,1
83,1401,1
83,1406,1
83,1412,1
83,1413,1
83,1420,1
83,1427,1
83,1445,1
83,1448,1
83,1460,1
83,1461,1
83,1468,1
83,1470,1
83,1477,1
83,1481,1
83,1482,3
83,1484,1
83,1489,1
83,1491,1
83,1496,1
83,1497,1
83,1504,1
83,1508,1
83,1510,1
83,1515,1
83,1518,1
83,1535,1
83,1539,1
83,1542,1
83,1547,1
83,1555,1
83,1557,1
83,1558,1
83,1569,1
83,1576,1
83,1578,1
83,1582,1
83,1599,1
83,1600,1
83,1601,1
83,1613,1
83,1615,1
83,1623,1
83,1625,1
83,1628,1
83,1630,1
83,1632,1
84,813,1
85,112,1
85,238,1
85,593,3
85,734,3
85,835,1
85,854,1
85,862,1
85,897,1
85,1128,1
85,1282,1
86,419,1
86,538,1
86,902,1
86,1062,1
86,1183,1
86,1332,1
86,1359,1
86,1378,1
87,79,1
87,160,1
87,268,1
87,415,1
87,506,1
87,508,1
87,638,1
87,743,1
87,847,1
87,943,1
87,947,1
87,1107,1
87,1125,1
87,1306,3
87,1350,1
87,1506,1
88,955,3
88,1079,3
89,563,1
89,1090,1
89,1120,1
89,1247,1
89,1425,3
90,142,1
90,306,1
90,322,1
90,324,1
90,553,1
90,617,1
90,799,1
90,863,1
90,1133,1
90,1169,3
90,1236,1
90,1263,1
90,1291,1
90,1391,1
90,1475,1
90,1604,1
90,1633,1
91,219,1
91,340,1
91,355,1
91,357,1
91,360,1
91,362,3
91,405,1
91,422,1
91,435,1
91,501,1
91,507,1
91,527,1
91,553,1
91,737,1
91,779,1
91,809,3
91,810,1
91,864,1
91,983,1
91,991,1
91,1038,1
91,1059,1
91,1120,1
91,1140,1
91,1268,1
91,1286,1
91,1295,1
91,1357,1
91,1429,1
91,1524,1
91,1549,1
91,1595,1
91,1606,1
92,916,1
92,1023,3
92,1142,1
92,1636,1
93,431,1
93,1240,3
93,1272,3
93,1295,1
93,1490,3
93,1549,1
94,181,3
94,198,1
94,199,1
94,220,1
94,234,1
94,241,1
94,306,1
94,374,1
94,401,1
94,458,1
94,469,1
94,551,1
94,749,1
94,880,3
94,995,1
94,1019,1
94,1025,1
94,1051,1
94,1072,1
94,1105,1
94,1106,1
94,1132,1
94,1155,1
94,1169,1
94,1217,1
94,1223,1
94,1260,1
94,1295,1
94,1366,1
94,1430,1
94,1443,1
94,1454,1
95,109,1
95,134,2
95,281,1
95,494,1
95,847,1
95,883,1
95,1115,1
95,1480,1
96,419,1
96,471,1
96,903,1
96,1017,1
96,1063,1
96,1092,1
96,1160,1
96,1175,1
96,1189,1
96,1328,3
96,1479,3
96,1522,1
96,1566,1
97,15,1
97,307,1
97,429,3
97,439,1
97,530,1
97,709,1
97,762,1
97,1166,1
97,1514,1
98,125,2
98,128,2
98,506,1
98,823,1
98,1040,1
98,1205,1
98,1342,3
98,1388,1
98,1396,1
98,1410,3
98,1416,3
98,1440,1
98,1465,1
98,1533,1
99,5,1
99,115,1
99,211,1
99,220,1
99,301,1
99,370,1
99,409,1
99,474,1
99,516,1
99,588,1
99,603,1
99,605,1
99,644,1
99,672,1
99,773,1
99,779,1
99,791,1
99,832,1
99,841,1
99,901,1
99,947,1
99,955,1
99,1018,1
99,1101,1
99,1162,3
99,1164,1
99,1284,1
99,1288,1
99,1296,1
99,1349,1
99,1419,3
99,1425,1
99,1523,1
99,1593,1
99,1639,1
100,316,1
100,349,1
100,372,1
100,389,1
100,746,1
100,770,1
100,859,1
100,909,1
100,918,3
100,963,1
100,1071,1
100,1079,1
100,1134,1
100,1164,3
100,1222,1
100,1342,1
100,1445,1
100,1469,1
100,1477,1
100,1484,1
100,1523,3
100,1554,1
101,172,2
101,1188,1
102,202,1
103,335,3
103,777,3
103,1081,3
103,1348,3
103,1441,1
103,1565,3
104,228,3
104,392,1
104,405,1
104,510,1
104,1246,1
105,543,1
105,784,1
105,1395,1
105,1452,3
106,243,3
106,511,1
106,513,3
106,558,1
106,629,1
106,1510,1
106,1622,1
107,826,1
107,1588,1
107,1610,1
107,1618,3
108,210,1
108,315,1
108,483,1
108,548,1
108,607,1
108,706,3
108,797,1
108,1108,1
108,1250,3
108,1254,1
108,1405,1
109,100,1
109,107,1
109,177,1
109,180,1
109,186,1
109,196,1
109,217,1
109,228,1
109,276,1
109,316,1
109,331,1
109,336,1
109,376,1
109,378,1
109,389,1
109,393,1
109,410,1
109,420,1
109,454,1
109,505,1
109,510,1
109,526,1
109,565,1
109,566,1
109,598,1
109,631,1
109,653,1
109,681,1
109,726,1
109,746,1
109,752,1
109,753,1
109,765,1
109,780,1
109,813,1
109,876,1
109,885,1
109,906,1
109,909,1
109,917,1
109,958,1
109,968,1
109,1020,1
109,1073,1
109,1077,1
109,1082,1
109,1144,1
109,1155,1
109,1191,1
109,1192,1
109,1229,1
109,1241,1
109,1279,1
109,1312,1
109,1328,1
109,1350,1
109,1387,1
109,1393,1
109,1420,1
109,1444,1
109,1469,1
109,1472,1
109,1494,1
109,1498,1
109,1509,1
109,1512,1
109,1531,1
109,1554,1
109,1623,1
109,1624,1
109,1631,1
110,116,3
110,314,1
110,380,1
110,437,1
110,547,1
110,698,1
110,787,3
110,817,1
110,1157,3
110,1628,1
111,163,1
111,269,1
111,438,1
111,878,1
111,1105,3
111,1145,1
111,1292,1
112,194,3
112,239,3
112,299,1
112,417,1
112,1521,1
113,477,3
114,223,1
114,265,1
114,279,1
114,296,1
114,348,1
114,372,1
114,373,1
114,377,1
114,406,1
114,448,1
114,464,1
114,494,1
114,521,1
114,537,1
114,556,1
114,586,1
114,597,1
114,640,1
114,648,1
114,664,1
114,668,1
114,708,1
114,753,1
114,768,1
114,808,1
114,856,1
114,865,1
114,885,1
114,895,1
114,910,1
114,951,1
114,1008,1
114,1026,1
114,1041,1
114,1054,1
114,1074,1
114,1078,1
114,1115,1
114,1127,1
114,1136,1
114,1141,1
114,1143,1
114,1151,1
114,1152,1
114,1172,1
114,1198,1
114,1229,1
114,1262,1
114,1317,1
114,1339,1
114,1359,1
114,1374,1
114,1393,1
114,1409,1
114,1420,1
114,1427,1
114,1437,1
114,1480,1
114,1498,1
114,1504,1
114,1529,1
114,1573,1
114,1635,1
114,1637,1
114,1638,1
115,108,1
115,292,1
115,315,1
115,382,1
115,656,1
115,856,1
115,1124,1
115,1460,1
115,1518,1
116,486,1
116,577,1
116,599,3
116,1011,3
116,1094,1
116,1206,1
116,1371,1
116,1454,3
116,1491,3
116,1495,1
117,182,3
117,442,1
117,584,1
117,647,1
117,710,3
117,791,1
117,853,1
117,926,3
117,1148,1
117,1618,1
118,200,1
118,265,1
118,348,1
118,372,1
118,373,1
118,377,1
118,383,3
118,489,1
118,494,1
118,521,1
118,537,1
118,556,1
118,640,1
118,648,1
118,708,1
118,753,1
118,768,1
118,808,1
118,850,1
118,865,1
118,866,1
118,885,1
118,910,1
118,951,1
118,996,1
118,1041,1
118,1078,1
118,1127,1
118,1136,1
118,1143,1
118,1151,1
118,1152,1
118,1172,1
118,1198,1
118,1220,1
118,1222,1
118,1229,1
118,1234,1
118,1235,1
118,1237,1
118,1262,1
118,1339,1
118,1359,1
118,1374,1
118,1409,1
118,1420,1
118,1425,1
118,1427,1
118,1446,1
118,1472,1
118,1480,1
118,1498,1
118,1529,1
118,1573,1
118,1638,1
119,1,1
119,2,1
119,4,1
119,11,1
119,12,1
119,18,1
119,26,1
119,38,1
119,48,1
119,57,1
119,61,1
119,72,1
119,79,1
119,87,1
119,96,1
119,108,1
119,112,1
119,114,1
119,118,1
119,125,1
119,128,1
119,134,1
119,136,1
119,141,1
119,149,1
119,151,1
119,155,1
119,163,1
119,164,1
119,170,2
119,178,1
119,188,1
119,192,1
119,194,1
119,195,1
119,199,1
202,119,0
205,119,0
209,119,0
226,119,0
230,119,0
231,119,0
234,119,0
237,119,0
238,119,0
240,119,0
244,119,0
250,119,0
253,119,0
256,119,0
273,119,0
287,119,0
291,119,0
293,119,0
299,119,0
302,119,0
312,119,0
315,119,0
320,119,0
331,119,0
333,119,0
334,119,0
342,119,0
344,119,0
349,119,0
358,119,0
361,119,0
365,119,0
374,119,0
385,119,0
391,119,0
395,119,0
119,399,3
402,119,0
405,119,0
411,119,0
419,119,0
423,119,0
428,119,0
433,119,0
442,119,0
444,119,0
446,119,0
454,119,0
457,119,0
467,119,0
471,119,0
477,119,0
481,119,0
486,119,0
491,119,0
493,119,0
494,119,0
495,119,0
500,119,0
503,119,0
509,119,0
515,119,0
528,119,0
531,119,0
538,119,0
539,119,0
543,119,0
546,119,0
551,119,0
553,119,0
554,119,0
570,119,0
576,119,0
578,119,0
587,119,0
600,119,0
602,119,0
606,119,0
609,119,0
611,119,0
614,119,0
619,119,0
626,119,0
630,119,0
641,119,0
642,119,0
647,119,0
652,119,0
655,119,0
658,119,0
662,119,0
666,119,0
669,119,0
674,119,0
675,119,0
676,119,0
677,119,0
683,119,0
685,119,0
696,119,0
705,119,0
711,119,0
713,119,0
714,119,0
721,119,0
723,119,0
727,119,0
730,119,0
738,119,0
739,119,0
754,119,0
756,119,0
764,119,0
769,119,0
770,119,0
788,119,0
789,119,0
793,119,0
802,119,0
807,119,0
812,119,0
819,119,0
823,119,0
827,119,0
830,119,0
844,119,0
847,119,0
848,119,0
851,119,0
853,119,0
854,119,0
855,119,0
857,119,0
859,119,0
861,119,0
863,119,0
868,119,0
877,119,0
879,119,0
883,119,0
886,119,0
893,119,0
896,119,0
897,119,0
898,119,0
901,119,0
903,119,0
912,119,0
914,119,0
920,119,0
923,119,0
927,119,0
928,119,0
929,119,0
933,119,0
943,119,0
944,119,0
950,119,0
957,119,0
959,119,0
960,119,0
962,119,0
966,119,0
970,119,0
979,119,0
986,119,0
988,119,0
990,119,0
995,119,0
1003,119,0
1006,119,0
1007,119,0
1010,119,0
1013,119,0
1017,119,0
1022,119,0
1023,119,0
1029,119,0
1033,119,0
1034,119,0
1040,119,0
1044,119,0
1046,119,0
1065,119,0
1069,119,0
1080,119,0
1085,119,0
1092,119,0
1100,119,0
1106,119,0
1107,119,0
1109,119,0
1110,119,0
1115,119,0
1117,119,0
1121,119,0
1132,119,0
1138,119,0
1142,119,0
1148,119,0
1149,119,0
1153,119,0
1158,119,0
1160,119,0
1163,119,0
1169,119,0
1181,119,0
1185,119,0
1186,119,0
1187,119,0
1189,119,0
1193,119,0
1194,119,0
1196,119,0
1197,119,0
1200,119,0
1202,119,0
1206,119,0
1210,119,0
1217,119,0
1220,119,0
1221,119,0
1224,119,0
1236,119,0
1238,119,0
1239,119,0
1246,119,0
1251,119,0
1261,119,0
1263,119,0
1274,119,0
1280,119,0
1284,119,0
1287,119,0
1291,119,0
1293,119,0
1305,119,0
1306,119,0
1310,119,0
1315,119,0
1319,119,0
1320,119,0
1321,119,0
1323,119,0
1331,119,0
1334,119,0
1342,119,0
1350,119,0
1356,119,0
1363,119,0
1368,119,0
1371,119,0
1382,119,0
1384,119,0
1391,119,0
1396,119,0
1400,119,0
1413,119,0
1414,119,0
1421,119,0
1423,119,0
1438,119,0
1442,119,0
1445,119,0
1454,119,0
1456,119,0
1457,119,0
1459,119,0
1464,119,0
1471,119,0
1475,119,0
1477,119,0
1478,119,0
1480,119,0
1495,119,0
1500,119,0
1506,119,0
1513,119,0
1515,119,0
1522,119,0
1526,119,0
119,1527,3
1532,119,0
1544,119,0
1546,119,0
1551,119,0
1553,119,0
1555,119,0
1558,119,0
1565,119,0
1566,119,0
1568,119,0
1569,119,0
1570,119,0
1579,119,0
1582,119,0
1584,119,0
1591,119,0
1599,119,0
1604,119,0
1607,119,0
1612,119,0
1616,119,0
1618,119,0
1621,119,0
1629,119,0
1633,119,0
1636,119,0
1639,119,0
1640,119,0
1641,119,0
9,120,0
105,120,0
128,120,0
130,120,0
151,120,0
216,120,0
235,120,0
250,120,0
253,120,0
267,120,0
270,120,0
271,120,0
291,120,0
307,120,0
309,120,0
333,120,0
335,120,0
336,120,0
347,120,0
366,120,0
391,120,0
409,120,0
422,120,0
440,120,0
442,120,0
446,120,0
453,120,0
473,120,0
479,120,0
495,120,0
514,120,0
520,120,0
539,120,0
549,120,0
568,120,0
572,120,0
580,120,0
592,120,0
644,120,0
657,120,0
661,120,0
662,120,0
675,120,0
687,120,0
693,120,0
696,120,0
722,120,0
730,120,0
732,120,0
759,120,0
765,120,0
774,120,0
777,120,0
784,120,0
789,120,0
832,120,0
843,120,0
849,120,0
886,120,0
954,120,0
972,120,0
120,1007,3
1009,120,0
1013,120,0
1016,120,0
1042,120,0
1043,120,0
1047,120,0
1058,120,0
1064,120,0
120,1072,3
1113,120,0
1116,120,0
1148,120,0
1152,120,0
1153,120,0
1167,120,0
1168,120,0
1208,120,0
1210,120,0
1214,120,0
1218,120,0
1220,120,0
1231,120,0
1232,120,0
1262,120,0
1281,120,0
1294,120,0
1309,120,0
1321,120,0
1331,120,0
1341,120,0
1346,120,0
1349,120,0
1363,120,0
1369,120,0
1376,120,0
1378,120,0
1398,120,0
1400,120,0
1401,120,0
1412,120,0
1416,120,0
1417,120,0
1454,120,0
1476,120,0
1539,120,0
1542,120,0
1545,120,0
1557,120,0
1558,120,0
120,1566,3
1578,120,0
1601,120,0
1616,120,0
1618,120,0
1619,120,0
1632,120,0
1638,120,0
1639,120,0
108,121,0
114,121,0
118,121,0
161,121,0
315,121,0
757,121,0
795,121,0
1190,121,0
1216,121,0
1581,121,0
1639,121,0
415,122,0
508,122,0
515,122,0
122,614,3
122,674,3
723,122,0
926,122,0
970,122,0
122,1010,3
1546,122,0
123,1062,3
123,1400,3
620,124,0
682,124,0
805,124,0
1124,124,0
15,125,0
125,128,2
186,125,0
396,125,0
671,125,0
702,125,0
783,125,0
823,125,0
922,125,0
930,125,0
948,125,0
991,125,0
1040,125,0
1049,125,0
1194,125,0
1205,125,0
1265,125,0
1305,125,0
1321,125,0
1356,125,0
1476,125,0
1539,125,0
1558,125,0
125,1591,3
1617,125,0
1620,125,0
259,126,0
352,126,0
126,382,3
438,126,0
465,126,0
126,1108,3
1218,126,0
30,127,0
125,127,0
251,127,0
285,127,0
326,127,0
127,460,3
623,127,0
670,127,0
1258,127,0
127,1348,3
1466,127,0
128,135,2
289,128,0
624,128,0
751,128,0
874,128,0
128,901,3
1083,128,0
1128,128,0
128,1192,3
1202,128,0
128,1227,3
1265,128,0
1266,128,0
1368,128,0
1396,128,0
1465,128,0
1533,128,0
1617,128,0
270,129,0
436,129,0
643,129,0
129,1153,3
129,1364,3
270,130,0
130,480,3
850,130,0
130,976,3
1241,130,0
61,131,0
482,131,0
830,131,0
1082,131,0
1163,131,0
1583,131,0
13,132,0
98,132,0
128,132,0
132,203,3
211,132,0
370,132,0
409,132,0
832,132,0
892,132,0
985,132,0
1288,132,0
1295,132,0
1349,132,0
132,1389,3
132,1417,3
1549,132,0
1597,132,0
14,133,0
84,133,0
152,133,0
400,133,0
425,133,0
513,133,0
932,133,0
133,956,3
998,133,0
1024,133,0
1085,133,0
1352,133,0
1541,133,0
494,134,0
674,134,0
847,134,0
883,134,0
1115,134,0
1480,134,0
1498,134,0
14,135,0
15,135,0
31,135,0
62,135,0
114,135,0
118,135,0
133,135,0
161,135,0
185,135,0
241,135,0
272,135,0
317,135,0
320,135,0
338,135,0
379,135,0
398,135,0
403,135,0
415,135,0
416,135,0
424,135,0
430,135,0
447,135,0
468,135,0
480,135,0
559,135,0
564,135,0
607,135,0
610,135,0
614,135,0
620,135,0
629,135,0
630,135,0
657,135,0
674,135,0
676,135,0
686,135,0
702,135,0
720,135,0
725,135,0
742,135,0
745,135,0
749,135,0
772,135,0
783,135,0
790,135,0
795,135,0
802,135,0
831,135,0
868,135,0
881,135,0
902,135,0
905,135,0
135,924,3
936,135,0
940,135,0
1027,135,0
1088,135,0
1091,135,0
1095,135,0
1111,135,0
1113,135,0
1118,135,0
1131,135,0
1147,135,0
1150,135,0
1158,135,0
1187,135,0
1202,135,0
1205,135,0
1207,135,0
1257,135,0
1260,135,0
1265,135,0
1271,135,0
1297,135,0
1299,135,0
135,1307,3
1323,135,0
1327,135,0
1351,135,0
1352,135,0
1370,135,0
1372,135,0
1393,135,0
1429,135,0
1441,135,0
1449,135,0
1465,135,0
1472,135,0
1476,135,0
1483,135,0
1486,135,0
1498,135,0
1499,135,0
1507,135,0
1508,135,0
1510,135,0
1536,135,0
1550,135,0
1561,135,0
1562,135,0
1563,135,0
1600,135,0
1617,135,0
1,136,0
331,136,0
609,136,0
705,136,0
754,136,0
927,136,0
1221,136,0
136,1363,3
1532,136,0
214,137,0
222,137,0
137,229,3
230,137,0
619,137,0
137,682,3
877,137,0
1080,137,0
1121,137,0
1186,137,0
137,1207,3
1319,137,0
1382,137,0
137,1406,3
1457,137,0
1464,137,0
1513,137,0
1640,137,0
404,138,0
138,646,3
735,138,0
138,1194,3
1367,138,0
1389,138,0
675,139,0
711,139,0
959,139,0
988,139,0
1003,139,0
1393,139,0
1404,139,0
1532,139,0
2,140,0
84,140,0
100,140,0
114,140,0
118,140,0
121,140,0
170,140,0
140,193,2
216,140,0
243,140,0
254,140,0
275,140,0
282,140,0
290,140,0
292,140,0
304,140,0
309,140,0
316,140,0
318,140,0
324,140,0
328,140,0
342,140,0
347,140,0
362,140,0
375,140,0
387,140,0
389,140,0
393,140,0
415,140,0
429,140,0
446,140,0
474,140,0
479,140,0
480,140,0
484,140,0
140,501,3
509,140,0
529,140,0
545,140,0
562,140,0
572,140,0
591,140,0
612,140,0
617,140,0
619,140,0
628,140,0
645,140,0
656,140,0
678,140,0
696,140,0
711,140,0
719,140,0
726,140,0
728,140,0
731,140,0
745,140,0
746,140,0
754,140,0
757,140,0
765,140,0
771,140,0
774,140,0
777,140,0
778,140,0
795,140,0
813,140,0
821,140,0
822,140,0
845,140,0
849,140,0
850,140,0
872,140,0
877,140,0
886,140,0
900,140,0
909,140,0
913,140,0
925,140,0
933,140,0
949,140,0
959,140,0
976,140,0
988,140,0
990,140,0
1009,140,0
1013,140,0
1042,140,0
1043,140,0
1056,140,0
1062,140,0
1080,140,0
1088,140,0
1106,140,0
1111,140,0
1121,140,0
1122,140,0
1134,140,0
1147,140,0
1154,140,0
1159,140,0
1180,140,0
1188,140,0
1191,140,0
1193,140,0
1194,140,0
1195,140,0
1201,140,0
1202,140,0
1210,140,0
1219,140,0
1229,140,0
1236,140,0
1238,140,0
1249,140,0
1263,140,0
1272,140,0
1275,140,0
1277,140,0
1282,140,0
1291,140,0
1300,140,0
1309,140,0
1315,140,0
1319,140,0
1326,140,0
1331,140,0
1341,140,0
1351,140,0
1363,140,0
1369,140,0
1391,140,0
1403,140,0
1404,140,0
1420,140,0
1460,140,0
1469,140,0
1481,140,0
1489,140,0
1490,140,0
1491,140,0
1505,140,0
1513,140,0
1518,140,0
1535,140,0
1536,140,0
1599,140,0
1620,140,0
1630,140,0
1632,140,0
1633,140,0
1640,140,0
72,141,0
287,141,0
334,141,0
442,141,0
606,141,0
641,141,0
855,141,0
141,1101,3
1496,141,0
34,142,0
266,142,0
325,142,0
142,429,3
747,142,0
1084,142,0
1267,142,0
1493,142,0
142,1527,3
1560,142,0
243,143,0
249,143,0
279,143,0
143,385,3
428,143,0
489,143,0
549,143,0
550,143,0
569,143,0
628,143,0
723,143,0
726,143,0
744,143,0
888,143,0
895,143,0
941,143,0
1086,143,0
1143,143,0
1191,143,0
1235,143,0
1427,143,0
1434,143,0
143,1570,3
1585,143,0
144,174,2
355,144,0
613,144,0
809,144,0
144,1467,3
145,290,3
434,145,0
475,145,0
676,145,0
145,752,3
857,145,0
1015,146,0
147,415,3
147,1518,3
196,148,0
148,572,3
775,148,0
148,818,3
875,148,0
148,1083,3
1334,148,0
1337,148,0
508,149,0
894,149,0
1196,149,0
1515,149,0
1547,149,0
337,150,0
150,759,3
760,150,0
829,150,0
150,1174,3
1605,150,0
471,151,0
576,151,0
721,151,0
863,151,0
918,151,0
1438,151,0
152,194,3
1476,152,0
771,153,0
845,153,0
1300,153,0
153,1323,3
153,1387,3
154,239,3
350,154,0
351,154,0
154,414,3
434,154,0
841,154,0
154,891,3
1063,154,0
253,155,0
311,155,0
505,155,0
538,155,0
155,596,3
155,610,3
1284,155,0
1321,155,0
1356,155,0
1523,155,0
1526,155,0
1558,155,0
1572,155,0
156,635,3
3,157,0
294,157,0
490,157,0
157,686,3
695,157,0
750,157,0
157,973,3
1081,157,0
1096,157,0
1135,157,0
157,1275,3
1358,157,0
1433,157,0
114,158,0
118,158,0
692,158,0
249,159,0
260,159,0
279,159,0
342,159,0
368,159,0
371,159,0
464,159,0
472,159,0
504,159,0
549,159,0
598,159,0
684,159,0
744,159,0
781,159,0
792,159,0
813,159,0
850,159,0
933,159,0
996,159,0
1008,159,0
1054,159,0
159,1063,3
1077,159,0
1086,159,0
1103,159,0
1229,159,0
1234,159,0
1235,159,0
1237,159,0
1283,159,0
1374,159,0
1417,159,0
1420,159,0
1427,159,0
1484,159,0
1504,159,0
1509,159,0
1600,159,0
1625,159,0
191,160,0
293,160,0
329,160,0
481,160,0
625,160,0
706,160,0
160,806,3
1035,160,0
1248,160,0
1259,160,0
1516,160,0
624,161,0
665,161,0
952,161,0
161,1292,3
161,1589,3
303,162,0
310,162,0
407,162,0
733,162,0
926,162,0
941,162,0
162,963,3
1061,162,0
1089,162,0
162,1420,3
162,1515,3
314,163,0
677,163,0
714,163,0
788,163,0
928,163,0
163,1164,3
163,1181,3
1197,163,0
163,1227,3
24,164,0
247,164,0
263,164,0
301,164,0
421,164,0
432,164,0
950,164,0
982,164,0
1018,164,0
1170,164,0
1203,164,0
1211,164,0
1264,164,0
164,1303,3
1363,164,0
1465,164,0
1617,164,0
165,539,3
165,869,3
165,1036,3
165,1424,3
269,166,0
278,166,0
445,166,0
814,166,0
1137,166,0
1348,166,0
2,167,0
167,439,3
1251,167,0
1287,167,0
1491,167,0
167,1512,3
1535,167,0
883,168,0
894,168,0
977,168,0
987,168,0
168,1093,3
1239,168,0
168,1305,3
1362,168,0
1502,168,0
15,169,0
108,169,0
114,169,0
307,169,0
315,169,0
328,169,0
444,169,0
169,747,3
757,169,0
887,169,0
1063,169,0
169,1221,3
1228,169,0
1282,169,0
169,1296,3
1377,169,0
1379,169,0
1608,169,0
4,170,0
12,170,0
18,170,0
151,170,0
170,203,3
212,170,0
232,170,0
234,170,0
249,170,0
255,170,0
264,170,0
269,170,0
291,170,0
292,170,0
297,170,0
302,170,0
332,170,0
335,170,0
339,170,0
346,170,0
356,170,0
358,170,0
387,170,0
388,170,0
391,170,0
405,170,0
408,170,0
427,170,0
450,170,0
454,170,0
455,170,0
468,170,0
487,170,0
494,170,0
503,170,0
515,170,0
519,170,0
529,170,0
545,170,0
561,170,0
575,170,0
576,170,0
579,170,0
580,170,0
591,170,0
607,170,0
629,170,0
634,170,0
636,170,0
643,170,0
656,170,0
660,170,0
683,170,0
693,170,0
705,170,0
721,170,0
722,170,0
723,170,0
728,170,0
734,170,0
742,170,0
745,170,0
757,170,0
758,170,0
763,170,0
777,170,0
790,170,0
796,170,0
798,170,0
801,170,0
807,170,0
819,170,0
825,170,0
831,170,0
850,170,0
863,170,0
885,170,0
888,170,0
899,170,0
907,170,0
915,170,0
919,170,0
932,170,0
939,170,0
950,170,0
970,170,0
999,170,0
1001,170,0
1023,170,0
1036,170,0
1040,170,0
1043,170,0
1048,170,0
1057,170,0
1066,170,0
1086,170,0
1094,170,0
1104,170,0
1115,170,0
1120,170,0
1131,170,0
1132,170,0
1150,170,0
1169,170,0
1178,170,0
1184,170,0
1187,170,0
1199,170,0
1202,170,0
1207,170,0
1220,170,0
1229,170,0
1232,170,0
1247,170,0
1262,170,0
1269,170,0
1271,170,0
1277,170,0
1295,170,0
1309,170,0
1313,170,0
1314,170,0
1326,170,0
1333,170,0
1338,170,0
1343,170,0
1370,170,0
1372,170,0
1374,170,0
1407,170,0
1411,170,0
1420,170,0
1424,170,0
1429,170,0
1432,170,0
1435,170,0
1438,170,0
1454,170,0
1467,170,0
1478,170,0
1482,170,0
1486,170,0
1509,170,0
1516,170,0
1532,170,0
1543,170,0
1546,170,0
1550,170,0
1557,170,0
1562,170,0
1563,170,0
1580,170,0
1592,170,0
1598,170,0
1600,170,0
1601,170,0
1629,170,0
1641,170,0
171,1340,3
171,1384,3
283,172,0
172,430,3
1238,172,0
1291,172,0
172,1297,3
321,173,0
1256,173,0
1473,173,0
173,1504,3
174,530,3
809,174,0
31,175,0
149,175,0
227,175,0
249,175,0
260,175,0
279,175,0
291,175,0
292,175,0
347,175,0
362,175,0
366,175,0
368,175,0
387,175,0
417,175,0
422,175,0
463,175,0
464,175,0
472,175,0
489,175,0
502,175,0
504,175,0
514,175,0
529,175,0
549,175,0
591,175,0
175,596,3
598,175,0
615,175,0
643,175,0
684,175,0
694,175,0
175,709,3
722,175,0
735,175,0
759,175,0
777,175,0
792,175,0
849,175,0
850,175,0
866,175,0
888,175,0
895,175,0
925,175,0
933,175,0
951,175,0
1008,175,0
1054,175,0
1058,175,0
1077,175,0
1086,175,0
1103,175,0
1116,175,0
1143,175,0
1171,175,0
1214,175,0
1229,175,0
1232,175,0
1234,175,0
1235,175,0
1237,175,0
1274,175,0
1281,175,0
1309,175,0
1325,175,0
1331,175,0
1345,175,0
1361,175,0
1367,175,0
1389,175,0
1413,175,0
1416,175,0
1417,175,0
1468,175,0
1509,175,0
1515,175,0
1518,175,0
1547,175,0
1557,175,0
1580,175,0
1600,175,0
1601,175,0
1625,175,0
146,176,0
795,176,0
841,176,0
176,864,3
1235,176,0
1288,176,0
1296,176,0
177,1025,3
403,178,0
178,512,3
178,720,3
179,656,3
777,179,0
1254,179,0
1538,179,0
180,563,3
180,763,3
31,181,0
37,181,0
108,181,0
197,181,0
225,181,0
285,181,0
308,181,0
311,181,0
315,181,0
323,181,0
343,181,0
396,181,0
443,181,0
444,181,0
499,181,0
548,181,0
571,181,0
573,181,0
608,181,0
609,181,0
621,181,0
633,181,0
671,181,0
181,693,3
741,181,0
754,181,0
786,181,0
787,181,0
797,181,0
838,181,0
181,886,3
918,181,0
930,181,0
992,181,0
1052,181,0
1060,181,0
1062,181,0
1108,181,0
181,1116,3
1209,181,0
1227,181,0
1276,181,0
1280,181,0
1302,181,0
1332,181,0
1354,181,0
181,1362,3
1364,181,0
1408,181,0
1447,181,0
1451,181,0
1474,181,0
181,1509,3
1567,181,0
449,182,0
521,182,0
182,685,3
785,182,0
349,183,0
859,183,0
183,1345,3
1445,183,0
1477,183,0
183,1491,3
1555,183,0
1569,183,0
434,184,0
464,184,0
678,184,0
184,769,3
184,1113,3
184,1398,3
185,429,3
820,185,0
833,185,0
1117,185,0
1149,185,0
1158,185,0
1449,185,0
185,1605,3
54,186,0
57,186,0
71,186,0
212,186,0
215,186,0
229,186,0
262,186,0
361,186,0
381,186,0
403,186,0
424,186,0
186,477,3
480,186,0
482,186,0
499,186,0
607,186,0
610,186,0
620,186,0
629,186,0
630,186,0
706,186,0
733,186,0
736,186,0
742,186,0
758,186,0
790,186,0
795,186,0
802,186,0
824,186,0
831,186,0
872,186,0
881,186,0
902,186,0
913,186,0
921,186,0
924,186,0
931,186,0
966,186,0
981,186,0
1028,186,0
1062,186,0
1111,186,0
1131,186,0
1150,186,0
1194,186,0
1195,186,0
1205,186,0
1225,186,0
1253,186,0
1271,186,0
1297,186,0
1305,186,0
1322,186,0
1332,186,0
1338,186,0
1372,186,0
1403,186,0
1415,186,0
1429,186,0
1441,186,0
1456,186,0
1486,186,0
186,1522,3
1550,186,0
1562,186,0
1563,186,0
1565,186,0
1577,186,0
1598,186,0
1641,186,0
187,313,3
824,187,0
873,187,0
937,187,0
1257,187,0
1381,187,0
1447,187,0
1488,187,0
187,1530,3
187,1581,3
188,677,3
879,188,0
1544,188,0
189,635,3
189,939,3
189,1254,3
189,1360,3
245,190,0
190,265,3
288,190,0
744,190,0
951,190,0
961,190,0
1347,190,0
1596,190,0
553,191,0
191,604,3
625,191,0
191,727,3
754,191,0
806,191,0
914,191,0
1035,191,0
1252,191,0
1303,191,0
1516,191,0
192,465,3
1139,192,0
192,1266,3
1607,192,0
2,193,0
71,193,0
78,193,0
84,193,0
90,193,0
100,193,0
114,193,0
118,193,0
121,193,0
170,193,0
202,193,0
230,193,0
243,193,0
250,193,0
275,193,0
277,193,0
292,193,0
302,193,0
309,193,0
316,193,0
318,193,0
322,193,0
324,193,0
328,193,0
342,193,0
347,193,0
362,193,0
375,193,0
193,383,3
387,193,0
393,193,0
403,193,0
415,193,0
429,193,0
446,193,0
474,193,0
479,193,0
480,193,0
491,193,0
504,193,0
545,193,0
562,193,0
572,193,0
591,193,0
612,193,0
619,193,0
645,193,0
656,193,0
663,193,0
678,193,0
711,193,0
719,193,0
722,193,0
728,193,0
731,193,0
732,193,0
769,193,0
774,193,0
778,193,0
795,193,0
813,193,0
822,193,0
849,193,0
850,193,0
868,193,0
871,193,0
877,193,0
886,193,0
900,193,0
906,193,0
909,193,0
913,193,0
925,193,0
933,193,0
949,193,0
959,193,0
969,193,0
976,193,0
987,193,0
1009,193,0
1032,193,0
1042,193,0
1043,193,0
1056,193,0
1080,193,0
1106,193,0
1137,193,0
1144,193,0
1147,193,0
1153,193,0
1159,193,0
1168,193,0
1180,193,0
1188,193,0
1194,193,0
1195,193,0
1210,193,0
1225,193,0
1228,193,0
1232,193,0
1236,193,0
1249,193,0
1251,193,0
1263,193,0
1272,193,0
1275,193,0
1277,193,0
1291,193,0
1295,193,0
1297,193,0
1300,193,0
1305,193,0
1309,193,0
1314,193,0
1319,193,0
1324,193,0
1326,193,0
1331,193,0
1351,193,0
1362,193,0
1369,193,0
1403,193,0
1404,193,0
1420,193,0
1457,193,0
1460,193,0
1469,193,0
1475,193,0
1481,193,0
1490,193,0
1491,193,0
1505,193,0
1513,193,0
1535,193,0
1549,193,0
1584,193,0
1600,193,0
1620,193,0
1632,193,0
1640,193,0
1641,193,0
35,194,0
234,194,0
466,194,0
194,478,3
194,691,3
776,194,0
854,194,0
896,194,0
1006,194,0
1519,194,0
195,915,3
195,1478,3
196,1141,3
196,1430,3
197,237,3
197,805,3
197,876,3
198,1202,3
199,1214,3
201,309,3
201,421,3
201,894,3
201,1146,3
201,1504,3
202,1033,3
202,1377,3
203,533,3
204,892,3
205,440,3
206,262,3
206,746,3
207,1623,3
208,881,3
210,632,3
210,1057,3
210,1362,3
211,1303,3
212,594,3
212,735,3
212,788,3
212,994,3
212,1422,3
213,311,3
214,939,3
214,1545,3
215,1170,3
216,511,3
216,1478,3
216,1496,3
217,1003,3
217,1595,3
218,1248,3
219,408,3
220,1169,3
220,1425,3
221,345,3
223,894,3
224,439,3
224,1124,3
224,1141,3
224,1379,3
225,1219,3
226,736,3
226,1064,3
226,1384,3
227,382,3
227,721,3
227,932,3
228,1054,3
229,660,3
229,711,3
229,1480,3
229,1619,3
230,307,3
230,1580,3
231,434,3
231,1281,3
231,1630,3
232,677,3
232,1218,3
232,1495,3
233,538,3
233,1380,3
234,598,3
235,774,3
236,560,3
236,1444,3
239,485,3
239,1094,3
240,278,3
240,1507,3
241,933,3
241,1089,3
242,543,3
243,330,3
243,447,3
243,1348,3
243,1642,3
244,396,3
245,779,3
245,1050,3
245,1371,3
246,1281,3
246,1484,3
247,434,3
247,631,3
248,553,3
248,841,3
248,1286,3
249,288,3
249,412,3
249,416,3
249,490,3
249,1480,3
250,840,3
250,870,3
250,1407,3
252,1058,3
252,1089,3
253,783,3
254,1606,3
255,1416,3
258,514,3
258,781,3
260,779,3
260,948,3
260,1533,3
261,313,3
261,740,3
262,847,3
262,1048,3
262,1253,3
264,524,3
264,562,3
264,896,3
264,921,3
264,1021,3
264,1269,3
265,394,3
265,438,3
265,1110,3
265,1408,3
265,1448,3
265,1598,3
266,703,3
268,1338,3
269,1129,3
269,1498,3
270,1047,3
271,279,3
271,610,3
271,1239,3
271,1241,3
272,1635,3
273,920,3
274,636,3
276,658,3
278,541,3
278,961,3
278,974,3
278,1206,3
280,299,3
280,1495,3
281,1315,3
284,713,3
286,966,3
287,700,3
287,1175,3
287,1402,3
288,947,3
288,1141,3
290,443,3
292,448,3
294,591,3
295,1281,3
297,846,3
298,1092,3
298,1142,3
300,535,3
300,1133,3
300,1426,3
301,448,3
301,1309,3
305,624,3
305,696,3
305,898,3
305,1591,3
306,561,3
309,1526,3
311,1233,3
311,1578,3
312,663,3
312,1626,3
315,678,3
317,1038,3
317,1243,3
317,1335,3
318,763,3
318,860,3
320,328,3
320,761,3
320,866,3
320,1098,3
322,649,3
323,392,3
323,592,3
323,1608,3
324,1214,3
324,1328,3
325,697,3
325,853,3
325,920,3
325,1115,3
325,1205,3
325,1206,3
325,1486,3
325,1527,3
326,480,3
326,1025,3
327,843,3
329,492,3
332,410,3
334,1100,3
334,1560,3
336,763,3
337,660,3
337,708,3
338,726,3
339,710,3
341,1150,3
343,999,3
343,1513,3
345,624,3
345,1329,3
346,654,3
346,1308,3
347,382,3
347,733,3
347,943,3
347,1435,3
349,922,3
349,1216,3
349,1558,3
350,828,3
350,1306,3
351,784,3
351,1378,3
353,524,3
353,981,3
353,1500,3
354,1100,3
355,889,3
355,989,3
355,1082,3
355,1245,3
356,1190,3
357,1356,3
358,781,3
358,958,3
359,604,3
359,631,3
360,411,3
360,1040,3
360,1284,3
360,1400,3
361,1593,3
362,1188,3
364,1043,3
364,1522,3
366,1191,3
368,1083,3
368,1235,3
369,1247,3
369,1284,3
369,1416,3
370,603,3
371,521,3
371,1004,3
371,1382,3
373,558,3
374,376,3
374,520,3
374,860,3
374,1190,3
375,848,3
375,1548,3
378,452,3
378,1276,3
378,1312,3
379,1268,3
379,1485,3
380,512,3
381,860,3
382,804,3
383,772,3
384,1332,3
385,593,3
385,687,3
385,1373,3
385,1410,3
385,1635,3
387,634,3
387,1425,3
387,1607,3
388,767,3
389,407,3
389,855,3
389,1219,3
389,1549,3
390,635,3
390,1426,3
391,702,3
391,1335,3
392,545,3
392,906,3
393,443,3
393,676,3
393,1349,3
393,1388,3
395,609,3
395,928,3
395,1079,3
395,1391,3
395,1476,3
396,1093,3
397,1521,3
399,570,3
399,1339,3
400,817,3
400,1120,3
400,1171,3
403,616,3
403,1088,3
403,1144,3
404,1538,3
405,689,3
405,1458,3
406,1063,3
406,1237,3
408,612,3
408,824,3
408,1024,3
409,654,3
410,544,3
410,711,3
411,1481,3
412,1083,3
414,494,3
414,1162,3
416,1234,3
416,1500,3
417,462,3
417,704,3
421,827,3
421,1464,3
423,645,3
424,698,3
424,779,3
425,563,3
427,537,3
427,742,3
427,1576,3
428,474,3
428,577,3
428,767,3
428,1187,3
429,622,3
429,753,3
429,1408,3
429,1606,3
430,676,3
430,994,3
430,1464,3
432,1414,3
434,771,3
434,815,3
434,862,3
434,898,3
434,1145,3
436,1200,3
437,622,3
438,1370,3
438,1547,3
439,1248,3
440,964,3
440,1418,3
443,475,3
443,1639,3
447,512,3
448,697,3
448,1018,3
448,1116,3
449,707,3
449,1029,3
451,1304,3
454,942,3
454,1222,3
455,571,3
455,724,3
457,1295,3
458,721,3
458,1228,3
461,943,3
462,1139,3
463,954,3
463,1287,3
465,695,3
465,1077,3
466,1462,3
467,789,3
467,1324,3
467,1387,3
468,900,3
468,1124,3
468,1558,3
469,994,3
470,1616,3
471,759,3
472,1055,3
473,945,3
473,1319,3
474,480,3
474,790,3
475,539,3
475,638,3
475,648,3
475,948,3
475,1037,3
475,1136,3
477,1197,3
478,1163,3
478,1213,3
480,514,3
480,890,3
480,895,3
481,1620,3
483,1384,3
485,542,3
485,1282,3
487,570,3
489,648,3
490,517,3
490,646,3
490,1380,3
490,1411,3
492,553,3
492,684,3
494,1140,3
494,1267,3
496,1554,3
498,934,3
499,782,3
499,1172,3
499,1529,3
499,1563,3
499,1576,3
500,562,3
501,1179,3
502,615,3
503,1413,3
503,1603,3
504,882,3
505,1208,3
506,1173,3
506,1334,3
507,1149,3
507,1358,3
508,696,3
508,1184,3
509,1399,3
509,1545,3
509,1596,3
510,1264,3
510,1566,3
511,744,3
512,852,3
512,1391,3
513,1261,3
514,1404,3
515,1605,3
515,1634,3
516,1232,3
517,658,3
518,645,3
518,1314,3
521,978,3
521,1285,3
522,1286,3
523,600,3
523,1182,3
525,1290,3
527,1278,3
527,1310,3
528,1017,3
530,1133,3
532,972,3
533,737,3
533,1016,3
533,1480,3
533,1582,3
535,1119,3
535,1383,3
536,1284,3
537,742,3
537,1154,3
537,1466,3
538,1348,3
539,750,3
539,1046,3
540,695,3
541,988,3
542,1066,3
542,1113,3
542,1339,3
543,600,3
545,991,3
546,741,3
546,787,3
546,1476,3
547,985,3
547,1391,3
548,1173,3
548,1481,3
548,1494,3
549,620,3
549,989,3
550,921,3
554,720,3
555,588,3
555,675,3
555,804,3
555,1138,3
555,1348,3
555,1508,3
556,559,3
556,806,3
556,928,3
557,1325,3
557,1599,3
558,1303,3
559,661,3
559,922,3
559,1603,3
560,1598,3
561,578,3
563,648,3
563,887,3
563,1081,3
563,1522,3
564,1257,3
566,1307,3
566,1456,3
566,1506,3
566,1567,3
566,1591,3
567,1569,3
569,834,3
570,1093,3
570,1114,3
571,1513,3
572,1566,3
575,643,3
576,742,3
576,904,3
576,1277,3
577,1048,3
578,839,3
578,921,3
580,1032,3
581,965,3
581,1068,3
582,1635,3
583,1310,3
585,1074,3
585,1266,3
586,1066,3
588,598,3
588,720,3
588,1063,3
588,1199,3
589,1501,3
591,910,3
591,959,3
592,672,3
593,1218,3
593,1383,3
593,1393,3
595,758,3
595,864,3
595,1026,3
595,1207,3
595,1349,3
595,1370,3
596,1548,3
596,1564,3
599,1340,3
600,1021,3
601,780,3
601,1617,3
602,965,3
603,969,3
604,1120,3
604,1196,3
604,1274,3
604,1277,3
604,1377,3
604,1489,3
604,1630,3
606,1484,3
607,691,3
607,798,3
607,1190,3
608,1283,3
609,1060,3
609,1398,3
610,644,3
610,701,3
610,1005,3
610,1597,3
612,660,3
612,1209,3
614,673,3
615,1561,3
616,966,3
616,1485,3
617,1373,3
617,1451,3
618,864,3
618,886,3
620,653,3
620,694,3
620,1568,3
621,1270,3
623,702,3
625,802,3
625,882,3
625,1060,3
627,901,3
627,910,3
627,1498,3
630,1446,3
631,1523,3
631,1548,3
632,1327,3
633,830,3
634,1043,3
634,1329,3
635,958,3
635,1087,3
635,1222,3
635,1510,3
636,874,3
636,907,3
636,952,3
636,1536,3
637,696,3
637,857,3
639,781,3
639,1212,3
641,1237,3
642,936,3
642,1565,3
643,1332,3
644,860,3
644,1487,3
645,662,3
645,1122,3
645,1617,3
647,1492,3
648,991,3
648,1441,3
648,1511,3
649,1236,3
649,1298,3
653,1314,3
654,1612,3
657,719,3
658,799,3
658,1115,3
658,1424,3
660,816,3
660,950,3
661,1163,3
662,1422,3
662,1527,3
663,1245,3
665,792,3
665,1261,3
665,1492,3
665,1602,3
666,776,3
667,816,3
669,1450,3
670,790,3
670,845,3
670,1537,3
673,1553,3
675,1149,3
675,1423,3
676,1260,3
676,1436,3
677,1034,3
677,1210,3
678,1040,3
679,820,3
679,837,3
679,967,3
679,1287,3
679,1291,3
679,1584,3
680,1302,3
680,1613,3
683,1101,3
685,1171,3
686,998,3
686,1126,3
686,1190,3
687,1022,3
688,1133,3
689,1088,3
689,1415,3
689,1492,3
689,1613,3
693,988,3
693,1577,3
694,1043,3
696,768,3
696,1439,3
698,1057,3
698,1542,3
699,860,3
701,1375,3
702,1318,3
702,1453,3
703,877,3
703,1203,3
703,1237,3
703,1506,3
704,1586,3
705,1489,3
705,1515,3
706,1200,3
708,731,3
710,790,3
711,1272,3
712,975,3
712,1311,3
712,1331,3
713,902,3
714,1089,3
714,1102,3
716,1198,3
716,1513,3
718,817,3
719,1031,3
721,1290,3
722,1439,3
723,1204,3
723,1363,3
723,1574,3
725,977,3
726,1518,3
726,1596,3
727,1626,3
729,972,3
730,875,3
730,1154,3
730,1551,3
731,914,3
732,1102,3
732,1431,3
733,796,3
733,1314,3
733,1434,3
734,1144,3
734,1183,3
736,1045,3
736,1298,3
736,1390,3
736,1500,3
737,825,3
737,1437,3
738,1217,3
739,1226,3
741,1098,3
741,1480,3
742,1035,3
742,1185,3
742,1601,3
743,1222,3
744,767,3
745,941,3
745,1010,3
745,1120,3
747,796,3
747,1331,3
747,1439,3
748,1616,3
749,1159,3
749,1613,3
751,1043,3
751,1266,3
753,1203,3
753,1405,3
753,1477,3
754,1624,3
755,1153,3
757,1551,3
758,1258,3
760,1441,3
761,764,3
761,1192,3
762,1510,3
762,1547,3
763,1194,3
763,1318,3
765,1358,3
767,1079,3
768,812,3
768,1511,3
768,1547,3
770,1161,3
771,1412,3
773,1270,3
773,1515,3
774,1443,3
777,1534,3
778,852,3
779,1595,3
780,958,3
781,1383,3
781,1526,3
782,1210,3
785,1391,3
787,900,3
788,789,3
789,1435,3
790,1247,3
790,1350,3
791,1267,3
792,1040,3
792,1174,3
792,1421,3
793,1513,3
794,1489,3
796,1456,3
798,1429,3
800,1579,3
801,994,3
801,1612,3
804,1118,3
804,1366,3
807,1535,3
808,865,3
808,1030,3
809,1067,3
810,847,3
810,1258,3
810,1284,3
811,1051,3
816,835,3
816,1322,3
817,1161,3
817,1321,3
820,1208,3
821,1237,3
821,1351,3
822,958,3
822,1433,3
823,1241,3
824,1335,3
824,1353,3
825,1407,3
826,861,3
826,1257,3
828,934,3
829,1383,3
830,1344,3
830,1380,3
832,1597,3
833,999,3
833,1218,3
835,903,3
835,1640,3
836,1162,3
836,1191,3
837,1020,3
839,943,3
840,1535,3
841,1440,3
842,1391,3
843,1492,3
844,1545,3
845,1053,3
847,1549,3
850,877,3
850,1024,3
851,1396,3
853,1520,3
853,1563,3
855,1433,3
856,1379,3
858,1611,3
859,1362,3
861,975,3
862,1270,3
862,1354,3
863,909,3
865,1117,3
866,1100,3
867,881,3
867,1080,3
867,1139,3
869,1617,3
870,1500,3
870,1607,3
874,1207,3
874,1368,3
874,1484,3
881,944,3
881,964,3
883,1222,3
884,1155,3
884,1405,3
887,1441,3
887,1532,3
888,1533,3
891,905,3
891,1238,3
891,1302,3
892,1181,3
892,1358,3
892,1627,3
893,1036,3
893,1164,3
895,1570,3
896,1296,3
900,950,3
901,1568,3
902,1195,3
904,1380,3
904,1506,3
905,1270,3
905,1419,3
908,1016,3
908,1586,3
909,1639,3
912,1610,3
914,1246,3
916,1279,3
916,1428,3
916,1617,3
917,999,3
919,1324,3
920,1627,3
923,1311,3
927,1473,3
927,1634,3
929,986,3
930,1309,3
931,1098,3
932,1173,3
933,1615,3
934,943,3
934,1123,3
934,1453,3
936,954,3
938,1126,3
938,1404,3
939,1265,3
940,1092,3
941,1290,3
941,1313,3
942,1230,3
943,1335,3
943,1477,3
946,1002,3
946,1199,3
947,1252,3
947,1425,3
948,1600,3
950,1288,3
951,1172,3
952,1012,3
952,1144,3
952,1145,3
953,959,3
959,1187,3
960,1075,3
960,1507,3
964,1056,3
964,1219,3
965,1287,3
966,1070,3
966,1318,3
970,1259,3
972,1252,3
974,1524,3
974,1591,3
975,1426,3
975,1441,3
976,1434,3
977,1413,3
977,1457,3
977,1600,3
979,1031,3
979,1135,3
980,1018,3
980,1222,3
980,1604,3
981,1007,3
981,1252,3
981,1555,3
982,1174,3
982,1461,3
983,1097,3
984,1209,3
988,1324,3
990,1456,3
992,1427,3
992,1514,3
994,1114,3
995,1043,3
997,1428,3
998,1018,3
1000,1484,3
1000,1502,3
1002,1107,3
1003,1088,3
1007,1153,3
1007,1502,3
1008,1606,3
1010,1045,3
1010,1507,3
1010,1524,3
1011,1478,3
1012,1106,3
1013,1062,3
1013,1216,3
1013,1625,3
1014,1358,3
1014,1521,3
1015,1544,3
1017,1525,3
1023,1139,3
1024,1611,3
1025,1457,3
1029,1030,3
1029,1208,3
1030,1610,3
1035,1448,3
1036,1068,3
1038,1190,3
1042,1145,3
1044,1424,3
1047,1404,3
1047,1529,3
1049,1544,3
1052,1496,3
1056,1215,3
1056,1514,3
1058,1348,3
1060,1587,3
1062,1550,3
1063,1362,3
1063,1619,3
1064,1145,3
1065,1188,3
1066,1271,3
1066,1343,3
1067,1118,3
1067,1200,3
1070,1148,3
1070,1362,3
1073,1460,3
1075,1139,3
1075,1261,3
1075,1480,3
1077,1202,3
1077,1604,3
1078,1449,3
1079,1313,3
1080,1166,3
1081,1544,3
1082,1603,3
1083,1396,3
1083,1559,3
1085,1363,3
1088,1312,3
1090,1266,3
1094,1479,3
1095,1523,3
1096,1251,3
1097,1263,3
1097,1298,3
1097,1499,3
1099,1506,3
1099,1593,3
1103,1475,3
1104,1247,3
1104,1289,3
1105,1142,3
1109,1498,3
1110,1558,3
1112,1199,3
1113,1314,3
1113,1591,3
1114,1382,3
1117,1219,3
1118,1318,3
1118,1377,3
1119,1192,3
1119,1436,3
1121,1237,3
1121,1613,3
1123,1461,3
1123,1528,3
1124,1389,3
1129,1409,3
1130,1234,3
1131,1324,3
1132,1420,3
1132,1609,3
1135,1360,3
1143,1510,3
1143,1515,3
1145,1307,3
1146,1375,3
1148,1607,3
1149,1150,3
1151,1473,3
1151,1601,3
1153,1599,3
1154,1393,3
1157,1455,3
1159,1312,3
1160,1432,3
1162,1478,3
1166,1370,3
1171,1457,3
1173,1389,3
1174,1581,3
1181,1567,3
1183,1305,3
1183,1430,3
1184,1424,3
1189,1589,3
1190,1391,3
1191,1500,3
1192,1576,3
1193,1250,3
1194,1318,3
1194,1422,3
1200,1300,3
1203,1584,3
1208,1418,3
1208,1574,3
1214,1297,3
1214,1325,3
1214,1410,3
1216,1545,3
1219,1513,3
1220,1343,3
1221,1612,3
1223,1277,3
1224,1578,3
1225,1558,3
1227,1289,3
1227,1571,3
1228,1397,3
1229,1506,3
1232,1571,3
1234,1584,3
1235,1266,3
1235,1599,3
1237,1468,3
1241,1533,3
1249,1352,3
1251,1338,3
1254,1429,3
1256,1388,3
1257,1316,3
1257,1519,3
1258,1292,3
1260,1280,3
1261,1464,3
1262,1356,3
1270,1548,3
1270,1576,3
1271,1277,3
1275,1547,3
1277,1352,3
1280,1344,3
1281,1501,3
1281,1555,3
1283,1568,3
1285,1606,3
1296,1624,3
1297,1413,3
1298,1397,3
1298,1560,3
1299,1592,3
1299,1622,3
1304,1496,3
1306,1616,3
1311,1323,3
1314,1500,3
1319,1563,3
1319,1594,3
1321,1322,3
1321,1539,3
1323,1585,3
1325,1391,3
1326,1520,3
1326,1523,3
1327,1388,3
1327,1393,3
1329,1399,3
1330,1420,3
1332,1427,3
1333,1343,3
1336,1391,3
1336,1568,3
1337,1387,3
1341,1360,3
1355,1363,3
1355,1482,3
1355,1569,3
1356,1557,3
1357,1508,3
1358,1487,3
1358,1596,3
1359,1497,3
1362,1378,3
1362,1634,3
1363,1369,3
1366,1407,3
1367,1563,3
1367,1598,3
1371,1462,3
1378,1535,3
1381,1500,3
1381,1546,3
1384,1505,3
1386,1392,3
1391,1531,3
1396,1554,3
1396,1615,3
1404,1585,3
1408,1624,3
1416,1529,3
1420,1561,3
1423,1454,3
1428,1507,3
1433,1442,3
1436,1446,3
1439,1614,3
1461,1487,3
1475,1482,3
1479,1641,3
1481,1504,3
1482,1632,3
1488,1610,3
1494,1635,3
1497,1615,3
1501,1600,3
1511,1513,3
1514,1624,3
1521,1626,3
1525,1554,3
1546,1563,3
1559,1628,3
1572,1603,3
1573,1606,3
1574,1611,3
1577,1582,3
1588,1634,3
1591,1626,3
1610,1627,3
