0,131,3
0,166,1
0,200,1
0,290,1
0,498,1
0,598,3
0,848,1
0,918,1
0,935,1
0,987,1
0,988,1
0,1124,1
0,1129,1
0,1161,1
0,1301,1
0,1362,1
0,1426,1
1,26,1
1,295,3
1,433,3
1,662,1
1,701,1
1,1069,1
1,1152,1
1,1176,1
1,1220,1
1,1262,1
1,1277,1
1,1352,1
1,1414,1
1,1599,1
2,509,1
2,548,1
2,827,1
2,1251,1
2,1287,1
2,1395,3
2,1490,1
2,1491,1
2,1535,1
3,222,1
3,249,1
3,258,1
3,319,1
3,346,3
3,687,1
3,1228,3
3,1322,1
3,1340,1
3,1614,3
4,116,1
4,234,1
4,282,3
4,552,3
4,721,3
4,819,1
4,1403,3
5,495,1
5,612,3
5,1042,1
5,1231,1
5,1289,3
5,1400,1
5,1495,3
5,1529,3
6,326,1
6,1207,1
6,1536,1
7,22,1
7,179,1
7,204,1
7,284,1
7,345,1
7,399,1
7,484,1
7,555,1
7,562,1
7,568,3
7,581,1
7,590,1
7,772,1
7,776,1
7,778,1
7,822,1
7,842,1
7,936,1
7,940,1
7,973,1
7,1122,1
7,1159,1
7,1180,1
7,1210,3
7,1394,1
7,1458,1
7,1503,1
7,1575,3
8,290,3
9,210,1
9,298,1
9,482,3
9,497,1
9,994,1
9,1058,3
9,1084,1
9,1311,1
9,1318,3
10,175,1
10,279,1
10,314,1
10,316,1
10,318,1
10,381,1
10,389,1
10,390,1
10,437,1
10,464,1
10,489,1
10,516,1
10,529,1
10,642,1
10,683,1
10,698,1
10,705,1
10,746,1
10,772,3
10,828,1
10,866,1
10,895,1
10,906,1
10,925,1
10,932,3
10,951,1
10,969,1
10,973,3
10,981,1
10,993,3
10,996,1
10,1008,1
10,1022,1
10,1028,1
10,1047,1
10,1054,1
10,1134,1
10,1143,1
10,1221,1
10,1226,1
10,1234,1
10,1235,1
10,1237,1
10,1427,1
10,1469,1
10,1504,1
10,1532,1
10,1553,1
10,1554,1
10,1560,1
10,1580,1
10,1628,1
11,77,1
11,126,3
11,243,1
11,319,1
11,460,1
11,475,1
11,496,1
11,628,1
11,632,1
11,680,1
11,716,1
11,724,3
11,726,1
11,745,1
11,753,3
11,805,1
11,836,1
11,858,1
11,869,3
11,916,3
11,1188,1
11,1191,1
11,1204,1
11,1213,1
11,1225,1
11,1242,1
11,1585,1
12,22,1
12,34,1
12,47,3
12,211,1
12,241,1
12,242,1
12,300,1
12,339,3
12,370,1
12,386,1
12,404,1
12,409,1
12,431,1
12,458,1
12,490,1
12,583,1
12,644,1
12,645,1
12,654,1
12,673,1
12,721,1
12,748,1
12,749,1
12,753,1
12,804,1
12,832,1
12,869,1
12,930,1
12,976,1
12,1035,3
12,1095,1
12,1123,1
12,1260,1
12,1266,1
12,1288,1
12,1314,1
12,1326,1
12,1349,1
12,1355,1
12,1366,1
12,1373,1
12,1443,1
12,1463,1
12,1517,1
12,1527,1
12,1543,1
12,1571,1
12,1589,1
12,1609,1
12,1642,1
13,65,1
13,294,1
13,349,1
13,488,1
13,747,1
13,1597,1
14,215,1
14,233,3
14,289,1
14,500,3
14,716,3
14,914,1
14,932,1
14,1085,1
14,1222,3
14,1238,3
14,1401,1
15,82,3
15,108,1
15,114,1
15,118,1
15,307,1
15,315,1
15,328,1
15,444,1
15,525,1
15,686,1
15,757,1
15,824,1
15,852,1
15,867,3
15,887,1
15,1011,1
15,1054,3
15,1063,1
15,1133,1
15,1228,1
15,1240,1
15,1280,1
15,1282,1
15,1367,1
15,1377,1
15,1379,1
15,1439,1
15,1608,1
16,236,1
16,455,1
17,1031,3
17,1299,3
17,1466,3
17,1497,3
18,309,1
18,479,1
18,539,3
18,572,1
18,573,3
18,614,1
18,732,1
18,1111,3
18,1112,1
18,1272,1
18,1369,1
18,1498,3
19,135,1
19,844,1
19,860,1
19,1170,1
19,1497,3
19,1586,3
20,17,1
20,351,3
20,475,1
20,612,1
20,829,1
20,982,3
20,1416,3
20,1446,1
20,1606,1
21,252,1
21,333,1
21,375,1
21,513,1
21,1251,1
22,555,1
22,631,3
22,778,1
22,822,1
22,1106,1
22,1122,1
23,214,1
23,268,3
23,483,1
23,586,3
23,761,1
23,1255,1
23,1282,3
23,1436,1
23,1596,1
24,1029,1
24,1181,1
24,1453,1
24,1534,3
25,262,3
25,329,1
25,500,1
25,543,1
25,570,3
25,622,1
25,646,1
25,740,1
25,801,3
25,1298,1
25,1511,3
25,1603,1
26,1082,3
27,364,1
27,802,1
27,887,1
27,1182,1
27,1240,1
27,1249,1
27,1431,1
28,465,3
28,641,3
29,394,1
29,689,1
29,1122,1
29,1123,3
29,1307,1
29,1524,3
30,125,1
30,454,1
30,493,3
30,823,1
30,1167,1
30,1368,1
31,205,1
31,250,1
31,423,1
31,500,3
31,554,1
31,693,3
31,729,1
31,996,3
31,1013,1
31,1168,1
31,1210,1
31,1308,1
31,1315,1
31,1335,1
31,1341,1
31,1353,1
31,1481,3
31,1494,3
32,16,1
32,841,1
32,1248,1
32,1296,1
33,136,3
33,240,1
33,874,1
33,886,1
33,1157,1
33,1187,1
33,1342,1
33,1435,3
34,89,1
34,226,1
34,501,1
34,563,1
34,614,1
34,794,1
34,815,1
34,931,1
34,1106,1
34,1194,1
34,1305,1
34,1323,1
34,1565,1
34,1606,1
35,78,1
35,319,1
35,442,1
35,647,1
35,746,1
35,789,1
35,853,1
35,1016,3
35,1057,3
35,1148,1
35,1163,3
35,1618,1
36,178,1
36,247,1
36,248,1
36,263,1
36,301,1
36,363,3
36,421,1
36,516,3
36,519,3
36,542,1
36,635,1
36,795,1
36,815,1
36,841,1
36,950,1
36,955,1
36,974,1
36,1018,1
36,1031,3
36,1296,1
36,1363,1
37,197,1
37,285,1
37,341,1
37,526,1
37,671,3
37,787,1
37,840,1
37,1060,1
37,1233,1
37,1263,1
37,1443,3
37,1451,1
38,57,1
38,64,3
38,249,1
38,391,1
38,602,1
38,666,1
38,793,1
38,943,1
38,965,3
38,1033,1
38,1046,1
38,1261,1
38,1570,1
39,428,3
39,1547,3
40,168,1
40,273,1
40,683,1
40,734,3
40,1007,1
40,1060,1
40,1065,1
40,1207,3
40,1221,1
40,1349,1
40,1532,1
41,187,1
41,277,1
41,318,1
41,607,1
41,821,1
41,841,1
41,936,3
41,1114,1
41,1480,3
42,4,1
42,202,1
42,244,1
42,342,1
42,431,1
42,498,1
42,522,1
42,567,1
42,602,1
42,643,1
42,666,1
42,693,1
42,710,1
42,793,1
42,882,1
42,886,1
42,890,1
42,933,1
42,942,1
42,1002,1
42,1033,1
42,1113,1
42,1201,1
42,1202,1
42,1222,1
42,1238,1
42,1330,1
42,1378,1
42,1383,1
42,1402,1
42,1500,1
42,1584,1
42,1588,1
42,1600,1
42,1614,1
43,115,3
43,160,1
43,207,1
43,271,3
43,313,1
43,327,1
43,367,1
43,383,1
43,392,1
43,485,1
43,518,1
43,574,1
43,596,1
43,616,1
43,637,1
43,649,1
43,747,1
43,820,1
43,856,1
43,867,1
43,942,1
43,946,1
43,953,1
43,993,1
43,1004,1
43,1014,1
43,1032,1
43,1044,1
43,1192,1
43,1289,1
43,1324,1
43,1392,1
43,1479,1
43,1481,1
43,1489,1
43,1492,1
43,1511,1
43,1568,1
43,1630,1
44,456,1
44,623,1
44,729,1
44,739,1
44,1138,1
44,1139,1
44,1406,1
44,1473,3
44,1590,1
44,1591,1
45,971,3
46,867,3
46,1362,3
46,1600,3
47,201,1
47,252,1
47,295,1
47,305,1
47,354,1
47,397,1
47,441,1
47,461,1
47,517,1
47,536,1
47,584,1
47,592,1
47,599,1
47,604,1
47,658,1
47,697,1
47,699,1
47,710,1
47,715,1
47,718,1
47,834,1
47,839,1
47,846,1
47,954,1
47,964,1
47,971,1
47,980,1
47,1005,1
47,1015,1
47,1087,1
47,1098,1
47,1102,1
47,1119,1
47,1177,1
47,1183,1
47,1250,1
47,1316,1
47,1318,1
47,1360,1
47,1365,1
47,1390,1
47,1397,1
47,1410,1
47,1418,1
47,1487,1
47,1528,1
47,1534,1
47,1552,1
47,1556,1
47,1575,1
47,1587,1
48,118,1
48,281,1
48,428,3
48,463,3
48,674,1
48,795,1
48,883,1
48,977,1
48,1173,3
48,1239,1
48,1362,1
48,1455,3
48,1470,1
48,1502,1
49,128,1
49,233,1
49,783,1
49,1146,1
49,1205,1
49,1345,1
49,1361,1
49,1384,1
49,1465,1
49,1594,1
49,1617,1
50,141,1
50,241,3
50,287,1
50,334,1
50,428,1
50,606,1
50,619,1
50,641,1
50,851,1
50,855,1
50,942,1
50,1180,3
50,1279,3
50,1459,1
50,1548,1
51,77,1
51,164,1
51,178,1
51,247,1
51,263,1
51,363,1
51,391,1
51,421,1
51,432,1
51,462,1
51,478,1
51,576,1
51,635,1
51,665,3
51,690,1
51,766,1
51,795,1
51,836,1
51,841,1
51,955,1
51,974,1
51,997,1
51,1018,1
51,1061,1
51,1170,1
51,1203,1
51,1211,1
51,1264,1
51,1363,1
51,1390,3
51,1462,1
51,1611,1
52,234,3
52,310,1
52,488,3
52,559,1
52,703,1
52,1068,1
52,1274,1
53,942,1
53,971,3
54,344,3
54,914,1
54,932,1
54,942,3
54,1085,1
54,1378,3
55,565,3
55,679,3
55,885,3
55,1180,3
56,209,1
56,223,1
56,730,1
56,1320,1
56,1423,1
56,1557,1
57,255,1
57,318,1
57,358,1
57,365,1
57,438,1
57,466,1
57,713,1
57,897,1
57,1110,1
57,1164,1
57,1253,3
57,1315,1
57,1422,1
57,1576,1
57,1618,3
58,117,1
58,163,3
58,172,3
58,229,1
58,293,1
58,369,1
58,443,1
58,451,1
58,604,1
58,712,1
58,798,1
58,1021,1
58,1156,1
58,1380,1
58,1516,1
59,329,3
60,1552,3
61,359,1
61,493,1
61,562,3
61,816,1
61,901,1
61,1361,3
62,351,1
62,402,1
62,833,1
62,847,3
62,910,1
62,1065,1
62,1117,1
62,1149,1
62,1158,1
62,1254,3
62,1275,1
62,1398,3
62,1449,1
63,117,1
63,614,1
63,630,1
63,802,1
63,931,1
64,200,1
64,334,3
64,900,1
64,1305,1
64,1357,3
65,249,1
65,520,1
65,549,1
65,744,1
65,800,1
65,888,1
65,1086,1
65,1167,1
65,1218,1
65,1249,1
65,1406,3
65,1417,1
66,701,3
66,861,3
67,145,3
67,253,1
67,397,1
67,470,1
67,510,1
67,520,1
67,844,1
67,908,1
67,975,1
67,977,3
67,1126,1
67,1268,1
67,1325,3
67,1360,1
67,1452,1
68,254,1
68,678,1
68,892,1
68,1219,1
68,1291,3
68,1490,1
68,1505,1
68,1620,1
69,114,1
69,118,1
69,403,3
69,537,3
69,557,3
69,1312,3
69,1415,1
70,44,1
70,103,1
70,198,3
70,207,1
70,459,1
70,470,1
70,694,3
70,755,1
70,935,1
70,945,1
70,987,1
70,989,1
70,1124,1
70,1273,1
70,1419,1
70,1529,1
71,198,3
71,247,1
71,357,1
72,402,1
72,457,1
72,464,3
72,532,1
72,960,1
72,1452,1
72,1604,1
73,51,1
73,146,3
73,366,3
73,529,1
73,563,3
73,620,1
73,897,1
73,947,1
73,974,1
73,1533,3
74,102,1
74,221,1
74,235,1
74,335,1
74,645,1
74,949,1
74,956,1
74,1294,1
74,1523,1
74,1537,1
74,1538,1
74,1545,1
74,1639,1
75,194,1
75,195,1
75,312,1
75,440,1
75,896,1
75,1006,1
75,1088,3
75,1260,3
75,1471,1
75,1497,1
76,114,1
76,118,1
76,1540,3
76,1564,1
77,64,1
77,91,1
77,114,1
77,118,1
77,237,1
77,239,1
77,243,1
77,257,1
77,261,1
77,291,1
77,369,1
77,384,1
77,412,1
77,414,1
77,446,1
77,451,1
77,475,1
77,510,1
77,512,1
77,519,1
77,538,1
77,539,1
77,557,1
77,564,1
77,585,1
77,587,1
77,593,1
77,618,1
77,628,1
77,639,1
77,650,1
77,675,1
77,688,1
77,691,1
77,696,1
77,726,1
77,767,1
77,858,1
77,868,1
77,892,1
77,893,1
77,912,1
77,923,1
77,948,1
77,1000,1
77,1010,1
77,1012,1
77,1021,1
77,1045,1
77,1061,1
77,1067,1
77,1093,1
77,1097,1
77,1120,3
77,1153,1
77,1156,1
77,1188,1
77,1212,1
77,1284,1
77,1293,1
77,1310,1
77,1321,1
77,1332,1
77,1335,1
77,1340,3
77,1356,1
77,1363,1
77,1385,1
77,1398,1
77,1406,1
77,1455,1
77,1519,1
77,1525,1
77,1526,1
77,1539,1
77,1558,1
77,1579,1
77,1582,1
77,1585,1
77,1615,1
77,1616,1
78,93,1
78,956,1
78,1198,1
79,155,1
79,383,3
79,433,1
79,506,1
79,651,1
79,802,3
79,1224,1
79,1414,1
79,1506,1
80,169,1
80,356,3
80,725,3
80,1162,1
81,229,1
81,803,1
81,807,3
81,810,1
81,1343,3
81,1357,1
81,1411,1
81,1459,3
82,67,1
82,218,1
82,246,1
82,552,1
82,590,1
82,632,1
82,655,3
82,698,3
82,704,1
82,773,1
82,776,1
82,818,1
82,884,1
82,908,1
82,1078,3
82,1213,1
82,1270,1
82,1453,1
82,1454,1
82,1626,1
83,2,1
83,31,1
83,33,1
83,41,1
83,71,1
83,98,1
83,100,1
83,128,1
83,138,1
83,149,1
83,152,1
83,155,1
83,175,1
83,183,1
83,195,1
83,205,1
83,216,1
83,219,1
83,224,1
83,227,1
83,229,1
83,251,1
83,253,1
83,260,1
83,265,1
83,267,1
83,269,1
83,275,1
83,279,1
83,283,1
83,286,1
83,289,1
83,291,1
83,292,1
83,314,1
83,330,1
83,336,1
83,341,1
83,342,1
83,347,1
83,353,1
83,362,1
83,368,1
83,371,1
83,376,1
83,387,1
83,393,1
83,410,1
83,417,1
83,423,1
83,426,1
83,430,1
83,437,1
83,440,1
83,446,1
83,453,1
83,463,1
83,466,1
83,472,1
83,473,1
83,489,1
83,492,1
83,502,1
83,504,1
83,505,1
83,509,1
83,510,1
83,522,1
83,523,1
83,529,1
83,533,1
83,539,1
83,540,1
83,541,1
83,544,1
83,554,1
83,555,1
83,560,1
83,568,1
83,589,1
83,591,1
83,598,1
83,601,1
83,613,1
83,615,1
83,627,1
83,643,1
83,656,1
83,659,1
83,661,1
83,663,1
83,675,1
83,684,1
83,687,1
83,691,1
83,694,1
83,696,1
83,698,1
83,722,1
83,724,1
83,728,1
83,731,1
83,735,1
83,765,1
83,770,1
83,774,1
83,777,1
83,781,1
83,783,1
83,792,1
83,807,1
83,810,1
83,811,1
83,813,1
83,817,1
83,822,1
83,827,1
83,828,1
83,838,1
83,843,1
83,849,1
83,850,1
83,858,1
83,859,1
83,862,1
83,866,1
83,871,1
83,880,1
83,885,1
83,889,1
83,891,1
83,894,1
83,925,1
83,934,1
83,938,1
83,951,1
83,952,1
83,963,1
83,965,1
83,978,1
83,984,1
83,996,1
83,1009,1
83,1013,1
83,1016,1
83,1032,1
83,1042,1
83,1043,1
83,1050,1
83,1054,1
83,1055,1
83,1071,1
83,1075,1
83,1077,1
83,1079,1
83,1103,1
83,1113,1
83,1116,1
83,1130,1
83,1144,1
83,1152,1
83,1153,1
83,1159,1
83,1168,1
83,1171,1
83,1187,1
83,1194,1
83,1202,1
83,1204,1
83,1220,1
83,1226,1
83,1229,1
83,1232,1
83,1235,1
83,1237,1
83,1243,1
83,1244,1
83,1245,1
83,1249,1
83,1251,1
83,1262,1
83,1274,1
83,1277,1
83,1281,1
83,1283,1
83,1287,1
83,1290,1
83,1303,1
83,1306,1
83,1309,1
83,1315,1
83,1324,1
83,1325,1
83,1327,1
83,1329,1
83,1331,1
83,1341,1
83,1342,1
83,1346,1
83,1348,1
83,1353,1
83,1356,1
83,1357,1
83,1367,1
83,1374,1
83,1375,1
83,1376,1
83,1380,1
83,1389,1
83,1401,1
83,1406,1
83,1412,1
83,1413,1
83,1420,1
83,1427,1
83,1445,1
83,1448,1
83,1460,1
83,1461,1
83,1468,1
83,1470,1
83,1477,1
83,1481,1
83,1484,1
83,1489,1
83,1491,1
83,1496,1
83,1497,1
83,1504,1
83,1508,1
83,1510,1
83,1515,1
83,1518,1
83,1535,1
83,1539,1
83,1542,1
83,1547,1
83,1555,1
83,1557,1
83,1558,1
83,1569,1
83,1576,1
83,1578,1
83,1582,1
83,1599,1
83,1600,1
83,1601,1
83,1613,1
83,1615,1
83,1623,1
83,1625,1
83,1628,1
83,1630,1
83,1632,1
84,391,3
84,686,3
84,813,1
85,112,1
85,238,1
85,835,1
85,854,1
85,862,1
85,897,1
85,1128,1
85,1191,3
85,1282,1
86,419,1
86,538,1
86,902,1
86,1062,1
86,1183,1
86,1332,1
86,1357,3
86,1359,1
86,1378,1
86,1580,3
87,79,1
87,144,3
87,160,1
87,268,1
87,415,1
87,506,1
87,508,1
87,638,1
87,743,1
87,800,3
87,847,1
87,943,1
87,947,1
87,1107,1
87,1125,1
87,1350,1
87,1506,1
88,128,3
88,1391,3
88,1497,3
89,431,3
89,563,1
89,1090,1
89,1120,1
89,1247,1
90,142,1
90,306,1
90,322,1
90,324,1
90,553,1
90,617,1
90,799,1
90,863,1
90,1133,1
90,1236,1
90,1263,1
90,1291,1
90,1391,1
90,1475,1
90,1604,1
90,1633,1
91,219,1
91,340,1
91,355,1
91,357,1
91,360,1
91,405,1
91,422,1
91,435,1
91,501,1
91,507,1
91,527,1
91,553,1
91,737,1
91,779,1
91,810,1
91,864,1
91,983,1
91,991,1
91,1038,1
91,1059,1
91,1060,3
91,1120,1
91,1140,1
91,1268,1
91,1286,1
91,1295,1
91,1307,3
91,1357,1
91,1429,1
91,1524,1
91,1549,1
91,1558,3
91,1595,1
91,1606,1
92,916,1
92,918,3
92,1142,1
92,1636,1
93,189,3
93,431,1
93,974,3
93,1295,1
93,1549,1
94,198,1
94,199,1
94,220,1
94,234,1
94,241,1
94,306,1
94,374,1
94,401,1
94,458,1
94,469,1
94,551,1
94,749,1
94,995,1
94,1019,1
94,1025,1
94,1051,1
94,1072,1
94,1105,1
94,1106,1
94,1132,1
94,1155,1
94,1169,1
94,1217,1
94,1223,1
94,1260,1
94,1295,1
94,1366,1
94,1430,1
94,1443,1
94,1454,1
95,109,1
95,281,1
95,494,1
95,847,1
95,883,1
95,1115,1
95,1364,3
95,1480,1
96,419,1
96,471,1
96,545,3
96,903,1
96,1017,1
96,1063,1
96,1092,1
96,1160,1
96,1175,1
96,1189,1
96,1522,1
96,1566,1
96,1594,3
97,15,1
97,307,1
97,439,1
97,530,1
97,709,1
97,762,1
97,1166,1
97,1514,1
98,340,3
98,506,1
98,597,3
98,823,1
98,1040,1
98,1193,3
98,1205,1
98,1388,1
98,1396,1
98,1440,1
98,1465,1
98,1533,1
98,1606,3
99,5,1
99,115,1
99,211,1
99,220,1
99,301,1
99,370,1
99,409,1
99,474,1
99,516,1
99,588,1
99,603,1
99,605,1
99,644,1
99,672,1
99,773,1
99,779,1
99,791,1
99,832,1
99,841,1
99,901,1
99,936,3
99,947,1
99,955,1
99,1018,1
99,1101,1
99,1164,1
99,1259,3
99,1284,1
99,1288,1
99,1296,1
99,1349,1
99,1425,1
99,1523,1
99,1593,1
99,1639,1
100,316,1
100,349,1
100,372,1
100,389,1
100,746,1
100,770,1
100,859,1
100,909,1
100,963,1
100,1071,1
100,1079,1
100,1134,1
100,1222,1
100,1342,1
100,1445,1
100,1469,1
100,1477,1
100,1484,1
100,1554,1
101,1188,1
102,150,3
102,202,1
102,817,3
102,1251,3
102,1318,3
103,1441,1
104,392,1
104,405,1
104,510,1
104,1246,1
105,543,1
105,784,1
105,1353,3
105,1395,1
106,511,1
106,558,1
106,629,1
106,1044,3
106,1510,1
106,1622,1
107,775,3
107,826,1
107,1115,3
107,1316,3
107,1588,1
107,1610,1
108,210,1
108,315,1
108,483,1
108,548,1
108,607,1
108,797,1
108,1108,1
108,1198,3
108,1254,1
108,1405,1
108,1477,3
109,100,1
109,107,1
109,177,1
109,180,1
109,186,1
109,196,1
109,217,1
109,228,1
109,276,1
109,316,1
109,331,1
109,336,1
109,376,1
109,378,1
109,389,1
109,393,1
109,410,1
109,420,1
109,454,1
109,505,1
109,510,1
109,526,1
109,565,1
109,566,1
109,598,1
109,631,1
109,653,1
109,681,1
109,726,1
109,746,1
109,752,1
109,753,1
109,765,1
109,767,3
109,780,1
109,813,1
109,876,1
109,885,1
109,906,1
109,909,1
109,917,1
109,958,1
109,968,1
109,1020,1
109,1073,1
109,1077,1
109,1082,1
109,1144,1
109,1155,1
109,1191,1
109,1192,1
109,1229,1
109,1241,1
109,1279,1
109,1312,1
109,1328,1
109,1350,1
109,1387,1
109,1393,1
109,1420,1
109,1444,1
109,1469,1
109,1472,1
109,1494,1
109,1498,1
109,1509,1
109,1512,1
109,1531,1
109,1554,1
109,1623,1
109,1624,1
109,1631,1
110,137,3
110,314,1
110,380,1
110,437,1
110,547,1
110,698,1
110,817,1
110,1628,1
111,121,3
111,163,1
111,269,1
111,438,1
111,517,3
111,653,3
111,878,1
111,1145,1
111,1292,1
111,1527,3
112,299,1
112,417,1
112,1521,1
114,223,1
114,265,1
114,279,1
114,296,1
114,348,1
114,372,1
114,373,1
114,377,1
114,406,1
114,448,1
114,464,1
114,494,1
114,497,3
114,521,1
114,537,1
114,556,1
114,586,1
114,597,1
114,640,1
114,648,1
114,664,1
114,668,1
114,687,3
114,708,1
114,753,1
114,768,1
114,808,1
114,856,1
114,865,1
114,885,1
114,895,1
114,910,1
114,951,1
114,1008,1
114,1026,1
114,1041,1
114,1054,1
114,1074,1
114,1078,1
114,1115,1
114,1127,1
114,1136,1
114,1141,1
114,1143,1
114,1151,1
114,1152,1
114,1172,1
114,1198,1
114,1229,1
114,1262,1
114,1317,1
114,1339,1
114,1359,1
114,1374,1
114,1393,1
114,1409,1
114,1420,1
114,1427,1
114,1437,1
114,1480,1
114,1498,1
114,1504,1
114,1529,1
114,1573,1
114,1635,1
114,1637,1
114,1638,1
115,108,1
115,277,3
115,292,1
115,315,1
115,382,1
115,656,1
115,856,1
115,1124,1
115,1460,1
115,1518,1
116,486,1
116,577,1
116,1094,1
116,1206,1
116,1342,3
116,1371,1
116,1495,1
117,380,3
117,442,1
117,584,1
117,647,1
117,791,1
117,853,1
117,1148,1
117,1618,1
118,200,1
118,265,1
118,348,1
118,372,1
118,373,1
118,377,1
118,489,1
118,494,1
118,521,1
118,537,1
118,556,1
118,640,1
118,648,1
118,708,1
118,753,1
118,768,1
118,808,1
118,850,1
118,865,1
118,866,1
118,885,1
118,910,1
118,951,1
118,996,1
118,1041,1
118,1078,1
118,1127,1
118,1136,1
118,1143,1
118,1151,1
118,1152,1
118,1172,1
118,1198,1
118,1220,1
118,1222,1
118,1229,1
118,1234,1
118,1235,1
118,1237,1
118,1262,1
118,1339,1
118,1359,1
118,1374,1
118,1409,1
118,1420,1
118,1425,1
118,1427,1
118,1446,1
118,1472,1
118,1480,1
118,1498,1
118,1529,1
118,1573,1
118,1638,1
119,1,1
119,2,1
119,4,1
119,11,1
119,12,1
119,18,1
119,26,1
119,38,1
119,48,1
119,57,1
119,61,1
119,72,1
119,79,1
119,87,1
119,96,1
119,108,1
119,112,1
119,114,1
119,118,1
119,125,1
119,128,1
119,134,1
119,136,1
119,141,1
119,149,1
119,151,1
119,155,1
119,163,1
119,164,1
119,178,1
119,188,1
119,192,1
119,194,1
119,195,1
119,199,1
202,119,0
205,119,0
209,119,0
226,119,0
230,119,0
231,119,0
234,119,0
237,119,0
238,119,0
240,119,0
244,119,0
250,119,0
253,119,0
256,119,0
273,119,0
287,119,0
291,119,0
293,119,0
299,119,0
302,119,0
312,119,0
315,119,0
320,119,0
331,119,0
333,119,0
334,119,0
342,119,0
344,119,0
349,119,0
358,119,0
361,119,0
365,119,0
374,119,0
385,119,0
391,119,0
395,119,0
402,119,0
405,119,0
411,119,0
419,119,0
423,119,0
428,119,0
433,119,0
442,119,0
444,119,0
446,119,0
454,119,0
457,119,0
467,119,0
471,119,0
477,119,0
481,119,0
486,119,0
491,119,0
493,119,0
494,119,0
495,119,0
500,119,0
503,119,0
509,119,0
515,119,0
528,119,0
531,119,0
538,119,0
539,119,0
543,119,0
546,119,0
551,119,0
553,119,0
554,119,0
570,119,0
119,571,3
576,119,0
578,119,0
587,119,0
600,119,0
602,119,0
606,119,0
609,119,0
611,119,0
614,119,0
619,119,0
626,119,0
630,119,0
119,631,3
641,119,0
642,119,0
647,119,0
652,119,0
655,119,0
658,119,0
662,119,0
666,119,0
669,119,0
674,119,0
675,119,0
676,119,0
677,119,0
683,119,0
685,119,0
696,119,0
705,119,0
711,119,0
713,119,0
714,119,0
721,119,0
723,119,0
727,119,0
730,119,0
738,119,0
739,119,0
754,119,0
756,119,0
764,119,0
769,119,0
770,119,0
788,119,0
789,119,0
793,119,0
802,119,0
807,119,0
812,119,0
819,119,0
823,119,0
827,119,0
830,119,0
844,119,0
847,119,0
848,119,0
851,119,0
853,119,0
854,119,0
855,119,0
857,119,0
859,119,0
861,119,0
863,119,0
868,119,0
877,119,0
879,119,0
883,119,0
886,119,0
893,119,0
896,119,0
897,119,0
898,119,0
901,119,0
903,119,0
912,119,0
914,119,0
920,119,0
923,119,0
927,119,0
928,119,0
929,119,0
933,119,0
943,119,0
944,119,0
950,119,0
957,119,0
959,119,0
960,119,0
962,119,0
966,119,0
970,119,0
979,119,0
986,119,0
988,119,0
990,119,0
995,119,0
1003,119,0
1006,119,0
1007,119,0
1010,119,0
1013,119,0
1017,119,0
1022,119,0
1023,119,0
1029,119,0
1033,119,0
1034,119,0
1040,119,0
1044,119,0
1046,119,0
1065,119,0
1069,119,0
1080,119,0
1085,119,0
1092,119,0
1100,119,0
1106,119,0
1107,119,0
1109,119,0
1110,119,0
1115,119,0
1117,119,0
1121,119,0
1132,119,0
1138,119,0
1142,119,0
1148,119,0
1149,119,0
1153,119,0
1158,119,0
1160,119,0
1163,119,0
1169,119,0
1181,119,0
1185,119,0
1186,119,0
1187,119,0
1189,119,0
1193,119,0
1194,119,0
1196,119,0
1197,119,0
1200,119,0
1202,119,0
1206,119,0
1210,119,0
1217,119,0
1220,119,0
1221,119,0
1224,119,0
1236,119,0
1238,119,0
1239,119,0
1246,119,0
1251,119,0
1261,119,0
1263,119,0
1274,119,0
1280,119,0
1284,119,0
1287,119,0
1291,119,0
1293,119,0
1305,119,0
1306,119,0
1310,119,0
1315,119,0
1319,119,0
1320,119,0
1321,119,0
1323,119,0
1331,119,0
1334,119,0
1342,119,0
1350,119,0
1356,119,0
1363,119,0
1368,119,0
1371,119,0
1382,119,0
1384,119,0
1391,119,0
1396,119,0
1400,119,0
1413,119,0
1414,119,0
1421,119,0
1423,119,0
119,1436,3
1438,119,0
1442,119,0
1445,119,0
1454,119,0
1456,119,0
1457,119,0
1459,119,0
1464,119,0
1471,119,0
1475,119,0
1477,119,0
1478,119,0
1480,119,0
1495,119,0
1500,119,0
1506,119,0
1513,119,0
1515,119,0
1522,119,0
1526,119,0
1532,119,0
1544,119,0
1546,119,0
1551,119,0
1553,119,0
1555,119,0
1558,119,0
1565,119,0
1566,119,0
1568,119,0
1569,119,0
1570,119,0
1579,119,0
1582,119,0
1584,119,0
1591,119,0
1599,119,0
1604,119,0
1607,119,0
1612,119,0
1616,119,0
1618,119,0
1621,119,0
1629,119,0
1633,119,0
1636,119,0
1639,119,0
1640,119,0
1641,119,0
9,120,0
105,120,0
128,120,0
130,120,0
151,120,0
216,120,0
235,120,0
250,120,0
253,120,0
267,120,0
270,120,0
271,120,0
291,120,0
307,120,0
309,120,0
333,120,0
335,120,0
336,120,0
347,120,0
366,120,0
391,120,0
409,120,0
422,120,0
440,120,0
442,120,0
446,120,0
453,120,0
473,120,0
479,120,0
495,120,0
514,120,0
520,120,0
539,120,0
549,120,0
568,120,0
572,120,0
580,120,0
592,120,0
644,120,0
657,120,0
661,120,0
662,120,0
675,120,0
687,120,0
693,120,0
696,120,0
722,120,0
730,120,0
732,120,0
759,120,0
765,120,0
774,120,0
777,120,0
784,120,0
789,120,0
832,120,0
843,120,0
849,120,0
886,120,0
954,120,0
972,120,0
1009,120,0
1013,120,0
1016,120,0
1042,120,0
1043,120,0
1047,120,0
1058,120,0
1064,120,0
1113,120,0
1116,120,0
1148,120,0
1152,120,0
1153,120,0
1167,120,0
1168,120,0
1208,120,0
1210,120,0
1214,120,0
1218,120,0
1220,120,0
1231,120,0
1232,120,0
1262,120,0
1281,120,0
1294,120,0
1309,120,0
1321,120,0
1331,120,0
120,1339,3
1341,120,0
1346,120,0
1349,120,0
1363,120,0
1369,120,0
1376,120,0
1378,120,0
1398,120,0
1400,120,0
1401,120,0
1412,120,0
1416,120,0
1417,120,0
1454,120,0
1476,120,0
1539,120,0
1542,120,0
1545,120,0
1557,120,0
1558,120,0
120,1576,3
1578,120,0
1601,120,0
1616,120,0
1618,120,0
1619,120,0
1632,120,0
1638,120,0
1639,120,0
108,121,0
114,121,0
118,121,0
161,121,0
315,121,0
757,121,0
795,121,0
1190,121,0
1216,121,0
1581,121,0
1639,121,0
415,122,0
508,122,0
515,122,0
723,122,0
926,122,0
970,122,0
122,1072,3
122,1216,3
122,1247,3
1546,122,0
123,859,3
123,1058,3
124,127,3
124,391,3
620,124,0
682,124,0
805,124,0
1124,124,0
15,125,0
186,125,0
396,125,0
671,125,0
702,125,0
783,125,0
823,125,0
922,125,0
930,125,0
948,125,0
991,125,0
1040,125,0
1049,125,0
1194,125,0
1205,125,0
1265,125,0
1305,125,0
1321,125,0
1356,125,0
1476,125,0
1539,125,0
1558,125,0
1617,125,0
1620,125,0
259,126,0
352,126,0
438,126,0
465,126,0
1218,126,0
126,1263,3
30,127,0
125,127,0
251,127,0
285,127,0
326,127,0
623,127,0
670,127,0
1258,127,0
1466,127,0
127,1511,3
127,1512,3
289,128,0
624,128,0
751,128,0
874,128,0
128,913,3
1083,128,0
1128,128,0
1202,128,0
1265,128,0
1266,128,0
1368,128,0
1396,128,0
1465,128,0
1533,128,0
1617,128,0
270,129,0
436,129,0
643,129,0
129,1378,3
270,130,0
130,742,3
850,130,0
1241,130,0
130,1596,3
130,1624,3
61,131,0
131,267,3
482,131,0
830,131,0
131,940,3
131,1061,3
1082,131,0
1163,131,0
131,1339,3
1583,131,0
13,132,0
98,132,0
128,132,0
211,132,0
370,132,0
409,132,0
132,814,3
832,132,0
892,132,0
985,132,0
1288,132,0
1295,132,0
1349,132,0
1549,132,0
1597,132,0
14,133,0
84,133,0
152,133,0
400,133,0
425,133,0
513,133,0
133,926,3
932,133,0
998,133,0
1024,133,0
1085,133,0
1352,133,0
1541,133,0
494,134,0
674,134,0
847,134,0
883,134,0
134,971,3
1115,134,0
1480,134,0
1498,134,0
14,135,0
15,135,0
31,135,0
62,135,0
114,135,0
118,135,0
133,135,0
161,135,0
185,135,0
241,135,0
272,135,0
317,135,0
320,135,0
338,135,0
379,135,0
398,135,0
403,135,0
415,135,0
416,135,0
424,135,0
430,135,0
447,135,0
468,135,0
480,135,0
559,135,0
564,135,0
607,135,0
610,135,0
614,135,0
620,135,0
629,135,0
630,135,0
657,135,0
674,135,0
676,135,0
686,135,0
702,135,0
720,135,0
725,135,0
742,135,0
745,135,0
749,135,0
772,135,0
783,135,0
790,135,0
795,135,0
802,135,0
831,135,0
868,135,0
881,135,0
902,135,0
905,135,0
936,135,0
940,135,0
1027,135,0
1088,135,0
1091,135,0
1095,135,0
1111,135,0
1113,135,0
1118,135,0
1131,135,0
1147,135,0
1150,135,0
1158,135,0
1187,135,0
1202,135,0
1205,135,0
1207,135,0
1257,135,0
1260,135,0
1265,135,0
1271,135,0
1297,135,0
1299,135,0
1323,135,0
1327,135,0
1351,135,0
1352,135,0
1370,135,0
1372,135,0
1393,135,0
1429,135,0
1441,135,0
1449,135,0
1465,135,0
1472,135,0
1476,135,0
1483,135,0
1486,135,0
1498,135,0
1499,135,0
1507,135,0
1508,135,0
1510,135,0
1536,135,0
1550,135,0
1561,135,0
1562,135,0
1563,135,0
1600,135,0
1617,135,0
1,136,0
331,136,0
136,408,3
609,136,0
136,635,3
705,136,0
754,136,0
927,136,0
1221,136,0
1532,136,0
214,137,0
222,137,0
230,137,0
137,420,3
137,586,3
619,137,0
877,137,0
1080,137,0
1121,137,0
1186,137,0
1319,137,0
1382,137,0
1457,137,0
1464,137,0
1513,137,0
137,1603,3
1640,137,0
404,138,0
735,138,0
138,789,3
138,860,3
1367,138,0
1389,138,0
138,1587,3
675,139,0
711,139,0
959,139,0
988,139,0
1003,139,0
1393,139,0
1404,139,0
1532,139,0
2,140,0
84,140,0
100,140,0
114,140,0
118,140,0
121,140,0
170,140,0
216,140,0
243,140,0
254,140,0
275,140,0
282,140,0
290,140,0
292,140,0
304,140,0
309,140,0
316,140,0
318,140,0
324,140,0
328,140,0
342,140,0
347,140,0
362,140,0
375,140,0
387,140,0
389,140,0
393,140,0
415,140,0
429,140,0
446,140,0
474,140,0
479,140,0
480,140,0
484,140,0
509,140,0
529,140,0
545,140,0
562,140,0
572,140,0
591,140,0
612,140,0
617,140,0
619,140,0
628,140,0
645,140,0
656,140,0
678,140,0
696,140,0
711,140,0
719,140,0
726,140,0
728,140,0
731,140,0
745,140,0
746,140,0
754,140,0
757,140,0
765,140,0
771,140,0
774,140,0
777,140,0
778,140,0
795,140,0
813,140,0
821,140,0
822,140,0
845,140,0
849,140,0
850,140,0
872,140,0
877,140,0
886,140,0
900,140,0
909,140,0
913,140,0
925,140,0
933,140,0
949,140,0
959,140,0
976,140,0
988,140,0
990,140,0
1009,140,0
1013,140,0
1042,140,0
1043,140,0
1056,140,0
1062,140,0
1080,140,0
1088,140,0
1106,140,0
1111,140,0
1121,140,0
1122,140,0
1134,140,0
1147,140,0
1154,140,0
1159,140,0
1180,140,0
1188,140,0
1191,140,0
1193,140,0
1194,140,0
1195,140,0
1201,140,0
1202,140,0
1210,140,0
1219,140,0
1229,140,0
1236,140,0
1238,140,0
1249,140,0
1263,140,0
1272,140,0
1275,140,0
1277,140,0
1282,140,0
1291,140,0
1300,140,0
1309,140,0
1315,140,0
1319,140,0
1326,140,0
1331,140,0
1341,140,0
1351,140,0
1363,140,0
1369,140,0
1391,140,0
1403,140,0
1404,140,0
1420,140,0
1460,140,0
1469,140,0
1481,140,0
1489,140,0
1490,140,0
1491,140,0
1505,140,0
1513,140,0
1518,140,0
1535,140,0
1536,140,0
1599,140,0
1620,140,0
1630,140,0
1632,140,0
1633,140,0
1640,140,0
72,141,0
287,141,0
334,141,0
442,141,0
141,470,3
606,141,0
641,141,0
141,798,3
855,141,0
141,900,3
141,1006,3
141,1172,3
1496,141,0
34,142,0
266,142,0
325,142,0
747,142,0
1084,142,0
1267,142,0
1493,142,0
1560,142,0
243,143,0
249,143,0
279,143,0
428,143,0
143,454,3
489,143,0
549,143,0
550,143,0
569,143,0
628,143,0
723,143,0
726,143,0
744,143,0
888,143,0
895,143,0
941,143,0
1086,143,0
1143,143,0
1191,143,0
1235,143,0
143,1298,3
1427,143,0
1434,143,0
1585,143,0
355,144,0
144,565,3
613,144,0
809,144,0
434,145,0
475,145,0
676,145,0
857,145,0
1015,146,0
147,176,3
147,566,3
147,568,3
147,1180,3
147,1182,3
148,165,3
196,148,0
148,199,3
775,148,0
875,148,0
1334,148,0
1337,148,0
149,205,3
508,149,0
894,149,0
1196,149,0
1515,149,0
1547,149,0
150,302,3
337,150,0
150,381,3
760,150,0
829,150,0
150,981,3
1605,150,0
471,151,0
576,151,0
721,151,0
863,151,0
918,151,0
1438,151,0
152,1114,3
1476,152,0
153,515,3
771,153,0
845,153,0
1300,153,0
350,154,0
351,154,0
434,154,0
841,154,0
1063,154,0
154,1256,3
253,155,0
311,155,0
155,370,3
505,155,0
538,155,0
1284,155,0
1321,155,0
1356,155,0
155,1465,3
1523,155,0
1526,155,0
1558,155,0
1572,155,0
155,1606,3
156,411,3
156,557,3
156,754,3
156,1181,3
3,157,0
294,157,0
490,157,0
695,157,0
750,157,0
157,1060,3
1081,157,0
1096,157,0
1135,157,0
157,1213,3
1358,157,0
1433,157,0
114,158,0
118,158,0
692,158,0
158,1325,3
249,159,0
260,159,0
279,159,0
342,159,0
368,159,0
371,159,0
159,434,3
464,159,0
472,159,0
504,159,0
549,159,0
598,159,0
159,676,3
684,159,0
744,159,0
781,159,0
792,159,0
813,159,0
850,159,0
933,159,0
996,159,0
1008,159,0
1054,159,0
1077,159,0
1086,159,0
1103,159,0
1229,159,0
1234,159,0
1235,159,0
1237,159,0
1283,159,0
1374,159,0
1417,159,0
1420,159,0
1427,159,0
1484,159,0
1504,159,0
1509,159,0
1600,159,0
1625,159,0
191,160,0
293,160,0
329,160,0
481,160,0
625,160,0
706,160,0
160,819,3
1035,160,0
160,1185,3
1248,160,0
1259,160,0
1516,160,0
624,161,0
665,161,0
161,926,3
952,161,0
161,1212,3
303,162,0
310,162,0
407,162,0
733,162,0
162,844,3
926,162,0
941,162,0
162,1013,3
1061,162,0
1089,162,0
162,1124,3
163,211,3
314,163,0
677,163,0
714,163,0
788,163,0
928,163,0
1197,163,0
24,164,0
247,164,0
263,164,0
301,164,0
421,164,0
432,164,0
164,558,3
164,583,3
950,164,0
982,164,0
1018,164,0
164,1107,3
1170,164,0
1203,164,0
1211,164,0
1264,164,0
1363,164,0
1465,164,0
1617,164,0
164,1639,3
166,249,3
269,166,0
278,166,0
166,356,3
445,166,0
814,166,0
166,1008,3
1137,166,0
1348,166,0
2,167,0
167,272,3
167,857,3
167,1222,3
1251,167,0
1287,167,0
1491,167,0
1535,167,0
883,168,0
894,168,0
977,168,0
987,168,0
168,1047,3
1239,168,0
1362,168,0
1502,168,0
168,1621,3
15,169,0
108,169,0
114,169,0
307,169,0
315,169,0
328,169,0
444,169,0
757,169,0
887,169,0
1063,169,0
1228,169,0
1282,169,0
1377,169,0
1379,169,0
169,1536,3
1608,169,0
4,170,0
12,170,0
18,170,0
151,170,0
212,170,0
232,170,0
234,170,0
249,170,0
255,170,0
264,170,0
269,170,0
291,170,0
292,170,0
297,170,0
302,170,0
332,170,0
335,170,0
339,170,0
346,170,0
356,170,0
358,170,0
387,170,0
388,170,0
391,170,0
405,170,0
408,170,0
427,170,0
450,170,0
454,170,0
455,170,0
468,170,0
487,170,0
494,170,0
503,170,0
515,170,0
519,170,0
529,170,0
545,170,0
561,170,0
575,170,0
576,170,0
579,170,0
580,170,0
591,170,0
607,170,0
629,170,0
634,170,0
636,170,0
643,170,0
656,170,0
660,170,0
683,170,0
693,170,0
705,170,0
721,170,0
722,170,0
723,170,0
728,170,0
734,170,0
742,170,0
745,170,0
757,170,0
758,170,0
763,170,0
777,170,0
790,170,0
796,170,0
798,170,0
801,170,0
807,170,0
819,170,0
825,170,0
831,170,0
850,170,0
863,170,0
885,170,0
888,170,0
899,170,0
907,170,0
915,170,0
919,170,0
932,170,0
939,170,0
950,170,0
970,170,0
999,170,0
1001,170,0
1023,170,0
1036,170,0
1040,170,0
1043,170,0
1048,170,0
1057,170,0
1066,170,0
1086,170,0
1094,170,0
1104,170,0
1115,170,0
1120,170,0
1131,170,0
1132,170,0
1150,170,0
1169,170,0
1178,170,0
1184,170,0
1187,170,0
1199,170,0
1202,170,0
1207,170,0
1220,170,0
170,1223,3
1229,170,0
1232,170,0
1247,170,0
1262,170,0
1269,170,0
1271,170,0
1277,170,0
1295,170,0
1309,170,0
1313,170,0
1314,170,0
1326,170,0
1333,170,0
1338,170,0
1343,170,0
1370,170,0
1372,170,0
1374,170,0
1407,170,0
1411,170,0
170,1414,3
1420,170,0
1424,170,0
1429,170,0
1432,170,0
1435,170,0
1438,170,0
1454,170,0
1467,170,0
1478,170,0
1482,170,0
1486,170,0
170,1496,3
1509,170,0
1516,170,0
1532,170,0
1543,170,0
1546,170,0
1550,170,0
1557,170,0
1562,170,0
1563,170,0
1580,170,0
1592,170,0
1598,170,0
1600,170,0
1601,170,0
1629,170,0
1641,170,0
171,286,3
171,729,3
171,970,3
171,1171,3
171,1180,3
283,172,0
1238,172,0
1291,172,0
321,173,0
173,403,3
173,456,3
1256,173,0
1473,173,0
173,1617,3
174,381,3
809,174,0
174,1128,3
174,1212,3
31,175,0
149,175,0
227,175,0
249,175,0
260,175,0
279,175,0
291,175,0
292,175,0
347,175,0
362,175,0
366,175,0
368,175,0
387,175,0
417,175,0
422,175,0
463,175,0
464,175,0
472,175,0
489,175,0
502,175,0
504,175,0
514,175,0
529,175,0
549,175,0
591,175,0
598,175,0
615,175,0
643,175,0
684,175,0
694,175,0
722,175,0
735,175,0
759,175,0
777,175,0
792,175,0
849,175,0
850,175,0
866,175,0
888,175,0
895,175,0
925,175,0
933,175,0
951,175,0
1008,175,0
1054,175,0
1058,175,0
1077,175,0
1086,175,0
1103,175,0
1116,175,0
1143,175,0
1171,175,0
175,1191,3
1214,175,0
1229,175,0
1232,175,0
1234,175,0
1235,175,0
1237,175,0
1274,175,0
1281,175,0
1309,175,0
1325,175,0
1331,175,0
1345,175,0
1361,175,0
1367,175,0
1389,175,0
1413,175,0
1416,175,0
1417,175,0
1468,175,0
1509,175,0
1515,175,0
1518,175,0
1547,175,0
1557,175,0
175,1568,3
1580,175,0
1600,175,0
1601,175,0
1625,175,0
146,176,0
795,176,0
841,176,0
176,973,3
1235,176,0
1288,176,0
1296,176,0
177,535,3
177,1595,3
177,1620,3
403,178,0
178,1125,3
179,316,3
777,179,0
179,803,3
1254,179,0
179,1396,3
179,1445,3
1538,179,0
180,353,3
31,181,0
37,181,0
108,181,0
197,181,0
225,181,0
285,181,0
308,181,0
311,181,0
315,181,0
323,181,0
343,181,0
396,181,0
443,181,0
444,181,0
499,181,0
548,181,0
571,181,0
573,181,0
608,181,0
609,181,0
621,181,0
633,181,0
671,181,0
741,181,0
754,181,0
786,181,0
787,181,0
797,181,0
838,181,0
918,181,0
930,181,0
992,181,0
1052,181,0
1060,181,0
1062,181,0
1108,181,0
1209,181,0
1227,181,0
1276,181,0
1280,181,0
1302,181,0
1332,181,0
1354,181,0
1364,181,0
1408,181,0
1447,181,0
1451,181,0
1474,181,0
1567,181,0
182,349,3
182,427,3
449,182,0
521,182,0
785,182,0
182,1285,3
349,183,0
859,183,0
183,981,3
183,1202,3
1445,183,0
1477,183,0
1555,183,0
1569,183,0
434,184,0
464,184,0
678,184,0
820,185,0
833,185,0
185,847,3
1117,185,0
1149,185,0
1158,185,0
1449,185,0
54,186,0
57,186,0
71,186,0
212,186,0
215,186,0
229,186,0
262,186,0
361,186,0
381,186,0
403,186,0
424,186,0
480,186,0
482,186,0
499,186,0
607,186,0
610,186,0
620,186,0
629,186,0
630,186,0
706,186,0
733,186,0
736,186,0
742,186,0
758,186,0
790,186,0
795,186,0
802,186,0
824,186,0
831,186,0
872,186,0
881,186,0
902,186,0
913,186,0
921,186,0
924,186,0
931,186,0
966,186,0
981,186,0
1028,186,0
186,1061,3
1062,186,0
1111,186,0
1131,186,0
1150,186,0
1194,186,0
1195,186,0
1205,186,0
1225,186,0
1253,186,0
1271,186,0
1297,186,0
1305,186,0
1322,186,0
1332,186,0
1338,186,0
1372,186,0
1403,186,0
1415,186,0
1429,186,0
1441,186,0
1456,186,0
1486,186,0
1550,186,0
1562,186,0
1563,186,0
1565,186,0
1577,186,0
1598,186,0
1641,186,0
824,187,0
873,187,0
937,187,0
187,1132,3
1257,187,0
1381,187,0
1447,187,0
187,1455,3
1488,187,0
187,1596,3
879,188,0
188,1295,3
1544,188,0
189,195,3
189,673,3
189,783,3
245,190,0
288,190,0
744,190,0
951,190,0
961,190,0
1347,190,0
1596,190,0
553,191,0
625,191,0
754,191,0
806,191,0
914,191,0
1035,191,0
191,1038,3
1252,191,0
1303,191,0
1516,191,0
192,697,3
1139,192,0
1607,192,0
2,193,0
71,193,0
78,193,0
84,193,0
90,193,0
100,193,0
114,193,0
118,193,0
121,193,0
170,193,0
202,193,0
230,193,0
243,193,0
250,193,0
275,193,0
277,193,0
292,193,0
302,193,0
309,193,0
316,193,0
318,193,0
322,193,0
324,193,0
328,193,0
342,193,0
347,193,0
362,193,0
375,193,0
387,193,0
393,193,0
403,193,0
415,193,0
429,193,0
446,193,0
474,193,0
479,193,0
480,193,0
491,193,0
504,193,0
545,193,0
562,193,0
572,193,0
591,193,0
612,193,0
619,193,0
645,193,0
656,193,0
663,193,0
678,193,0
711,193,0
719,193,0
722,193,0
728,193,0
731,193,0
732,193,0
769,193,0
774,193,0
778,193,0
795,193,0
813,193,0
822,193,0
849,193,0
850,193,0
868,193,0
871,193,0
877,193,0
886,193,0
900,193,0
906,193,0
909,193,0
913,193,0
925,193,0
933,193,0
949,193,0
959,193,0
969,193,0
976,193,0
987,193,0
1009,193,0
1032,193,0
1042,193,0
1043,193,0
1056,193,0
1080,193,0
1106,193,0
193,1112,3
1137,193,0
1144,193,0
1147,193,0
1153,193,0
1159,193,0
1168,193,0
1180,193,0
1188,193,0
1194,193,0
1195,193,0
1210,193,0
1225,193,0
1228,193,0
1232,193,0
1236,193,0
1249,193,0
1251,193,0
1263,193,0
1272,193,0
1275,193,0
1277,193,0
1291,193,0
1295,193,0
1297,193,0
1300,193,0
1305,193,0
1309,193,0
1314,193,0
1319,193,0
1324,193,0
1326,193,0
1331,193,0
1351,193,0
1362,193,0
1369,193,0
1403,193,0
1404,193,0
1420,193,0
1457,193,0
1460,193,0
1469,193,0
1475,193,0
1481,193,0
1490,193,0
1491,193,0
1505,193,0
193,1506,3
1513,193,0
1535,193,0
1549,193,0
1584,193,0
1600,193,0
1620,193,0
1632,193,0
1640,193,0
1641,193,0
35,194,0
234,194,0
466,194,0
776,194,0
854,194,0
896,194,0
1006,194,0
1519,194,0
195,503,3
195,670,3
195,1020,3
197,539,3
197,1603,3
198,1099,3
199,290,3
199,835,3
199,1137,3
199,1244,3
200,1420,3
201,419,3
202,1479,3
204,333,3
204,1015,3
205,881,3
205,1433,3
206,371,3
206,540,3
206,598,3
206,693,3
206,1048,3
208,290,3
208,1067,3
209,557,3
209,1557,3
210,383,3
210,417,3
210,1414,3
210,1580,3
211,853,3
211,1062,3
213,363,3
213,759,3
213,774,3
214,1131,3
215,1013,3
216,612,3
216,692,3
216,913,3
217,650,3
218,357,3
218,929,3
218,1287,3
219,395,3
220,472,3
220,1207,3
221,1496,3
223,966,3
223,1241,3
224,552,3
224,634,3
224,927,3
225,439,3
225,907,3
225,1496,3
226,237,3
226,429,3
226,861,3
226,1279,3
227,308,3
227,563,3
227,1366,3
229,1185,3
230,736,3
230,1569,3
232,1143,3
233,722,3
233,1436,3
235,322,3
235,1603,3
236,264,3
236,735,3
237,1423,3
238,562,3
238,1071,3
238,1424,3
239,534,3
240,1398,3
240,1493,3
240,1545,3
242,968,3
242,1321,3
243,304,3
243,1014,3
244,1204,3
245,498,3
245,1123,3
246,522,3
246,1232,3
246,1262,3
246,1319,3
247,1149,3
248,885,3
248,1132,3
248,1443,3
249,1309,3
250,1533,3
252,1065,3
253,1239,3
254,808,3
257,273,3
257,933,3
258,1055,3
258,1295,3
259,846,3
259,1036,3
260,1081,3
261,1444,3
262,383,3
262,702,3
262,1343,3
262,1387,3
263,554,3
263,654,3
263,830,3
263,1320,3
263,1485,3
264,547,3
264,1089,3
264,1521,3
264,1541,3
265,848,3
266,522,3
268,968,3
268,1323,3
269,456,3
269,540,3
269,1244,3
269,1536,3
270,562,3
270,913,3
271,1621,3
273,447,3
273,1634,3
275,1049,3
276,827,3
277,374,3
277,506,3
277,808,3
279,594,3
279,1438,3
280,418,3
281,1587,3
282,1497,3
283,454,3
283,1356,3
284,995,3
286,364,3
286,408,3
287,600,3
288,1099,3
290,554,3
290,1402,3
291,1466,3
292,1598,3
293,367,3
294,626,3
294,1105,3
295,624,3
295,1455,3
296,930,3
300,352,3
300,367,3
300,482,3
300,754,3
300,964,3
302,1172,3
305,1033,3
306,502,3
306,1037,3
306,1307,3
310,484,3
310,1382,3
311,512,3
311,616,3
311,1137,3
312,650,3
313,821,3
313,1097,3
313,1302,3
313,1380,3
315,963,3
315,1269,3
315,1356,3
316,871,3
317,995,3
318,339,3
318,1073,3
318,1120,3
318,1582,3
318,1623,3
319,572,3
319,649,3
319,1055,3
319,1089,3
319,1217,3
319,1264,3
321,745,3
322,1487,3
325,698,3
327,844,3
327,1457,3
329,1329,3
331,879,3
331,884,3
332,980,3
333,479,3
334,916,3
336,952,3
337,356,3
337,1394,3
338,574,3
338,657,3
339,1268,3
340,408,3
340,1302,3
340,1480,3
341,1641,3
344,949,3
344,1197,3
344,1476,3
345,548,3
345,1501,3
346,638,3
346,644,3
348,857,3
348,1202,3
349,1092,3
351,449,3
351,1166,3
351,1259,3
352,623,3
352,1002,3
353,396,3
354,417,3
354,1396,3
354,1468,3
355,1184,3
355,1465,3
356,680,3
356,874,3
356,945,3
356,1080,3
357,662,3
357,1227,3
359,618,3
359,1309,3
361,567,3
363,658,3
363,672,3
364,1329,3
364,1484,3
364,1523,3
365,406,3
365,1069,3
366,934,3
366,1344,3
368,481,3
368,1529,3
368,1620,3
369,688,3
369,1059,3
370,1423,3
371,1010,3
372,833,3
374,1266,3
374,1346,3
375,808,3
375,842,3
375,926,3
377,1277,3
379,777,3
380,441,3
380,1423,3
381,506,3
381,555,3
381,1442,3
381,1618,3
382,790,3
383,1270,3
385,608,3
385,852,3
386,603,3
386,983,3
387,675,3
387,972,3
387,1461,3
388,539,3
388,1626,3
390,392,3
391,515,3
391,997,3
391,1095,3
392,935,3
392,1565,3
393,720,3
393,879,3
394,934,3
394,1313,3
395,547,3
395,588,3
395,728,3
395,1117,3
396,1162,3
396,1357,3
397,460,3
398,484,3
398,1005,3
398,1020,3
401,551,3
401,1025,3
401,1079,3
402,1399,3
403,1023,3
405,534,3
405,1528,3
406,514,3
408,763,3
409,580,3
409,861,3
410,1420,3
411,677,3
411,1284,3
412,1303,3
414,644,3
416,1046,3
416,1550,3
418,1136,3
419,789,3
419,1050,3
419,1425,3
423,1095,3
424,789,3
425,1046,3
426,890,3
426,1115,3
428,1153,3
431,739,3
431,763,3
432,792,3
432,1172,3
432,1610,3
433,1270,3
433,1298,3
435,965,3
435,1548,3
436,1141,3
437,696,3
437,1543,3
438,953,3
438,1143,3
439,1456,3
441,724,3
441,771,3
441,840,3
441,1087,3
442,450,3
443,602,3
443,1015,3
444,493,3
444,591,3
445,850,3
445,1133,3
446,763,3
448,744,3
449,982,3
450,1487,3
452,597,3
453,1136,3
453,1171,3
454,834,3
454,1373,3
456,1593,3
458,704,3
458,762,3
458,1627,3
459,998,3
461,1145,3
461,1542,3
462,950,3
464,919,3
465,506,3
465,1417,3
466,622,3
467,1044,3
467,1406,3
468,1602,3
468,1633,3
470,1187,3
470,1274,3
471,531,3
471,705,3
471,1409,3
472,674,3
473,1485,3
473,1588,3
474,1139,3
474,1460,3
475,511,3
475,662,3
475,990,3
475,1211,3
475,1415,3
475,1563,3
476,503,3
476,1596,3
477,487,3
478,875,3
479,532,3
479,585,3
481,771,3
481,1341,3
481,1570,3
484,558,3
486,979,3
487,1146,3
489,684,3
489,1021,3
491,832,3
491,1433,3
492,606,3
492,1489,3
493,982,3
495,1324,3
495,1344,3
497,610,3
497,1089,3
498,1471,3
500,620,3
500,1305,3
501,842,3
501,1262,3
502,559,3
502,874,3
502,900,3
502,1613,3
503,908,3
506,1276,3
506,1404,3
507,715,3
509,1597,3
511,794,3
511,806,3
512,1348,3
512,1385,3
513,700,3
513,972,3
514,619,3
514,1101,3
515,660,3
515,960,3
515,1272,3
516,620,3
516,936,3
516,1387,3
517,887,3
517,1346,3
518,1139,3
518,1218,3
520,764,3
521,827,3
524,732,3
524,1026,3
526,734,3
526,1487,3
527,1082,3
528,608,3
528,907,3
530,773,3
532,1044,3
532,1292,3
534,1030,3
538,765,3
538,950,3
538,1115,3
539,566,3
539,1460,3
539,1561,3
541,743,3
541,1612,3
542,1137,3
543,1306,3
545,759,3
545,1609,3
546,1255,3
549,1101,3
549,1140,3
549,1402,3
551,974,3
552,836,3
552,867,3
552,937,3
553,756,3
555,992,3
556,723,3
556,1288,3
557,764,3
557,1371,3
558,624,3
559,822,3
560,738,3
560,1227,3
561,627,3
562,987,3
563,799,3
567,805,3
567,1132,3
567,1161,3
567,1430,3
568,865,3
568,874,3
568,928,3
568,960,3
568,1205,3
568,1250,3
569,1079,3
569,1384,3
570,1113,3
570,1351,3
571,1023,3
571,1107,3
573,1387,3
573,1425,3
574,1512,3
575,731,3
575,774,3
575,908,3
576,1043,3
577,1358,3
577,1475,3
578,1049,3
578,1382,3
579,683,3
579,1541,3
581,841,3
581,1020,3
581,1243,3
584,760,3
585,1325,3
587,1237,3
588,696,3
588,971,3
588,1436,3
589,989,3
590,935,3
590,983,3
592,1547,3
593,1262,3
594,726,3
594,1628,3
595,1448,3
597,1421,3
598,1628,3
599,678,3
599,1325,3
599,1352,3
600,1248,3
601,911,3
602,763,3
602,1381,3
603,697,3
603,1545,3
605,1270,3
605,1520,3
605,1521,3
607,1622,3
608,723,3
608,1001,3
608,1095,3
608,1356,3
608,1387,3
610,1196,3
610,1223,3
612,1620,3
613,1623,3
614,627,3
614,1614,3
615,1032,3
615,1546,3
616,1489,3
617,1141,3
617,1158,3
618,1242,3
618,1253,3
618,1256,3
618,1268,3
619,938,3
620,1235,3
620,1619,3
621,887,3
621,1210,3
622,1288,3
622,1400,3
622,1607,3
622,1638,3
623,1316,3
624,1401,3
625,1334,3
626,703,3
628,740,3
629,843,3
630,1319,3
631,1069,3
632,1007,3
632,1025,3
632,1202,3
632,1597,3
633,1335,3
633,1437,3
634,754,3
634,1075,3
636,1257,3
637,1084,3
637,1321,3
638,1389,3
639,1438,3
640,928,3
640,1406,3
644,1251,3
646,1006,3
646,1024,3
647,986,3
648,681,3
649,1025,3
650,698,3
650,1450,3
651,670,3
651,951,3
651,1372,3
652,854,3
652,1221,3
652,1261,3
653,1168,3
654,981,3
654,1213,3
657,1360,3
657,1424,3
659,1240,3
660,918,3
660,1351,3
661,768,3
661,1621,3
662,1103,3
662,1237,3
663,878,3
664,1127,3
667,907,3
667,1228,3
667,1339,3
667,1513,3
668,788,3
668,846,3
671,771,3
671,1411,3
674,695,3
675,1060,3
675,1438,3
675,1592,3
676,1313,3
677,706,3
680,1011,3
682,687,3
682,1189,3
682,1279,3
685,686,3
685,1031,3
685,1423,3
686,739,3
686,1074,3
687,1101,3
692,1297,3
692,1516,3
693,970,3
694,1059,3
697,861,3
697,1403,3
698,1027,3
698,1470,3
699,793,3
700,793,3
700,1344,3
701,1129,3
702,830,3
702,911,3
702,1177,3
702,1534,3
703,1013,3
703,1446,3
704,1417,3
704,1454,3
709,987,3
710,1209,3
710,1312,3
711,750,3
711,957,3
711,1360,3
713,964,3
713,1115,3
714,1449,3
714,1529,3
715,842,3
717,774,3
717,919,3
718,770,3
719,1052,3
720,856,3
721,1364,3
722,1450,3
723,887,3
724,884,3
724,1620,3
725,802,3
725,1015,3
725,1203,3
725,1540,3
726,880,3
726,1399,3
726,1485,3
726,1591,3
727,1343,3
728,1057,3
729,1148,3
732,1214,3
733,1045,3
734,979,3
734,1029,3
734,1363,3
735,1247,3
735,1406,3
737,1434,3
737,1517,3
738,795,3
738,1457,3
740,1448,3
740,1477,3
741,1436,3
741,1632,3
742,1176,3
743,981,3
745,816,3
745,997,3
745,1292,3
747,1110,3
747,1519,3
748,992,3
748,1019,3
748,1283,3
749,994,3
749,1230,3
750,1011,3
750,1598,3
751,816,3
751,941,3
751,959,3
751,1547,3
751,1628,3
752,985,3
752,1143,3
752,1377,3
752,1558,3
753,1162,3
755,846,3
756,921,3
756,1086,3
756,1278,3
756,1350,3
757,1002,3
758,1067,3
758,1324,3
760,1281,3
760,1455,3
760,1476,3
761,1034,3
762,1052,3
762,1359,3
763,1015,3
765,897,3
765,1532,3
767,1551,3
768,1250,3
769,1510,3
770,1164,3
770,1436,3
772,1451,3
772,1529,3
774,1374,3
774,1544,3
776,1225,3
776,1427,3
776,1513,3
777,1268,3
777,1406,3
778,928,3
778,969,3
778,1607,3
780,880,3
780,1215,3
782,878,3
782,882,3
783,1030,3
786,1212,3
788,1102,3
788,1223,3
790,1455,3
792,1001,3
792,1333,3
793,1521,3
794,905,3
795,1191,3
796,1048,3
796,1060,3
798,1452,3
799,1511,3
800,1179,3
802,1555,3
803,987,3
803,1200,3
803,1525,3
804,1474,3
806,967,3
806,1044,3
807,1552,3
808,1208,3
810,1213,3
810,1489,3
812,1075,3
812,1106,3
813,1148,3
814,1487,3
814,1614,3
817,1477,3
817,1526,3
818,988,3
818,1470,3
820,1040,3
820,1299,3
820,1574,3
822,924,3
826,978,3
827,1338,3
829,893,3
829,1438,3
831,960,3
832,897,3
832,1045,3
832,1140,3
834,1034,3
834,1341,3
835,980,3
835,1150,3
836,1049,3
836,1452,3
837,1377,3
838,1186,3
838,1612,3
839,1529,3
839,1590,3
843,893,3
843,1182,3
843,1434,3
846,1412,3
848,1110,3
848,1301,3
848,1405,3
850,1027,3
852,1405,3
854,1250,3
856,953,3
856,1374,3
856,1447,3
859,1366,3
860,1045,3
861,1585,3
864,1407,3
865,1380,3
868,1387,3
869,1630,3
870,1041,3
873,943,3
873,1554,3
875,1434,3
876,1269,3
877,1268,3
877,1379,3
878,1210,3
879,1435,3
882,1488,3
884,1278,3
885,1262,3
885,1512,3
887,1029,3
888,1165,3
889,1063,3
890,926,3
893,1624,3
894,1105,3
895,1070,3
901,1372,3
902,990,3
905,961,3
905,1368,3
906,929,3
907,1257,3
908,950,3
908,1494,3
910,1275,3
910,1433,3
911,929,3
913,1428,3
913,1500,3
914,978,3
914,1051,3
914,1131,3
915,1100,3
915,1132,3
917,1103,3
918,1609,3
919,1108,3
920,1261,3
920,1475,3
921,1048,3
922,958,3
922,1474,3
923,1634,3
925,1357,3
928,1050,3
929,1615,3
931,1642,3
932,1019,3
933,1558,3
934,1013,3
936,1432,3
938,1277,3
940,994,3
942,1620,3
943,1282,3
943,1597,3
945,1050,3
945,1432,3
947,1021,3
950,1272,3
950,1336,3
950,1371,3
952,1070,3
953,1294,3
954,1077,3
954,1286,3
955,1249,3
955,1309,3
955,1581,3
956,1020,3
957,1395,3
958,1351,3
958,1424,3
959,1386,3
960,977,3
960,1573,3
961,1193,3
963,1065,3
964,1170,3
964,1422,3
965,1021,3
965,1116,3
965,1217,3
966,1560,3
969,1451,3
970,1204,3
972,1309,3
975,1571,3
975,1626,3
977,1249,3
977,1399,3
979,987,3
985,1499,3
987,1326,3
988,1159,3
988,1488,3
989,1516,3
990,1050,3
990,1431,3
992,1066,3
992,1391,3
992,1421,3
993,1323,3
993,1526,3
993,1599,3
994,1117,3
995,1047,3
995,1099,3
997,1242,3
998,1466,3
998,1500,3
1000,1225,3
1001,1302,3
1002,1603,3
1004,1028,3
1006,1367,3
1007,1247,3
1007,1425,3
1008,1537,3
1009,1037,3
1010,1480,3
1011,1122,3
1012,1120,3
1012,1199,3
1013,1543,3
1014,1331,3
1015,1193,3
1015,1401,3
1015,1584,3
1016,1595,3
1017,1114,3
1017,1170,3
1019,1496,3
1020,1298,3
1020,1415,3
1021,1226,3
1021,1491,3
1022,1205,3
1023,1246,3
1024,1229,3
1025,1047,3
1030,1608,3
1032,1194,3
1032,1224,3
1036,1201,3
1036,1483,3
1038,1532,3
1041,1602,3
1042,1360,3
1044,1213,3
1052,1059,3
1054,1592,3
1057,1530,3
1058,1307,3
1059,1255,3
1060,1082,3
1061,1634,3
1062,1412,3
1065,1093,3
1066,1503,3
1069,1331,3
1070,1380,3
1071,1090,3
1071,1100,3
1071,1569,3
1071,1619,3
1072,1433,3
1072,1473,3
1072,1515,3
1075,1259,3
1075,1361,3
1079,1279,3
1080,1100,3
1080,1172,3
1081,1251,3
1083,1363,3
1085,1295,3
1085,1581,3
1087,1449,3
1088,1264,3
1089,1533,3
1090,1263,3
1091,1179,3
1092,1150,3
1092,1507,3
1094,1187,3
1094,1463,3
1096,1548,3
1098,1391,3
1099,1421,3
1099,1474,3
1099,1504,3
1100,1483,3
1104,1397,3
1104,1509,3
1108,1521,3
1109,1223,3
1109,1229,3
1109,1533,3
1112,1549,3
1114,1162,3
1114,1437,3
1115,1408,3
1116,1180,3
1117,1399,3
1119,1387,3
1122,1285,3
1123,1325,3
1123,1418,3
1124,1413,3
1124,1558,3
1124,1596,3
1126,1618,3
1127,1276,3
1127,1598,3
1131,1568,3
1132,1333,3
1135,1401,3
1137,1179,3
1137,1222,3
1139,1463,3
1150,1391,3
1151,1307,3
1152,1206,3
1153,1412,3
1154,1170,3
1155,1378,3
1157,1403,3
1158,1212,3
1159,1532,3
1159,1578,3
1160,1501,3
1162,1602,3
1165,1170,3
1167,1448,3
1171,1189,3
1175,1392,3
1178,1420,3
1180,1494,3
1187,1351,3
1188,1494,3
1189,1429,3
1190,1278,3
1191,1320,3
1191,1365,3
1192,1529,3
1193,1203,3
1194,1561,3
1198,1277,3
1198,1516,3
1204,1314,3
1205,1288,3
1207,1273,3
1207,1360,3
1210,1553,3
1210,1603,3
1211,1474,3
1213,1345,3
1214,1285,3
1214,1393,3
1218,1353,3
1219,1488,3
1220,1377,3
1220,1567,3
1221,1295,3
1222,1586,3
1223,1536,3
1225,1348,3
1229,1402,3
1232,1537,3
1233,1623,3
1236,1364,3
1237,1251,3
1239,1403,3
1246,1366,3
1250,1302,3
1254,1620,3
1257,1326,3
1260,1383,3
1260,1427,3
1261,1264,3
1263,1266,3
1264,1271,3
1264,1274,3
1268,1365,3
1268,1527,3
1268,1605,3
1271,1578,3
1271,1597,3
1275,1323,3
1275,1510,3
1275,1572,3
1277,1325,3
1283,1303,3
1291,1496,3
1291,1589,3
1292,1323,3
1293,1559,3
1294,1302,3
1294,1414,3
1301,1516,3
1303,1454,3
1307,1522,3
1309,1433,3
1311,1609,3
1312,1577,3
1313,1327,3
1314,1478,3
1315,1625,3
1323,1582,3
1324,1373,3
1325,1351,3
1328,1356,3
1328,1375,3
1329,1353,3
1330,1556,3
1334,1423,3
1336,1359,3
1338,1625,3
1339,1546,3
1341,1635,3
1347,1522,3
1362,1396,3
1362,1417,3
1363,1439,3
1363,1596,3
1364,1558,3
1364,1628,3
1366,1569,3
1366,1616,3
1368,1487,3
1370,1554,3
1371,1381,3
1375,1454,3
1376,1440,3
1377,1473,3
1379,1590,3
1388,1455,3
1390,1475,3
1391,1409,3
1398,1631,3
1400,1592,3
1403,1491,3
1407,1423,3
1408,1463,3
1410,1627,3
1416,1490,3
1421,1426,3
1424,1489,3
1426,1578,3
1431,1562,3
1440,1530,3
1440,1581,3
1445,1476,3
1457,1563,3
1469,1562,3
1472,1585,3
1479,1506,3
1479,1623,3
1488,1566,3
1494,1539,3
1496,1588,3
1514,1530,3
1534,1565,3
1539,1614,3
1546,1570,3
1550,1629,3
1559,1592,3
1570,1581,3
1571,1615,3
1572,1626,3
1576,1612,3
1578,1623,3
1591,1630,3
1603,1622,3
