0,166,1
0,200,1
0,290,1
0,498,1
0,848,1
0,918,1
935,0,0
987,0,0
0,988,1
0,1124,1
0,1129,1
0,1161,1
0,1301,1
1362,0,0
0,1426,1
1,26,1
1,412,0
1,613,0
662,1,0
1,701,1
1,1069,1
1,1152,1
1,1176,1
1,1220,1
1,1262,1
1,1277,1
1,1352,1
1,1414,1
1,1599,1
509,2,0
2,548,1
2,827,1
2,1251,1
2,1287,1
2,1490,1
2,1491,1
2,1535,1
222,3,0
3,249,1
3,258,1
3,266,0
3,319,1
687,3,0
3,1284,0
3,1322,1
1340,3,0
116,4,0
234,4,0
4,819,1
5,495,1
5,1042,1
5,1231,1
5,1400,1
6,326,1
6,1207,1
1536,6,0
22,7,0
7,179,1
7,204,1
284,7,0
345,7,0
399,7,0
7,484,1
555,7,0
7,562,1
581,7,0
590,7,0
7,772,1
7,776,1
778,7,0
822,7,0
7,842,1
7,936,1
7,940,1
7,973,1
7,1122,1
7,1159,1
1180,7,0
1394,7,0
1458,7,0
7,1503,1
8,32,0
9,210,1
9,298,1
9,497,1
994,9,0
9,1084,1
9,1311,1
10,175,1
10,279,1
314,10,0
316,10,0
318,10,0
381,10,0
389,10,0
390,10,0
10,437,1
10,464,1
10,489,1
10,516,1
10,529,1
10,551,0
642,10,0
10,683,1
10,698,1
10,705,1
10,746,1
10,828,1
10,866,1
10,895,1
10,906,1
925,10,0
10,951,1
10,969,1
10,981,1
10,996,1
10,1008,1
10,1022,1
1028,10,0
10,1047,1
1054,10,0
10,1134,1
10,1143,1
10,1221,1
10,1226,1
1234,10,0
1235,10,0
10,1237,1
10,1427,1
10,1469,1
10,1504,1
10,1532,1
10,1553,1
10,1554,1
10,1560,1
1580,10,0
10,1628,1
11,77,1
11,243,1
11,319,1
11,322,0
11,460,1
475,11,0
11,496,1
11,628,1
632,11,0
11,680,1
11,716,1
11,726,1
11,745,1
11,805,1
836,11,0
11,858,1
11,1188,1
1191,11,0
1204,11,0
11,1213,1
1225,11,0
11,1242,1
11,1585,1
12,22,1
34,12,0
12,211,1
12,241,1
12,242,1
12,300,1
370,12,0
12,386,1
12,404,1
409,12,0
12,431,1
12,458,1
490,12,0
12,583,1
644,12,0
645,12,0
12,654,1
12,673,1
12,693,0
12,721,1
748,12,0
12,749,1
12,753,1
12,804,1
12,832,1
12,869,1
930,12,0
976,12,0
12,1095,1
1123,12,0
12,1260,1
1266,12,0
1288,12,0
12,1314,1
1326,12,0
12,1349,1
12,1355,1
12,1366,1
1373,12,0
1443,12,0
1463,12,0
12,1517,1
12,1527,1
12,1543,1
12,1571,1
1589,12,0
12,1609,1
12,1642,1
13,65,1
13,191,0
294,13,0
13,349,1
13,488,1
13,747,1
13,1597,1
14,215,1
14,289,1
14,914,1
14,932,1
14,943,0
14,1085,1
14,1401,1
15,108,1
15,114,1
118,15,0
307,15,0
15,315,1
328,15,0
15,444,1
15,525,1
15,540,0
686,15,0
15,757,1
15,824,1
852,15,0
15,887,1
15,960,0
15,1011,1
1063,15,0
15,1133,1
15,1228,1
1240,15,0
15,1280,1
15,1282,1
15,1367,1
15,1377,1
15,1379,1
15,1439,1
15,1608,1
16,110,0
236,16,0
16,455,1
16,663,0
16,940,0
16,945,0
16,1020,0
17,103,1
17,442,0
17,694,0
17,846,0
17,1354,0
18,309,1
18,478,0
18,479,1
18,572,1
18,614,1
18,732,1
18,773,0
1112,18,0
1272,18,0
1369,18,0
18,1475,0
19,135,1
19,752,0
844,19,0
19,860,1
1170,19,0
20,17,1
20,267,0
20,475,1
20,612,1
20,704,0
20,786,0
20,829,1
20,934,0
20,1055,0
1446,20,0
20,1606,1
20,1612,0
252,21,0
21,333,1
21,375,1
513,21,0
21,1251,1
22,281,0
555,22,0
22,778,1
822,22,0
22,972,0
22,1106,1
22,1122,1
22,1468,0
22,1517,0
23,214,1
483,23,0
23,721,0
761,23,0
23,1255,1
23,1436,1
1596,23,0
24,1029,1
24,1181,1
1453,24,0
25,329,1
25,500,1
25,543,1
25,622,1
25,646,1
25,740,1
25,1298,1
25,1603,1
26,56,1
26,940,0
27,364,1
27,802,1
27,887,1
27,1182,1
27,1240,1
27,1249,1
27,1431,1
28,790,0
394,29,0
29,689,1
1122,29,0
1307,29,0
30,83,0
30,125,1
30,454,1
30,823,1
30,1038,0
30,1167,1
30,1368,1
31,205,1
31,221,0
250,31,0
31,423,1
31,554,1
729,31,0
1013,31,0
31,1168,1
1210,31,0
1308,31,0
1315,31,0
31,1335,1
31,1341,1
31,1353,1
16,32,0
841,32,0
32,1248,1
32,1296,1
33,240,1
33,874,1
33,886,1
33,1157,1
1187,33,0
33,1342,1
89,34,0
34,226,1
501,34,0
34,563,1
34,614,1
34,794,1
34,815,1
931,34,0
34,1097,0
1106,34,0
34,1194,1
34,1305,1
34,1323,1
34,1565,1
34,1606,1
78,35,0
319,35,0
35,442,1
35,647,1
35,746,1
789,35,0
853,35,0
35,1148,1
35,1618,1
36,164,1
178,36,0
247,36,0
36,248,1
263,36,0
36,282,0
301,36,0
36,421,1
542,36,0
635,36,0
795,36,0
36,815,1
841,36,0
36,950,1
955,36,0
36,974,1
36,1018,1
36,1296,1
1363,36,0
197,37,0
285,37,0
341,37,0
37,526,1
37,787,1
37,840,1
37,1060,1
37,1233,1
1263,37,0
1451,37,0
38,57,1
38,249,1
38,391,1
38,493,0
602,38,0
38,666,1
38,793,1
943,38,0
1033,38,0
38,1046,1
38,1261,1
1570,38,0
40,168,1
40,273,1
40,683,1
1007,40,0
40,1060,1
40,1065,1
40,1221,1
1349,40,0
40,1419,0
40,1493,0
40,1532,1
41,187,1
41,277,1
41,318,1
41,607,1
41,821,1
841,41,0
41,970,0
41,1066,0
41,1114,1
42,4,1
42,202,1
244,42,0
42,342,1
42,431,1
42,498,1
42,522,1
42,567,1
602,42,0
42,643,1
42,666,1
693,42,0
42,710,1
793,42,0
882,42,0
42,886,1
42,890,1
42,933,1
942,42,0
42,1002,1
1033,42,0
42,1113,1
42,1201,1
42,1202,1
1222,42,0
42,1238,1
1330,42,0
42,1378,1
42,1383,1
1402,42,0
42,1500,1
42,1584,1
42,1588,1
42,1600,1
42,1614,1
43,160,1
43,207,1
43,308,0
43,313,1
43,327,1
367,43,0
43,383,1
43,392,1
485,43,0
43,518,1
43,574,1
596,43,0
43,616,1
43,637,1
649,43,0
43,747,1
43,820,1
43,856,1
43,867,1
43,942,1
946,43,0
43,953,1
993,43,0
43,1004,1
43,1014,1
43,1032,1
1044,43,0
1192,43,0
43,1289,1
1324,43,0
43,1392,1
43,1479,1
43,1481,1
43,1489,1
43,1492,1
43,1511,1
1568,43,0
43,1630,1
44,456,1
623,44,0
44,701,0
44,729,1
739,44,0
44,964,0
1138,44,0
1139,44,0
1406,44,0
1590,44,0
1591,44,0
45,134,0
46,154,0
47,201,1
47,252,1
47,295,1
47,305,1
47,354,1
47,362,0
397,47,0
441,47,0
461,47,0
47,517,1
47,536,1
47,584,1
47,592,1
47,599,1
604,47,0
47,658,1
697,47,0
699,47,0
710,47,0
715,47,0
47,718,1
834,47,0
47,839,1
846,47,0
47,954,1
47,964,1
971,47,0
47,980,1
47,1005,1
47,1015,1
47,1087,1
47,1098,1
47,1102,1
1119,47,0
47,1177,1
1183,47,0
47,1250,1
47,1316,1
47,1318,1
47,1360,1
47,1365,1
47,1390,1
1397,47,0
1410,47,0
47,1418,1
1487,47,0
47,1528,1
1534,47,0
47,1552,1
47,1556,1
47,1575,1
47,1587,1
48,118,1
48,281,1
48,285,0
674,48,0
48,795,1
48,883,1
977,48,0
48,1239,1
1362,48,0
1470,48,0
48,1502,1
128,49,0
49,214,0
49,233,1
49,783,1
49,1146,1
49,1205,1
49,1345,1
49,1361,1
49,1384,1
49,1465,1
49,1506,0
49,1594,1
49,1617,1
141,50,0
50,287,1
334,50,0
50,428,1
50,606,1
619,50,0
50,641,1
50,851,1
50,855,1
50,942,1
50,1459,1
1548,50,0
77,51,0
51,164,1
51,178,1
51,219,0
247,51,0
263,51,0
51,363,1
391,51,0
51,414,0
51,421,1
432,51,0
462,51,0
51,478,1
576,51,0
51,635,1
690,51,0
51,766,1
51,795,1
51,836,1
51,841,1
51,955,1
51,974,1
51,997,1
51,1018,1
1061,51,0
51,1170,1
51,1203,1
51,1211,1
51,1264,1
51,1363,1
51,1379,0
51,1462,1
1611,51,0
52,310,1
52,559,1
703,52,0
52,797,0
52,1068,1
52,1086,0
52,1274,1
53,924,0
53,942,1
53,1065,0
53,1494,0
54,585,0
54,914,1
54,932,1
54,1042,0
54,1085,1
209,56,0
223,56,0
56,730,1
1320,56,0
56,1423,1
1557,56,0
255,57,0
318,57,0
57,358,1
57,365,1
57,438,1
57,466,1
713,57,0
57,779,0
57,806,0
57,897,1
57,1110,1
1164,57,0
57,1315,1
57,1422,1
57,1576,1
117,58,0
58,229,1
58,266,0
58,293,1
58,369,1
58,443,1
58,451,1
604,58,0
58,712,1
798,58,0
58,1021,1
58,1156,1
58,1380,1
58,1516,1
59,720,0
61,359,1
61,493,1
61,816,1
61,831,0
901,61,0
62,185,1
351,62,0
402,62,0
833,62,0
62,910,1
62,1050,0
1065,62,0
62,1117,1
62,1149,1
1158,62,0
62,1275,1
62,1449,1
117,63,0
63,614,1
63,630,1
63,802,1
63,931,1
64,200,1
64,227,0
64,900,1
1305,64,0
65,196,0
249,65,0
65,300,0
65,520,1
65,549,1
65,744,1
800,65,0
65,888,1
65,1086,1
65,1167,1
1218,65,0
1249,65,0
65,1417,1
66,1314,0
66,1500,0
67,238,0
253,67,0
67,397,1
470,67,0
510,67,0
67,520,1
67,844,1
67,908,1
67,975,1
67,1126,1
67,1268,1
1360,67,0
67,1452,1
68,254,1
68,678,1
892,68,0
68,1219,1
68,1490,1
68,1505,1
1620,68,0
69,114,1
69,118,1
69,204,0
69,1415,1
44,70,0
70,103,1
70,207,1
459,70,0
70,470,1
70,755,1
70,935,1
945,70,0
70,987,1
989,70,0
70,1124,1
70,1273,1
70,1419,1
70,1529,1
71,247,1
71,357,1
71,842,0
71,1116,0
71,1117,0
72,402,1
457,72,0
72,532,1
72,960,1
72,1165,0
72,1251,0
72,1452,1
1604,72,0
51,73,0
73,529,1
620,73,0
73,798,0
73,897,1
947,73,0
73,974,1
73,1033,0
73,1140,0
74,102,1
74,221,1
235,74,0
74,335,1
74,645,1
74,949,1
956,74,0
1294,74,0
74,1523,1
74,1537,1
1538,74,0
74,1545,1
1639,74,0
75,194,1
195,75,0
312,75,0
75,429,0
440,75,0
75,896,1
75,1006,1
75,1471,1
75,1497,1
76,114,1
118,76,0
76,1416,0
76,1564,1
77,64,1
91,77,0
114,77,0
77,118,1
77,237,1
77,239,1
243,77,0
257,77,0
261,77,0
291,77,0
77,369,1
77,384,1
77,412,1
77,414,1
77,446,1
451,77,0
475,77,0
510,77,0
512,77,0
519,77,0
77,538,1
77,539,1
77,557,1
77,564,1
585,77,0
77,587,1
77,593,1
77,618,1
77,628,1
77,639,1
77,650,1
77,675,1
77,688,1
77,691,1
77,696,1
77,726,1
767,77,0
77,858,1
77,868,1
77,892,1
77,893,1
77,912,1
77,923,1
77,948,1
1000,77,0
1010,77,0
1012,77,0
1021,77,0
77,1045,1
77,1061,1
77,1067,1
1093,77,0
77,1097,1
77,1153,1
77,1156,1
77,1188,1
1212,77,0
1284,77,0
1293,77,0
1310,77,0
77,1321,1
1332,77,0
77,1335,1
77,1356,1
77,1363,1
77,1385,1
1398,77,0
77,1406,1
77,1433,0
77,1455,1
77,1519,1
77,1525,1
77,1526,1
1539,77,0
77,1558,1
77,1579,1
77,1582,1
77,1585,1
1615,77,0
77,1616,1
78,84,1
93,78,0
956,78,0
78,1198,1
79,155,1
79,216,0
79,433,1
79,506,1
651,79,0
79,1098,0
79,1224,1
79,1414,1
79,1506,1
169,80,0
1162,80,0
81,229,1
803,81,0
81,810,1
81,1357,1
81,1411,1
82,67,1
82,218,1
246,82,0
82,552,1
590,82,0
82,632,1
82,704,1
82,773,1
82,776,1
82,818,1
884,82,0
82,908,1
82,1129,0
82,1213,1
82,1270,1
1453,82,0
1454,82,0
82,1493,0
82,1626,1
83,2,1
83,31,1
33,83,0
41,83,0
83,71,1
83,98,1
83,100,1
83,120,1
128,83,0
83,138,1
149,83,0
83,152,1
83,155,1
175,83,0
83,183,1
195,83,0
205,83,0
83,216,1
83,219,1
83,224,1
227,83,0
83,229,1
83,251,1
253,83,0
260,83,0
83,265,1
267,83,0
83,269,1
83,275,1
83,279,1
83,283,1
83,286,1
83,289,1
291,83,0
292,83,0
83,314,1
83,330,1
336,83,0
83,341,1
83,342,1
83,347,1
83,353,1
362,83,0
83,368,1
83,371,1
376,83,0
387,83,0
83,393,1
83,410,1
417,83,0
83,423,1
83,426,1
83,430,1
83,437,1
440,83,0
446,83,0
83,453,1
83,463,1
83,466,1
472,83,0
473,83,0
83,489,1
83,492,1
83,502,1
83,504,1
505,83,0
83,509,1
510,83,0
83,522,1
83,523,1
529,83,0
83,533,1
539,83,0
83,540,1
541,83,0
83,544,1
83,554,1
555,83,0
83,560,1
568,83,0
589,83,0
83,591,1
83,598,1
601,83,0
83,613,1
83,615,1
627,83,0
643,83,0
83,656,1
659,83,0
83,661,1
663,83,0
83,675,1
684,83,0
83,687,1
691,83,0
83,694,1
696,83,0
83,698,1
722,83,0
83,724,1
83,728,1
731,83,0
83,735,1
765,83,0
83,770,1
83,774,1
777,83,0
781,83,0
83,783,1
792,83,0
807,83,0
83,810,1
811,83,0
83,813,1
83,817,1
83,822,1
827,83,0
828,83,0
83,838,1
843,83,0
83,849,1
850,83,0
83,858,1
859,83,0
862,83,0
83,866,1
83,871,1
880,83,0
885,83,0
889,83,0
83,891,1
83,894,1
83,925,1
934,83,0
83,938,1
83,951,1
952,83,0
83,963,1
83,965,1
83,978,1
984,83,0
83,996,1
1009,83,0
83,1013,1
83,1016,1
83,1032,1
83,1042,1
83,1043,1
1050,83,0
83,1054,1
83,1055,1
83,1071,1
83,1075,1
1077,83,0
83,1079,1
1103,83,0
83,1113,1
1116,83,0
1130,83,0
1144,83,0
1152,83,0
1153,83,0
83,1159,1
1168,83,0
83,1171,1
1187,83,0
83,1194,1
83,1202,1
83,1204,1
83,1220,1
83,1226,1
83,1229,1
83,1232,1
83,1235,1
83,1237,1
1243,83,0
1244,83,0
1245,83,0
83,1249,1
83,1251,1
1262,83,0
1274,83,0
1277,83,0
83,1281,1
83,1283,1
83,1287,1
83,1290,1
83,1303,1
83,1306,1
83,1309,1
1315,83,0
83,1324,1
83,1325,1
83,1327,1
83,1329,1
83,1331,1
83,1341,1
1342,83,0
83,1346,1
83,1348,1
83,1353,1
83,1356,1
83,1357,1
1367,83,0
83,1374,1
83,1375,1
83,1376,1
1380,83,0
1389,83,0
1401,83,0
1406,83,0
83,1412,1
83,1413,1
83,1420,1
1427,83,0
1445,83,0
1448,83,0
83,1460,1
83,1461,1
83,1468,1
83,1470,1
1477,83,0
83,1481,1
83,1484,1
83,1489,1
83,1491,1
83,1496,1
1497,83,0
83,1504,1
83,1508,1
1510,83,0
1515,83,0
83,1518,1
83,1535,1
83,1539,1
83,1542,1
1547,83,0
83,1555,1
1557,83,0
83,1558,1
83,1569,1
1576,83,0
83,1578,1
1582,83,0
83,1599,1
1600,83,0
83,1601,1
83,1613,1
1615,83,0
83,1623,1
83,1625,1
1628,83,0
83,1630,1
1632,83,0
84,524,0
813,84,0
84,1471,0
85,112,1
85,238,1
835,85,0
85,854,1
862,85,0
85,897,1
85,1128,1
85,1282,1
85,1505,0
86,419,1
86,538,1
902,86,0
1062,86,0
1183,86,0
86,1332,1
1359,86,0
86,1378,1
87,79,1
160,87,0
268,87,0
87,415,1
87,485,0
506,87,0
508,87,0
87,638,1
743,87,0
847,87,0
87,943,1
87,947,1
87,1107,1
1125,87,0
87,1350,1
87,1506,1
563,89,0
89,1090,1
89,1120,1
89,1247,1
90,142,1
90,152,0
90,306,1
90,322,1
324,90,0
90,399,0
90,553,1
617,90,0
90,749,0
90,799,1
863,90,0
90,956,0
90,1133,1
90,1236,1
90,1263,1
90,1291,1
90,1391,1
90,1475,1
90,1604,1
90,1633,1
219,91,0
91,340,1
355,91,0
357,91,0
360,91,0
91,405,1
91,422,1
435,91,0
501,91,0
507,91,0
91,527,1
91,553,1
737,91,0
91,779,1
91,810,1
91,864,1
91,983,1
91,991,1
1038,91,0
1059,91,0
1120,91,0
1140,91,0
1268,91,0
1286,91,0
91,1295,1
1357,91,0
1429,91,0
91,1524,1
91,1549,1
91,1595,1
91,1606,1
92,916,1
92,1142,1
92,1550,0
1636,92,0
93,408,0
93,428,0
93,431,1
93,1295,1
93,1314,0
93,1549,1
94,198,1
94,199,1
94,220,1
234,94,0
94,241,1
306,94,0
94,374,1
94,401,1
458,94,0
469,94,0
551,94,0
94,749,1
94,995,1
94,1019,1
94,1025,1
94,1051,1
94,1072,1
94,1105,1
1106,94,0
1132,94,0
1155,94,0
94,1169,1
94,1217,1
94,1223,1
1260,94,0
94,1295,1
94,1366,1
94,1430,1
94,1443,1
1454,94,0
95,109,1
95,134,1
281,95,0
494,95,0
95,847,1
95,879,0
95,883,1
95,1115,1
1480,95,0
419,96,0
96,471,1
96,903,1
96,1017,1
96,1063,1
96,1092,1
1160,96,0
96,1175,1
96,1189,1
96,1248,0
96,1522,1
1566,96,0
97,15,1
97,307,1
97,407,0
439,97,0
97,490,0
530,97,0
709,97,0
97,762,1
1166,97,0
97,1514,1
98,125,1
98,128,1
98,266,0
98,506,1
98,823,1
1040,98,0
98,1205,1
98,1388,1
98,1396,1
1440,98,0
1465,98,0
1533,98,0
99,5,1
99,115,1
99,211,1
99,220,1
99,301,1
99,360,0
370,99,0
99,409,1
99,474,1
99,488,0
99,516,1
99,588,1
99,603,1
605,99,0
99,644,1
99,672,1
773,99,0
779,99,0
99,791,1
99,832,1
841,99,0
99,873,0
901,99,0
99,947,1
99,955,1
1018,99,0
99,1101,1
99,1164,1
99,1284,1
1288,99,0
1296,99,0
99,1349,1
1425,99,0
99,1523,1
1593,99,0
99,1639,1
100,316,1
100,349,1
372,100,0
389,100,0
100,730,0
746,100,0
100,770,1
100,859,1
100,866,0
100,909,1
100,963,1
100,1071,1
100,1079,1
100,1134,1
100,1222,1
100,1342,1
100,1408,0
1445,100,0
100,1469,1
100,1477,1
100,1484,1
1554,100,0
101,172,1
101,1188,1
202,102,0
102,282,0
103,875,0
1441,103,0
392,104,0
104,405,1
104,406,0
510,104,0
104,1246,1
543,105,0
105,784,1
105,1239,0
105,1395,1
106,511,1
106,558,1
629,106,0
106,1510,1
1622,106,0
107,826,1
107,1588,1
1610,107,0
108,210,1
108,315,1
108,483,1
108,548,1
108,607,1
108,797,1
1108,108,0
108,1254,1
1405,108,0
109,100,1
107,109,0
109,177,1
109,180,1
109,186,1
196,109,0
109,217,1
109,228,1
276,109,0
316,109,0
109,331,1
109,336,1
109,376,1
378,109,0
109,389,1
393,109,0
410,109,0
420,109,0
109,454,1
505,109,0
109,510,1
109,526,1
565,109,0
109,566,1
109,598,1
631,109,0
653,109,0
109,681,1
109,726,1
109,746,1
752,109,0
109,753,1
109,765,1
109,780,1
813,109,0
109,876,1
109,885,1
109,906,1
109,909,1
917,109,0
109,958,1
968,109,0
109,991,0
109,1020,1
1073,109,0
109,1077,1
1082,109,0
109,1144,1
109,1155,1
1191,109,0
109,1192,1
109,1229,1
1241,109,0
1279,109,0
1312,109,0
109,1328,1
109,1350,1
109,1377,0
109,1387,1
109,1393,1
1420,109,0
109,1444,1
109,1469,1
109,1472,1
109,1494,1
109,1498,1
109,1509,1
109,1512,1
109,1531,1
109,1554,1
109,1583,0
109,1623,1
109,1624,1
1631,109,0
110,314,1
380,110,0
110,437,1
110,547,1
110,669,0
110,698,1
817,110,0
110,1302,0
1628,110,0
163,111,0
111,208,0
111,269,1
438,111,0
878,111,0
111,892,0
111,1079,0
111,1145,1
111,1292,1
299,112,0
112,417,1
112,504,0
112,1225,0
112,1444,0
1521,112,0
114,208,0
114,223,1
114,265,1
279,114,0
114,296,1
348,114,0
114,372,1
114,373,1
114,377,1
114,406,1
448,114,0
114,464,1
114,494,1
114,521,1
114,537,1
114,556,1
114,586,1
114,597,1
114,640,1
114,648,1
114,664,1
114,668,1
114,708,1
753,114,0
768,114,0
114,808,1
114,856,1
114,865,1
114,885,1
114,895,1
114,910,1
114,951,1
1008,114,0
1026,114,0
114,1041,1
1054,114,0
114,1074,1
114,1078,1
114,1115,1
114,1127,1
1136,114,0
1141,114,0
114,1143,1
114,1151,1
114,1152,1
114,1172,1
1198,114,0
1229,114,0
1262,114,0
114,1317,1
114,1328,0
114,1339,1
114,1359,1
114,1374,1
1393,114,0
114,1409,1
114,1420,1
114,1427,1
1437,114,0
114,1480,1
114,1498,1
114,1504,1
114,1529,1
114,1573,1
114,1635,1
114,1637,1
114,1638,1
115,108,1
292,115,0
115,315,1
382,115,0
115,415,0
115,656,1
115,856,1
115,1124,1
115,1255,0
115,1283,0
1460,115,0
1518,115,0
116,486,1
116,577,1
1094,116,0
116,1206,1
116,1335,0
1371,116,0
116,1495,1
117,442,1
117,584,1
117,647,1
117,687,0
117,791,1
117,853,1
117,1148,1
117,1618,1
118,200,1
265,118,0
118,348,1
118,372,1
118,373,1
118,377,1
118,489,1
494,118,0
118,521,1
118,537,1
118,556,1
640,118,0
648,118,0
118,708,1
118,753,1
118,768,1
808,118,0
850,118,0
865,118,0
118,866,1
885,118,0
118,910,1
118,951,1
996,118,0
118,1041,1
1078,118,0
118,1127,1
1136,118,0
118,1143,1
118,1151,1
1152,118,0
118,1172,1
118,1198,1
118,1220,1
118,1222,1
118,1229,1
118,1234,1
118,1235,1
118,1237,1
118,1262,1
1339,118,0
118,1359,1
118,1374,1
118,1401,0
118,1409,1
118,1420,1
118,1425,1
118,1427,1
1446,118,0
118,1472,1
118,1480,1
118,1498,1
1529,118,0
118,1573,1
118,1638,1
1,119,0
119,2,1
4,119,0
119,11,1
119,12,1
119,18,1
119,26,1
119,38,1
48,119,0
119,57,1
119,61,1
72,119,0
119,79,1
119,87,1
96,119,0
108,119,0
119,112,1
119,114,1
118,119,0
119,125,1
119,128,1
134,119,0
119,136,1
119,141,1
119,149,1
119,151,1
155,119,0
163,119,0
164,119,0
119,170,1
178,119,0
119,188,1
119,192,1
194,119,0
119,195,1
119,199,1
119,202,1
119,205,1
119,209,1
119,226,1
119,230,1
119,231,1
119,234,1
119,237,1
238,119,0
119,240,1
244,119,0
119,250,1
119,253,1
119,256,1
119,273,1
119,287,1
291,119,0
119,293,1
119,299,1
119,302,1
312,119,0
315,119,0
119,320,1
119,331,1
333,119,0
334,119,0
119,342,1
344,119,0
119,349,1
358,119,0
119,361,1
365,119,0
119,374,1
385,119,0
119,391,1
119,395,1
119,402,1
119,405,1
119,411,1
119,419,1
423,119,0
119,428,1
119,433,1
119,442,1
119,444,1
446,119,0
119,454,1
119,457,1
119,467,1
119,471,1
119,477,1
119,481,1
486,119,0
119,491,1
119,493,1
119,494,1
119,495,1
500,119,0
503,119,0
509,119,0
119,515,1
528,119,0
119,531,1
119,538,1
119,539,1
119,543,1
546,119,0
119,551,1
119,553,1
554,119,0
119,570,1
119,576,1
119,578,1
587,119,0
119,600,1
602,119,0
119,606,1
119,609,1
119,611,1
614,119,0
619,119,0
119,626,1
119,630,1
641,119,0
119,642,1
119,647,1
652,119,0
119,655,1
658,119,0
662,119,0
119,666,1
119,669,1
119,674,1
119,675,1
676,119,0
677,119,0
119,683,1
119,685,1
696,119,0
119,705,1
711,119,0
713,119,0
119,714,1
721,119,0
723,119,0
119,727,1
730,119,0
738,119,0
119,739,1
754,119,0
119,756,1
764,119,0
119,769,1
119,770,1
788,119,0
119,789,1
119,793,1
119,802,1
119,807,1
119,812,1
819,119,0
119,823,1
119,827,1
119,830,1
119,844,1
847,119,0
119,848,1
119,851,1
853,119,0
119,854,1
119,855,1
857,119,0
119,859,1
119,861,1
119,863,1
119,868,1
119,877,1
879,119,0
119,883,1
119,886,1
119,893,1
896,119,0
119,897,1
119,898,1
119,901,1
119,903,1
119,912,1
914,119,0
920,119,0
923,119,0
119,927,1
119,928,1
119,929,1
119,933,1
943,119,0
119,944,1
119,950,1
957,119,0
959,119,0
960,119,0
962,119,0
966,119,0
970,119,0
979,119,0
119,986,1
988,119,0
119,990,1
995,119,0
119,1003,1
1006,119,0
119,1007,1
1010,119,0
119,1013,1
119,1017,1
1022,119,0
119,1023,1
119,1029,1
1033,119,0
1034,119,0
119,1040,1
1044,119,0
119,1046,1
1065,119,0
1069,119,0
1080,119,0
1085,119,0
119,1092,1
119,1100,1
119,1106,1
119,1107,1
1109,119,0
1110,119,0
119,1115,1
1117,119,0
119,1121,1
1132,119,0
119,1138,1
119,1142,1
1148,119,0
119,1149,1
119,1153,1
119,1158,1
119,1160,1
1163,119,0
119,1169,1
1181,119,0
1185,119,0
119,1186,1
119,1187,1
1189,119,0
119,1193,1
119,1194,1
1196,119,0
1197,119,0
1200,119,0
119,1202,1
119,1206,1
119,1210,1
119,1217,1
119,1220,1
119,1221,1
119,1224,1
119,1236,1
1238,119,0
119,1239,1
1246,119,0
119,1251,1
1261,119,0
119,1263,1
119,1274,1
119,1280,1
119,1284,1
119,1287,1
119,1291,1
119,1293,1
119,1305,1
119,1306,1
119,1310,1
119,1315,1
119,1319,1
119,1320,1
1321,119,0
119,1323,1
119,1331,1
1334,119,0
119,1342,1
119,1350,1
119,1356,1
119,1363,1
119,1368,1
1371,119,0
1382,119,0
119,1384,1
119,1391,1
119,1396,1
119,1400,1
119,1413,1
1414,119,0
119,1421,1
119,1423,1
1438,119,0
1442,119,0
119,1445,1
1454,119,0
1456,119,0
119,1457,1
119,1459,1
119,1464,1
119,1471,1
119,1475,1
119,1477,1
119,1478,1
119,1480,1
1495,119,0
1500,119,0
119,1506,1
1513,119,0
1515,119,0
119,1522,1
119,1526,1
119,1532,1
119,1544,1
119,1546,1
1551,119,0
119,1553,1
119,1555,1
119,1558,1
1565,119,0
1566,119,0
119,1568,1
1569,119,0
1570,119,0
119,1579,1
119,1582,1
119,1584,1
1591,119,0
119,1599,1
119,1604,1
1607,119,0
119,1612,1
1616,119,0
1618,119,0
1621,119,0
119,1629,1
119,1633,1
119,1636,1
119,1639,1
119,1640,1
119,1641,1
120,9,1
120,105,1
128,120,0
120,130,1
120,151,1
216,120,0
120,235,1
120,250,1
120,253,1
120,267,1
270,120,0
120,271,1
120,291,1
307,120,0
120,309,1
333,120,0
120,335,1
336,120,0
347,120,0
120,366,1
120,391,1
120,409,1
120,422,1
120,440,1
120,442,1
446,120,0
120,453,1
473,120,0
120,479,1
495,120,0
514,120,0
520,120,0
120,539,1
120,549,1
120,568,1
120,572,1
580,120,0
592,120,0
120,644,1
657,120,0
120,661,1
120,662,1
120,675,1
687,120,0
120,693,1
120,696,1
120,722,1
120,730,1
120,732,1
759,120,0
765,120,0
120,774,1
120,777,1
120,784,1
120,789,1
120,832,1
120,843,1
120,849,1
120,886,1
120,954,1
120,972,1
1009,120,0
120,1013,1
1016,120,0
120,1042,1
120,1043,1
120,1047,1
120,1058,1
120,1064,1
120,1113,1
1116,120,0
120,1148,1
120,1152,1
120,1153,1
120,1167,1
1168,120,0
120,1208,1
120,1210,1
120,1214,1
120,1218,1
1220,120,0
120,1231,1
120,1232,1
120,1262,1
1281,120,0
120,1294,1
1309,120,0
120,1321,1
120,1331,1
120,1341,1
120,1346,1
120,1349,1
120,1363,1
120,1369,1
1376,120,0
1378,120,0
1398,120,0
120,1400,1
1401,120,0
120,1412,1
1416,120,0
120,1417,1
120,1454,1
120,1476,1
1539,120,0
120,1542,1
120,1545,1
120,1557,1
1558,120,0
120,1578,1
120,1601,1
1616,120,0
1618,120,0
120,1619,1
1632,120,0
1638,120,0
120,1639,1
108,121,0
121,114,1
118,121,0
121,161,1
121,315,1
121,677,0
121,757,1
795,121,0
121,862,0
121,1190,1
121,1216,1
121,1245,0
121,1581,1
1639,121,0
122,415,1
122,508,1
122,515,1
122,723,1
926,122,0
122,970,1
1546,122,0
123,349,0
123,732,0
123,968,0
124,620,1
124,682,1
124,805,1
124,1124,1
125,15,1
125,128,1
125,186,1
396,125,0
125,670,0
125,671,1
125,702,1
125,783,1
823,125,0
125,922,1
125,930,1
125,948,1
991,125,0
125,1040,1
1049,125,0
125,1194,1
1205,125,0
125,1265,1
1305,125,0
125,1321,1
125,1356,1
125,1476,1
1539,125,0
125,1558,1
125,1617,1
1620,125,0
259,126,0
126,352,1
126,438,1
126,465,1
126,590,0
1218,126,0
126,1351,0
126,1551,0
127,30,1
127,125,1
127,251,1
127,285,1
127,326,1
127,623,1
127,670,1
127,1258,1
1466,127,0
128,135,1
128,289,1
128,624,1
128,751,1
128,874,1
1083,128,0
128,1128,1
128,1202,1
128,1265,1
1266,128,0
128,1368,1
128,1396,1
1465,128,0
128,1533,1
128,1617,1
129,270,1
436,129,0
129,643,1
130,270,1
130,850,1
130,1241,1
131,61,1
131,334,0
131,482,1
830,131,0
131,1082,1
131,1163,1
131,1583,1
13,132,0
98,132,0
128,132,0
211,132,0
132,370,1
132,409,1
832,132,0
132,892,1
132,985,1
132,1288,1
132,1295,1
132,1349,1
1549,132,0
132,1597,1
133,14,1
84,133,0
152,133,0
400,133,0
133,425,1
133,513,1
133,932,1
998,133,0
133,1024,1
1085,133,0
133,1150,0
1352,133,0
133,1541,1
494,134,0
134,674,1
134,847,1
134,883,1
134,1115,1
134,1458,0
1480,134,0
134,1498,1
135,14,1
135,15,1
135,31,1
135,62,1
135,114,1
135,118,1
135,133,1
135,161,1
185,135,0
135,241,1
272,135,0
135,317,1
135,320,1
135,338,1
135,379,1
398,135,0
403,135,0
135,415,1
135,416,1
135,424,1
135,430,1
135,447,1
135,468,1
135,480,1
559,135,0
135,564,1
607,135,0
135,610,1
135,614,1
620,135,0
629,135,0
135,630,1
657,135,0
674,135,0
135,676,1
135,686,1
702,135,0
135,720,1
725,135,0
135,742,1
745,135,0
135,749,1
772,135,0
783,135,0
790,135,0
795,135,0
135,802,1
831,135,0
135,868,1
881,135,0
135,902,1
135,905,1
936,135,0
135,940,1
1027,135,0
135,1088,1
1091,135,0
1095,135,0
135,1111,1
1113,135,0
135,1118,1
1131,135,0
135,1147,1
1150,135,0
135,1158,1
135,1187,1
135,1202,1
1205,135,0
135,1207,1
135,1257,1
135,1260,1
135,1265,1
1271,135,0
135,1297,1
135,1298,0
1299,135,0
135,1323,1
135,1327,1
135,1351,1
1352,135,0
135,1370,1
135,1372,1
135,1393,1
135,1429,1
135,1441,1
135,1449,1
135,1465,1
135,1472,1
135,1476,1
135,1483,1
135,1486,1
135,1498,1
135,1499,1
135,1507,1
135,1508,1
135,1510,1
1536,135,0
135,1550,1
135,1552,0
135,1561,1
135,1562,1
135,1563,1
135,1600,1
135,1617,1
1,136,0
136,331,1
136,407,0
136,568,0
136,609,1
136,641,0
136,705,1
754,136,0
136,927,1
136,1221,1
136,1532,1
137,214,1
137,222,1
230,137,0
619,137,0
137,877,1
137,1066,0
137,1080,1
1121,137,0
137,1186,1
1319,137,0
137,1382,1
137,1457,1
1464,137,0
137,1513,1
137,1640,1
138,404,1
138,686,0
138,735,1
138,1367,1
138,1389,1
675,139,0
139,711,1
139,959,1
139,988,1
139,1003,1
139,1393,1
139,1404,1
139,1532,1
2,140,0
140,84,1
140,100,1
140,114,1
140,118,1
140,121,1
140,170,1
140,193,1
140,216,1
243,140,0
254,140,0
275,140,0
140,282,1
140,290,1
292,140,0
140,304,1
140,309,1
140,316,1
140,318,1
324,140,0
140,328,1
342,140,0
140,347,1
362,140,0
140,375,1
140,387,1
140,389,1
140,393,1
140,415,1
429,140,0
140,446,1
140,474,1
140,479,1
140,480,1
140,484,1
140,509,1
140,529,1
140,545,1
140,562,1
140,572,1
591,140,0
612,140,0
617,140,0
140,619,1
628,140,0
140,645,1
140,656,1
678,140,0
696,140,0
140,711,1
140,719,1
140,726,1
728,140,0
140,731,1
140,745,1
746,140,0
140,754,1
757,140,0
140,765,1
771,140,0
140,774,1
777,140,0
140,778,1
140,795,1
140,813,1
140,821,1
822,140,0
140,833,0
845,140,0
140,849,1
140,850,1
872,140,0
877,140,0
886,140,0
140,900,1
140,909,1
140,913,1
925,140,0
140,933,1
140,949,1
140,959,1
140,976,1
988,140,0
140,990,1
1009,140,0
140,1013,1
140,1042,1
1043,140,0
1056,140,0
140,1062,1
140,1080,1
1088,140,0
140,1106,1
140,1111,1
1121,140,0
140,1122,1
1134,140,0
1147,140,0
140,1154,1
140,1159,1
1180,140,0
140,1188,1
140,1191,1
140,1193,1
140,1194,1
140,1195,1
1201,140,0
1202,140,0
140,1210,1
140,1219,1
140,1229,1
1236,140,0
140,1238,1
1249,140,0
1263,140,0
1272,140,0
1275,140,0
1277,140,0
1282,140,0
1291,140,0
140,1300,1
140,1309,1
1315,140,0
140,1319,1
140,1326,1
140,1331,1
140,1341,1
1351,140,0
1363,140,0
1369,140,0
140,1391,1
140,1403,1
140,1404,1
140,1420,1
140,1460,1
140,1469,1
1481,140,0
140,1489,1
1490,140,0
1491,140,0
1505,140,0
140,1513,1
1518,140,0
140,1535,1
140,1536,1
140,1599,1
140,1620,1
1630,140,0
140,1632,1
140,1633,1
140,1640,1
141,72,1
287,141,0
141,334,1
141,442,1
606,141,0
641,141,0
141,855,1
141,1431,0
141,1496,1
141,1516,0
142,34,1
142,266,1
325,142,0
747,142,0
1084,142,0
142,1267,1
142,1493,1
142,1560,1
143,243,1
143,249,1
279,143,0
143,428,1
143,489,1
549,143,0
143,550,1
143,569,1
143,628,1
143,723,1
143,726,1
143,744,1
888,143,0
895,143,0
143,941,1
143,1086,1
143,1143,1
143,1191,1
143,1235,1
143,1427,1
143,1434,1
143,1506,0
143,1585,1
144,174,1
144,355,1
613,144,0
809,144,0
145,434,1
145,475,1
676,145,0
857,145,0
146,256,0
146,448,0
146,622,0
146,673,0
146,770,0
1015,146,0
147,1076,0
147,1607,0
196,148,0
148,600,0
775,148,0
875,148,0
148,1261,0
148,1334,1
148,1337,1
508,149,0
149,839,0
149,894,1
149,1196,1
149,1515,1
1547,149,0
150,282,0
150,337,1
760,150,0
829,150,0
150,1605,1
151,471,1
151,576,1
151,721,1
151,863,1
151,891,0
151,918,1
151,1438,1
152,197,0
1476,152,0
153,157,0
153,771,1
153,845,1
153,882,0
153,1300,1
154,350,1
154,351,1
434,154,0
154,614,0
154,841,1
154,848,0
154,1063,1
155,253,1
155,311,1
505,155,0
155,538,1
155,1284,1
155,1321,1
155,1356,1
155,1523,1
1526,155,0
1558,155,0
155,1572,1
156,215,0
156,750,0
157,3,1
157,294,1
490,157,0
157,695,1
157,750,1
157,1081,1
157,1096,1
1135,157,0
157,1358,1
157,1433,1
158,114,1
158,118,1
692,158,0
158,829,0
159,249,1
159,260,1
279,159,0
159,342,1
159,368,1
371,159,0
159,464,1
159,472,1
159,504,1
549,159,0
159,598,1
159,684,1
159,744,1
781,159,0
159,792,1
159,813,1
159,850,1
933,159,0
159,996,1
1008,159,0
1054,159,0
159,1077,1
159,1086,1
159,1103,1
159,1229,1
1234,159,0
159,1235,1
1237,159,0
1283,159,0
159,1374,1
159,1417,1
159,1420,1
159,1427,1
159,1484,1
159,1504,1
1509,159,0
1600,159,0
159,1625,1
160,191,1
293,160,0
160,329,1
160,481,1
160,608,0
625,160,0
706,160,0
160,1035,1
160,1163,0
160,1248,1
160,1259,1
1516,160,0
624,161,0
665,161,0
952,161,0
161,1310,0
303,162,0
162,310,1
162,407,1
162,733,1
162,809,0
162,926,1
162,927,0
162,941,1
1061,162,0
162,1089,1
162,1320,0
162,1461,0
314,163,0
163,677,1
163,714,1
788,163,0
163,928,1
163,1197,1
164,24,1
247,164,0
164,263,1
164,301,1
164,421,1
432,164,0
164,950,1
164,982,1
164,1018,1
164,1170,1
1203,164,0
164,1211,1
164,1264,1
164,1363,1
164,1465,1
164,1604,0
164,1617,1
165,1496,0
269,166,0
166,278,1
445,166,0
814,166,0
1137,166,0
166,1245,0
166,1348,1
2,167,0
167,228,0
167,383,0
167,1040,0
167,1251,1
1287,167,0
167,1491,1
167,1535,1
167,1571,0
168,826,0
883,168,0
894,168,0
168,977,1
168,987,1
1239,168,0
168,1362,1
168,1502,1
169,15,1
169,108,1
169,114,1
169,307,1
169,315,1
169,328,1
444,169,0
169,757,1
887,169,0
1063,169,0
169,1228,1
169,1282,1
169,1377,1
169,1379,1
169,1608,1
4,170,0
170,12,1
18,170,0
170,151,1
212,170,0
170,232,1
170,234,1
249,170,0
255,170,0
170,264,1
269,170,0
291,170,0
170,292,1
170,297,1
170,302,1
332,170,0
335,170,0
170,339,1
170,346,1
170,356,1
170,358,1
170,387,1
170,388,1
391,170,0
405,170,0
408,170,0
427,170,0
170,450,1
170,454,1
170,455,1
170,468,1
170,487,1
494,170,0
170,503,1
170,515,1
170,519,1
170,529,1
170,545,1
561,170,0
170,575,1
576,170,0
170,579,1
170,580,1
170,591,1
170,607,1
170,629,1
634,170,0
170,636,1
170,643,1
170,656,1
660,170,0
683,170,0
170,693,1
170,705,1
170,721,1
170,722,1
170,723,1
170,728,1
170,734,1
170,742,1
745,170,0
170,757,1
170,758,1
170,763,1
170,777,1
170,790,1
796,170,0
798,170,0
170,801,1
170,807,1
819,170,0
170,825,1
170,831,1
850,170,0
170,863,1
170,885,1
888,170,0
170,899,1
907,170,0
915,170,0
170,919,1
932,170,0
170,939,1
170,950,1
170,970,1
999,170,0
170,1001,1
1023,170,0
1036,170,0
170,1040,1
170,1043,1
170,1048,1
1057,170,0
170,1066,1
170,1086,1
1094,170,0
170,1104,1
170,1115,1
1120,170,0
170,1131,1
170,1132,1
170,1148,0
170,1150,1
170,1169,1
170,1178,1
1184,170,0
1187,170,0
170,1199,1
1202,170,0
170,1207,1
170,1220,1
170,1229,1
170,1232,1
1247,170,0
1262,170,0
1269,170,0
170,1271,1
170,1277,1
170,1295,1
170,1309,1
170,1313,1
170,1314,1
170,1320,0
1326,170,0
1333,170,0
1338,170,0
170,1343,1
1370,170,0
1372,170,0
1374,170,0
170,1407,1
1411,170,0
170,1420,1
170,1424,1
1429,170,0
1432,170,0
1435,170,0
1438,170,0
170,1454,1
170,1467,1
1478,170,0
1482,170,0
1486,170,0
170,1503,0
170,1509,1
170,1516,1
170,1532,1
1543,170,0
1546,170,0
170,1550,1
170,1557,1
1562,170,0
1563,170,0
170,1580,1
170,1592,1
170,1598,1
170,1600,1
170,1601,1
1629,170,0
170,1641,1
172,283,1
172,777,0
1238,172,0
172,1291,1
173,321,1
173,1256,1
1473,173,0
174,809,1
175,31,1
149,175,0
227,175,0
175,249,1
260,175,0
175,279,1
175,291,1
175,292,1
175,347,1
175,362,1
175,366,1
175,368,1
387,175,0
417,175,0
175,422,1
463,175,0
175,464,1
472,175,0
489,175,0
175,502,1
504,175,0
175,514,1
529,175,0
549,175,0
591,175,0
175,598,1
615,175,0
175,643,1
175,684,1
175,694,1
175,722,1
175,735,1
759,175,0
175,777,1
175,792,1
849,175,0
175,850,1
866,175,0
175,888,1
175,895,1
175,925,1
933,175,0
175,951,1
1008,175,0
175,1054,1
175,1058,1
175,1077,1
175,1086,1
175,1103,1
175,1116,1
175,1143,1
1171,175,0
175,1214,1
175,1229,1
175,1232,1
1234,175,0
1235,175,0
1237,175,0
175,1274,1
175,1281,1
175,1309,1
175,1325,1
175,1331,1
1345,175,0
175,1361,1
175,1367,1
175,1389,1
175,1413,1
175,1416,1
1417,175,0
175,1468,1
1509,175,0
1515,175,0
175,1518,1
175,1547,1
1557,175,0
1580,175,0
1600,175,0
175,1601,1
175,1625,1
176,146,1
176,795,1
176,798,0
176,841,1
1235,176,0
176,1288,1
1296,176,0
176,1475,0
176,1589,0
178,403,1
178,826,0
179,777,1
179,1254,1
179,1326,0
179,1538,1
181,31,1
181,37,1
108,181,0
197,181,0
181,225,1
285,181,0
181,308,1
181,311,1
181,315,1
181,323,1
181,343,1
181,396,1
443,181,0
181,444,1
499,181,0
181,548,1
181,571,1
573,181,0
181,608,1
181,609,1
621,181,0
181,633,1
671,181,0
741,181,0
181,754,1
786,181,0
787,181,0
797,181,0
838,181,0
181,918,1
181,930,1
181,992,1
1052,181,0
181,1060,1
181,1062,1
1108,181,0
181,1209,1
1227,181,0
181,1276,1
1280,181,0
181,1302,1
181,1332,1
1354,181,0
1364,181,0
181,1408,1
1447,181,0
1451,181,0
1474,181,0
181,1536,0
1567,181,0
182,449,1
182,521,1
785,182,0
183,349,1
183,859,1
183,1445,1
1477,183,0
183,1555,1
183,1569,1
434,184,0
184,464,1
184,678,1
184,871,0
184,969,0
185,820,1
833,185,0
185,1117,1
185,1149,1
185,1158,1
1449,185,0
54,186,0
186,57,1
186,71,1
186,212,1
186,215,1
186,229,1
262,186,0
186,361,1
381,186,0
186,403,1
186,424,1
186,480,1
186,482,1
499,186,0
186,607,1
186,610,1
620,186,0
186,629,1
186,630,1
186,706,1
186,733,1
186,736,1
186,742,1
186,758,1
186,790,1
795,186,0
186,802,1
824,186,0
186,831,1
872,186,0
881,186,0
186,902,1
186,913,1
186,921,1
186,924,1
186,931,1
186,966,1
186,981,1
1028,186,0
186,1062,1
186,1111,1
1131,186,0
186,1150,1
186,1194,1
186,1195,1
1205,186,0
186,1225,1
1253,186,0
1271,186,0
186,1297,1
186,1305,1
1322,186,0
186,1332,1
186,1338,1
1372,186,0
186,1403,1
186,1415,1
186,1429,1
186,1441,1
186,1456,1
186,1486,1
1550,186,0
1562,186,0
186,1563,1
1565,186,0
186,1577,1
1598,186,0
186,1641,1
187,824,1
873,187,0
187,920,0
937,187,0
187,1092,0
187,1149,0
187,1257,1
187,1381,1
1447,187,0
187,1488,1
188,879,1
188,1030,0
188,1544,1
190,245,1
288,190,0
190,697,0
744,190,0
190,951,1
190,961,1
190,1054,0
1347,190,0
190,1596,1
191,413,0
191,553,1
191,625,1
754,191,0
191,806,1
914,191,0
1035,191,0
1252,191,0
191,1303,1
1516,191,0
192,1139,1
192,1607,1
193,2,1
193,71,1
193,78,1
193,84,1
193,90,1
193,100,1
193,114,1
193,118,1
193,121,1
193,170,1
193,202,1
193,230,1
193,243,1
193,250,1
193,275,1
193,277,1
292,193,0
302,193,0
309,193,0
193,316,1
193,318,1
322,193,0
324,193,0
193,328,1
193,342,1
347,193,0
362,193,0
375,193,0
193,387,1
393,193,0
403,193,0
193,415,1
193,429,1
446,193,0
193,474,1
193,479,1
480,193,0
193,491,1
193,504,1
545,193,0
193,562,1
193,572,1
591,193,0
193,612,1
193,619,1
645,193,0
656,193,0
193,663,1
193,678,1
193,711,1
719,193,0
193,722,1
728,193,0
193,731,1
193,732,1
193,769,1
774,193,0
193,778,1
193,795,1
193,813,1
193,822,1
849,193,0
193,850,1
193,868,1
871,193,0
877,193,0
193,886,1
900,193,0
193,906,1
909,193,0
193,913,1
193,925,1
933,193,0
193,949,1
193,959,1
969,193,0
976,193,0
193,987,1
193,1009,1
193,1032,1
193,1042,1
193,1043,1
1056,193,0
193,1080,1
193,1106,1
1137,193,0
1144,193,0
193,1147,1
193,1153,1
1159,193,0
1168,193,0
193,1180,1
193,1188,1
193,1194,1
193,1195,1
193,1210,1
193,1225,1
1228,193,0
193,1232,1
193,1236,1
1249,193,0
193,1251,1
193,1263,1
1272,193,0
193,1275,1
193,1277,1
193,1291,1
1295,193,0
1297,193,0
1300,193,0
193,1305,1
1309,193,0
193,1314,1
193,1319,1
1324,193,0
193,1326,1
193,1331,1
193,1351,1
193,1362,1
193,1369,1
193,1403,1
193,1404,1
193,1420,1
1457,193,0
193,1460,1
193,1469,1
1475,193,0
1481,193,0
193,1490,1
193,1491,1
193,1505,1
193,1513,1
1535,193,0
193,1549,1
1584,193,0
193,1600,1
1620,193,0
193,1632,1
193,1640,1
193,1641,1
194,35,1
234,194,0
194,466,1
194,542,0
194,776,1
194,854,1
194,896,1
194,1006,1
194,1298,0
1519,194,0
196,1405,0
201,620,0
201,1198,0
203,1022,0
204,483,0
205,414,0
205,605,0
205,1102,0
205,1550,0
207,1145,0
207,1566,0
208,553,0
209,1029,0
210,1199,0
211,562,0
211,1108,0
211,1139,0
211,1410,0
212,659,0
212,1008,0
214,685,0
214,868,0
215,814,0
216,497,0
216,1045,0
216,1147,0
218,320,0
218,1030,0
218,1463,0
222,1186,0
224,447,0
224,653,0
225,411,0
226,1099,0
226,1401,0
227,1627,0
228,467,0
228,1396,0
229,728,0
229,1362,0
230,425,0
230,822,0
230,1085,0
232,633,0
232,1591,0
233,451,0
233,1553,0
234,862,0
234,888,0
235,236,0
235,1359,0
236,793,0
237,488,0
239,363,0
239,824,0
239,944,0
239,1257,0
240,479,0
241,872,0
242,373,0
242,1356,0
244,873,0
245,610,0
246,696,0
246,1520,0
247,462,0
247,521,0
247,554,0
247,926,0
248,1353,0
250,932,0
251,478,0
253,564,0
255,262,0
257,730,0
258,533,0
259,1101,0
260,706,0
260,1001,0
262,1306,0
264,1625,0
265,322,0
266,1589,0
267,1190,0
268,750,0
268,977,0
268,1380,0
268,1405,0
271,399,0
274,1034,0
275,563,0
275,846,0
276,384,0
277,1166,0
277,1248,0
280,1115,0
280,1392,0
280,1587,0
281,540,0
282,1434,0
282,1564,0
284,428,0
284,512,0
284,1362,0
285,639,0
286,1238,0
288,1511,0
288,1543,0
289,1084,0
290,488,0
291,426,0
291,800,0
291,1374,0
292,1225,0
292,1388,0
294,835,0
294,1037,0
296,605,0
296,1331,0
297,1271,0
298,1474,0
299,834,0
300,1397,0
301,877,0
302,1007,0
303,1097,0
303,1172,0
306,1514,0
308,554,0
309,520,0
309,552,0
309,705,0
309,795,0
310,1053,0
310,1259,0
311,1639,0
312,947,0
313,410,0
314,526,0
314,838,0
315,380,0
315,1217,0
316,383,0
316,869,0
318,1602,0
319,784,0
319,855,0
320,1454,0
321,518,0
321,1523,0
323,481,0
323,611,0
323,630,0
324,1440,0
324,1509,0
326,1408,0
327,756,0
327,1141,0
327,1501,0
327,1602,0
329,867,0
329,1504,0
330,452,0
330,1586,0
331,1298,0
334,587,0
334,861,0
334,1175,0
335,1006,0
336,377,0
337,399,0
339,1479,0
341,478,0
342,1451,0
344,1123,0
345,785,0
345,1095,0
346,610,0
346,790,0
346,917,0
346,946,0
347,1133,0
349,715,0
349,1044,0
350,510,0
350,785,0
350,1061,0
350,1150,0
353,891,0
354,1390,0
356,778,0
356,1122,0
356,1448,0
357,1386,0
358,1493,0
359,547,0
360,462,0
360,1545,0
361,700,0
361,954,0
361,1274,0
361,1422,0
361,1516,0
364,512,0
364,778,0
365,511,0
366,985,0
366,1622,0
368,1230,0
369,420,0
372,1468,0
373,1285,0
373,1591,0
374,740,0
375,1159,0
376,752,0
378,392,0
379,532,0
380,632,0
380,1152,0
380,1286,0
380,1452,0
381,390,0
381,1331,0
383,538,0
384,1011,0
385,387,0
385,656,0
386,659,0
387,1057,0
387,1614,0
389,792,0
389,1484,0
391,1562,0
393,542,0
394,474,0
394,772,0
394,1153,0
394,1513,0
395,1197,0
396,777,0
398,1013,0
398,1312,0
398,1529,0
399,1420,0
400,975,0
400,1010,0
401,1178,0
402,656,0
402,1148,0
402,1293,0
402,1596,0
403,571,0
404,1307,0
405,485,0
405,517,0
406,432,0
407,659,0
407,1378,0
408,1560,0
409,844,0
410,1442,0
415,904,0
415,1532,0
417,1578,0
418,447,0
418,737,0
419,1590,0
422,799,0
422,949,0
426,957,0
426,1230,0
427,525,0
427,622,0
428,1511,0
429,1592,0
430,645,0
430,1038,0
432,750,0
432,1400,0
433,569,0
433,957,0
434,805,0
434,1093,0
435,1355,0
436,839,0
440,1099,0
440,1393,0
443,1328,0
444,789,0
445,1527,0
446,1102,0
449,766,0
449,833,0
449,894,0
450,472,0
451,1492,0
452,1338,0
453,652,0
454,1466,0
455,1261,0
458,1305,0
459,817,0
459,861,0
460,713,0
461,970,0
461,1149,0
461,1563,0
469,783,0
469,1399,0
471,1210,0
471,1416,0
473,996,0
474,1166,0
475,1299,0
476,1057,0
476,1536,0
477,1255,0
481,519,0
482,628,0
482,867,0
483,1415,0
484,1072,0
485,1425,0
487,1634,0
491,563,0
492,1087,0
494,519,0
495,512,0
498,1559,0
499,989,0
499,1198,0
500,503,0
500,1629,0
501,1563,0
502,1432,0
504,1420,0
505,1629,0
508,977,0
509,1194,0
510,881,0
511,1407,0
511,1514,0
513,601,0
513,649,0
513,1248,0
517,1185,0
518,821,0
518,1189,0
519,1117,0
519,1417,0
520,1365,0
521,1229,0
527,931,0
527,1466,0
528,755,0
528,806,0
528,1175,0
529,1516,0
533,593,0
533,1246,0
533,1461,0
535,1264,0
535,1501,0
535,1579,0
537,583,0
537,1202,0
538,705,0
538,870,0
543,635,0
543,1048,0
545,702,0
545,803,0
546,896,0
549,1256,0
553,883,0
556,785,0
556,1356,0
557,663,0
560,741,0
561,779,0
561,1059,0
561,1564,0
562,1538,0
563,840,0
563,1167,0
564,1131,0
564,1292,0
566,1434,0
567,1306,0
569,629,0
569,762,0
572,1251,0
574,800,0
575,1416,0
576,911,0
578,1599,0
581,898,0
583,1251,0
585,1171,0
585,1434,0
586,981,0
586,1139,0
588,615,0
590,693,0
590,1108,0
591,1260,0
591,1450,0
594,987,0
595,1509,0
600,1143,0
600,1485,0
602,1049,0
602,1356,0
603,677,0
605,623,0
605,1081,0
605,1249,0
609,1508,0
611,919,0
611,941,0
611,1153,0
612,1272,0
613,1186,0
614,835,0
615,1254,0
616,1282,0
617,673,0
617,811,0
618,698,0
618,739,0
618,1493,0
621,857,0
621,1038,0
622,1386,0
622,1397,0
623,1407,0
624,1062,0
624,1107,0
624,1479,0
625,1538,0
626,724,0
626,820,0
626,907,0
626,923,0
629,823,0
629,1151,0
629,1224,0
634,1439,0
636,1041,0
637,816,0
638,1279,0
638,1394,0
639,991,0
642,1216,0
643,1292,0
643,1419,0
644,656,0
645,1012,0
647,955,0
647,1554,0
647,1610,0
648,1322,0
652,846,0
653,1583,0
656,1626,0
658,912,0
660,1088,0
661,662,0
662,1188,0
664,1426,0
668,718,0
668,1213,0
669,1253,0
675,1440,0
676,825,0
677,1296,0
683,900,0
684,1567,0
685,899,0
685,1385,0
685,1637,0
686,1022,0
687,1520,0
688,707,0
688,1326,0
693,913,0
694,1383,0
695,1585,0
697,763,0
697,1561,0
698,1230,0
699,1097,0
700,1387,0
703,1390,0
705,826,0
705,992,0
705,1323,0
706,791,0
706,1068,0
706,1456,0
709,1389,0
711,1615,0
714,815,0
714,1408,0
715,796,0
715,1005,0
717,1057,0
718,910,0
719,897,0
719,1321,0
719,1325,0
720,765,0
721,966,0
721,1160,0
723,1182,0
725,1075,0
725,1142,0
726,1187,0
727,912,0
727,1371,0
728,767,0
729,774,0
729,1444,0
730,1616,0
731,1324,0
731,1554,0
732,1116,0
732,1628,0
734,863,0
734,919,0
734,1515,0
735,898,0
738,1550,0
738,1580,0
740,834,0
740,1033,0
740,1252,0
740,1598,0
742,1010,0
743,1037,0
743,1197,0
743,1497,0
744,1251,0
744,1277,0
751,903,0
751,1164,0
752,1216,0
753,1381,0
753,1403,0
755,892,0
756,1458,0
757,1303,0
759,1411,0
760,1497,0
762,797,0
762,1349,0
763,1402,0
764,1201,0
768,1204,0
768,1371,0
769,1600,0
771,1225,0
771,1316,0
776,865,0
777,1332,0
778,1074,0
780,812,0
781,1567,0
783,944,0
787,1560,0
788,806,0
789,1079,0
790,925,0
791,1220,0
792,1007,0
797,829,0
797,901,0
797,948,0
797,1258,0
800,979,0
805,950,0
806,814,0
807,1191,0
810,1207,0
813,814,0
813,1344,0
813,1433,0
814,1484,0
815,830,0
818,937,0
818,1614,0
823,1441,0
827,1123,0
827,1313,0
828,983,0
828,1272,0
829,1622,0
830,1396,0
831,1141,0
833,1293,0
840,853,0
841,1349,0
842,1551,0
843,1392,0
844,1478,0
845,1269,0
846,1143,0
847,1319,0
847,1351,0
848,1046,0
853,1024,0
853,1621,0
854,1381,0
854,1442,0
854,1501,0
855,1091,0
856,1102,0
857,1354,0
858,990,0
863,1383,0
863,1403,0
864,1497,0
865,1635,0
867,1321,0
871,1470,0
872,1159,0
875,1424,0
876,1455,0
881,1199,0
882,919,0
883,1471,0
886,1367,0
890,1417,0
890,1465,0
892,1184,0
893,1106,0
900,1322,0
903,1140,0
907,1032,0
907,1253,0
908,1587,0
912,1385,0
912,1491,0
913,1167,0
914,1279,0
916,1580,0
918,1057,0
918,1165,0
926,1008,0
926,1155,0
931,1183,0
933,1068,0
936,1329,0
936,1395,0
939,1116,0
943,1444,0
947,1088,0
949,1469,0
955,1558,0
957,1152,0
968,986,0
968,1490,0
970,1485,0
973,1218,0
973,1226,0
973,1341,0
974,1540,0
978,1009,0
978,1238,0
981,1331,0
983,1540,0
990,1489,0
992,1263,0
996,1487,0
997,1073,0
1000,1045,0
1001,1084,0
1005,1072,0
1006,1632,0
1009,1574,0
1012,1059,0
1012,1467,0
1014,1115,0
1015,1163,0
1015,1179,0
1016,1232,0
1016,1352,0
1017,1144,0
1019,1404,0
1020,1331,0
1021,1406,0
1022,1302,0
1023,1351,0
1024,1299,0
1025,1636,0
1026,1485,0
1027,1194,0
1029,1391,0
1033,1274,0
1034,1268,0
1035,1149,0
1039,1140,0
1039,1486,0
1040,1344,0
1042,1586,0
1046,1248,0
1046,1463,0
1049,1583,0
1051,1605,0
1053,1265,0
1053,1503,0
1062,1522,0
1064,1108,0
1065,1127,0
1065,1277,0
1066,1078,0
1075,1400,0
1078,1103,0
1079,1469,0
1079,1497,0
1080,1088,0
1081,1243,0
1083,1541,0
1085,1502,0
1087,1456,0
1089,1427,0
1090,1482,0
1091,1383,0
1092,1235,0
1094,1383,0
1101,1170,0
1102,1341,0
1102,1598,0
1104,1130,0
1104,1210,0
1108,1427,0
1108,1504,0
1109,1294,0
1113,1206,0
1113,1517,0
1115,1155,0
1116,1302,0
1119,1250,0
1120,1265,0
1124,1211,0
1125,1505,0
1129,1193,0
1131,1283,0
1133,1467,0
1136,1167,0
1141,1207,0
1141,1639,0
1145,1404,0
1146,1163,0
1146,1607,0
1151,1311,0
1151,1590,0
1155,1445,0
1159,1552,0
1161,1453,0
1165,1286,0
1167,1396,0
1168,1423,0
1168,1631,0
1173,1338,0
1176,1217,0
1176,1504,0
1187,1368,0
1188,1479,0
1189,1307,0
1190,1561,0
1194,1434,0
1202,1372,0
1202,1441,0
1202,1635,0
1203,1582,0
1206,1440,0
1207,1516,0
1210,1402,0
1215,1366,0
1222,1250,0
1226,1436,0
1227,1312,0
1232,1303,0
1233,1462,0
1240,1574,0
1245,1365,0
1245,1545,0
1250,1630,0
1253,1546,0
1255,1546,0
1256,1554,0
1257,1313,0
1261,1527,0
1275,1401,0
1277,1604,0
1278,1325,0
1278,1556,0
1281,1485,0
1282,1529,0
1283,1363,0
1288,1382,0
1290,1512,0
1293,1449,0
1297,1366,0
1300,1435,0
1304,1367,0
1309,1388,0
1313,1496,0
1315,1325,0
1318,1566,0
1319,1422,0
1328,1487,0
1330,1446,0
1333,1525,0
1338,1620,0
1343,1376,0
1348,1544,0
1351,1422,0
1354,1456,0
1357,1553,0
1357,1623,0
1366,1494,0
1368,1610,0
1369,1563,0
1375,1479,0
1375,1526,0
1377,1631,0
1385,1430,0
1386,1442,0
1389,1406,0
1389,1455,0
1391,1516,0
1393,1480,0
1394,1512,0
1397,1406,0
1403,1471,0
1407,1452,0
1413,1519,0
1414,1627,0
1416,1622,0
1417,1545,0
1418,1579,0
1438,1508,0
1443,1501,0
1447,1581,0
1462,1546,0
1467,1510,0
1476,1513,0
1494,1617,0
1529,1586,0
1541,1561,0
1547,1552,0
1593,1622,0
