2,64,1
2,654,1
2,720,1
2,781,1
2,833,1
2,1026,1
2,1587,1
2,1950,1
2,2055,1
2,2095,1
2,2222,1
2,2244,1
2,2291,1
2,2310,1
2,2317,1
2,2319,1
2,2320,1
2,2376,1
2,2384,1
2,2393,1
2,2401,1
2,2409,1
2,2428,1
12,2425,1
13,29,1
13,203,1
13,221,1
13,250,1
13,251,1
13,305,1
13,339,1
13,341,1
13,386,1
13,408,1
13,426,1
13,448,1
13,452,1
13,459,1
13,563,1
13,599,1
13,628,1
13,634,1
13,654,1
13,656,1
13,661,1
13,664,1
13,690,1
13,706,1
13,800,1
13,819,1
13,857,1
13,935,1
13,939,1
13,951,1
13,1048,1
13,1072,1
13,1143,1
13,1265,1
13,1307,1
13,1318,1
13,1322,1
13,1425,1
13,1458,1
13,1488,1
13,1489,1
13,1510,1
13,1529,1
13,1530,1
13,1576,1
13,1602,1
13,1612,1
13,1712,1
13,1836,1
13,1879,1
13,1921,1
13,1925,1
13,1938,1
13,1964,1
13,1993,1
13,2183,1
13,2203,1
13,2342,1
13,2425,1
13,2462,1
30,554,1
30,571,1
30,640,1
30,813,1
30,881,1
30,1246,1
30,1277,1
30,1696,1
30,1996,1
30,2426,1
31,63,1
31,215,1
31,326,1
31,470,1
31,635,1
31,638,1
31,687,1
31,833,1
31,1215,1
31,1298,1
31,1820,1
31,2081,1
34,414,1
34,512,1
34,653,1
34,1994,1
36,583,1
36,629,1
36,2076,1
39,939,1
39,1103,1
42,234,1
42,1361,1
42,2447,1
47,59,1
47,105,1
47,124,1
47,142,1
47,168,1
47,313,1
47,340,1
47,359,1
47,394,1
47,620,1
47,690,1
47,743,1
47,781,1
47,814,1
47,899,1
47,939,1
47,1145,1
47,1150,1
47,1182,1
47,1185,1
47,1239,1
47,1404,1
47,1450,1
47,1459,1
47,1585,1
47,1664,1
47,1682,1
47,1831,1
47,1881,1
47,1992,1
47,2014,1
47,2145,1
47,2245,1
47,2276,1
47,2358,1
50,16,1
50,46,1
50,75,1
50,209,1
50,212,1
50,251,1
50,619,1
50,690,1
50,815,1
50,950,1
50,1081,1
50,1381,1
50,1525,1
50,1674,1
50,1793,1
50,1863,1
50,1905,1
50,2166,1
50,2426,1
53,635,1
54,1196,1
57,273,1
60,88,1
60,195,1
60,215,1
60,269,1
60,304,1
60,326,1
60,433,1
60,519,1
60,656,1
60,709,1
60,1591,1
60,1771,1
63,81,1
63,99,1
63,152,1
63,412,1
63,429,1
63,585,1
63,621,1
63,659,1
63,891,1
63,1514,1
63,1683,1
63,2331,1
68,8,1
68,146,1
68,236,1
68,392,1
68,412,1
68,429,1
68,452,1
68,560,1
68,663,1
68,725,1
68,939,1
68,1167,1
68,1215,1
68,1326,1
68,1375,1
68,1483,1
68,1505,1
68,1568,1
68,1620,1
68,1628,1
68,1688,1
68,1741,1
68,1803,1
68,1990,1
68,2087,1
68,2093,1
68,2240,1
68,2357,1
72,1280,1
76,160,1
76,586,1
76,864,1
76,1882,1
78,204,1
78,635,1
78,1128,1
78,1176,1
78,1215,1
78,1582,1
78,1717,1
78,1940,1
82,1991,1
84,1792,1
85,2242,1
86,563,1
89,329,1
89,985,1
89,1388,1
89,1425,1
89,2144,1
103,2240,1
108,8,1
108,105,1
108,181,1
108,340,1
108,481,1
108,619,1
108,877,1
108,1234,1
108,1311,1
108,1406,1
108,1427,1
108,1622,1
108,1697,1
108,1770,1
108,1933,1
111,725,1
111,1274,1
116,47,1
116,625,1
116,1147,1
116,1344,1
116,2115,1
118,29,1
118,529,1
118,646,1
118,700,1
118,732,1
118,780,1
118,959,1
118,1196,1
118,1468,1
118,1573,1
118,1824,1
118,1828,1
118,1830,1
118,1847,1
118,2198,1
118,2385,1
118,2412,1
120,2149,1
121,399,1
121,1939,1
124,1614,1
130,1171,1
130,1215,1
130,1983,1
130,2058,1
132,933,1
132,2213,1
135,1691,1
135,1926,1
137,102,1
137,427,1
137,432,1
137,624,1
137,628,1
137,634,1
137,635,1
137,690,1
137,737,1
137,864,1
137,900,1
137,939,1
137,963,1
137,1072,1
137,1094,1
137,1307,1
137,1322,1
137,1351,1
137,1383,1
137,1415,1
137,1416,1
137,1441,1
137,1466,1
137,1488,1
137,1601,1
137,1724,1
137,1783,1
137,1836,1
137,1912,1
137,1965,1
137,2015,1
137,2035,1
137,2053,1
137,2183,1
137,2293,1
137,2342,1
137,2426,1
137,2462,1
140,181,1
140,273,1
140,399,1
140,777,1
140,939,1
140,1047,1
140,1062,1
140,1285,1
140,1761,1
147,1170,1
149,33,1
149,79,1
149,273,1
149,399,1
149,939,1
150,997,1
151,64,1
151,2222,1
151,2244,1
151,2291,1
151,2317,1
151,2319,1
151,2320,1
151,2376,1
151,2401,1
151,2409,1
153,659,1
153,695,1
153,1132,1
153,1200,1
153,1933,1
153,2436,1
154,939,1
154,1607,1
156,700,1
156,1824,1
159,509,1
162,706,1
162,1838,1
164,66,1
164,80,1
164,99,1
164,123,1
164,158,1
164,293,1
164,397,1
164,435,1
164,554,1
164,680,1
164,769,1
164,802,1
164,891,1
164,929,1
164,1126,1
164,1183,1
164,1316,1
164,1391,1
164,1404,1
164,1945,1
164,2019,1
164,2091,1
166,64,1
166,654,1
166,833,1
166,2055,1
166,2222,1
166,2244,1
166,2310,1
166,2376,1
166,2384,1
166,2393,1
166,2401,1
166,2409,1
169,320,1
169,377,1
169,413,1
169,449,1
169,457,1
169,603,1
169,707,1
169,718,1
169,779,1
169,840,1
169,850,1
169,870,1
169,908,1
169,1024,1
169,1114,1
169,1209,1
169,1297,1
169,1463,1
169,1580,1
169,1591,1
169,1612,1
169,1636,1
169,1646,1
169,1723,1
169,1845,1
169,1857,1
169,1874,1
169,1999,1
169,2059,1
169,2093,1
169,2172,1
169,2381,1
170,293,1
170,1921,1
172,1159,1
173,29,1
173,91,1
173,412,1
173,434,1
173,635,1
173,1315,1
173,1354,1
173,1700,1
173,2338,1
173,2371,1
175,47,1
178,150,1
178,181,1
178,213,1
178,273,1
178,777,1
178,827,1
178,939,1
178,943,1
178,1205,1
178,1234,1
178,1427,1
178,1566,1
178,1626,1
178,2029,1
178,2035,1
178,2362,1
181,564,1
181,997,1
181,1759,1
181,1761,1
181,1795,1
181,2086,1
183,430,1
184,192,1
184,269,1
184,939,1
185,199,1
185,725,1
185,943,1
185,1414,1
185,1691,1
185,1773,1
185,1810,1
185,1933,1
185,2035,1
185,2145,1
186,466,1
186,467,1
186,468,1
186,619,1
186,1196,1
186,1205,1
186,1404,1
188,673,1
188,674,1
188,982,1
188,994,1
188,1121,1
188,1258,1
188,2186,1
198,99,1
198,194,1
198,304,1
198,519,1
198,546,1
198,797,1
198,845,1
198,911,1
198,939,1
198,1215,1
198,1979,1
198,2098,1
200,479,1
202,300,1
202,605,1
202,1086,1
202,1239,1
202,1441,1
202,1503,1
202,2075,1
202,2224,1
202,2308,1
202,2309,1
204,80,1
204,234,1
204,364,1
204,553,1
204,636,1
204,921,1
204,935,1
204,1040,1
204,1071,1
204,1081,1
204,1277,1
204,1387,1
204,1837,1
204,1852,1
204,1913,1
204,2161,1
204,2470,1
205,213,1
205,214,1
205,242,1
205,268,1
205,274,1
205,342,1
205,361,1
205,584,1
205,660,1
205,707,1
205,783,1
205,878,1
205,994,1
205,1176,1
205,1205,1
205,1229,1
205,1258,1
205,1259,1
205,1567,1
205,1661,1
205,1664,1
205,1695,1
205,1838,1
205,1941,1
205,2057,1
205,2385,1
211,304,1
211,758,1
211,939,1
211,2240,1
214,274,1
214,361,1
214,584,1
214,660,1
214,706,1
214,707,1
214,1299,1
214,2104,1
214,2174,1
215,6,1
215,80,1
215,141,1
215,225,1
215,294,1
215,419,1
215,473,1
215,555,1
215,569,1
215,596,1
215,652,1
215,677,1
215,724,1
215,752,1
215,789,1
215,804,1
215,947,1
215,953,1
215,969,1
215,1136,1
215,1145,1
215,1155,1
215,1188,1
215,1366,1
215,1502,1
215,1512,1
215,1518,1
215,1563,1
215,1620,1
215,1685,1
215,1855,1
215,1921,1
215,2109,1
215,2140,1
215,2159,1
215,2197,1
215,2344,1
215,2368,1
216,95,1
216,190,1
216,725,1
216,1181,1
216,1377,1
216,1672,1
216,1702,1
216,1969,1
216,2052,1
216,2202,1
216,2215,1
216,2277,1
217,63,1
217,215,1
217,326,1
217,635,1
217,638,1
217,687,1
217,833,1
217,1298,1
217,1820,1
217,2081,1
218,1131,1
218,1404,1
221,1215,1
227,11,1
227,29,1
227,47,1
227,452,1
227,457,1
227,823,1
227,1066,1
227,1352,1
227,1925,1
227,1999,1
227,2115,1
227,2239,1
227,2435,1
229,1311,1
240,1568,1
241,17,1
241,29,1
241,74,1
241,79,1
241,81,1
241,127,1
241,213,1
241,235,1
241,277,1
241,328,1
241,399,1
241,422,1
241,439,1
241,455,1
241,508,1
241,546,1
241,625,1
241,638,1
241,785,1
241,822,1
241,833,1
241,993,1
241,1066,1
241,1068,1
241,1148,1
241,1196,1
241,1216,1
241,1250,1
241,1635,1
241,1684,1
241,1695,1
241,1801,1
241,1913,1
241,1925,1
241,1947,1
241,1978,1
241,2080,1
241,2209,1
241,2256,1
241,2380,1
247,1142,1
247,1834,1
247,1959,1
250,238,1
250,1142,1
250,1955,1
252,304,1
252,1182,1
253,519,1
253,939,1
253,1691,1
254,1972,1
256,1159,1
261,1772,1
263,1327,1
264,216,1
264,1435,1
264,2321,1
266,47,1
266,1389,1
266,2284,1
271,63,1
271,470,1
271,635,1
271,669,1
271,687,1
271,833,1
271,1215,1
271,1230,1
271,1298,1
271,1820,1
271,1999,1
271,2035,1
271,2183,1
273,918,1
273,997,1
273,2035,1
273,2342,1
274,753,1
274,754,1
275,116,1
275,200,1
275,213,1
275,855,1
275,864,1
275,947,1
275,1205,1
275,1239,1
275,1316,1
275,1620,1
275,1789,1
278,2074,1
280,250,1
284,22,1
284,222,1
284,289,1
284,365,1
284,423,1
284,497,1
284,670,1
284,743,1
284,1082,1
284,1271,1
284,1399,1
284,1570,1
284,1689,1
284,2015,1
284,2017,1
284,2064,1
284,2079,1
284,2117,1
284,2392,1
284,2434,1
288,21,1
288,275,1
288,347,1
288,595,1
288,597,1
288,604,1
288,635,1
288,648,1
288,669,1
288,814,1
288,979,1
288,1009,1
288,1048,1
288,1073,1
288,1074,1
288,1077,1
288,1215,1
288,1419,1
288,1585,1
288,1641,1
288,1794,1
288,1902,1
288,1903,1
288,1904,1
288,1905,1
288,1906,1
288,1908,1
288,1909,1
288,1975,1
288,2170,1
288,2171,1
288,2176,1
288,2178,1
288,2185,1
288,2248,1
288,2252,1
288,2336,1
288,2337,1
291,2205,1
291,2346,1
298,216,1
298,1138,1
298,1435,1
298,1691,1
298,2321,1
308,700,1
308,1824,1
310,340,1
310,617,1
310,939,1
310,1345,1
310,1349,1
310,2386,1
321,1427,1
321,2444,1
324,1182,1
324,1992,1
330,939,1
330,1528,1
330,1742,1
340,21,1
340,197,1
340,260,1
340,347,1
340,484,1
340,505,1
340,561,1
340,564,1
340,595,1
340,597,1
340,604,1
340,654,1
340,669,1
340,690,1
340,730,1
340,740,1
340,814,1
340,939,1
340,996,1
340,1005,1
340,1065,1
340,1073,1
340,1074,1
340,1215,1
340,1293,1
340,1300,1
340,1311,1
340,1389,1
340,1395,1
340,1416,1
340,1419,1
340,1436,1
340,1575,1
340,1585,1
340,1691,1
340,1743,1
340,1768,1
340,1794,1
340,1891,1
340,1899,1
340,1902,1
340,1903,1
340,1904,1
340,1905,1
340,1906,1
340,1908,1
340,1909,1
340,1975,1
340,2035,1
340,2074,1
340,2102,1
340,2170,1
340,2176,1
340,2185,1
340,2190,1
340,2226,1
340,2248,1
340,2258,1
340,2336,1
340,2419,1
340,2454,1
343,169,1
343,449,1
343,1215,1
352,688,1
352,807,1
357,535,1
357,625,1
357,809,1
357,875,1
357,1389,1
357,1577,1
357,1589,1
357,1868,1
357,2137,1
357,2302,1
357,2458,1
359,0,1
359,8,1
359,30,1
359,99,1
359,293,1
359,328,1
359,399,1
359,412,1
359,483,1
359,565,1
359,635,1
359,826,1
359,847,1
359,877,1
359,925,1
359,1017,1
359,1085,1
359,1163,1
359,1184,1
359,1215,1
359,1311,1
359,1351,1
359,1451,1
359,1517,1
359,1519,1
359,1548,1
359,1562,1
359,1705,1
359,1729,1
359,1802,1
359,1868,1
359,2051,1
359,2074,1
359,2134,1
359,2233,1
359,2360,1
361,754,1
362,304,1
362,718,1
362,826,1
362,833,1
362,939,1
362,1219,1
362,1921,1
362,2035,1
362,2119,1
366,307,1
366,601,1
366,1328,1
366,1691,1
372,81,1
372,1427,1
377,29,1
377,45,1
377,213,1
377,307,1
377,323,1
377,427,1
377,429,1
377,635,1
377,690,1
377,700,1
377,732,1
377,780,1
377,907,1
377,959,1
377,989,1
377,1176,1
377,1466,1
377,1573,1
377,1724,1
377,1824,1
377,1828,1
377,1830,1
377,1847,1
377,1921,1
377,1965,1
377,2035,1
377,2385,1
377,2412,1
379,1668,1
381,1739,1
381,1850,1
381,2183,1
381,2316,1
381,2440,1
384,105,1
384,322,1
384,340,1
390,99,1
390,512,1
394,29,1
394,50,1
394,122,1
394,134,1
394,203,1
394,213,1
394,221,1
394,251,1
394,299,1
394,326,1
394,341,1
394,408,1
394,426,1
394,448,1
394,452,1
394,459,1
394,512,1
394,563,1
394,577,1
394,599,1
394,628,1
394,634,1
394,660,1
394,661,1
394,700,1
394,800,1
394,857,1
394,935,1
394,1058,1
394,1064,1
394,1072,1
394,1088,1
394,1143,1
394,1215,1
394,1265,1
394,1307,1
394,1318,1
394,1322,1
394,1405,1
394,1425,1
394,1458,1
394,1488,1
394,1489,1
394,1510,1
394,1529,1
394,1530,1
394,1602,1
394,1612,1
394,1626,1
394,1712,1
394,1723,1
394,1756,1
394,1836,1
394,1879,1
394,1921,1
394,1938,1
394,2044,1
394,2128,1
394,2176,1
394,2203,1
394,2342,1
395,2447,1
396,635,1
396,833,1
396,1192,1
396,1678,1
396,1745,1
396,1829,1
396,2193,1
396,2287,1
399,29,1
399,55,1
399,79,1
399,92,1
399,99,1
399,171,1
399,174,1
399,203,1
399,221,1
399,251,1
399,293,1
399,304,1
399,339,1
399,341,1
399,346,1
399,386,1
399,391,1
399,399,1
399,406,1
399,448,1
399,452,1
399,496,1
399,520,1
399,554,1
399,563,1
399,577,1
399,599,1
399,635,1
399,654,1
399,656,1
399,681,1
399,690,1
399,692,1
399,696,1
399,792,1
399,800,1
399,843,1
399,844,1
399,857,1
399,902,1
399,903,1
399,918,1
399,939,1
399,981,1
399,1043,1
399,1048,1
399,1055,1
399,1101,1
399,1143,1
399,1169,1
399,1193,1
399,1259,1
399,1265,1
399,1318,1
399,1382,1
399,1433,1
399,1458,1
399,1466,1
399,1489,1
399,1493,1
399,1510,1
399,1519,1
399,1529,1
399,1530,1
399,1557,1
399,1576,1
399,1602,1
399,1641,1
399,1664,1
399,1706,1
399,1712,1
399,1834,1
399,1879,1
399,1901,1
399,1921,1
399,1984,1
399,1993,1
399,2011,1
399,2083,1
399,2140,1
399,2203,1
399,2329,1
399,2379,1
399,2400,1
403,1215,1
405,3,1
405,13,1
405,58,1
405,80,1
405,253,1
405,468,1
405,489,1
405,528,1
405,660,1
405,706,1
405,782,1
405,799,1
405,877,1
405,924,1
405,992,1
405,1094,1
405,1107,1
405,1157,1
405,1215,1
405,1220,1
405,1316,1
405,1368,1
405,1385,1
405,1404,1
405,1431,1
405,1432,1
405,1566,1
405,1571,1
405,1598,1
405,1624,1
405,1890,1
405,1965,1
405,2026,1
405,2059,1
405,2242,1
406,535,1
406,603,1
406,619,1
406,1490,1
406,1955,1
406,2030,1
406,2053,1
407,1994,1
409,29,1
409,127,1
409,328,1
409,517,1
409,548,1
409,889,1
409,959,1
409,1925,1
409,1955,1
409,2279,1
409,2453,1
410,213,1
410,268,1
410,342,1
410,625,1
410,783,1
410,878,1
410,1205,1
410,1229,1
410,1259,1
410,1664,1
410,1847,1
410,1941,1
410,2057,1
413,700,1
413,1824,1
415,56,1
415,258,1
415,269,1
415,383,1
415,408,1
415,811,1
415,935,1
415,998,1
415,1023,1
415,1040,1
415,1072,1
415,1215,1
415,1230,1
415,1244,1
415,1247,1
415,1248,1
415,1267,1
415,1361,1
415,1370,1
415,1388,1
415,1654,1
415,1793,1
415,1845,1
415,2377,1
415,2436,1
416,116,1
416,213,1
416,214,1
416,242,1
416,268,1
416,274,1
416,625,1
416,673,1
416,674,1
416,706,1
416,707,1
416,783,1
416,908,1
416,994,1
416,1147,1
416,1176,1
416,1182,1
416,1205,1
416,1258,1
416,1259,1
416,1567,1
416,1593,1
416,1661,1
416,1664,1
416,1695,1
416,1838,1
416,1847,1
416,2057,1
416,2385,1
417,99,1
417,250,1
417,1436,1
417,1797,1
420,635,1
420,939,1
420,1802,1
421,786,1
425,1006,1
429,635,1
430,10,1
430,26,1
430,47,1
430,48,1
430,91,1
430,131,1
430,208,1
430,245,1
430,253,1
430,293,1
430,301,1
430,311,1
430,316,1
430,326,1
430,414,1
430,431,1
430,475,1
430,511,1
430,512,1
430,538,1
430,635,1
430,653,1
430,690,1
430,702,1
430,874,1
430,948,1
430,984,1
430,1051,1
430,1058,1
430,1075,1
430,1085,1
430,1094,1
430,1099,1
430,1104,1
430,1157,1
430,1182,1
430,1190,1
430,1215,1
430,1225,1
430,1236,1
430,1257,1
430,1280,1
430,1294,1
430,1333,1
430,1351,1
430,1357,1
430,1374,1
430,1385,1
430,1389,1
430,1391,1
430,1412,1
430,1427,1
430,1449,1
430,1450,1
430,1538,1
430,1690,1
430,1691,1
430,1716,1
430,1767,1
430,1781,1
430,1785,1
430,1831,1
430,1834,1
430,1865,1
430,1921,1
430,1924,1
430,1944,1
430,1994,1
430,2011,1
430,2019,1
430,2024,1
430,2027,1
430,2042,1
430,2066,1
430,2113,1
430,2130,1
430,2165,1
430,2194,1
430,2218,1
430,2219,1
430,2262,1
430,2283,1
430,2294,1
430,2345,1
430,2383,1
430,2463,1
430,2472,1
433,554,1
433,573,1
433,939,1
433,1215,1
433,1425,1
433,1865,1
433,2178,1
442,412,1
442,1847,1
442,2375,1
443,81,1
443,1427,1
444,99,1
449,27,1
449,177,1
449,312,1
449,331,1
449,348,1
449,402,1
449,803,1
449,898,1
449,1044,1
449,1048,1
449,1211,1
449,1526,1
449,1560,1
449,1663,1
449,1687,1
449,1851,1
449,2128,1
449,2187,1
449,2306,1
449,2424,1
449,2466,1
453,79,1
453,99,1
453,412,1
453,742,1
453,1106,1
453,1537,1
453,1880,1
456,326,1
456,399,1
456,1126,1
456,1227,1
456,1591,1
456,1852,1
460,1971,1
462,1241,1
463,29,1
463,45,1
463,213,1
463,273,1
463,307,1
463,323,1
463,427,1
463,429,1
463,700,1
463,780,1
463,939,1
463,989,1
463,1176,1
463,1466,1
463,1468,1
463,1573,1
463,1830,1
463,1868,1
463,1921,1
463,2035,1
463,2198,1
463,2385,1
465,603,1
468,30,1
468,718,1
468,830,1
468,1215,1
468,1324,1
468,1691,1
473,1200,1
476,47,1
476,120,1
476,314,1
477,218,1
477,1537,1
477,1985,1
477,2238,1
486,29,1
486,81,1
486,1626,1
492,943,1
499,1925,1
501,17,1
501,79,1
501,81,1
501,328,1
501,413,1
501,439,1
501,455,1
501,508,1
501,585,1
501,625,1
501,700,1
501,785,1
501,822,1
501,959,1
501,1066,1
501,1148,1
501,1196,1
501,1216,1
501,1250,1
501,1630,1
501,1684,1
501,1695,1
501,1801,1
501,1913,1
501,1921,1
501,1925,1
501,1947,1
501,2080,1
501,2209,1
501,2380,1
504,304,1
504,939,1
504,1137,1
504,1921,1
506,619,1
506,1543,1
513,1834,1
516,1425,1
519,862,1
519,1311,1
520,2475,1
524,447,1
524,1673,1
524,1799,1
524,2446,1
524,2471,1
528,2153,1
530,1210,1
530,1600,1
530,1793,1
534,1384,1
536,399,1
536,1939,1
539,304,1
539,430,1
539,939,1
539,1182,1
540,628,1
543,258,1
543,386,1
543,445,1
543,520,1
543,523,1
543,636,1
543,786,1
543,814,1
543,910,1
543,1160,1
543,1236,1
543,1239,1
543,1487,1
543,1663,1
543,1691,1
543,1717,1
543,1762,1
543,1968,1
543,2026,1
543,2072,1
543,2095,1
543,2111,1
543,2253,1
544,959,1
545,1497,1
545,1544,1
545,1933,1
549,939,1
549,1058,1
549,1556,1
549,2400,1
550,187,1
550,405,1
550,1005,1
550,1055,1
550,1316,1
550,1955,1
551,87,1
551,2161,1
556,635,1
556,1215,1
557,238,1
557,275,1
557,552,1
558,1124,1
562,738,1
562,2426,1
564,70,1
564,233,1
564,445,1
564,849,1
564,891,1
564,978,1
564,983,1
564,1026,1
564,1736,1
565,63,1
565,68,1
565,99,1
565,124,1
565,307,1
565,319,1
565,512,1
565,598,1
565,635,1
565,775,1
565,902,1
565,939,1
565,1094,1
565,1160,1
565,1215,1
565,1281,1
565,1311,1
565,1425,1
565,1516,1
565,1532,1
565,1566,1
565,1720,1
565,1784,1
565,1841,1
565,1966,1
565,2058,1
565,2164,1
565,2259,1
568,145,1
568,577,1
568,654,1
568,1094,1
568,1111,1
568,1243,1
568,1263,1
568,1293,1
568,2404,1
569,6,1
569,141,1
569,143,1
569,225,1
569,294,1
569,419,1
569,555,1
569,569,1
569,596,1
569,649,1
569,652,1
569,677,1
569,752,1
569,789,1
569,947,1
569,1012,1
569,1136,1
569,1366,1
569,1512,1
569,1563,1
569,1620,1
569,2109,1
569,2333,1
570,144,1
570,1764,1
570,2010,1
572,153,1
572,1132,1
572,1933,1
576,429,1
579,102,1
579,408,1
579,432,1
579,624,1
579,628,1
579,634,1
579,635,1
579,690,1
579,737,1
579,891,1
579,900,1
579,935,1
579,939,1
579,963,1
579,1072,1
579,1094,1
579,1307,1
579,1322,1
579,1351,1
579,1383,1
579,1466,1
579,1601,1
579,1724,1
579,1783,1
579,1847,1
579,1912,1
579,1965,1
579,2035,1
579,2183,1
579,2293,1
579,2342,1
579,2426,1
579,2462,1
580,1080,1
584,99,1
584,124,1
584,142,1
584,242,1
584,274,1
584,451,1
584,697,1
584,706,1
584,707,1
584,857,1
584,895,1
584,1048,1
584,1147,1
584,1299,1
584,1348,1
584,1436,1
584,1506,1
584,1543,1
584,1664,1
584,1733,1
584,1838,1
584,2410,1
586,29,1
586,529,1
586,646,1
586,700,1
586,732,1
586,959,1
586,1828,1
586,2198,1
586,2385,1
586,2412,1
588,839,1
588,1215,1
590,1180,1
590,2064,1
592,939,1
606,234,1
607,47,1
610,150,1
610,181,1
610,273,1
610,405,1
610,777,1
610,1259,1
610,1386,1
610,2362,1
612,456,1
613,530,1
613,1568,1
615,1987,1
616,739,1
616,924,1
616,1637,1
616,1894,1
619,3,1
619,8,1
619,10,1
619,17,1
619,29,1
619,32,1
619,45,1
619,51,1
619,69,1
619,71,1
619,74,1
619,79,1
619,80,1
619,81,1
619,95,1
619,99,1
619,116,1
619,127,1
619,214,1
619,259,1
619,268,1
619,277,1
619,285,1
619,293,1
619,307,1
619,309,1
619,323,1
619,339,1
619,361,1
619,369,1
619,391,1
619,399,1
619,405,1
619,439,1
619,468,1
619,482,1
619,508,1
619,515,1
619,547,1
619,563,1
619,583,1
619,584,1
619,585,1
619,589,1
619,603,1
619,635,1
619,646,1
619,660,1
619,672,1
619,676,1
619,690,1
619,696,1
619,706,1
619,707,1
619,719,1
619,727,1
619,742,1
619,762,1
619,781,1
619,785,1
619,793,1
619,808,1
619,813,1
619,823,1
619,828,1
619,833,1
619,843,1
619,848,1
619,853,1
619,858,1
619,859,1
619,877,1
619,883,1
619,888,1
619,889,1
619,891,1
619,907,1
619,916,1
619,936,1
619,939,1
619,951,1
619,959,1
619,969,1
619,981,1
619,1042,1
619,1097,1
619,1147,1
619,1148,1
619,1161,1
619,1176,1
619,1205,1
619,1206,1
619,1217,1
619,1228,1
619,1234,1
619,1239,1
619,1259,1
619,1270,1
619,1278,1
619,1287,1
619,1325,1
619,1327,1
619,1351,1
619,1394,1
619,1404,1
619,1424,1
619,1426,1
619,1428,1
619,1433,1
619,1434,1
619,1448,1
619,1466,1
619,1468,1
619,1501,1
619,1504,1
619,1507,1
619,1579,1
619,1583,1
619,1585,1
619,1626,1
619,1635,1
619,1647,1
619,1658,1
619,1664,1
619,1684,1
619,1690,1
619,1695,1
619,1708,1
619,1717,1
619,1724,1
619,1748,1
619,1762,1
619,1764,1
619,1778,1
619,1801,1
619,1824,1
619,1827,1
619,1834,1
619,1838,1
619,1839,1
619,1846,1
619,1847,1
619,1856,1
619,1913,1
619,1921,1
619,1926,1
619,1932,1
619,1935,1
619,1947,1
619,1957,1
619,1965,1
619,1990,1
619,1997,1
619,2012,1
619,2023,1
619,2044,1
619,2072,1
619,2092,1
619,2107,1
619,2108,1
619,2110,1
619,2119,1
619,2125,1
619,2131,1
619,2133,1
619,2145,1
619,2167,1
619,2173,1
619,2204,1
619,2209,1
619,2223,1
619,2238,1
619,2241,1
619,2263,1
619,2276,1
619,2296,1
619,2299,1
619,2323,1
619,2341,1
619,2352,1
619,2363,1
619,2382,1
619,2385,1
619,2388,1
619,2390,1
619,2391,1
619,2427,1
619,2453,1
619,2458,1
619,2464,1
619,2465,1
619,2469,1
622,29,1
622,529,1
622,646,1
622,700,1
622,732,1
622,959,1
622,1468,1
622,1573,1
622,1830,1
622,2385,1
622,2412,1
623,857,1
623,1727,1
626,503,1
628,93,1
628,408,1
628,593,1
628,634,1
628,636,1
628,637,1
628,778,1
628,1072,1
628,1307,1
628,1488,1
628,1836,1
628,2086,1
628,2342,1
630,307,1
630,829,1
631,55,1
631,955,1
631,1273,1
631,1389,1
631,1756,1
631,1921,1
631,1972,1
639,385,1
639,1236,1
641,635,1
641,939,1
641,1311,1
641,1389,1
642,112,1
642,241,1
642,1585,1
643,110,1
643,1792,1
649,6,1
649,80,1
649,141,1
649,419,1
649,485,1
649,596,1
649,677,1
649,724,1
649,752,1
649,877,1
649,908,1
649,912,1
649,920,1
649,947,1
649,953,1
649,969,1
649,1188,1
649,1366,1
649,1502,1
649,1512,1
649,1563,1
649,1855,1
649,1921,1
649,2140,1
649,2368,1
651,2269,1
653,424,1
653,1126,1
653,1215,1
653,1427,1
653,1826,1
653,1834,1
653,1915,1
659,62,1
659,99,1
659,197,1
659,484,1
659,488,1
659,625,1
659,654,1
659,700,1
659,996,1
659,1109,1
659,1196,1
659,1205,1
659,1304,1
659,1391,1
659,1402,1
659,1404,1
659,1405,1
659,1547,1
659,1600,1
659,1721,1
659,1793,1
659,1847,1
659,1858,1
659,1870,1
659,1874,1
659,2425,1
660,1067,1
660,2207,1
662,521,1
663,213,1
663,635,1
663,654,1
663,939,1
663,1139,1
663,1311,1
663,1379,1
663,1510,1
663,1847,1
663,2288,1
667,226,1
667,257,1
667,269,1
667,334,1
667,546,1
667,1005,1
667,1170,1
667,1202,1
667,1309,1
667,1335,1
667,1675,1
667,2008,1
667,2056,1
667,2100,1
667,2331,1
667,2350,1
668,144,1
668,628,1
668,997,1
668,1764,1
668,2010,1
669,10,1
669,302,1
669,624,1
669,634,1
669,741,1
669,885,1
669,886,1
669,1039,1
669,1207,1
669,1303,1
669,1321,1
669,1470,1
669,1610,1
669,1754,1
669,1790,1
669,1809,1
669,1836,1
669,2012,1
669,2365,1
671,29,1
671,646,1
671,732,1
671,959,1
671,1221,1
671,1348,1
671,1468,1
671,1664,1
671,1824,1
671,2385,1
678,384,1
681,311,1
681,414,1
681,653,1
681,939,1
681,1994,1
681,2472,1
682,1877,1
688,324,1
688,1196,1
688,1868,1
688,1921,1
688,2196,1
688,2242,1
689,67,1
689,307,1
689,594,1
689,819,1
689,870,1
689,897,1
689,907,1
689,908,1
689,1456,1
689,1537,1
689,1868,1
689,1930,1
689,1999,1
710,4,1
710,47,1
710,304,1
710,619,1
710,687,1
710,743,1
710,765,1
710,905,1
710,1159,1
710,1311,1
710,1336,1
710,2025,1
710,2406,1
712,758,1
712,974,1
712,1059,1
712,1934,1
715,213,1
715,1085,1
715,1094,1
718,140,1
718,201,1
718,384,1
718,508,1
718,718,1
718,769,1
718,833,1
718,939,1
718,1215,1
718,1221,1
718,1425,1
718,1455,1
718,1913,1
718,2216,1
722,512,1
722,1215,1
722,1994,1
723,654,1
723,1280,1
723,1314,1
723,1436,1
725,26,1
725,43,1
725,241,1
725,246,1
725,583,1
725,939,1
725,1274,1
725,1316,1
726,700,1
730,1327,1
734,401,1
734,1222,1
743,3,1
743,29,1
743,49,1
743,50,1
743,52,1
743,126,1
743,180,1
743,214,1
743,251,1
743,265,1
743,318,1
743,340,1
743,343,1
743,360,1
743,361,1
743,386,1
743,412,1
743,413,1
743,451,1
743,502,1
743,571,1
743,608,1
743,635,1
743,657,1
743,658,1
743,660,1
743,687,1
743,690,1
743,705,1
743,728,1
743,864,1
743,872,1
743,951,1
743,959,1
743,1009,1
743,1164,1
743,1168,1
743,1173,1
743,1196,1
743,1215,1
743,1219,1
743,1224,1
743,1242,1
743,1251,1
743,1259,1
743,1262,1
743,1282,1
743,1292,1
743,1311,1
743,1385,1
743,1466,1
743,1513,1
743,1545,1
743,1639,1
743,1654,1
743,1669,1
743,1705,1
743,1824,1
743,1839,1
743,1840,1
743,1881,1
743,1885,1
743,1897,1
743,1898,1
743,1913,1
743,1921,1
743,1925,1
743,1941,1
743,1951,1
743,1965,1
743,2055,1
743,2058,1
743,2063,1
743,2064,1
743,2110,1
743,2124,1
743,2140,1
743,2144,1
743,2145,1
743,2192,1
743,2222,1
743,2244,1
743,2270,1
743,2276,1
743,2291,1
743,2317,1
743,2320,1
743,2376,1
743,2384,1
743,2393,1
743,2394,1
743,2401,1
743,2426,1
743,2456,1
743,2469,1
746,1799,1
748,624,1
749,144,1
749,628,1
749,2010,1
755,635,1
755,654,1
755,939,1
758,933,1
760,138,1
760,231,1
760,1160,1
764,635,1
764,687,1
764,1192,1
764,1678,1
764,1745,1
764,1829,1
764,1913,1
764,2193,1
765,102,1
765,307,1
765,328,1
765,432,1
765,487,1
765,507,1
765,531,1
765,603,1
765,628,1
765,634,1
765,635,1
765,637,1
765,660,1
765,700,1
765,732,1
765,737,1
765,747,1
765,864,1
765,900,1
765,935,1
765,939,1
765,959,1
765,1072,1
765,1094,1
765,1196,1
765,1307,1
765,1322,1
765,1351,1
765,1383,1
765,1415,1
765,1416,1
765,1441,1
765,1629,1
765,1724,1
765,1824,1
765,1836,1
765,1839,1
765,1847,1
765,1868,1
765,1921,1
765,1925,1
765,1952,1
765,1955,1
765,1965,1
765,2015,1
765,2035,1
765,2342,1
765,2426,1
765,2462,1
767,346,1
767,391,1
767,459,1
767,520,1
767,577,1
767,690,1
767,800,1
767,843,1
767,844,1
767,925,1
767,981,1
767,1466,1
767,1641,1
767,1724,1
767,1965,1
767,2046,1
768,1292,1
770,1,1
770,3,1
770,37,1
770,161,1
770,285,1
770,295,1
770,374,1
770,386,1
770,392,1
770,672,1
770,885,1
770,1055,1
770,1116,1
770,1130,1
770,1133,1
770,1134,1
770,1321,1
770,1341,1
770,1442,1
770,1605,1
770,1642,1
770,1712,1
770,1822,1
770,1847,1
770,1888,1
770,1900,1
770,1977,1
770,2021,1
770,2097,1
770,2121,1
770,2176,1
770,2272,1
770,2290,1
770,2354,1
770,2416,1
770,2417,1
775,63,1
775,213,1
775,239,1
775,290,1
775,293,1
775,299,1
775,340,1
775,355,1
775,412,1
775,430,1
775,480,1
775,625,1
775,635,1
775,829,1
775,870,1
775,903,1
775,1014,1
775,1094,1
775,1208,1
775,1278,1
775,1287,1
775,1311,1
775,1369,1
775,1404,1
775,1405,1
775,1555,1
775,1585,1
775,1603,1
775,1705,1
775,1775,1
775,1868,1
775,2149,1
775,2214,1
775,2452,1
775,2455,1
776,1770,1
776,2156,1
777,997,1
777,1629,1
777,1795,1
777,2035,1
784,939,1
787,102,1
787,756,1
788,306,1
788,1244,1
788,1370,1
788,1415,1
790,619,1
790,1955,1
794,654,1
794,911,1
794,1427,1
796,198,1
805,399,1
805,1939,1
807,213,1
813,515,1
813,654,1
813,788,1
813,793,1
813,1035,1
813,1246,1
813,1381,1
813,1793,1
816,654,1
816,911,1
816,1425,1
818,458,1
818,498,1
818,1081,1
818,1115,1
818,1277,1
818,1686,1
818,2096,1
818,2398,1
819,11,1
819,64,1
819,102,1
819,113,1
819,264,1
819,267,1
819,386,1
819,427,1
819,432,1
819,457,1
819,487,1
819,506,1
819,624,1
819,628,1
819,634,1
819,635,1
819,660,1
819,708,1
819,737,1
819,788,1
819,790,1
819,864,1
819,900,1
819,935,1
819,963,1
819,976,1
819,988,1
819,1072,1
819,1089,1
819,1094,1
819,1196,1
819,1237,1
819,1239,1
819,1322,1
819,1367,1
819,1373,1
819,1383,1
819,1441,1
819,1488,1
819,1528,1
819,1581,1
819,1601,1
819,1724,1
819,1748,1
819,1836,1
819,1847,1
819,1868,1
819,1912,1
819,1921,1
819,1965,1
819,1996,1
819,2003,1
819,2035,1
819,2051,1
819,2053,1
819,2055,1
819,2222,1
819,2293,1
819,2317,1
819,2319,1
819,2342,1
819,2368,1
819,2376,1
819,2384,1
819,2393,1
819,2401,1
819,2435,1
819,2462,1
819,2470,1
821,337,1
821,792,1
822,1955,1
822,2035,1
822,2145,1
823,43,1
823,328,1
823,491,1
823,532,1
823,608,1
823,840,1
823,1032,1
823,1104,1
823,1130,1
823,1171,1
823,1215,1
823,1705,1
823,1792,1
823,1827,1
823,2093,1
823,2098,1
823,2128,1
826,90,1
826,131,1
826,243,1
826,408,1
826,476,1
826,632,1
826,635,1
826,653,1
826,672,1
826,718,1
826,781,1
826,809,1
826,833,1
826,885,1
826,889,1
826,939,1
826,972,1
826,991,1
826,1028,1
826,1042,1
826,1072,1
826,1126,1
826,1263,1
826,1269,1
826,1305,1
826,1307,1
826,1330,1
826,1392,1
826,1397,1
826,1407,1
826,1413,1
826,1425,1
826,1501,1
826,1541,1
826,1755,1
826,1767,1
826,1821,1
826,1864,1
826,1892,1
826,1958,1
826,1974,1
826,1989,1
826,2011,1
826,2325,1
826,2326,1
826,2327,1
826,2359,1
826,2447,1
832,1220,1
832,1933,1
835,211,1
835,952,1
836,514,1
836,1315,1
841,454,1
841,2183,1
846,703,1
846,1405,1
847,449,1
851,1215,1
854,2240,1
856,1321,1
856,1880,1
856,1921,1
865,857,1
865,1024,1
865,1371,1
865,1480,1
865,2059,1
866,758,1
866,796,1
866,1059,1
866,1934,1
869,624,1
870,35,1
870,45,1
870,51,1
870,119,1
870,167,1
870,248,1
870,293,1
870,391,1
870,394,1
870,398,1
870,476,1
870,500,1
870,508,1
870,594,1
870,635,1
870,690,1
870,727,1
870,823,1
870,829,1
870,871,1
870,889,1
870,970,1
870,1040,1
870,1049,1
870,1196,1
870,1259,1
870,1321,1
870,1327,1
870,1390,1
870,1404,1
870,1433,1
870,1490,1
870,1537,1
870,1577,1
870,1629,1
870,1694,1
870,1707,1
870,1714,1
870,1769,1
870,1779,1
870,1780,1
870,1834,1
870,1847,1
870,1957,1
870,2012,1
870,2016,1
870,2261,1
870,2385,1
870,2453,1
873,64,1
873,654,1
873,833,1
873,1021,1
873,1026,1
873,2055,1
873,2222,1
873,2244,1
873,2291,1
873,2310,1
873,2317,1
873,2376,1
873,2384,1
873,2393,1
879,654,1
880,939,1
880,1427,1
882,153,1
887,1779,1
890,399,1
890,1939,1
894,1484,1
896,481,1
901,79,1
901,99,1
901,1639,1
901,2171,1
902,81,1
902,158,1
902,164,1
902,307,1
902,328,1
902,340,1
902,377,1
902,418,1
902,438,1
902,452,1
902,476,1
902,515,1
902,742,1
902,774,1
902,823,1
902,943,1
902,1049,1
902,1461,1
902,1476,1
902,1808,1
902,1868,1
902,1922,1
902,2003,1
902,2077,1
902,2242,1
902,2280,1
902,2348,1
902,2474,1
906,30,1
906,842,1
906,968,1
906,1632,1
908,1387,1
909,2369,1
912,231,1
912,635,1
914,573,1
914,2040,1
917,3,1
917,346,1
917,1104,1
917,1205,1
917,1301,1
917,1800,1
917,2183,1
918,92,1
918,307,1
918,430,1
918,654,1
918,721,1
918,737,1
918,1383,1
918,1389,1
918,1415,1
918,1550,1
918,1601,1
918,2053,1
918,2309,1
919,169,1
919,1987,1
931,582,1
932,21,1
932,275,1
932,347,1
932,595,1
932,597,1
932,604,1
932,635,1
932,814,1
932,979,1
932,1009,1
932,1048,1
932,1073,1
932,1074,1
932,1077,1
932,1215,1
932,1230,1
932,1419,1
932,1585,1
932,1641,1
932,1761,1
932,1903,1
932,1904,1
932,1905,1
932,1906,1
932,1908,1
932,1909,1
932,2170,1
932,2176,1
932,2248,1
932,2252,1
932,2336,1
932,2337,1
933,99,1
933,320,1
933,659,1
933,696,1
933,1514,1
933,1725,1
934,68,1
934,190,1
934,214,1
934,508,1
934,584,1
934,706,1
934,725,1
934,797,1
934,1215,1
934,1672,1
934,1702,1
934,1918,1
934,2052,1
934,2202,1
937,413,1
937,510,1
937,883,1
937,1063,1
937,2175,1
938,45,1
938,412,1
938,567,1
938,904,1
938,1651,1
938,2299,1
938,2345,1
940,1408,1
940,1448,1
941,1327,1
942,983,1
942,1921,1
943,63,1
943,87,1
943,307,1
943,1083,1
943,1234,1
943,2154,1
943,2266,1
944,94,1
944,1490,1
945,1404,1
951,116,1
951,258,1
951,413,1
951,430,1
951,512,1
951,581,1
951,660,1
951,700,1
951,823,1
951,872,1
951,939,1
951,1126,1
951,1176,1
951,1205,1
951,1482,1
951,1741,1
951,1810,1
951,1811,1
951,1824,1
951,1839,1
951,1921,1
951,1925,1
951,2058,1
951,2257,1
951,2276,1
951,2347,1
951,2388,1
951,2399,1
955,381,1
955,505,1
955,725,1
955,939,1
955,1105,1
955,1176,1
955,1212,1
955,1270,1
955,1799,1
955,1834,1
955,2123,1
955,2155,1
955,2188,1
955,2316,1
955,2440,1
956,102,1
957,939,1
958,2086,1
960,102,1
960,430,1
960,535,1
960,1245,1
960,1311,1
960,1448,1
960,1730,1
961,311,1
961,526,1
963,11,1
963,452,1
963,619,1
963,860,1
963,1066,1
963,1196,1
963,1352,1
963,1713,1
963,1847,1
963,2435,1
966,3,1
966,672,1
966,756,1
966,788,1
966,1230,1
966,1825,1
967,2425,1
968,571,1
968,881,1
968,1993,1
968,2426,1
973,546,1
973,635,1
973,759,1
973,929,1
973,1962,1
974,1670,1
975,650,1
975,779,1
975,1779,1
975,1815,1
980,216,1
980,811,1
980,953,1
980,1620,1
980,1802,1
980,1980,1
980,2269,1
980,2292,1
982,1121,1
984,75,1
984,317,1
984,389,1
984,413,1
984,428,1
984,660,1
984,719,1
984,858,1
984,883,1
984,1007,1
984,1008,1
984,1044,1
984,1087,1
984,1217,1
984,1424,1
984,1426,1
984,1428,1
984,1684,1
984,1840,1
984,1925,1
984,2060,1
984,2135,1
984,2157,1
984,2204,1
984,2276,1
984,2311,1
984,2363,1
984,2382,1
984,2390,1
984,2391,1
984,2396,1
984,2415,1
984,2420,1
986,116,1
986,126,1
986,446,1
986,571,1
986,584,1
986,635,1
986,660,1
986,687,1
986,705,1
986,706,1
986,718,1
986,728,1
986,769,1
986,872,1
986,939,1
986,951,1
986,1064,1
986,1147,1
986,1168,1
986,1173,1
986,1215,1
986,1219,1
986,1224,1
986,1242,1
986,1251,1
986,1282,1
986,1351,1
986,1425,1
986,1885,1
986,1913,1
986,1921,1
986,2063,1
986,2064,1
986,2125,1
986,2426,1
986,2456,1
989,74,1
989,264,1
989,292,1
989,439,1
989,565,1
989,635,1
989,638,1
989,687,1
989,833,1
989,870,1
989,877,1
989,908,1
989,1999,1
990,99,1
990,1466,1
995,1311,1
997,29,1
997,37,1
997,161,1
997,285,1
997,295,1
997,374,1
997,392,1
997,487,1
997,891,1
997,1085,1
997,1116,1
997,1130,1
997,1207,1
997,1341,1
997,1598,1
997,1605,1
997,1642,1
997,1703,1
997,1712,1
997,1758,1
997,1822,1
997,1888,1
997,1977,1
997,2044,1
997,2097,1
997,2354,1
997,2416,1
997,2417,1
999,81,1
999,99,1
999,292,1
999,635,1
999,828,1
999,1427,1
1000,1834,1
1001,603,1
1001,1925,1
1001,2453,1
1003,700,1
1003,1824,1
1004,165,1
1004,399,1
1004,690,1
1004,1464,1
1004,1847,1
1006,102,1
1006,195,1
1006,267,1
1006,359,1
1006,408,1
1006,427,1
1006,531,1
1006,628,1
1006,635,1
1006,690,1
1006,864,1
1006,900,1
1006,907,1
1006,939,1
1006,1019,1
1006,1041,1
1006,1072,1
1006,1165,1
1006,1301,1
1006,1307,1
1006,1322,1
1006,1351,1
1006,1383,1
1006,1406,1
1006,1415,1
1006,1416,1
1006,1429,1
1006,1441,1
1006,1601,1
1006,1614,1
1006,1627,1
1006,1629,1
1006,1805,1
1006,1836,1
1006,1847,1
1006,1868,1
1006,1965,1
1006,1992,1
1006,2007,1
1006,2015,1
1006,2142,1
1006,2145,1
1006,2293,1
1006,2342,1
1006,2426,1
1006,2462,1
1011,45,1
1011,1981,1
1013,700,1
1013,959,1
1013,1847,1
1013,2249,1
1013,2276,1
1013,2385,1
1013,2465,1
1013,2469,1
1015,1015,1
1020,696,1
1022,430,1
1027,326,1
1027,625,1
1027,907,1
1027,1158,1
1027,2320,1
1029,3,1
1029,287,1
1029,1178,1
1029,1717,1
1029,1826,1
1029,2032,1
1029,2274,1
1030,187,1
1030,293,1
1031,1673,1
1031,2446,1
1031,2471,1
1034,654,1
1034,911,1
1034,1425,1
1034,1427,1
1036,939,1
1038,2298,1
1050,11,1
1050,193,1
1050,457,1
1050,718,1
1050,781,1
1050,823,1
1050,940,1
1050,1066,1
1050,1182,1
1050,1196,1
1050,1255,1
1050,1352,1
1050,1613,1
1050,1925,1
1050,1999,1
1050,2115,1
1050,2124,1
1050,2406,1
1053,1884,1
1056,681,1
1056,2339,1
1058,41,1
1058,99,1
1058,146,1
1058,326,1
1058,349,1
1058,385,1
1058,690,1
1058,877,1
1058,891,1
1058,969,1
1058,1014,1
1058,1125,1
1058,1427,1
1058,1691,1
1058,1694,1
1066,11,1
1066,214,1
1066,274,1
1066,342,1
1066,361,1
1066,625,1
1066,673,1
1066,674,1
1066,706,1
1066,783,1
1066,878,1
1066,994,1
1066,1052,1
1066,1147,1
1066,1176,1
1066,1205,1
1066,1229,1
1066,1258,1
1066,1259,1
1066,1593,1
1066,1661,1
1066,1695,1
1066,1941,1
1066,2057,1
1066,2077,1
1066,2149,1
1066,2435,1
1070,1582,1
1070,1717,1
1070,1940,1
1077,116,1
1077,239,1
1077,300,1
1077,328,1
1077,364,1
1077,611,1
1077,631,1
1077,939,1
1077,1077,1
1077,1114,1
1077,1215,1
1077,1227,1
1077,1273,1
1077,1343,1
1077,1416,1
1077,1511,1
1077,1594,1
1077,1756,1
1077,1972,1
1077,2044,1
1077,2368,1
1077,2445,1
1078,917,1
1078,1425,1
1078,2144,1
1079,144,1
1079,628,1
1079,997,1
1079,1764,1
1079,2010,1
1081,286,1
1081,400,1
1081,408,1
1081,430,1
1081,666,1
1081,1149,1
1081,2343,1
1084,1094,1
1084,1215,1
1084,1705,1
1084,1772,1
1085,4,1
1085,8,1
1085,18,1
1085,73,1
1085,78,1
1085,102,1
1085,182,1
1085,213,1
1085,224,1
1085,239,1
1085,259,1
1085,287,1
1085,327,1
1085,354,1
1085,408,1
1085,450,1
1085,478,1
1085,512,1
1085,535,1
1085,809,1
1085,828,1
1085,930,1
1085,935,1
1085,939,1
1085,1045,1
1085,1046,1
1085,1167,1
1085,1189,1
1085,1340,1
1085,1421,1
1085,1423,1
1085,1481,1
1085,1693,1
1085,1726,1
1085,1730,1
1085,1764,1
1085,1776,1
1085,1786,1
1085,1790,1
1085,1836,1
1085,1867,1
1085,1868,1
1085,1921,1
1085,1926,1
1085,1963,1
1085,1997,1
1085,2058,1
1085,2076,1
1085,2086,1
1085,2119,1
1085,2126,1
1085,2232,1
1085,2238,1
1085,2254,1
1085,2278,1
1085,2301,1
1085,2342,1
1085,2366,1
1085,2402,1
1089,63,1
1089,902,1
1090,144,1
1090,628,1
1090,997,1
1090,1764,1
1090,2010,1
1108,64,1
1108,2055,1
1108,2222,1
1108,2244,1
1108,2291,1
1108,2317,1
1108,2320,1
1108,2376,1
1108,2384,1
1108,2393,1
1108,2401,1
1120,414,1
1120,653,1
1120,1215,1
1121,38,1
1121,113,1
1121,884,1
1121,912,1
1121,1089,1
1121,1128,1
1121,1348,1
1121,2051,1
1121,2305,1
1123,146,1
1123,654,1
1123,911,1
1123,1050,1
1123,1425,1
1123,1691,1
1123,2124,1
1125,285,1
1125,667,1
1127,203,1
1127,341,1
1127,618,1
1127,654,1
1127,690,1
1127,698,1
1127,891,1
1127,1035,1
1127,1290,1
1127,1500,1
1127,1834,1
1138,95,1
1138,725,1
1138,1181,1
1138,1377,1
1138,1672,1
1138,1702,1
1138,1969,1
1138,2052,1
1138,2202,1
1138,2277,1
1142,81,1
1142,117,1
1142,148,1
1142,157,1
1142,210,1
1142,230,1
1142,293,1
1142,304,1
1142,326,1
1142,388,1
1142,414,1
1142,472,1
1142,490,1
1142,495,1
1142,614,1
1142,675,1
1142,814,1
1142,851,1
1142,876,1
1142,939,1
1142,971,1
1142,1096,1
1142,1140,1
1142,1311,1
1142,1391,1
1142,1716,1
1142,1760,1
1142,2058,1
1142,2237,1
1150,1921,1
1152,249,1
1152,2230,1
1154,38,1
1154,113,1
1154,884,1
1154,912,1
1154,982,1
1154,1348,1
1154,1415,1
1154,1956,1
1154,2305,1
1159,27,1
1159,100,1
1159,134,1
1159,293,1
1159,304,1
1159,307,1
1159,309,1
1159,312,1
1159,336,1
1159,341,1
1159,393,1
1159,412,1
1159,625,1
1159,635,1
1159,707,1
1159,795,1
1159,823,1
1159,843,1
1159,870,1
1159,908,1
1159,962,1
1159,1182,1
1159,1220,1
1159,1234,1
1159,1235,1
1159,1365,1
1159,1427,1
1159,1480,1
1159,1506,1
1159,1521,1
1159,1543,1
1159,1648,1
1159,1650,1
1159,1663,1
1159,1691,1
1159,1724,1
1159,1765,1
1159,1773,1
1159,1847,1
1159,1868,1
1159,1999,1
1159,2098,1
1159,2128,1
1159,2238,1
1159,2353,1
1159,2423,1
1160,29,1
1160,759,1
1160,824,1
1160,1058,1
1160,1174,1
1162,255,1
1162,415,1
1162,761,1
1162,861,1
1162,1267,1
1162,1406,1
1162,1457,1
1162,1859,1
1162,1883,1
1162,2132,1
1162,2274,1
1162,2402,1
1162,2404,1
1162,2407,1
1162,2408,1
1163,939,1
1163,1427,1
1171,99,1
1171,1066,1
1171,1259,1
1171,1264,1
1171,1436,1
1171,1862,1
1172,1401,1
1172,1848,1
1177,30,1
1177,339,1
1177,829,1
1181,587,1
1181,635,1
1181,939,1
1181,1202,1
1181,1215,1
1181,1316,1
1182,846,1
1182,1824,1
1186,891,1
1186,1913,1
1186,2183,1
1197,815,1
1197,1739,1
1197,1826,1
1198,619,1
1199,1694,1
1202,108,1
1202,128,1
1202,329,1
1202,505,1
1202,542,1
1202,732,1
1202,833,1
1202,1316,1
1202,1388,1
1202,1712,1
1203,433,1
1203,1443,1
1208,99,1
1208,122,1
1208,171,1
1208,257,1
1208,307,1
1208,434,1
1208,632,1
1208,635,1
1208,659,1
1208,939,1
1208,959,1
1208,1035,1
1208,1049,1
1208,1077,1
1208,1126,1
1208,1196,1
1208,1285,1
1208,1311,1
1208,1319,1
1208,1321,1
1208,1338,1
1208,1629,1
1208,1643,1
1208,1812,1
1208,1874,1
1208,1902,1
1208,2061,1
1208,2081,1
1208,2205,1
1208,2346,1
1209,700,1
1209,1465,1
1209,2385,1
1212,283,1
1212,500,1
1212,1383,1
1212,1415,1
1212,1441,1
1212,1601,1
1212,1697,1
1212,1842,1
1212,2053,1
1212,2137,1
1212,2309,1
1214,71,1
1214,198,1
1214,270,1
1215,8,1
1215,9,1
1215,40,1
1215,44,1
1215,174,1
1215,203,1
1215,253,1
1215,279,1
1215,307,1
1215,330,1
1215,367,1
1215,378,1
1215,412,1
1215,485,1
1215,490,1
1215,512,1
1215,518,1
1215,522,1
1215,546,1
1215,591,1
1215,633,1
1215,635,1
1215,690,1
1215,744,1
1215,759,1
1215,800,1
1215,801,1
1215,833,1
1215,877,1
1215,891,1
1215,899,1
1215,922,1
1215,929,1
1215,939,1
1215,977,1
1215,1055,1
1215,1119,1
1215,1143,1
1215,1175,1
1215,1176,1
1215,1179,1
1215,1198,1
1215,1311,1
1215,1315,1
1215,1431,1
1215,1432,1
1215,1455,1
1215,1466,1
1215,1529,1
1215,1530,1
1215,1553,1
1215,1569,1
1215,1602,1
1215,1654,1
1215,1691,1
1215,1706,1
1215,1724,1
1215,1729,1
1215,1736,1
1215,1746,1
1215,1808,1
1215,1896,1
1215,1899,1
1215,1901,1
1215,1962,1
1215,1965,1
1215,1966,1
1215,1986,1
1215,2236,1
1215,2237,1
1215,2238,1
1215,2330,1
1215,2333,1
1215,2334,1
1215,2340,1
1215,2347,1
1215,2378,1
1215,2379,1
1215,2389,1
1215,2422,1
1218,531,1
1218,624,1
1220,65,1
1220,99,1
1220,129,1
1220,237,1
1220,303,1
1220,412,1
1220,450,1
1220,469,1
1220,605,1
1220,617,1
1220,629,1
1220,704,1
1220,745,1
1220,1345,1
1220,1385,1
1220,1511,1
1220,1877,1
1220,1921,1
1220,1926,1
1220,2047,1
1220,2163,1
1220,2268,1
1221,508,1
1221,984,1
1222,843,1
1222,1490,1
1222,2410,1
1223,355,1
1223,585,1
1223,1461,1
1223,1552,1
1223,1853,1
1223,2263,1
1223,2289,1
1223,2373,1
1225,47,1
1225,81,1
1225,99,1
1225,136,1
1225,153,1
1225,213,1
1225,902,1
1225,1110,1
1225,1213,1
1225,1895,1
1226,512,1
1228,700,1
1228,2385,1
1231,63,1
1231,215,1
1231,269,1
1231,326,1
1231,433,1
1231,470,1
1231,519,1
1231,563,1
1231,620,1
1231,635,1
1231,638,1
1231,709,1
1231,758,1
1231,833,1
1231,1215,1
1231,1591,1
1231,1820,1
1252,340,1
1253,126,1
1253,214,1
1253,274,1
1253,361,1
1253,625,1
1253,660,1
1253,687,1
1253,728,1
1253,833,1
1253,872,1
1253,939,1
1253,1215,1
1253,1219,1
1253,1224,1
1253,1251,1
1253,1351,1
1253,1885,1
1253,1921,1
1253,2063,1
1253,2068,1
1253,2125,1
1253,2225,1
1253,2456,1
1254,334,1
1254,1973,1
1264,63,1
1264,282,1
1264,326,1
1264,333,1
1264,470,1
1264,479,1
1264,635,1
1264,669,1
1264,687,1
1264,833,1
1264,1215,1
1264,1230,1
1264,1298,1
1264,1555,1
1264,1728,1
1264,1820,1
1264,1987,1
1264,2035,1
1264,2081,1
1264,2183,1
1264,2266,1
1264,2364,1
1268,519,1
1268,745,1
1268,939,1
1268,1445,1
1268,1682,1
1274,591,1
1274,1021,1
1274,1294,1
1274,1779,1
1277,571,1
1277,788,1
1277,1657,1
1280,34,1
1280,47,1
1280,266,1
1280,681,1
1280,690,1
1280,801,1
1280,1094,1
1280,1118,1
1280,1280,1
1280,1868,1
1280,2284,1
1282,21,1
1282,347,1
1282,563,1
1282,595,1
1282,648,1
1282,979,1
1282,1073,1
1282,1077,1
1282,1215,1
1282,1278,1
1282,1416,1
1282,1585,1
1282,1641,1
1282,1794,1
1282,1895,1
1282,1902,1
1282,1903,1
1282,1904,1
1282,1905,1
1282,1909,1
1282,2170,1
1282,2178,1
1282,2248,1
1282,2252,1
1282,2336,1
1283,1629,1
1283,1992,1
1284,99,1
1286,1568,1
1288,21,1
1288,275,1
1288,347,1
1288,595,1
1288,597,1
1288,604,1
1288,648,1
1288,814,1
1288,979,1
1288,1073,1
1288,1074,1
1288,1077,1
1288,1585,1
1288,1834,1
1288,1902,1
1288,1905,1
1288,1906,1
1288,1908,1
1288,1909,1
1288,1975,1
1288,2171,1
1288,2178,1
1288,2185,1
1288,2252,1
1292,149,1
1292,394,1
1292,631,1
1292,635,1
1292,822,1
1292,889,1
1292,893,1
1292,918,1
1292,939,1
1292,1077,1
1292,1215,1
1292,1287,1
1292,1384,1
1292,1404,1
1292,1523,1
1292,1972,1
1292,2090,1
1300,269,1
1300,823,1
1300,939,1
1300,2368,1
1302,700,1
1302,779,1
1302,959,1
1302,1024,1
1302,1445,1
1302,1690,1
1302,1723,1
1302,1824,1
1302,2242,1
1304,63,1
1304,340,1
1304,927,1
1304,1085,1
1304,1834,1
1305,1633,1
1306,625,1
1309,526,1
1309,907,1
1309,1291,1
1309,1441,1
1309,1500,1
1311,7,1
1311,47,1
1311,55,1
1311,80,1
1311,88,1
1311,97,1
1311,101,1
1311,106,1
1311,109,1
1311,149,1
1311,155,1
1311,179,1
1311,186,1
1311,223,1
1311,253,1
1311,262,1
1311,269,1
1311,279,1
1311,285,1
1311,290,1
1311,293,1
1311,304,1
1311,307,1
1311,326,1
1311,332,1
1311,358,1
1311,415,1
1311,459,1
1311,471,1
1311,493,1
1311,494,1
1311,496,1
1311,503,1
1311,554,1
1311,563,1
1311,629,1
1311,635,1
1311,653,1
1311,654,1
1311,681,1
1311,683,1
1311,701,1
1311,714,1
1311,720,1
1311,735,1
1311,736,1
1311,781,1
1311,814,1
1311,838,1
1311,855,1
1311,862,1
1311,874,1
1311,877,1
1311,892,1
1311,997,1
1311,1033,1
1311,1039,1
1311,1049,1
1311,1057,1
1311,1058,1
1311,1069,1
1311,1078,1
1311,1098,1
1311,1126,1
1311,1150,1
1311,1182,1
1311,1259,1
1311,1263,1
1311,1278,1
1311,1290,1
1311,1310,1
1311,1311,1
1311,1315,1
1311,1329,1
1311,1342,1
1311,1351,1
1311,1404,1
1311,1405,1
1311,1439,1
1311,1447,1
1311,1454,1
1311,1455,1
1311,1471,1
1311,1592,1
1311,1603,1
1311,1653,1
1311,1665,1
1311,1677,1
1311,1691,1
1311,1700,1
1311,1729,1
1311,1744,1
1311,1773,1
1311,1798,1
1311,1802,1
1311,1812,1
1311,1865,1
1311,1873,1
1311,1887,1
1311,1913,1
1311,1921,1
1311,1924,1
1311,1926,1
1311,1946,1
1311,2005,1
1311,2034,1
1311,2067,1
1311,2085,1
1311,2113,1
1311,2130,1
1311,2221,1
1311,2231,1
1311,2238,1
1311,2303,1
1311,2340,1
1311,2345,1
1311,2353,1
1311,2406,1
1311,2463,1
1312,939,1
1313,51,1
1313,1302,1
1313,1350,1
1313,1873,1
1314,100,1
1314,116,1
1314,188,1
1314,254,1
1314,361,1
1314,433,1
1314,563,1
1314,637,1
1314,758,1
1314,796,1
1314,939,1
1314,974,1
1314,1215,1
1314,1348,1
1314,1425,1
1314,1621,1
1314,1679,1
1314,1747,1
1314,2466,1
1317,603,1
1317,679,1
1317,923,1
1317,928,1
1317,1293,1
1317,1441,1
1317,1547,1
1317,1611,1
1317,1618,1
1317,2220,1
1323,1275,1
1332,300,1
1332,605,1
1332,1086,1
1332,1415,1
1332,1441,1
1332,1503,1
1332,2075,1
1332,2224,1
1332,2324,1
1334,47,1
1334,419,1
1334,1092,1
1337,1882,1
1339,78,1
1339,139,1
1339,163,1
1339,408,1
1339,411,1
1339,478,1
1339,624,1
1339,634,1
1339,637,1
1339,717,1
1339,741,1
1339,773,1
1339,791,1
1339,817,1
1339,886,1
1339,935,1
1339,1045,1
1339,1135,1
1339,1153,1
1339,1167,1
1339,1189,1
1339,1387,1
1339,1423,1
1339,1470,1
1339,1481,1
1339,1522,1
1339,1535,1
1339,1561,1
1339,1615,1
1339,1655,1
1339,1693,1
1339,1754,1
1339,1776,1
1339,1786,1
1339,1793,1
1339,1809,1
1339,1836,1
1339,1867,1
1339,1963,1
1339,1997,1
1339,2065,1
1339,2180,1
1339,2232,1
1339,2238,1
1339,2254,1
1339,2301,1
1339,2342,1
1340,63,1
1340,635,1
1340,644,1
1340,761,1
1340,902,1
1340,1580,1
1340,1682,1
1340,1792,1
1340,1900,1
1340,1920,1
1340,2361,1
1343,2261,1
1346,79,1
1346,99,1
1346,690,1
1346,750,1
1346,1965,1
1348,674,1
1348,1258,1
1353,64,1
1353,1705,1
1353,2055,1
1353,2222,1
1353,2244,1
1353,2317,1
1353,2320,1
1353,2376,1
1353,2384,1
1353,2393,1
1353,2401,1
1353,2409,1
1355,29,1
1355,221,1
1355,339,1
1355,341,1
1355,386,1
1355,399,1
1355,426,1
1355,448,1
1355,452,1
1355,459,1
1355,512,1
1355,563,1
1355,577,1
1355,654,1
1355,656,1
1355,661,1
1355,664,1
1355,857,1
1355,920,1
1355,939,1
1355,1048,1
1355,1143,1
1355,1243,1
1355,1265,1
1355,1293,1
1355,1458,1
1355,1489,1
1355,1510,1
1355,1529,1
1355,1530,1
1355,1576,1
1355,1602,1
1355,1712,1
1355,1868,1
1355,1879,1
1355,1921,1
1355,1993,1
1358,1980,1
1359,102,1
1359,408,1
1359,427,1
1359,432,1
1359,624,1
1359,634,1
1359,635,1
1359,690,1
1359,864,1
1359,935,1
1359,939,1
1359,963,1
1359,1072,1
1359,1094,1
1359,1322,1
1359,1351,1
1359,1383,1
1359,1415,1
1359,1441,1
1359,1466,1
1359,1488,1
1359,1724,1
1359,1783,1
1359,1836,1
1359,1847,1
1359,1868,1
1359,1912,1
1359,1921,1
1359,2035,1
1359,2053,1
1359,2183,1
1359,2293,1
1359,2342,1
1359,2426,1
1359,2462,1
1360,1158,1
1365,79,1
1365,99,1
1365,430,1
1365,563,1
1365,933,1
1365,1091,1
1365,1278,1
1365,1469,1
1365,1921,1
1365,2039,1
1365,2044,1
1371,1663,1
1377,1274,1
1378,539,1
1380,399,1
1381,23,1
1381,173,1
1381,293,1
1381,537,1
1381,559,1
1381,603,1
1381,619,1
1381,645,1
1381,1205,1
1381,1236,1
1381,1473,1
1381,1614,1
1381,1778,1
1381,1846,1
1381,1921,1
1381,1955,1
1381,1999,1
1381,2404,1
1393,399,1
1393,1939,1
1396,206,1
1396,370,1
1396,619,1
1396,913,1
1396,1113,1
1396,1122,1
1396,1347,1
1396,1450,1
1396,1953,1
1400,654,1
1400,1847,1
1403,102,1
1403,133,1
1403,189,1
1403,427,1
1403,432,1
1403,602,1
1403,624,1
1403,628,1
1403,634,1
1403,635,1
1403,716,1
1403,729,1
1403,864,1
1403,935,1
1403,939,1
1403,963,1
1403,1094,1
1403,1232,1
1403,1351,1
1403,1383,1
1403,1415,1
1403,1416,1
1403,1441,1
1403,1495,1
1403,1513,1
1403,1545,1
1403,1711,1
1403,1724,1
1403,1783,1
1403,1868,1
1403,1912,1
1403,1921,1
1403,1965,1
1403,2015,1
1403,2035,1
1403,2053,1
1403,2342,1
1403,2411,1
1403,2462,1
1404,213,1
1409,939,1
1409,1834,1
1411,107,1
1411,870,1
1411,1539,1
1411,1868,1
1411,1899,1
1411,1999,1
1411,2447,1
1417,2331,1
1422,939,1
1422,2281,1
1435,95,1
1435,725,1
1435,1181,1
1435,1316,1
1435,1377,1
1435,1672,1
1435,1969,1
1435,2052,1
1436,99,1
1436,281,1
1436,718,1
1436,848,1
1436,1514,1
1436,1848,1
1436,2118,1
1436,2144,1
1437,1993,1
1438,629,1
1438,632,1
1438,672,1
1438,1321,1
1438,1958,1
1438,2325,1
1439,63,1
1439,283,1
1439,326,1
1439,635,1
1439,669,1
1439,684,1
1439,1215,1
1439,1230,1
1439,1820,1
1439,1999,1
1439,2035,1
1439,2081,1
1439,2183,1
1450,8,1
1450,207,1
1450,304,1
1450,653,1
1450,690,1
1450,781,1
1450,800,1
1450,855,1
1450,877,1
1450,1315,1
1450,1351,1
1450,1418,1
1450,2149,1
1450,2356,1
1452,99,1
1452,1886,1
1459,99,1
1459,153,1
1469,90,1
1469,131,1
1469,408,1
1469,634,1
1469,718,1
1469,781,1
1469,833,1
1469,885,1
1469,891,1
1469,935,1
1469,939,1
1469,972,1
1469,1028,1
1469,1060,1
1469,1080,1
1469,1126,1
1469,1196,1
1469,1263,1
1469,1307,1
1469,1330,1
1469,1397,1
1469,1407,1
1469,1413,1
1469,1425,1
1469,1488,1
1469,1501,1
1469,1532,1
1469,1574,1
1469,1722,1
1469,1755,1
1469,1836,1
1469,1867,1
1469,1892,1
1469,1974,1
1469,1989,1
1469,2011,1
1469,2342,1
1469,2447,1
1472,399,1
1472,635,1
1472,1170,1
1472,1620,1
1472,1802,1
1472,1980,1
1472,2269,1
1472,2292,1
1474,265,1
1474,635,1
1475,61,1
1475,191,1
1475,376,1
1475,413,1
1475,437,1
1475,527,1
1475,655,1
1475,685,1
1475,1025,1
1475,1095,1
1475,1119,1
1475,1233,1
1475,1336,1
1475,1404,1
1475,1462,1
1475,1644,1
1475,1766,1
1475,1813,1
1480,312,1
1480,449,1
1480,653,1
1480,758,1
1480,1205,1
1480,1272,1
1480,1480,1
1480,1551,1
1480,1691,1
1480,1705,1
1480,1851,1
1480,2238,1
1480,2349,1
1485,265,1
1486,213,1
1486,838,1
1486,954,1
1491,63,1
1491,326,1
1491,635,1
1491,669,1
1491,1820,1
1491,1999,1
1491,2035,1
1491,2081,1
1492,628,1
1496,415,1
1498,373,1
1498,1050,1
1498,1446,1
1503,834,1
1503,2053,1
1503,2238,1
1505,304,1
1505,939,1
1505,1311,1
1505,1688,1
1507,1118,1
1515,1509,1
1519,560,1
1519,1477,1
1519,1540,1
1520,245,1
1520,351,1
1520,563,1
1520,812,1
1520,939,1
1520,1404,1
1520,1533,1
1526,386,1
1526,2238,1
1531,29,1
1531,188,1
1531,700,1
1531,959,1
1531,1221,1
1531,1348,1
1531,1468,1
1531,1664,1
1531,1824,1
1531,1847,1
1531,2385,1
1542,635,1
1542,826,1
1542,939,1
1542,2122,1
1543,79,1
1543,276,1
1543,328,1
1543,350,1
1543,353,1
1543,575,1
1543,644,1
1543,1219,1
1543,1259,1
1543,1516,1
1543,1543,1
1543,1754,1
1543,1847,1
1544,98,1
1544,328,1
1544,341,1
1544,412,1
1544,600,1
1544,840,1
1544,870,1
1544,908,1
1544,1182,1
1544,1480,1
1544,1543,1
1544,1695,1
1544,1765,1
1544,1847,1
1544,1868,1
1544,2098,1
1546,102,1
1546,408,1
1546,427,1
1546,635,1
1546,737,1
1546,763,1
1546,935,1
1546,939,1
1546,963,1
1546,1094,1
1546,1307,1
1546,1322,1
1546,1351,1
1546,1383,1
1546,1415,1
1546,1416,1
1546,1441,1
1546,1466,1
1546,1724,1
1546,1783,1
1546,1847,1
1546,1868,1
1546,1912,1
1546,1921,1
1546,1965,1
1546,2015,1
1546,2053,1
1546,2293,1
1546,2342,1
1546,2462,1
1549,755,1
1558,870,1
1558,1999,1
1559,213,1
1559,258,1
1559,346,1
1559,445,1
1559,520,1
1559,571,1
1559,636,1
1559,686,1
1559,786,1
1559,814,1
1559,910,1
1559,966,1
1559,1054,1
1559,1160,1
1559,1183,1
1559,1293,1
1559,1331,1
1559,1630,1
1559,1663,1
1559,1691,1
1559,1968,1
1559,2026,1
1559,2058,1
1559,2095,1
1559,2111,1
1559,2279,1
1564,1991,1
1566,2240,1
1568,19,1
1568,292,1
1568,625,1
1568,690,1
1568,964,1
1568,1102,1
1568,1448,1
1568,1663,1
1568,1694,1
1568,1715,1
1568,1976,1
1568,2035,1
1568,2138,1
1568,2242,1
1568,2469,1
1572,1688,1
1572,1921,1
1575,635,1
1575,2010,1
1578,47,1
1578,1278,1
1578,2087,1
1581,1242,1
1586,441,1
1586,665,1
1588,1847,1
1596,2125,1
1597,408,1
1597,628,1
1597,634,1
1597,1072,1
1597,1307,1
1597,1322,1
1597,1488,1
1597,2342,1
1597,2462,1
1604,1834,1
1606,23,1
1606,190,1
1606,584,1
1606,706,1
1606,725,1
1606,1181,1
1606,1672,1
1606,1702,1
1606,1969,1
1606,2052,1
1606,2202,1
1608,1847,1
1609,546,1
1609,974,1
1609,1459,1
1609,1819,1
1609,1970,1
1609,2035,1
1609,2443,1
1616,619,1
1616,823,1
1616,1018,1
1616,1142,1
1616,1976,1
1617,144,1
1617,628,1
1617,997,1
1617,1764,1
1617,2010,1
1623,939,1
1625,304,1
1625,647,1
1629,28,1
1629,32,1
1629,195,1
1629,307,1
1629,660,1
1629,974,1
1629,1040,1
1629,1049,1
1629,1574,1
1631,32,1
1631,74,1
1631,603,1
1631,822,1
1631,939,1
1631,1113,1
1631,1147,1
1631,1287,1
1631,1565,1
1632,571,1
1632,881,1
1632,2426,1
1634,1497,1
1637,216,1
1637,591,1
1637,1702,1
1637,2148,1
1645,385,1
1645,412,1
1645,1848,1
1645,1875,1
1645,2405,1
1652,673,1
1652,810,1
1652,1205,1
1653,328,1
1653,1215,1
1653,2128,1
1670,79,1
1670,1460,1
1670,2124,1
1670,2310,1
1671,1613,1
1671,1673,1
1671,2446,1
1672,241,1
1672,635,1
1672,939,1
1672,1215,1
1672,1316,1
1672,1834,1
1679,574,1
1679,1264,1
1679,1414,1
1679,1933,1
1680,1738,1
1680,2385,1
1681,924,1
1681,1731,1
1692,690,1
1692,847,1
1692,1420,1
1692,1512,1
1697,1234,1
1697,2238,1
1700,92,1
1700,176,1
1700,196,1
1700,380,1
1700,690,1
1700,796,1
1700,1005,1
1700,1126,1
1700,1195,1
1700,1215,1
1700,1467,1
1700,1865,1
1700,2105,1
1700,2225,1
1701,187,1
1702,241,1
1702,587,1
1702,969,1
1702,1005,1
1702,1202,1
1702,1215,1
1702,1309,1
1702,1316,1
1702,2273,1
1709,415,1
1709,465,1
1709,713,1
1709,2112,1
1710,269,1
1710,383,1
1718,889,1
1718,959,1
1719,300,1
1719,605,1
1719,1415,1
1719,1441,1
1719,1503,1
1719,2075,1
1719,2224,1
1719,2308,1
1719,2309,1
1731,739,1
1733,3,1
1733,213,1
1733,255,1
1733,293,1
1733,315,1
1733,325,1
1733,464,1
1733,693,1
1733,761,1
1733,861,1
1733,939,1
1733,1131,1
1733,1160,1
1733,1208,1
1733,1405,1
1733,1583,1
1733,1704,1
1733,2020,1
1733,2407,1
1733,2408,1
1734,30,1
1734,59,1
1734,244,1
1734,311,1
1734,1196,1
1734,1263,1
1734,1553,1
1734,1799,1
1734,2446,1
1738,273,1
1744,430,1
1746,681,1
1746,1860,1
1746,2318,1
1749,706,1
1750,1233,1
1751,296,1
1751,1717,1
1753,1660,1
1757,1534,1
1757,1607,1
1759,635,1
1759,989,1
1759,1868,1
1759,2035,1
1769,119,1
1769,476,1
1770,25,1
1770,32,1
1770,126,1
1770,242,1
1770,335,1
1770,467,1
1770,625,1
1770,635,1
1770,687,1
1770,706,1
1770,728,1
1770,743,1
1770,751,1
1770,820,1
1770,833,1
1770,872,1
1770,939,1
1770,1052,1
1770,1064,1
1770,1147,1
1770,1205,1
1770,1209,1
1770,1215,1
1770,1224,1
1770,1351,1
1770,1705,1
1770,1868,1
1770,1885,1
1770,1913,1
1770,1921,1
1770,1932,1
1770,1978,1
1770,2125,1
1770,2309,1
1770,2456,1
1771,99,1
1771,144,1
1771,188,1
1771,270,1
1771,355,1
1771,412,1
1771,520,1
1771,637,1
1771,939,1
1771,1145,1
1771,1156,1
1771,1348,1
1771,1425,1
1771,1621,1
1771,1679,1
1771,1691,1
1771,1705,1
1771,1817,1
1771,1832,1
1771,2189,1
1771,2200,1
1771,2267,1
1773,635,1
1773,1633,1
1773,1834,1
1773,1868,1
1774,1659,1
1777,258,1
1777,300,1
1777,314,1
1777,846,1
1782,654,1
1782,911,1
1782,1425,1
1782,1427,1
1787,220,1
1796,1389,1
1802,79,1
1802,228,1
1802,283,1
1802,635,1
1802,687,1
1802,690,1
1802,819,1
1802,833,1
1802,1230,1
1802,1280,1
1802,1537,1
1802,2035,1
1804,505,1
1804,711,1
1804,1291,1
1804,2137,1
1806,68,1
1806,190,1
1806,214,1
1806,584,1
1806,725,1
1806,797,1
1806,1181,1
1806,1196,1
1806,1215,1
1806,1377,1
1806,1672,1
1806,1702,1
1806,1918,1
1806,1969,1
1806,2202,1
1806,2277,1
1807,3,1
1810,82,1
1810,891,1
1810,1811,1
1810,1925,1
1810,2058,1
1814,1963,1
1816,1196,1
1818,1234,1
1818,1921,1
1819,65,1
1819,114,1
1819,126,1
1819,130,1
1819,188,1
1819,307,1
1819,326,1
1819,340,1
1819,360,1
1819,375,1
1819,386,1
1819,399,1
1819,404,1
1819,412,1
1819,417,1
1819,436,1
1819,520,1
1819,525,1
1819,542,1
1819,561,1
1819,571,1
1819,602,1
1819,603,1
1819,608,1
1819,625,1
1819,628,1
1819,634,1
1819,635,1
1819,659,1
1819,665,1
1819,667,1
1819,670,1
1819,673,1
1819,674,1
1819,690,1
1819,700,1
1819,705,1
1819,709,1
1819,718,1
1819,728,1
1819,743,1
1819,798,1
1819,806,1
1819,843,1
1819,864,1
1819,893,1
1819,939,1
1819,951,1
1819,994,1
1819,1004,1
1819,1009,1
1819,1058,1
1819,1062,1
1819,1066,1
1819,1078,1
1819,1097,1
1819,1103,1
1819,1173,1
1819,1176,1
1819,1186,1
1819,1196,1
1819,1205,1
1819,1206,1
1819,1208,1
1819,1215,1
1819,1219,1
1819,1224,1
1819,1230,1
1819,1251,1
1819,1258,1
1819,1259,1
1819,1268,1
1819,1320,1
1819,1348,1
1819,1351,1
1819,1385,1
1819,1404,1
1819,1466,1
1819,1565,1
1819,1621,1
1819,1638,1
1819,1654,1
1819,1704,1
1819,1705,1
1819,1724,1
1819,1824,1
1819,1836,1
1819,1868,1
1819,1885,1
1819,1892,1
1819,1898,1
1819,1899,1
1819,1914,1
1819,1921,1
1819,1926,1
1819,1929,1
1819,1932,1
1819,1965,1
1819,1984,1
1819,1992,1
1819,1998,1
1819,2064,1
1819,2124,1
1819,2125,1
1819,2144,1
1819,2179,1
1819,2191,1
1819,2342,1
1819,2395,1
1819,2411,1
1819,2426,1
1819,2427,1
1819,2443,1
1819,2456,1
1819,2475,1
1823,939,1
1831,874,1
1831,1763,1
1833,340,1
1833,635,1
1833,1014,1
1833,1585,1
1834,24,1
1834,79,1
1834,158,1
1834,213,1
1834,272,1
1834,284,1
1834,348,1
1834,386,1
1834,394,1
1834,439,1
1834,471,1
1834,690,1
1834,766,1
1834,825,1
1834,1117,1
1834,1290,1
1834,1325,1
1834,1327,1
1834,1363,1
1834,1404,1
1834,1416,1
1834,1527,1
1834,1575,1
1834,1641,1
1834,1667,1
1834,1737,1
1834,1758,1
1834,1802,1
1834,1880,1
1834,1907,1
1834,1926,1
1834,1948,1
1834,1967,1
1834,2054,1
1834,2064,1
1834,2116,1
1834,2144,1
1834,2197,1
1834,2224,1
1834,2345,1
1834,2351,1
1835,687,1
1835,1921,1
1835,2261,1
1842,50,1
1842,505,1
1842,1415,1
1842,1441,1
1842,1676,1
1844,430,1
1844,1327,1
1849,79,1
1849,99,1
1849,566,1
1849,1514,1
1854,757,1
1854,906,1
1854,1277,1
1854,2459,1
1861,1040,1
1866,2035,1
1868,11,1
1868,29,1
1868,32,1
1868,80,1
1868,214,1
1868,232,1
1868,242,1
1868,251,1
1868,274,1
1868,328,1
1868,345,1
1868,361,1
1868,391,1
1868,412,1
1868,619,1
1868,625,1
1868,669,1
1868,690,1
1868,700,1
1868,706,1
1868,707,1
1868,732,1
1868,843,1
1868,867,1
1868,949,1
1868,959,1
1868,1066,1
1868,1100,1
1868,1161,1
1868,1165,1
1868,1205,1
1868,1215,1
1868,1259,1
1868,1311,1
1868,1466,1
1868,1501,1
1868,1661,1
1868,1724,1
1868,1788,1
1868,1838,1
1868,1847,1
1868,1868,1
1868,1893,1
1868,1925,1
1868,1992,1
1868,2000,1
1868,2182,1
1868,2385,1
1868,2435,1
1868,2453,1
1868,2458,1
1868,2464,1
1868,2465,1
1868,2468,1
1869,758,1
1869,796,1
1869,974,1
1869,1059,1
1869,1934,1
1872,2316,1
1876,38,1
1876,884,1
1876,912,1
1876,1128,1
1876,1348,1
1876,2051,1
1878,430,1
1878,567,1
1878,1327,1
1881,29,1
1881,213,1
1881,318,1
1881,635,1
1881,658,1
1881,687,1
1881,833,1
1881,939,1
1881,951,1
1881,1164,1
1881,1215,1
1881,1219,1
1881,1351,1
1881,1545,1
1881,1839,1
1881,1885,1
1881,1898,1
1881,1913,1
1881,1941,1
1881,1951,1
1881,2063,1
1881,2125,1
1881,2140,1
1881,2145,1
1881,2456,1
1884,863,1
1889,1209,1
1895,2036,1
1899,11,1
1899,213,1
1899,290,1
1899,457,1
1899,706,1
1899,1066,1
1899,1352,1
1899,1404,1
1899,2307,1
1911,1362,1
1911,1868,1
1911,2307,1
1917,399,1
1917,1939,1
1919,51,1
1919,99,1
1919,891,1
1919,1140,1
1919,1215,1
1919,1427,1
1919,1445,1
1919,2035,1
1919,2056,1
1919,2276,1
1923,304,1
1923,655,1
1923,939,1
1923,1182,1
1928,99,1
1934,47,1
1935,130,1
1935,213,1
1935,293,1
1935,384,1
1935,706,1
1935,840,1
1935,926,1
1935,1049,1
1935,1118,1
1935,1144,1
1935,1196,1
1935,1221,1
1935,1239,1
1935,1296,1
1935,1444,1
1935,1565,1
1935,1640,1
1935,1847,1
1935,1895,1
1935,1968,1
1935,2073,1
1935,2432,1
1935,2473,1
1936,1377,1
1938,1125,1
1942,635,1
1942,714,1
1942,1802,1
1943,430,1
1949,328,1
1949,2406,1
1950,65,1
1950,116,1
1950,178,1
1950,179,1
1950,188,1
1950,300,1
1950,306,1
1950,405,1
1950,533,1
1950,609,1
1950,619,1
1950,696,1
1950,771,1
1950,868,1
1950,915,1
1950,939,1
1950,1005,1
1950,1030,1
1950,1142,1
1950,1161,1
1950,1187,1
1950,1189,1
1950,1191,1
1950,1316,1
1950,1327,1
1950,1328,1
1950,1405,1
1950,1497,1
1950,1499,1
1950,1533,1
1950,1584,1
1950,1619,1
1950,1712,1
1950,1717,1
1950,1937,1
1950,1955,1
1950,1997,1
1950,2129,1
1950,2307,1
1950,2310,1
1951,268,1
1951,700,1
1951,858,1
1951,859,1
1951,1196,1
1951,1217,1
1951,1426,1
1951,1661,1
1951,1664,1
1951,1847,1
1951,1925,1
1951,2204,1
1951,2363,1
1951,2382,1
1951,2390,1
1951,2391,1
1952,48,1
1952,1660,1
1952,1819,1
1955,3,1
1955,4,1
1955,8,1
1955,17,1
1955,29,1
1955,32,1
1955,45,1
1955,51,1
1955,69,1
1955,71,1
1955,74,1
1955,79,1
1955,80,1
1955,95,1
1955,116,1
1955,127,1
1955,186,1
1955,214,1
1955,235,1
1955,241,1
1955,251,1
1955,259,1
1955,268,1
1955,274,1
1955,285,1
1955,304,1
1955,307,1
1955,323,1
1955,326,1
1955,328,1
1955,339,1
1955,361,1
1955,369,1
1955,391,1
1955,399,1
1955,405,1
1955,412,1
1955,413,1
1955,422,1
1955,439,1
1955,466,1
1955,482,1
1955,508,1
1955,515,1
1955,517,1
1955,546,1
1955,547,1
1955,563,1
1955,584,1
1955,585,1
1955,603,1
1955,619,1
1955,638,1
1955,646,1
1955,660,1
1955,672,1
1955,676,1
1955,688,1
1955,690,1
1955,696,1
1955,700,1
1955,706,1
1955,707,1
1955,732,1
1955,733,1
1955,762,1
1955,767,1
1955,793,1
1955,809,1
1955,813,1
1955,823,1
1955,828,1
1955,848,1
1955,853,1
1955,858,1
1955,870,1
1955,877,1
1955,883,1
1955,888,1
1955,891,1
1955,907,1
1955,916,1
1955,933,1
1955,936,1
1955,939,1
1955,951,1
1955,965,1
1955,969,1
1955,981,1
1955,993,1
1955,1064,1
1955,1066,1
1955,1097,1
1955,1126,1
1955,1144,1
1955,1147,1
1955,1148,1
1955,1161,1
1955,1176,1
1955,1196,1
1955,1206,1
1955,1215,1
1955,1217,1
1955,1221,1
1955,1228,1
1955,1234,1
1955,1239,1
1955,1240,1
1955,1250,1
1955,1259,1
1955,1270,1
1955,1278,1
1955,1287,1
1955,1325,1
1955,1327,1
1955,1351,1
1955,1404,1
1955,1433,1
1955,1434,1
1955,1466,1
1955,1501,1
1955,1507,1
1955,1579,1
1955,1583,1
1955,1626,1
1955,1635,1
1955,1661,1
1955,1664,1
1955,1684,1
1955,1690,1
1955,1695,1
1955,1705,1
1955,1712,1
1955,1717,1
1955,1724,1
1955,1764,1
1955,1824,1
1955,1856,1
1955,1899,1
1955,1921,1
1955,1926,1
1955,1935,1
1955,1957,1
1955,1965,1
1955,1990,1
1955,1997,1
1955,2011,1
1955,2012,1
1955,2023,1
1955,2072,1
1955,2073,1
1955,2092,1
1955,2107,1
1955,2108,1
1955,2110,1
1955,2119,1
1955,2131,1
1955,2133,1
1955,2145,1
1955,2167,1
1955,2173,1
1955,2223,1
1955,2238,1
1955,2241,1
1955,2279,1
1955,2296,1
1955,2299,1
1955,2341,1
1955,2347,1
1955,2363,1
1955,2380,1
1955,2385,1
1955,2388,1
1955,2390,1
1955,2427,1
1955,2441,1
1955,2458,1
1955,2464,1
1955,2465,1
1955,2469,1
1960,946,1
1961,63,1
1961,933,1
1961,1239,1
1961,1581,1
1961,2066,1
1970,59,1
1970,116,1
1970,126,1
1970,242,1
1970,340,1
1970,446,1
1970,625,1
1970,687,1
1970,705,1
1970,718,1
1970,728,1
1970,833,1
1970,864,1
1970,872,1
1970,951,1
1970,1064,1
1970,1147,1
1970,1168,1
1970,1173,1
1970,1215,1
1970,1219,1
1970,1242,1
1970,1251,1
1970,1282,1
1970,1351,1
1970,1654,1
1970,1885,1
1970,1898,1
1970,1913,1
1970,1921,1
1970,2064,1
1970,2125,1
1970,2456,1
1972,669,1
1972,1215,1
1982,1316,1
1990,690,1
1992,184,1
1992,195,1
1992,359,1
1992,425,1
1992,765,1
1992,877,1
1992,1115,1
1992,1196,1
1992,1301,1
1992,1712,1
1992,1835,1
1992,2422,1
1995,99,1
1995,116,1
1995,144,1
1995,188,1
1995,361,1
1995,587,1
1995,939,1
1995,1156,1
1995,1215,1
1995,1425,1
1995,1621,1
1995,1679,1
1995,1705,1
1995,1832,1
1995,2010,1
1995,2189,1
1995,2267,1
1999,11,1
1999,457,1
1999,1066,1
1999,1196,1
1999,1255,1
1999,1352,1
1999,1925,1
1999,2435,1
2002,234,1
2002,1361,1
2003,807,1
2003,811,1
2004,1311,1
2006,79,1
2006,687,1
2006,1316,1
2006,1385,1
2006,1537,1
2006,1691,1
2007,939,1
2007,2210,1
2009,939,1
2013,953,1
2018,70,1
2022,2039,1
2027,359,1
2027,690,1
2027,1215,1
2027,1329,1
2027,1376,1
2027,1536,1
2028,1921,1
2029,1151,1
2031,1242,1
2033,725,1
2033,1274,1
2033,2217,1
2035,11,1
2035,17,1
2035,29,1
2035,46,1
2035,47,1
2035,80,1
2035,83,1
2035,98,1
2035,100,1
2035,214,1
2035,242,1
2035,251,1
2035,268,1
2035,274,1
2035,275,1
2035,290,1
2035,293,1
2035,307,1
2035,345,1
2035,357,1
2035,361,1
2035,391,1
2035,412,1
2035,413,1
2035,433,1
2035,457,1
2035,487,1
2035,520,1
2035,547,1
2035,552,1
2035,563,1
2035,586,1
2035,603,1
2035,619,1
2035,625,1
2035,635,1
2035,687,1
2035,690,1
2035,700,1
2035,706,1
2035,785,1
2035,808,1
2035,809,1
2035,812,1
2035,833,1
2035,860,1
2035,987,1
2035,1037,1
2035,1077,1
2035,1083,1
2035,1112,1
2035,1143,1
2035,1147,1
2035,1159,1
2035,1176,1
2035,1196,1
2035,1205,1
2035,1239,1
2035,1250,1
2035,1259,1
2035,1289,1
2035,1352,1
2035,1404,1
2035,1494,1
2035,1501,1
2035,1626,1
2035,1629,1
2035,1664,1
2035,1691,1
2035,1694,1
2035,1695,1
2035,1702,1
2035,1824,1
2035,1827,1
2035,1838,1
2035,1839,1
2035,1847,1
2035,1925,1
2035,1930,1
2035,1955,1
2035,1965,1
2035,1999,1
2035,2044,1
2035,2119,1
2035,2176,1
2035,2182,1
2035,2209,1
2035,2238,1
2035,2239,1
2035,2263,1
2035,2307,1
2035,2323,1
2035,2385,1
2035,2453,1
2035,2458,1
2035,2464,1
2035,2468,1
2041,242,1
2041,1234,1
2041,1279,1
2043,63,1
2043,902,1
2045,269,1
2045,512,1
2045,1389,1
2046,116,1
2046,307,1
2046,660,1
2046,1656,1
2046,1675,1
2046,1760,1
2046,2380,1
2048,1637,1
2049,136,1
2049,171,1
2049,174,1
2049,1215,1
2049,1427,1
2049,1868,1
2051,304,1
2051,382,1
2051,1921,1
2056,169,1
2056,449,1
2056,1453,1
2056,1712,1
2056,1723,1
2056,2172,1
2056,2195,1
2057,809,1
2057,885,1
2058,359,1
2058,412,1
2058,608,1
2058,706,1
2058,2055,1
2058,2222,1
2058,2244,1
2058,2317,1
2058,2319,1
2058,2330,1
2058,2376,1
2058,2384,1
2058,2401,1
2058,2409,1
2066,1276,1
2069,852,1
2070,852,1
2078,665,1
2078,939,1
2078,1182,1
2078,1356,1
2078,1835,1
2081,30,1
2081,57,1
2081,79,1
2081,226,1
2081,337,1
2081,338,1
2081,580,1
2081,591,1
2081,611,1
2081,667,1
2081,1295,1
2081,1440,1
2081,1460,1
2081,1474,1
2081,1673,1
2081,1891,1
2081,1910,1
2081,2431,1
2081,2434,1
2082,939,1
2082,1182,1
2082,1364,1
2084,20,1
2084,337,1
2084,1779,1
2088,144,1
2088,628,1
2088,997,1
2088,1764,1
2089,102,1
2089,408,1
2089,427,1
2089,628,1
2089,634,1
2089,635,1
2089,737,1
2089,935,1
2089,939,1
2089,963,1
2089,1072,1
2089,1094,1
2089,1322,1
2089,1351,1
2089,1383,1
2089,1416,1
2089,1466,1
2089,1488,1
2089,1601,1
2089,1724,1
2089,1783,1
2089,1836,1
2089,1847,1
2089,1921,1
2089,1965,1
2089,2015,1
2089,2035,1
2089,2183,1
2089,2293,1
2089,2342,1
2094,169,1
2094,584,1
2094,698,1
2094,706,1
2094,1176,1
2094,1440,1
2094,1723,1
2094,2360,1
2096,1277,1
2096,1967,1
2096,2426,1
2099,1272,1
2099,1650,1
2099,1691,1
2099,2183,1
2101,29,1
2101,99,1
2101,132,1
2101,340,1
2101,433,1
2101,933,1
2101,1308,1
2101,1404,1
2101,1427,1
2101,1478,1
2101,1913,1
2101,1926,1
2101,2206,1
2103,273,1
2103,1699,1
2103,1735,1
2103,2259,1
2106,1301,1
2114,359,1
2114,833,1
2114,1239,1
2114,1291,1
2114,1415,1
2120,190,1
2120,214,1
2120,706,1
2120,1181,1
2120,1672,1
2120,1702,1
2120,2052,1
2120,2202,1
2122,90,1
2122,369,1
2122,408,1
2122,476,1
2122,635,1
2122,654,1
2122,672,1
2122,781,1
2122,809,1
2122,819,1
2122,833,1
2122,885,1
2122,889,1
2122,935,1
2122,972,1
2122,997,1
2122,1028,1
2122,1042,1
2122,1126,1
2122,1263,1
2122,1269,1
2122,1307,1
2122,1330,1
2122,1397,1
2122,1407,1
2122,1413,1
2122,1450,1
2122,1488,1
2122,1501,1
2122,1532,1
2122,1755,1
2122,1767,1
2122,1821,1
2122,1892,1
2122,1974,1
2122,2011,1
2123,1261,1
2127,541,1
2127,955,1
2128,27,1
2128,59,1
2128,99,1
2128,229,1
2128,474,1
2128,512,1
2128,659,1
2128,696,1
2128,759,1
2128,846,1
2128,1010,1
2128,1142,1
2128,1146,1
2128,1215,1
2128,1236,1
2128,1239,1
2128,1290,1
2128,1297,1
2128,1302,1
2128,1372,1
2128,1404,1
2128,1676,1
2128,1740,1
2128,1771,1
2128,1779,1
2128,1780,1
2128,1834,1
2128,1874,1
2128,1916,1
2128,2035,1
2128,2127,1
2128,2263,1
2134,77,1
2134,104,1
2134,632,1
2134,892,1
2134,991,1
2134,1484,1
2134,1882,1
2134,1907,1
2134,1958,1
2134,2265,1
2134,2325,1
2134,2326,1
2134,2327,1
2134,2328,1
2134,2329,1
2135,80,1
2135,1094,1
2135,1834,1
2143,29,1
2143,188,1
2143,646,1
2143,700,1
2143,732,1
2143,1196,1
2143,1221,1
2143,1348,1
2143,1468,1
2143,1664,1
2143,1824,1
2143,1847,1
2143,2385,1
2145,660,1
2145,858,1
2145,859,1
2145,1217,1
2145,1424,1
2145,1428,1
2145,1684,1
2145,1839,1
2145,1925,1
2145,2023,1
2145,2131,1
2145,2157,1
2145,2173,1
2145,2204,1
2145,2276,1
2145,2311,1
2145,2363,1
2145,2382,1
2145,2388,1
2145,2390,1
2146,1568,1
2147,1220,1
2147,2331,1
2149,1,1
2149,5,1
2149,14,1
2149,15,1
2149,26,1
2149,45,1
2149,51,1
2149,58,1
2149,65,1
2149,79,1
2149,80,1
2149,81,1
2149,96,1
2149,100,1
2149,179,1
2149,188,1
2149,204,1
2149,213,1
2149,219,1
2149,222,1
2149,275,1
2149,293,1
2149,297,1
2149,307,1
2149,309,1
2149,314,1
2149,344,1
2149,368,1
2149,371,1
2149,405,1
2149,406,1
2149,439,1
2149,445,1
2149,452,1
2149,464,1
2149,472,1
2149,496,1
2149,507,1
2149,520,1
2149,533,1
2149,546,1
2149,563,1
2149,575,1
2149,603,1
2149,605,1
2149,611,1
2149,619,1
2149,627,1
2149,635,1
2149,653,1
2149,654,1
2149,670,1
2149,672,1
2149,731,1
2149,772,1
2149,809,1
2149,831,1
2149,870,1
2149,871,1
2149,889,1
2149,910,1
2149,915,1
2149,935,1
2149,939,1
2149,962,1
2149,998,1
2149,1002,1
2149,1005,1
2149,1013,1
2149,1030,1
2149,1040,1
2149,1048,1
2149,1058,1
2149,1061,1
2149,1076,1
2149,1093,1
2149,1114,1
2149,1142,1
2149,1152,1
2149,1161,1
2149,1166,1
2149,1193,1
2149,1205,1
2149,1225,1
2149,1228,1
2149,1238,1
2149,1243,1
2149,1249,1
2149,1255,1
2149,1256,1
2149,1260,1
2149,1266,1
2149,1299,1
2149,1316,1
2149,1324,1
2149,1327,1
2149,1328,1
2149,1333,1
2149,1354,1
2149,1382,1
2149,1383,1
2149,1389,1
2149,1398,1
2149,1404,1
2149,1405,1
2149,1425,1
2149,1427,1
2149,1430,1
2149,1441,1
2149,1479,1
2149,1490,1
2149,1494,1
2149,1497,1
2149,1499,1
2149,1524,1
2149,1528,1
2149,1533,1
2149,1537,1
2149,1554,1
2149,1603,1
2149,1611,1
2149,1662,1
2149,1700,1
2149,1712,1
2149,1717,1
2149,1725,1
2149,1732,1
2149,1746,1
2149,1752,1
2149,1779,1
2149,1791,1
2149,1874,1
2149,1877,1
2149,1895,1
2149,1897,1
2149,1902,1
2149,1927,1
2149,1934,1
2149,1937,1
2149,1950,1
2149,1954,1
2149,1955,1
2149,1968,1
2149,1980,1
2149,1984,1
2149,1985,1
2149,2001,1
2149,2037,1
2149,2038,1
2149,2044,1
2149,2047,1
2149,2076,1
2149,2101,1
2149,2117,1
2149,2124,1
2149,2128,1
2149,2129,1
2149,2136,1
2149,2140,1
2149,2150,1
2149,2161,1
2149,2167,1
2149,2176,1
2149,2187,1
2149,2255,1
2149,2260,1
2149,2264,1
2149,2283,1
2149,2286,1
2149,2308,1
2149,2316,1
2149,2328,1
2149,2329,1
2149,2368,1
2149,2370,1
2149,2410,1
2149,2419,1
2149,2432,1
2149,2435,1
2149,2439,1
2149,2457,1
2149,2473,1
2151,667,1
2151,854,1
2151,1415,1
2151,1441,1
2151,1601,1
2151,1727,1
2152,690,1
2158,1599,1
2160,1761,1
2162,180,1
2169,78,1
2169,163,1
2169,204,1
2169,300,1
2169,302,1
2169,354,1
2169,364,1
2169,393,1
2169,411,1
2169,624,1
2169,634,1
2169,635,1
2169,636,1
2169,637,1
2169,717,1
2169,741,1
2169,791,1
2169,811,1
2169,817,1
2169,930,1
2169,935,1
2169,1046,1
2169,1135,1
2169,1147,1
2169,1153,1
2169,1167,1
2169,1189,1
2169,1215,1
2169,1303,1
2169,1387,1
2169,1410,1
2169,1470,1
2169,1481,1
2169,1522,1
2169,1535,1
2169,1594,1
2169,1610,1
2169,1615,1
2169,1655,1
2169,1693,1
2169,1717,1
2169,1726,1
2169,1754,1
2169,1764,1
2169,1786,1
2169,1790,1
2169,1809,1
2169,1836,1
2169,1867,1
2169,2065,1
2169,2076,1
2169,2180,1
2169,2238,1
2169,2254,1
2169,2301,1
2169,2342,1
2169,2366,1
2169,2378,1
2177,635,1
2179,10,1
2179,78,1
2179,213,1
2179,287,1
2179,302,1
2179,306,1
2179,364,1
2179,408,1
2179,411,1
2179,412,1
2179,563,1
2179,624,1
2179,634,1
2179,635,1
2179,636,1
2179,717,1
2179,773,1
2179,791,1
2179,1045,1
2179,1046,1
2179,1135,1
2179,1176,1
2179,1215,1
2179,1293,1
2179,1387,1
2179,1423,1
2179,1481,1
2179,1488,1
2179,1561,1
2179,1596,1
2179,1693,1
2179,1776,1
2179,1790,1
2179,1793,1
2179,1836,1
2179,1997,1
2179,2126,1
2179,2180,1
2179,2254,1
2179,2304,1
2179,2342,1
2179,2447,1
2181,63,1
2181,215,1
2181,326,1
2181,461,1
2181,470,1
2181,635,1
2181,638,1
2181,687,1
2181,833,1
2181,1215,1
2181,1298,1
2181,2081,1
2181,2141,1
2183,244,1
2183,457,1
2183,479,1
2183,578,1
2183,628,1
2183,1129,1
2183,1194,1
2183,1352,1
2183,1539,1
2183,1799,1
2183,1868,1
2184,125,1
2184,239,1
2184,829,1
2184,2183,1
2190,1067,1
2190,2207,1
2190,2397,1
2199,29,1
2199,188,1
2199,646,1
2199,959,1
2199,1348,1
2199,1468,1
2199,1847,1
2199,2385,1
2201,2035,1
2208,1,1
2208,387,1
2208,1321,1
2208,1927,1
2211,1585,1
2212,939,1
2221,130,1
2221,304,1
2221,384,1
2221,452,1
2221,521,1
2221,554,1
2221,635,1
2221,1142,1
2221,1201,1
2221,1691,1
2221,1921,1
2221,2030,1
2227,115,1
2228,654,1
2228,911,1
2228,1425,1
2229,833,1
2229,2183,1
2234,1834,1
2235,193,1
2235,2406,1
2237,51,1
2237,99,1
2237,419,1
2237,512,1
2237,874,1
2237,889,1
2237,1058,1
2237,1208,1
2237,1555,1
2237,1650,1
2237,1705,1
2237,1775,1
2237,2149,1
2237,2368,1
2240,79,1
2240,228,1
2240,635,1
2240,690,1
2240,1215,1
2240,1926,1
2240,1981,1
2240,2062,1
2240,2139,1
2240,2285,1
2242,269,1
2242,487,1
2242,1215,1
2246,190,1
2246,214,1
2246,706,1
2246,725,1
2246,1181,1
2246,1377,1
2246,1969,1
2246,2052,1
2246,2202,1
2246,2277,1
2247,2446,1
2250,654,1
2250,911,1
2250,1425,1
2251,837,1
2271,1405,1
2271,2236,1
2275,63,1
2275,215,1
2275,326,1
2275,635,1
2275,687,1
2275,690,1
2275,833,1
2275,1215,1
2275,1298,1
2275,1820,1
2275,2081,1
2277,241,1
2277,635,1
2277,939,1
2277,1215,1
2277,1316,1
2282,755,1
2284,512,1
2284,1094,1
2284,1215,1
2284,1311,1
2284,2066,1
2284,2383,1
2295,1868,1
2295,2134,1
2297,198,1
2300,188,1
2300,1348,1
2304,15,1
2304,56,1
2304,363,1
2304,415,1
2304,548,1
2304,699,1
2304,921,1
2304,1040,1
2304,1244,1
2304,1370,1
2304,1717,1
2304,1837,1
2312,90,1
2312,408,1
2312,654,1
2312,672,1
2312,718,1
2312,781,1
2312,809,1
2312,889,1
2312,935,1
2312,939,1
2312,972,1
2312,997,1
2312,1042,1
2312,1072,1
2312,1126,1
2312,1263,1
2312,1307,1
2312,1330,1
2312,1392,1
2312,1397,1
2312,1413,1
2312,1425,1
2312,1501,1
2312,1532,1
2312,1767,1
2312,1821,1
2312,1864,1
2312,1892,1
2312,1974,1
2312,1989,1
2312,2011,1
2313,1490,1
2314,1590,1
2315,78,1
2315,116,1
2315,163,1
2315,302,1
2315,354,1
2315,364,1
2315,408,1
2315,411,1
2315,478,1
2315,624,1
2315,634,1
2315,637,1
2315,741,1
2315,791,1
2315,817,1
2315,886,1
2315,930,1
2315,935,1
2315,1045,1
2315,1046,1
2315,1135,1
2315,1153,1
2315,1303,1
2315,1423,1
2315,1470,1
2315,1522,1
2315,1535,1
2315,1561,1
2315,1610,1
2315,1615,1
2315,1693,1
2315,1726,1
2315,1754,1
2315,1776,1
2315,1786,1
2315,1790,1
2315,1793,1
2315,1809,1
2315,1963,1
2315,1997,1
2315,2076,1
2315,2232,1
2315,2254,1
2315,2301,1
2315,2342,1
2315,2366,1
2321,95,1
2321,190,1
2321,725,1
2321,1181,1
2321,1316,1
2321,1377,1
2321,1672,1
2321,1702,1
2321,1969,1
2321,2052,1
2321,2202,1
2322,1663,1
2322,1871,1
2324,68,1
2324,2231,1
2330,939,1
2331,226,1
2331,338,1
2331,551,1
2331,591,1
2331,694,1
2331,758,1
2331,829,1
2331,939,1
2331,1204,1
2331,1309,1
2331,1508,1
2331,1649,1
2331,1698,1
2331,1733,1
2331,2050,1
2331,2081,1
2331,2403,1
2331,2413,1
2332,939,1
2333,939,1
2334,939,1
2339,47,1
2339,157,1
2339,653,1
2339,691,1
2339,1085,1
2339,1215,1
2339,1622,1
2339,1666,1
2339,1763,1
2339,1767,1
2347,939,1
2350,2081,1
2355,102,1
2355,427,1
2355,690,1
2355,864,1
2355,963,1
2355,1094,1
2355,1351,1
2355,1383,1
2355,1415,1
2355,1416,1
2355,1441,1
2355,1466,1
2355,1601,1
2355,1724,1
2355,1847,1
2355,1921,1
2355,1965,1
2355,2293,1
2355,2426,1
2358,126,1
2358,172,1
2358,299,1
2358,658,1
2358,833,1
2358,939,1
2358,1016,1
2358,1141,1
2358,1448,1
2358,1545,1
2358,1595,1
2358,1839,1
2358,1931,1
2358,1941,1
2358,2145,1
2358,2192,1
2358,2257,1
2358,2311,1
2367,1355,1
2372,646,1
2372,733,1
2372,926,1
2372,1085,1
2372,1239,1
2372,2331,1
2374,79,1
2374,430,1
2374,1988,1
2385,32,1
2385,328,1
2385,1626,1
2387,81,1
2387,158,1
2387,307,1
2387,328,1
2387,418,1
2387,438,1
2387,476,1
2387,742,1
2387,823,1
2387,1049,1
2387,1450,1
2387,1922,1
2387,2003,1
2387,2077,1
2387,2348,1
2387,2474,1
2389,939,1
2414,939,1
2418,328,1
2421,1847,1
2422,59,1
2422,440,1
2422,542,1
2422,603,1
2422,811,1
2422,829,1
2422,1118,1
2422,1640,1
2422,1882,1
2422,1984,1
2422,2125,1
2422,2266,1
2422,2286,1
2425,344,1
2425,356,1
2425,758,1
2425,933,1
2425,1035,1
2425,1311,1
2425,1406,1
2425,1871,1
2425,2071,1
2429,108,1
2430,1459,1
2430,2335,1
2433,724,1
2433,1723,1
2437,307,1
2437,635,1
2437,654,1
2437,690,1
2437,724,1
2437,1259,1
2437,1404,1
2437,2168,1
2437,2243,1
2438,1702,1
2442,105,1
2442,359,1
2448,1650,1
2449,1327,1
2449,1834,1
2450,659,1
2451,413,1
2459,1843,1
2460,304,1
2460,1215,1
2461,1847,1
2463,293,1
2463,1085,1
2463,1280,1
2466,864,1
2466,1868,1
2467,901,1
2467,1436,1
394,47,1
449,169,1
619,186,1
1121,188,1
569,215,1
1868,357,1
826,359,1
399,399,1
1955,409,1
1006,425,1
1280,430,1
1831,430,1
2027,430,1
1311,519,1
1311,565,1
569,569,1
649,569,1
1834,619,1
1215,653,1
2331,667,1
718,718,1
1221,718,1
2035,777,1
1955,822,1
2035,822,1
2128,823,1
1220,832,1
943,902,1
1121,982,1
2145,1006,1
1015,1015,1
1077,1077,1
1348,1121,1
2305,1121,1
1220,1159,1
2128,1159,1
1842,1212,1
1311,1215,1
2422,1215,1
1280,1280,1
1311,1311,1
2221,1311,1
1480,1480,1
1543,1543,1
1834,1773,1
1868,1868,1
