1,417,0
2,64,1
2,654,1
2,720,1
2,781,1
2,833,1
2,1026,1
2,1082,0
1587,2,0
2,1950,1
2,2055,1
2,2095,1
2222,2,0
2,2244,1
2,2291,1
2310,2,0
2,2317,1
2,2319,1
2,2320,1
2,2376,1
2,2384,1
2,2393,1
2,2401,1
2409,2,0
2,2428,1
3,1004,0
4,182,0
4,218,0
4,1112,0
5,1079,0
5,1763,0
6,1804,0
7,967,0
8,513,0
9,1827,0
9,2090,0
10,361,0
10,1155,0
11,20,0
2425,12,0
13,29,1
13,203,1
221,13,0
250,13,0
13,251,1
305,13,0
13,339,1
13,341,1
386,13,0
408,13,0
13,426,1
13,448,1
13,452,1
13,459,1
13,563,1
13,599,1
13,628,1
13,634,1
13,654,1
13,656,1
661,13,0
13,664,1
13,690,1
13,706,1
800,13,0
13,819,1
13,857,1
13,886,0
13,935,1
13,939,1
951,13,0
13,1048,1
13,1072,1
13,1143,1
1265,13,0
1307,13,0
13,1318,1
13,1322,1
13,1425,1
13,1458,1
13,1488,1
13,1489,1
13,1510,1
1529,13,0
13,1530,1
1576,13,0
13,1602,1
13,1612,1
13,1712,1
13,1836,1
1879,13,0
13,1921,1
13,1925,1
13,1938,1
13,1964,1
13,1993,1
2183,13,0
2203,13,0
13,2337,0
13,2342,1
13,2425,1
13,2462,1
15,1203,0
15,1733,0
16,1922,0
17,1248,0
17,1762,0
19,1211,0
20,149,0
20,609,0
22,2216,0
23,799,0
23,1313,0
23,2173,0
24,394,0
24,1900,0
24,2140,0
25,202,0
25,1279,0
25,2114,0
26,989,0
27,1096,0
28,1345,0
28,2045,0
29,315,0
29,1045,0
29,1569,0
29,2080,0
29,2408,0
30,203,0
554,30,0
30,571,1
30,640,1
30,813,1
881,30,0
30,1246,1
30,1277,1
30,1314,0
30,1395,0
1696,30,0
30,1996,1
30,2426,1
31,63,1
31,215,1
31,326,1
470,31,0
635,31,0
638,31,0
31,687,1
31,833,1
31,1215,1
1298,31,0
31,1820,1
31,2081,1
32,222,0
32,1677,0
32,1743,0
34,107,0
414,34,0
34,512,1
653,34,0
1994,34,0
34,2219,0
36,541,0
583,36,0
629,36,0
36,2076,1
37,51,0
37,1885,0
38,1942,0
38,2111,0
939,39,0
39,1103,1
39,1247,0
40,800,0
40,993,0
40,1201,0
40,1895,0
40,2159,0
41,1086,0
42,234,1
42,655,0
42,1361,1
42,2284,0
42,2447,1
43,892,0
43,1505,0
43,1580,0
43,1934,0
44,678,0
44,817,0
44,920,0
45,1436,0
45,2383,0
47,59,1
105,47,0
124,47,0
47,142,1
168,47,0
47,313,1
47,340,1
47,359,1
47,394,1
47,620,1
690,47,0
47,743,1
47,781,1
47,814,1
47,899,1
939,47,0
47,1145,1
1150,47,0
47,1182,1
47,1185,1
47,1239,1
1404,47,0
47,1450,1
1459,47,0
1585,47,0
1664,47,0
1682,47,0
1831,47,0
47,1881,1
1992,47,0
47,2014,1
47,2145,1
47,2191,0
47,2245,1
2276,47,0
47,2358,1
48,268,0
49,453,0
49,742,0
49,1403,0
49,1863,0
50,16,1
50,46,1
75,50,0
50,94,0
50,209,1
50,212,1
50,251,1
50,619,1
50,690,1
815,50,0
50,950,1
50,1055,0
50,1081,1
1381,50,0
50,1430,0
1525,50,0
1674,50,0
50,1793,1
1863,50,0
50,1905,1
50,2166,1
50,2426,1
51,1071,0
51,1897,0
52,1782,0
53,635,1
53,1075,0
54,1196,1
55,67,0
55,997,0
55,1176,0
57,273,1
57,1251,0
58,965,0
58,1486,0
58,1964,0
60,88,1
60,195,1
60,215,1
269,60,0
60,304,1
60,326,1
60,433,1
60,519,1
60,656,1
60,709,1
60,1019,0
1591,60,0
60,1771,1
61,365,0
62,111,0
62,971,0
62,1359,0
62,1779,0
63,81,1
99,63,0
63,152,1
412,63,0
63,429,1
63,585,1
621,63,0
63,659,1
63,891,1
63,1514,1
63,1683,1
2331,63,0
64,1179,0
65,1461,0
66,1199,0
67,593,0
67,838,0
67,2127,0
68,8,1
68,146,1
68,236,1
68,392,1
412,68,0
68,429,1
68,452,1
560,68,0
68,663,1
68,725,1
939,68,0
1167,68,0
68,1215,1
68,1326,1
1375,68,0
68,1483,1
68,1505,1
1568,68,0
1620,68,0
68,1628,1
68,1688,1
68,1741,1
68,1803,1
68,1990,1
2087,68,0
68,2093,1
2240,68,0
68,2357,1
69,1811,0
69,2216,0
70,131,0
72,1280,1
72,1946,0
75,316,0
75,2340,0
76,160,1
76,586,1
76,864,1
76,1882,1
77,2295,0
78,204,1
78,635,1
1128,78,0
78,1176,1
78,1215,1
1582,78,0
78,1688,0
78,1717,1
78,1940,1
78,2128,0
78,2475,0
79,248,0
79,394,0
79,560,0
79,879,0
79,1749,0
79,2058,0
79,2342,0
79,2348,0
80,645,0
80,1122,0
81,1650,0
82,1310,0
1991,82,0
83,143,0
83,2043,0
84,1792,1
84,1820,0
85,142,0
85,1287,0
85,2242,1
86,563,1
86,1335,0
86,2086,0
87,113,0
88,283,0
88,1918,0
89,329,1
985,89,0
89,1388,1
89,1425,1
89,2144,1
90,1373,0
91,1976,0
92,992,0
92,2356,0
92,2463,0
94,1761,0
95,2355,0
96,410,0
96,769,0
97,399,0
97,1411,0
98,996,0
98,1764,0
99,410,0
100,1639,0
100,2145,0
103,147,0
103,1318,0
2240,103,0
105,982,0
105,1970,0
105,2214,0
106,2081,0
108,8,1
108,105,1
108,181,1
108,340,1
481,108,0
619,108,0
108,877,1
108,1164,0
108,1234,1
1311,108,0
108,1406,1
1427,108,0
1622,108,0
1697,108,0
108,1770,1
1933,108,0
109,514,0
110,387,0
111,683,0
111,725,1
111,928,0
1274,111,0
111,1376,0
111,2025,0
111,2139,0
111,2220,0
112,2366,0
113,1356,0
113,1961,0
113,2003,0
114,1125,0
114,1794,0
114,2130,0
115,1097,0
47,116,0
116,505,0
116,625,1
116,891,0
1147,116,0
116,1344,1
116,1375,0
116,2115,1
117,347,0
117,883,0
29,118,0
118,529,1
118,646,1
118,700,1
118,732,1
780,118,0
118,959,1
118,1091,0
118,1196,1
118,1468,1
1573,118,0
1824,118,0
118,1828,1
118,1830,1
118,1847,1
118,2198,1
118,2385,1
2412,118,0
120,375,0
120,1409,0
120,2149,1
121,124,0
121,399,1
1939,121,0
122,1047,0
122,1498,0
123,678,0
124,1614,1
124,1873,0
124,1877,0
124,2163,0
124,2246,0
125,397,0
125,2262,0
126,613,0
126,1054,0
127,1945,0
128,1437,0
128,1994,0
129,480,0
129,776,0
129,1597,0
130,1171,1
130,1215,1
130,1983,1
130,2058,1
132,444,0
132,584,0
933,132,0
132,2213,1
133,627,0
133,1619,0
133,2310,0
134,326,0
134,359,0
135,940,0
135,1691,1
135,1926,1
136,151,0
137,102,1
137,427,1
137,432,1
624,137,0
137,628,1
137,634,1
635,137,0
137,690,1
137,737,1
137,864,1
137,900,1
939,137,0
963,137,0
137,1072,1
137,1094,1
137,1307,1
137,1322,1
137,1351,1
137,1383,1
1415,137,0
1416,137,0
137,1441,1
1466,137,0
137,1488,1
1601,137,0
137,1724,1
1783,137,0
137,1836,1
1912,137,0
137,1965,1
2015,137,0
137,2035,1
2053,137,0
137,2183,1
137,2293,1
2342,137,0
137,2426,1
2462,137,0
138,1148,0
138,1230,0
139,639,0
139,1634,0
140,181,1
273,140,0
140,399,1
777,140,0
140,886,0
140,939,1
1047,140,0
140,1062,1
140,1285,1
140,1373,0
140,1761,1
141,210,0
141,1553,0
142,530,0
143,694,0
144,811,0
144,1445,0
146,1522,0
146,1804,0
147,367,0
1170,147,0
148,152,0
148,601,0
148,1997,0
149,33,1
149,79,1
273,149,0
149,399,1
149,939,1
149,2384,0
150,983,0
150,997,1
151,64,1
151,648,0
151,1702,0
151,2222,1
151,2244,1
2291,151,0
151,2317,1
151,2319,1
151,2320,1
151,2356,0
151,2376,1
2401,151,0
151,2409,1
659,153,0
153,695,1
153,1132,1
153,1200,1
1933,153,0
2436,153,0
154,373,0
154,939,1
154,1607,1
154,1692,0
154,1799,0
155,1799,0
155,1981,0
155,2207,0
156,252,0
156,700,1
156,1824,1
158,1329,0
159,509,1
159,629,0
159,818,0
159,2021,0
160,600,0
160,1947,0
160,2059,0
161,928,0
161,990,0
162,346,0
706,162,0
162,1838,1
162,1915,0
162,2233,0
163,937,0
163,1294,0
164,66,1
164,80,1
164,99,1
123,164,0
158,164,0
293,164,0
164,397,1
164,435,1
554,164,0
164,680,1
164,681,0
164,769,1
802,164,0
891,164,0
164,929,1
1126,164,0
1183,164,0
164,1316,1
164,1391,1
164,1404,1
164,1474,0
1945,164,0
164,2019,1
164,2091,1
164,2104,0
165,548,0
165,1508,0
165,2426,0
64,166,0
166,654,1
166,833,1
166,2055,1
2222,166,0
166,2244,1
2310,166,0
166,2376,1
2384,166,0
166,2393,1
166,2401,1
166,2409,1
167,1228,0
167,2007,0
167,2394,0
168,1466,0
168,1646,0
169,275,0
320,169,0
377,169,0
169,413,1
169,449,1
457,169,0
169,603,1
169,663,0
169,707,1
718,169,0
169,779,1
169,840,1
850,169,0
169,870,1
908,169,0
1024,169,0
169,1114,1
169,1209,1
169,1297,1
169,1463,1
169,1580,1
1591,169,0
169,1612,1
169,1636,1
169,1646,1
169,1723,1
169,1797,0
169,1845,1
169,1857,1
169,1874,1
169,1999,1
169,2059,1
2093,169,0
169,2172,1
169,2381,1
170,293,1
170,724,0
170,1711,0
1921,170,0
172,373,0
172,1159,1
173,29,1
173,91,1
173,412,1
434,173,0
635,173,0
173,802,0
1315,173,0
173,1354,1
173,1691,0
173,1700,1
173,2338,1
2371,173,0
174,1939,0
47,175,0
175,813,0
177,1418,0
177,1636,0
178,150,1
178,181,1
213,178,0
178,273,1
777,178,0
178,827,1
178,939,1
178,943,1
178,1205,1
178,1234,1
1427,178,0
178,1566,1
178,1626,1
178,2029,1
178,2035,1
178,2362,1
179,288,0
179,2154,0
179,2457,0
180,205,0
180,1427,0
181,564,1
181,634,0
181,997,1
181,1127,0
1759,181,0
181,1761,1
1795,181,0
181,1867,0
181,2051,0
2086,181,0
183,430,1
184,192,1
269,184,0
939,184,0
184,1904,0
185,199,1
185,725,1
943,185,0
185,1414,1
185,1691,1
1773,185,0
1810,185,0
185,1887,0
1933,185,0
185,2035,1
185,2145,1
186,466,1
186,467,1
186,468,1
186,619,1
186,1196,1
186,1205,1
186,1404,1
186,2302,0
187,823,0
187,873,0
187,1293,0
188,460,0
673,188,0
188,674,1
188,982,1
994,188,0
188,1121,1
188,1258,1
188,1694,0
188,2186,1
190,1963,0
191,274,0
191,1337,0
192,973,0
192,1322,0
192,2167,0
192,2252,0
193,285,0
194,1159,0
194,1258,0
194,1822,0
195,1037,0
195,1669,0
195,1720,0
195,2209,0
197,648,0
197,740,0
197,1514,0
197,1921,0
198,99,1
198,194,1
198,304,1
198,519,1
198,546,1
198,636,0
198,797,1
198,845,1
198,911,1
939,198,0
198,1215,1
198,1233,0
198,1979,1
198,2098,1
198,2359,0
199,573,0
199,779,0
200,479,1
201,267,0
201,1040,0
201,1302,0
202,300,1
202,605,1
1086,202,0
1239,202,0
202,1441,1
1503,202,0
202,2075,1
2224,202,0
202,2308,1
202,2309,1
203,1066,0
203,1337,0
203,1459,0
204,80,1
204,234,1
204,364,1
204,506,0
553,204,0
204,636,1
204,921,1
204,935,1
1040,204,0
204,1071,1
204,1081,1
204,1277,1
204,1387,1
204,1837,1
204,1852,1
204,1913,1
204,2161,1
204,2470,1
205,213,1
205,214,1
205,242,1
205,268,1
205,274,1
205,342,1
205,361,1
584,205,0
205,660,1
707,205,0
205,783,1
205,878,1
205,994,1
205,1077,0
1176,205,0
1205,205,0
205,1229,1
1258,205,0
205,1259,1
205,1567,1
1661,205,0
1664,205,0
1695,205,0
205,1699,0
205,1838,1
205,1941,1
205,2018,0
205,2057,1
205,2319,0
205,2328,0
205,2385,1
206,221,0
207,1519,0
207,2359,0
209,1997,0
209,2085,0
210,737,0
210,2413,0
211,304,1
758,211,0
211,939,1
211,2240,1
212,371,0
213,666,0
213,1637,0
214,274,1
214,361,1
214,584,1
214,660,1
706,214,0
707,214,0
1299,214,0
214,2104,1
214,2174,1
215,6,1
215,80,1
141,215,0
215,225,1
215,294,1
419,215,0
473,215,0
215,555,1
215,569,1
596,215,0
652,215,0
215,677,1
215,679,0
215,724,1
752,215,0
789,215,0
215,804,1
947,215,0
953,215,0
969,215,0
215,1136,1
215,1145,1
1155,215,0
215,1188,1
215,1366,1
215,1502,1
215,1512,1
215,1518,1
215,1563,1
215,1620,1
215,1685,1
215,1855,1
215,1921,1
2109,215,0
215,2140,1
215,2159,1
215,2197,1
2344,215,0
2368,215,0
216,95,1
216,190,1
216,541,0
216,725,1
216,1181,1
216,1353,0
1377,216,0
216,1542,0
216,1672,1
216,1702,1
216,1844,0
216,1969,1
2052,216,0
2202,216,0
216,2215,1
2277,216,0
216,2439,0
217,63,1
215,217,0
326,217,0
217,635,1
217,638,1
687,217,0
217,833,1
217,988,0
217,1298,1
217,1820,1
217,2081,1
218,1131,1
218,1404,1
219,410,0
220,365,0
221,340,0
221,591,0
221,814,0
221,863,0
221,1215,1
221,1475,0
221,1478,0
221,1736,0
222,1829,0
224,233,0
225,887,0
225,2329,0
226,591,0
226,883,0
11,227,0
29,227,0
47,227,0
227,452,1
227,457,1
227,788,0
227,823,1
227,854,0
1066,227,0
227,1352,1
227,1838,0
1925,227,0
1999,227,0
2115,227,0
227,2239,1
227,2435,1
228,1028,0
228,1338,0
229,636,0
229,1311,1
229,2279,0
230,1934,0
231,270,0
231,438,0
232,2228,0
232,2432,0
233,1525,0
235,1600,0
235,2183,0
235,2244,0
236,601,0
237,1563,0
237,2107,0
237,2119,0
238,1540,0
238,1948,0
238,2097,0
239,733,0
239,861,0
1568,240,0
240,1765,0
241,17,1
241,29,1
241,74,1
241,79,1
241,81,1
241,127,1
241,213,1
241,235,1
277,241,0
328,241,0
241,399,1
241,422,1
241,439,1
455,241,0
241,508,1
241,533,0
241,546,1
241,625,1
638,241,0
241,674,0
241,785,1
822,241,0
833,241,0
241,993,1
241,1066,1
1068,241,0
241,1148,1
1196,241,0
1216,241,0
241,1250,1
1635,241,0
1684,241,0
1695,241,0
241,1801,1
1913,241,0
241,1925,1
241,1947,1
241,1978,1
241,2024,0
241,2072,0
241,2080,1
2209,241,0
2256,241,0
241,2380,1
243,553,0
243,1194,0
243,1552,0
244,669,0
245,772,0
246,705,0
246,1423,0
247,977,0
247,1064,0
247,1142,1
247,1357,0
1834,247,0
247,1959,1
248,662,0
248,1274,0
248,1939,0
238,250,0
250,871,0
250,1094,0
250,1142,1
250,1955,1
250,2420,0
252,304,1
252,432,0
252,1182,1
253,519,1
253,939,1
253,1372,0
1691,253,0
254,1343,0
1972,254,0
254,2134,0
254,2361,0
255,1702,0
256,1159,1
256,1359,0
256,1784,0
257,1720,0
257,1813,0
258,1582,0
259,995,0
259,1716,0
259,1944,0
259,2429,0
260,1281,0
260,1645,0
261,1500,0
1772,261,0
261,1981,0
262,1704,0
262,2180,0
263,279,0
263,490,0
263,1327,1
264,216,1
264,423,0
264,1227,0
264,1283,0
1435,264,0
264,2321,1
265,424,0
265,1633,0
266,47,1
266,436,0
1389,266,0
2284,266,0
267,412,0
267,2015,0
267,2321,0
267,2422,0
268,2003,0
268,2324,0
271,63,1
271,470,1
271,635,1
669,271,0
271,687,1
271,833,1
1215,271,0
271,1230,1
271,1298,1
271,1820,1
1999,271,0
271,2035,1
271,2122,0
271,2130,0
2183,271,0
272,1174,0
272,2361,0
273,918,1
273,997,1
273,1912,0
2035,273,0
273,2342,1
753,274,0
274,754,1
274,920,0
274,1012,0
274,1835,0
116,275,0
275,200,1
213,275,0
275,855,1
275,864,1
275,947,1
275,976,0
275,1133,0
275,1205,1
1239,275,0
275,1316,1
275,1517,0
275,1620,1
1789,275,0
276,1205,0
277,557,0
277,1347,0
278,456,0
278,1773,0
278,2074,1
279,1043,0
279,1803,0
250,280,0
280,1282,0
280,1886,0
280,1931,0
281,908,0
283,648,0
283,740,0
283,1187,0
284,22,1
222,284,0
289,284,0
284,365,1
284,423,1
284,497,1
284,670,1
284,743,1
284,753,0
284,1082,1
284,1271,1
284,1399,1
284,1570,1
284,1689,1
284,1845,0
2015,284,0
284,2017,1
284,2064,1
284,2079,1
2117,284,0
2392,284,0
284,2434,1
285,1786,0
285,2172,0
285,2273,0
286,1543,0
287,1862,0
21,288,0
288,275,1
288,347,1
595,288,0
288,597,1
288,604,1
288,635,1
288,648,1
669,288,0
288,814,1
288,979,1
288,1009,1
1048,288,0
288,1073,1
288,1074,1
288,1077,1
288,1215,1
288,1419,1
1585,288,0
288,1641,1
288,1794,1
288,1902,1
288,1903,1
288,1904,1
288,1905,1
288,1906,1
1908,288,0
288,1909,1
1975,288,0
288,2170,1
2171,288,0
288,2176,1
288,2178,1
288,2185,1
2248,288,0
288,2252,1
2336,288,0
2337,288,0
288,2345,0
289,483,0
290,689,0
291,739,0
291,1147,0
2205,291,0
291,2346,1
293,843,0
296,700,0
296,1255,0
296,2332,0
298,216,1
298,609,0
298,1138,1
1435,298,0
298,1691,1
298,1759,0
298,2321,1
299,682,0
300,1836,0
301,1271,0
302,1413,0
303,1187,0
305,898,0
306,628,0
306,947,0
306,1899,0
307,698,0
307,793,0
307,2140,0
700,308,0
308,1824,1
308,2071,0
340,310,0
617,310,0
310,939,1
310,1224,0
310,1345,1
310,1349,1
310,1684,0
310,1967,0
2386,310,0
311,1484,0
312,898,0
313,766,0
313,2317,0
314,638,0
315,1888,0
317,838,0
319,1889,0
321,1427,1
2444,321,0
322,877,0
323,991,0
324,1182,1
324,1814,0
324,1992,1
324,2432,0
325,1764,0
325,1785,0
325,1940,0
325,2382,0
326,1567,0
326,2305,0
327,598,0
327,1745,0
327,1752,0
328,1614,0
328,1654,0
328,2448,0
330,939,1
1528,330,0
330,1742,1
331,1319,0
333,965,0
334,1549,0
335,447,0
335,1259,0
335,1704,0
336,867,0
336,2049,0
336,2184,0
337,1563,0
338,446,0
338,1851,0
21,340,0
197,340,0
260,340,0
340,347,1
340,448,0
484,340,0
505,340,0
340,561,1
564,340,0
340,595,1
340,597,1
340,604,1
340,654,1
669,340,0
690,340,0
340,730,1
340,740,1
340,814,1
340,834,0
340,848,0
939,340,0
340,996,1
1005,340,0
340,1065,1
1073,340,0
340,1074,1
340,1215,1
340,1293,1
340,1300,1
340,1311,1
340,1389,1
340,1395,1
1416,340,0
340,1419,1
1436,340,0
340,1575,1
1585,340,0
340,1691,1
340,1743,1
340,1768,1
340,1777,0
1794,340,0
340,1891,1
340,1899,1
340,1902,1
1903,340,0
340,1904,1
340,1905,1
340,1906,1
340,1908,1
1909,340,0
1975,340,0
340,2035,1
340,2074,1
340,2102,1
340,2170,1
340,2176,1
2185,340,0
340,2190,1
2226,340,0
2248,340,0
340,2258,1
2336,340,0
2419,340,0
340,2454,1
341,1576,0
341,2113,0
342,908,0
169,343,0
343,449,1
1215,343,0
343,1925,0
344,1342,0
345,543,0
347,907,0
347,1614,0
347,1674,0
347,1754,0
348,469,0
348,1024,0
349,1069,0
350,370,0
350,523,0
350,1754,0
351,1480,0
351,2279,0
352,688,1
807,352,0
352,2010,0
354,570,0
354,2210,0
354,2385,0
355,1385,0
356,2024,0
357,535,1
357,616,0
357,625,1
809,357,0
357,875,1
357,1389,1
357,1577,1
1589,357,0
357,1621,0
357,1685,0
357,1868,1
2137,357,0
357,2302,1
357,2458,1
358,700,0
0,359,0
359,8,1
30,359,0
359,99,1
359,293,1
359,328,1
399,359,0
359,412,1
359,483,1
359,565,1
635,359,0
359,826,1
359,847,1
877,359,0
359,925,1
359,934,0
359,1017,1
1085,359,0
1163,359,0
359,1184,1
359,1215,1
359,1311,1
1351,359,0
359,1451,1
1517,359,0
1519,359,0
359,1548,1
359,1562,1
1705,359,0
359,1729,1
359,1802,1
359,1868,1
359,2051,1
2074,359,0
359,2134,1
359,2233,1
359,2360,1
360,571,0
360,1613,0
360,2240,0
361,742,0
754,361,0
362,304,1
362,718,1
362,826,1
362,833,1
362,848,0
939,362,0
362,1219,1
362,1275,0
362,1921,1
362,2035,1
362,2060,0
362,2119,1
363,1067,0
363,1808,0
363,1922,0
363,1963,0
363,2206,0
363,2396,0
364,1115,0
366,307,1
366,601,1
1328,366,0
366,1691,1
367,1112,0
368,716,0
368,1707,0
368,2140,0
369,470,0
370,375,0
81,372,0
372,1427,1
372,1805,0
372,2461,0
373,906,0
373,1801,0
373,2422,0
374,1495,0
374,1860,0
375,1304,0
375,2263,0
376,977,0
377,29,1
377,45,1
377,213,1
377,307,1
377,323,1
427,377,0
377,429,1
635,377,0
377,690,1
377,700,1
732,377,0
377,780,1
907,377,0
377,959,1
377,989,1
1176,377,0
377,1466,1
1573,377,0
377,1724,1
1824,377,0
377,1828,1
377,1830,1
377,1847,1
1921,377,0
377,1965,1
377,2035,1
377,2385,1
377,2412,1
378,598,0
378,1296,0
379,532,0
379,1315,0
379,1668,1
381,412,0
381,1739,1
1850,381,0
2183,381,0
381,2316,1
381,2440,1
382,400,0
382,836,0
382,1747,0
382,1969,0
384,105,1
322,384,0
340,384,0
384,2100,0
386,2351,0
387,732,0
387,1060,0
387,1416,0
387,1803,0
388,797,0
389,1883,0
389,2296,0
390,99,1
390,512,1
390,1042,0
390,1759,0
391,2245,0
392,609,0
392,667,0
392,1170,0
392,2257,0
393,817,0
393,1356,0
393,2221,0
393,2419,0
394,29,1
394,50,1
122,394,0
394,134,1
394,203,1
213,394,0
394,221,1
394,251,1
394,299,1
394,326,1
394,341,1
408,394,0
394,426,1
394,448,1
452,394,0
459,394,0
394,512,1
394,563,1
394,577,1
394,599,1
394,628,1
634,394,0
394,660,1
394,661,1
394,700,1
800,394,0
394,857,1
935,394,0
1058,394,0
394,1064,1
1072,394,0
394,1088,1
394,1143,1
394,1215,1
394,1265,1
394,1307,1
394,1318,1
1322,394,0
394,1405,1
1425,394,0
394,1458,1
394,1488,1
394,1489,1
394,1510,1
394,1529,1
1530,394,0
394,1602,1
394,1612,1
394,1626,1
394,1712,1
394,1723,1
394,1756,1
394,1836,1
1879,394,0
394,1921,1
394,1938,1
394,2044,1
394,2128,1
394,2176,1
394,2203,1
394,2342,1
395,2447,1
396,635,1
396,833,1
396,1002,0
396,1192,1
396,1587,0
1678,396,0
1745,396,0
396,1829,1
396,2193,1
396,2249,0
2287,396,0
29,399,0
399,55,1
399,79,1
92,399,0
399,99,1
399,171,1
399,174,1
203,399,0
221,399,0
399,251,1
399,293,1
399,304,1
399,339,1
399,341,1
399,346,1
399,386,1
399,391,1
399,399,1
399,406,1
399,448,1
452,399,0
496,399,0
520,399,0
399,554,1
399,563,1
399,577,1
399,599,1
399,635,1
399,654,1
399,656,1
681,399,0
399,690,1
399,692,1
399,696,1
792,399,0
800,399,0
399,843,1
399,844,1
399,857,1
399,902,1
399,903,1
399,918,1
399,939,1
399,981,1
399,1043,1
399,1048,1
1055,399,0
399,1101,1
399,1143,1
399,1169,1
1193,399,0
1259,399,0
1265,399,0
1318,399,0
399,1382,1
399,1433,1
399,1458,1
1466,399,0
399,1489,1
399,1493,1
1510,399,0
399,1519,1
399,1529,1
1530,399,0
399,1557,1
1576,399,0
399,1600,0
399,1602,1
399,1641,1
399,1664,1
399,1706,1
1712,399,0
1834,399,0
399,1879,1
399,1901,1
1921,399,0
399,1984,1
1993,399,0
2011,399,0
399,2083,1
399,2119,0
2140,399,0
399,2203,1
399,2329,1
399,2379,1
2400,399,0
401,2351,0
402,1123,0
403,868,0
403,1215,1
404,1384,0
404,1621,0
404,1700,0
3,405,0
13,405,0
58,405,0
405,80,1
405,253,1
405,468,1
405,489,1
405,528,1
405,660,1
405,706,1
405,782,1
405,799,1
405,877,1
405,924,1
992,405,0
405,1054,0
405,1094,1
1107,405,0
405,1157,1
1215,405,0
405,1220,1
405,1316,1
405,1368,1
1385,405,0
405,1404,1
405,1431,1
405,1432,1
405,1566,1
405,1571,1
1598,405,0
405,1624,1
405,1890,1
1965,405,0
2026,405,0
405,2059,1
405,2242,1
406,535,1
406,603,1
619,406,0
1490,406,0
406,1889,0
406,1955,1
2030,406,0
2053,406,0
407,969,0
407,1994,1
408,487,0
408,1478,0
409,29,1
127,409,0
328,409,0
409,517,1
548,409,0
409,884,0
889,409,0
959,409,0
1925,409,0
409,1955,1
409,2279,1
409,2453,1
410,213,1
410,268,1
410,342,1
625,410,0
783,410,0
410,794,0
410,878,1
410,1205,1
1229,410,0
1259,410,0
1664,410,0
410,1847,1
410,1941,1
410,2057,1
411,813,0
411,1136,0
412,1599,0
413,700,1
413,1665,0
413,1824,1
413,2268,0
415,56,1
415,258,1
269,415,0
415,383,1
408,415,0
811,415,0
415,935,1
998,415,0
415,1023,1
415,1040,1
415,1072,1
415,1131,0
1215,415,0
415,1230,1
415,1244,1
415,1247,1
415,1248,1
1267,415,0
1361,415,0
415,1370,1
1388,415,0
1654,415,0
415,1701,0
415,1793,1
1845,415,0
2377,415,0
2436,415,0
116,416,0
416,213,1
416,214,1
416,242,1
416,268,1
274,416,0
416,625,1
416,673,1
416,674,1
416,706,1
707,416,0
416,783,1
416,908,1
416,994,1
416,1147,1
1176,416,0
416,1182,1
1205,416,0
416,1258,1
416,1259,1
416,1462,0
416,1567,1
1593,416,0
416,1661,1
416,1664,1
416,1695,1
416,1838,1
416,1847,1
2057,416,0
416,2385,1
417,99,1
417,250,1
417,508,0
1436,417,0
1797,417,0
418,2110,0
419,772,0
419,1451,0
419,2209,0
420,635,1
420,939,1
420,1802,1
420,2313,0
786,421,0
421,830,0
421,1060,0
421,2312,0
421,2423,0
422,1589,0
425,1006,1
425,1937,0
425,2467,0
426,1258,0
426,2313,0
427,2137,0
428,479,0
428,1231,0
428,1838,0
428,2171,0
429,635,1
429,1770,0
429,2266,0
429,2385,0
10,430,0
430,26,1
430,47,1
430,48,1
91,430,0
430,131,1
430,208,1
430,245,1
253,430,0
293,430,0
430,301,1
430,311,1
316,430,0
326,430,0
414,430,0
431,430,0
475,430,0
430,511,1
512,430,0
430,538,1
430,617,0
635,430,0
430,653,1
430,690,1
702,430,0
430,874,1
430,948,1
984,430,0
1051,430,0
1058,430,0
430,1075,1
1085,430,0
430,1094,1
1099,430,0
1104,430,0
1157,430,0
430,1182,1
1190,430,0
1215,430,0
430,1225,1
1236,430,0
430,1257,1
430,1280,1
430,1294,1
430,1333,1
1351,430,0
430,1357,1
1374,430,0
1385,430,0
430,1389,1
430,1391,1
430,1412,1
430,1427,1
430,1449,1
1450,430,0
430,1538,1
430,1690,1
1691,430,0
430,1716,1
430,1767,1
430,1781,1
430,1785,1
430,1831,1
1834,430,0
430,1865,1
1921,430,0
430,1924,1
1944,430,0
430,1994,1
430,2003,0
430,2011,1
430,2019,1
430,2024,1
430,2027,1
2042,430,0
430,2066,1
430,2113,1
430,2130,1
2165,430,0
430,2178,0
2194,430,0
2218,430,0
430,2219,1
430,2262,1
430,2283,1
2294,430,0
430,2345,1
430,2383,1
430,2463,1
2472,430,0
431,1992,0
433,554,1
433,573,1
433,939,1
433,1215,1
433,1425,1
433,1865,1
2178,433,0
434,1707,0
434,1794,0
434,2076,0
435,1364,0
436,603,0
436,1243,0
436,1997,0
437,940,0
437,2102,0
438,1086,0
438,1289,0
440,1954,0
441,1229,0
442,412,1
442,1310,0
442,1847,1
442,2375,1
443,81,1
443,1427,1
443,1691,0
443,1761,0
443,1845,0
99,444,0
444,2039,0
445,1897,0
446,523,0
446,2146,0
446,2309,0
446,2347,0
448,800,0
449,27,1
449,177,1
449,312,1
331,449,0
449,348,1
402,449,0
803,449,0
449,898,1
449,1044,1
1048,449,0
1211,449,0
1526,449,0
449,1529,0
449,1560,1
1663,449,0
449,1687,1
449,1793,0
449,1851,1
449,2128,1
2187,449,0
449,2306,1
449,2424,1
2466,449,0
450,1297,0
451,787,0
79,453,0
453,99,1
453,412,1
742,453,0
453,1106,1
453,1426,0
453,1496,0
453,1537,1
1880,453,0
453,1996,0
454,1052,0
454,2099,0
455,1142,0
455,2090,0
456,326,1
456,399,1
456,1126,1
1227,456,0
456,1591,1
456,1600,0
1852,456,0
458,1118,0
458,1661,0
458,1961,0
459,2267,0
460,643,0
460,1917,0
460,1971,1
460,2311,0
461,915,0
461,1622,0
462,882,0
462,1128,0
1241,462,0
463,29,1
463,45,1
463,213,1
463,273,1
307,463,0
323,463,0
427,463,0
463,429,1
463,538,0
700,463,0
780,463,0
463,939,1
463,989,1
463,1176,1
463,1466,1
463,1468,1
1573,463,0
463,1830,1
463,1868,1
463,1921,1
2035,463,0
463,2198,1
463,2385,1
464,764,0
464,1637,0
464,1818,0
464,2427,0
465,603,1
465,1195,0
465,1747,0
465,2058,0
30,468,0
718,468,0
468,830,1
1215,468,0
1324,468,0
1691,468,0
469,852,0
469,1428,0
471,2074,0
473,545,0
1200,473,0
474,527,0
474,706,0
474,1322,0
475,1777,0
476,47,1
476,120,1
476,314,1
476,970,0
476,1601,0
477,218,1
477,1537,1
477,1751,0
477,1985,1
2238,477,0
478,1593,0
480,1867,0
483,939,0
483,1456,0
483,1475,0
484,1633,0
485,489,0
485,874,0
29,486,0
486,81,1
1626,486,0
487,555,0
487,1900,0
488,510,0
489,520,0
489,1616,0
490,873,0
491,825,0
491,849,0
491,2339,0
943,492,0
492,1202,0
492,1781,0
493,1888,0
494,1801,0
494,2135,0
496,1688,0
496,1924,0
499,1191,0
1925,499,0
500,1707,0
500,2367,0
500,2399,0
501,17,1
501,79,1
501,81,1
501,328,1
413,501,0
501,439,1
455,501,0
508,501,0
585,501,0
501,625,1
700,501,0
785,501,0
501,822,1
501,959,1
501,1066,1
501,1148,1
501,1196,1
501,1216,1
501,1250,1
501,1630,1
1684,501,0
501,1695,1
501,1801,1
501,1913,1
501,1921,1
501,1925,1
501,1947,1
501,2080,1
501,2084,0
501,2122,0
2209,501,0
501,2380,1
503,1869,0
504,304,1
504,939,1
504,1137,1
504,1686,0
504,1921,1
505,1335,0
506,619,1
506,1484,0
1543,506,0
508,1977,0
509,1327,0
509,2249,0
510,527,0
510,547,0
510,571,0
510,1569,0
510,1847,0
511,795,0
511,1586,0
513,699,0
513,903,0
513,1555,0
513,1807,0
513,1834,1
514,1380,0
515,973,0
515,1539,0
516,1131,0
516,1425,1
517,1420,0
518,1286,0
519,862,1
519,1311,1
519,1416,0
519,1448,0
519,1848,0
519,1873,0
520,1222,0
520,1458,0
520,2236,0
520,2475,1
521,1281,0
523,861,0
523,1257,0
524,447,1
524,1673,1
524,1799,1
524,2167,0
2446,524,0
524,2471,1
525,620,0
526,545,0
526,574,0
2153,528,0
529,1781,0
530,1210,1
530,1600,1
1793,530,0
530,1985,0
531,2044,0
532,1535,0
532,1646,0
532,1730,0
533,642,0
533,1753,0
1384,534,0
536,399,1
536,1198,0
536,1939,1
537,666,0
537,2454,0
304,539,0
539,430,1
939,539,0
539,1182,1
539,1314,0
539,1421,0
539,1824,0
540,628,1
540,1728,0
541,2438,0
542,741,0
542,766,0
542,1870,0
258,543,0
543,386,1
543,445,1
520,543,0
543,523,1
636,543,0
543,734,0
786,543,0
543,814,1
543,910,1
543,1160,1
1236,543,0
543,1239,1
543,1487,1
543,1663,1
543,1691,1
1717,543,0
543,1762,1
543,1968,1
543,2026,1
543,2072,1
543,2095,1
2111,543,0
2253,543,0
544,959,1
545,549,0
545,1497,1
1544,545,0
545,1855,0
1933,545,0
547,1181,0
547,1457,0
547,2390,0
548,2293,0
549,919,0
549,939,1
549,1058,1
549,1556,1
549,2309,0
549,2400,1
550,187,1
550,405,1
550,1005,1
1055,550,0
550,1316,1
550,1850,0
550,1955,1
87,551,0
2161,551,0
551,2349,0
552,755,0
552,760,0
552,1124,0
552,1192,0
554,1744,0
635,556,0
556,1093,0
556,1187,0
1215,556,0
556,1688,0
556,1864,0
557,238,1
557,275,1
552,557,0
558,684,0
558,1062,0
1124,558,0
558,1250,0
558,2472,0
559,1297,0
560,1169,0
560,1178,0
561,1656,0
562,738,1
562,1639,0
2426,562,0
563,1445,0
70,564,0
564,233,1
445,564,0
849,564,0
564,891,1
564,978,1
564,983,1
1026,564,0
564,1513,0
564,1736,1
565,63,1
68,565,0
99,565,0
565,124,1
565,307,1
565,319,1
565,512,1
565,598,1
565,635,1
565,775,1
902,565,0
939,565,0
565,1094,1
565,1160,1
565,1215,1
565,1281,1
565,1311,1
565,1425,1
1516,565,0
565,1532,1
565,1566,1
565,1720,1
565,1784,1
565,1841,1
565,1966,1
2058,565,0
565,2155,0
565,2164,1
2259,565,0
567,1500,0
145,568,0
568,577,1
568,597,0
568,654,1
568,990,0
1094,568,0
568,1111,1
568,1243,1
568,1263,1
568,1293,1
568,1832,0
568,2404,1
569,6,1
569,141,1
143,569,0
225,569,0
569,294,1
419,569,0
555,569,0
569,569,1
569,596,1
569,649,1
569,652,1
569,677,1
569,752,1
569,789,1
947,569,0
569,1012,1
569,1136,1
1366,569,0
569,1479,0
1512,569,0
569,1563,1
1620,569,0
2109,569,0
2333,569,0
569,2349,0
570,144,1
570,1306,0
1764,570,0
570,2010,1
571,945,0
571,1082,0
153,572,0
572,804,0
572,1132,1
572,1933,1
573,877,0
573,1475,0
573,2042,0
573,2120,0
573,2154,0
576,429,1
576,647,0
576,1147,0
577,1132,0
577,2273,0
579,102,1
408,579,0
579,432,1
579,624,1
579,628,1
579,634,1
579,635,1
579,690,1
579,737,1
579,891,1
579,900,1
579,935,1
579,939,1
579,963,1
579,1038,0
579,1072,1
1094,579,0
579,1307,1
1322,579,0
579,1351,1
1383,579,0
579,1466,1
579,1601,1
579,1724,1
579,1783,1
1847,579,0
1912,579,0
579,1965,1
579,2035,1
2183,579,0
2293,579,0
579,2342,1
579,2426,1
579,2462,1
580,1080,1
582,1086,0
582,1371,0
582,1880,0
583,655,0
583,1131,0
583,1370,0
583,2120,0
584,99,1
584,124,1
584,142,1
584,242,1
584,274,1
451,584,0
584,697,1
706,584,0
707,584,0
857,584,0
584,895,1
584,999,0
584,1048,1
1147,584,0
1299,584,0
584,1348,1
1436,584,0
584,1506,1
584,1543,1
1664,584,0
584,1733,1
584,1838,1
584,2085,0
584,2125,0
584,2410,1
585,1488,0
29,586,0
529,586,0
586,646,1
700,586,0
586,732,1
959,586,0
586,1161,0
586,1828,1
586,2198,1
586,2385,1
2412,586,0
587,1158,0
839,588,0
588,915,0
1215,588,0
589,1523,0
590,1180,1
590,1409,0
590,2064,1
591,987,0
591,1125,0
591,2056,0
939,592,0
592,1529,0
594,1883,0
594,2093,0
596,724,0
597,2284,0
598,2208,0
599,2104,0
599,2456,0
601,916,0
605,1822,0
606,234,1
606,1405,0
607,47,1
607,669,0
607,2049,0
607,2155,0
608,1116,0
608,1136,0
609,2210,0
610,150,1
181,610,0
610,273,1
610,405,1
777,610,0
610,1259,1
610,1386,1
610,2362,1
611,2060,0
456,612,0
612,1580,0
613,530,1
613,1568,1
614,1543,0
614,2005,0
614,2097,0
615,1034,0
615,1987,1
616,645,0
616,739,1
616,924,1
616,1637,1
1894,616,0
617,1171,0
619,3,1
619,8,1
619,10,1
619,17,1
29,619,0
619,32,1
619,45,1
619,51,1
619,69,1
619,71,1
619,74,1
619,79,1
619,80,1
619,81,1
95,619,0
619,99,1
619,116,1
127,619,0
214,619,0
259,619,0
619,268,1
619,277,1
619,285,1
619,293,1
619,307,1
309,619,0
323,619,0
619,339,1
619,361,1
369,619,0
619,391,1
399,619,0
405,619,0
619,439,1
619,468,1
619,482,1
619,508,1
619,515,1
619,547,1
563,619,0
583,619,0
584,619,0
619,585,1
619,589,1
619,603,1
619,635,1
619,646,1
619,660,1
619,672,1
676,619,0
619,690,1
619,696,1
619,706,1
707,619,0
619,719,1
619,727,1
619,742,1
619,762,1
619,781,1
619,785,1
619,793,1
619,808,1
619,813,1
619,823,1
828,619,0
619,833,1
843,619,0
619,848,1
619,853,1
858,619,0
859,619,0
619,877,1
619,883,1
619,888,1
889,619,0
619,891,1
619,907,1
619,916,1
619,936,1
939,619,0
619,951,1
619,959,1
969,619,0
619,981,1
619,1042,1
619,1097,1
619,1147,1
619,1148,1
619,1161,1
1176,619,0
1205,619,0
619,1206,1
619,1217,1
1228,619,0
619,1234,1
619,1239,1
619,1259,1
1270,619,0
619,1278,1
1287,619,0
1325,619,0
619,1327,1
619,1351,1
1394,619,0
619,1404,1
619,1424,1
619,1426,1
1428,619,0
1433,619,0
1434,619,0
1448,619,0
619,1466,1
1468,619,0
1501,619,0
1504,619,0
1507,619,0
619,1579,1
619,1583,1
619,1585,1
619,1626,1
619,1635,1
619,1647,1
619,1658,1
1664,619,0
1684,619,0
619,1690,1
1695,619,0
619,1708,1
619,1717,1
1724,619,0
1748,619,0
619,1762,1
619,1764,1
1778,619,0
619,1801,1
1824,619,0
1827,619,0
619,1834,1
619,1838,1
619,1839,1
1846,619,0
619,1847,1
1856,619,0
619,1913,1
619,1921,1
1926,619,0
619,1932,1
1935,619,0
1947,619,0
619,1957,1
619,1965,1
1990,619,0
619,1997,1
619,2012,1
2023,619,0
2044,619,0
619,2072,1
619,2092,1
619,2107,1
2108,619,0
2110,619,0
619,2119,1
2125,619,0
619,2131,1
619,2133,1
2145,619,0
619,2167,1
619,2173,1
2204,619,0
619,2209,1
619,2223,1
619,2238,1
2241,619,0
619,2263,1
619,2276,1
2296,619,0
619,2299,1
2323,619,0
619,2341,1
2352,619,0
619,2363,1
2382,619,0
619,2385,1
619,2388,1
619,2390,1
619,2391,1
619,2427,1
619,2453,1
619,2458,1
619,2464,1
619,2465,1
619,2469,1
620,1991,0
621,2112,0
622,29,1
622,529,1
646,622,0
700,622,0
732,622,0
622,959,1
622,1468,1
622,1573,1
622,1830,1
2385,622,0
2412,622,0
623,857,1
1727,623,0
625,2382,0
626,503,1
626,901,0
626,922,0
626,925,0
626,1719,0
93,628,0
408,628,0
593,628,0
628,634,1
628,636,1
628,637,1
628,747,0
628,778,1
628,1072,1
628,1307,1
628,1488,1
628,1686,0
628,1836,1
2086,628,0
628,2342,1
629,668,0
307,630,0
630,829,1
630,1102,0
631,55,1
631,955,1
1273,631,0
631,1389,1
631,1756,1
631,1921,1
1972,631,0
631,2011,0
632,1263,0
633,2221,0
633,2356,0
634,1930,0
635,977,0
635,1005,0
635,1265,0
635,2378,0
637,1158,0
637,1432,0
638,654,0
638,1044,0
638,1481,0
638,1569,0
638,1722,0
638,2177,0
385,639,0
1236,639,0
640,1361,0
640,2295,0
640,2406,0
641,635,1
641,939,1
641,1058,0
641,1238,0
641,1311,1
641,1331,0
641,1384,0
1389,641,0
112,642,0
642,241,1
1585,642,0
642,2022,0
642,2240,0
643,110,1
643,1792,1
644,996,0
644,1329,0
644,2105,0
644,2475,0
645,1205,0
645,1352,0
645,2355,0
646,819,0
646,1376,0
647,736,0
647,1172,0
648,736,0
648,1813,0
648,2189,0
649,6,1
649,80,1
649,141,1
419,649,0
485,649,0
649,596,1
677,649,0
724,649,0
649,752,1
649,877,1
908,649,0
649,912,1
649,920,1
649,947,1
649,953,1
649,969,1
1188,649,0
649,1366,1
649,1502,1
649,1512,1
649,1563,1
1855,649,0
649,1921,1
2140,649,0
2368,649,0
650,1087,0
650,1106,0
650,1852,0
651,2269,1
652,1036,0
652,1887,0
653,424,1
653,1126,1
653,1215,1
653,1427,1
1826,653,0
1834,653,0
653,1915,1
654,890,0
654,942,0
655,1314,0
656,1203,0
656,1597,0
656,1628,0
657,731,0
657,2192,0
658,736,0
658,802,0
658,936,0
659,62,1
99,659,0
659,197,1
484,659,0
659,488,1
659,625,1
654,659,0
659,700,1
996,659,0
659,1008,0
659,1109,1
659,1196,1
1205,659,0
659,1296,0
659,1304,1
659,1391,1
659,1402,1
659,1404,1
659,1405,1
1547,659,0
659,1600,1
659,1602,0
659,1721,1
1793,659,0
659,1847,1
659,1858,1
1870,659,0
1874,659,0
659,2425,1
660,1067,1
660,1362,0
660,2207,1
660,2443,0
521,662,0
213,663,0
663,635,1
663,654,1
663,939,1
663,1139,1
663,1311,1
663,1379,1
1510,663,0
663,1847,1
2288,663,0
664,1153,0
664,2452,0
665,704,0
665,1742,0
665,2184,0
666,1983,0
666,2195,0
667,226,1
667,257,1
667,269,1
334,667,0
546,667,0
667,1005,1
667,1170,1
667,1202,1
667,1309,1
1335,667,0
667,1396,0
667,1675,1
2008,667,0
667,2051,0
667,2056,1
2100,667,0
667,2331,1
2350,667,0
668,144,1
668,628,1
668,997,1
668,1764,1
668,2010,1
669,10,1
302,669,0
624,669,0
669,634,1
741,669,0
885,669,0
669,886,1
669,1039,1
1207,669,0
669,1303,1
1321,669,0
1470,669,0
1610,669,0
669,1754,1
669,1790,1
1809,669,0
1836,669,0
2012,669,0
669,2365,1
670,1023,0
670,1070,0
670,1588,0
671,29,1
646,671,0
732,671,0
671,959,1
1221,671,0
1348,671,0
671,1468,1
1664,671,0
671,1824,1
671,1879,0
671,2356,0
671,2385,1
673,850,0
674,1325,0
674,1615,0
674,2099,0
675,1335,0
675,1802,0
677,2355,0
678,384,1
678,964,0
679,2150,0
680,2128,0
311,681,0
414,681,0
653,681,0
681,939,1
681,1994,1
681,2155,0
681,2472,1
682,1453,0
1877,682,0
685,934,0
686,2443,0
324,688,0
688,925,0
688,1196,1
688,1564,0
1868,688,0
688,1921,1
688,2196,1
688,2242,1
67,689,0
307,689,0
689,594,1
819,689,0
689,870,1
897,689,0
689,907,1
908,689,0
689,1456,1
689,1537,1
1868,689,0
689,1930,1
1999,689,0
689,2068,0
689,2360,0
690,1318,0
690,1764,0
690,2187,0
691,1100,0
692,1559,0
692,1961,0
693,1360,0
693,2249,0
693,2323,0
694,1899,0
695,1015,0
695,1222,0
695,1333,0
696,2438,0
697,2453,0
699,1755,0
699,2043,0
699,2248,0
701,843,0
701,2038,0
702,2332,0
703,1646,0
704,731,0
705,1330,0
705,2124,0
707,2237,0
708,1080,0
708,2159,0
708,2447,0
709,1493,0
710,4,1
710,47,1
710,304,1
710,619,1
687,710,0
743,710,0
765,710,0
905,710,0
710,1159,1
710,1311,1
1336,710,0
710,1657,0
2025,710,0
2406,710,0
711,721,0
711,1383,0
758,712,0
712,974,1
1059,712,0
712,1934,1
715,213,1
715,860,0
715,1085,1
1094,715,0
716,738,0
718,140,1
718,201,1
718,384,1
508,718,0
718,718,1
769,718,0
718,780,0
833,718,0
718,939,1
1215,718,0
718,1221,1
718,1425,1
1455,718,0
718,1913,1
718,1957,0
2216,718,0
719,1423,0
720,778,0
720,1494,0
720,1751,0
721,878,0
721,1436,0
721,1808,0
722,512,1
722,1215,1
722,1994,1
654,723,0
723,1280,1
723,1314,1
723,1436,1
724,907,0
724,1012,0
724,1048,0
26,725,0
725,43,1
725,241,1
246,725,0
725,583,1
725,813,0
725,939,1
725,1274,1
725,1316,1
725,1997,0
726,700,1
727,728,0
727,807,0
727,1384,0
727,1633,0
728,2294,0
729,1701,0
729,1728,0
729,1826,0
730,1043,0
1327,730,0
730,2399,0
732,737,0
732,1515,0
732,2261,0
401,734,0
734,1123,0
734,1222,1
736,742,0
736,1685,0
737,1630,0
737,1981,0
738,1065,0
739,1465,0
739,1630,0
740,2196,0
740,2429,0
741,2085,0
742,975,0
743,3,1
743,29,1
743,49,1
743,50,1
52,743,0
126,743,0
743,180,1
214,743,0
743,251,1
743,265,1
318,743,0
743,340,1
743,343,1
743,360,1
743,361,1
743,386,1
743,412,1
743,413,1
743,451,1
743,502,1
743,571,1
743,608,1
743,635,1
743,657,1
658,743,0
743,660,1
687,743,0
743,690,1
705,743,0
743,728,1
864,743,0
872,743,0
743,951,1
743,959,1
1009,743,0
743,1157,0
743,1164,1
743,1168,1
743,1173,1
1196,743,0
1215,743,0
743,1219,1
1224,743,0
743,1242,1
743,1251,1
743,1259,1
743,1262,1
743,1282,1
743,1292,1
743,1311,1
1385,743,0
743,1466,1
743,1513,1
743,1545,1
1639,743,0
743,1654,1
743,1669,1
743,1705,1
743,1824,1
743,1839,1
1840,743,0
743,1881,1
1885,743,0
1897,743,0
743,1898,1
1913,743,0
743,1921,1
743,1925,1
743,1941,1
743,1951,1
743,1965,1
743,2055,1
2058,743,0
2063,743,0
743,2064,1
2110,743,0
743,2124,1
743,2140,1
2144,743,0
743,2145,1
2192,743,0
743,2222,1
2244,743,0
2270,743,0
743,2276,1
2291,743,0
743,2317,1
2320,743,0
743,2376,1
2384,743,0
743,2393,1
743,2394,1
743,2401,1
2426,743,0
2456,743,0
743,2469,1
744,1011,0
745,793,0
746,1513,0
1799,746,0
747,1881,0
748,624,1
748,1471,0
748,2284,0
749,144,1
749,628,1
749,2010,1
749,2076,0
750,1213,0
750,2032,0
751,1643,0
751,2126,0
752,1909,0
753,1035,0
753,1846,0
754,1959,0
755,635,1
654,755,0
939,755,0
755,1115,0
755,1276,0
755,1602,0
755,2347,0
756,1370,0
756,2081,0
757,1715,0
758,933,1
759,760,0
138,760,0
231,760,0
760,794,0
760,1160,1
761,1155,0
761,1425,0
762,1334,0
762,1708,0
763,1216,0
763,2179,0
764,635,1
764,687,1
764,969,0
764,1192,1
764,1420,0
764,1652,0
764,1678,1
1745,764,0
764,1829,1
764,1913,1
764,2193,1
765,102,1
307,765,0
765,328,1
765,432,1
765,487,1
765,507,1
765,531,1
765,603,1
765,628,1
634,765,0
765,635,1
765,637,1
660,765,0
765,700,1
732,765,0
737,765,0
765,747,1
765,864,1
765,900,1
765,935,1
939,765,0
959,765,0
765,1072,1
765,1094,1
1196,765,0
765,1307,1
1322,765,0
1351,765,0
1383,765,0
1415,765,0
765,1416,1
765,1441,1
765,1507,0
1629,765,0
1724,765,0
1824,765,0
1836,765,0
1839,765,0
1847,765,0
1868,765,0
765,1921,1
1925,765,0
765,1952,1
1955,765,0
765,1965,1
2015,765,0
765,2035,1
765,2342,1
765,2426,1
765,2462,1
766,1483,0
766,1665,0
766,2000,0
767,346,1
391,767,0
767,459,1
520,767,0
767,577,1
767,690,1
800,767,0
767,843,1
844,767,0
925,767,0
981,767,0
767,1466,1
1641,767,0
767,1724,1
767,1965,1
767,2046,1
768,1292,1
768,1867,0
768,2350,0
769,1504,0
769,1543,0
770,1,1
770,3,1
770,37,1
770,161,1
770,285,1
770,295,1
770,374,1
770,386,1
392,770,0
770,672,1
770,885,1
1055,770,0
770,1116,1
1130,770,0
1133,770,0
1134,770,0
1321,770,0
770,1341,1
770,1442,1
770,1605,1
770,1642,1
770,1712,1
770,1822,1
770,1847,1
770,1888,1
770,1900,1
1977,770,0
770,2021,1
770,2097,1
2121,770,0
770,2176,1
770,2272,1
770,2290,1
2354,770,0
770,2416,1
770,2417,1
772,857,0
773,1566,0
774,1020,0
775,63,1
213,775,0
775,239,1
775,290,1
293,775,0
775,299,1
775,340,1
775,355,1
412,775,0
775,430,1
775,480,1
625,775,0
635,775,0
775,829,1
870,775,0
775,903,1
775,1014,1
1094,775,0
775,1208,1
775,1278,1
775,1287,1
775,1311,1
775,1369,1
775,1373,0
775,1404,1
775,1405,1
1555,775,0
775,1585,1
775,1603,1
1705,775,0
1775,775,0
775,1868,1
775,2080,0
775,2149,1
775,2214,1
775,2449,0
775,2452,1
775,2455,1
776,1770,1
776,2156,1
997,777,0
1629,777,0
1795,777,0
777,2035,1
778,1721,0
778,1850,0
778,2237,0
779,1045,0
781,1995,0
782,1658,0
782,1665,0
782,1768,0
783,1489,0
784,939,1
784,1875,0
785,1206,0
785,1598,0
785,2015,0
785,2141,0
787,102,1
756,787,0
788,306,1
788,1039,0
788,1244,1
1370,788,0
788,1415,1
788,1700,0
789,2102,0
790,619,1
790,1012,0
790,1941,0
790,1955,1
790,1978,0
791,2165,0
793,983,0
793,2366,0
793,2399,0
794,654,1
911,794,0
794,1427,1
794,2097,0
794,2437,0
795,948,0
796,198,1
796,966,0
797,2002,0
800,1116,0
800,1158,0
800,1520,0
800,1657,0
800,2271,0
801,1374,0
803,935,0
803,1139,0
803,2016,0
804,1075,0
804,1574,0
805,399,1
805,1442,0
805,1939,1
806,1111,0
213,807,0
807,1670,0
807,2288,0
808,1253,0
808,1266,0
808,1830,0
810,1819,0
813,515,1
813,654,1
813,788,1
793,813,0
813,1035,1
813,1246,1
1381,813,0
813,1662,0
813,1793,1
814,1137,0
814,1234,0
814,2348,0
654,816,0
816,859,0
911,816,0
1425,816,0
818,458,1
818,498,1
818,1081,1
1115,818,0
1277,818,0
818,1686,1
818,2096,1
818,2398,1
819,11,1
64,819,0
819,102,1
113,819,0
819,264,1
267,819,0
819,386,1
819,427,1
819,432,1
457,819,0
487,819,0
819,506,1
624,819,0
819,628,1
634,819,0
819,635,1
819,660,1
819,708,1
819,737,1
819,788,1
790,819,0
819,864,1
819,900,1
935,819,0
819,963,1
976,819,0
819,988,1
819,1072,1
819,1089,1
819,1094,1
1196,819,0
819,1237,1
819,1239,1
819,1322,1
1367,819,0
819,1373,1
1383,819,0
819,1441,1
1488,819,0
1528,819,0
819,1581,1
819,1601,1
819,1724,1
819,1748,1
1836,819,0
1847,819,0
819,1868,1
819,1912,1
819,1921,1
819,1965,1
819,1996,1
819,2003,1
819,2035,1
819,2051,1
2053,819,0
819,2054,0
819,2055,1
819,2222,1
819,2259,0
2293,819,0
819,2303,0
819,2317,1
2319,819,0
819,2342,1
2368,819,0
819,2376,1
2384,819,0
819,2393,1
2401,819,0
819,2435,1
2462,819,0
819,2470,1
820,1934,0
337,821,0
792,821,0
821,2347,0
821,2360,0
822,1571,0
822,1955,1
822,2035,1
822,2145,1
823,43,1
823,328,1
491,823,0
823,532,1
608,823,0
840,823,0
823,1032,1
823,1104,1
823,1130,1
1171,823,0
823,1215,1
823,1705,1
823,1792,1
823,1827,1
823,1858,0
823,2093,1
823,2098,1
823,2128,1
825,1569,0
825,2267,0
826,90,1
826,131,1
826,243,1
826,408,1
826,476,1
826,632,1
635,826,0
826,653,1
826,672,1
826,718,1
826,781,1
826,809,1
826,833,1
826,861,0
826,885,1
889,826,0
939,826,0
826,972,1
991,826,0
826,1028,1
1042,826,0
826,1072,1
826,1126,1
826,1263,1
826,1269,1
1305,826,0
826,1307,1
1330,826,0
826,1392,1
826,1397,1
826,1407,1
826,1413,1
826,1425,1
1501,826,0
826,1541,1
826,1755,1
1767,826,0
826,1774,0
826,1821,1
826,1864,1
1892,826,0
826,1958,1
826,1974,1
1989,826,0
826,2011,1
826,2113,0
826,2195,0
2325,826,0
826,2326,1
826,2327,1
826,2359,1
826,2447,1
827,1852,0
828,885,0
828,1547,0
829,1876,0
831,1291,0
831,1571,0
831,1898,0
832,1220,1
832,1933,1
832,2444,0
834,1912,0
835,211,1
952,835,0
835,2083,0
836,514,1
1315,836,0
837,1781,0
837,2390,0
841,454,1
841,2143,0
841,2183,1
843,2017,0
845,943,0
846,703,1
846,1405,1
846,1622,0
846,1833,0
846,2040,0
847,449,1
847,2374,0
848,1662,0
1215,851,0
852,1808,0
853,1844,0
853,2401,0
854,1309,0
854,2240,1
855,1307,0
856,1321,1
856,1449,0
856,1880,1
1921,856,0
856,2080,0
856,2439,0
859,920,0
859,1845,0
859,2281,0
860,1389,0
860,1810,0
860,2230,0
861,1016,0
862,2350,0
864,1320,0
864,1489,0
864,2086,0
857,865,0
865,1024,1
1371,865,0
865,1480,1
865,2059,1
865,2294,0
866,758,1
866,796,1
866,1059,1
866,1934,1
867,1517,0
868,1862,0
868,1940,0
869,624,1
869,991,0
870,35,1
45,870,0
870,51,1
870,119,1
870,167,1
870,248,1
293,870,0
391,870,0
394,870,0
870,398,1
476,870,0
870,500,1
870,508,1
870,594,1
635,870,0
870,690,1
870,727,1
870,823,1
870,829,1
871,870,0
870,889,1
970,870,0
870,1040,1
870,1049,1
870,1196,1
1259,870,0
870,1321,1
870,1327,1
1390,870,0
870,1404,1
870,1433,1
870,1490,1
1537,870,0
870,1577,1
870,1629,1
870,1694,1
870,1707,1
870,1714,1
1769,870,0
870,1779,1
870,1780,1
870,1834,1
870,1847,1
870,1957,1
870,2012,1
870,2016,1
870,2261,1
2385,870,0
870,2453,1
871,1386,0
872,1045,0
872,2076,0
873,64,1
654,873,0
873,833,1
873,1021,1
1026,873,0
2055,873,0
2222,873,0
2244,873,0
873,2291,1
873,2310,1
873,2317,1
873,2376,1
873,2384,1
2393,873,0
873,2454,0
874,2102,0
874,2425,0
875,1239,0
877,895,0
877,1971,0
654,879,0
879,1232,0
879,2061,0
880,939,1
880,1427,1
881,1466,0
882,153,1
883,944,0
885,1076,0
885,1419,0
885,1610,0
885,1978,0
885,2052,0
886,2320,0
886,2423,0
887,1480,0
887,1779,1
887,2465,0
888,1822,0
889,2019,0
889,2426,0
890,399,1
890,1939,1
894,1484,1
894,1587,0
895,1688,0
895,1922,0
896,481,1
896,2212,0
897,1464,0
897,2174,0
898,973,0
898,2020,0
898,2103,0
899,1768,0
899,1827,0
899,2159,0
901,79,1
901,99,1
901,924,0
901,1639,1
2171,901,0
902,81,1
902,158,1
164,902,0
902,307,1
902,328,1
902,340,1
377,902,0
902,418,1
438,902,0
902,452,1
476,902,0
515,902,0
902,742,1
902,774,1
902,823,1
902,943,1
1049,902,0
902,1261,0
902,1461,1
902,1476,1
902,1808,1
1868,902,0
902,1922,1
902,2003,1
902,2077,1
2242,902,0
902,2280,1
2348,902,0
902,2474,1
903,1115,0
903,2221,0
905,1101,0
905,1419,0
906,30,1
906,842,1
906,968,1
906,1034,0
906,1464,0
906,1632,1
906,2005,0
906,2458,0
907,1197,0
908,1387,1
909,1543,0
909,1756,0
909,2369,1
910,1028,0
911,1425,0
912,231,1
912,635,1
914,573,1
914,2040,1
915,1845,0
915,2463,0
917,3,1
917,346,1
917,1104,1
1205,917,0
1301,917,0
917,1800,1
2183,917,0
918,92,1
918,307,1
918,430,1
918,654,1
918,721,1
918,737,1
918,939,0
1383,918,0
918,1389,1
918,1415,1
1550,918,0
918,1601,1
918,1618,0
918,2053,1
918,2309,1
919,169,1
919,1193,0
919,1302,0
919,1987,1
920,1744,0
921,2332,0
922,1545,0
923,1463,0
924,1090,0
925,1141,0
925,1332,0
929,2078,0
931,582,1
931,1666,0
932,21,1
275,932,0
932,347,1
932,595,1
597,932,0
932,604,1
932,635,1
814,932,0
932,979,1
1009,932,0
1048,932,0
932,1073,1
932,1074,1
1077,932,0
932,1215,1
1230,932,0
932,1419,1
1585,932,0
932,1641,1
1761,932,0
932,1903,1
1904,932,0
932,1905,1
932,1906,1
932,1908,1
932,1909,1
932,2170,1
932,2176,1
932,2248,1
932,2252,1
2336,932,0
932,2337,1
933,99,1
933,320,1
933,659,1
696,933,0
933,1099,0
933,1130,0
1514,933,0
933,1708,0
933,1725,1
934,68,1
934,190,1
934,214,1
508,934,0
934,584,1
934,706,1
934,725,1
797,934,0
934,1215,1
934,1597,0
934,1672,1
934,1702,1
934,1918,1
2052,934,0
2202,934,0
934,2298,0
935,1494,0
936,1099,0
413,937,0
937,510,1
937,883,1
937,941,0
1063,937,0
937,2175,1
45,938,0
412,938,0
938,567,1
904,938,0
1651,938,0
938,1884,0
938,2299,1
2345,938,0
939,2068,0
940,1408,1
940,1448,1
940,1849,0
941,1066,0
941,1327,1
942,983,1
942,1921,1
943,63,1
87,943,0
943,307,1
943,1083,1
943,1234,1
943,2154,1
943,2266,1
943,2323,0
94,944,0
944,1374,0
944,1490,1
1404,945,0
946,1680,0
950,1309,0
951,116,1
258,951,0
413,951,0
430,951,0
951,512,1
951,581,1
660,951,0
951,700,1
951,823,1
872,951,0
939,951,0
951,1126,1
951,1176,1
1205,951,0
951,1254,0
951,1482,1
951,1741,1
951,1810,1
951,1811,1
951,1824,1
1839,951,0
1921,951,0
951,1925,1
2058,951,0
951,2257,1
2276,951,0
951,2347,1
2388,951,0
951,2399,1
952,1219,0
952,1591,0
954,1949,0
955,381,1
955,505,1
955,725,1
955,939,1
1105,955,0
1176,955,0
955,1212,1
1270,955,0
1799,955,0
955,1834,1
955,2123,1
955,2155,1
955,2188,1
955,2316,1
2440,955,0
102,956,0
956,1313,0
939,957,0
957,1658,0
958,967,0
2086,958,0
958,2300,0
960,102,1
960,430,1
960,535,1
960,1245,1
960,1311,1
960,1448,1
960,1476,0
960,1730,1
961,311,1
961,526,1
961,1133,0
961,1644,0
962,1074,0
963,11,1
452,963,0
963,619,1
963,860,1
963,1066,1
963,1196,1
963,1244,0
963,1352,1
963,1713,1
1847,963,0
2435,963,0
964,1951,0
965,1806,0
3,966,0
672,966,0
756,966,0
788,966,0
966,1230,1
966,1825,1
966,2381,0
967,2187,0
967,2425,1
968,571,1
968,881,1
968,1993,1
968,2102,0
968,2426,1
970,1207,0
970,1223,0
970,2217,0
972,2441,0
973,546,1
635,973,0
973,759,1
929,973,0
973,1962,1
973,2001,0
974,1608,0
974,1670,1
650,975,0
975,779,1
975,1779,1
1815,975,0
975,2418,0
978,1766,0
980,216,1
980,811,1
980,953,1
980,1620,1
980,1802,1
980,1839,0
1980,980,0
2269,980,0
980,2292,1
982,1117,0
982,1121,1
982,1956,0
982,2271,0
75,984,0
317,984,0
984,389,1
984,413,1
984,428,1
984,660,1
719,984,0
858,984,0
984,883,1
984,1007,1
984,1008,1
1044,984,0
1087,984,0
984,1112,0
984,1217,1
984,1424,1
984,1426,1
984,1428,1
984,1493,0
984,1684,1
1840,984,0
984,1925,1
984,2060,1
984,2135,1
2157,984,0
984,2204,1
2276,984,0
984,2311,1
984,2363,1
984,2382,1
984,2390,1
2391,984,0
984,2396,1
984,2415,1
2420,984,0
116,986,0
986,126,1
986,446,1
986,571,1
986,584,1
986,635,1
660,986,0
986,687,1
705,986,0
986,706,1
718,986,0
986,728,1
986,769,1
986,872,1
986,939,1
986,951,1
986,1064,1
986,1147,1
986,1168,1
1173,986,0
986,1215,1
986,1219,1
986,1224,1
986,1242,1
1251,986,0
986,1282,1
986,1351,1
986,1425,1
1885,986,0
986,1913,1
986,1921,1
986,2063,1
2064,986,0
2125,986,0
986,2426,1
986,2456,1
988,1159,0
988,1364,0
989,74,1
989,264,1
989,292,1
439,989,0
565,989,0
989,635,1
638,989,0
989,687,1
989,833,1
989,870,1
989,877,1
989,908,1
989,1593,0
1999,989,0
99,990,0
990,1466,1
992,1370,0
992,1872,0
993,1310,0
993,1452,0
993,1791,0
994,2141,0
995,1311,1
995,2044,0
996,1105,0
996,1264,0
996,1655,0
997,29,1
37,997,0
161,997,0
997,285,1
295,997,0
374,997,0
997,392,1
487,997,0
997,891,1
1085,997,0
997,1116,1
997,1130,1
1207,997,0
997,1341,1
997,1355,0
997,1598,1
997,1605,1
1642,997,0
1703,997,0
1712,997,0
997,1758,1
997,1822,1
997,1879,0
1888,997,0
1977,997,0
2044,997,0
997,2097,1
997,2354,1
997,2416,1
997,2417,1
81,999,0
99,999,0
292,999,0
999,635,1
999,828,1
999,1427,1
999,1433,0
999,1763,0
1834,1000,0
1001,603,1
1001,1925,1
1001,2384,0
1001,2453,1
1002,2406,0
1003,700,1
1003,1815,0
1003,1824,1
1004,165,1
1004,399,1
1004,690,1
1004,1224,0
1004,1464,1
1004,1847,1
1005,1346,0
1006,102,1
1006,195,1
267,1006,0
359,1006,0
1006,408,1
1006,427,1
1006,531,1
1006,628,1
1006,635,1
1006,690,1
864,1006,0
1006,900,1
1006,907,1
939,1006,0
1006,1019,1
1006,1041,1
1006,1072,1
1006,1165,1
1006,1301,1
1006,1307,1
1322,1006,0
1006,1351,1
1006,1383,1
1006,1406,1
1006,1415,1
1006,1416,1
1429,1006,0
1006,1441,1
1601,1006,0
1006,1614,1
1006,1627,1
1006,1629,1
1006,1805,1
1006,1836,1
1006,1847,1
1868,1006,0
1006,1965,1
1006,1992,1
1006,2007,1
1006,2015,1
1006,2142,1
1006,2145,1
1006,2293,1
2342,1006,0
2426,1006,0
1006,2462,1
1007,2094,0
1008,1526,0
1008,1896,0
1009,1308,0
1010,2413,0
1011,45,1
1981,1011,0
1012,1125,0
1013,700,1
1013,959,1
1013,1847,1
1013,2249,1
1013,2276,1
2385,1013,0
1013,2465,1
2469,1013,0
1015,1015,1
1017,1416,0
1017,1491,0
1017,1903,0
1017,1922,0
1017,2283,0
1018,2378,0
696,1020,0
1022,430,1
1022,2413,0
1023,1251,0
1026,1726,0
1026,2094,0
1026,2099,0
1027,326,1
1027,625,1
1027,907,1
1158,1027,0
1027,1479,0
2320,1027,0
1028,2055,0
1028,2337,0
1029,3,1
1029,287,1
1029,1178,1
1029,1246,0
1029,1717,1
1029,1826,1
1029,2032,1
1029,2213,0
1029,2274,1
1030,187,1
293,1030,0
1030,2128,0
1673,1031,0
1031,2446,1
1031,2471,1
1032,2213,0
1033,1056,0
1033,1118,0
1034,654,1
911,1034,0
1034,1425,1
1034,1427,1
1034,2122,0
1036,939,1
1036,1258,0
1036,2446,0
1037,1467,0
1038,2298,1
1039,1761,0
1040,1287,0
1041,1310,0
1041,2386,0
1042,1071,0
1042,1350,0
1042,1890,0
1045,1983,0
1046,2157,0
1048,1818,0
1048,1873,0
1049,1333,0
1049,1594,0
1049,2403,0
11,1050,0
1050,193,1
457,1050,0
1050,718,1
1050,781,1
823,1050,0
1050,940,1
1066,1050,0
1050,1182,1
1050,1196,1
1050,1255,1
1050,1352,1
1050,1613,1
1050,1925,1
1050,1999,1
2115,1050,0
1050,2124,1
2406,1050,0
1051,2035,0
1051,2114,0
1053,1427,0
1053,1509,0
1053,1872,0
1053,1884,1
1053,2364,0
1054,1989,0
1056,681,1
1056,1137,0
1056,1201,0
1056,2045,0
2339,1056,0
1058,41,1
1058,99,1
1058,146,1
1058,326,1
1058,349,1
385,1058,0
690,1058,0
1058,877,1
1058,891,1
1058,969,1
1058,1014,1
1058,1125,1
1427,1058,0
1691,1058,0
1058,1694,1
1058,1855,0
1061,1748,0
1061,2231,0
1062,1368,0
1062,1899,0
1062,1932,0
1062,2040,0
1065,1335,0
1066,11,1
1066,214,1
1066,274,1
342,1066,0
1066,361,1
1066,625,1
1066,673,1
1066,674,1
1066,706,1
1066,783,1
1066,878,1
994,1066,0
1052,1066,0
1066,1147,1
1066,1176,1
1205,1066,0
1066,1229,1
1066,1258,1
1259,1066,0
1066,1345,0
1066,1443,0
1066,1519,0
1593,1066,0
1661,1066,0
1066,1695,1
1066,1746,0
1066,1848,0
1066,1941,1
2057,1066,0
1066,2077,1
1066,2149,1
2435,1066,0
1069,1803,0
1069,2038,0
1070,1582,1
1070,1717,1
1940,1070,0
1070,2173,0
1070,2202,0
1071,1560,0
1074,1185,0
1074,1572,0
1074,2362,0
1075,1184,0
1075,2432,0
1076,1214,0
1076,2379,0
1077,116,1
239,1077,0
1077,300,1
1077,328,1
364,1077,0
611,1077,0
1077,631,1
1077,939,1
1077,1077,1
1114,1077,0
1077,1215,1
1077,1227,1
1077,1273,1
1077,1343,1
1077,1352,0
1077,1416,1
1077,1511,1
1077,1594,1
1077,1756,1
1972,1077,0
1077,2044,1
1077,2091,0
2368,1077,0
1077,2445,1
1078,917,1
1078,1425,1
1078,1836,0
1078,2144,1
1078,2180,0
144,1079,0
628,1079,0
1079,997,1
1079,1764,1
1079,2010,1
1080,2241,0
286,1081,0
1081,400,1
408,1081,0
1081,430,1
1081,666,1
1149,1081,0
1081,2194,0
1081,2343,1
1082,1188,0
1082,1934,0
1082,2058,0
1084,1094,1
1084,1215,1
1084,1705,1
1772,1084,0
4,1085,0
8,1085,0
1085,18,1
1085,73,1
78,1085,0
1085,102,1
1085,182,1
213,1085,0
1085,224,1
239,1085,0
1085,259,1
1085,287,1
327,1085,0
1085,354,1
1085,408,1
1085,450,1
1085,478,1
1085,512,1
535,1085,0
1085,809,1
1085,828,1
930,1085,0
935,1085,0
1085,939,1
1085,1045,1
1085,1046,1
1167,1085,0
1085,1189,1
1340,1085,0
1085,1421,1
1423,1085,0
1481,1085,0
1085,1693,1
1726,1085,0
1085,1730,1
1085,1764,1
1085,1776,1
1786,1085,0
1790,1085,0
1085,1836,1
1085,1867,1
1085,1868,1
1085,1905,0
1085,1921,1
1085,1926,1
1085,1963,1
1997,1085,0
2058,1085,0
2076,1085,0
1085,2086,1
1085,2119,1
1085,2126,1
1085,2232,1
2238,1085,0
1085,2254,1
1085,2278,1
1085,2301,1
1085,2342,1
1085,2366,1
1085,2402,1
1086,2070,0
1086,2411,0
1087,1385,0
1088,1390,0
1089,63,1
902,1089,0
1089,1594,0
1090,144,1
628,1090,0
1090,997,1
1764,1090,0
1090,2010,1
1091,2441,0
1092,1884,0
1092,2421,0
1093,1738,0
1093,1835,0
1094,1204,0
1095,1605,0
1099,2138,0
1100,1738,0
1100,2157,0
1101,1111,0
1101,1471,0
1104,1291,0
1104,1876,0
1106,1212,0
1106,1219,0
1107,1448,0
1107,1493,0
1107,1594,0
1107,1795,0
1108,64,1
1108,1600,0
1108,2043,0
1108,2055,1
2222,1108,0
2244,1108,0
2291,1108,0
1108,2317,1
1108,2320,1
1108,2376,1
1108,2384,1
2393,1108,0
1108,2401,1
1109,2408,0
1111,1445,0
1112,1343,0
1114,1712,0
1115,1511,0
1115,2120,0
1116,1501,0
1117,1448,0
1118,2210,0
1119,1857,0
1119,1909,0
1120,414,1
1120,653,1
1215,1120,0
1120,1312,0
1120,2010,0
1121,38,1
1121,113,1
1121,884,1
1121,912,1
1121,1089,1
1121,1128,1
1121,1348,1
1121,2051,1
1121,2062,0
1121,2305,1
1122,2004,0
146,1123,0
654,1123,0
1123,911,1
1123,1050,1
1123,1425,1
1123,1691,1
2124,1123,0
1124,2383,0
1125,285,1
1125,667,1
1127,203,1
1127,341,1
1127,618,1
654,1127,0
1127,690,1
1127,698,1
1127,891,1
1035,1127,0
1290,1127,0
1127,1396,0
1127,1500,1
1834,1127,0
1128,2416,0
1131,2203,0
1131,2303,0
1133,2005,0
1133,2112,0
1133,2340,0
1136,1721,0
1137,2464,0
95,1138,0
725,1138,0
1181,1138,0
1138,1367,0
1377,1138,0
1138,1672,1
1138,1702,1
1138,1969,1
1138,2052,1
1138,2202,1
1138,2277,1
1138,2340,0
1140,1792,0
1140,2318,0
1141,1698,0
1142,81,1
1142,117,1
1142,148,1
1142,157,1
1142,210,1
230,1142,0
1142,293,1
1142,304,1
326,1142,0
1142,388,1
1142,414,1
472,1142,0
1142,490,1
495,1142,0
614,1142,0
1142,675,1
1142,814,1
1142,851,1
876,1142,0
939,1142,0
1142,971,1
1096,1142,0
1142,1140,1
1142,1311,1
1142,1391,1
1142,1467,0
1142,1716,1
1142,1760,1
1142,2058,1
1142,2237,1
1142,2329,0
1144,1593,0
1148,2072,0
1148,2077,0
1148,2318,0
1150,1426,0
1921,1150,0
1150,1947,0
1150,2187,0
1152,249,1
1152,2079,0
2230,1152,0
38,1154,0
1154,113,1
884,1154,0
1154,912,1
1154,982,1
1154,1235,0
1154,1348,1
1154,1415,1
1154,1956,1
1154,2305,1
1155,2349,0
1155,2426,0
1157,1290,0
1158,1931,0
1158,2091,0
27,1159,0
1159,100,1
134,1159,0
293,1159,0
1159,304,1
1159,307,1
1159,309,1
312,1159,0
1159,336,1
341,1159,0
1159,393,1
412,1159,0
625,1159,0
1159,635,1
1159,707,1
1159,795,1
1159,823,1
843,1159,0
1159,870,1
1159,908,1
1159,962,1
1159,1182,1
1159,1220,1
1159,1234,1
1159,1235,1
1365,1159,0
1159,1427,1
1159,1480,1
1506,1159,0
1521,1159,0
1159,1543,1
1159,1648,1
1159,1650,1
1159,1663,1
1159,1669,0
1159,1691,1
1159,1724,1
1159,1765,1
1773,1159,0
1159,1800,0
1159,1847,1
1159,1868,1
1159,1999,1
1159,2098,1
1159,2128,1
1159,2238,1
1159,2353,1
1159,2423,1
1159,2441,0
1160,29,1
1160,759,1
1160,824,1
1160,1058,1
1160,1174,1
255,1162,0
1162,415,1
761,1162,0
861,1162,0
1162,1267,1
1162,1306,0
1162,1385,0
1162,1406,1
1162,1457,1
1162,1725,0
1162,1859,1
1883,1162,0
1162,2132,1
1162,2274,1
1162,2402,1
2404,1162,0
1162,2407,1
1162,2408,1
1163,939,1
1427,1163,0
1164,1733,0
1168,2173,0
1169,1174,0
1169,1354,0
1169,2130,0
1170,1351,0
99,1171,0
1171,1066,1
1171,1259,1
1264,1171,0
1171,1436,1
1171,1501,0
1171,1522,0
1171,1862,1
1172,1233,0
1401,1172,0
1172,1467,0
1848,1172,0
1173,1501,0
1174,1317,0
1174,1595,0
1174,1900,0
1175,2218,0
1177,30,1
1177,339,1
1177,829,1
1177,1513,0
1180,2398,0
1181,587,1
635,1181,0
1181,939,1
1181,1202,1
1181,1215,1
1181,1316,1
1181,1939,0
1181,2328,0
1181,2361,0
846,1182,0
1182,1377,0
1824,1182,0
1182,1827,0
1182,2467,0
1186,891,1
1186,1913,1
2183,1186,0
1190,1306,0
1192,2272,0
1194,1853,0
1195,1314,0
1197,815,1
1197,1293,0
1197,1739,1
1826,1197,0
1198,619,1
1199,1694,1
1199,2363,0
1200,1786,0
1201,2052,0
1202,108,1
128,1202,0
1202,329,1
505,1202,0
1202,542,1
1202,732,1
1202,833,1
1202,1316,1
1202,1388,1
1712,1202,0
1202,2085,0
1202,2115,0
1203,433,1
1203,1443,1
1205,2047,0
1205,2132,0
1205,2431,0
1206,1312,0
1207,1871,0
1207,2446,0
1208,99,1
122,1208,0
1208,171,1
257,1208,0
1208,307,1
1208,434,1
1208,632,1
1208,635,1
1208,659,1
939,1208,0
1208,959,1
1035,1208,0
1208,1049,1
1077,1208,0
1126,1208,0
1208,1196,1
1208,1285,1
1311,1208,0
1208,1319,1
1321,1208,0
1338,1208,0
1208,1629,1
1208,1643,1
1208,1690,0
1208,1812,1
1208,1874,1
1208,1902,1
1208,1988,0
1208,2061,1
1208,2081,1
2205,1208,0
1208,2346,1
700,1209,0
1209,1465,1
1209,1512,0
1209,2385,1
1210,2006,0
1212,283,1
1212,500,1
1383,1212,0
1212,1415,1
1212,1441,1
1212,1601,1
1697,1212,0
1212,1842,1
1212,2053,1
2137,1212,0
1212,2241,0
1212,2309,1
1212,2431,0
71,1214,0
1214,198,1
1214,270,1
1215,8,1
9,1215,0
1215,40,1
44,1215,0
1215,174,1
203,1215,0
1215,253,1
1215,279,1
1215,307,1
1215,330,1
1215,367,1
378,1215,0
412,1215,0
485,1215,0
1215,490,1
1215,512,1
1215,518,1
1215,522,1
1215,546,1
1215,591,1
1215,633,1
1215,635,1
1215,690,1
1215,744,1
1215,759,1
800,1215,0
1215,801,1
1215,833,1
877,1215,0
891,1215,0
899,1215,0
922,1215,0
1215,929,1
1215,939,1
1215,977,1
1215,1055,1
1119,1215,0
1215,1143,1
1215,1175,1
1215,1176,1
1215,1179,1
1198,1215,0
1215,1311,1
1315,1215,0
1215,1431,1
1215,1432,1
1215,1455,1
1466,1215,0
1215,1529,1
1530,1215,0
1553,1215,0
1215,1569,1
1602,1215,0
1654,1215,0
1215,1691,1
1215,1706,1
1215,1724,1
1215,1729,1
1215,1736,1
1215,1746,1
1808,1215,0
1215,1896,1
1899,1215,0
1901,1215,0
1962,1215,0
1965,1215,0
1215,1966,1
1215,1986,1
1215,2236,1
1215,2237,1
1215,2238,1
1215,2330,1
2333,1215,0
1215,2334,1
1215,2340,1
2347,1215,0
2378,1215,0
2379,1215,0
1215,2389,1
1215,2422,1
1216,2187,0
1217,2364,0
531,1218,0
1218,624,1
1219,1392,0
1219,1845,0
1220,65,1
1220,99,1
129,1220,0
237,1220,0
303,1220,0
1220,412,1
1220,450,1
1220,469,1
605,1220,0
617,1220,0
1220,629,1
1220,704,1
1220,745,1
1345,1220,0
1385,1220,0
1220,1511,1
1220,1877,1
1220,1921,1
1220,1926,1
1220,2047,1
1220,2163,1
1220,2268,1
1221,508,1
984,1221,0
1221,1672,0
1222,843,1
1222,1490,1
1222,2410,1
1223,355,1
585,1223,0
1461,1223,0
1552,1223,0
1223,1682,0
1853,1223,0
2263,1223,0
2289,1223,0
1223,2373,1
1224,2428,0
1225,47,1
81,1225,0
99,1225,0
1225,136,1
153,1225,0
213,1225,0
1225,902,1
1110,1225,0
1225,1213,1
1895,1225,0
1226,512,1
1226,1702,0
1226,2026,0
700,1228,0
1228,1551,0
1228,1730,0
1228,1877,0
1228,2321,0
1228,2385,1
1229,2072,0
1230,1328,0
1230,1365,0
1230,1677,0
1230,1851,0
1231,63,1
1231,215,1
1231,269,1
1231,326,1
433,1231,0
1231,470,1
1231,519,1
563,1231,0
1231,620,1
635,1231,0
1231,638,1
1231,709,1
1231,758,1
833,1231,0
1215,1231,0
1591,1231,0
1231,1820,1
1231,2275,0
1232,1330,0
1232,2294,0
1233,2156,0
1235,1794,0
1236,2397,0
1237,2137,0
1238,2383,0
1239,2208,0
1241,1427,0
1244,1740,0
1244,2290,0
1245,1534,0
1245,1607,0
1245,1640,0
1245,2123,0
1246,2164,0
1246,2401,0
1247,1878,0
1249,2227,0
1250,2143,0
1250,2299,0
1251,1668,0
340,1252,0
1253,126,1
214,1253,0
1253,274,1
361,1253,0
1253,625,1
660,1253,0
1253,687,1
1253,728,1
1253,833,1
872,1253,0
1253,939,1
1253,1215,1
1253,1219,1
1253,1224,1
1251,1253,0
1253,1351,1
1885,1253,0
1253,1921,1
1253,2063,1
1253,2068,1
2125,1253,0
1253,2225,1
1253,2456,1
1254,334,1
1254,1300,0
1254,1973,1
1255,1572,0
1255,2298,0
1256,1631,0
1256,1990,0
1256,2127,0
1256,2440,0
1257,1548,0
1257,2415,0
1259,1817,0
1259,2390,0
1260,1335,0
1262,2138,0
1263,2250,0
63,1264,0
1264,282,1
326,1264,0
333,1264,0
1264,470,1
1264,479,1
635,1264,0
1264,669,1
1264,687,1
1264,833,1
1215,1264,0
1264,1230,1
1298,1264,0
1555,1264,0
1728,1264,0
1820,1264,0
1264,1987,1
1264,2035,1
1264,2081,1
2183,1264,0
1264,2266,1
1264,2349,0
1264,2364,1
1266,1800,0
1267,2422,0
1268,519,1
1268,745,1
939,1268,0
1268,1445,1
1268,1682,1
1270,2315,0
1271,1972,0
1272,2380,0
1273,1425,0
1273,1827,0
1273,1841,0
1274,591,1
1274,1021,1
1294,1274,0
1274,1688,0
1779,1274,0
1274,2413,0
1275,2119,0
1276,1354,0
1276,1705,0
571,1277,0
1277,788,1
1657,1277,0
1277,1793,0
1278,2258,0
1279,1549,0
1280,34,1
1280,47,1
1280,266,1
1280,681,1
1280,690,1
1280,801,1
1280,1094,1
1280,1118,1
1280,1280,1
1280,1868,1
2284,1280,0
1281,1613,0
1281,1674,0
1281,1809,0
21,1282,0
1282,347,1
1282,563,1
1282,595,1
1282,648,1
1282,979,1
1282,1073,1
1282,1077,1
1282,1215,1
1282,1278,1
1416,1282,0
1282,1431,0
1282,1585,1
1641,1282,0
1794,1282,0
1282,1895,1
1902,1282,0
1282,1903,1
1904,1282,0
1282,1905,1
1282,1909,1
2170,1282,0
1282,2178,1
2248,1282,0
2252,1282,0
1282,2336,1
1283,1629,1
1283,1992,1
1283,2009,0
99,1284,0
1284,1425,0
1286,1568,1
1286,2216,0
1287,1473,0
1288,21,1
1288,275,1
347,1288,0
1288,595,1
1288,597,1
604,1288,0
648,1288,0
814,1288,0
979,1288,0
1288,1073,1
1288,1074,1
1288,1077,1
1288,1585,1
1288,1834,1
1288,1902,1
1288,1905,1
1906,1288,0
1908,1288,0
1909,1288,0
1288,1975,1
1288,2171,1
2178,1288,0
2185,1288,0
1288,2252,1
1289,1443,0
1290,1557,0
1290,2309,0
1291,1617,0
1291,1768,0
149,1292,0
394,1292,0
631,1292,0
1292,635,1
822,1292,0
889,1292,0
1292,893,1
918,1292,0
1292,939,1
1077,1292,0
1292,1215,1
1292,1287,1
1384,1292,0
1292,1401,0
1292,1404,1
1292,1523,1
1292,1972,1
2090,1292,0
1293,1629,0
1293,1649,0
1294,2248,0
1295,1815,0
1295,1820,0
1295,2199,0
1296,2107,0
1299,1514,0
1299,1681,0
269,1300,0
1300,823,1
1300,939,1
1300,2368,1
1302,700,1
779,1302,0
1302,959,1
1302,1024,1
1302,1445,1
1690,1302,0
1302,1723,1
1302,1824,1
1302,1924,0
1302,2166,0
2242,1302,0
1303,1442,0
63,1304,0
1304,340,1
927,1304,0
1304,1085,1
1834,1304,0
1304,2097,0
1305,1633,1
1306,625,1
1306,2256,0
1309,526,1
1309,907,1
1309,1291,1
1309,1441,1
1309,1477,0
1309,1500,1
1309,1907,0
1311,7,1
1311,47,1
55,1311,0
1311,80,1
1311,88,1
1311,97,1
1311,101,1
1311,106,1
1311,109,1
149,1311,0
155,1311,0
1311,179,1
1311,186,1
1311,223,1
1311,253,1
1311,262,1
269,1311,0
279,1311,0
285,1311,0
290,1311,0
1311,293,1
1311,304,1
1311,307,1
326,1311,0
1311,332,1
1311,358,1
1311,415,1
1311,459,1
1311,471,1
493,1311,0
1311,494,1
1311,496,1
1311,503,1
1311,554,1
1311,563,1
1311,629,1
1311,635,1
653,1311,0
654,1311,0
1311,681,1
1311,683,1
1311,701,1
1311,714,1
1311,720,1
1311,735,1
736,1311,0
781,1311,0
814,1311,0
1311,838,1
1311,855,1
1311,862,1
1311,874,1
1311,877,1
1311,892,1
1311,997,1
1311,1033,1
1039,1311,0
1311,1049,1
1311,1057,1
1311,1058,1
1311,1069,1
1311,1078,1
1098,1311,0
1311,1126,1
1311,1150,1
1311,1182,1
1311,1259,1
1311,1263,1
1311,1278,1
1290,1311,0
1311,1310,1
1311,1311,1
1311,1315,1
1311,1329,1
1311,1342,1
1351,1311,0
1311,1404,1
1311,1405,1
1439,1311,0
1311,1447,1
1311,1454,1
1455,1311,0
1311,1471,1
1592,1311,0
1311,1603,1
1311,1653,1
1311,1665,1
1311,1677,1
1311,1691,1
1700,1311,0
1311,1729,1
1311,1744,1
1773,1311,0
1798,1311,0
1311,1802,1
1812,1311,0
1311,1827,0
1311,1865,1
1311,1873,1
1311,1887,1
1311,1913,1
1921,1311,0
1311,1924,1
1311,1926,1
1311,1946,1
2005,1311,0
1311,2025,0
1311,2034,1
2067,1311,0
1311,2085,1
2113,1311,0
1311,2130,1
1311,2221,1
1311,2231,1
2238,1311,0
2303,1311,0
1311,2340,1
1311,2345,1
1311,2353,1
1311,2406,1
1311,2463,1
939,1312,0
51,1313,0
1302,1313,0
1350,1313,0
1313,1873,1
1313,2187,0
1314,100,1
116,1314,0
1314,188,1
254,1314,0
361,1314,0
433,1314,0
1314,563,1
1314,637,1
1314,758,1
1314,796,1
1314,939,1
1314,974,1
1215,1314,0
1314,1348,1
1425,1314,0
1621,1314,0
1314,1679,1
1747,1314,0
1314,2362,0
2466,1314,0
1315,1358,0
1315,1718,0
1315,2191,0
603,1317,0
1317,679,1
1317,923,1
928,1317,0
1293,1317,0
1317,1441,1
1547,1317,0
1317,1611,1
1618,1317,0
1317,2220,1
1318,2177,0
1320,2142,0
1321,2416,0
1275,1323,0
1323,2455,0
1326,1916,0
1327,1644,0
1329,2259,0
1331,2107,0
300,1332,0
1332,605,1
1332,1086,1
1415,1332,0
1332,1441,1
1332,1503,1
1332,2075,1
1332,2224,1
1332,2324,1
1332,2339,0
1333,2103,0
1334,47,1
1334,419,1
1334,1092,1
1336,1911,0
1336,2475,0
1337,1882,1
1338,1343,0
1339,78,1
1339,139,1
1339,163,1
408,1339,0
1339,411,1
478,1339,0
624,1339,0
1339,634,1
1339,637,1
717,1339,0
1339,741,1
773,1339,0
791,1339,0
1339,817,1
1339,886,1
1339,935,1
1339,1045,1
1339,1135,1
1153,1339,0
1167,1339,0
1339,1189,1
1339,1368,0
1339,1387,1
1339,1423,1
1339,1470,1
1481,1339,0
1339,1514,0
1522,1339,0
1339,1535,1
1339,1561,1
1615,1339,0
1339,1655,1
1693,1339,0
1754,1339,0
1339,1776,1
1786,1339,0
1339,1793,1
1339,1809,1
1339,1836,1
1339,1867,1
1339,1963,1
1339,1997,1
1339,2065,1
1339,2180,1
1339,2232,1
2238,1339,0
1339,2254,1
1339,2301,1
1339,2342,1
63,1340,0
1340,635,1
644,1340,0
761,1340,0
1340,902,1
1340,1580,1
1340,1682,1
1792,1340,0
1900,1340,0
1920,1340,0
1340,2361,1
1341,2298,0
1342,1498,0
1343,2261,1
1344,1363,0
1345,1708,0
79,1346,0
99,1346,0
690,1346,0
1346,750,1
1346,1965,1
674,1348,0
1258,1348,0
1348,1707,0
1349,2058,0
1350,1742,0
64,1353,0
1353,1705,1
1353,1916,0
1353,2055,1
2222,1353,0
2244,1353,0
2317,1353,0
1353,2320,1
1353,2376,1
2384,1353,0
1353,2393,1
1353,2401,1
1353,2409,1
1355,29,1
1355,221,1
339,1355,0
1355,341,1
1355,386,1
1355,399,1
1355,426,1
1355,448,1
452,1355,0
1355,459,1
512,1355,0
1355,563,1
1355,577,1
1355,654,1
1355,656,1
1355,661,1
664,1355,0
857,1355,0
1355,920,1
1355,939,1
1355,1048,1
1355,1143,1
1355,1243,1
1355,1265,1
1293,1355,0
1355,1458,1
1489,1355,0
1355,1510,1
1355,1529,1
1530,1355,0
1355,1576,1
1355,1602,1
1355,1712,1
1355,1786,0
1868,1355,0
1879,1355,0
1355,1921,1
1993,1355,0
1356,1634,0
1358,1980,1
1358,2074,0
1358,2124,0
1358,2153,0
1359,102,1
1359,408,1
1359,427,1
1359,432,1
624,1359,0
1359,634,1
1359,635,1
1359,690,1
864,1359,0
935,1359,0
939,1359,0
1359,963,1
1359,1072,1
1359,1094,1
1359,1322,1
1359,1351,1
1359,1383,1
1359,1415,1
1359,1441,1
1466,1359,0
1359,1488,1
1359,1724,1
1359,1783,1
1359,1836,1
1359,1847,1
1359,1868,1
1359,1912,1
1359,1921,1
1359,2035,1
2053,1359,0
1359,2106,0
1359,2183,1
1359,2293,1
1359,2342,1
1359,2426,1
1359,2462,1
1360,1158,1
1360,1664,0
1360,2176,0
1360,2285,0
1362,1521,0
1363,1422,0
1364,1731,0
1364,2164,0
79,1365,0
99,1365,0
1365,430,1
1365,563,1
1365,933,1
1365,1091,1
1365,1278,1
1469,1365,0
1365,1811,0
1365,1921,1
1365,2039,1
1365,2044,1
1366,1376,0
1366,1756,0
1366,2275,0
1663,1371,0
1371,1692,0
1374,1685,0
1375,2176,0
1377,1274,1
1378,539,1
1378,1498,0
1378,1857,0
1378,2251,0
1380,399,1
1380,2455,0
23,1381,0
1381,173,1
293,1381,0
1381,537,1
1381,559,1
603,1381,0
619,1381,0
645,1381,0
1205,1381,0
1236,1381,0
1381,1473,1
1381,1614,1
1778,1381,0
1846,1381,0
1381,1921,1
1381,1955,1
1999,1381,0
1381,2404,1
1382,1463,0
1382,2074,0
1383,2411,0
1386,1540,0
1387,2228,0
1389,1617,0
1389,1718,0
1391,1765,0
399,1393,0
1393,1617,0
1393,1939,1
1396,206,1
370,1396,0
619,1396,0
913,1396,0
1396,1113,1
1396,1122,1
1396,1347,1
1450,1396,0
1396,1691,0
1953,1396,0
1397,1527,0
1397,1987,0
1397,2062,0
654,1400,0
1847,1400,0
1400,1876,0
1402,1653,0
102,1403,0
1403,133,1
189,1403,0
427,1403,0
1403,432,1
1403,602,1
1403,624,1
628,1403,0
1403,634,1
635,1403,0
716,1403,0
729,1403,0
864,1403,0
1403,935,1
1403,939,1
1403,963,1
1094,1403,0
1403,1232,1
1403,1351,1
1403,1383,1
1403,1415,1
1416,1403,0
1441,1403,0
1403,1495,1
1403,1513,1
1403,1545,1
1403,1711,1
1403,1724,1
1403,1783,1
1403,1868,1
1403,1912,1
1403,1921,1
1403,1965,1
1403,2015,1
1403,2035,1
1403,2053,1
2342,1403,0
1403,2411,1
2462,1403,0
1404,213,1
1404,2335,0
1409,939,1
1409,1625,0
1409,1834,1
1409,1947,0
1410,1868,0
1411,107,1
1411,870,1
1411,1458,0
1411,1539,1
1868,1411,0
1411,1899,1
1411,1999,1
1411,2447,1
1412,1622,0
1412,2400,0
1414,1565,0
1417,1500,0
1417,1934,0
1417,2331,1
1418,2054,0
1419,1703,0
1420,1695,0
1420,2368,0
939,1422,0
1422,2281,1
1425,1877,0
1426,2384,0
1427,1728,0
1429,1534,0
1430,1621,0
1430,2011,0
1430,2040,0
1432,1554,0
1433,1473,0
1433,1745,0
1434,1644,0
1435,95,1
1435,725,1
1181,1435,0
1435,1316,1
1435,1377,1
1672,1435,0
1435,1969,1
2052,1435,0
1435,2431,0
99,1436,0
281,1436,0
718,1436,0
1436,848,1
1514,1436,0
1436,1669,0
1436,1848,1
1436,2118,1
2144,1436,0
1437,1823,0
1993,1437,0
1438,629,1
1438,632,1
1438,672,1
1321,1438,0
1438,1958,1
2325,1438,0
63,1439,0
1439,283,1
1439,326,1
1439,635,1
1439,669,1
684,1439,0
1439,1215,1
1439,1230,1
1439,1781,0
1820,1439,0
1439,1999,1
2035,1439,0
2081,1439,0
2183,1439,0
1441,1603,0
1441,2301,0
1442,1909,0
1443,2306,0
1445,2381,0
1446,1448,0
1446,1890,0
1447,1801,0
1449,1536,0
1450,8,1
207,1450,0
1450,304,1
1450,653,1
690,1450,0
781,1450,0
800,1450,0
855,1450,0
1450,877,1
1450,1315,1
1450,1351,1
1450,1418,1
1450,2149,1
1450,2356,1
1450,2448,0
1451,2138,0
1452,99,1
1452,1548,0
1452,1886,1
1453,1499,0
1453,2035,0
1454,1663,0
1457,2192,0
1458,1762,0
1458,2118,0
1459,99,1
1459,153,1
1462,1702,0
1462,2222,0
1464,1898,0
1464,1924,0
1465,1762,0
1467,2251,0
1469,90,1
1469,131,1
1469,408,1
1469,634,1
718,1469,0
1469,781,1
1469,833,1
1469,885,1
1469,891,1
1469,935,1
939,1469,0
972,1469,0
1469,1028,1
1469,1060,1
1080,1469,0
1126,1469,0
1196,1469,0
1263,1469,0
1307,1469,0
1330,1469,0
1397,1469,0
1407,1469,0
1469,1413,1
1469,1425,1
1469,1488,1
1469,1501,1
1469,1532,1
1469,1574,1
1469,1722,1
1469,1755,1
1469,1836,1
1469,1867,1
1469,1892,1
1469,1974,1
1469,1989,1
1469,2011,1
1469,2342,1
1469,2447,1
1470,1891,0
1471,1482,0
1471,2252,0
1471,2350,0
1472,399,1
635,1472,0
1472,1170,1
1620,1472,0
1472,1802,1
1980,1472,0
2269,1472,0
1472,2292,1
1473,2295,0
1474,265,1
1474,635,1
1475,61,1
1475,191,1
1475,376,1
1475,413,1
437,1475,0
1475,527,1
1475,655,1
1475,685,1
1475,1025,1
1475,1095,1
1475,1119,1
1233,1475,0
1475,1336,1
1475,1404,1
1475,1462,1
1644,1475,0
1766,1475,0
1813,1475,0
1475,2066,0
1475,2399,0
1477,1561,0
1478,1563,0
1478,2260,0
1480,312,1
1480,449,1
1480,653,1
1480,758,1
1480,1205,1
1480,1272,1
1480,1480,1
1480,1551,1
1480,1626,0
1480,1691,1
1480,1705,1
1480,1851,1
1480,2238,1
1480,2349,1
1481,2026,0
1481,2453,0
1485,265,1
1485,1500,0
1485,1794,0
1486,213,1
1486,838,1
954,1486,0
1489,1815,0
1491,63,1
1491,326,1
1491,635,1
1491,669,1
1491,1820,1
1491,1859,0
1999,1491,0
2035,1491,0
1491,2081,1
1492,628,1
1494,2016,0
1496,415,1
1496,1672,0
1497,2106,0
373,1498,0
1050,1498,0
1446,1498,0
1498,2321,0
1500,1980,0
1501,1617,0
1502,1625,0
1503,834,1
1503,2053,1
1503,2238,1
1505,304,1
939,1505,0
1505,1311,1
1505,1688,1
1118,1507,0
1507,2455,0
1508,1941,0
1510,1976,0
1512,1595,0
1512,2474,0
1514,2157,0
1514,2166,0
1514,2188,0
1509,1515,0
1515,1889,0
1515,2040,0
1518,2356,0
1519,560,1
1519,1477,1
1519,1540,1
1520,245,1
1520,351,1
1520,563,1
1520,812,1
939,1520,0
1520,1404,1
1533,1520,0
1522,1583,0
1522,2020,0
1526,386,1
2238,1526,0
1526,2294,0
1527,2013,0
1528,2086,0
1528,2323,0
1530,1820,0
29,1531,0
1531,188,1
1531,700,1
1531,959,1
1531,1221,1
1348,1531,0
1468,1531,0
1664,1531,0
1824,1531,0
1531,1847,1
2385,1531,0
1534,2101,0
1536,1885,0
1538,1738,0
1538,2154,0
1538,2336,0
1539,2046,0
1540,2064,0
1542,635,1
1542,826,1
939,1542,0
1542,2122,1
1543,79,1
1543,276,1
1543,328,1
350,1543,0
1543,353,1
1543,575,1
1543,644,1
1219,1543,0
1259,1543,0
1516,1543,0
1543,1543,1
1543,1754,1
1543,1847,1
1544,98,1
328,1544,0
1544,341,1
412,1544,0
1544,600,1
1544,840,1
1544,870,1
908,1544,0
1544,1182,1
1544,1480,1
1544,1543,1
1695,1544,0
1544,1765,1
1544,1847,1
1868,1544,0
1544,2098,1
1544,2240,0
1545,1594,0
1545,1702,0
1545,1895,0
1546,102,1
1546,408,1
427,1546,0
1546,635,1
737,1546,0
1546,763,1
935,1546,0
1546,939,1
1546,963,1
1546,1094,1
1546,1307,1
1546,1322,1
1351,1546,0
1546,1383,1
1546,1415,1
1546,1416,1
1546,1441,1
1546,1466,1
1546,1724,1
1546,1783,1
1546,1847,1
1546,1868,1
1912,1546,0
1546,1921,1
1546,1965,1
1546,2015,1
2053,1546,0
1546,2293,1
1546,2342,1
1546,2462,1
1547,1608,0
755,1549,0
1551,2465,0
1555,1743,0
1555,2008,0
1556,1646,0
1557,2028,0
1557,2219,0
870,1558,0
1558,1567,0
1558,1575,0
1558,1641,0
1558,1667,0
1558,1965,0
1558,1999,1
1558,2071,0
1558,2417,0
1559,213,1
1559,258,1
1559,346,1
445,1559,0
1559,520,1
571,1559,0
1559,636,1
1559,686,1
786,1559,0
814,1559,0
910,1559,0
966,1559,0
1559,1054,1
1559,1160,1
1559,1183,1
1559,1293,1
1559,1331,1
1559,1630,1
1559,1663,1
1559,1691,1
1559,1937,0
1559,1968,1
1559,2026,1
2058,1559,0
1559,2095,1
1559,2111,1
2279,1559,0
1560,1940,0
1560,2419,0
1561,1768,0
1562,1920,0
1563,1639,0
1564,1991,1
1564,2140,0
1566,2070,0
1566,2240,1
1567,1943,0
1568,19,1
1568,292,1
1568,625,1
690,1568,0
964,1568,0
1568,1102,1
1568,1448,1
1568,1656,0
1663,1568,0
1568,1694,1
1568,1715,1
1568,1976,1
1568,2035,1
1568,2067,0
1568,2138,1
1568,2242,1
1568,2469,1
1569,1877,0
1569,2021,0
1570,1735,0
1570,2452,0
1571,2243,0
1688,1572,0
1921,1572,0
1573,2004,0
1574,2424,0
1575,635,1
1575,2010,1
1577,2165,0
1578,47,1
1278,1578,0
1578,2087,1
1580,1991,0
1581,1242,1
1581,2449,0
1582,2351,0
1583,1881,0
1583,2016,0
1585,2270,0
441,1586,0
665,1586,0
1586,1894,0
1586,2433,0
1588,1847,1
1594,2383,0
1596,2125,1
408,1597,0
1597,628,1
1597,634,1
1597,1072,1
1307,1597,0
1322,1597,0
1597,1488,1
1597,2342,1
2462,1597,0
1599,2077,0
1599,2426,0
1602,1706,0
1604,1834,1
23,1606,0
1606,190,1
1606,584,1
1606,706,1
1606,725,1
1181,1606,0
1606,1672,1
1606,1684,0
1606,1702,1
1606,1969,1
1606,2052,1
1606,2202,1
1608,1847,1
1608,2063,0
546,1609,0
974,1609,0
1609,1459,1
1819,1609,0
1609,1970,1
2035,1609,0
1609,2443,1
1610,1985,0
1611,2324,0
1612,2242,0
1613,2322,0
1614,1982,0
1614,2059,0
1614,2344,0
1615,1951,0
619,1616,0
823,1616,0
1616,1018,1
1142,1616,0
1616,1834,0
1616,1976,1
1616,2159,0
144,1617,0
1617,628,1
1617,997,1
1617,1764,1
1617,1869,0
1617,2010,1
1619,1932,0
1619,2193,0
1621,2076,0
939,1623,0
1623,1721,0
1623,1748,0
1625,304,1
1625,647,1
1625,1774,0
1627,1738,0
28,1629,0
32,1629,0
195,1629,0
1629,307,1
660,1629,0
974,1629,0
1629,1040,1
1629,1049,1
1574,1629,0
1629,1639,0
32,1631,0
74,1631,0
603,1631,0
822,1631,0
1631,939,1
1113,1631,0
1631,1147,1
1287,1631,0
1565,1631,0
571,1632,0
1632,881,1
1632,2229,0
1632,2426,1
1633,1693,0
1634,1497,1
1635,2067,0
1637,216,1
1637,591,1
1702,1637,0
2148,1637,0
1638,1905,0
1639,2218,0
1642,1721,0
1644,2097,0
1645,385,1
1645,412,1
1645,1848,1
1875,1645,0
1645,2405,1
1647,2463,0
1650,2104,0
1652,673,1
1652,810,1
1205,1652,0
1652,2458,0
328,1653,0
1653,1215,1
1653,2128,1
1654,1745,0
1654,2053,0
1658,1832,0
1659,2119,0
1659,2306,0
1660,1798,0
1662,1667,0
1662,2208,0
1666,1925,0
1669,1885,0
79,1670,0
1670,1460,1
2124,1670,0
1670,2310,1
1670,2373,0
1671,1613,1
1671,1673,1
1671,2276,0
1671,2446,1
1672,241,1
635,1672,0
939,1672,0
1215,1672,0
1672,1316,1
1672,1834,1
1675,1809,0
1675,1939,0
1676,1900,0
1679,574,1
1679,1264,1
1679,1414,1
1933,1679,0
1680,1738,1
1680,2385,1
1681,924,1
1681,1731,1
1682,2298,0
1683,1738,0
1683,2159,0
1684,2371,0
1685,2278,0
1686,2262,0
1687,1735,0
1690,2245,0
690,1692,0
1692,847,1
1692,1420,1
1512,1692,0
1693,2332,0
1696,2087,0
1696,2183,0
1234,1697,0
1697,2120,0
2238,1697,0
1698,1747,0
1698,2136,0
1699,1861,0
1700,92,1
1700,176,1
1700,196,1
1700,380,1
1700,690,1
1700,796,1
1700,1005,1
1700,1126,1
1700,1195,1
1700,1215,1
1700,1467,1
1700,1865,1
2105,1700,0
1700,2225,1
1701,187,1
1702,241,1
587,1702,0
1702,969,1
1702,1005,1
1702,1202,1
1702,1215,1
1309,1702,0
1702,1316,1
1702,2273,1
1702,2337,0
1703,2247,0
1707,1888,0
1708,2398,0
1709,415,1
1709,465,1
713,1709,0
1709,2112,1
1709,2300,0
1710,269,1
1710,383,1
1710,2072,0
1712,1751,0
1713,2249,0
1714,1943,0
1714,1965,0
1718,889,1
1718,959,1
300,1719,0
605,1719,0
1719,1415,1
1719,1441,1
1719,1503,1
1719,2075,1
1719,2224,1
1719,2308,1
1719,2309,1
1720,1968,0
1721,1908,0
1722,1731,0
1724,1812,0
1724,2112,0
1727,1925,0
1731,739,1
1732,2053,0
1733,3,1
213,1733,0
255,1733,0
293,1733,0
1733,315,1
325,1733,0
1733,464,1
693,1733,0
1733,761,1
1733,861,1
1733,939,1
1131,1733,0
1733,1160,1
1733,1208,1
1405,1733,0
1733,1583,1
1733,1704,1
1733,1770,0
1733,1988,0
1733,2020,1
1733,2350,0
1733,2407,1
1733,2408,1
30,1734,0
1734,59,1
244,1734,0
1734,311,1
1734,1196,1
1734,1263,1
1734,1553,1
1799,1734,0
1734,2446,1
1735,2062,0
1735,2100,0
1736,2153,0
1737,2377,0
1738,273,1
1740,2011,0
1740,2452,0
1744,430,1
1746,681,1
1746,1860,1
1746,2122,0
2318,1746,0
1748,2250,0
706,1749,0
1749,1927,0
1750,1233,1
1750,1959,0
1750,2190,0
1751,296,1
1751,1717,1
1753,1660,1
1756,1813,0
1534,1757,0
1607,1757,0
1757,1984,0
1758,2084,0
1758,2265,0
1759,635,1
1759,989,1
1759,1868,1
1759,2035,1
1762,2114,0
1763,2098,0
1764,1856,0
1765,2292,0
1767,1994,0
1767,2382,0
119,1769,0
476,1769,0
1769,1858,0
1770,25,1
32,1770,0
126,1770,0
1770,242,1
1770,335,1
1770,467,1
625,1770,0
635,1770,0
1770,687,1
1770,706,1
1770,728,1
1770,743,1
1770,751,1
820,1770,0
833,1770,0
1770,872,1
1770,939,1
1770,1052,1
1064,1770,0
1770,1147,1
1770,1205,1
1770,1209,1
1770,1215,1
1770,1224,1
1770,1351,1
1770,1705,1
1770,1868,1
1770,1885,1
1913,1770,0
1770,1921,1
1770,1932,1
1770,1978,1
2125,1770,0
2309,1770,0
1770,2456,1
99,1771,0
144,1771,0
188,1771,0
1771,270,1
1771,355,1
1771,412,1
1771,520,1
1771,637,1
939,1771,0
1145,1771,0
1771,1156,1
1771,1348,1
1425,1771,0
1771,1621,1
1679,1771,0
1771,1691,1
1705,1771,0
1771,1817,1
1771,1832,1
2189,1771,0
1771,2200,1
1771,2267,1
1771,2295,0
1773,635,1
1633,1773,0
1773,1834,1
1868,1773,0
1773,2394,0
1774,1659,1
1775,2280,0
258,1777,0
1777,300,1
1777,314,1
846,1777,0
1779,1836,0
1780,1823,0
1780,2156,0
1781,2170,0
654,1782,0
1782,911,1
1425,1782,0
1782,1427,1
1783,2458,0
1786,2283,0
1787,220,1
1788,1797,0
1788,2070,0
1788,2152,0
1791,1940,0
1793,1975,0
1793,2388,0
1795,2131,0
1389,1796,0
1798,1837,0
1801,2163,0
1802,79,1
1802,228,1
283,1802,0
635,1802,0
1802,687,1
690,1802,0
1802,819,1
833,1802,0
1802,1230,1
1280,1802,0
1802,1537,1
1802,1815,0
1802,2035,1
1804,505,1
711,1804,0
1804,1291,1
1804,1843,0
2137,1804,0
1804,2319,0
1806,68,1
1806,190,1
1806,214,1
1806,584,1
725,1806,0
797,1806,0
1181,1806,0
1196,1806,0
1215,1806,0
1806,1377,1
1806,1672,1
1806,1702,1
1918,1806,0
1969,1806,0
2202,1806,0
2277,1806,0
3,1807,0
1810,82,1
891,1810,0
1811,1810,0
1810,1925,1
1810,2058,1
1810,2319,0
1811,2384,0
1812,1861,0
1812,2293,0
1812,2355,0
1813,2364,0
1814,1890,0
1814,1963,1
1196,1816,0
1818,1234,1
1921,1818,0
1818,2373,0
1819,65,1
1819,114,1
1819,126,1
130,1819,0
1819,188,1
1819,307,1
326,1819,0
1819,340,1
1819,360,1
1819,375,1
1819,386,1
1819,399,1
1819,404,1
1819,412,1
417,1819,0
436,1819,0
1819,520,1
1819,525,1
1819,542,1
1819,561,1
1819,571,1
602,1819,0
1819,603,1
1819,608,1
625,1819,0
1819,628,1
1819,634,1
1819,635,1
1819,659,1
665,1819,0
1819,667,1
1819,670,1
673,1819,0
1819,674,1
690,1819,0
1819,700,1
705,1819,0
709,1819,0
718,1819,0
1819,728,1
743,1819,0
1819,798,1
1819,806,1
1819,843,1
1819,864,1
893,1819,0
1819,939,1
1819,951,1
1819,994,1
1819,1004,1
1009,1819,0
1819,1058,1
1819,1062,1
1819,1066,1
1819,1078,1
1097,1819,0
1819,1103,1
1173,1819,0
1176,1819,0
1186,1819,0
1819,1196,1
1819,1205,1
1206,1819,0
1819,1208,1
1215,1819,0
1819,1219,1
1819,1224,1
1819,1230,1
1819,1251,1
1258,1819,0
1819,1259,1
1819,1268,1
1819,1320,1
1819,1348,1
1819,1351,1
1385,1819,0
1819,1404,1
1819,1466,1
1565,1819,0
1819,1621,1
1638,1819,0
1819,1654,1
1819,1704,1
1819,1705,1
1724,1819,0
1819,1824,1
1836,1819,0
1819,1868,1
1819,1885,1
1819,1892,1
1819,1898,1
1819,1899,1
1914,1819,0
1819,1921,1
1819,1926,1
1929,1819,0
1932,1819,0
1819,1965,1
1984,1819,0
1992,1819,0
1998,1819,0
1819,2064,1
2124,1819,0
1819,2125,1
1819,2144,1
1819,2179,1
1819,2191,1
1819,2342,1
1819,2395,1
1819,2411,1
1819,2426,1
1819,2427,1
2443,1819,0
1819,2456,1
2475,1819,0
1822,2067,0
939,1823,0
1823,2080,0
1823,2318,0
1824,1912,0
1826,2031,0
1829,2017,0
874,1831,0
1831,1763,1
340,1833,0
1833,635,1
1833,1014,1
1833,1585,1
1834,24,1
1834,79,1
158,1834,0
1834,213,1
1834,272,1
1834,284,1
1834,348,1
1834,386,1
1834,394,1
439,1834,0
471,1834,0
690,1834,0
1834,766,1
1834,825,1
1834,1117,1
1834,1290,1
1834,1325,1
1834,1327,1
1363,1834,0
1834,1404,1
1834,1416,1
1834,1527,1
1834,1575,1
1834,1641,1
1834,1667,1
1737,1834,0
1834,1758,1
1834,1802,1
1834,1880,1
1907,1834,0
1834,1926,1
1834,1948,1
1967,1834,0
1834,2054,1
1834,2064,1
1834,2116,1
1834,2144,1
2197,1834,0
1834,2224,1
1834,2345,1
1834,2351,1
1835,687,1
1835,1921,1
1835,2261,1
1838,2370,0
1842,50,1
1842,505,1
1842,1415,1
1441,1842,0
1676,1842,0
1842,2003,0
430,1844,0
1844,1327,1
1844,2324,0
1849,79,1
1849,99,1
1849,566,1
1514,1849,0
1849,1930,0
1850,1921,0
1850,2088,0
1852,2195,0
1853,2065,0
1854,757,1
1854,906,1
1854,1277,1
1854,2459,1
1855,2248,0
1040,1861,0
1862,1987,0
1866,2035,1
1867,2413,0
11,1868,0
29,1868,0
1868,32,1
80,1868,0
1868,214,1
1868,232,1
1868,242,1
251,1868,0
1868,274,1
328,1868,0
1868,345,1
1868,361,1
1868,391,1
412,1868,0
619,1868,0
625,1868,0
1868,669,1
1868,690,1
1868,700,1
1868,706,1
1868,707,1
732,1868,0
843,1868,0
1868,867,1
1868,949,1
1868,959,1
1868,1066,1
1868,1100,1
1161,1868,0
1868,1165,1
1205,1868,0
1215,1868,0
1868,1259,1
1868,1311,1
1466,1868,0
1868,1501,1
1661,1868,0
1868,1724,1
1868,1788,1
1838,1868,0
1868,1847,1
1868,1868,1
1868,1893,1
1868,1925,1
1992,1868,0
1868,2000,1
2182,1868,0
1868,2385,1
2435,1868,0
1868,2453,1
1868,2458,1
2464,1868,0
1868,2465,1
1868,2468,1
1869,758,1
1869,796,1
1869,974,1
1869,1059,1
1934,1869,0
1872,2201,0
1872,2316,1
1875,2377,0
38,1876,0
1876,884,1
912,1876,0
1128,1876,0
1876,1348,1
2051,1876,0
1876,2388,0
430,1878,0
567,1878,0
1327,1878,0
1879,2438,0
29,1881,0
1881,213,1
1881,318,1
1881,635,1
1881,658,1
1881,687,1
1881,833,1
939,1881,0
1881,951,1
1881,1164,1
1881,1215,1
1219,1881,0
1881,1351,1
1881,1545,1
1839,1881,0
1885,1881,0
1881,1898,1
1881,1913,1
1941,1881,0
1951,1881,0
2063,1881,0
1881,2125,1
1881,2140,1
1881,2145,1
1881,2456,1
1882,2164,0
1883,1970,0
1884,863,1
1886,2313,0
1888,2370,0
1889,1209,1
1889,1974,0
1891,1978,0
1892,2094,0
1893,2021,0
2036,1895,0
1895,2068,0
1896,2416,0
1897,1909,0
1897,1988,0
1899,11,1
1899,213,1
1899,290,1
457,1899,0
1899,706,1
1066,1899,0
1899,1352,1
1899,1404,1
1899,2222,0
1899,2307,1
1901,2130,0
1907,2260,0
1908,2098,0
1909,2199,0
1911,1362,1
1911,1868,1
1911,2249,0
1911,2307,1
1912,2222,0
1912,2301,0
1912,2391,0
1914,2163,0
1916,1918,0
1916,2305,0
399,1917,0
1939,1917,0
1919,51,1
1919,99,1
891,1919,0
1919,1140,1
1215,1919,0
1427,1919,0
1919,1445,1
1919,2035,1
1919,2056,1
1919,2276,1
1921,2216,0
304,1923,0
655,1923,0
1923,939,1
1923,1182,1
1923,2417,0
1924,2452,0
1926,2289,0
99,1928,0
1929,2065,0
1931,2410,0
1932,2063,0
1932,2207,0
1932,2340,0
47,1934,0
1935,130,1
1935,213,1
1935,293,1
384,1935,0
1935,706,1
840,1935,0
926,1935,0
1049,1935,0
1118,1935,0
1935,1144,1
1935,1196,1
1935,1221,1
1239,1935,0
1935,1296,1
1444,1935,0
1935,1565,1
1640,1935,0
1847,1935,0
1935,1895,1
1968,1935,0
1935,2073,1
1935,2283,0
2432,1935,0
1935,2473,1
1377,1936,0
1936,2344,0
1125,1938,0
1939,2106,0
1941,2460,0
635,1942,0
714,1942,0
1942,1802,1
430,1943,0
1945,1968,0
1945,2432,0
328,1949,0
1949,2406,1
1950,65,1
116,1950,0
1950,178,1
179,1950,0
1950,188,1
1950,300,1
1950,306,1
1950,405,1
1950,533,1
1950,609,1
1950,619,1
1950,696,1
1950,771,1
868,1950,0
915,1950,0
939,1950,0
1005,1950,0
1950,1030,1
1950,1142,1
1950,1161,1
1950,1187,1
1950,1189,1
1950,1191,1
1950,1316,1
1327,1950,0
1950,1328,1
1950,1405,1
1497,1950,0
1950,1499,1
1950,1533,1
1584,1950,0
1950,1619,1
1950,1712,1
1950,1717,1
1950,1937,1
1950,1955,1
1997,1950,0
1950,2129,1
1950,2307,1
1950,2310,1
268,1951,0
1951,700,1
1951,858,1
1951,859,1
1951,1196,1
1951,1217,1
1951,1426,1
1951,1661,1
1664,1951,0
1951,1847,1
1951,1925,1
1951,2204,1
1951,2363,1
1951,2382,1
1951,2390,1
2391,1951,0
1952,48,1
1952,1660,1
1952,1819,1
1954,2289,0
3,1955,0
1955,4,1
1955,8,1
1955,17,1
1955,29,1
32,1955,0
45,1955,0
1955,51,1
1955,69,1
71,1955,0
74,1955,0
79,1955,0
80,1955,0
1955,95,1
116,1955,0
1955,127,1
186,1955,0
214,1955,0
1955,235,1
1955,241,1
251,1955,0
1955,259,1
1955,268,1
1955,274,1
285,1955,0
1955,304,1
307,1955,0
1955,323,1
326,1955,0
328,1955,0
1955,339,1
361,1955,0
369,1955,0
1955,391,1
399,1955,0
405,1955,0
1955,412,1
413,1955,0
1955,422,1
1955,439,1
1955,466,1
482,1955,0
508,1955,0
515,1955,0
1955,517,1
1955,546,1
547,1955,0
563,1955,0
1955,584,1
585,1955,0
1955,603,1
1955,619,1
1955,638,1
646,1955,0
1955,660,1
1955,672,1
676,1955,0
688,1955,0
1955,690,1
1955,696,1
1955,700,1
706,1955,0
1955,707,1
732,1955,0
1955,733,1
762,1955,0
1955,767,1
1955,793,1
809,1955,0
1955,813,1
823,1955,0
828,1955,0
848,1955,0
1955,853,1
1955,858,1
870,1955,0
877,1955,0
883,1955,0
1955,888,1
1955,891,1
1955,907,1
1955,916,1
933,1955,0
936,1955,0
939,1955,0
951,1955,0
965,1955,0
1955,969,1
981,1955,0
1955,993,1
1955,1064,1
1955,1066,1
1955,1097,1
1955,1126,1
1144,1955,0
1955,1147,1
1955,1148,1
1955,1161,1
1176,1955,0
1955,1196,1
1955,1206,1
1215,1955,0
1217,1955,0
1955,1221,1
1228,1955,0
1234,1955,0
1955,1239,1
1240,1955,0
1955,1250,1
1955,1259,1
1955,1270,1
1278,1955,0
1955,1287,1
1325,1955,0
1955,1327,1
1351,1955,0
1955,1404,1
1955,1433,1
1955,1434,1
1466,1955,0
1501,1955,0
1507,1955,0
1579,1955,0
1955,1583,1
1955,1626,1
1955,1635,1
1955,1661,1
1664,1955,0
1955,1684,1
1690,1955,0
1955,1695,1
1705,1955,0
1955,1712,1
1955,1717,1
1724,1955,0
1955,1764,1
1955,1824,1
1955,1856,1
1955,1899,1
1921,1955,0
1926,1955,0
1935,1955,0
1955,1957,1
1955,1965,1
1990,1955,0
1955,1997,1
1955,2011,1
2012,1955,0
2023,1955,0
1955,2072,1
1955,2073,1
1955,2092,1
1955,2107,1
1955,2108,1
2110,1955,0
2119,1955,0
2131,1955,0
1955,2133,1
2145,1955,0
1955,2167,1
1955,2173,1
1955,2223,1
1955,2238,1
1955,2241,1
1955,2279,1
1955,2296,1
2299,1955,0
2341,1955,0
2347,1955,0
1955,2363,1
1955,2380,1
2385,1955,0
1955,2388,1
1955,2390,1
2427,1955,0
1955,2441,1
1955,2458,1
2464,1955,0
1955,2465,1
1955,2469,1
1956,2312,0
1960,946,1
1961,63,1
933,1961,0
1961,1239,1
1581,1961,0
1961,2066,1
1968,2421,0
1969,2187,0
59,1970,0
116,1970,0
126,1970,0
1970,242,1
340,1970,0
446,1970,0
1970,625,1
687,1970,0
705,1970,0
718,1970,0
1970,728,1
833,1970,0
864,1970,0
1970,872,1
951,1970,0
1064,1970,0
1147,1970,0
1168,1970,0
1970,1173,1
1970,1215,1
1970,1219,1
1242,1970,0
1970,1251,1
1282,1970,0
1970,1351,1
1970,1654,1
1970,1885,1
1970,1898,1
1913,1970,0
1921,1970,0
1970,2064,1
1970,2125,1
1970,2456,1
1972,669,1
1215,1972,0
1973,2255,0
1977,2181,0
1979,2428,0
1316,1982,0
1990,690,1
1991,2118,0
1992,184,1
195,1992,0
1992,359,1
1992,425,1
765,1992,0
1992,877,1
1992,1115,1
1196,1992,0
1992,1301,1
1712,1992,0
1992,1835,1
1992,2280,0
2422,1992,0
1994,2161,0
1995,99,1
116,1995,0
1995,144,1
188,1995,0
361,1995,0
587,1995,0
1995,939,1
1156,1995,0
1995,1215,1
1425,1995,0
1621,1995,0
1995,1679,1
1705,1995,0
1995,1832,1
1995,2010,1
1995,2189,1
1995,2267,1
1995,2412,0
1996,2218,0
1999,11,1
1999,457,1
1999,1066,1
1999,1196,1
1999,1255,1
1999,1352,1
1999,1925,1
1999,2019,0
1999,2435,1
2001,2071,0
2002,234,1
2002,1361,1
2002,2355,0
2003,807,1
811,2003,0
1311,2004,0
2004,2060,0
2006,79,1
687,2006,0
1316,2006,0
2006,1385,1
1537,2006,0
2006,1691,1
2006,2174,0
2007,939,1
2007,2210,1
2007,2342,0
939,2009,0
2009,2421,0
2009,2423,0
2010,2210,0
2012,2259,0
953,2013,0
2014,2269,0
2016,2400,0
70,2018,0
2018,2048,0
2018,2182,0
2022,2039,1
2025,2272,0
2027,359,1
2027,690,1
1215,2027,0
2027,1329,1
1376,2027,0
2027,1536,1
1921,2028,0
2028,2065,0
2029,1151,1
2030,2224,0
1242,2031,0
2033,725,1
1274,2033,0
2033,2217,1
2035,11,1
17,2035,0
2035,29,1
2035,46,1
47,2035,0
2035,80,1
2035,83,1
2035,98,1
100,2035,0
214,2035,0
242,2035,0
2035,251,1
2035,268,1
2035,274,1
2035,275,1
2035,290,1
293,2035,0
2035,307,1
2035,345,1
2035,357,1
2035,361,1
391,2035,0
2035,412,1
2035,413,1
433,2035,0
2035,457,1
487,2035,0
520,2035,0
547,2035,0
552,2035,0
2035,563,1
2035,586,1
2035,603,1
2035,619,1
2035,625,1
2035,635,1
2035,687,1
2035,690,1
2035,700,1
706,2035,0
785,2035,0
808,2035,0
2035,809,1
2035,812,1
833,2035,0
2035,860,1
2035,987,1
1037,2035,0
2035,1077,1
2035,1083,1
2035,1112,1
1143,2035,0
2035,1147,1
1159,2035,0
1176,2035,0
1196,2035,0
2035,1205,1
2035,1239,1
1250,2035,0
1259,2035,0
2035,1289,1
1352,2035,0
1404,2035,0
2035,1494,1
1501,2035,0
2035,1626,1
2035,1629,1
2035,1664,1
2035,1691,1
2035,1694,1
2035,1695,1
1702,2035,0
2035,1824,1
1827,2035,0
2035,1838,1
2035,1839,1
2035,1847,1
2035,1925,1
2035,1930,1
2035,1955,1
2035,1965,1
2035,1999,1
2035,2044,1
2035,2119,1
2035,2176,1
2035,2182,1
2035,2209,1
2035,2238,1
2035,2239,1
2035,2263,1
2035,2307,1
2035,2323,1
2385,2035,0
2035,2453,1
2035,2458,1
2035,2464,1
2035,2468,1
242,2041,0
2041,1234,1
2041,1279,1
2041,2396,0
2041,2458,0
2043,63,1
2043,902,1
269,2045,0
512,2045,0
2045,1389,1
2046,116,1
2046,307,1
2046,660,1
2046,1656,1
1675,2046,0
1760,2046,0
2046,2361,0
2046,2380,1
2048,1637,1
2048,2353,0
2048,2368,0
136,2049,0
2049,171,1
2049,174,1
2049,1215,1
2049,1427,1
2049,1868,1
2051,304,1
2051,382,1
2051,1921,1
2056,169,1
449,2056,0
2056,1453,1
2056,1712,1
2056,1723,1
2172,2056,0
2056,2195,1
809,2057,0
2057,885,1
2058,359,1
412,2058,0
2058,608,1
2058,706,1
2055,2058,0
2222,2058,0
2058,2244,1
2317,2058,0
2058,2319,1
2058,2330,1
2376,2058,0
2058,2384,1
2058,2401,1
2409,2058,0
2059,2243,0
2061,2463,0
2063,2219,0
2063,2366,0
2066,1276,1
2069,852,1
2069,2089,0
2070,852,1
2077,2112,0
665,2078,0
939,2078,0
1182,2078,0
2078,1356,1
2078,1835,1
30,2081,0
2081,57,1
2081,79,1
2081,226,1
337,2081,0
2081,338,1
580,2081,0
591,2081,0
2081,611,1
2081,667,1
1295,2081,0
2081,1440,1
2081,1460,1
1474,2081,0
2081,1673,1
1891,2081,0
2081,1910,1
2081,2431,1
2081,2434,1
939,2082,0
1182,2082,0
2082,1364,1
2082,2383,0
2083,2109,0
2084,20,1
337,2084,0
1779,2084,0
2085,2335,0
144,2088,0
628,2088,0
997,2088,0
1764,2088,0
2089,102,1
408,2089,0
2089,427,1
2089,628,1
634,2089,0
635,2089,0
2089,737,1
2089,935,1
2089,939,1
2089,963,1
2089,1072,1
2089,1094,1
1322,2089,0
2089,1351,1
2089,1383,1
1416,2089,0
2089,1466,1
2089,1488,1
1601,2089,0
1724,2089,0
2089,1783,1
2089,1836,1
2089,1847,1
2089,1921,1
1965,2089,0
2089,2015,1
2089,2035,1
2089,2183,1
2293,2089,0
2342,2089,0
2091,2381,0
2094,169,1
584,2094,0
698,2094,0
706,2094,0
2094,1176,1
2094,1440,1
1723,2094,0
2360,2094,0
1277,2096,0
2096,1967,1
2096,2426,1
2097,2123,0
2099,1272,1
2099,1650,1
2099,1691,1
2099,2183,1
2101,29,1
2101,99,1
132,2101,0
340,2101,0
2101,433,1
933,2101,0
2101,1308,1
2101,1404,1
2101,1427,1
2101,1478,1
2101,1913,1
2101,1926,1
2206,2101,0
2103,273,1
2103,1699,1
2103,1735,1
2103,2259,1
2106,1301,1
2107,2281,0
2109,2367,0
2109,2401,0
2112,2192,0
2112,2268,0
2114,359,1
2114,833,1
2114,1239,1
1291,2114,0
2114,1415,1
2118,2122,0
2120,190,1
214,2120,0
2120,706,1
1181,2120,0
1672,2120,0
2120,1702,1
2052,2120,0
2202,2120,0
2120,2327,0
90,2122,0
2122,369,1
2122,408,1
2122,476,1
2122,635,1
2122,654,1
2122,672,1
2122,781,1
809,2122,0
2122,819,1
833,2122,0
2122,885,1
889,2122,0
935,2122,0
2122,972,1
2122,997,1
2122,1028,1
2122,1042,1
1126,2122,0
2122,1263,1
2122,1269,1
1307,2122,0
2122,1330,1
1397,2122,0
2122,1407,1
2122,1413,1
2122,1450,1
2122,1488,1
2122,1501,1
1532,2122,0
1755,2122,0
1767,2122,0
2122,1821,1
2122,1892,1
2122,1974,1
2122,2011,1
2122,2173,0
2123,1261,1
2127,541,1
2127,955,1
2128,27,1
59,2128,0
2128,99,1
229,2128,0
474,2128,0
2128,512,1
2128,659,1
696,2128,0
2128,759,1
2128,846,1
2128,1010,1
2128,1142,1
2128,1146,1
1215,2128,0
1236,2128,0
2128,1239,1
2128,1290,1
2128,1297,1
1302,2128,0
2128,1372,1
1404,2128,0
1676,2128,0
2128,1740,1
2128,1771,1
2128,1779,1
2128,1780,1
1834,2128,0
2128,1874,1
2128,1916,1
2128,2035,1
2128,2127,1
2128,2263,1
2132,2429,0
77,2134,0
2134,104,1
2134,632,1
2134,892,1
2134,991,1
2134,1484,1
2134,1882,1
2134,1907,1
1958,2134,0
2134,2265,1
2134,2325,1
2134,2326,1
2134,2327,1
2134,2328,1
2134,2329,1
80,2135,0
2135,1094,1
2135,1834,1
2136,2224,0
2136,2278,0
2138,2375,0
2142,2292,0
2143,29,1
2143,188,1
2143,646,1
2143,700,1
2143,732,1
1196,2143,0
2143,1221,1
2143,1348,1
2143,1468,1
1664,2143,0
2143,1824,1
2143,1847,1
2143,2365,0
2385,2143,0
2145,660,1
2145,858,1
2145,859,1
2145,1217,1
2145,1424,1
2145,1428,1
2145,1684,1
2145,1839,1
1925,2145,0
2023,2145,0
2131,2145,0
2157,2145,0
2145,2173,1
2145,2204,1
2145,2276,1
2145,2310,0
2145,2311,1
2363,2145,0
2145,2382,1
2145,2388,1
2145,2390,1
2146,1568,1
2146,2305,0
1220,2147,0
2331,2147,0
2149,1,1
2149,5,1
2149,14,1
15,2149,0
2149,26,1
2149,45,1
51,2149,0
2149,58,1
2149,65,1
79,2149,0
80,2149,0
2149,81,1
96,2149,0
2149,100,1
2149,179,1
2149,188,1
2149,204,1
2149,213,1
2149,219,1
222,2149,0
275,2149,0
2149,293,1
297,2149,0
2149,307,1
2149,309,1
2149,314,1
2149,344,1
2149,368,1
2149,371,1
2149,405,1
406,2149,0
2149,439,1
2149,445,1
2149,452,1
2149,464,1
2149,472,1
2149,496,1
2149,507,1
2149,520,1
2149,533,1
546,2149,0
563,2149,0
2149,575,1
2149,603,1
2149,605,1
2149,611,1
2149,619,1
627,2149,0
635,2149,0
653,2149,0
2149,654,1
670,2149,0
2149,672,1
2149,731,1
2149,772,1
809,2149,0
831,2149,0
870,2149,0
2149,871,1
889,2149,0
910,2149,0
2149,915,1
2149,935,1
2149,939,1
2149,962,1
2149,998,1
2149,1002,1
2149,1005,1
2149,1013,1
2149,1030,1
2149,1040,1
1048,2149,0
1058,2149,0
1061,2149,0
2149,1076,1
2149,1093,1
1114,2149,0
1142,2149,0
2149,1152,1
2149,1161,1
2149,1166,1
2149,1193,1
1205,2149,0
1225,2149,0
2149,1228,1
2149,1238,1
1243,2149,0
1249,2149,0
1255,2149,0
1256,2149,0
2149,1260,1
1266,2149,0
2149,1299,1
1316,2149,0
2149,1324,1
2149,1327,1
1328,2149,0
1333,2149,0
1354,2149,0
2149,1382,1
2149,1383,1
2149,1389,1
2149,1398,1
2149,1404,1
1405,2149,0
2149,1425,1
1427,2149,0
2149,1430,1
1441,2149,0
1479,2149,0
1490,2149,0
1494,2149,0
1497,2149,0
2149,1499,1
2149,1524,1
1528,2149,0
2149,1533,1
2149,1537,1
2149,1554,1
1603,2149,0
2149,1611,1
2149,1662,1
2149,1700,1
2149,1712,1
1717,2149,0
2149,1725,1
2149,1732,1
1746,2149,0
2149,1752,1
2149,1779,1
2149,1791,1
2149,1874,1
2149,1877,1
2149,1895,1
1897,2149,0
2149,1902,1
2149,1927,1
2149,1934,1
2149,1937,1
2149,1950,1
2149,1954,1
1955,2149,0
1968,2149,0
1980,2149,0
2149,1984,1
1985,2149,0
2149,2001,1
2149,2037,1
2149,2038,1
2149,2044,1
2047,2149,0
2149,2076,1
2149,2101,1
2117,2149,0
2149,2124,1
2128,2149,0
2149,2129,1
2149,2136,1
2140,2149,0
2149,2150,1
2149,2153,0
2149,2161,1
2149,2167,1
2149,2176,1
2149,2187,1
2149,2255,1
2149,2260,1
2264,2149,0
2149,2283,1
2149,2286,1
2308,2149,0
2316,2149,0
2149,2328,1
2149,2329,1
2368,2149,0
2149,2370,1
2149,2410,1
2419,2149,0
2149,2432,1
2149,2435,1
2149,2439,1
2457,2149,0
2149,2473,1
2151,667,1
854,2151,0
2151,1415,1
1441,2151,0
2151,1601,1
2151,1727,1
2152,690,1
2158,1599,1
2158,2364,0
2159,2450,0
2160,1761,1
2162,180,1
2164,2340,0
2168,2239,0
78,2169,0
163,2169,0
204,2169,0
2169,300,1
302,2169,0
2169,354,1
364,2169,0
393,2169,0
411,2169,0
624,2169,0
2169,634,1
2169,635,1
2169,636,1
637,2169,0
2169,717,1
2169,741,1
2169,791,1
811,2169,0
817,2169,0
2169,930,1
935,2169,0
2169,1046,1
2169,1135,1
2169,1147,1
2169,1153,1
1167,2169,0
2169,1189,1
2169,1215,1
1303,2169,0
2169,1387,1
1410,2169,0
1470,2169,0
1481,2169,0
2169,1522,1
2169,1535,1
2169,1594,1
2169,1610,1
2169,1615,1
2169,1655,1
1693,2169,0
1717,2169,0
1726,2169,0
2169,1754,1
2169,1764,1
2169,1786,1
2169,1790,1
2169,1809,1
2169,1836,1
1867,2169,0
2169,2065,1
2169,2076,1
2180,2169,0
2169,2238,1
2254,2169,0
2169,2301,1
2169,2342,1
2169,2366,1
2169,2378,1
635,2177,0
2177,2232,0
2179,10,1
2179,78,1
2179,213,1
2179,287,1
2179,302,1
2179,306,1
364,2179,0
2179,408,1
411,2179,0
2179,412,1
2179,563,1
624,2179,0
634,2179,0
635,2179,0
2179,636,1
2179,717,1
2179,773,1
2179,791,1
1045,2179,0
2179,1046,1
1135,2179,0
2179,1176,1
2179,1215,1
2179,1293,1
2179,1387,1
1423,2179,0
2179,1481,1
2179,1488,1
2179,1561,1
1596,2179,0
2179,1693,1
1776,2179,0
2179,1790,1
2179,1793,1
2179,1836,1
2179,1997,1
2179,2126,1
2180,2179,0
2254,2179,0
2179,2304,1
2179,2342,1
2179,2447,1
2181,63,1
2181,215,1
326,2181,0
2181,461,1
2181,470,1
2181,635,1
2181,638,1
2181,687,1
2181,833,1
2181,1215,1
2181,1298,1
2181,2081,1
2181,2141,1
2183,244,1
2183,457,1
479,2183,0
2183,578,1
2183,628,1
1129,2183,0
2183,1194,1
1352,2183,0
1539,2183,0
1799,2183,0
2183,1868,1
125,2184,0
239,2184,0
829,2184,0
2184,2183,1
2190,1067,1
2190,2207,1
2190,2397,1
2194,2456,0
2199,29,1
188,2199,0
2199,646,1
2199,959,1
2199,1348,1
2199,1468,1
2199,1847,1
2199,2385,1
2200,2362,0
2035,2201,0
2204,2440,0
2208,1,1
387,2208,0
2208,1321,1
2208,1927,1
2208,2473,0
2211,1585,1
2212,939,1
2214,2323,0
2216,2446,0
2221,130,1
2221,304,1
2221,384,1
452,2221,0
521,2221,0
2221,554,1
635,2221,0
1142,2221,0
1201,2221,0
2221,1691,1
2221,1921,1
2221,2030,1
2226,2296,0
2227,115,1
654,2228,0
911,2228,0
2228,1425,1
833,2229,0
2183,2229,0
2234,1834,1
2235,193,1
2235,2406,1
51,2237,0
2237,99,1
2237,419,1
2237,512,1
2237,874,1
889,2237,0
2237,1058,1
2237,1208,1
2237,1555,1
2237,1650,1
1705,2237,0
2237,1775,1
2237,2149,1
2237,2368,1
2240,79,1
228,2240,0
2240,635,1
2240,690,1
1215,2240,0
2240,1926,1
2240,1981,1
2240,2062,1
2139,2240,0
2240,2285,1
2242,269,1
487,2242,0
1215,2242,0
2245,2358,0
2246,190,1
2246,214,1
2246,706,1
2246,725,1
2246,1181,1
1377,2246,0
2246,1969,1
2246,2052,1
2202,2246,0
2246,2277,1
2247,2446,1
654,2250,0
2250,911,1
1425,2250,0
2251,837,1
2263,2452,0
2268,2346,0
2271,1405,1
2236,2271,0
2274,2451,0
2275,63,1
2275,215,1
2275,326,1
2275,635,1
2275,687,1
690,2275,0
2275,833,1
1215,2275,0
2275,1298,1
2275,1820,1
2275,2081,1
2277,241,1
635,2277,0
2277,939,1
1215,2277,0
1316,2277,0
2277,2449,0
755,2282,0
2282,2324,0
2283,2307,0
2284,512,1
2284,1094,1
1215,2284,0
2284,1311,1
2284,2066,1
2284,2383,1
1868,2295,0
2134,2295,0
2297,198,1
188,2300,0
2300,1348,1
2304,15,1
56,2304,0
2304,363,1
415,2304,0
2304,548,1
2304,699,1
921,2304,0
1040,2304,0
2304,1244,1
2304,1370,1
2304,1717,1
2304,1837,1
2304,2437,0
2312,90,1
408,2312,0
2312,654,1
672,2312,0
2312,718,1
2312,781,1
2312,809,1
2312,889,1
2312,935,1
2312,939,1
972,2312,0
997,2312,0
1042,2312,0
2312,1072,1
1126,2312,0
2312,1263,1
2312,1307,1
1330,2312,0
2312,1392,1
1397,2312,0
2312,1413,1
2312,1425,1
1501,2312,0
2312,1532,1
2312,1767,1
2312,1821,1
1864,2312,0
1892,2312,0
2312,1974,1
2312,1989,1
2312,2011,1
2312,2335,0
2312,2467,0
1490,2313,0
2314,1590,1
2315,78,1
2315,116,1
2315,163,1
302,2315,0
2315,354,1
2315,364,1
2315,408,1
2315,411,1
2315,478,1
2315,624,1
2315,634,1
2315,637,1
2315,741,1
2315,791,1
2315,817,1
2315,886,1
930,2315,0
2315,935,1
2315,1045,1
1046,2315,0
2315,1135,1
2315,1153,1
1303,2315,0
2315,1423,1
1470,2315,0
2315,1522,1
2315,1535,1
1561,2315,0
2315,1610,1
2315,1615,1
2315,1693,1
2315,1726,1
1754,2315,0
1776,2315,0
2315,1786,1
1790,2315,0
2315,1793,1
2315,1809,1
1963,2315,0
1997,2315,0
2076,2315,0
2315,2232,1
2315,2254,1
2315,2301,1
2315,2342,1
2315,2366,1
2315,2445,0
2321,95,1
2321,190,1
2321,725,1
2321,1181,1
1316,2321,0
1377,2321,0
1672,2321,0
1702,2321,0
1969,2321,0
2321,2052,1
2202,2321,0
1663,2322,0
1871,2322,0
68,2324,0
2324,2231,1
939,2330,0
226,2331,0
2331,338,1
2331,551,1
2331,591,1
694,2331,0
2331,758,1
2331,829,1
2331,939,1
1204,2331,0
2331,1309,1
1508,2331,0
1649,2331,0
2331,1698,1
2331,1733,1
2331,2050,1
2081,2331,0
2331,2403,1
2331,2413,1
2332,939,1
939,2333,0
2334,939,1
2334,2427,0
47,2339,0
157,2339,0
653,2339,0
691,2339,0
2339,1085,1
2339,1215,1
2339,1622,1
2339,1666,1
2339,1763,1
2339,1767,1
2339,2402,0
2346,2401,0
2347,939,1
2348,2358,0
2348,2459,0
2350,2081,1
2355,102,1
427,2355,0
690,2355,0
2355,864,1
963,2355,0
2355,1094,1
2355,1351,1
2355,1383,1
2355,1415,1
1416,2355,0
2355,1441,1
1466,2355,0
2355,1601,1
2355,1724,1
2355,1847,1
1921,2355,0
2355,1965,1
2293,2355,0
2355,2426,1
2358,126,1
2358,172,1
2358,299,1
2358,658,1
833,2358,0
939,2358,0
2358,1016,1
2358,1141,1
2358,1448,1
2358,1545,1
2358,1595,1
2358,1839,1
2358,1931,1
2358,1941,1
2358,2145,1
2358,2192,1
2358,2257,1
2358,2311,1
2367,1355,1
2367,2442,0
2370,2398,0
2372,646,1
2372,733,1
2372,926,1
2372,1085,1
1239,2372,0
2331,2372,0
2373,2418,0
2374,79,1
2374,430,1
1988,2374,0
2382,2464,0
2385,32,1
2385,328,1
1626,2385,0
81,2387,0
2387,158,1
307,2387,0
2387,328,1
2387,418,1
2387,438,1
2387,476,1
2387,742,1
2387,823,1
2387,1049,1
1450,2387,0
1922,2387,0
2387,2003,1
2387,2077,1
2387,2348,1
2387,2474,1
2389,939,1
2414,939,1
2418,328,1
2421,1847,1
2422,59,1
2422,440,1
2422,542,1
603,2422,0
2422,811,1
2422,829,1
2422,1118,1
2422,1640,1
2422,1882,1
2422,1984,1
2422,2125,1
2266,2422,0
2422,2286,1
344,2425,0
2425,356,1
2425,758,1
2425,933,1
1035,2425,0
2425,1311,1
2425,1406,1
1871,2425,0
2425,2071,1
2428,2466,0
2429,108,1
2430,1459,1
2335,2430,0
724,2433,0
1723,2433,0
2437,307,1
635,2437,0
654,2437,0
690,2437,0
2437,724,1
1259,2437,0
1404,2437,0
2437,2168,1
2243,2437,0
2438,1702,1
2442,105,1
359,2442,0
2448,1650,1
2449,1327,1
2449,1834,1
659,2450,0
2451,413,1
1843,2459,0
2460,304,1
2460,1215,1
2461,1847,1
293,2463,0
1085,2463,0
2463,1280,1
2466,864,1
1868,2466,0
901,2467,0
1436,2467,0
