2,64,1
2,654,1
2,720,1
2,781,1
2,833,1
2,1026,1
2,1587,1
2,1950,1
2,2055,1
2,2095,1
2,2222,1
2,2244,1
2,2291,1
2,2310,1
2,2317,1
2,2319,1
2,2320,1
2,2376,1
2,2384,1
2,2393,1
2,2401,1
2,2409,1
2,2428,1
12,2425,1
13,29,1
13,203,1
13,221,1
13,250,1
13,251,1
13,305,1
13,339,1
13,341,1
13,386,1
13,408,1
13,426,1
13,448,1
13,452,1
13,459,1
13,563,1
13,599,1
13,628,1
13,634,1
13,654,1
13,656,1
13,661,1
13,664,1
13,690,1
13,706,1
13,800,1
13,819,1
13,857,1
13,935,1
13,939,1
13,951,1
13,1048,1
13,1072,1
13,1143,1
13,1265,1
13,1307,1
13,1318,1
13,1322,1
13,1425,1
13,1458,1
13,1488,1
13,1489,1
13,1510,1
13,1529,1
13,1530,1
13,1576,1
13,1602,1
13,1612,1
13,1712,1
13,1836,1
13,1879,1
13,1921,1
13,1925,1
13,1938,1
13,1964,1
13,1993,1
13,2183,1
13,2203,1
13,2342,1
13,2425,1
13,2462,1
30,554,1
30,571,1
30,640,1
30,813,1
30,881,1
30,1246,1
30,1277,1
30,1696,1
30,1996,1
30,2426,1
31,63,1
31,215,1
31,326,1
31,470,1
31,635,1
31,638,1
31,687,1
31,833,1
31,1215,1
31,1298,1
31,1820,1
31,2081,1
34,414,1
34,512,1
34,653,1
34,1994,1
36,583,1
36,629,1
36,2076,1
39,939,1
39,1103,1
42,234,1
42,1361,1
42,2447,1
47,59,1
47,105,1
47,124,1
47,142,1
47,168,1
47,313,1
47,340,1
47,359,1
47,620,1
47,690,1
47,743,1
47,781,1
47,814,1
47,899,1
47,939,1
47,1145,1
47,1150,1
47,1182,1
47,1185,1
47,1239,1
47,1404,1
47,1450,1
47,1459,1
47,1585,1
47,1664,1
47,1682,1
47,1831,1
47,1881,1
47,1992,1
47,2014,1
47,2145,1
47,2245,1
47,2276,1
47,2358,1
50,16,1
50,46,1
50,75,1
50,209,1
50,212,1
50,251,1
50,619,1
50,690,1
50,815,1
50,950,1
50,1081,1
50,1381,1
50,1525,1
50,1674,1
50,1793,1
50,1863,1
50,1905,1
50,2166,1
50,2426,1
53,635,1
54,1196,1
57,273,1
60,88,1
60,195,1
60,215,1
60,269,1
60,304,1
60,326,1
60,433,1
60,519,1
60,656,1
60,709,1
60,1591,1
60,1771,1
63,81,1
63,99,1
63,152,1
63,412,1
63,429,1
63,585,1
63,621,1
63,659,1
63,891,1
63,1514,1
63,1683,1
63,2331,1
68,8,1
68,146,1
68,236,1
68,392,1
68,412,1
68,429,1
68,452,1
68,560,1
68,663,1
68,725,1
68,939,1
68,1167,1
68,1215,1
68,1326,1
68,1375,1
68,1483,1
68,1505,1
68,1568,1
68,1620,1
68,1628,1
68,1688,1
68,1741,1
68,1803,1
68,1990,1
68,2087,1
68,2093,1
68,2240,1
68,2357,1
72,1280,1
76,160,1
76,586,1
76,864,1
76,1882,1
78,204,1
78,635,1
78,1128,1
78,1176,1
78,1215,1
78,1582,1
78,1717,1
78,1940,1
82,1991,1
84,1792,1
85,2242,1
86,563,1
89,329,1
89,985,1
89,1388,1
89,1425,1
89,2144,1
103,2240,1
108,8,1
108,105,1
108,181,1
108,340,1
108,481,1
108,619,1
108,877,1
108,1234,1
108,1311,1
108,1406,1
108,1427,1
108,1622,1
108,1697,1
108,1770,1
108,1933,1
111,725,1
111,1274,1
116,47,1
116,625,1
116,1147,1
116,1344,1
116,2115,1
118,29,1
118,529,1
118,646,1
118,700,1
118,732,1
118,780,1
118,959,1
118,1196,1
118,1468,1
118,1573,1
118,1824,1
118,1828,1
118,1830,1
118,1847,1
118,2198,1
118,2385,1
118,2412,1
120,2149,1
121,399,1
121,1939,1
124,1614,1
130,1171,1
130,1215,1
130,1983,1
130,2058,1
132,933,1
132,2213,1
135,1691,1
135,1926,1
137,102,1
137,427,1
137,432,1
137,624,1
137,628,1
137,634,1
137,635,1
137,690,1
137,737,1
137,864,1
137,900,1
137,939,1
137,963,1
137,1072,1
137,1094,1
137,1307,1
137,1322,1
137,1351,1
137,1383,1
137,1415,1
137,1416,1
137,1441,1
137,1466,1
137,1488,1
137,1601,1
137,1724,1
137,1783,1
137,1836,1
137,1912,1
137,1965,1
137,2015,1
137,2035,1
137,2053,1
137,2183,1
137,2293,1
137,2342,1
137,2426,1
137,2462,1
140,181,1
140,273,1
140,399,1
140,777,1
140,939,1
140,1047,1
140,1062,1
140,1285,1
140,1761,1
147,1170,1
149,33,1
149,79,1
149,273,1
149,399,1
149,939,1
150,997,1
151,64,1
151,2222,1
151,2244,1
151,2291,1
151,2317,1
151,2319,1
151,2320,1
151,2376,1
151,2401,1
151,2409,1
153,659,1
153,695,1
153,1132,1
153,1200,1
153,1933,1
153,2436,1
154,939,1
154,1607,1
156,700,1
156,1824,1
159,509,1
162,706,1
162,1838,1
164,66,1
164,80,1
164,99,1
164,123,1
164,158,1
164,293,1
164,397,1
164,435,1
164,554,1
164,680,1
164,769,1
164,802,1
164,891,1
164,929,1
164,1126,1
164,1183,1
164,1316,1
164,1391,1
164,1404,1
164,1945,1
164,2019,1
164,2091,1
166,64,1
166,654,1
166,833,1
166,2055,1
166,2222,1
166,2244,1
166,2310,1
166,2376,1
166,2384,1
166,2393,1
166,2401,1
166,2409,1
169,320,1
169,377,1
169,413,1
169,457,1
169,603,1
169,707,1
169,718,1
169,779,1
169,840,1
169,850,1
169,870,1
169,908,1
169,1024,1
169,1114,1
169,1209,1
169,1297,1
169,1463,1
169,1580,1
169,1591,1
169,1612,1
169,1636,1
169,1646,1
169,1723,1
169,1845,1
169,1857,1
169,1874,1
169,1999,1
169,2059,1
169,2093,1
169,2172,1
169,2381,1
170,293,1
170,1921,1
172,1159,1
173,29,1
173,91,1
173,412,1
173,434,1
173,635,1
173,1315,1
173,1354,1
173,1700,1
173,2338,1
173,2371,1
175,47,1
178,150,1
178,181,1
178,213,1
178,273,1
178,777,1
178,827,1
178,939,1
178,943,1
178,1205,1
178,1234,1
178,1427,1
178,1566,1
178,1626,1
178,2029,1
178,2035,1
178,2362,1
181,564,1
181,997,1
181,1759,1
181,1761,1
181,1795,1
181,2086,1
183,430,1
184,192,1
184,269,1
184,939,1
185,199,1
185,725,1
185,943,1
185,1414,1
185,1691,1
185,1773,1
185,1810,1
185,1933,1
185,2035,1
185,2145,1
186,466,1
186,467,1
186,468,1
186,1196,1
186,1205,1
186,1404,1
188,673,1
188,674,1
188,982,1
188,994,1
188,1258,1
188,2186,1
198,99,1
198,194,1
198,304,1
198,519,1
198,546,1
198,797,1
198,845,1
198,911,1
198,939,1
198,1215,1
198,1979,1
198,2098,1
200,479,1
202,300,1
202,605,1
202,1086,1
202,1239,1
202,1441,1
202,1503,1
202,2075,1
202,2224,1
202,2308,1
202,2309,1
204,80,1
204,234,1
204,364,1
204,553,1
204,636,1
204,921,1
204,935,1
204,1040,1
204,1071,1
204,1081,1
204,1277,1
204,1387,1
204,1837,1
204,1852,1
204,1913,1
204,2161,1
204,2470,1
205,213,1
205,214,1
205,242,1
205,268,1
205,274,1
205,342,1
205,361,1
205,584,1
205,660,1
205,707,1
205,783,1
205,878,1
205,994,1
205,1176,1
205,1205,1
205,1229,1
205,1258,1
205,1259,1
205,1567,1
205,1661,1
205,1664,1
205,1695,1
205,1838,1
205,1941,1
205,2057,1
205,2385,1
211,304,1
211,758,1
211,939,1
211,2240,1
214,274,1
214,361,1
214,584,1
214,660,1
214,706,1
214,707,1
214,1299,1
214,2104,1
214,2174,1
215,6,1
215,80,1
215,141,1
215,225,1
215,294,1
215,419,1
215,473,1
215,555,1
215,596,1
215,652,1
215,677,1
215,724,1
215,752,1
215,789,1
215,804,1
215,947,1
215,953,1
215,969,1
215,1136,1
215,1145,1
215,1155,1
215,1188,1
215,1366,1
215,1502,1
215,1512,1
215,1518,1
215,1563,1
215,1620,1
215,1685,1
215,1855,1
215,1921,1
215,2109,1
215,2140,1
215,2159,1
215,2197,1
215,2344,1
215,2368,1
216,95,1
216,190,1
216,725,1
216,1181,1
216,1377,1
216,1672,1
216,1702,1
216,1969,1
216,2052,1
216,2202,1
216,2215,1
216,2277,1
217,63,1
217,215,1
217,326,1
217,635,1
217,638,1
217,687,1
217,833,1
217,1298,1
217,1820,1
217,2081,1
218,1131,1
218,1404,1
221,1215,1
227,11,1
227,29,1
227,47,1
227,452,1
227,457,1
227,823,1
227,1066,1
227,1352,1
227,1925,1
227,1999,1
227,2115,1
227,2239,1
227,2435,1
229,1311,1
240,1568,1
241,17,1
241,29,1
241,74,1
241,79,1
241,81,1
241,127,1
241,213,1
241,235,1
241,277,1
241,328,1
241,399,1
241,422,1
241,439,1
241,455,1
241,508,1
241,546,1
241,625,1
241,638,1
241,785,1
241,822,1
241,833,1
241,993,1
241,1066,1
241,1068,1
241,1148,1
241,1196,1
241,1216,1
241,1250,1
241,1635,1
241,1684,1
241,1695,1
241,1801,1
241,1913,1
241,1925,1
241,1947,1
241,1978,1
241,2080,1
241,2209,1
241,2256,1
241,2380,1
247,1142,1
247,1834,1
247,1959,1
250,238,1
250,1142,1
250,1955,1
252,304,1
252,1182,1
253,519,1
253,939,1
253,1691,1
254,1972,1
256,1159,1
261,1772,1
263,1327,1
264,216,1
264,1435,1
264,2321,1
266,47,1
266,1389,1
266,2284,1
271,63,1
271,470,1
271,635,1
271,669,1
271,687,1
271,833,1
271,1215,1
271,1230,1
271,1298,1
271,1820,1
271,1999,1
271,2035,1
271,2183,1
273,918,1
273,997,1
273,2035,1
273,2342,1
274,753,1
274,754,1
275,116,1
275,200,1
275,213,1
275,855,1
275,864,1
275,947,1
275,1205,1
275,1239,1
275,1316,1
275,1620,1
275,1789,1
278,2074,1
280,250,1
284,22,1
284,222,1
284,289,1
284,365,1
284,423,1
284,497,1
284,670,1
284,743,1
284,1082,1
284,1271,1
284,1399,1
284,1570,1
284,1689,1
284,2015,1
284,2017,1
284,2064,1
284,2079,1
284,2117,1
284,2392,1
284,2434,1
288,21,1
288,275,1
288,347,1
288,595,1
288,597,1
288,604,1
288,635,1
288,648,1
288,669,1
288,814,1
288,979,1
288,1009,1
288,1048,1
288,1073,1
288,1074,1
288,1077,1
288,1215,1
288,1419,1
288,1585,1
288,1641,1
288,1794,1
288,1902,1
288,1903,1
288,1904,1
288,1905,1
288,1906,1
288,1908,1
288,1909,1
288,1975,1
288,2170,1
288,2171,1
288,2176,1
288,2178,1
288,2185,1
288,2248,1
288,2252,1
288,2336,1
288,2337,1
291,2205,1
291,2346,1
298,216,1
298,1138,1
298,1435,1
298,1691,1
298,2321,1
308,700,1
308,1824,1
310,340,1
310,617,1
310,939,1
310,1345,1
310,1349,1
310,2386,1
321,1427,1
321,2444,1
324,1182,1
324,1992,1
330,939,1
330,1528,1
330,1742,1
340,21,1
340,197,1
340,260,1
340,347,1
340,484,1
340,505,1
340,561,1
340,564,1
340,595,1
340,597,1
340,604,1
340,654,1
340,669,1
340,690,1
340,730,1
340,740,1
340,814,1
340,939,1
340,996,1
340,1005,1
340,1065,1
340,1073,1
340,1074,1
340,1215,1
340,1293,1
340,1300,1
340,1311,1
340,1389,1
340,1395,1
340,1416,1
340,1419,1
340,1436,1
340,1575,1
340,1585,1
340,1691,1
340,1743,1
340,1768,1
340,1794,1
340,1891,1
340,1899,1
340,1902,1
340,1903,1
340,1904,1
340,1905,1
340,1906,1
340,1908,1
340,1909,1
340,1975,1
340,2035,1
340,2074,1
340,2102,1
340,2170,1
340,2176,1
340,2185,1
340,2190,1
340,2226,1
340,2248,1
340,2258,1
340,2336,1
340,2419,1
340,2454,1
343,169,1
343,449,1
343,1215,1
352,688,1
352,807,1
357,535,1
357,625,1
357,809,1
357,875,1
357,1389,1
357,1577,1
357,1589,1
357,2137,1
357,2302,1
357,2458,1
359,0,1
359,8,1
359,30,1
359,99,1
359,293,1
359,328,1
359,399,1
359,412,1
359,483,1
359,565,1
359,635,1
359,847,1
359,877,1
359,925,1
359,1017,1
359,1085,1
359,1163,1
359,1184,1
359,1215,1
359,1311,1
359,1351,1
359,1451,1
359,1517,1
359,1519,1
359,1548,1
359,1562,1
359,1705,1
359,1729,1
359,1802,1
359,1868,1
359,2051,1
359,2074,1
359,2134,1
359,2233,1
359,2360,1
361,754,1
362,304,1
362,718,1
362,826,1
362,833,1
362,939,1
362,1219,1
362,1921,1
362,2035,1
362,2119,1
366,307,1
366,601,1
366,1328,1
366,1691,1
372,81,1
372,1427,1
377,29,1
377,45,1
377,213,1
377,307,1
377,323,1
377,427,1
377,429,1
377,635,1
377,690,1
377,700,1
377,732,1
377,780,1
377,907,1
377,959,1
377,989,1
377,1176,1
377,1466,1
377,1573,1
377,1724,1
377,1824,1
377,1828,1
377,1830,1
377,1847,1
377,1921,1
377,1965,1
377,2035,1
377,2385,1
377,2412,1
379,1668,1
381,1739,1
381,1850,1
381,2183,1
381,2316,1
381,2440,1
384,105,1
384,322,1
384,340,1
390,99,1
390,512,1
394,29,1
394,50,1
394,122,1
394,134,1
394,203,1
394,213,1
394,221,1
394,251,1
394,299,1
394,326,1
394,341,1
394,408,1
394,426,1
394,448,1
394,452,1
394,459,1
394,512,1
394,563,1
394,577,1
394,599,1
394,628,1
394,634,1
394,660,1
394,661,1
394,700,1
394,800,1
394,857,1
394,935,1
394,1058,1
394,1064,1
394,1072,1
394,1088,1
394,1143,1
394,1215,1
394,1265,1
394,1307,1
394,1318,1
394,1322,1
394,1405,1
394,1425,1
394,1458,1
394,1488,1
394,1489,1
394,1510,1
394,1529,1
394,1530,1
394,1602,1
394,1612,1
394,1626,1
394,1712,1
394,1723,1
394,1756,1
394,1836,1
394,1879,1
394,1921,1
394,1938,1
394,2044,1
394,2128,1
394,2176,1
394,2203,1
394,2342,1
395,2447,1
396,635,1
396,833,1
396,1192,1
396,1678,1
396,1745,1
396,1829,1
396,2193,1
396,2287,1
399,29,1
399,55,1
399,79,1
399,92,1
399,99,1
399,171,1
399,174,1
399,203,1
399,221,1
399,251,1
399,293,1
399,304,1
399,339,1
399,341,1
399,346,1
399,386,1
399,391,1
399,406,1
399,448,1
399,452,1
399,496,1
399,520,1
399,554,1
399,563,1
399,577,1
399,599,1
399,635,1
399,654,1
399,656,1
399,681,1
399,690,1
399,692,1
399,696,1
399,792,1
399,800,1
399,843,1
399,844,1
399,857,1
399,902,1
399,903,1
399,918,1
399,939,1
399,981,1
399,1043,1
399,1048,1
399,1055,1
399,1101,1
399,1143,1
399,1169,1
399,1193,1
399,1259,1
399,1265,1
399,1318,1
399,1382,1
399,1433,1
399,1458,1
399,1466,1
399,1489,1
399,1493,1
399,1510,1
399,1519,1
399,1529,1
399,1530,1
399,1557,1
399,1576,1
399,1602,1
399,1641,1
399,1664,1
399,1706,1
399,1712,1
399,1834,1
399,1879,1
399,1901,1
399,1921,1
399,1984,1
399,1993,1
399,2011,1
399,2083,1
399,2140,1
399,2203,1
399,2329,1
399,2379,1
399,2400,1
403,1215,1
405,3,1
405,13,1
405,58,1
405,80,1
405,253,1
405,468,1
405,489,1
405,528,1
405,660,1
405,706,1
405,782,1
405,799,1
405,877,1
405,924,1
405,992,1
405,1094,1
405,1107,1
405,1157,1
405,1215,1
405,1220,1
405,1316,1
405,1368,1
405,1385,1
405,1404,1
405,1431,1
405,1432,1
405,1566,1
405,1571,1
405,1598,1
405,1624,1
405,1890,1
405,1965,1
405,2026,1
405,2059,1
405,2242,1
406,535,1
406,603,1
406,619,1
406,1490,1
406,1955,1
406,2030,1
406,2053,1
407,1994,1
409,29,1
409,127,1
409,328,1
409,517,1
409,548,1
409,889,1
409,959,1
409,1925,1
409,2279,1
409,2453,1
410,213,1
410,268,1
410,342,1
410,625,1
410,783,1
410,878,1
410,1205,1
410,1229,1
410,1259,1
410,1664,1
410,1847,1
410,1941,1
410,2057,1
413,700,1
413,1824,1
415,56,1
415,258,1
415,269,1
415,383,1
415,408,1
415,811,1
415,935,1
415,998,1
415,1023,1
415,1040,1
415,1072,1
415,1215,1
415,1230,1
415,1244,1
415,1247,1
415,1248,1
415,1267,1
415,1361,1
415,1370,1
415,1388,1
415,1654,1
415,1793,1
415,1845,1
415,2377,1
415,2436,1
416,116,1
416,213,1
416,214,1
416,242,1
416,268,1
416,274,1
416,625,1
416,673,1
416,674,1
416,706,1
416,707,1
416,783,1
416,908,1
416,994,1
416,1147,1
416,1176,1
416,1182,1
416,1205,1
416,1258,1
416,1259,1
416,1567,1
416,1593,1
416,1661,1
416,1664,1
416,1695,1
416,1838,1
416,1847,1
416,2057,1
416,2385,1
417,99,1
417,250,1
417,1436,1
417,1797,1
420,635,1
420,939,1
420,1802,1
421,786,1
429,635,1
430,10,1
430,26,1
430,47,1
430,48,1
430,91,1
430,131,1
430,208,1
430,245,1
430,253,1
430,293,1
430,301,1
430,311,1
430,316,1
430,326,1
430,414,1
430,431,1
430,475,1
430,511,1
430,512,1
430,538,1
430,635,1
430,653,1
430,690,1
430,702,1
430,874,1
430,948,1
430,984,1
430,1051,1
430,1058,1
430,1075,1
430,1085,1
430,1094,1
430,1099,1
430,1104,1
430,1157,1
430,1182,1
430,1190,1
430,1215,1
430,1225,1
430,1236,1
430,1257,1
430,1294,1
430,1333,1
430,1351,1
430,1357,1
430,1374,1
430,1385,1
430,1389,1
430,1391,1
430,1412,1
430,1427,1
430,1449,1
430,1450,1
430,1538,1
430,1690,1
430,1691,1
430,1716,1
430,1767,1
430,1781,1
430,1785,1
430,1834,1
430,1865,1
430,1921,1
430,1924,1
430,1944,1
430,1994,1
430,2011,1
430,2019,1
430,2024,1
430,2042,1
430,2066,1
430,2113,1
430,2130,1
430,2165,1
430,2194,1
430,2218,1
430,2219,1
430,2262,1
430,2283,1
430,2294,1
430,2345,1
430,2383,1
430,2463,1
430,2472,1
433,554,1
433,573,1
433,939,1
433,1215,1
433,1425,1
433,1865,1
433,2178,1
442,412,1
442,1847,1
442,2375,1
443,81,1
443,1427,1
444,99,1
449,27,1
449,177,1
449,312,1
449,331,1
449,348,1
449,402,1
449,803,1
449,898,1
449,1044,1
449,1048,1
449,1211,1
449,1526,1
449,1560,1
449,1663,1
449,1687,1
449,1851,1
449,2128,1
449,2187,1
449,2306,1
449,2424,1
449,2466,1
453,79,1
453,99,1
453,412,1
453,742,1
453,1106,1
453,1537,1
453,1880,1
456,326,1
456,399,1
456,1126,1
456,1227,1
456,1591,1
456,1852,1
460,1971,1
462,1241,1
463,29,1
463,45,1
463,213,1
463,273,1
463,307,1
463,323,1
463,427,1
463,429,1
463,700,1
463,780,1
463,939,1
463,989,1
463,1176,1
463,1466,1
463,1468,1
463,1573,1
463,1830,1
463,1868,1
463,1921,1
463,2035,1
463,2198,1
463,2385,1
465,603,1
468,30,1
468,718,1
468,830,1
468,1215,1
468,1324,1
468,1691,1
473,1200,1
476,47,1
476,120,1
476,314,1
477,218,1
477,1537,1
477,1985,1
477,2238,1
486,29,1
486,81,1
486,1626,1
492,943,1
499,1925,1
501,17,1
501,79,1
501,81,1
501,328,1
501,413,1
501,439,1
501,455,1
501,508,1
501,585,1
501,625,1
501,700,1
501,785,1
501,822,1
501,959,1
501,1066,1
501,1148,1
501,1196,1
501,1216,1
501,1250,1
501,1630,1
501,1684,1
501,1695,1
501,1801,1
501,1913,1
501,1921,1
501,1925,1
501,1947,1
501,2080,1
501,2209,1
501,2380,1
504,304,1
504,939,1
504,1137,1
504,1921,1
506,619,1
506,1543,1
513,1834,1
516,1425,1
519,862,1
520,2475,1
524,447,1
524,1673,1
524,1799,1
524,2446,1
524,2471,1
528,2153,1
530,1210,1
530,1600,1
530,1793,1
534,1384,1
536,399,1
536,1939,1
539,304,1
539,430,1
539,939,1
539,1182,1
540,628,1
543,258,1
543,386,1
543,445,1
543,520,1
543,523,1
543,636,1
543,786,1
543,814,1
543,910,1
543,1160,1
543,1236,1
543,1239,1
543,1487,1
543,1663,1
543,1691,1
543,1717,1
543,1762,1
543,1968,1
543,2026,1
543,2072,1
543,2095,1
543,2111,1
543,2253,1
544,959,1
545,1497,1
545,1544,1
545,1933,1
549,939,1
549,1058,1
549,1556,1
549,2400,1
550,187,1
550,405,1
550,1005,1
550,1055,1
550,1316,1
550,1955,1
551,87,1
551,2161,1
556,635,1
556,1215,1
557,238,1
557,275,1
557,552,1
558,1124,1
562,738,1
562,2426,1
564,70,1
564,233,1
564,445,1
564,849,1
564,891,1
564,978,1
564,983,1
564,1026,1
564,1736,1
565,63,1
565,68,1
565,99,1
565,124,1
565,307,1
565,319,1
565,512,1
565,598,1
565,635,1
565,775,1
565,902,1
565,939,1
565,1094,1
565,1160,1
565,1215,1
565,1281,1
565,1425,1
565,1516,1
565,1532,1
565,1566,1
565,1720,1
565,1784,1
565,1841,1
565,1966,1
565,2058,1
565,2164,1
565,2259,1
568,145,1
568,577,1
568,654,1
568,1094,1
568,1111,1
568,1243,1
568,1263,1
568,1293,1
568,2404,1
569,6,1
569,141,1
569,143,1
569,225,1
569,294,1
569,419,1
569,555,1
569,596,1
569,652,1
569,677,1
569,752,1
569,789,1
569,947,1
569,1012,1
569,1136,1
569,1366,1
569,1512,1
569,1563,1
569,1620,1
569,2109,1
569,2333,1
570,144,1
570,1764,1
570,2010,1
572,153,1
572,1132,1
572,1933,1
576,429,1
579,102,1
579,408,1
579,432,1
579,624,1
579,628,1
579,634,1
579,635,1
579,690,1
579,737,1
579,891,1
579,900,1
579,935,1
579,939,1
579,963,1
579,1072,1
579,1094,1
579,1307,1
579,1322,1
579,1351,1
579,1383,1
579,1466,1
579,1601,1
579,1724,1
579,1783,1
579,1847,1
579,1912,1
579,1965,1
579,2035,1
579,2183,1
579,2293,1
579,2342,1
579,2426,1
579,2462,1
580,1080,1
584,99,1
584,124,1
584,142,1
584,242,1
584,274,1
584,451,1
584,697,1
584,706,1
584,707,1
584,857,1
584,895,1
584,1048,1
584,1147,1
584,1299,1
584,1348,1
584,1436,1
584,1506,1
584,1543,1
584,1664,1
584,1733,1
584,1838,1
584,2410,1
586,29,1
586,529,1
586,646,1
586,700,1
586,732,1
586,959,1
586,1828,1
586,2198,1
586,2385,1
586,2412,1
588,839,1
588,1215,1
590,1180,1
590,2064,1
592,939,1
606,234,1
607,47,1
610,150,1
610,181,1
610,273,1
610,405,1
610,777,1
610,1259,1
610,1386,1
610,2362,1
612,456,1
613,530,1
613,1568,1
615,1987,1
616,739,1
616,924,1
616,1637,1
616,1894,1
619,3,1
619,8,1
619,10,1
619,17,1
619,29,1
619,32,1
619,45,1
619,51,1
619,69,1
619,71,1
619,74,1
619,79,1
619,80,1
619,81,1
619,95,1
619,99,1
619,116,1
619,127,1
619,214,1
619,259,1
619,268,1
619,277,1
619,285,1
619,293,1
619,307,1
619,309,1
619,323,1
619,339,1
619,361,1
619,369,1
619,391,1
619,399,1
619,405,1
619,439,1
619,468,1
619,482,1
619,508,1
619,515,1
619,547,1
619,563,1
619,583,1
619,584,1
619,585,1
619,589,1
619,603,1
619,635,1
619,646,1
619,660,1
619,672,1
619,676,1
619,690,1
619,696,1
619,706,1
619,707,1
619,719,1
619,727,1
619,742,1
619,762,1
619,781,1
619,785,1
619,793,1
619,808,1
619,813,1
619,823,1
619,828,1
619,833,1
619,843,1
619,848,1
619,853,1
619,858,1
619,859,1
619,877,1
619,883,1
619,888,1
619,889,1
619,891,1
619,907,1
619,916,1
619,936,1
619,939,1
619,951,1
619,959,1
619,969,1
619,981,1
619,1042,1
619,1097,1
619,1147,1
619,1148,1
619,1161,1
619,1176,1
619,1205,1
619,1206,1
619,1217,1
619,1228,1
619,1234,1
619,1239,1
619,1259,1
619,1270,1
619,1278,1
619,1287,1
619,1325,1
619,1327,1
619,1351,1
619,1394,1
619,1404,1
619,1424,1
619,1426,1
619,1428,1
619,1433,1
619,1434,1
619,1448,1
619,1466,1
619,1468,1
619,1501,1
619,1504,1
619,1507,1
619,1579,1
619,1583,1
619,1585,1
619,1626,1
619,1635,1
619,1647,1
619,1658,1
619,1664,1
619,1684,1
619,1690,1
619,1695,1
619,1708,1
619,1717,1
619,1724,1
619,1748,1
619,1762,1
619,1764,1
619,1778,1
619,1801,1
619,1824,1
619,1827,1
619,1838,1
619,1839,1
619,1846,1
619,1847,1
619,1856,1
619,1913,1
619,1921,1
619,1926,1
619,1932,1
619,1935,1
619,1947,1
619,1957,1
619,1965,1
619,1990,1
619,1997,1
619,2012,1
619,2023,1
619,2044,1
619,2072,1
619,2092,1
619,2107,1
619,2108,1
619,2110,1
619,2119,1
619,2125,1
619,2131,1
619,2133,1
619,2145,1
619,2167,1
619,2173,1
619,2204,1
619,2209,1
619,2223,1
619,2238,1
619,2241,1
619,2263,1
619,2276,1
619,2296,1
619,2299,1
619,2323,1
619,2341,1
619,2352,1
619,2363,1
619,2382,1
619,2385,1
619,2388,1
619,2390,1
619,2391,1
619,2427,1
619,2453,1
619,2458,1
619,2464,1
619,2465,1
619,2469,1
622,29,1
622,529,1
622,646,1
622,700,1
622,732,1
622,959,1
622,1468,1
622,1573,1
622,1830,1
622,2385,1
622,2412,1
623,857,1
623,1727,1
626,503,1
628,93,1
628,408,1
628,593,1
628,634,1
628,636,1
628,637,1
628,778,1
628,1072,1
628,1307,1
628,1488,1
628,1836,1
628,2086,1
628,2342,1
630,307,1
630,829,1
631,55,1
631,955,1
631,1273,1
631,1389,1
631,1756,1
631,1921,1
631,1972,1
639,385,1
639,1236,1
641,635,1
641,939,1
641,1311,1
641,1389,1
642,112,1
642,241,1
642,1585,1
643,110,1
643,1792,1
649,6,1
649,80,1
649,141,1
649,419,1
649,485,1
649,596,1
649,677,1
649,724,1
649,752,1
649,877,1
649,908,1
649,912,1
649,920,1
649,947,1
649,953,1
649,969,1
649,1188,1
649,1366,1
649,1502,1
649,1512,1
649,1563,1
649,1855,1
649,1921,1
649,2140,1
649,2368,1
651,2269,1
653,424,1
653,1126,1
653,1427,1
653,1826,1
653,1834,1
653,1915,1
659,62,1
659,99,1
659,197,1
659,484,1
659,488,1
659,625,1
659,654,1
659,700,1
659,996,1
659,1109,1
659,1196,1
659,1205,1
659,1304,1
659,1391,1
659,1402,1
659,1404,1
659,1405,1
659,1547,1
659,1600,1
659,1721,1
659,1793,1
659,1847,1
659,1858,1
659,1870,1
659,1874,1
659,2425,1
660,1067,1
660,2207,1
662,521,1
663,213,1
663,635,1
663,654,1
663,939,1
663,1139,1
663,1311,1
663,1379,1
663,1510,1
663,1847,1
663,2288,1
667,226,1
667,257,1
667,269,1
667,334,1
667,546,1
667,1005,1
667,1170,1
667,1202,1
667,1309,1
667,1335,1
667,1675,1
667,2008,1
667,2056,1
667,2100,1
667,2350,1
668,144,1
668,628,1
668,997,1
668,1764,1
668,2010,1
669,10,1
669,302,1
669,624,1
669,634,1
669,741,1
669,885,1
669,886,1
669,1039,1
669,1207,1
669,1303,1
669,1321,1
669,1470,1
669,1610,1
669,1754,1
669,1790,1
669,1809,1
669,1836,1
669,2012,1
669,2365,1
671,29,1
671,646,1
671,732,1
671,959,1
671,1221,1
671,1348,1
671,1468,1
671,1664,1
671,1824,1
671,2385,1
678,384,1
681,311,1
681,414,1
681,653,1
681,939,1
681,1994,1
681,2472,1
682,1877,1
688,324,1
688,1196,1
688,1868,1
688,1921,1
688,2196,1
688,2242,1
689,67,1
689,307,1
689,594,1
689,819,1
689,870,1
689,897,1
689,907,1
689,908,1
689,1456,1
689,1537,1
689,1868,1
689,1930,1
689,1999,1
710,4,1
710,47,1
710,304,1
710,619,1
710,687,1
710,743,1
710,765,1
710,905,1
710,1159,1
710,1311,1
710,1336,1
710,2025,1
710,2406,1
712,758,1
712,974,1
712,1059,1
712,1934,1
715,213,1
715,1085,1
715,1094,1
718,140,1
718,201,1
718,384,1
718,508,1
718,769,1
718,833,1
718,939,1
718,1215,1
718,1425,1
718,1455,1
718,1913,1
718,2216,1
722,512,1
722,1215,1
722,1994,1
723,654,1
723,1280,1
723,1314,1
723,1436,1
725,26,1
725,43,1
725,241,1
725,246,1
725,583,1
725,939,1
725,1274,1
725,1316,1
726,700,1
730,1327,1
734,401,1
734,1222,1
743,3,1
743,29,1
743,49,1
743,50,1
743,52,1
743,126,1
743,180,1
743,214,1
743,251,1
743,265,1
743,318,1
743,340,1
743,343,1
743,360,1
743,361,1
743,386,1
743,412,1
743,413,1
743,451,1
743,502,1
743,571,1
743,608,1
743,635,1
743,657,1
743,658,1
743,660,1
743,687,1
743,690,1
743,705,1
743,728,1
743,864,1
743,872,1
743,951,1
743,959,1
743,1009,1
743,1164,1
743,1168,1
743,1173,1
743,1196,1
743,1215,1
743,1219,1
743,1224,1
743,1242,1
743,1251,1
743,1259,1
743,1262,1
743,1282,1
743,1292,1
743,1311,1
743,1385,1
743,1466,1
743,1513,1
743,1545,1
743,1639,1
743,1654,1
743,1669,1
743,1705,1
743,1824,1
743,1839,1
743,1840,1
743,1881,1
743,1885,1
743,1897,1
743,1898,1
743,1913,1
743,1921,1
743,1925,1
743,1941,1
743,1951,1
743,1965,1
743,2055,1
743,2058,1
743,2063,1
743,2064,1
743,2110,1
743,2124,1
743,2140,1
743,2144,1
743,2145,1
743,2192,1
743,2222,1
743,2244,1
743,2270,1
743,2276,1
743,2291,1
743,2317,1
743,2320,1
743,2376,1
743,2384,1
743,2393,1
743,2394,1
743,2401,1
743,2426,1
743,2456,1
743,2469,1
746,1799,1
748,624,1
749,144,1
749,628,1
749,2010,1
755,635,1
755,654,1
755,939,1
758,933,1
760,138,1
760,231,1
760,1160,1
764,635,1
764,687,1
764,1192,1
764,1678,1
764,1745,1
764,1829,1
764,1913,1
764,2193,1
765,102,1
765,307,1
765,328,1
765,432,1
765,487,1
765,507,1
765,531,1
765,603,1
765,628,1
765,634,1
765,635,1
765,637,1
765,660,1
765,700,1
765,732,1
765,737,1
765,747,1
765,864,1
765,900,1
765,935,1
765,939,1
765,959,1
765,1072,1
765,1094,1
765,1196,1
765,1307,1
765,1322,1
765,1351,1
765,1383,1
765,1415,1
765,1416,1
765,1441,1
765,1629,1
765,1724,1
765,1824,1
765,1836,1
765,1839,1
765,1847,1
765,1868,1
765,1921,1
765,1925,1
765,1952,1
765,1955,1
765,1965,1
765,2015,1
765,2035,1
765,2342,1
765,2426,1
765,2462,1
767,346,1
767,391,1
767,459,1
767,520,1
767,577,1
767,690,1
767,800,1
767,843,1
767,844,1
767,925,1
767,981,1
767,1466,1
767,1641,1
767,1724,1
767,1965,1
767,2046,1
768,1292,1
770,1,1
770,3,1
770,37,1
770,161,1
770,285,1
770,295,1
770,374,1
770,386,1
770,392,1
770,672,1
770,885,1
770,1055,1
770,1116,1
770,1130,1
770,1133,1
770,1134,1
770,1321,1
770,1341,1
770,1442,1
770,1605,1
770,1642,1
770,1712,1
770,1822,1
770,1847,1
770,1888,1
770,1900,1
770,1977,1
770,2021,1
770,2097,1
770,2121,1
770,2176,1
770,2272,1
770,2290,1
770,2354,1
770,2416,1
770,2417,1
775,63,1
775,213,1
775,239,1
775,290,1
775,293,1
775,299,1
775,340,1
775,355,1
775,412,1
775,430,1
775,480,1
775,625,1
775,635,1
775,829,1
775,870,1
775,903,1
775,1014,1
775,1094,1
775,1208,1
775,1278,1
775,1287,1
775,1311,1
775,1369,1
775,1404,1
775,1405,1
775,1555,1
775,1585,1
775,1603,1
775,1705,1
775,1775,1
775,1868,1
775,2149,1
775,2214,1
775,2452,1
775,2455,1
776,1770,1
776,2156,1
777,997,1
777,1629,1
777,1795,1
784,939,1
787,102,1
787,756,1
788,306,1
788,1244,1
788,1370,1
788,1415,1
790,619,1
790,1955,1
794,654,1
794,911,1
794,1427,1
796,198,1
805,399,1
805,1939,1
807,213,1
813,515,1
813,654,1
813,788,1
813,793,1
813,1035,1
813,1246,1
813,1381,1
813,1793,1
816,654,1
816,911,1
816,1425,1
818,458,1
818,498,1
818,1081,1
818,1115,1
818,1277,1
818,1686,1
818,2096,1
818,2398,1
819,11,1
819,64,1
819,102,1
819,113,1
819,264,1
819,267,1
819,386,1
819,427,1
819,432,1
819,457,1
819,487,1
819,506,1
819,624,1
819,628,1
819,634,1
819,635,1
819,660,1
819,708,1
819,737,1
819,788,1
819,790,1
819,864,1
819,900,1
819,935,1
819,963,1
819,976,1
819,988,1
819,1072,1
819,1089,1
819,1094,1
819,1196,1
819,1237,1
819,1239,1
819,1322,1
819,1367,1
819,1373,1
819,1383,1
819,1441,1
819,1488,1
819,1528,1
819,1581,1
819,1601,1
819,1724,1
819,1748,1
819,1836,1
819,1847,1
819,1868,1
819,1912,1
819,1921,1
819,1965,1
819,1996,1
819,2003,1
819,2035,1
819,2051,1
819,2053,1
819,2055,1
819,2222,1
819,2293,1
819,2317,1
819,2319,1
819,2342,1
819,2368,1
819,2376,1
819,2384,1
819,2393,1
819,2401,1
819,2435,1
819,2462,1
819,2470,1
821,337,1
821,792,1
822,2145,1
823,43,1
823,328,1
823,491,1
823,532,1
823,608,1
823,840,1
823,1032,1
823,1104,1
823,1130,1
823,1171,1
823,1215,1
823,1705,1
823,1792,1
823,1827,1
823,2093,1
823,2098,1
826,90,1
826,131,1
826,243,1
826,408,1
826,476,1
826,632,1
826,635,1
826,653,1
826,672,1
826,718,1
826,781,1
826,809,1
826,833,1
826,885,1
826,889,1
826,939,1
826,972,1
826,991,1
826,1028,1
826,1042,1
826,1072,1
826,1126,1
826,1263,1
826,1269,1
826,1305,1
826,1307,1
826,1330,1
826,1392,1
826,1397,1
826,1407,1
826,1413,1
826,1425,1
826,1501,1
826,1541,1
826,1755,1
826,1767,1
826,1821,1
826,1864,1
826,1892,1
826,1958,1
826,1974,1
826,1989,1
826,2011,1
826,2325,1
826,2326,1
826,2327,1
826,2359,1
826,2447,1
832,1933,1
835,211,1
835,952,1
836,514,1
836,1315,1
841,454,1
841,2183,1
846,703,1
846,1405,1
847,449,1
851,1215,1
854,2240,1
856,1321,1
856,1880,1
856,1921,1
865,857,1
865,1024,1
865,1371,1
865,1480,1
865,2059,1
866,758,1
866,796,1
866,1059,1
866,1934,1
869,624,1
870,35,1
870,45,1
870,51,1
870,119,1
870,167,1
870,248,1
870,293,1
870,391,1
870,394,1
870,398,1
870,476,1
870,500,1
870,508,1
870,594,1
870,635,1
870,690,1
870,727,1
870,823,1
870,829,1
870,871,1
870,889,1
870,970,1
870,1040,1
870,1049,1
870,1196,1
870,1259,1
870,1321,1
870,1327,1
870,1390,1
870,1404,1
870,1433,1
870,1490,1
870,1537,1
870,1577,1
870,1629,1
870,1694,1
870,1707,1
870,1714,1
870,1769,1
870,1779,1
870,1780,1
870,1834,1
870,1847,1
870,1957,1
870,2012,1
870,2016,1
870,2261,1
870,2385,1
870,2453,1
873,64,1
873,654,1
873,833,1
873,1021,1
873,1026,1
873,2055,1
873,2222,1
873,2244,1
873,2291,1
873,2310,1
873,2317,1
873,2376,1
873,2384,1
873,2393,1
879,654,1
880,939,1
880,1427,1
882,153,1
887,1779,1
890,399,1
890,1939,1
894,1484,1
896,481,1
901,79,1
901,99,1
901,1639,1
901,2171,1
902,81,1
902,158,1
902,164,1
902,307,1
902,328,1
902,340,1
902,377,1
902,418,1
902,438,1
902,452,1
902,476,1
902,515,1
902,742,1
902,774,1
902,823,1
902,1049,1
902,1461,1
902,1476,1
902,1808,1
902,1868,1
902,1922,1
902,2003,1
902,2077,1
902,2242,1
902,2280,1
902,2348,1
902,2474,1
906,30,1
906,842,1
906,968,1
906,1632,1
908,1387,1
909,2369,1
912,231,1
912,635,1
914,573,1
914,2040,1
917,3,1
917,346,1
917,1104,1
917,1205,1
917,1301,1
917,1800,1
917,2183,1
918,92,1
918,307,1
918,430,1
918,654,1
918,721,1
918,737,1
918,1383,1
918,1389,1
918,1415,1
918,1550,1
918,1601,1
918,2053,1
918,2309,1
919,169,1
919,1987,1
931,582,1
932,21,1
932,275,1
932,347,1
932,595,1
932,597,1
932,604,1
932,635,1
932,814,1
932,979,1
932,1009,1
932,1048,1
932,1073,1
932,1074,1
932,1077,1
932,1215,1
932,1230,1
932,1419,1
932,1585,1
932,1641,1
932,1761,1
932,1903,1
932,1904,1
932,1905,1
932,1906,1
932,1908,1
932,1909,1
932,2170,1
932,2176,1
932,2248,1
932,2252,1
932,2336,1
932,2337,1
933,99,1
933,320,1
933,659,1
933,696,1
933,1514,1
933,1725,1
934,68,1
934,190,1
934,214,1
934,508,1
934,584,1
934,706,1
934,725,1
934,797,1
934,1215,1
934,1672,1
934,1702,1
934,1918,1
934,2052,1
934,2202,1
937,413,1
937,510,1
937,883,1
937,1063,1
937,2175,1
938,45,1
938,412,1
938,567,1
938,904,1
938,1651,1
938,2299,1
938,2345,1
940,1408,1
940,1448,1
941,1327,1
942,983,1
942,1921,1
943,63,1
943,87,1
943,307,1
943,1083,1
943,1234,1
943,2154,1
943,2266,1
944,94,1
944,1490,1
945,1404,1
951,116,1
951,258,1
951,413,1
951,430,1
951,512,1
951,581,1
951,660,1
951,700,1
951,823,1
951,872,1
951,939,1
951,1126,1
951,1176,1
951,1205,1
951,1482,1
951,1741,1
951,1810,1
951,1811,1
951,1824,1
951,1839,1
951,1921,1
951,1925,1
951,2058,1
951,2257,1
951,2276,1
951,2347,1
951,2388,1
951,2399,1
955,381,1
955,505,1
955,725,1
955,939,1
955,1105,1
955,1176,1
955,1212,1
955,1270,1
955,1799,1
955,1834,1
955,2123,1
955,2155,1
955,2188,1
955,2316,1
955,2440,1
956,102,1
957,939,1
958,2086,1
960,102,1
960,430,1
960,535,1
960,1245,1
960,1311,1
960,1448,1
960,1730,1
961,311,1
961,526,1
963,11,1
963,452,1
963,619,1
963,860,1
963,1066,1
963,1196,1
963,1352,1
963,1713,1
963,1847,1
963,2435,1
966,3,1
966,672,1
966,756,1
966,788,1
966,1230,1
966,1825,1
967,2425,1
968,571,1
968,881,1
968,1993,1
968,2426,1
973,546,1
973,635,1
973,759,1
973,929,1
973,1962,1
974,1670,1
975,650,1
975,779,1
975,1779,1
975,1815,1
980,216,1
980,811,1
980,953,1
980,1620,1
980,1802,1
980,1980,1
980,2269,1
980,2292,1
984,75,1
984,317,1
984,389,1
984,413,1
984,428,1
984,660,1
984,719,1
984,858,1
984,883,1
984,1007,1
984,1008,1
984,1044,1
984,1087,1
984,1217,1
984,1424,1
984,1426,1
984,1428,1
984,1684,1
984,1840,1
984,1925,1
984,2060,1
984,2135,1
984,2157,1
984,2204,1
984,2276,1
984,2311,1
984,2363,1
984,2382,1
984,2390,1
984,2391,1
984,2396,1
984,2415,1
984,2420,1
986,116,1
986,126,1
986,446,1
986,571,1
986,584,1
986,635,1
986,660,1
986,687,1
986,705,1
986,706,1
986,718,1
986,728,1
986,769,1
986,872,1
986,939,1
986,951,1
986,1064,1
986,1147,1
986,1168,1
986,1173,1
986,1215,1
986,1219,1
986,1224,1
986,1242,1
986,1251,1
986,1282,1
986,1351,1
986,1425,1
986,1885,1
986,1913,1
986,1921,1
986,2063,1
986,2064,1
986,2125,1
986,2426,1
986,2456,1
989,74,1
989,264,1
989,292,1
989,439,1
989,565,1
989,635,1
989,638,1
989,687,1
989,833,1
989,870,1
989,877,1
989,908,1
989,1999,1
990,99,1
990,1466,1
995,1311,1
997,29,1
997,37,1
997,161,1
997,285,1
997,295,1
997,374,1
997,392,1
997,487,1
997,891,1
997,1085,1
997,1116,1
997,1130,1
997,1207,1
997,1341,1
997,1598,1
997,1605,1
997,1642,1
997,1703,1
997,1712,1
997,1758,1
997,1822,1
997,1888,1
997,1977,1
997,2044,1
997,2097,1
997,2354,1
997,2416,1
997,2417,1
999,81,1
999,99,1
999,292,1
999,635,1
999,828,1
999,1427,1
1000,1834,1
1001,603,1
1001,1925,1
1001,2453,1
1003,700,1
1003,1824,1
1004,165,1
1004,399,1
1004,690,1
1004,1464,1
1004,1847,1
1006,102,1
1006,195,1
1006,267,1
1006,359,1
1006,408,1
1006,427,1
1006,531,1
1006,628,1
1006,635,1
1006,690,1
1006,864,1
1006,900,1
1006,907,1
1006,939,1
1006,1019,1
1006,1041,1
1006,1072,1
1006,1165,1
1006,1301,1
1006,1307,1
1006,1322,1
1006,1351,1
1006,1383,1
1006,1406,1
1006,1415,1
1006,1416,1
1006,1429,1
1006,1441,1
1006,1601,1
1006,1614,1
1006,1627,1
1006,1629,1
1006,1805,1
1006,1836,1
1006,1847,1
1006,1868,1
1006,1965,1
1006,1992,1
1006,2007,1
1006,2015,1
1006,2142,1
1006,2293,1
1006,2342,1
1006,2426,1
1006,2462,1
1011,45,1
1011,1981,1
1013,700,1
1013,959,1
1013,1847,1
1013,2249,1
1013,2276,1
1013,2385,1
1013,2465,1
1013,2469,1
1020,696,1
1022,430,1
1027,326,1
1027,625,1
1027,907,1
1027,1158,1
1027,2320,1
1029,3,1
1029,287,1
1029,1178,1
1029,1717,1
1029,1826,1
1029,2032,1
1029,2274,1
1030,187,1
1030,293,1
1031,1673,1
1031,2446,1
1031,2471,1
1034,654,1
1034,911,1
1034,1425,1
1034,1427,1
1036,939,1
1038,2298,1
1050,11,1
1050,193,1
1050,457,1
1050,718,1
1050,781,1
1050,823,1
1050,940,1
1050,1066,1
1050,1182,1
1050,1196,1
1050,1255,1
1050,1352,1
1050,1613,1
1050,1925,1
1050,1999,1
1050,2115,1
1050,2124,1
1050,2406,1
1053,1884,1
1056,681,1
1056,2339,1
1058,41,1
1058,99,1
1058,146,1
1058,326,1
1058,349,1
1058,385,1
1058,690,1
1058,877,1
1058,891,1
1058,969,1
1058,1014,1
1058,1125,1
1058,1427,1
1058,1691,1
1058,1694,1
1066,11,1
1066,214,1
1066,274,1
1066,342,1
1066,361,1
1066,625,1
1066,673,1
1066,674,1
1066,706,1
1066,783,1
1066,878,1
1066,994,1
1066,1052,1
1066,1147,1
1066,1176,1
1066,1205,1
1066,1229,1
1066,1258,1
1066,1259,1
1066,1593,1
1066,1661,1
1066,1695,1
1066,1941,1
1066,2057,1
1066,2077,1
1066,2149,1
1066,2435,1
1070,1582,1
1070,1717,1
1070,1940,1
1077,116,1
1077,239,1
1077,300,1
1077,328,1
1077,364,1
1077,611,1
1077,631,1
1077,939,1
1077,1114,1
1077,1215,1
1077,1227,1
1077,1273,1
1077,1343,1
1077,1416,1
1077,1511,1
1077,1594,1
1077,1756,1
1077,1972,1
1077,2044,1
1077,2368,1
1077,2445,1
1078,917,1
1078,1425,1
1078,2144,1
1079,144,1
1079,628,1
1079,997,1
1079,1764,1
1079,2010,1
1081,286,1
1081,400,1
1081,408,1
1081,430,1
1081,666,1
1081,1149,1
1081,2343,1
1084,1094,1
1084,1215,1
1084,1705,1
1084,1772,1
1085,4,1
1085,8,1
1085,18,1
1085,73,1
1085,78,1
1085,102,1
1085,182,1
1085,213,1
1085,224,1
1085,239,1
1085,259,1
1085,287,1
1085,327,1
1085,354,1
1085,408,1
1085,450,1
1085,478,1
1085,512,1
1085,535,1
1085,809,1
1085,828,1
1085,930,1
1085,935,1
1085,939,1
1085,1045,1
1085,1046,1
1085,1167,1
1085,1189,1
1085,1340,1
1085,1421,1
1085,1423,1
1085,1481,1
1085,1693,1
1085,1726,1
1085,1730,1
1085,1764,1
1085,1776,1
1085,1786,1
1085,1790,1
1085,1836,1
1085,1867,1
1085,1868,1
1085,1921,1
1085,1926,1
1085,1963,1
1085,1997,1
1085,2058,1
1085,2076,1
1085,2086,1
1085,2119,1
1085,2126,1
1085,2232,1
1085,2238,1
1085,2254,1
1085,2278,1
1085,2301,1
1085,2342,1
1085,2366,1
1085,2402,1
1089,63,1
1089,902,1
1090,144,1
1090,628,1
1090,997,1
1090,1764,1
1090,2010,1
1108,64,1
1108,2055,1
1108,2222,1
1108,2244,1
1108,2291,1
1108,2317,1
1108,2320,1
1108,2376,1
1108,2384,1
1108,2393,1
1108,2401,1
1120,414,1
1120,653,1
1120,1215,1
1121,38,1
1121,113,1
1121,884,1
1121,912,1
1121,1089,1
1121,1128,1
2051,1121,0
146,1123,0
654,1123,0
911,1123,0
1050,1123,0
1425,1123,0
1691,1123,0
2124,1123,0
285,1125,0
667,1125,0
203,1127,0
341,1127,0
618,1127,0
654,1127,0
690,1127,0
698,1127,0
891,1127,0
1035,1127,0
1290,1127,0
1500,1127,0
1834,1127,0
95,1138,0
725,1138,0
1181,1138,0
1377,1138,0
1672,1138,0
1702,1138,0
1969,1138,0
2052,1138,0
2202,1138,0
2277,1138,0
81,1142,0
117,1142,0
148,1142,0
157,1142,0
210,1142,0
230,1142,0
293,1142,0
304,1142,0
326,1142,0
388,1142,0
414,1142,0
472,1142,0
490,1142,0
495,1142,0
614,1142,0
675,1142,0
814,1142,0
851,1142,0
876,1142,0
939,1142,0
971,1142,0
1096,1142,0
1140,1142,0
1311,1142,0
1391,1142,0
1716,1142,0
1760,1142,0
2058,1142,0
2237,1142,0
1921,1150,0
249,1152,0
2230,1152,0
38,1154,0
113,1154,0
884,1154,0
912,1154,0
982,1154,0
1348,1154,0
1415,1154,0
1956,1154,0
2305,1154,0
27,1159,0
100,1159,0
134,1159,0
293,1159,0
304,1159,0
307,1159,0
309,1159,0
312,1159,0
336,1159,0
341,1159,0
393,1159,0
412,1159,0
625,1159,0
635,1159,0
707,1159,0
795,1159,0
823,1159,0
843,1159,0
870,1159,0
908,1159,0
962,1159,0
1182,1159,0
1234,1159,0
1235,1159,0
1365,1159,0
1427,1159,0
1480,1159,0
1506,1159,0
1521,1159,0
1543,1159,0
1648,1159,0
1650,1159,0
1663,1159,0
1691,1159,0
1724,1159,0
1765,1159,0
1773,1159,0
1847,1159,0
1868,1159,0
1999,1159,0
2098,1159,0
2238,1159,0
2353,1159,0
2423,1159,0
29,1160,0
759,1160,0
824,1160,0
1058,1160,0
1174,1160,0
255,1162,0
415,1162,0
761,1162,0
861,1162,0
1267,1162,0
1406,1162,0
1457,1162,0
1859,1162,0
1883,1162,0
2132,1162,0
2274,1162,0
2402,1162,0
2404,1162,0
2407,1162,0
2408,1162,0
939,1163,0
1427,1163,0
99,1171,0
1066,1171,0
1259,1171,0
1264,1171,0
1436,1171,0
1862,1171,0
1401,1172,0
1848,1172,0
30,1177,0
339,1177,0
829,1177,0
587,1181,0
635,1181,0
939,1181,0
1202,1181,0
1215,1181,0
1316,1181,0
846,1182,0
1824,1182,0
891,1186,0
1913,1186,0
2183,1186,0
815,1197,0
1739,1197,0
1826,1197,0
619,1198,0
1694,1199,0
108,1202,0
128,1202,0
329,1202,0
505,1202,0
542,1202,0
732,1202,0
833,1202,0
1316,1202,0
1388,1202,0
1712,1202,0
433,1203,0
1443,1203,0
99,1208,0
122,1208,0
171,1208,0
257,1208,0
307,1208,0
434,1208,0
632,1208,0
635,1208,0
659,1208,0
939,1208,0
959,1208,0
1035,1208,0
1049,1208,0
1077,1208,0
1126,1208,0
1196,1208,0
1285,1208,0
1311,1208,0
1319,1208,0
1321,1208,0
1338,1208,0
1629,1208,0
1643,1208,0
1812,1208,0
1874,1208,0
1902,1208,0
2061,1208,0
2081,1208,0
2205,1208,0
2346,1208,0
700,1209,0
1465,1209,0
2385,1209,0
283,1212,0
500,1212,0
1383,1212,0
1415,1212,0
1441,1212,0
1601,1212,0
1697,1212,0
2053,1212,0
2137,1212,0
2309,1212,0
71,1214,0
198,1214,0
270,1214,0
8,1215,0
9,1215,0
40,1215,0
44,1215,0
174,1215,0
203,1215,0
253,1215,0
279,1215,0
307,1215,0
330,1215,0
367,1215,0
378,1215,0
412,1215,0
485,1215,0
490,1215,0
512,1215,0
518,1215,0
522,1215,0
546,1215,0
591,1215,0
633,1215,0
635,1215,0
690,1215,0
744,1215,0
759,1215,0
800,1215,0
801,1215,0
833,1215,0
877,1215,0
891,1215,0
899,1215,0
922,1215,0
929,1215,0
939,1215,0
977,1215,0
1055,1215,0
1119,1215,0
1143,1215,0
1175,1215,0
1176,1215,0
1179,1215,0
1198,1215,0
1315,1215,0
1431,1215,0
1432,1215,0
1455,1215,0
1466,1215,0
1529,1215,0
1530,1215,0
1553,1215,0
1569,1215,0
1602,1215,0
1654,1215,0
1691,1215,0
1706,1215,0
1724,1215,0
1729,1215,0
1736,1215,0
1746,1215,0
1808,1215,0
1896,1215,0
1899,1215,0
1901,1215,0
1962,1215,0
1965,1215,0
1966,1215,0
1986,1215,0
2236,1215,0
2237,1215,0
2238,1215,0
2330,1215,0
2333,1215,0
2334,1215,0
2340,1215,0
2347,1215,0
2378,1215,0
2379,1215,0
2389,1215,0
531,1218,0
624,1218,0
65,1220,0
99,1220,0
129,1220,0
237,1220,0
303,1220,0
412,1220,0
450,1220,0
469,1220,0
605,1220,0
617,1220,0
629,1220,0
704,1220,0
745,1220,0
1345,1220,0
1385,1220,0
1511,1220,0
1877,1220,0
1921,1220,0
1926,1220,0
2047,1220,0
2163,1220,0
2268,1220,0
508,1221,0
984,1221,0
843,1222,0
1490,1222,0
2410,1222,0
355,1223,0
585,1223,0
1461,1223,0
1552,1223,0
1853,1223,0
2263,1223,0
2289,1223,0
2373,1223,0
47,1225,0
81,1225,0
99,1225,0
136,1225,0
153,1225,0
213,1225,0
902,1225,0
1110,1225,0
1213,1225,0
1895,1225,0
512,1226,0
700,1228,0
2385,1228,0
63,1231,0
215,1231,0
269,1231,0
326,1231,0
433,1231,0
470,1231,0
519,1231,0
563,1231,0
620,1231,0
635,1231,0
638,1231,0
709,1231,0
758,1231,0
833,1231,0
1215,1231,0
1591,1231,0
1820,1231,0
340,1252,0
126,1253,0
214,1253,0
274,1253,0
361,1253,0
625,1253,0
660,1253,0
687,1253,0
728,1253,0
833,1253,0
872,1253,0
939,1253,0
1215,1253,0
1219,1253,0
1224,1253,0
1251,1253,0
1351,1253,0
1885,1253,0
1921,1253,0
2063,1253,0
2068,1253,0
2125,1253,0
2225,1253,0
2456,1253,0
334,1254,0
1973,1254,0
63,1264,0
282,1264,0
326,1264,0
333,1264,0
470,1264,0
479,1264,0
635,1264,0
669,1264,0
687,1264,0
833,1264,0
1215,1264,0
1230,1264,0
1298,1264,0
1555,1264,0
1728,1264,0
1820,1264,0
1987,1264,0
2035,1264,0
2081,1264,0
2183,1264,0
2266,1264,0
2364,1264,0
519,1268,0
745,1268,0
939,1268,0
1445,1268,0
1682,1268,0
591,1274,0
1021,1274,0
1294,1274,0
1779,1274,0
571,1277,0
788,1277,0
1657,1277,0
34,1280,0
47,1280,0
266,1280,0
681,1280,0
690,1280,0
801,1280,0
1094,1280,0
1118,1280,0
1868,1280,0
2284,1280,0
21,1282,0
347,1282,0
563,1282,0
595,1282,0
648,1282,0
979,1282,0
1073,1282,0
1077,1282,0
1215,1282,0
1278,1282,0
1416,1282,0
1585,1282,0
1641,1282,0
1794,1282,0
1895,1282,0
1902,1282,0
1903,1282,0
1904,1282,0
1905,1282,0
1909,1282,0
2170,1282,0
2178,1282,0
2248,1282,0
2252,1282,0
2336,1282,0
1629,1283,0
1992,1283,0
99,1284,0
1568,1286,0
21,1288,0
275,1288,0
347,1288,0
595,1288,0
597,1288,0
604,1288,0
648,1288,0
814,1288,0
979,1288,0
1073,1288,0
1074,1288,0
1077,1288,0
1585,1288,0
1834,1288,0
1902,1288,0
1905,1288,0
1906,1288,0
1908,1288,0
1909,1288,0
1975,1288,0
2171,1288,0
2178,1288,0
2185,1288,0
2252,1288,0
149,1292,0
394,1292,0
631,1292,0
635,1292,0
822,1292,0
889,1292,0
893,1292,0
918,1292,0
939,1292,0
1077,1292,0
1215,1292,0
1287,1292,0
1384,1292,0
1404,1292,0
1523,1292,0
1972,1292,0
2090,1292,0
269,1300,0
823,1300,0
939,1300,0
2368,1300,0
700,1302,0
779,1302,0
959,1302,0
1024,1302,0
1445,1302,0
1690,1302,0
1723,1302,0
1824,1302,0
2242,1302,0
63,1304,0
340,1304,0
927,1304,0
1085,1304,0
1834,1304,0
1633,1305,0
625,1306,0
526,1309,0
907,1309,0
1291,1309,0
1441,1309,0
1500,1309,0
7,1311,0
47,1311,0
55,1311,0
80,1311,0
88,1311,0
97,1311,0
101,1311,0
106,1311,0
109,1311,0
149,1311,0
155,1311,0
179,1311,0
186,1311,0
223,1311,0
253,1311,0
262,1311,0
269,1311,0
279,1311,0
285,1311,0
290,1311,0
293,1311,0
304,1311,0
307,1311,0
326,1311,0
332,1311,0
358,1311,0
415,1311,0
459,1311,0
471,1311,0
493,1311,0
494,1311,0
496,1311,0
503,1311,0
554,1311,0
563,1311,0
629,1311,0
635,1311,0
653,1311,0
654,1311,0
681,1311,0
683,1311,0
701,1311,0
714,1311,0
720,1311,0
735,1311,0
736,1311,0
781,1311,0
814,1311,0
838,1311,0
855,1311,0
862,1311,0
874,1311,0
877,1311,0
892,1311,0
997,1311,0
1033,1311,0
1039,1311,0
1049,1311,0
1057,1311,0
1058,1311,0
1069,1311,0
1078,1311,0
1098,1311,0
1126,1311,0
1150,1311,0
1182,1311,0
1259,1311,0
1263,1311,0
1278,1311,0
1290,1311,0
1310,1311,0
1315,1311,0
1329,1311,0
1342,1311,0
1351,1311,0
1404,1311,0
1405,1311,0
1439,1311,0
1447,1311,0
1454,1311,0
1455,1311,0
1471,1311,0
1592,1311,0
1603,1311,0
1653,1311,0
1665,1311,0
1677,1311,0
1691,1311,0
1700,1311,0
1729,1311,0
1744,1311,0
1773,1311,0
1798,1311,0
1802,1311,0
1812,1311,0
1865,1311,0
1873,1311,0
1887,1311,0
1913,1311,0
1921,1311,0
1924,1311,0
1926,1311,0
1946,1311,0
2005,1311,0
2034,1311,0
2067,1311,0
2085,1311,0
2113,1311,0
2130,1311,0
2231,1311,0
2238,1311,0
2303,1311,0
2340,1311,0
2345,1311,0
2353,1311,0
2406,1311,0
2463,1311,0
939,1312,0
51,1313,0
1302,1313,0
1350,1313,0
1873,1313,0
100,1314,0
116,1314,0
188,1314,0
254,1314,0
361,1314,0
433,1314,0
563,1314,0
637,1314,0
758,1314,0
796,1314,0
939,1314,0
974,1314,0
1215,1314,0
1348,1314,0
1425,1314,0
1621,1314,0
1679,1314,0
1747,1314,0
2466,1314,0
603,1317,0
679,1317,0
923,1317,0
928,1317,0
1293,1317,0
1441,1317,0
1547,1317,0
1611,1317,0
1618,1317,0
2220,1317,0
1275,1323,0
300,1332,0
605,1332,0
1086,1332,0
1415,1332,0
1441,1332,0
1503,1332,0
2075,1332,0
2224,1332,0
2324,1332,0
47,1334,0
419,1334,0
1092,1334,0
1882,1337,0
78,1339,0
139,1339,0
163,1339,0
408,1339,0
411,1339,0
478,1339,0
624,1339,0
634,1339,0
637,1339,0
717,1339,0
741,1339,0
773,1339,0
791,1339,0
817,1339,0
886,1339,0
935,1339,0
1045,1339,0
1135,1339,0
1153,1339,0
1167,1339,0
1189,1339,0
1387,1339,0
1423,1339,0
1470,1339,0
1481,1339,0
1522,1339,0
1535,1339,0
1561,1339,0
1615,1339,0
1655,1339,0
1693,1339,0
1754,1339,0
1776,1339,0
1786,1339,0
1793,1339,0
1809,1339,0
1836,1339,0
1867,1339,0
1963,1339,0
1997,1339,0
2065,1339,0
2180,1339,0
2232,1339,0
2238,1339,0
2254,1339,0
2301,1339,0
2342,1339,0
63,1340,0
635,1340,0
644,1340,0
761,1340,0
902,1340,0
1580,1340,0
1682,1340,0
1792,1340,0
1900,1340,0
1920,1340,0
2361,1340,0
2261,1343,0
79,1346,0
99,1346,0
690,1346,0
750,1346,0
1965,1346,0
674,1348,0
1258,1348,0
64,1353,0
1705,1353,0
2055,1353,0
2222,1353,0
2244,1353,0
2317,1353,0
2320,1353,0
2376,1353,0
2384,1353,0
2393,1353,0
2401,1353,0
2409,1353,0
29,1355,0
221,1355,0
339,1355,0
341,1355,0
386,1355,0
399,1355,0
426,1355,0
448,1355,0
452,1355,0
459,1355,0
512,1355,0
563,1355,0
577,1355,0
654,1355,0
656,1355,0
661,1355,0
664,1355,0
857,1355,0
920,1355,0
939,1355,0
1048,1355,0
1143,1355,0
1243,1355,0
1265,1355,0
1293,1355,0
1458,1355,0
1489,1355,0
1510,1355,0
1529,1355,0
1530,1355,0
1576,1355,0
1602,1355,0
1712,1355,0
1868,1355,0
1879,1355,0
1921,1355,0
1993,1355,0
1980,1358,0
102,1359,0
408,1359,0
427,1359,0
432,1359,0
624,1359,0
634,1359,0
635,1359,0
690,1359,0
864,1359,0
935,1359,0
939,1359,0
963,1359,0
1072,1359,0
1094,1359,0
1322,1359,0
1351,1359,0
1383,1359,0
1415,1359,0
1441,1359,0
1466,1359,0
1488,1359,0
1724,1359,0
1783,1359,0
1836,1359,0
1847,1359,0
1868,1359,0
1912,1359,0
1921,1359,0
2035,1359,0
2053,1359,0
2183,1359,0
2293,1359,0
2342,1359,0
2426,1359,0
2462,1359,0
1158,1360,0
79,1365,0
99,1365,0
430,1365,0
563,1365,0
933,1365,0
1091,1365,0
1278,1365,0
1469,1365,0
1921,1365,0
2039,1365,0
2044,1365,0
1663,1371,0
1274,1377,0
539,1378,0
399,1380,0
23,1381,0
173,1381,0
293,1381,0
537,1381,0
559,1381,0
603,1381,0
619,1381,0
645,1381,0
1205,1381,0
1236,1381,0
1473,1381,0
1614,1381,0
1778,1381,0
1846,1381,0
1921,1381,0
1955,1381,0
1999,1381,0
2404,1381,0
399,1393,0
1939,1393,0
206,1396,0
370,1396,0
619,1396,0
913,1396,0
1113,1396,0
1122,1396,0
1347,1396,0
1450,1396,0
1953,1396,0
654,1400,0
1847,1400,0
102,1403,0
133,1403,0
189,1403,0
427,1403,0
432,1403,0
602,1403,0
624,1403,0
628,1403,0
634,1403,0
635,1403,0
716,1403,0
729,1403,0
864,1403,0
935,1403,0
939,1403,0
963,1403,0
1094,1403,0
1232,1403,0
1351,1403,0
1383,1403,0
1415,1403,0
1416,1403,0
1441,1403,0
1495,1403,0
1513,1403,0
1545,1403,0
1711,1403,0
1724,1403,0
1783,1403,0
1868,1403,0
1912,1403,0
1921,1403,0
1965,1403,0
2015,1403,0
2035,1403,0
2053,1403,0
2342,1403,0
2411,1403,0
2462,1403,0
213,1404,0
939,1409,0
1834,1409,0
107,1411,0
870,1411,0
1539,1411,0
1868,1411,0
1899,1411,0
1999,1411,0
2447,1411,0
2331,1417,0
939,1422,0
2281,1422,0
95,1435,0
725,1435,0
1181,1435,0
1316,1435,0
1377,1435,0
1672,1435,0
1969,1435,0
2052,1435,0
99,1436,0
281,1436,0
718,1436,0
848,1436,0
1514,1436,0
1848,1436,0
2118,1436,0
2144,1436,0
1993,1437,0
629,1438,0
632,1438,0
672,1438,0
1321,1438,0
1958,1438,0
2325,1438,0
63,1439,0
283,1439,0
326,1439,0
635,1439,0
669,1439,0
684,1439,0
1215,1439,0
1230,1439,0
1820,1439,0
1999,1439,0
2035,1439,0
2081,1439,0
2183,1439,0
8,1450,0
207,1450,0
304,1450,0
653,1450,0
690,1450,0
781,1450,0
800,1450,0
855,1450,0
877,1450,0
1315,1450,0
1351,1450,0
1418,1450,0
2149,1450,0
2356,1450,0
99,1452,0
1886,1452,0
99,1459,0
153,1459,0
90,1469,0
131,1469,0
408,1469,0
634,1469,0
718,1469,0
781,1469,0
833,1469,0
885,1469,0
891,1469,0
935,1469,0
939,1469,0
972,1469,0
1028,1469,0
1060,1469,0
1080,1469,0
1126,1469,0
1196,1469,0
1263,1469,0
1307,1469,0
1330,1469,0
1397,1469,0
1407,1469,0
1413,1469,0
1425,1469,0
1488,1469,0
1501,1469,0
1532,1469,0
1574,1469,0
1722,1469,0
1755,1469,0
1836,1469,0
1867,1469,0
1892,1469,0
1974,1469,0
1989,1469,0
2011,1469,0
2342,1469,0
2447,1469,0
399,1472,0
635,1472,0
1170,1472,0
1620,1472,0
1802,1472,0
1980,1472,0
2269,1472,0
2292,1472,0
265,1474,0
635,1474,0
61,1475,0
191,1475,0
376,1475,0
413,1475,0
437,1475,0
527,1475,0
655,1475,0
685,1475,0
1025,1475,0
1095,1475,0
1119,1475,0
1233,1475,0
1336,1475,0
1404,1475,0
1462,1475,0
1644,1475,0
1766,1475,0
1813,1475,0
312,1480,0
449,1480,0
653,1480,0
758,1480,0
1205,1480,0
1272,1480,0
1551,1480,0
1691,1480,0
1705,1480,0
1851,1480,0
2238,1480,0
2349,1480,0
265,1485,0
213,1486,0
838,1486,0
954,1486,0
63,1491,0
326,1491,0
635,1491,0
669,1491,0
1820,1491,0
1999,1491,0
2035,1491,0
2081,1491,0
628,1492,0
415,1496,0
373,1498,0
1050,1498,0
1446,1498,0
834,1503,0
2053,1503,0
2238,1503,0
304,1505,0
939,1505,0
1311,1505,0
1688,1505,0
1118,1507,0
1509,1515,0
560,1519,0
1477,1519,0
1540,1519,0
245,1520,0
351,1520,0
563,1520,0
812,1520,0
939,1520,0
1404,1520,0
1533,1520,0
386,1526,0
2238,1526,0
29,1531,0
188,1531,0
700,1531,0
959,1531,0
1221,1531,0
1348,1531,0
1468,1531,0
1664,1531,0
1824,1531,0
1847,1531,0
2385,1531,0
635,1542,0
826,1542,0
939,1542,0
2122,1542,0
79,1543,0
276,1543,0
328,1543,0
350,1543,0
353,1543,0
575,1543,0
644,1543,0
1219,1543,0
1259,1543,0
1516,1543,0
1754,1543,0
1847,1543,0
98,1544,0
328,1544,0
341,1544,0
412,1544,0
600,1544,0
840,1544,0
870,1544,0
908,1544,0
1182,1544,0
1480,1544,0
1543,1544,0
1695,1544,0
1765,1544,0
1847,1544,0
1868,1544,0
2098,1544,0
102,1546,0
408,1546,0
427,1546,0
635,1546,0
737,1546,0
763,1546,0
935,1546,0
939,1546,0
963,1546,0
1094,1546,0
1307,1546,0
1322,1546,0
1351,1546,0
1383,1546,0
1415,1546,0
1416,1546,0
1441,1546,0
1466,1546,0
1724,1546,0
1783,1546,0
1847,1546,0
1868,1546,0
1912,1546,0
1921,1546,0
1965,1546,0
2015,1546,0
2053,1546,0
2293,1546,0
2342,1546,0
2462,1546,0
755,1549,0
870,1558,0
1999,1558,0
213,1559,0
258,1559,0
346,1559,0
445,1559,0
520,1559,0
571,1559,0
636,1559,0
686,1559,0
786,1559,0
814,1559,0
910,1559,0
966,1559,0
1054,1559,0
1160,1559,0
1183,1559,0
1293,1559,0
1331,1559,0
1630,1559,0
1663,1559,0
1691,1559,0
1968,1559,0
2026,1559,0
2058,1559,0
2095,1559,0
2111,1559,0
2279,1559,0
1991,1564,0
2240,1566,0
19,1568,0
292,1568,0
625,1568,0
690,1568,0
964,1568,0
1102,1568,0
1448,1568,0
1663,1568,0
1694,1568,0
1715,1568,0
1976,1568,0
2035,1568,0
2138,1568,0
2242,1568,0
2469,1568,0
1688,1572,0
1921,1572,0
635,1575,0
2010,1575,0
47,1578,0
1278,1578,0
2087,1578,0
1242,1581,0
441,1586,0
665,1586,0
1847,1588,0
2125,1596,0
408,1597,0
628,1597,0
634,1597,0
1072,1597,0
1307,1597,0
1322,1597,0
1488,1597,0
2342,1597,0
2462,1597,0
1834,1604,0
23,1606,0
190,1606,0
584,1606,0
706,1606,0
725,1606,0
1181,1606,0
1672,1606,0
1702,1606,0
1969,1606,0
2052,1606,0
2202,1606,0
1847,1608,0
546,1609,0
974,1609,0
1459,1609,0
1819,1609,0
1970,1609,0
2035,1609,0
2443,1609,0
619,1616,0
823,1616,0
1018,1616,0
1142,1616,0
1976,1616,0
144,1617,0
628,1617,0
997,1617,0
1764,1617,0
2010,1617,0
939,1623,0
304,1625,0
647,1625,0
28,1629,0
32,1629,0
195,1629,0
307,1629,0
660,1629,0
974,1629,0
1040,1629,0
1049,1629,0
1574,1629,0
32,1631,0
74,1631,0
603,1631,0
822,1631,0
939,1631,0
1113,1631,0
1147,1631,0
1287,1631,0
1565,1631,0
571,1632,0
881,1632,0
2426,1632,0
1497,1634,0
216,1637,0
591,1637,0
1702,1637,0
2148,1637,0
385,1645,0
412,1645,0
1848,1645,0
1875,1645,0
2405,1645,0
673,1652,0
810,1652,0
1205,1652,0
328,1653,0
1215,1653,0
2128,1653,0
79,1670,0
1460,1670,0
2124,1670,0
2310,1670,0
1613,1671,0
1673,1671,0
2446,1671,0
241,1672,0
635,1672,0
939,1672,0
1215,1672,0
1316,1672,0
1834,1672,0
574,1679,0
1264,1679,0
1414,1679,0
1933,1679,0
1738,1680,0
2385,1680,0
924,1681,0
1731,1681,0
690,1692,0
847,1692,0
1420,1692,0
1512,1692,0
1234,1697,0
2238,1697,0
92,1700,0
176,1700,0
196,1700,0
380,1700,0
690,1700,0
796,1700,0
1005,1700,0
1126,1700,0
1195,1700,0
1215,1700,0
1467,1700,0
1865,1700,0
2105,1700,0
2225,1700,0
187,1701,0
241,1702,0
587,1702,0
969,1702,0
1005,1702,0
1202,1702,0
1215,1702,0
1309,1702,0
1316,1702,0
2273,1702,0
415,1709,0
465,1709,0
713,1709,0
2112,1709,0
269,1710,0
383,1710,0
889,1718,0
959,1718,0
300,1719,0
605,1719,0
1415,1719,0
1441,1719,0
1503,1719,0
2075,1719,0
2224,1719,0
2308,1719,0
2309,1719,0
739,1731,0
3,1733,0
213,1733,0
255,1733,0
293,1733,0
315,1733,0
325,1733,0
464,1733,0
693,1733,0
761,1733,0
861,1733,0
939,1733,0
1131,1733,0
1160,1733,0
1208,1733,0
1405,1733,0
1583,1733,0
1704,1733,0
2020,1733,0
2407,1733,0
2408,1733,0
30,1734,0
59,1734,0
244,1734,0
311,1734,0
1196,1734,0
1263,1734,0
1553,1734,0
1799,1734,0
2446,1734,0
273,1738,0
430,1744,0
681,1746,0
1860,1746,0
2318,1746,0
706,1749,0
1233,1750,0
296,1751,0
1717,1751,0
1660,1753,0
1534,1757,0
1607,1757,0
635,1759,0
989,1759,0
1868,1759,0
2035,1759,0
119,1769,0
476,1769,0
25,1770,0
32,1770,0
126,1770,0
242,1770,0
335,1770,0
467,1770,0
625,1770,0
635,1770,0
687,1770,0
706,1770,0
728,1770,0
743,1770,0
751,1770,0
820,1770,0
833,1770,0
872,1770,0
939,1770,0
1052,1770,0
1064,1770,0
1147,1770,0
1205,1770,0
1209,1770,0
1215,1770,0
1224,1770,0
1351,1770,0
1705,1770,0
1868,1770,0
1885,1770,0
1913,1770,0
1921,1770,0
1932,1770,0
1978,1770,0
2125,1770,0
2309,1770,0
2456,1770,0
99,1771,0
144,1771,0
188,1771,0
270,1771,0
355,1771,0
412,1771,0
520,1771,0
637,1771,0
939,1771,0
1145,1771,0
1156,1771,0
1348,1771,0
1425,1771,0
1621,1771,0
1679,1771,0
1691,1771,0
1705,1771,0
1817,1771,0
1832,1771,0
2189,1771,0
2200,1771,0
2267,1771,0
635,1773,0
1633,1773,0
1868,1773,0
1659,1774,0
258,1777,0
300,1777,0
314,1777,0
846,1777,0
654,1782,0
911,1782,0
1425,1782,0
1427,1782,0
220,1787,0
1389,1796,0
79,1802,0
228,1802,0
283,1802,0
635,1802,0
687,1802,0
690,1802,0
819,1802,0
833,1802,0
1230,1802,0
1280,1802,0
1537,1802,0
2035,1802,0
505,1804,0
711,1804,0
1291,1804,0
2137,1804,0
68,1806,0
190,1806,0
214,1806,0
584,1806,0
725,1806,0
797,1806,0
1181,1806,0
1196,1806,0
1215,1806,0
1377,1806,0
1672,1806,0
1702,1806,0
1918,1806,0
1969,1806,0
2202,1806,0
2277,1806,0
3,1807,0
82,1810,0
891,1810,0
1811,1810,0
1925,1810,0
2058,1810,0
1963,1814,0
1196,1816,0
1234,1818,0
1921,1818,0
65,1819,0
114,1819,0
126,1819,0
130,1819,0
188,1819,0
307,1819,0
326,1819,0
340,1819,0
360,1819,0
375,1819,0
386,1819,0
399,1819,0
404,1819,0
412,1819,0
417,1819,0
436,1819,0
520,1819,0
525,1819,0
542,1819,0
561,1819,0
571,1819,0
602,1819,0
603,1819,0
608,1819,0
625,1819,0
628,1819,0
634,1819,0
635,1819,0
659,1819,0
665,1819,0
667,1819,0
670,1819,0
673,1819,0
674,1819,0
690,1819,0
700,1819,0
705,1819,0
709,1819,0
718,1819,0
728,1819,0
743,1819,0
798,1819,0
806,1819,0
843,1819,0
864,1819,0
893,1819,0
939,1819,0
951,1819,0
994,1819,0
1004,1819,0
1009,1819,0
1058,1819,0
1062,1819,0
1066,1819,0
1078,1819,0
1097,1819,0
1103,1819,0
1173,1819,0
1176,1819,0
1186,1819,0
1196,1819,0
1205,1819,0
1206,1819,0
1208,1819,0
1215,1819,0
1219,1819,0
1224,1819,0
1230,1819,0
1251,1819,0
1258,1819,0
1259,1819,0
1268,1819,0
1320,1819,0
1348,1819,0
1351,1819,0
1385,1819,0
1404,1819,0
1466,1819,0
1565,1819,0
1621,1819,0
1638,1819,0
1654,1819,0
1704,1819,0
1705,1819,0
1724,1819,0
1824,1819,0
1836,1819,0
1868,1819,0
1885,1819,0
1892,1819,0
1898,1819,0
1899,1819,0
1914,1819,0
1921,1819,0
1926,1819,0
1929,1819,0
1932,1819,0
1965,1819,0
1984,1819,0
1992,1819,0
1998,1819,0
2064,1819,0
2124,1819,0
2125,1819,0
2144,1819,0
2179,1819,0
2191,1819,0
2342,1819,0
2395,1819,0
2411,1819,0
2426,1819,0
2427,1819,0
2443,1819,0
2456,1819,0
2475,1819,0
939,1823,0
874,1831,0
1763,1831,0
340,1833,0
635,1833,0
1014,1833,0
1585,1833,0
24,1834,0
79,1834,0
158,1834,0
213,1834,0
272,1834,0
284,1834,0
348,1834,0
386,1834,0
394,1834,0
439,1834,0
471,1834,0
690,1834,0
766,1834,0
825,1834,0
1117,1834,0
1290,1834,0
1325,1834,0
1327,1834,0
1363,1834,0
1404,1834,0
1416,1834,0
1527,1834,0
1575,1834,0
1641,1834,0
1667,1834,0
1737,1834,0
1758,1834,0
1802,1834,0
1880,1834,0
1907,1834,0
1926,1834,0
1948,1834,0
1967,1834,0
2054,1834,0
2064,1834,0
2116,1834,0
2144,1834,0
2197,1834,0
2224,1834,0
2345,1834,0
2351,1834,0
687,1835,0
1921,1835,0
2261,1835,0
50,1842,0
505,1842,0
1415,1842,0
1441,1842,0
1676,1842,0
430,1844,0
1327,1844,0
79,1849,0
99,1849,0
566,1849,0
1514,1849,0
757,1854,0
906,1854,0
1277,1854,0
2459,1854,0
1040,1861,0
2035,1866,0
11,1868,0
29,1868,0
32,1868,0
80,1868,0
214,1868,0
232,1868,0
242,1868,0
251,1868,0
274,1868,0
328,1868,0
345,1868,0
361,1868,0
391,1868,0
412,1868,0
619,1868,0
625,1868,0
669,1868,0
690,1868,0
700,1868,0
706,1868,0
707,1868,0
732,1868,0
843,1868,0
867,1868,0
949,1868,0
959,1868,0
1066,1868,0
1100,1868,0
1161,1868,0
1165,1868,0
1205,1868,0
1215,1868,0
1259,1868,0
1311,1868,0
1466,1868,0
1501,1868,0
1661,1868,0
1724,1868,0
1788,1868,0
1838,1868,0
1847,1868,0
1893,1868,0
1925,1868,0
1992,1868,0
2000,1868,0
2182,1868,0
2385,1868,0
2435,1868,0
2453,1868,0
2458,1868,0
2464,1868,0
2465,1868,0
2468,1868,0
758,1869,0
796,1869,0
974,1869,0
1059,1869,0
1934,1869,0
2316,1872,0
38,1876,0
884,1876,0
912,1876,0
1128,1876,0
1348,1876,0
2051,1876,0
430,1878,0
567,1878,0
1327,1878,0
29,1881,0
213,1881,0
318,1881,0
635,1881,0
658,1881,0
687,1881,0
833,1881,0
939,1881,0
951,1881,0
1164,1881,0
1215,1881,0
1219,1881,0
1351,1881,0
1545,1881,0
1839,1881,0
1885,1881,0
1898,1881,0
1913,1881,0
1941,1881,0
1951,1881,0
2063,1881,0
2125,1881,0
2140,1881,0
2145,1881,0
2456,1881,0
863,1884,0
1209,1889,0
2036,1895,0
11,1899,0
213,1899,0
290,1899,0
457,1899,0
706,1899,0
1066,1899,0
1352,1899,0
1404,1899,0
2307,1899,0
1362,1911,0
1868,1911,0
2307,1911,0
399,1917,0
1939,1917,0
51,1919,0
99,1919,0
891,1919,0
1140,1919,0
1215,1919,0
1427,1919,0
1445,1919,0
2035,1919,0
2056,1919,0
2276,1919,0
304,1923,0
655,1923,0
939,1923,0
1182,1923,0
99,1928,0
47,1934,0
130,1935,0
213,1935,0
293,1935,0
384,1935,0
706,1935,0
840,1935,0
926,1935,0
1049,1935,0
1118,1935,0
1144,1935,0
1196,1935,0
1221,1935,0
1239,1935,0
1296,1935,0
1444,1935,0
1565,1935,0
1640,1935,0
1847,1935,0
1895,1935,0
1968,1935,0
2073,1935,0
2432,1935,0
2473,1935,0
1377,1936,0
1125,1938,0
635,1942,0
714,1942,0
1802,1942,0
430,1943,0
328,1949,0
2406,1949,0
65,1950,0
116,1950,0
178,1950,0
179,1950,0
188,1950,0
300,1950,0
306,1950,0
405,1950,0
533,1950,0
609,1950,0
619,1950,0
696,1950,0
771,1950,0
868,1950,0
915,1950,0
939,1950,0
1005,1950,0
1030,1950,0
1142,1950,0
1161,1950,0
1187,1950,0
1189,1950,0
1191,1950,0
1316,1950,0
1327,1950,0
1328,1950,0
1405,1950,0
1497,1950,0
1499,1950,0
1533,1950,0
1584,1950,0
1619,1950,0
1712,1950,0
1717,1950,0
1937,1950,0
1955,1950,0
1997,1950,0
2129,1950,0
2307,1950,0
2310,1950,0
268,1951,0
700,1951,0
858,1951,0
859,1951,0
1196,1951,0
1217,1951,0
1426,1951,0
1661,1951,0
1664,1951,0
1847,1951,0
1925,1951,0
2204,1951,0
2363,1951,0
2382,1951,0
2390,1951,0
2391,1951,0
48,1952,0
1660,1952,0
1819,1952,0
3,1955,0
4,1955,0
8,1955,0
17,1955,0
29,1955,0
32,1955,0
45,1955,0
51,1955,0
69,1955,0
71,1955,0
74,1955,0
79,1955,0
80,1955,0
95,1955,0
116,1955,0
127,1955,0
186,1955,0
214,1955,0
235,1955,0
241,1955,0
251,1955,0
259,1955,0
268,1955,0
274,1955,0
285,1955,0
304,1955,0
307,1955,0
323,1955,0
326,1955,0
328,1955,0
339,1955,0
361,1955,0
369,1955,0
391,1955,0
399,1955,0
405,1955,0
412,1955,0
413,1955,0
422,1955,0
439,1955,0
466,1955,0
482,1955,0
508,1955,0
515,1955,0
517,1955,0
546,1955,0
547,1955,0
563,1955,0
584,1955,0
585,1955,0
603,1955,0
619,1955,0
638,1955,0
646,1955,0
660,1955,0
672,1955,0
676,1955,0
688,1955,0
690,1955,0
696,1955,0
700,1955,0
706,1955,0
707,1955,0
732,1955,0
733,1955,0
762,1955,0
767,1955,0
793,1955,0
809,1955,0
813,1955,0
823,1955,0
828,1955,0
848,1955,0
853,1955,0
858,1955,0
870,1955,0
877,1955,0
883,1955,0
888,1955,0
891,1955,0
907,1955,0
916,1955,0
933,1955,0
936,1955,0
939,1955,0
951,1955,0
965,1955,0
969,1955,0
981,1955,0
993,1955,0
1064,1955,0
1066,1955,0
1097,1955,0
1126,1955,0
1144,1955,0
1147,1955,0
1148,1955,0
1161,1955,0
1176,1955,0
1196,1955,0
1206,1955,0
1215,1955,0
1217,1955,0
1221,1955,0
1228,1955,0
1234,1955,0
1239,1955,0
1240,1955,0
1250,1955,0
1259,1955,0
1270,1955,0
1278,1955,0
1287,1955,0
1325,1955,0
1327,1955,0
1351,1955,0
1404,1955,0
1433,1955,0
1434,1955,0
1466,1955,0
1501,1955,0
1507,1955,0
1579,1955,0
1583,1955,0
1626,1955,0
1635,1955,0
1661,1955,0
1664,1955,0
1684,1955,0
1690,1955,0
1695,1955,0
1705,1955,0
1712,1955,0
1717,1955,0
1724,1955,0
1764,1955,0
1824,1955,0
1856,1955,0
1899,1955,0
1921,1955,0
1926,1955,0
1935,1955,0
1957,1955,0
1965,1955,0
1990,1955,0
1997,1955,0
2011,1955,0
2012,1955,0
2023,1955,0
2072,1955,0
2073,1955,0
2092,1955,0
2107,1955,0
2108,1955,0
2110,1955,0
2119,1955,0
2131,1955,0
2133,1955,0
2145,1955,0
2167,1955,0
2173,1955,0
2223,1955,0
2238,1955,0
2241,1955,0
2279,1955,0
2296,1955,0
2299,1955,0
2341,1955,0
2347,1955,0
2363,1955,0
2380,1955,0
2385,1955,0
2388,1955,0
2390,1955,0
2427,1955,0
2441,1955,0
2458,1955,0
2464,1955,0
2465,1955,0
2469,1955,0
946,1960,0
63,1961,0
933,1961,0
1239,1961,0
1581,1961,0
2066,1961,0
59,1970,0
116,1970,0
126,1970,0
242,1970,0
340,1970,0
446,1970,0
625,1970,0
687,1970,0
705,1970,0
718,1970,0
728,1970,0
833,1970,0
864,1970,0
872,1970,0
951,1970,0
1064,1970,0
1147,1970,0
1168,1970,0
1173,1970,0
1215,1970,0
1219,1970,0
1242,1970,0
1251,1970,0
1282,1970,0
1351,1970,0
1654,1970,0
1885,1970,0
1898,1970,0
1913,1970,0
1921,1970,0
2064,1970,0
2125,1970,0
2456,1970,0
669,1972,0
1215,1972,0
1316,1982,0
690,1990,0
184,1992,0
195,1992,0
359,1992,0
425,1992,0
765,1992,0
877,1992,0
1115,1992,0
1196,1992,0
1301,1992,0
1712,1992,0
1835,1992,0
2422,1992,0
99,1995,0
116,1995,0
144,1995,0
188,1995,0
361,1995,0
587,1995,0
939,1995,0
1156,1995,0
1215,1995,0
1425,1995,0
1621,1995,0
1679,1995,0
1705,1995,0
1832,1995,0
2010,1995,0
2189,1995,0
2267,1995,0
11,1999,0
457,1999,0
1066,1999,0
1196,1999,0
1255,1999,0
1352,1999,0
1925,1999,0
2435,1999,0
234,2002,0
1361,2002,0
807,2003,0
811,2003,0
1311,2004,0
79,2006,0
687,2006,0
1316,2006,0
1385,2006,0
1537,2006,0
1691,2006,0
939,2007,0
2210,2007,0
939,2009,0
953,2013,0
70,2018,0
2039,2022,0
359,2027,0
690,2027,0
1215,2027,0
1329,2027,0
1376,2027,0
1536,2027,0
1921,2028,0
1151,2029,0
1242,2031,0
725,2033,0
1274,2033,0
2217,2033,0
11,2035,0
17,2035,0
29,2035,0
46,2035,0
47,2035,0
80,2035,0
83,2035,0
98,2035,0
100,2035,0
214,2035,0
242,2035,0
251,2035,0
268,2035,0
274,2035,0
275,2035,0
290,2035,0
293,2035,0
307,2035,0
345,2035,0
357,2035,0
361,2035,0
391,2035,0
412,2035,0
413,2035,0
433,2035,0
457,2035,0
487,2035,0
520,2035,0
547,2035,0
552,2035,0
563,2035,0
586,2035,0
603,2035,0
619,2035,0
625,2035,0
635,2035,0
687,2035,0
690,2035,0
700,2035,0
706,2035,0
785,2035,0
808,2035,0
809,2035,0
812,2035,0
833,2035,0
860,2035,0
987,2035,0
1037,2035,0
1077,2035,0
1083,2035,0
1112,2035,0
1143,2035,0
1147,2035,0
1159,2035,0
1176,2035,0
1196,2035,0
1205,2035,0
1239,2035,0
1250,2035,0
1259,2035,0
1289,2035,0
1352,2035,0
1404,2035,0
1494,2035,0
1501,2035,0
1626,2035,0
1629,2035,0
1664,2035,0
1691,2035,0
1694,2035,0
1695,2035,0
1702,2035,0
1824,2035,0
1827,2035,0
1838,2035,0
1839,2035,0
1847,2035,0
1925,2035,0
1930,2035,0
1955,2035,0
1965,2035,0
1999,2035,0
2044,2035,0
2119,2035,0
2176,2035,0
2182,2035,0
2209,2035,0
2238,2035,0
2239,2035,0
2263,2035,0
2307,2035,0
2323,2035,0
2385,2035,0
2453,2035,0
2458,2035,0
2464,2035,0
2468,2035,0
242,2041,0
1234,2041,0
1279,2041,0
63,2043,0
902,2043,0
269,2045,0
512,2045,0
1389,2045,0
116,2046,0
307,2046,0
660,2046,0
1656,2046,0
1675,2046,0
1760,2046,0
2380,2046,0
1637,2048,0
136,2049,0
171,2049,0
174,2049,0
1215,2049,0
1427,2049,0
1868,2049,0
304,2051,0
382,2051,0
1921,2051,0
169,2056,0
449,2056,0
1453,2056,0
1712,2056,0
1723,2056,0
2172,2056,0
2195,2056,0
809,2057,0
885,2057,0
359,2058,0
412,2058,0
608,2058,0
706,2058,0
2055,2058,0
2222,2058,0
2244,2058,0
2317,2058,0
2319,2058,0
2330,2058,0
2376,2058,0
2384,2058,0
2401,2058,0
2409,2058,0
1276,2066,0
852,2069,0
852,2070,0
665,2078,0
939,2078,0
1182,2078,0
1356,2078,0
1835,2078,0
30,2081,0
57,2081,0
79,2081,0
226,2081,0
337,2081,0
338,2081,0
580,2081,0
591,2081,0
611,2081,0
667,2081,0
1295,2081,0
1440,2081,0
1460,2081,0
1474,2081,0
1673,2081,0
1891,2081,0
1910,2081,0
2431,2081,0
2434,2081,0
939,2082,0
1182,2082,0
1364,2082,0
20,2084,0
337,2084,0
1779,2084,0
144,2088,0
628,2088,0
997,2088,0
1764,2088,0
102,2089,0
408,2089,0
427,2089,0
628,2089,0
634,2089,0
635,2089,0
737,2089,0
935,2089,0
939,2089,0
963,2089,0
1072,2089,0
1094,2089,0
1322,2089,0
1351,2089,0
1383,2089,0
1416,2089,0
1466,2089,0
1488,2089,0
1601,2089,0
1724,2089,0
1783,2089,0
1836,2089,0
1847,2089,0
1921,2089,0
1965,2089,0
2015,2089,0
2035,2089,0
2183,2089,0
2293,2089,0
2342,2089,0
169,2094,0
584,2094,0
698,2094,0
706,2094,0
1176,2094,0
1440,2094,0
1723,2094,0
2360,2094,0
1277,2096,0
1967,2096,0
2426,2096,0
1272,2099,0
1650,2099,0
1691,2099,0
2183,2099,0
29,2101,0
99,2101,0
132,2101,0
340,2101,0
433,2101,0
933,2101,0
1308,2101,0
1404,2101,0
1427,2101,0
1478,2101,0
1913,2101,0
1926,2101,0
2206,2101,0
273,2103,0
1699,2103,0
1735,2103,0
2259,2103,0
1301,2106,0
359,2114,0
833,2114,0
1239,2114,0
1291,2114,0
1415,2114,0
190,2120,0
214,2120,0
706,2120,0
1181,2120,0
1672,2120,0
1702,2120,0
2052,2120,0
2202,2120,0
90,2122,0
369,2122,0
408,2122,0
476,2122,0
635,2122,0
654,2122,0
672,2122,0
781,2122,0
809,2122,0
819,2122,0
833,2122,0
885,2122,0
889,2122,0
935,2122,0
972,2122,0
997,2122,0
1028,2122,0
1042,2122,0
1126,2122,0
1263,2122,0
1269,2122,0
1307,2122,0
1330,2122,0
1397,2122,0
1407,2122,0
1413,2122,0
1450,2122,0
1488,2122,0
1501,2122,0
1532,2122,0
1755,2122,0
1767,2122,0
1821,2122,0
1892,2122,0
1974,2122,0
2011,2122,0
1261,2123,0
541,2127,0
955,2127,0
27,2128,0
59,2128,0
99,2128,0
229,2128,0
474,2128,0
512,2128,0
659,2128,0
696,2128,0
759,2128,0
846,2128,0
1010,2128,0
1142,2128,0
1146,2128,0
1215,2128,0
1236,2128,0
1239,2128,0
1290,2128,0
1297,2128,0
1302,2128,0
1372,2128,0
1404,2128,0
1676,2128,0
1740,2128,0
1771,2128,0
1779,2128,0
1780,2128,0
1834,2128,0
1874,2128,0
1916,2128,0
2035,2128,0
2127,2128,0
2263,2128,0
77,2134,0
104,2134,0
632,2134,0
892,2134,0
991,2134,0
1484,2134,0
1882,2134,0
1907,2134,0
1958,2134,0
2265,2134,0
2325,2134,0
2326,2134,0
2327,2134,0
2328,2134,0
2329,2134,0
80,2135,0
1094,2135,0
1834,2135,0
29,2143,0
188,2143,0
646,2143,0
700,2143,0
732,2143,0
1196,2143,0
1221,2143,0
1348,2143,0
1468,2143,0
1664,2143,0
1824,2143,0
1847,2143,0
2385,2143,0
660,2145,0
858,2145,0
859,2145,0
1217,2145,0
1424,2145,0
1428,2145,0
1684,2145,0
1839,2145,0
1925,2145,0
2023,2145,0
2131,2145,0
2157,2145,0
2173,2145,0
2204,2145,0
2276,2145,0
2311,2145,0
2363,2145,0
2382,2145,0
2388,2145,0
2390,2145,0
1568,2146,0
1220,2147,0
2331,2147,0
1,2149,0
5,2149,0
14,2149,0
15,2149,0
26,2149,0
45,2149,0
51,2149,0
58,2149,0
65,2149,0
79,2149,0
80,2149,0
81,2149,0
96,2149,0
100,2149,0
179,2149,0
188,2149,0
204,2149,0
213,2149,0
219,2149,0
222,2149,0
275,2149,0
293,2149,0
297,2149,0
307,2149,0
309,2149,0
314,2149,0
344,2149,0
368,2149,0
371,2149,0
405,2149,0
406,2149,0
439,2149,0
445,2149,0
452,2149,0
464,2149,0
472,2149,0
496,2149,0
507,2149,0
520,2149,0
533,2149,0
546,2149,0
563,2149,0
575,2149,0
603,2149,0
605,2149,0
611,2149,0
619,2149,0
627,2149,0
635,2149,0
653,2149,0
654,2149,0
670,2149,0
672,2149,0
731,2149,0
772,2149,0
809,2149,0
831,2149,0
870,2149,0
871,2149,0
889,2149,0
910,2149,0
915,2149,0
935,2149,0
939,2149,0
962,2149,0
998,2149,0
1002,2149,0
1005,2149,0
1013,2149,0
1030,2149,0
1040,2149,0
1048,2149,0
1058,2149,0
1061,2149,0
1076,2149,0
1093,2149,0
1114,2149,0
1142,2149,0
1152,2149,0
1161,2149,0
1166,2149,0
1193,2149,0
1205,2149,0
1225,2149,0
1228,2149,0
1238,2149,0
1243,2149,0
1249,2149,0
1255,2149,0
1256,2149,0
1260,2149,0
1266,2149,0
1299,2149,0
1316,2149,0
1324,2149,0
1327,2149,0
1328,2149,0
1333,2149,0
1354,2149,0
1382,2149,0
1383,2149,0
1389,2149,0
1398,2149,0
1404,2149,0
1405,2149,0
1425,2149,0
1427,2149,0
1430,2149,0
1441,2149,0
1479,2149,0
1490,2149,0
1494,2149,0
1497,2149,0
1499,2149,0
1524,2149,0
1528,2149,0
1533,2149,0
1537,2149,0
1554,2149,0
1603,2149,0
1611,2149,0
1662,2149,0
1700,2149,0
1712,2149,0
1717,2149,0
1725,2149,0
1732,2149,0
1746,2149,0
1752,2149,0
1779,2149,0
1791,2149,0
1874,2149,0
1877,2149,0
1895,2149,0
1897,2149,0
1902,2149,0
1927,2149,0
1934,2149,0
1937,2149,0
1950,2149,0
1954,2149,0
1955,2149,0
1968,2149,0
1980,2149,0
1984,2149,0
1985,2149,0
2001,2149,0
2037,2149,0
2038,2149,0
2044,2149,0
2047,2149,0
2076,2149,0
2101,2149,0
2117,2149,0
2124,2149,0
2128,2149,0
2129,2149,0
2136,2149,0
2140,2149,0
2150,2149,0
2161,2149,0
2167,2149,0
2176,2149,0
2187,2149,0
2255,2149,0
2260,2149,0
2264,2149,0
2283,2149,0
2286,2149,0
2308,2149,0
2316,2149,0
2328,2149,0
2329,2149,0
2368,2149,0
2370,2149,0
2410,2149,0
2419,2149,0
2432,2149,0
2435,2149,0
2439,2149,0
2457,2149,0
2473,2149,0
667,2151,0
854,2151,0
1415,2151,0
1441,2151,0
1601,2151,0
1727,2151,0
690,2152,0
1599,2158,0
1761,2160,0
180,2162,0
78,2169,0
163,2169,0
204,2169,0
300,2169,0
302,2169,0
354,2169,0
364,2169,0
393,2169,0
411,2169,0
624,2169,0
634,2169,0
635,2169,0
636,2169,0
637,2169,0
717,2169,0
741,2169,0
791,2169,0
811,2169,0
817,2169,0
930,2169,0
935,2169,0
1046,2169,0
1135,2169,0
1147,2169,0
1153,2169,0
1167,2169,0
1189,2169,0
1215,2169,0
1303,2169,0
1387,2169,0
1410,2169,0
1470,2169,0
1481,2169,0
1522,2169,0
1535,2169,0
1594,2169,0
1610,2169,0
1615,2169,0
1655,2169,0
1693,2169,0
1717,2169,0
1726,2169,0
1754,2169,0
1764,2169,0
1786,2169,0
1790,2169,0
1809,2169,0
1836,2169,0
1867,2169,0
2065,2169,0
2076,2169,0
2180,2169,0
2238,2169,0
2254,2169,0
2301,2169,0
2342,2169,0
2366,2169,0
2378,2169,0
635,2177,0
10,2179,0
78,2179,0
213,2179,0
287,2179,0
302,2179,0
306,2179,0
364,2179,0
408,2179,0
411,2179,0
412,2179,0
563,2179,0
624,2179,0
634,2179,0
635,2179,0
636,2179,0
717,2179,0
773,2179,0
791,2179,0
1045,2179,0
1046,2179,0
1135,2179,0
1176,2179,0
1215,2179,0
1293,2179,0
1387,2179,0
1423,2179,0
1481,2179,0
1488,2179,0
1561,2179,0
1596,2179,0
1693,2179,0
1776,2179,0
1790,2179,0
1793,2179,0
1836,2179,0
1997,2179,0
2126,2179,0
2180,2179,0
2254,2179,0
2304,2179,0
2342,2179,0
2447,2179,0
63,2181,0
215,2181,0
326,2181,0
461,2181,0
470,2181,0
635,2181,0
638,2181,0
687,2181,0
833,2181,0
1215,2181,0
1298,2181,0
2081,2181,0
2141,2181,0
244,2183,0
457,2183,0
479,2183,0
578,2183,0
628,2183,0
1129,2183,0
1194,2183,0
1352,2183,0
1539,2183,0
1799,2183,0
1868,2183,0
125,2184,0
239,2184,0
829,2184,0
2183,2184,0
1067,2190,0
2207,2190,0
2397,2190,0
29,2199,0
188,2199,0
646,2199,0
959,2199,0
1348,2199,0
1468,2199,0
1847,2199,0
2385,2199,0
2035,2201,0
1,2208,0
387,2208,0
1321,2208,0
1927,2208,0
1585,2211,0
939,2212,0
130,2221,0
304,2221,0
384,2221,0
452,2221,0
521,2221,0
554,2221,0
635,2221,0
1142,2221,0
1201,2221,0
1691,2221,0
1921,2221,0
2030,2221,0
115,2227,0
654,2228,0
911,2228,0
1425,2228,0
833,2229,0
2183,2229,0
1834,2234,0
193,2235,0
2406,2235,0
51,2237,0
99,2237,0
419,2237,0
512,2237,0
874,2237,0
889,2237,0
1058,2237,0
1208,2237,0
1555,2237,0
1650,2237,0
1705,2237,0
1775,2237,0
2149,2237,0
2368,2237,0
79,2240,0
228,2240,0
635,2240,0
690,2240,0
1215,2240,0
1926,2240,0
1981,2240,0
2062,2240,0
2139,2240,0
2285,2240,0
269,2242,0
487,2242,0
1215,2242,0
190,2246,0
214,2246,0
706,2246,0
725,2246,0
1181,2246,0
1377,2246,0
1969,2246,0
2052,2246,0
2202,2246,0
2277,2246,0
2446,2247,0
654,2250,0
911,2250,0
1425,2250,0
837,2251,0
1405,2271,0
2236,2271,0
63,2275,0
215,2275,0
326,2275,0
635,2275,0
687,2275,0
690,2275,0
833,2275,0
1215,2275,0
1298,2275,0
1820,2275,0
2081,2275,0
241,2277,0
635,2277,0
939,2277,0
1215,2277,0
1316,2277,0
755,2282,0
512,2284,0
1094,2284,0
1215,2284,0
1311,2284,0
2066,2284,0
2383,2284,0
1868,2295,0
2134,2295,0
198,2297,0
188,2300,0
1348,2300,0
15,2304,0
56,2304,0
363,2304,0
415,2304,0
548,2304,0
699,2304,0
921,2304,0
1040,2304,0
1244,2304,0
1370,2304,0
1717,2304,0
1837,2304,0
90,2312,0
408,2312,0
654,2312,0
672,2312,0
718,2312,0
781,2312,0
809,2312,0
889,2312,0
935,2312,0
939,2312,0
972,2312,0
997,2312,0
1042,2312,0
1072,2312,0
1126,2312,0
1263,2312,0
1307,2312,0
1330,2312,0
1392,2312,0
1397,2312,0
1413,2312,0
1425,2312,0
1501,2312,0
1532,2312,0
1767,2312,0
1821,2312,0
1864,2312,0
1892,2312,0
1974,2312,0
1989,2312,0
2011,2312,0
1490,2313,0
1590,2314,0
78,2315,0
116,2315,0
163,2315,0
302,2315,0
354,2315,0
364,2315,0
408,2315,0
411,2315,0
478,2315,0
624,2315,0
634,2315,0
637,2315,0
741,2315,0
791,2315,0
817,2315,0
886,2315,0
930,2315,0
935,2315,0
1045,2315,0
1046,2315,0
1135,2315,0
1153,2315,0
1303,2315,0
1423,2315,0
1470,2315,0
1522,2315,0
1535,2315,0
1561,2315,0
1610,2315,0
1615,2315,0
1693,2315,0
1726,2315,0
1754,2315,0
1776,2315,0
1786,2315,0
1790,2315,0
1793,2315,0
1809,2315,0
1963,2315,0
1997,2315,0
2076,2315,0
2232,2315,0
2254,2315,0
2301,2315,0
2342,2315,0
2366,2315,0
95,2321,0
190,2321,0
725,2321,0
1181,2321,0
1316,2321,0
1377,2321,0
1672,2321,0
1702,2321,0
1969,2321,0
2052,2321,0
2202,2321,0
1663,2322,0
1871,2322,0
68,2324,0
2231,2324,0
939,2330,0
226,2331,0
338,2331,0
551,2331,0
591,2331,0
694,2331,0
758,2331,0
829,2331,0
939,2331,0
1204,2331,0
1309,2331,0
1508,2331,0
1649,2331,0
1698,2331,0
1733,2331,0
2050,2331,0
2081,2331,0
2403,2331,0
2413,2331,0
939,2332,0
939,2333,0
939,2334,0
47,2339,0
157,2339,0
653,2339,0
691,2339,0
1085,2339,0
1215,2339,0
1622,2339,0
1666,2339,0
1763,2339,0
1767,2339,0
939,2347,0
2081,2350,0
102,2355,0
427,2355,0
690,2355,0
864,2355,0
963,2355,0
1094,2355,0
1351,2355,0
1383,2355,0
1415,2355,0
1416,2355,0
1441,2355,0
1466,2355,0
1601,2355,0
1724,2355,0
1847,2355,0
1921,2355,0
1965,2355,0
2293,2355,0
2426,2355,0
126,2358,0
172,2358,0
299,2358,0
658,2358,0
833,2358,0
939,2358,0
1016,2358,0
1141,2358,0
1448,2358,0
1545,2358,0
1595,2358,0
1839,2358,0
1931,2358,0
1941,2358,0
2145,2358,0
2192,2358,0
2257,2358,0
2311,2358,0
1355,2367,0
646,2372,0
733,2372,0
926,2372,0
1085,2372,0
1239,2372,0
2331,2372,0
79,2374,0
430,2374,0
1988,2374,0
32,2385,0
328,2385,0
1626,2385,0
81,2387,0
158,2387,0
307,2387,0
328,2387,0
418,2387,0
438,2387,0
476,2387,0
742,2387,0
823,2387,0
1049,2387,0
1450,2387,0
1922,2387,0
2003,2387,0
2077,2387,0
2348,2387,0
2474,2387,0
939,2389,0
939,2414,0
328,2418,0
1847,2421,0
59,2422,0
440,2422,0
542,2422,0
603,2422,0
811,2422,0
829,2422,0
1118,2422,0
1640,2422,0
1882,2422,0
1984,2422,0
2125,2422,0
2266,2422,0
2286,2422,0
344,2425,0
356,2425,0
758,2425,0
933,2425,0
1035,2425,0
1311,2425,0
1406,2425,0
1871,2425,0
2071,2425,0
108,2429,0
1459,2430,0
2335,2430,0
724,2433,0
1723,2433,0
307,2437,0
635,2437,0
654,2437,0
690,2437,0
724,2437,0
1259,2437,0
1404,2437,0
2168,2437,0
2243,2437,0
1702,2438,0
105,2442,0
359,2442,0
1650,2448,0
1327,2449,0
1834,2449,0
659,2450,0
413,2451,0
1843,2459,0
304,2460,0
1215,2460,0
1847,2461,0
293,2463,0
1085,2463,0
1280,2463,0
864,2466,0
1868,2466,0
901,2467,0
1436,2467,0
