0,166,1
0,200,1
0,290,1
0,494,3
0,498,1
0,736,3
0,848,1
0,918,1
0,935,1
0,987,1
0,988,1
0,1124,1
0,1129,1
0,1161,1
0,1301,1
0,1362,1
0,1426,1
0,1591,3
1,26,1
1,129,3
1,662,1
1,701,1
1,834,3
1,862,3
1,1069,1
1,1152,1
1,1176,1
1,1220,1
1,1262,1
1,1277,1
1,1352,1
1,1394,3
1,1414,1
1,1599,1
2,316,3
2,463,3
2,509,1
2,548,1
2,827,1
2,1251,1
2,1287,1
2,1326,3
2,1490,1
2,1491,1
2,1535,1
2,1552,3
3,222,1
3,249,1
3,258,1
3,319,1
3,599,3
3,687,1
3,1322,1
3,1340,1
4,116,1
4,234,1
4,810,3
4,819,1
4,990,3
4,1576,3
4,1630,3
5,495,1
5,1042,1
5,1231,1
5,1400,1
6,326,1
6,616,3
6,1207,1
6,1536,1
7,22,1
7,179,1
7,204,1
7,284,1
7,345,1
7,399,1
7,484,1
7,555,1
7,562,1
7,581,1
7,590,1
7,634,3
7,772,1
7,776,1
7,778,1
7,822,1
7,842,1
7,936,1
7,940,1
7,973,1
7,987,3
7,1122,1
7,1159,1
7,1180,1
7,1394,1
7,1458,1
7,1503,1
8,501,3
9,210,1
9,298,1
9,497,1
9,994,1
9,1084,1
9,1311,1
9,1565,3
10,175,1
10,279,1
10,314,1
10,316,1
10,318,1
10,381,1
10,389,1
10,390,1
10,437,1
10,464,1
10,489,1
10,516,1
10,529,1
10,642,1
10,683,1
10,698,1
10,705,1
10,746,1
10,828,1
10,866,1
10,876,3
10,895,1
10,906,1
10,925,1
10,951,1
10,969,1
10,981,1
10,996,1
10,1008,1
10,1022,1
10,1028,1
10,1047,1
10,1054,1
10,1134,1
10,1143,1
10,1221,1
10,1226,1
10,1234,1
10,1235,1
10,1237,1
10,1427,1
10,1469,1
10,1504,1
10,1532,1
10,1553,1
10,1554,1
10,1560,1
10,1580,1
10,1628,1
11,63,3
11,77,1
11,243,1
11,319,1
11,460,1
11,475,1
11,496,1
11,628,1
11,632,1
11,680,1
11,716,1
11,726,1
11,745,1
11,805,1
11,836,1
11,858,1
11,1188,1
11,1191,1
11,1204,1
11,1213,1
11,1225,1
11,1242,1
11,1585,1
12,22,1
12,34,1
12,211,1
12,241,1
12,242,1
12,300,1
12,370,1
12,386,1
12,404,1
12,409,1
12,431,1
12,458,1
12,490,1
12,583,1
12,644,1
12,645,1
12,654,1
12,673,1
12,674,3
12,716,3
12,721,1
12,748,1
12,749,1
12,753,1
12,804,1
12,832,1
12,869,1
12,930,1
12,976,1
12,1081,3
12,1095,1
12,1123,1
12,1180,1
12,1260,1
12,1264,3
12,1266,1
12,1288,1
12,1296,3
12,1314,1
12,1326,1
12,1349,1
12,1355,1
12,1366,1
12,1373,1
12,1443,1
12,1463,1
12,1517,1
12,1527,1
12,1543,1
12,1571,1
12,1589,1
12,1609,1
12,1642,1
13,65,1
13,294,1
13,349,1
13,488,1
13,747,1
13,1314,3
13,1369,3
13,1436,3
13,1597,1
14,202,3
14,215,1
14,289,1
14,719,3
14,914,1
14,932,1
14,1085,1
14,1087,3
14,1401,1
14,1403,3
15,108,1
15,114,1
15,118,1
15,307,1
15,315,1
15,328,1
15,444,1
15,525,1
15,686,1
15,757,1
15,824,1
15,852,1
15,887,1
15,1011,1
15,1063,1
15,1133,1
15,1228,1
15,1240,1
15,1280,1
15,1282,1
15,1367,1
15,1377,1
15,1379,1
15,1439,1
15,1608,1
16,236,1
16,455,1
16,1129,3
17,80,3
17,103,2
17,258,3
17,602,3
17,626,3
17,1182,3
17,1545,3
18,309,1
18,479,1
18,561,3
18,572,1
18,614,1
18,732,1
18,1112,1
18,1272,1
18,1369,1
19,135,1
19,844,1
19,860,1
19,1098,3
19,1170,1
19,1622,3
20,17,1
20,475,1
20,612,1
20,829,1
20,900,3
20,928,3
20,1393,3
20,1429,3
20,1446,1
20,1606,1
21,252,1
21,333,1
21,375,1
21,426,3
21,513,1
21,1210,3
21,1251,1
22,399,1
22,555,1
22,609,3
22,822,1
22,973,1
22,1106,1
22,1122,1
22,1159,1
22,1220,1
22,1456,3
22,1502,3
23,102,3
23,214,1
23,429,3
23,483,1
23,761,1
23,1255,1
23,1436,1
23,1596,1
24,385,3
24,1029,1
24,1181,1
24,1380,3
24,1453,1
25,329,1
25,500,1
25,543,1
25,622,1
25,646,1
25,740,1
25,1298,1
25,1484,3
25,1603,1
26,56,2
26,557,3
26,675,3
26,955,3
27,364,1
27,640,3
27,802,1
27,887,1
27,933,3
27,1182,1
27,1249,1
27,1431,1
28,78,3
28,1062,3
29,394,1
29,689,1
29,1122,1
29,1307,1
30,125,1
30,204,3
30,413,3
30,454,1
30,823,1
30,1167,1
30,1368,1
31,205,1
31,250,1
31,423,1
31,554,1
31,729,1
31,1013,1
31,1168,1
31,1210,1
31,1308,1
31,1315,1
31,1335,1
31,1341,1
31,1353,1
31,1506,3
32,16,1
32,275,3
32,841,1
32,1248,1
32,1296,1
33,240,1
33,324,3
33,874,1
33,886,1
33,1013,3
33,1157,1
33,1187,1
33,1342,1
33,1386,3
34,89,1
34,226,1
34,501,1
34,563,1
34,794,1
34,815,1
34,931,1
34,1106,1
34,1114,3
34,1194,1
34,1272,3
34,1305,1
34,1323,1
34,1362,3
34,1565,1
34,1606,1
35,78,1
35,319,1
35,442,1
35,647,1
35,789,1
35,853,1
35,1148,1
35,1259,3
35,1618,1
36,164,2
36,178,1
36,247,1
36,248,1
36,263,1
36,301,1
36,421,1
36,542,1
36,635,1
36,795,1
36,815,1
36,841,1
36,950,1
36,955,1
36,974,1
36,1018,1
36,1296,1
36,1308,1
36,1363,1
37,197,1
37,285,1
37,341,1
37,398,3
37,526,1
37,787,1
37,840,1
37,1060,1
37,1233,1
37,1263,1
37,1451,1
38,57,1
38,249,1
38,391,1
38,602,1
38,666,1
38,793,1
38,943,1
38,1033,1
38,1046,1
38,1261,1
38,1570,1
39,583,3
39,701,3
39,797,3
40,168,1
40,273,1
40,399,3
40,517,3
40,683,1
40,694,3
40,705,1
40,777,3
40,1007,1
40,1060,1
40,1065,1
40,1221,1
41,187,1
41,277,1
41,318,1
41,607,1
41,821,1
41,1114,1
42,4,1
42,45,3
42,202,1
42,244,1
42,342,1
42,431,1
42,498,1
42,522,1
42,567,1
42,643,1
42,666,1
42,693,1
42,710,1
42,791,3
42,793,1
42,819,1
42,882,1
42,886,1
42,890,1
42,933,1
42,942,1
42,982,3
42,1002,1
42,1033,1
42,1046,1
42,1113,1
42,1201,1
42,1202,1
42,1222,1
42,1238,1
42,1330,1
42,1378,1
42,1383,1
42,1402,1
42,1500,1
42,1584,1
42,1588,1
42,1600,1
42,1614,1
43,160,1
43,207,1
43,313,1
43,327,1
43,330,3
43,367,1
43,383,1
43,392,1
43,485,1
43,518,1
43,574,1
43,596,1
43,616,1
43,637,1
43,649,1
43,747,1
43,820,1
43,856,1
43,867,1
43,942,1
43,946,1
43,953,1
43,993,1
43,1004,1
43,1014,1
43,1016,3
43,1032,1
43,1044,1
43,1192,1
43,1289,1
43,1324,1
43,1392,1
43,1479,1
43,1481,1
43,1489,1
43,1492,1
43,1511,1
43,1568,1
43,1630,1
44,456,1
44,623,1
44,729,1
44,739,1
44,1138,1
44,1139,1
44,1406,1
44,1590,1
44,1591,1
45,1047,3
46,193,3
46,320,3
47,201,1
47,252,1
47,295,1
47,305,1
47,354,1
47,364,1
47,397,1
47,441,1
47,461,1
47,517,1
47,536,1
47,584,1
47,592,1
47,599,1
47,604,1
47,658,1
47,667,3
47,697,1
47,699,1
47,710,1
47,715,1
47,718,1
47,834,1
47,839,1
47,844,3
47,846,1
47,887,1
47,954,1
47,964,1
47,971,1
47,980,1
47,1005,1
47,1015,1
47,1087,1
47,1098,1
47,1102,1
47,1119,1
47,1177,1
47,1183,1
47,1240,1
47,1250,1
47,1316,1
47,1318,1
47,1360,1
47,1365,1
47,1390,1
47,1397,1
47,1410,1
47,1418,1
47,1487,1
47,1528,1
47,1534,1
47,1552,1
47,1556,1
47,1575,1
47,1587,1
48,118,1
48,281,1
48,674,1
48,795,1
48,883,1
48,977,1
48,987,1
48,1239,1
48,1362,1
48,1470,1
48,1502,1
49,128,1
49,233,1
49,544,3
49,783,1
49,1102,3
49,1146,1
49,1205,1
49,1345,1
49,1361,1
49,1384,1
49,1465,1
49,1594,1
49,1617,1
50,141,1
50,287,1
50,334,1
50,428,1
50,606,1
50,619,1
50,641,1
50,851,1
50,855,1
50,942,1
50,1459,1
50,1548,1
51,77,1
51,164,1
51,178,1
51,247,1
51,263,1
51,301,1
51,363,1
51,421,1
51,432,1
51,462,1
51,478,1
51,576,1
51,635,1
51,668,3
51,690,1
51,766,1
51,795,1
51,836,1
51,841,1
51,950,1
51,955,1
51,974,1
51,997,1
51,1061,1
51,1114,1
51,1170,1
51,1203,1
51,1204,3
51,1211,1
51,1264,1
51,1363,1
51,1462,1
51,1611,1
52,310,1
52,426,3
52,559,1
52,703,1
52,1068,1
52,1274,1
52,1422,3
53,258,3
53,942,1
53,1038,3
53,1462,3
54,526,3
54,780,3
54,914,1
54,932,1
55,690,3
56,209,1
56,223,1
56,235,3
56,515,3
56,730,1
56,1320,1
56,1423,1
56,1557,1
56,1632,3
57,255,1
57,318,1
57,358,1
57,365,1
57,438,1
57,466,1
57,713,1
57,897,1
57,1110,1
57,1164,1
57,1315,1
57,1326,3
57,1422,1
57,1576,1
57,1604,3
58,117,1
58,229,1
58,293,1
58,324,3
58,369,1
58,443,1
58,451,1
58,604,1
58,712,1
58,798,1
58,1021,1
58,1156,1
58,1380,1
58,1516,1
59,684,3
59,1329,3
60,659,3
60,975,3
61,359,1
61,493,1
61,777,3
61,816,1
61,901,1
61,1066,3
61,1278,3
61,1361,3
62,185,2
62,351,1
62,402,1
62,833,1
62,910,1
62,1065,1
62,1117,1
62,1149,1
62,1158,1
62,1275,1
62,1449,1
62,1608,3
63,117,1
63,262,3
63,563,3
63,614,1
63,630,1
63,966,3
63,1323,1
64,200,1
64,329,3
64,900,1
65,520,1
65,549,1
65,671,3
65,712,3
65,744,1
65,800,1
65,888,1
65,1086,1
65,1167,1
65,1211,3
65,1218,1
65,1417,1
66,325,3
66,668,3
66,783,3
67,253,1
67,397,1
67,470,1
67,510,1
67,520,1
67,848,1
67,908,1
67,975,1
67,1077,3
67,1126,1
67,1268,1
67,1452,1
68,86,3
68,254,1
68,678,1
68,892,1
68,977,3
68,1219,1
68,1490,1
68,1505,1
68,1620,1
69,114,1
69,118,1
69,244,1
69,414,3
69,1042,3
69,1415,1
70,44,1
70,103,1
70,418,3
70,459,1
70,755,1
70,926,3
70,935,1
70,945,1
70,987,1
70,989,1
70,1273,1
70,1301,1
70,1419,1
70,1529,1
71,247,1
71,357,1
71,721,3
71,945,1
71,1273,1
72,297,3
72,402,1
72,457,1
72,532,1
72,960,1
72,1003,3
72,1401,3
72,1447,3
72,1452,1
72,1604,1
73,51,1
73,620,1
73,897,1
73,947,1
73,974,1
73,1059,3
73,1388,3
74,102,1
74,145,3
74,221,1
74,235,1
74,335,1
74,645,1
74,949,1
74,956,1
74,1294,1
74,1523,1
74,1537,1
74,1538,1
74,1545,1
74,1607,3
74,1639,1
75,194,1
75,195,1
75,312,1
75,440,1
75,896,1
75,1006,1
75,1471,1
75,1497,1
76,114,1
76,118,1
76,387,3
76,1564,1
77,64,1
77,80,3
77,85,3
77,91,1
77,114,1
77,200,1
77,237,1
77,239,1
77,243,1
77,257,1
77,261,1
77,291,1
77,299,3
77,384,1
77,412,1
77,414,1
77,446,1
77,451,1
77,475,1
77,512,1
77,519,1
77,538,1
77,539,1
77,557,1
77,564,1
77,585,1
77,587,1
77,593,1
77,618,1
77,628,1
77,639,1
77,650,1
77,675,1
77,688,1
77,691,1
77,696,1
77,726,1
77,767,1
77,868,1
77,892,1
77,893,1
77,912,1
77,923,1
77,948,1
77,1000,1
77,1010,1
77,1012,1
77,1045,1
77,1067,1
77,1093,1
77,1097,1
77,1126,1
77,1153,1
77,1188,1
77,1212,1
77,1284,1
77,1293,1
77,1310,1
77,1321,1
77,1332,1
77,1335,1
77,1356,1
77,1363,1
77,1385,1
77,1398,1
77,1406,1
77,1455,1
77,1519,1
77,1525,1
77,1526,1
77,1539,1
77,1558,1
77,1579,1
77,1582,1
77,1585,1
77,1615,1
77,1616,1
78,84,2
78,93,1
78,949,3
78,956,1
78,1198,1
79,155,1
79,433,1
79,506,1
79,651,1
79,868,3
79,1224,1
79,1333,3
79,1414,1
79,1506,1
80,169,1
80,1162,1
80,1563,3
81,229,1
81,653,3
81,803,1
81,810,1
81,821,3
81,1357,1
81,1411,1
82,67,1
82,218,1
82,246,1
82,552,1
82,704,1
82,773,1
82,776,1
82,818,1
82,884,1
82,975,1
82,1213,1
82,1270,1
82,1454,1
82,1626,1
83,2,1
83,31,1
83,33,1
83,71,1
83,98,1
83,100,1
83,120,2
83,128,1
83,138,1
83,149,1
83,152,1
83,154,3
83,183,1
83,195,1
83,205,1
83,216,1
83,219,1
83,224,1
83,227,1
83,229,1
83,251,1
83,260,1
83,265,1
83,267,1
83,269,1
83,275,1
83,279,1
83,283,1
83,286,1
83,291,1
83,292,1
83,314,1
83,330,1
83,336,1
83,341,1
83,342,1
83,347,1
83,349,1
83,353,1
83,357,1
83,362,1
83,368,1
83,371,1
83,376,1
83,387,1
83,393,1
83,410,1
83,417,1
83,426,1
83,430,1
83,453,1
83,463,1
83,466,1
83,472,1
83,473,1
83,492,1
83,502,1
83,504,1
83,505,1
83,509,1
83,522,1
83,523,1
83,529,1
83,533,1
83,539,1
83,540,1
83,541,1
83,544,1
83,554,1
83,560,1
83,568,1
83,589,1
83,591,1
83,598,1
83,601,1
83,613,1
83,615,1
83,627,1
83,643,1
83,650,1
83,656,1
83,659,1
83,661,1
83,663,1
83,684,1
83,687,1
83,691,1
83,694,1
83,698,1
83,712,1
83,722,1
83,724,1
83,728,1
83,731,1
83,735,1
83,765,1
83,770,1
83,774,1
83,777,1
83,778,1
83,781,1
83,792,1
83,807,1
83,810,1
83,811,1
83,813,1
83,817,1
83,822,1
83,827,1
83,828,1
83,838,1
83,843,1
83,849,1
83,850,1
83,858,1
83,859,1
83,862,1
83,866,1
83,871,1
83,880,1
83,885,1
83,889,1
83,891,1
83,894,1
83,895,1
83,925,1
83,933,1
83,934,1
83,938,1
83,948,1
83,952,1
83,963,1
83,965,1
83,978,1
83,984,1
83,996,1
83,1008,1
83,1009,1
83,1013,1
83,1016,1
83,1032,1
83,1042,1
83,1043,1
83,1050,1
83,1054,1
83,1055,1
83,1071,1
83,1075,1
83,1077,1
83,1079,1
83,1103,1
83,1106,1
83,1113,1
83,1116,1
83,1122,1
83,1130,1
83,1143,1
83,1144,1
83,1152,1
83,1168,1
83,1171,1
83,1187,1
83,1194,1
83,1202,1
83,1204,1
83,1210,1
83,1220,1
83,1226,1
83,1229,1
83,1232,1
83,1234,1
83,1243,1
83,1244,1
83,1245,1
83,1249,1
83,1251,1
83,1274,1
83,1281,1
83,1283,1
83,1287,1
83,1290,1
83,1303,1
83,1306,1
83,1309,1
83,1321,1
83,1324,1
83,1325,1
83,1327,1
83,1329,1
83,1331,1
83,1341,1
83,1342,1
83,1346,1
83,1348,1
83,1353,1
83,1356,1
83,1363,1
83,1374,1
83,1375,1
83,1376,1
83,1380,1
83,1389,1
83,1398,1
83,1401,1
83,1406,1
83,1412,1
83,1413,1
83,1420,1
83,1427,1
83,1445,1
83,1448,1
83,1460,1
83,1461,1
83,1468,1
83,1477,1
83,1481,1
83,1484,1
83,1491,1
83,1496,1
83,1497,1
83,1508,1
83,1510,1
83,1515,1
83,1518,1
83,1539,1
83,1542,1
83,1547,1
83,1555,1
83,1557,1
83,1558,1
83,1569,1
83,1576,1
83,1578,1
83,1580,1
83,1582,1
83,1599,1
83,1600,1
83,1601,1
83,1613,1
83,1615,1
83,1616,1
83,1623,1
83,1625,1
83,1628,1
83,1630,1
83,1632,1
84,455,3
84,813,1
84,937,3
85,112,1
85,238,1
85,835,1
85,839,3
85,854,1
85,862,1
85,897,1
85,1128,1
85,1282,1
86,419,1
86,538,1
86,902,1
86,1062,1
86,1183,1
86,1332,1
86,1359,1
86,1378,1
86,1494,3
87,79,1
87,160,1
87,268,1
87,365,3
87,367,3
87,415,1
87,433,1
87,463,3
87,506,1
87,508,1
87,539,3
87,601,3
87,638,1
87,743,1
87,847,1
87,947,1
87,1107,1
87,1125,1
87,1350,1
87,1414,1
87,1506,1
87,1570,1
88,1584,3
89,413,3
89,815,1
89,1090,1
89,1120,1
89,1247,1
89,1288,1
89,1314,1
89,1507,3
89,1585,1
90,142,1
90,306,1
90,322,1
90,324,1
90,553,1
90,617,1
90,799,1
90,863,1
90,1133,1
90,1236,1
90,1263,1
90,1269,3
90,1291,1
90,1391,1
90,1475,1
90,1604,1
90,1633,1
91,97,3
91,124,3
91,219,1
91,229,1
91,340,1
91,355,1
91,360,1
91,405,1
91,422,1
91,435,1
91,501,1
91,507,1
91,527,1
91,679,3
91,737,1
91,779,1
91,810,1
91,864,1
91,983,1
91,991,1
91,1038,1
91,1059,1
91,1120,1
91,1140,1
91,1286,1
91,1295,1
91,1357,1
91,1429,1
91,1524,1
91,1549,1
91,1595,1
91,1606,1
92,459,3
92,916,1
92,1142,1
92,1265,3
92,1540,3
92,1577,3
92,1636,1
93,431,1
94,198,1
94,199,1
94,220,1
94,234,1
94,241,1
94,374,1
94,401,1
94,469,1
94,551,1
94,749,1
94,995,1
94,1019,1
94,1025,1
94,1051,1
94,1072,1
94,1095,1
94,1105,1
94,1106,1
94,1123,1
94,1132,1
94,1155,1
94,1169,1
94,1194,1
94,1217,1
94,1223,1
94,1295,1
94,1305,1
94,1366,1
94,1430,1
94,1443,1
94,1454,1
94,1549,1
94,1609,1
95,109,1
95,134,2
95,281,1
95,494,1
95,674,1
95,847,1
95,883,1
95,1115,1
95,1428,3
95,1480,1
96,286,3
96,419,1
96,471,1
96,903,1
96,988,3
96,1017,1
96,1092,1
96,1160,1
96,1175,1
96,1189,1
96,1522,1
96,1562,3
96,1566,1
97,15,1
97,251,3
97,307,1
97,439,1
97,530,1
97,709,1
97,762,1
97,1120,3
97,1166,1
97,1514,1
98,125,2
98,128,2
98,506,1
98,783,1
98,823,1
98,1040,1
98,1205,1
98,1368,1
98,1388,1
98,1396,1
98,1440,1
98,1465,1
98,1533,1
98,1617,1
99,5,1
99,115,1
99,185,1
99,211,1
99,263,1
99,301,1
99,370,1
99,409,1
99,474,1
99,588,1
99,603,1
99,605,1
99,644,1
99,672,1
99,773,1
99,779,1
99,791,1
99,841,1
99,901,1
99,947,1
99,983,1
99,1018,1
99,1101,1
99,1164,1
99,1247,3
99,1284,1
99,1296,1
99,1349,1
99,1425,1
99,1523,1
99,1593,1
99,1639,1
100,183,1
100,240,3
100,316,1
100,349,1
100,372,1
100,376,1
100,659,1
100,746,1
100,770,1
100,906,1
100,909,1
100,963,1
100,969,1
100,1079,1
100,1222,1
100,1342,1
100,1445,1
100,1554,1
100,1555,1
101,172,2
101,447,3
101,1188,1
102,886,1
103,1441,1
103,1453,3
103,1611,3
104,392,1
104,405,1
104,510,1
104,984,3
104,1246,1
105,270,3
105,543,1
105,784,1
105,1395,1
106,142,3
106,511,1
106,558,1
106,629,1
106,682,3
106,1510,1
106,1622,1
107,768,3
107,826,1
107,1488,3
107,1588,1
107,1603,1
107,1610,1
108,210,1
108,315,1
108,444,1
108,483,1
108,548,1
108,607,1
108,797,1
108,833,3
108,945,1
108,1108,1
108,1254,1
108,1324,3
108,1405,1
109,100,1
109,107,1
109,140,1
109,177,1
109,180,1
109,196,1
109,217,1
109,228,1
109,243,1
109,276,1
109,318,1
109,331,1
109,336,1
109,378,1
109,389,1
109,410,1
109,420,1
109,510,1
109,565,1
109,566,1
109,631,1
109,653,1
109,681,1
109,726,1
109,746,1
109,752,1
109,753,1
109,765,1
109,780,1
109,813,1
109,876,1
109,885,1
109,909,1
109,917,1
109,958,1
109,963,1
109,968,1
109,969,1
109,1020,1
109,1073,1
109,1077,1
109,1082,1
109,1103,1
109,1134,1
109,1144,1
109,1157,1
109,1191,1
109,1192,1
109,1229,1
109,1241,1
109,1247,1
109,1279,1
109,1312,1
109,1328,1
109,1350,1
109,1374,1
109,1387,1
109,1393,1
109,1420,1
109,1444,1
109,1448,1
109,1469,1
109,1472,1
109,1494,1
109,1498,1
109,1509,1
109,1512,1
109,1531,1
109,1554,1
109,1585,1
109,1623,1
109,1624,1
109,1631,1
110,314,1
110,380,1
110,437,1
110,547,1
110,698,1
110,817,1
110,828,1
110,1628,1
111,163,1
111,269,1
111,438,1
111,878,1
111,888,3
111,1145,1
111,1280,3
111,1292,1
112,299,1
112,1069,1
112,1360,3
112,1521,1
113,219,3
113,260,3
113,1074,3
113,1393,3
114,279,1
114,296,1
114,348,1
114,373,1
114,377,1
114,393,1
114,406,1
114,448,1
114,489,1
114,494,1
114,521,1
114,537,1
114,556,1
114,586,1
114,597,1
114,640,1
114,648,1
114,664,1
114,668,1
114,676,3
114,708,1
114,768,1
114,808,1
114,856,1
114,865,1
114,885,1
114,895,1
114,951,1
114,996,1
114,1026,1
114,1041,1
114,1054,1
114,1074,1
114,1078,1
114,1115,1
114,1127,1
114,1136,1
114,1141,1
114,1143,1
114,1151,1
114,1152,1
114,1172,1
114,1220,1
114,1222,1
114,1229,1
114,1234,1
114,1262,1
114,1317,1
114,1339,1
114,1359,1
114,1374,1
114,1409,1
114,1427,1
114,1437,1
114,1446,1
114,1472,1
114,1480,1
114,1504,1
114,1529,1
114,1573,1
114,1635,1
114,1637,1
114,1638,1
115,108,1
115,315,1
115,382,1
115,591,3
115,656,1
115,856,1
115,1124,1
115,1280,1
115,1332,1
115,1511,3
116,486,1
116,577,1
116,771,3
116,1094,1
116,1206,1
116,1279,3
116,1371,1
116,1376,3
116,1495,1
117,442,1
117,584,1
117,791,1
117,1148,1
117,1618,1
118,265,1
118,279,1
118,296,1
118,348,1
118,372,1
118,373,1
118,377,1
118,393,1
118,406,1
118,448,1
118,488,1
118,489,1
118,494,1
118,521,1
118,537,1
118,586,1
118,640,1
118,648,1
118,668,1
118,768,1
118,808,1
118,850,1
118,865,1
118,866,1
118,885,1
118,895,1
118,951,1
118,996,1
118,1008,1
118,1026,1
118,1041,1
118,1074,1
118,1078,1
118,1115,1
118,1141,1
118,1143,1
118,1151,1
118,1172,1
118,1220,1
118,1222,1
118,1234,1
118,1235,1
118,1262,1
118,1317,1
118,1339,1
118,1359,1
118,1420,1
118,1437,1
118,1446,1
118,1504,1
118,1512,1
118,1529,1
118,1573,1
118,1635,1
118,1638,1
119,1,1
119,2,1
119,4,1
119,11,1
119,12,1
119,18,1
119,26,1
119,48,1
119,61,1
119,62,1
119,72,1
119,90,1
119,96,1
119,112,1
119,114,1
119,116,1
119,121,1
119,125,1
119,128,1
119,134,1
119,141,1
119,149,1
119,151,1
119,162,3
119,163,1
119,164,1
119,168,1
119,170,2
119,178,1
119,185,1
119,188,1
119,192,1
119,194,1
119,199,1
119,202,1
119,205,1
119,209,1
119,226,1
119,230,1
119,231,1
119,234,1
119,237,1
119,238,1
119,240,1
119,244,1
119,250,1
119,255,1
119,256,1
119,273,1
119,287,1
291,119,0
293,119,0
302,119,0
312,119,0
320,119,0
322,119,0
331,119,0
333,119,0
334,119,0
336,119,0
342,119,0
344,119,0
349,119,0
358,119,0
359,119,0
361,119,0
365,119,0
119,377,3
385,119,0
391,119,0
395,119,0
402,119,0
411,119,0
414,119,0
419,119,0
433,119,0
442,119,0
444,119,0
446,119,0
454,119,0
456,119,0
457,119,0
467,119,0
471,119,0
477,119,0
481,119,0
486,119,0
491,119,0
493,119,0
494,119,0
503,119,0
505,119,0
506,119,0
508,119,0
515,119,0
528,119,0
531,119,0
532,119,0
543,119,0
546,119,0
551,119,0
553,119,0
570,119,0
577,119,0
578,119,0
593,119,0
596,119,0
600,119,0
609,119,0
611,119,0
614,119,0
617,119,0
626,119,0
630,119,0
639,119,0
641,119,0
642,119,0
647,119,0
652,119,0
655,119,0
658,119,0
666,119,0
669,119,0
674,119,0
676,119,0
677,119,0
683,119,0
685,119,0
687,119,0
701,119,0
711,119,0
713,119,0
714,119,0
721,119,0
723,119,0
727,119,0
729,119,0
730,119,0
738,119,0
754,119,0
756,119,0
764,119,0
769,119,0
770,119,0
783,119,0
788,119,0
793,119,0
794,119,0
798,119,0
802,119,0
807,119,0
812,119,0
818,119,0
826,119,0
827,119,0
830,119,0
833,119,0
844,119,0
848,119,0
857,119,0
859,119,0
861,119,0
863,119,0
868,119,0
877,119,0
879,119,0
883,119,0
886,119,0
893,119,0
896,119,0
897,119,0
898,119,0
900,119,0
903,119,0
912,119,0
914,119,0
920,119,0
927,119,0
928,119,0
929,119,0
931,119,0
933,119,0
944,119,0
947,119,0
948,119,0
950,119,0
953,119,0
957,119,0
959,119,0
962,119,0
966,119,0
970,119,0
979,119,0
984,119,0
986,119,0
988,119,0
990,119,0
1003,119,0
1006,119,0
1013,119,0
1017,119,0
1023,119,0
119,1032,3
1033,119,0
1034,119,0
1040,119,0
1044,119,0
1046,119,0
1065,119,0
1069,119,0
1071,119,0
1079,119,0
1080,119,0
1085,119,0
1092,119,0
1100,119,0
1106,119,0
1107,119,0
1109,119,0
1110,119,0
1115,119,0
1121,119,0
1132,119,0
1138,119,0
1139,119,0
1142,119,0
1146,119,0
1149,119,0
1153,119,0
1158,119,0
1160,119,0
1163,119,0
1164,119,0
1168,119,0
1169,119,0
1176,119,0
1185,119,0
1186,119,0
1187,119,0
1189,119,0
1193,119,0
1196,119,0
1197,119,0
1200,119,0
1202,119,0
1206,119,0
1220,119,0
1221,119,0
1236,119,0
1238,119,0
1239,119,0
1246,119,0
1251,119,0
1262,119,0
1263,119,0
1274,119,0
1277,119,0
1280,119,0
1284,119,0
1293,119,0
1303,119,0
1307,119,0
1310,119,0
1315,119,0
1319,119,0
1320,119,0
1321,119,0
1331,119,0
1334,119,0
1341,119,0
1342,119,0
1353,119,0
1363,119,0
1382,119,0
1392,119,0
1398,119,0
1413,119,0
1414,119,0
1421,119,0
1423,119,0
1438,119,0
1442,119,0
1445,119,0
1452,119,0
1454,119,0
1456,119,0
1457,119,0
1464,119,0
1475,119,0
1478,119,0
1479,119,0
1480,119,0
1491,119,0
1495,119,0
1506,119,0
1513,119,0
1515,119,0
1516,119,0
1521,119,0
1522,119,0
1526,119,0
1535,119,0
1539,119,0
1543,119,0
1544,119,0
1545,119,0
1546,119,0
1548,119,0
1551,119,0
1555,119,0
1566,119,0
1568,119,0
1579,119,0
1582,119,0
1584,119,0
1590,119,0
1591,119,0
1599,119,0
1604,119,0
1607,119,0
1610,119,0
1612,119,0
1616,119,0
1618,119,0
1621,119,0
1629,119,0
1633,119,0
1636,119,0
1639,119,0
1640,119,0
1641,119,0
9,120,0
105,120,0
130,120,0
151,120,0
202,120,0
216,120,0
235,120,0
249,120,0
270,120,0
271,120,0
291,120,0
307,120,0
309,120,0
330,120,0
333,120,0
335,120,0
336,120,0
347,120,0
362,120,0
366,120,0
387,120,0
391,120,0
409,120,0
414,120,0
422,120,0
440,120,0
442,120,0
446,120,0
473,120,0
479,120,0
495,120,0
505,120,0
514,120,0
520,120,0
549,120,0
572,120,0
580,120,0
591,120,0
592,120,0
647,120,0
657,120,0
662,120,0
663,120,0
675,120,0
687,120,0
693,120,0
696,120,0
728,120,0
732,120,0
759,120,0
765,120,0
777,120,0
783,120,0
784,120,0
800,120,0
832,120,0
853,120,0
862,120,0
886,120,0
888,120,0
956,120,0
972,120,0
981,120,0
1009,120,0
1016,120,0
1028,120,0
1042,120,0
1043,120,0
1047,120,0
1058,120,0
1064,120,0
1116,120,0
1148,120,0
1152,120,0
1153,120,0
1167,120,0
1208,120,0
1210,120,0
1214,120,0
1218,120,0
1231,120,0
1244,120,0
1262,120,0
1294,120,0
1303,120,0
1309,120,0
1315,120,0
1321,120,0
1331,120,0
1346,120,0
1349,120,0
1356,120,0
1363,120,0
1378,120,0
1401,120,0
1416,120,0
1454,120,0
1476,120,0
1542,120,0
1545,120,0
1557,120,0
1560,120,0
1578,120,0
1616,120,0
1618,120,0
1619,120,0
1632,120,0
1638,120,0
1639,120,0
108,121,0
114,121,0
118,121,0
161,121,0
315,121,0
444,121,0
757,121,0
795,121,0
805,121,0
1062,121,0
1190,121,0
1216,121,0
121,1254,3
1280,121,0
1332,121,0
1581,121,0
1639,121,0
415,122,0
508,122,0
122,644,3
723,122,0
926,122,0
970,122,0
1546,122,0
1629,122,0
620,124,0
682,124,0
124,1397,3
15,125,0
125,128,2
125,365,3
396,125,0
657,125,0
671,125,0
125,673,3
702,125,0
783,125,0
922,125,0
930,125,0
948,125,0
991,125,0
1040,125,0
1049,125,0
125,1100,3
1194,125,0
1205,125,0
1265,125,0
1305,125,0
125,1352,3
1368,125,0
1396,125,0
1539,125,0
1558,125,0
259,126,0
352,126,0
438,126,0
465,126,0
126,622,3
651,126,0
126,1057,3
1427,126,0
30,127,0
125,127,0
251,127,0
326,127,0
127,371,3
426,127,0
525,127,0
623,127,0
670,127,0
823,127,0
1258,127,0
1368,127,0
1466,127,0
128,135,2
289,128,0
414,128,0
454,128,0
128,556,3
624,128,0
657,128,0
751,128,0
783,128,0
128,810,3
1040,128,0
1083,128,0
1128,128,0
1205,128,0
1265,128,0
1266,128,0
1368,128,0
1465,128,0
1476,128,0
1617,128,0
270,129,0
129,373,3
129,395,3
436,129,0
442,129,0
270,130,0
850,130,0
130,860,3
1241,130,0
61,131,0
482,131,0
131,686,3
131,744,3
830,131,0
963,131,0
1082,131,0
131,1116,3
1163,131,0
1583,131,0
13,132,0
98,132,0
211,132,0
370,132,0
409,132,0
432,132,0
132,630,3
690,132,0
832,132,0
892,132,0
985,132,0
132,1089,3
1110,132,0
1288,132,0
1349,132,0
1549,132,0
1597,132,0
14,133,0
152,133,0
400,133,0
425,133,0
513,133,0
133,692,3
133,784,3
914,133,0
932,133,0
998,133,0
1024,133,0
133,1061,3
1085,133,0
1352,133,0
1541,133,0
134,172,3
134,262,3
281,134,0
134,465,3
674,134,0
883,134,0
1115,134,0
1239,134,0
134,1414,3
1498,134,0
14,135,0
15,135,0
31,135,0
65,135,0
98,135,0
118,135,0
133,135,0
161,135,0
185,135,0
187,135,0
269,135,0
272,135,0
284,135,0
317,135,0
320,135,0
338,135,0
342,135,0
379,135,0
398,135,0
403,135,0
416,135,0
424,135,0
430,135,0
447,135,0
468,135,0
480,135,0
559,135,0
564,135,0
610,135,0
620,135,0
629,135,0
657,135,0
686,135,0
720,135,0
725,135,0
738,135,0
742,135,0
745,135,0
767,135,0
772,135,0
783,135,0
790,135,0
795,135,0
824,135,0
831,135,0
833,135,0
856,135,0
857,135,0
881,135,0
883,135,0
898,135,0
902,135,0
905,135,0
914,135,0
932,135,0
936,135,0
940,135,0
1027,135,0
1088,135,0
1091,135,0
1111,135,0
1117,135,0
1118,135,0
1131,135,0
1147,135,0
1149,135,0
1150,135,0
1158,135,0
1187,135,0
1202,135,0
1205,135,0
1257,135,0
1271,135,0
1297,135,0
1299,135,0
1327,135,0
1348,135,0
1351,135,0
1352,135,0
1370,135,0
1372,135,0
1406,135,0
1441,135,0
1472,135,0
1478,135,0
1483,135,0
1486,135,0
1498,135,0
1499,135,0
1507,135,0
1536,135,0
1550,135,0
1561,135,0
1562,135,0
1563,135,0
1600,135,0
1,136,0
331,136,0
609,136,0
705,136,0
754,136,0
136,819,3
927,136,0
1221,136,0
1532,136,0
214,137,0
222,137,0
230,137,0
619,137,0
877,137,0
1080,137,0
1121,137,0
1186,137,0
1319,137,0
1382,137,0
1640,137,0
404,138,0
138,713,3
735,138,0
138,1226,3
1367,138,0
1389,138,0
1468,138,0
1613,138,0
139,564,3
139,575,3
675,139,0
858,139,0
959,139,0
988,139,0
1003,139,0
1121,139,0
1393,139,0
1404,139,0
1532,139,0
2,140,0
78,140,0
90,140,0
114,140,0
118,140,0
121,140,0
170,140,0
140,193,2
202,140,0
216,140,0
243,140,0
250,140,0
275,140,0
282,140,0
140,283,3
304,140,0
309,140,0
316,140,0
318,140,0
322,140,0
324,140,0
328,140,0
333,140,0
342,140,0
375,140,0
376,140,0
389,140,0
393,140,0
415,140,0
429,140,0
446,140,0
474,140,0
479,140,0
480,140,0
481,140,0
484,140,0
491,140,0
503,140,0
509,140,0
529,140,0
539,140,0
545,140,0
555,140,0
562,140,0
591,140,0
612,140,0
619,140,0
628,140,0
656,140,0
678,140,0
711,140,0
719,140,0
726,140,0
731,140,0
732,140,0
745,140,0
746,140,0
754,140,0
757,140,0
769,140,0
771,140,0
777,140,0
778,140,0
792,140,0
795,140,0
821,140,0
827,140,0
845,140,0
849,140,0
865,140,0
868,140,0
871,140,0
872,140,0
885,140,0
900,140,0
902,140,0
906,140,0
909,140,0
913,140,0
925,140,0
933,140,0
959,140,0
963,140,0
969,140,0
988,140,0
990,140,0
140,997,3
1003,140,0
1013,140,0
1032,140,0
1043,140,0
1056,140,0
1063,140,0
1080,140,0
1088,140,0
140,1104,3
1106,140,0
1111,140,0
1121,140,0
1122,140,0
1130,140,0
1134,140,0
1144,140,0
1147,140,0
1153,140,0
1154,140,0
1159,140,0
1168,140,0
1188,140,0
1191,140,0
1193,140,0
1194,140,0
1195,140,0
1201,140,0
1202,140,0
1219,140,0
1228,140,0
1229,140,0
1232,140,0
1238,140,0
1249,140,0
1251,140,0
1263,140,0
1272,140,0
1275,140,0
1277,140,0
1287,140,0
1291,140,0
1295,140,0
1300,140,0
1314,140,0
1324,140,0
1326,140,0
1331,140,0
1369,140,0
1374,140,0
1391,140,0
1403,140,0
1404,140,0
1420,140,0
1457,140,0
1460,140,0
1464,140,0
1469,140,0
1475,140,0
1481,140,0
1489,140,0
1490,140,0
1505,140,0
1518,140,0
1549,140,0
1554,140,0
1584,140,0
1585,140,0
1599,140,0
1620,140,0
1630,140,0
1633,140,0
72,141,0
287,141,0
442,141,0
141,509,3
606,141,0
641,141,0
855,141,0
1496,141,0
1548,141,0
34,142,0
266,142,0
325,142,0
142,450,3
142,556,3
142,699,3
142,841,3
1084,142,0
1267,142,0
142,1331,3
1493,142,0
243,143,0
279,143,0
428,143,0
489,143,0
550,143,0
569,143,0
628,143,0
723,143,0
743,143,0
888,143,0
895,143,0
941,143,0
965,143,0
1086,143,0
1143,143,0
1191,143,0
1235,143,0
1427,143,0
1434,143,0
144,174,2
355,144,0
613,144,0
809,144,0
144,1506,3
434,145,0
475,145,0
145,706,3
857,145,0
898,145,0
145,1116,3
1015,146,0
147,621,3
147,882,3
147,1515,3
148,164,3
196,148,0
148,249,3
148,578,3
148,698,3
775,148,0
875,148,0
1334,148,0
1337,148,0
148,1476,3
291,149,0
463,149,0
502,149,0
508,149,0
894,149,0
1196,149,0
1200,149,0
1515,149,0
1547,149,0
337,150,0
760,150,0
829,150,0
150,1100,3
150,1121,3
1605,150,0
151,470,3
471,151,0
576,151,0
721,151,0
863,151,0
1189,151,0
1438,151,0
657,152,0
152,1342,3
1476,152,0
153,718,3
771,153,0
845,153,0
1154,153,0
1300,153,0
350,154,0
351,154,0
841,154,0
154,886,3
1063,154,0
311,155,0
505,155,0
587,155,0
807,155,0
1284,155,0
1321,155,0
1523,155,0
1526,155,0
1539,155,0
1558,155,0
1572,155,0
156,272,3
3,157,0
490,157,0
695,157,0
750,157,0
1081,157,0
1096,157,0
1135,157,0
1358,157,0
157,1368,3
157,1412,3
1433,157,0
114,158,0
158,220,3
692,158,0
158,1005,3
158,1126,3
158,1511,3
249,159,0
260,159,0
279,159,0
342,159,0
464,159,0
472,159,0
598,159,0
744,159,0
781,159,0
159,814,3
866,159,0
885,159,0
888,159,0
895,159,0
933,159,0
996,159,0
1008,159,0
1054,159,0
1077,159,0
1086,159,0
1103,159,0
1229,159,0
1234,159,0
1235,159,0
1247,159,0
1283,159,0
159,1338,3
1374,159,0
1417,159,0
1420,159,0
1427,159,0
1504,159,0
1509,159,0
1625,159,0
191,160,0
160,236,3
329,160,0
160,422,3
160,508,3
625,160,0
706,160,0
1035,160,0
1248,160,0
1259,160,0
1516,160,0
624,161,0
665,161,0
161,815,3
162,226,3
303,162,0
310,162,0
162,369,3
407,162,0
162,615,3
733,162,0
926,162,0
941,162,0
162,1035,3
1089,162,0
162,1309,3
162,1603,3
163,202,3
314,163,0
714,163,0
788,163,0
928,163,0
1034,163,0
1197,163,0
1612,163,0
24,164,0
247,164,0
263,164,0
301,164,0
421,164,0
432,164,0
513,164,0
766,164,0
795,164,0
841,164,0
955,164,0
974,164,0
982,164,0
1018,164,0
164,1080,3
1170,164,0
1203,164,0
1205,164,0
1211,164,0
1264,164,0
164,1275,3
1296,164,0
1363,164,0
1440,164,0
1465,164,0
1533,164,0
1617,164,0
165,254,3
165,750,3
166,268,3
269,166,0
278,166,0
430,166,0
166,439,3
445,166,0
814,166,0
1137,166,0
1327,166,0
1348,166,0
1508,166,0
2,167,0
167,219,3
167,516,3
827,167,0
1251,167,0
167,1268,3
1287,167,0
1491,167,0
1535,167,0
281,168,0
168,584,3
674,168,0
795,168,0
883,168,0
977,168,0
987,168,0
1239,168,0
1362,168,0
1502,168,0
15,169,0
108,169,0
118,169,0
307,169,0
444,169,0
169,523,3
757,169,0
1011,169,0
1063,169,0
1133,169,0
1228,169,0
1280,169,0
1282,169,0
169,1305,3
1379,169,0
1439,169,0
4,170,0
12,170,0
18,170,0
48,170,0
128,170,0
151,170,0
178,170,0
199,170,0
212,170,0
218,170,0
232,170,0
234,170,0
249,170,0
255,170,0
264,170,0
269,170,0
291,170,0
293,170,0
297,170,0
320,170,0
332,170,0
339,170,0
342,170,0
346,170,0
347,170,0
356,170,0
358,170,0
362,170,0
374,170,0
387,170,0
388,170,0
391,170,0
393,170,0
405,170,0
408,170,0
424,170,0
427,170,0
450,170,0
455,170,0
468,170,0
482,170,0
487,170,0
511,170,0
515,170,0
519,170,0
529,170,0
545,170,0
549,170,0
553,170,0
561,170,0
575,170,0
576,170,0
579,170,0
607,170,0
610,170,0
620,170,0
629,170,0
634,170,0
636,170,0
660,170,0
683,170,0
692,170,0
705,170,0
722,170,0
728,170,0
734,170,0
742,170,0
744,170,0
745,170,0
757,170,0
758,170,0
763,170,0
774,170,0
777,170,0
796,170,0
799,170,0
801,170,0
807,170,0
813,170,0
819,170,0
825,170,0
831,170,0
844,170,0
881,170,0
885,170,0
888,170,0
899,170,0
907,170,0
914,170,0
915,170,0
916,170,0
919,170,0
925,170,0
932,170,0
939,170,0
970,170,0
995,170,0
999,170,0
1001,170,0
1023,170,0
1036,170,0
1043,170,0
1048,170,0
1057,170,0
1066,170,0
170,1071,3
1085,170,0
1086,170,0
1094,170,0
1104,170,0
1115,170,0
1120,170,0
1131,170,0
1152,170,0
1169,170,0
1178,170,0
1184,170,0
1199,170,0
1202,170,0
1217,170,0
1220,170,0
1221,170,0
1232,170,0
1247,170,0
1249,170,0
1269,170,0
1271,170,0
1277,170,0
1295,170,0
1309,170,0
1313,170,0
1326,170,0
1333,170,0
1338,170,0
1343,170,0
1370,170,0
1374,170,0
1407,170,0
1417,170,0
1420,170,0
1424,170,0
1432,170,0
1435,170,0
1441,170,0
1442,170,0
1460,170,0
1467,170,0
1478,170,0
1482,170,0
1483,170,0
1486,170,0
1509,170,0
1516,170,0
1518,170,0
1532,170,0
1543,170,0
1546,170,0
1549,170,0
1580,170,0
1592,170,0
1598,170,0
1599,170,0
1600,170,0
1641,170,0
171,649,3
171,733,3
171,937,3
171,1176,3
283,172,0
172,453,3
591,172,0
172,1030,3
1055,172,0
172,1105,3
172,1158,3
1291,172,0
321,173,0
173,926,3
173,1239,3
1256,173,0
1473,173,0
174,216,3
174,323,3
809,174,0
174,993,3
31,175,0
149,175,0
175,239,3
249,175,0
291,175,0
330,175,0
342,175,0
347,175,0
362,175,0
366,175,0
368,175,0
371,175,0
417,175,0
422,175,0
463,175,0
464,175,0
472,175,0
489,175,0
502,175,0
504,175,0
514,175,0
529,175,0
549,175,0
591,175,0
598,175,0
615,175,0
643,175,0
663,175,0
684,175,0
694,175,0
722,175,0
735,175,0
744,175,0
759,175,0
774,175,0
777,175,0
781,175,0
792,175,0
813,175,0
849,175,0
850,175,0
866,175,0
885,175,0
894,175,0
925,175,0
933,175,0
939,175,0
951,175,0
996,175,0
1008,175,0
1009,175,0
1043,175,0
1054,175,0
1058,175,0
1077,175,0
1103,175,0
1143,175,0
1214,175,0
1229,175,0
1231,175,0
1232,175,0
1234,175,0
1235,175,0
1247,175,0
1249,175,0
1281,175,0
1283,175,0
1309,175,0
1325,175,0
1329,175,0
1331,175,0
1345,175,0
1374,175,0
1389,175,0
1401,175,0
1413,175,0
1416,175,0
1417,175,0
1420,175,0
1427,175,0
1460,175,0
1468,175,0
1515,175,0
1557,175,0
1580,175,0
1594,175,0
1600,175,0
1625,175,0
146,176,0
176,594,3
795,176,0
176,889,3
1235,176,0
1288,176,0
176,1291,3
1296,176,0
176,1499,3
177,525,3
792,177,0
177,799,3
177,908,3
1434,177,0
177,1442,3
177,1531,3
224,178,0
403,178,0
178,948,3
950,178,0
178,1054,3
178,1155,3
777,179,0
1254,179,0
1537,179,0
1538,179,0
180,683,3
180,792,3
1157,180,0
180,1481,3
31,181,0
37,181,0
108,181,0
197,181,0
214,181,0
225,181,0
308,181,0
315,181,0
323,181,0
343,181,0
396,181,0
443,181,0
499,181,0
571,181,0
573,181,0
608,181,0
609,181,0
621,181,0
633,181,0
671,181,0
741,181,0
754,181,0
762,181,0
786,181,0
797,181,0
838,181,0
840,181,0
876,181,0
918,181,0
922,181,0
930,181,0
992,181,0
1027,181,0
1052,181,0
1060,181,0
181,1191,3
1209,181,0
1227,181,0
1233,181,0
1276,181,0
1280,181,0
1302,181,0
1354,181,0
1364,181,0
1408,181,0
1447,181,0
1474,181,0
181,1481,3
1567,181,0
449,182,0
521,182,0
706,182,0
785,182,0
183,278,3
659,183,0
770,183,0
183,1016,3
1079,183,0
1445,183,0
1477,183,0
434,184,0
678,184,0
184,883,3
184,1083,3
184,1225,3
1537,184,0
820,185,0
833,185,0
185,834,3
1117,185,0
1449,185,0
185,1602,3
54,186,0
57,186,0
71,186,0
212,186,0
215,186,0
262,186,0
297,186,0
304,186,0
361,186,0
379,186,0
381,186,0
390,186,0
398,186,0
403,186,0
424,186,0
468,186,0
480,186,0
482,186,0
499,186,0
511,186,0
607,186,0
614,186,0
620,186,0
629,186,0
643,186,0
706,186,0
186,710,3
736,186,0
742,186,0
758,186,0
761,186,0
795,186,0
802,186,0
810,186,0
831,186,0
872,186,0
902,186,0
913,186,0
921,186,0
924,186,0
931,186,0
186,959,3
966,186,0
1035,186,0
1106,186,0
1131,186,0
1150,186,0
1194,186,0
1195,186,0
1205,186,0
1207,186,0
1225,186,0
1253,186,0
1271,186,0
1305,186,0
1322,186,0
1323,186,0
1338,186,0
1351,186,0
1357,186,0
1372,186,0
1403,186,0
1407,186,0
1429,186,0
1441,186,0
1456,186,0
1483,186,0
1486,186,0
1560,186,0
1562,186,0
1563,186,0
1565,186,0
1577,186,0
1598,186,0
764,187,0
824,187,0
873,187,0
937,187,0
187,1062,3
1257,187,0
1381,187,0
1488,187,0
765,188,0
188,891,3
1544,188,0
189,677,3
189,1209,3
245,190,0
288,190,0
190,583,3
190,604,3
190,683,3
744,190,0
951,190,0
961,190,0
1347,190,0
1596,190,0
191,212,3
293,191,0
405,191,0
553,191,0
754,191,0
806,191,0
914,191,0
1252,191,0
1516,191,0
191,1601,3
192,491,3
1207,192,0
1607,192,0
2,193,0
84,193,0
100,193,0
114,193,0
121,193,0
202,193,0
209,193,0
230,193,0
250,193,0
254,193,0
275,193,0
277,193,0
282,193,0
290,193,0
304,193,0
309,193,0
324,193,0
328,193,0
333,193,0
342,193,0
347,193,0
193,352,3
375,193,0
376,193,0
389,193,0
393,193,0
403,193,0
415,193,0
446,193,0
479,193,0
484,193,0
491,193,0
509,193,0
529,193,0
539,193,0
612,193,0
617,193,0
619,193,0
628,193,0
656,193,0
663,193,0
678,193,0
696,193,0
711,193,0
722,193,0
726,193,0
728,193,0
731,193,0
732,193,0
745,193,0
754,193,0
757,193,0
771,193,0
777,193,0
795,193,0
798,193,0
813,193,0
821,193,0
822,193,0
827,193,0
193,829,3
845,193,0
850,193,0
868,193,0
871,193,0
877,193,0
886,193,0
900,193,0
906,193,0
909,193,0
925,193,0
933,193,0
959,193,0
963,193,0
969,193,0
987,193,0
988,193,0
1003,193,0
1009,193,0
1013,193,0
1032,193,0
1042,193,0
1043,193,0
1056,193,0
1062,193,0
1063,193,0
1075,193,0
1080,193,0
1111,193,0
1121,193,0
1122,193,0
1130,193,0
1134,193,0
1144,193,0
1147,193,0
1153,193,0
1154,193,0
1159,193,0
1186,193,0
1188,193,0
1191,193,0
1193,193,0
1194,193,0
1202,193,0
1210,193,0
1219,193,0
1225,193,0
1228,193,0
1229,193,0
1232,193,0
1236,193,0
1249,193,0
1251,193,0
1272,193,0
1277,193,0
1282,193,0
1287,193,0
1291,193,0
1295,193,0
1297,193,0
1300,193,0
1305,193,0
1309,193,0
1314,193,0
1319,193,0
1324,193,0
1326,193,0
1332,193,0
1363,193,0
1369,193,0
1374,193,0
1382,193,0
1391,193,0
1420,193,0
1457,193,0
1460,193,0
193,1473,3
1475,193,0
1513,193,0
1518,193,0
1535,193,0
1536,193,0
1549,193,0
1584,193,0
1585,193,0
1599,193,0
1601,193,0
1620,193,0
1630,193,0
1632,193,0
1633,193,0
1640,193,0
1641,193,0
35,194,0
234,194,0
238,194,0
411,194,0
466,194,0
194,539,3
776,194,0
835,194,0
1006,194,0
1519,194,0
195,1520,3
196,285,3
196,1511,3
197,1626,3
198,838,3
199,359,3
199,1080,3
199,1249,3
199,1308,3
200,367,3
200,398,3
200,628,3
202,925,3
202,1187,3
202,1433,3
203,221,3
203,896,3
203,918,3
203,1089,3
204,303,3
204,1115,3
204,1533,3
206,230,3
206,552,3
206,1168,3
207,1407,3
209,305,3
209,1096,3
209,1301,3
210,1390,3
211,1620,3
213,273,3
213,740,3
213,1108,3
213,1412,3
214,486,3
214,1514,3
215,621,3
216,821,3
216,1003,3
216,1120,3
216,1439,3
217,940,3
218,1233,3
218,1560,3
219,1575,3
220,1185,3
220,1585,3
221,1136,3
221,1370,3
223,384,3
223,837,3
223,1324,3
224,908,3
225,470,3
225,1449,3
227,1001,3
227,1474,3
228,873,3
229,1027,3
230,1514,3
231,296,3
231,911,3
233,788,3
233,850,3
234,1007,3
234,1275,3
234,1375,3
235,1585,3
236,559,3
236,874,3
238,1024,3
238,1038,3
238,1600,3
239,1020,3
240,1058,3
241,415,3
241,509,3
241,754,3
241,783,3
241,792,3
241,965,3
242,290,3
242,1143,3
242,1217,3
242,1619,3
244,418,3
244,642,3
245,1317,3
246,1240,3
246,1642,3
249,1343,3
249,1538,3
251,379,3
251,465,3
251,991,3
252,733,3
253,1329,3
254,837,3
254,930,3
254,1356,3
255,936,3
255,1483,3
256,961,3
256,1025,3
256,1300,3
256,1589,3
257,274,3
257,288,3
257,999,3
257,1272,3
258,538,3
258,592,3
258,1169,3
260,673,3
260,762,3
260,1375,3
261,381,3
261,967,3
261,1123,3
262,307,3
262,540,3
263,593,3
263,1040,3
264,421,3
265,1133,3
267,953,3
267,1207,3
267,1490,3
267,1642,3
269,1493,3
270,728,3
270,1587,3
272,1098,3
273,988,3
274,1056,3
274,1532,3
276,295,3
277,399,3
277,903,3
278,954,3
279,1260,3
280,1181,3
282,637,3
283,507,3
284,697,3
284,887,3
286,919,3
287,1356,3
288,615,3
288,1452,3
289,294,3
292,706,3
292,846,3
292,1072,3
292,1489,3
292,1563,3
295,790,3
297,1608,3
298,928,3
298,1376,3
299,553,3
301,619,3
303,320,3
303,519,3
303,854,3
304,687,3
304,872,3
305,1399,3
305,1632,3
306,349,3
306,485,3
306,1593,3
307,1544,3
308,319,3
308,1384,3
310,1353,3
310,1393,3
311,1227,3
311,1390,3
311,1513,3
312,874,3
312,988,3
312,1118,3
313,532,3
313,582,3
314,801,3
314,931,3
314,1632,3
316,1506,3
318,1042,3
322,606,3
322,920,3
324,1061,3
325,1021,3
325,1272,3
326,1230,3
327,939,3
329,799,3
331,416,3
331,1138,3
332,803,3
332,1022,3
332,1225,3
333,588,3
333,1226,3
333,1507,3
334,385,3
334,1476,3
336,601,3
336,955,3
336,1263,3
337,491,3
337,925,3
337,1358,3
337,1394,3
338,1292,3
338,1632,3
339,1364,3
340,958,3
341,715,3
341,739,3
341,1296,3
341,1610,3
342,1133,3
344,694,3
344,1523,3
344,1576,3
345,1185,3
345,1256,3
346,467,3
346,500,3
346,719,3
346,1133,3
347,753,3
347,1150,3
349,634,3
349,1436,3
351,1049,3
352,1502,3
353,1083,3
354,1171,3
354,1257,3
354,1591,3
355,436,3
356,1028,3
357,667,3
357,712,3
358,423,3
358,1289,3
358,1466,3
359,773,3
359,1399,3
361,694,3
361,1209,3
362,1585,3
364,1102,3
364,1611,3
365,1253,3
365,1584,3
365,1631,3
367,1440,3
369,517,3
369,1549,3
371,810,3
371,1183,3
371,1206,3
372,951,3
372,959,3
372,1179,3
374,1013,3
375,1186,3
375,1368,3
377,887,3
378,481,3
378,957,3
378,1124,3
378,1506,3
379,698,3
379,1169,3
380,1128,3
381,1221,3
381,1258,3
381,1525,3
382,917,3
383,415,3
383,759,3
383,887,3
384,969,3
384,1269,3
384,1504,3
384,1512,3
385,590,3
385,1252,3
386,930,3
386,1434,3
387,693,3
387,1371,3
388,921,3
388,1135,3
392,1010,3
392,1373,3
393,638,3
394,1584,3
395,617,3
395,1636,3
396,804,3
396,913,3
399,481,3
399,651,3
399,687,3
399,1472,3
400,1283,3
400,1370,3
402,544,3
403,553,3
405,842,3
406,899,3
408,470,3
408,1563,3
409,587,3
409,1377,3
412,1501,3
413,1531,3
414,1255,3
415,603,3
415,751,3
417,658,3
420,524,3
420,1026,3
421,1167,3
421,1519,3
422,656,3
422,738,3
422,1088,3
423,704,3
423,1172,3
424,701,3
425,498,3
425,854,3
425,1165,3
425,1568,3
427,944,3
428,1251,3
428,1258,3
429,510,3
429,727,3
429,1252,3
430,1448,3
431,458,3
431,824,3
431,840,3
431,1637,3
432,1226,3
432,1607,3
436,1131,3
437,1038,3
440,1059,3
441,1206,3
442,1381,3
442,1444,3
444,972,3
444,1304,3
446,1183,3
448,691,3
448,780,3
449,717,3
449,1185,3
450,1439,3
451,563,3
451,1063,3
452,1507,3
453,1382,3
455,540,3
455,685,3
457,1268,3
458,641,3
460,519,3
460,840,3
460,1273,3
460,1545,3
461,906,3
461,1153,3
461,1259,3
462,680,3
462,1347,3
462,1413,3
463,945,3
464,1042,3
464,1079,3
464,1213,3
464,1281,3
465,965,3
465,1123,3
466,537,3
466,656,3
466,682,3
466,704,3
467,1614,3
468,1086,3
468,1127,3
469,1366,3
470,726,3
470,942,3
471,1093,3
475,621,3
476,737,3
476,1272,3
477,674,3
479,714,3
480,1391,3
481,1136,3
481,1574,3
481,1607,3
482,1313,3
482,1490,3
483,1200,3
484,530,3
485,1627,3
487,870,3
487,958,3
487,1273,3
489,752,3
490,784,3
490,815,3
490,904,3
491,778,3
491,1063,3
493,734,3
493,1332,3
493,1481,3
495,1386,3
496,1364,3
496,1400,3
497,1595,3
498,1101,3
499,504,3
499,823,3
500,640,3
500,1251,3
500,1309,3
500,1579,3
501,837,3
502,544,3
502,669,3
502,958,3
502,1443,3
503,593,3
503,1457,3
503,1478,3
504,992,3
505,1128,3
507,568,3
507,733,3
508,1508,3
509,1116,3
509,1337,3
511,1109,3
511,1345,3
513,689,3
514,1487,3
514,1540,3
515,874,3
518,584,3
518,1484,3
518,1566,3
519,1628,3
520,1416,3
521,705,3
522,537,3
522,1430,3
523,529,3
523,1051,3
523,1579,3
524,618,3
525,600,3
526,1530,3
527,605,3
527,1241,3
529,615,3
530,929,3
530,961,3
530,1238,3
532,1299,3
534,1233,3
535,1265,3
536,687,3
536,1428,3
536,1606,3
536,1611,3
537,1323,3
537,1413,3
537,1550,3
538,702,3
538,842,3
538,1626,3
544,730,3
544,1447,3
544,1507,3
544,1622,3
545,1008,3
545,1039,3
545,1416,3
545,1612,3
546,758,3
546,781,3
548,664,3
548,1042,3
549,896,3
551,708,3
551,1543,3
552,991,3
554,1049,3
554,1120,3
556,1237,3
556,1243,3
556,1325,3
556,1583,3
557,1567,3
560,1198,3
560,1370,3
560,1492,3
560,1536,3
560,1567,3
561,1058,3
561,1168,3
562,1540,3
563,821,3
564,644,3
565,1021,3
566,922,3
567,1112,3
567,1126,3
568,941,3
569,859,3
569,1607,3
570,921,3
572,1444,3
573,1272,3
573,1306,3
575,776,3
575,1431,3
577,757,3
577,1402,3
578,1195,3
579,669,3
579,971,3
579,1607,3
580,631,3
580,1506,3
581,1197,3
582,596,3
582,1309,3
583,1233,3
583,1285,3
583,1299,3
584,1102,3
584,1177,3
584,1353,3
584,1439,3
584,1493,3
584,1583,3
586,692,3
586,1046,3
589,928,3
590,1094,3
590,1505,3
591,960,3
592,675,3
593,1477,3
594,1025,3
594,1039,3
594,1314,3
595,823,3
595,1144,3
595,1389,3
595,1415,3
596,978,3
597,645,3
597,673,3
597,1219,3
599,737,3
599,1508,3
600,832,3
600,876,3
600,1344,3
601,766,3
601,1209,3
602,724,3
603,626,3
603,1108,3
604,1207,3
604,1437,3
605,1206,3
606,1153,3
606,1374,3
606,1506,3
606,1608,3
608,1275,3
608,1284,3
609,1330,3
610,895,3
611,1040,3
613,876,3
613,1054,3
614,870,3
615,1391,3
615,1551,3
616,1164,3
620,1337,3
621,1531,3
621,1597,3
622,989,3
622,1590,3
624,1274,3
624,1610,3
625,1606,3
626,934,3
626,1053,3
626,1292,3
627,1193,3
627,1199,3
627,1395,3
628,849,3
628,1083,3
628,1374,3
630,1256,3
630,1566,3
632,1158,3
632,1571,3
633,1527,3
634,834,3
635,639,3
635,1212,3
636,1124,3
637,730,3
637,1360,3
639,944,3
639,1062,3
640,1215,3
640,1448,3
641,1108,3
641,1485,3
645,1535,3
646,1090,3
649,1537,3
651,1496,3
653,758,3
654,1060,3
654,1511,3
655,782,3
656,997,3
657,1168,3
657,1351,3
657,1523,3
659,707,3
659,738,3
659,840,3
659,901,3
659,1020,3
660,1442,3
663,1258,3
663,1378,3
663,1637,3
665,1558,3
667,912,3
667,1625,3
668,1070,3
668,1267,3
668,1528,3
669,1013,3
670,748,3
670,1141,3
672,978,3
672,1332,3
673,837,3
673,1401,3
673,1505,3
674,683,3
674,1166,3
674,1208,3
677,817,3
678,945,3
678,1179,3
679,819,3
679,889,3
679,1293,3
680,1517,3
681,900,3
682,1339,3
682,1507,3
683,1047,3
685,1299,3
686,1272,3
686,1531,3
689,773,3
690,1561,3
691,1476,3
692,1603,3
693,984,3
694,1460,3
695,1059,3
696,1119,3
696,1423,3
697,1356,3
697,1551,3
698,955,3
699,1008,3
699,1260,3
700,1386,3
701,1022,3
702,875,3
703,1280,3
705,1473,3
706,1172,3
708,1379,3
709,874,3
709,1162,3
710,921,3
710,1092,3
712,857,3
712,1171,3
713,839,3
714,946,3
716,1022,3
716,1077,3
717,1225,3
718,1160,3
719,973,3
720,735,3
720,998,3
720,1085,3
720,1182,3
721,1467,3
722,1142,3
722,1192,3
722,1486,3
723,995,3
723,1623,3
724,1004,3
724,1468,3
725,1367,3
725,1537,3
725,1610,3
725,1626,3
726,1306,3
726,1614,3
727,1223,3
727,1325,3
728,954,3
728,1573,3
729,1542,3
730,1173,3
732,1014,3
732,1076,3
733,1157,3
733,1182,3
734,900,3
734,1605,3
735,1013,3
736,1367,3
737,1253,3
737,1567,3
738,1348,3
738,1384,3
739,1157,3
739,1456,3
741,951,3
742,828,3
743,1031,3
743,1617,3
745,949,3
745,1085,3
745,1440,3
746,1135,3
746,1343,3
747,1623,3
748,1516,3
750,991,3
750,1248,3
750,1524,3
752,1100,3
752,1344,3
753,1294,3
753,1320,3
754,1442,3
755,1332,3
756,1545,3
758,1078,3
758,1390,3
759,1503,3
761,1437,3
763,1399,3
764,984,3
767,775,3
770,1273,3
771,1422,3
772,1303,3
772,1421,3
773,1269,3
773,1270,3
773,1342,3
778,1266,3
778,1492,3
780,800,3
781,1101,3
781,1459,3
782,831,3
782,1301,3
783,1346,3
784,1088,3
784,1443,3
785,931,3
786,869,3
786,1500,3
787,1068,3
789,850,3
789,871,3
789,1263,3
790,1446,3
790,1633,3
794,1076,3
794,1554,3
795,1061,3
795,1526,3
797,1172,3
797,1503,3
797,1560,3
799,839,3
803,1634,3
805,921,3
805,1537,3
806,1230,3
807,1500,3
809,1085,3
809,1188,3
809,1381,3
810,1414,3
812,1149,3
812,1581,3
813,934,3
814,1434,3
817,831,3
817,1051,3
819,1478,3
820,1467,3
823,836,3
823,966,3
825,1588,3
828,1068,3
828,1326,3
830,1056,3
830,1599,3
831,1075,3
831,1419,3
832,1021,3
833,1167,3
835,875,3
835,1231,3
835,1389,3
835,1521,3
836,1297,3
836,1415,3
839,1461,3
841,1189,3
842,844,3
843,1594,3
844,1292,3
844,1552,3
847,1431,3
848,954,3
849,1303,3
849,1596,3
852,1102,3
852,1449,3
852,1466,3
853,1367,3
856,905,3
857,1103,3
857,1363,3
857,1581,3
858,1193,3
858,1527,3
860,1264,3
860,1623,3
864,982,3
864,1533,3
864,1553,3
872,1461,3
872,1473,3
875,992,3
875,1132,3
875,1306,3
877,1073,3
878,1102,3
879,950,3
881,1592,3
882,1106,3
882,1455,3
885,1193,3
885,1203,3
885,1517,3
887,1280,3
887,1308,3
889,1167,3
889,1351,3
892,1583,3
895,916,3
895,986,3
896,1585,3
896,1611,3
896,1635,3
897,1590,3
900,1413,3
901,1598,3
904,973,3
905,1268,3
906,1599,3
909,1032,3
909,1173,3
910,1218,3
910,1363,3
913,1176,3
914,957,3
915,1392,3
918,1182,3
918,1418,3
918,1489,3
920,992,3
920,1362,3
921,1325,3
926,983,3
926,1186,3
926,1190,3
926,1484,3
927,1319,3
929,1300,3
929,1617,3
931,1119,3
931,1158,3
932,1526,3
933,975,3
933,1360,3
935,1077,3
935,1152,3
935,1469,3
936,954,3
936,1156,3
936,1260,3
937,1191,3
938,1414,3
938,1503,3
939,1051,3
939,1454,3
940,1137,3
941,1609,3
945,1593,3
946,1305,3
947,1212,3
950,1594,3
951,1211,3
953,1205,3
953,1288,3
954,1040,3
958,1387,3
960,998,3
961,1092,3
961,1250,3
963,1087,3
963,1202,3
963,1526,3
964,1072,3
964,1126,3
964,1180,3
965,1268,3
965,1524,3
966,1117,3
967,1017,3
967,1274,3
967,1362,3
969,1423,3
970,1009,3
970,1252,3
971,980,3
972,1008,3
973,1421,3
974,1176,3
976,984,3
976,1618,3
979,1282,3
980,1374,3
980,1615,3
984,1531,3
985,1589,3
986,1150,3
986,1169,3
988,1230,3
988,1614,3
990,1602,3
992,1071,3
992,1173,3
994,1072,3
994,1483,3
995,1043,3
996,1260,3
997,1596,3
998,1104,3
998,1527,3
999,1013,3
999,1514,3
999,1543,3
1000,1108,3
1001,1486,3
1005,1390,3
1007,1167,3
1007,1396,3
1009,1193,3
1009,1206,3
1011,1223,3
1013,1118,3
1013,1351,3
1016,1234,3
1021,1605,3
1025,1032,3
1027,1115,3
1027,1172,3
1028,1403,3
1030,1543,3
1033,1120,3
1033,1394,3
1034,1179,3
1036,1175,3
1037,1530,3
1039,1344,3
1039,1409,3
1040,1342,3
1041,1094,3
1042,1133,3
1043,1216,3
1044,1159,3
1044,1249,3
1046,1084,3
1046,1143,3
1049,1465,3
1050,1463,3
1052,1247,3
1052,1364,3
1055,1471,3
1056,1367,3
1056,1569,3
1059,1285,3
1060,1160,3
1062,1225,3
1062,1444,3
1063,1449,3
1063,1591,3
1065,1264,3
1068,1098,3
1068,1501,3
1070,1625,3
1072,1383,3
1073,1506,3
1073,1525,3
1074,1140,3
1074,1516,3
1077,1469,3
1077,1503,3
1082,1507,3
1083,1405,3
1083,1524,3
1084,1116,3
1087,1410,3
1088,1566,3
1089,1538,3
1090,1344,3
1093,1223,3
1094,1259,3
1096,1116,3
1097,1111,3
1097,1433,3
1098,1099,3
1099,1262,3
1099,1476,3
1101,1159,3
1103,1372,3
1103,1417,3
1104,1331,3
1105,1602,3
1106,1429,3
1108,1509,3
1109,1560,3
1111,1197,3
1113,1344,3
1126,1259,3
1126,1420,3
1127,1622,3
1129,1608,3
1131,1400,3
1131,1401,3
1133,1245,3
1133,1301,3
1134,1519,3
1135,1194,3
1135,1510,3
1136,1375,3
1138,1183,3
1141,1328,3
1147,1548,3
1155,1376,3
1157,1168,3
1157,1440,3
1162,1584,3
1164,1426,3
1165,1430,3
1166,1243,3
1167,1556,3
1167,1569,3
1169,1181,3
1170,1245,3
1170,1429,3
1171,1289,3
1172,1506,3
1175,1443,3
1176,1565,3
1178,1408,3
1178,1592,3
1184,1375,3
1185,1430,3
1186,1302,3
1188,1335,3
1191,1289,3
1191,1616,3
1195,1551,3
1196,1328,3
1197,1379,3
1199,1327,3
1201,1280,3
1201,1379,3
1202,1291,3
1203,1547,3
1205,1635,3
1208,1530,3
1208,1639,3
1210,1492,3
1213,1405,3
1218,1295,3
1226,1488,3
1228,1305,3
1230,1307,3
1233,1401,3
1237,1562,3
1238,1426,3
1239,1273,3
1241,1620,3
1243,1607,3
1244,1322,3
1249,1420,3
1249,1577,3
1249,1592,3
1252,1589,3
1253,1397,3
1260,1548,3
1261,1308,3
1262,1310,3
1263,1296,3
1265,1554,3
1274,1382,3
1274,1414,3
1276,1277,3
1276,1566,3
1277,1313,3
1277,1419,3
1280,1400,3
1283,1628,3
1287,1377,3
1290,1636,3
1294,1332,3
1295,1409,3
1295,1427,3
1298,1365,3
1300,1490,3
1305,1341,3
1305,1395,3
1306,1525,3
1308,1528,3
1308,1545,3
1309,1531,3
1310,1328,3
1313,1550,3
1313,1608,3
1317,1627,3
1318,1572,3
1321,1523,3
1323,1440,3
1339,1615,3
1339,1642,3
1341,1457,3
1341,1622,3
1342,1393,3
1343,1351,3
1343,1405,3
1344,1456,3
1346,1392,3
1347,1616,3
1348,1386,3
1350,1525,3
1351,1591,3
1352,1458,3
1357,1503,3
1367,1455,3
1372,1431,3
1372,1459,3
1382,1593,3
1382,1626,3
1386,1553,3
1390,1588,3
1391,1559,3
1402,1467,3
1407,1438,3
1414,1521,3
1417,1568,3
1419,1499,3
1426,1583,3
1431,1602,3
1432,1493,3
1437,1621,3
1449,1453,3
1464,1614,3
1466,1567,3
1468,1632,3
1471,1597,3
1477,1541,3
1486,1548,3
1490,1607,3
1503,1550,3
1522,1625,3
1524,1589,3
1534,1597,3
1537,1617,3
1549,1574,3
1559,1591,3
1566,1627,3
1570,1606,3
1571,1639,3
1576,1587,3
1582,1603,3
1590,1605,3
1598,1625,3
