0,166,1
0,200,1
0,290,1
0,498,1
0,848,1
0,918,1
935,0,0
987,0,0
0,988,1
0,1124,1
0,1129,1
0,1161,1
0,1301,1
1362,0,0
0,1426,1
1,26,1
662,1,0
1,701,1
1,820,0
1,1069,1
1,1152,1
1,1176,1
1,1182,0
1,1220,1
1,1262,1
1,1277,1
1,1352,1
1,1414,1
1,1599,1
509,2,0
2,548,1
2,827,1
2,1251,1
2,1287,1
2,1490,1
2,1491,1
2,1535,1
222,3,0
3,249,1
3,258,1
3,319,1
687,3,0
3,1322,1
1340,3,0
116,4,0
234,4,0
4,674,0
4,819,1
5,495,1
5,1042,1
5,1231,1
5,1400,1
5,1497,0
6,326,1
6,1207,1
1536,6,0
22,7,0
7,179,1
7,204,1
284,7,0
345,7,0
399,7,0
7,484,1
555,7,0
7,562,1
581,7,0
590,7,0
7,772,1
7,776,1
778,7,0
822,7,0
7,842,1
7,936,1
7,940,1
7,973,1
7,1122,1
7,1159,1
1180,7,0
1394,7,0
1458,7,0
7,1503,1
9,210,1
9,298,1
9,497,1
994,9,0
9,1084,1
9,1311,1
9,1597,0
10,175,1
10,279,1
314,10,0
316,10,0
318,10,0
381,10,0
389,10,0
390,10,0
10,437,1
10,464,1
10,489,1
10,516,1
10,529,1
642,10,0
10,683,1
10,698,1
10,705,1
10,746,1
10,828,1
10,866,1
10,895,1
10,906,1
925,10,0
10,951,1
10,969,1
10,981,1
10,996,1
10,1008,1
10,1022,1
1028,10,0
10,1047,1
1054,10,0
10,1134,1
10,1143,1
10,1221,1
10,1226,1
1234,10,0
1235,10,0
10,1237,1
10,1427,1
10,1469,1
10,1504,1
10,1532,1
10,1553,1
10,1554,1
10,1560,1
1580,10,0
10,1628,1
11,77,1
11,243,1
11,319,1
11,460,1
475,11,0
11,496,1
11,628,1
632,11,0
11,680,1
11,716,1
11,726,1
11,745,1
11,805,1
836,11,0
11,858,1
11,1188,1
1191,11,0
1204,11,0
11,1213,1
1225,11,0
11,1242,1
11,1585,1
12,22,1
34,12,0
12,211,1
12,241,1
12,242,1
12,265,0
12,300,1
370,12,0
12,386,1
12,404,1
409,12,0
12,431,1
12,458,1
490,12,0
12,583,1
644,12,0
645,12,0
12,654,1
12,673,1
12,721,1
748,12,0
12,749,1
12,753,1
12,804,1
12,832,1
12,869,1
930,12,0
976,12,0
12,1095,1
1123,12,0
12,1180,1
1260,12,0
1266,12,0
12,1288,1
1314,12,0
12,1326,1
12,1349,1
12,1355,1
1366,12,0
1373,12,0
1443,12,0
12,1463,1
12,1517,1
12,1527,1
12,1543,1
1571,12,0
12,1589,1
12,1609,1
12,1642,1
65,13,0
13,294,1
13,349,1
13,488,1
13,747,1
13,775,0
13,1597,1
14,215,1
14,289,1
14,680,0
14,914,1
14,932,1
14,1020,0
14,1085,1
14,1401,1
15,108,1
114,15,0
118,15,0
15,307,1
315,15,0
15,328,1
15,444,1
525,15,0
15,686,1
15,757,1
824,15,0
15,852,1
15,887,1
1011,15,0
15,1063,1
15,1133,1
1228,15,0
15,1240,1
15,1280,1
15,1282,1
15,1367,1
15,1377,1
15,1379,1
15,1439,1
1608,15,0
16,236,1
16,279,0
16,455,1
16,1460,0
17,103,1
17,590,0
17,1356,0
17,1548,0
17,1583,0
18,309,1
18,479,1
18,537,0
18,572,1
18,614,1
18,718,0
732,18,0
1112,18,0
18,1113,0
1272,18,0
18,1369,1
18,1633,0
19,55,0
135,19,0
19,844,1
860,19,0
19,1170,1
20,17,1
20,475,1
20,612,1
829,20,0
20,1168,0
20,1446,1
1606,20,0
21,252,1
21,333,1
375,21,0
21,513,1
21,1040,0
1251,21,0
22,385,0
22,399,1
555,22,0
22,758,0
22,822,1
22,973,1
22,1106,1
1122,22,0
1159,22,0
22,1220,1
23,163,0
23,214,1
483,23,0
23,761,1
23,1139,0
23,1255,1
1436,23,0
23,1596,1
24,382,0
24,810,0
24,1029,1
24,1126,0
24,1181,1
24,1453,1
25,226,0
25,329,1
25,500,1
25,543,1
25,622,1
25,646,1
25,740,1
25,1298,1
25,1603,1
26,48,0
26,56,1
26,335,0
26,1245,0
26,1265,0
27,364,1
27,394,0
27,802,1
27,887,1
1182,27,0
27,1249,1
1431,27,0
28,952,0
394,29,0
29,689,1
29,1122,1
29,1307,1
29,1369,0
30,125,1
30,454,1
30,823,1
1167,30,0
30,1294,0
30,1368,1
31,205,1
250,31,0
423,31,0
31,554,1
729,31,0
1013,31,0
1168,31,0
31,1177,0
31,1210,1
31,1308,1
31,1315,1
1335,31,0
1341,31,0
31,1353,1
32,16,1
32,630,0
32,841,1
32,1248,1
32,1296,1
33,240,1
874,33,0
33,886,1
1157,33,0
33,1187,1
1342,33,0
34,89,1
34,226,1
34,501,1
34,563,1
34,780,0
794,34,0
815,34,0
34,931,1
34,1106,1
34,1194,1
34,1305,1
34,1323,1
1565,34,0
1606,34,0
35,78,1
35,319,1
35,442,1
647,35,0
789,35,0
35,853,1
35,1148,1
1618,35,0
36,164,1
178,36,0
36,247,1
248,36,0
263,36,0
36,301,1
36,359,0
421,36,0
542,36,0
635,36,0
36,795,1
815,36,0
36,841,1
950,36,0
36,955,1
36,974,1
36,1018,1
1296,36,0
1308,36,0
1363,36,0
197,37,0
37,285,1
37,341,1
37,526,1
37,787,1
37,840,1
1060,37,0
1233,37,0
37,1263,1
37,1451,1
38,57,1
38,155,0
249,38,0
38,391,1
38,602,1
666,38,0
793,38,0
38,943,1
38,1033,1
1046,38,0
38,1261,1
38,1570,1
39,1075,0
39,1370,0
40,168,1
273,40,0
40,683,1
40,705,1
40,1007,1
1060,40,0
40,1065,1
40,1221,1
41,124,0
41,187,1
41,274,0
41,277,1
41,318,1
41,607,1
821,41,0
41,1114,1
42,4,1
42,202,1
244,42,0
42,342,1
42,431,1
42,498,1
42,522,1
42,567,1
643,42,0
42,666,1
42,693,1
710,42,0
42,793,1
819,42,0
882,42,0
42,886,1
42,890,1
42,933,1
942,42,0
42,1002,1
1033,42,0
42,1046,1
42,1113,1
42,1201,1
1202,42,0
42,1222,1
1238,42,0
42,1260,0
42,1330,1
42,1378,1
1383,42,0
42,1402,1
42,1500,1
42,1584,1
42,1588,1
42,1600,1
42,1614,1
43,160,1
43,207,1
43,313,1
327,43,0
43,367,1
43,383,1
392,43,0
43,485,1
43,518,1
574,43,0
43,596,1
43,616,1
637,43,0
43,649,1
43,747,1
43,820,1
43,856,1
43,867,1
942,43,0
43,946,1
953,43,0
43,993,1
43,1004,1
43,1014,1
1032,43,0
1044,43,0
43,1074,0
43,1192,1
43,1211,0
1289,43,0
43,1324,1
43,1392,1
43,1479,1
43,1481,1
43,1489,1
43,1492,1
1511,43,0
43,1568,1
43,1630,1
456,44,0
44,623,1
44,692,0
729,44,0
739,44,0
1138,44,0
1139,44,0
1406,44,0
1590,44,0
44,1591,1
45,1058,0
46,1619,0
47,201,1
47,252,1
47,295,1
47,305,1
354,47,0
364,47,0
397,47,0
47,441,1
47,461,1
47,517,1
47,536,1
47,584,1
592,47,0
47,599,1
604,47,0
658,47,0
697,47,0
699,47,0
47,710,1
715,47,0
47,718,1
834,47,0
47,839,1
47,846,1
887,47,0
47,954,1
47,964,1
47,971,1
47,980,1
47,1005,1
47,1015,1
1087,47,0
47,1098,1
1102,47,0
47,1119,1
47,1177,1
47,1183,1
47,1240,1
47,1250,1
47,1316,1
1318,47,0
1360,47,0
47,1365,1
1390,47,0
47,1397,1
1410,47,0
47,1418,1
47,1487,1
47,1528,1
47,1534,1
47,1552,1
47,1556,1
1575,47,0
47,1587,1
48,118,1
281,48,0
48,457,0
48,674,1
795,48,0
883,48,0
48,977,1
987,48,0
48,1239,1
48,1362,1
48,1470,1
48,1502,1
48,1634,0
49,128,1
49,233,1
49,783,1
49,1083,0
49,1146,1
49,1205,1
49,1345,1
1361,49,0
49,1384,1
1465,49,0
49,1594,1
49,1617,1
141,50,0
50,287,1
50,334,1
50,344,0
50,423,0
50,428,1
50,606,1
50,619,1
641,50,0
851,50,0
50,855,1
50,942,1
1459,50,0
1548,50,0
51,77,1
164,51,0
51,178,1
247,51,0
263,51,0
51,301,1
363,51,0
51,421,1
432,51,0
51,462,1
51,478,1
51,576,1
51,635,1
51,690,1
51,766,1
51,795,1
51,804,0
51,836,1
841,51,0
51,950,1
51,955,1
51,974,1
51,997,1
51,1061,1
51,1114,1
1170,51,0
51,1203,1
51,1211,1
1264,51,0
51,1363,1
51,1462,1
51,1611,1
52,248,0
52,310,1
52,559,1
52,661,0
52,703,1
1068,52,0
1274,52,0
53,942,1
53,1420,0
54,500,0
914,54,0
54,932,1
54,1546,0
55,304,0
55,797,0
209,56,0
223,56,0
730,56,0
56,1320,1
56,1423,1
56,1557,1
57,255,1
318,57,0
57,358,1
57,365,1
438,57,0
57,466,1
57,713,1
57,897,1
1110,57,0
57,1164,1
57,1268,0
57,1315,1
57,1408,0
57,1422,1
57,1576,1
58,117,1
229,58,0
58,293,1
369,58,0
58,408,0
58,443,1
58,451,1
58,604,1
58,712,1
58,798,1
58,1021,1
58,1156,1
1380,58,0
58,1420,0
1516,58,0
359,61,0
493,61,0
61,717,0
61,816,1
901,61,0
62,185,1
62,351,1
62,402,1
62,604,0
833,62,0
62,910,1
62,1065,1
1117,62,0
62,1149,1
62,1158,1
62,1275,1
62,1449,1
63,117,1
63,614,1
630,63,0
63,688,0
1323,63,0
64,200,1
64,452,0
64,625,0
64,900,1
65,520,1
549,65,0
65,744,1
65,800,1
65,870,0
65,881,0
65,888,1
1086,65,0
1167,65,0
65,1218,1
1417,65,0
66,836,0
67,253,1
397,67,0
470,67,0
67,510,1
67,520,1
67,848,1
67,908,1
67,975,1
67,1126,1
1268,67,0
67,1452,1
68,254,1
68,678,1
68,856,0
892,68,0
68,1219,1
68,1490,1
68,1505,1
1620,68,0
69,114,1
69,118,1
69,244,1
1415,69,0
70,44,1
70,103,1
459,70,0
70,755,1
70,935,1
70,945,1
987,70,0
70,989,1
1273,70,0
70,1301,1
70,1419,1
70,1529,1
71,240,0
71,247,1
71,357,1
71,781,0
71,802,0
71,945,1
71,1273,1
402,72,0
72,457,1
72,532,1
72,626,0
72,753,0
72,960,1
1452,72,0
1604,72,0
73,51,1
73,189,0
73,461,0
620,73,0
73,897,1
947,73,0
73,960,0
73,974,1
74,102,1
74,221,1
235,74,0
74,335,1
74,645,1
74,949,1
956,74,0
1294,74,0
74,1467,0
74,1523,1
74,1537,1
1538,74,0
74,1545,1
1639,74,0
75,194,1
195,75,0
312,75,0
440,75,0
75,896,1
75,1006,1
75,1471,1
75,1497,1
76,114,1
118,76,0
76,238,0
76,953,0
76,1564,1
77,64,1
91,77,0
114,77,0
77,200,1
77,237,1
77,239,1
243,77,0
257,77,0
261,77,0
291,77,0
77,384,1
77,412,1
77,414,1
77,446,1
77,451,1
475,77,0
512,77,0
519,77,0
538,77,0
539,77,0
77,557,1
77,564,1
77,585,1
77,587,1
593,77,0
77,618,1
77,628,1
77,639,1
77,650,1
77,675,1
77,688,1
77,691,1
77,696,1
77,726,1
77,767,1
77,788,0
77,868,1
892,77,0
77,893,1
77,912,1
77,923,1
77,948,1
77,1000,1
77,1010,1
77,1012,1
1045,77,0
1067,77,0
1093,77,0
1097,77,0
77,1126,1
77,1153,1
77,1188,1
1212,77,0
77,1284,1
77,1293,1
77,1310,1
77,1321,1
1332,77,0
1335,77,0
1356,77,0
1363,77,0
77,1385,1
1398,77,0
77,1406,1
77,1455,1
77,1519,1
77,1525,1
1526,77,0
77,1539,1
77,1558,1
77,1579,1
77,1582,1
77,1585,1
1615,77,0
77,1616,1
78,84,1
78,93,1
78,869,0
78,956,1
78,1198,1
155,79,0
79,433,1
506,79,0
651,79,0
79,1224,1
79,1414,1
79,1506,1
80,169,1
1162,80,0
81,229,1
81,803,1
81,810,1
1357,81,0
1411,81,0
82,67,1
218,82,0
82,246,1
82,552,1
82,696,0
82,704,1
82,708,0
82,773,1
82,776,1
818,82,0
82,884,1
975,82,0
82,1213,1
82,1270,1
82,1454,1
82,1626,1
83,2,1
31,83,0
83,33,1
83,71,1
83,98,1
100,83,0
83,120,1
128,83,0
83,138,1
83,149,1
83,152,1
183,83,0
195,83,0
83,205,1
83,216,1
83,219,1
224,83,0
83,227,1
229,83,0
83,251,1
83,260,1
265,83,0
83,267,1
269,83,0
275,83,0
83,279,1
83,283,1
83,286,1
291,83,0
83,292,1
83,314,1
330,83,0
336,83,0
83,341,1
342,83,0
83,347,1
83,349,1
83,353,1
83,357,1
83,362,1
83,368,1
371,83,0
376,83,0
83,387,1
83,393,1
410,83,0
83,417,1
83,426,1
83,430,1
83,453,1
463,83,0
83,466,1
83,472,1
473,83,0
492,83,0
83,502,1
83,504,1
505,83,0
83,509,1
83,522,1
83,523,1
83,529,1
533,83,0
539,83,0
83,540,1
83,541,1
83,544,1
554,83,0
560,83,0
83,568,1
83,589,1
83,591,1
83,598,1
601,83,0
83,613,1
615,83,0
83,627,1
83,643,1
650,83,0
83,656,1
659,83,0
83,661,1
663,83,0
83,684,1
83,687,1
691,83,0
83,694,1
698,83,0
712,83,0
83,722,1
83,724,1
728,83,0
83,731,1
83,735,1
765,83,0
770,83,0
83,774,1
777,83,0
83,778,1
781,83,0
83,792,1
807,83,0
83,810,1
811,83,0
83,813,1
817,83,0
83,822,1
827,83,0
83,828,1
83,838,1
843,83,0
83,849,1
850,83,0
83,858,1
83,859,1
862,83,0
866,83,0
83,871,1
880,83,0
885,83,0
83,889,1
891,83,0
83,894,1
83,895,1
83,925,1
933,83,0
934,83,0
83,938,1
948,83,0
83,952,1
963,83,0
83,965,1
978,83,0
984,83,0
83,996,1
83,1008,1
1009,83,0
1013,83,0
1016,83,0
83,1032,1
83,1042,1
83,1043,1
1050,83,0
83,1054,1
83,1055,1
1071,83,0
83,1075,1
83,1077,1
83,1079,1
1103,83,0
83,1106,1
1113,83,0
83,1116,1
83,1122,1
83,1130,1
83,1143,1
83,1144,1
1152,83,0
83,1168,1
83,1171,1
83,1187,1
83,1194,1
1202,83,0
83,1204,1
1210,83,0
83,1220,1
1226,83,0
1229,83,0
1232,83,0
1234,83,0
1243,83,0
83,1244,1
1245,83,0
83,1249,1
1251,83,0
83,1274,1
83,1281,1
83,1283,1
83,1287,1
83,1290,1
83,1303,1
83,1306,1
83,1309,1
83,1321,1
1324,83,0
1325,83,0
1327,83,0
83,1329,1
83,1331,1
1341,83,0
1342,83,0
1346,83,0
83,1348,1
83,1353,1
83,1356,1
83,1363,1
83,1374,1
83,1375,1
83,1376,1
1380,83,0
83,1389,1
83,1398,1
83,1401,1
83,1406,1
83,1412,1
83,1413,1
1420,83,0
83,1427,1
83,1445,1
83,1448,1
83,1460,1
83,1461,1
1468,83,0
83,1477,1
83,1481,1
83,1484,1
1491,83,0
1496,83,0
1497,83,0
1508,83,0
83,1510,1
83,1515,1
83,1518,1
1539,83,0
1542,83,0
1547,83,0
83,1555,1
83,1557,1
83,1558,1
83,1569,1
1576,83,0
83,1578,1
83,1580,1
83,1582,1
83,1599,1
83,1600,1
1601,83,0
83,1613,1
83,1615,1
1616,83,0
1623,83,0
83,1625,1
83,1628,1
83,1630,1
83,1632,1
84,594,0
813,84,0
84,1029,0
85,112,1
85,150,0
238,85,0
85,835,1
85,854,1
862,85,0
85,897,1
1128,85,0
85,1282,1
419,86,0
86,538,1
86,902,1
1062,86,0
86,1183,1
86,1214,0
86,1332,1
1359,86,0
86,1378,1
79,87,0
160,87,0
87,268,1
87,415,1
433,87,0
87,506,1
508,87,0
87,638,1
87,743,1
87,847,1
87,947,1
87,1107,1
1125,87,0
1350,87,0
1414,87,0
87,1506,1
1570,87,0
88,1473,0
89,815,1
89,870,0
89,1090,1
1120,89,0
1247,89,0
89,1288,1
1314,89,0
1585,89,0
90,142,1
90,163,0
90,176,0
306,90,0
322,90,0
90,324,1
90,553,1
90,617,1
799,90,0
90,863,1
90,1133,1
1236,90,0
90,1263,1
90,1291,1
90,1391,1
90,1475,1
90,1604,1
90,1633,1
219,91,0
91,229,1
340,91,0
91,355,1
360,91,0
91,405,1
91,422,1
91,435,1
91,501,1
91,507,1
91,527,1
91,715,0
91,737,1
91,779,1
810,91,0
91,864,1
983,91,0
991,91,0
1038,91,0
91,1059,1
91,1094,0
91,1120,1
1140,91,0
1286,91,0
1295,91,0
91,1357,1
91,1429,1
1524,91,0
91,1549,1
91,1595,1
91,1606,1
92,598,0
92,916,1
92,1142,1
1636,92,0
431,93,0
198,94,0
199,94,0
220,94,0
234,94,0
94,241,1
374,94,0
401,94,0
94,469,1
94,551,1
94,749,1
94,947,0
94,995,1
94,1019,1
94,1025,1
1051,94,0
94,1072,1
94,1095,1
94,1105,1
94,1106,1
94,1123,1
94,1132,1
1155,94,0
94,1169,1
1194,94,0
94,1217,1
94,1223,1
1295,94,0
1305,94,0
1366,94,0
94,1430,1
94,1443,1
94,1454,1
94,1549,1
94,1609,1
95,109,1
95,134,1
95,281,1
494,95,0
674,95,0
847,95,0
95,883,1
95,1115,1
95,1480,1
419,96,0
96,471,1
96,615,0
96,903,1
96,1017,1
96,1092,1
1160,96,0
96,1175,1
1189,96,0
96,1390,0
1522,96,0
96,1566,1
96,1588,0
97,15,1
97,307,1
439,97,0
530,97,0
97,709,1
97,762,1
97,1166,1
97,1514,1
98,125,1
98,128,1
98,506,1
783,98,0
98,823,1
98,1040,1
98,1136,0
98,1205,1
1368,98,0
98,1388,1
98,1396,1
1440,98,0
1465,98,0
1533,98,0
98,1617,1
5,99,0
99,115,1
99,185,1
99,211,1
263,99,0
99,301,1
99,370,1
99,409,1
474,99,0
588,99,0
603,99,0
99,605,1
99,644,1
99,672,1
99,694,0
99,701,0
99,773,1
99,779,1
791,99,0
99,841,1
99,901,1
99,935,0
99,947,1
99,983,1
99,1018,1
1101,99,0
99,1164,1
99,1284,1
1296,99,0
1349,99,0
99,1425,1
99,1523,1
1593,99,0
1639,99,0
100,183,1
100,316,1
349,100,0
100,372,1
100,376,1
100,517,0
100,659,1
746,100,0
770,100,0
100,906,1
909,100,0
100,963,1
969,100,0
100,1079,1
100,1222,1
100,1235,0
100,1342,1
1445,100,0
1554,100,0
1555,100,0
101,172,1
101,1188,1
102,599,0
102,886,1
103,1441,1
103,1615,0
104,392,1
104,405,1
104,510,1
104,1246,1
104,1562,0
105,293,0
105,543,1
105,784,1
105,898,0
1395,105,0
106,511,1
106,558,1
106,629,1
1510,106,0
106,1622,1
826,107,0
1588,107,0
1603,107,0
107,1610,1
210,108,0
108,315,1
444,108,0
108,483,1
108,548,1
108,607,1
108,797,1
945,108,0
108,1108,1
1254,108,0
108,1405,1
109,100,1
107,109,0
109,140,1
109,177,1
109,180,1
109,196,1
109,217,1
109,228,1
243,109,0
109,276,1
318,109,0
109,331,1
336,109,0
109,378,1
109,389,1
109,410,1
420,109,0
109,510,1
109,565,1
566,109,0
631,109,0
109,653,1
109,681,1
109,726,1
746,109,0
109,752,1
753,109,0
765,109,0
780,109,0
109,813,1
876,109,0
109,885,1
109,909,1
917,109,0
109,958,1
109,963,1
968,109,0
969,109,0
109,1020,1
109,1073,1
109,1077,1
1082,109,0
109,1103,1
109,1134,1
109,1144,1
1157,109,0
109,1191,1
109,1192,1
109,1229,1
109,1232,0
109,1241,1
1247,109,0
109,1279,1
1312,109,0
109,1328,1
1350,109,0
109,1374,1
1387,109,0
109,1393,1
109,1420,1
1444,109,0
109,1448,1
109,1469,1
1472,109,0
1494,109,0
1498,109,0
109,1509,1
109,1512,1
109,1531,1
109,1554,1
1585,109,0
109,1623,1
109,1624,1
109,1631,1
110,314,1
110,380,1
110,437,1
110,520,0
110,547,1
110,698,1
110,763,0
110,817,1
110,828,1
110,1020,0
110,1628,1
163,111,0
111,269,1
438,111,0
111,528,0
111,878,1
111,889,0
111,1145,1
111,1292,1
111,1425,0
299,112,0
112,633,0
112,905,0
1069,112,0
1521,112,0
113,465,0
113,1097,0
113,1253,0
114,279,1
296,114,0
348,114,0
114,373,1
114,377,1
393,114,0
114,406,1
448,114,0
114,489,1
114,494,1
521,114,0
114,537,1
556,114,0
114,586,1
114,597,1
114,640,1
114,648,1
664,114,0
114,668,1
114,708,1
114,768,1
114,808,1
114,856,1
114,865,1
114,885,1
114,895,1
114,951,1
114,996,1
114,1026,1
114,1041,1
1054,114,0
1074,114,0
114,1078,1
114,1115,1
114,1127,1
114,1136,1
114,1141,1
114,1143,1
114,1151,1
1152,114,0
1172,114,0
114,1220,1
1222,114,0
114,1229,1
114,1234,1
114,1262,1
114,1317,1
114,1320,0
1339,114,0
1359,114,0
114,1374,1
114,1409,1
114,1427,1
114,1437,1
1446,114,0
1472,114,0
1480,114,0
114,1504,1
114,1529,1
114,1573,1
114,1635,1
1637,114,0
114,1638,1
115,108,1
115,181,0
115,315,1
382,115,0
115,634,0
115,656,1
115,856,1
115,944,0
115,1124,1
115,1280,1
115,1332,1
116,486,1
116,577,1
116,1094,1
116,1206,1
1371,116,0
116,1495,1
442,117,0
117,584,1
117,791,1
117,1148,1
1618,117,0
118,259,0
265,118,0
118,279,1
118,296,1
348,118,0
118,372,1
373,118,0
118,377,1
118,393,1
118,406,1
118,448,1
118,488,1
118,489,1
118,494,1
118,521,1
118,537,1
586,118,0
118,640,1
118,648,1
118,668,1
118,768,1
118,808,1
850,118,0
118,865,1
118,866,1
118,885,1
895,118,0
951,118,0
118,996,1
118,1008,1
118,1026,1
1041,118,0
1074,118,0
1078,118,0
118,1115,1
1141,118,0
118,1143,1
118,1151,1
1172,118,0
118,1220,1
1222,118,0
118,1234,1
1235,118,0
118,1262,1
118,1317,1
1339,118,0
118,1359,1
118,1420,1
118,1437,1
118,1446,1
118,1504,1
118,1512,1
118,1529,1
118,1573,1
118,1635,1
1638,118,0
119,1,1
119,2,1
119,4,1
119,11,1
119,12,1
119,18,1
26,119,0
119,48,1
119,61,1
119,62,1
72,119,0
119,90,1
119,96,1
112,119,0
119,114,1
116,119,0
119,121,1
119,125,1
119,128,1
119,134,1
119,141,1
149,119,0
119,151,1
119,163,1
164,119,0
119,168,1
119,170,1
119,178,1
185,119,0
188,119,0
119,192,1
119,194,1
199,119,0
119,202,1
119,204,0
119,205,1
209,119,0
119,226,1
119,230,1
119,231,1
119,234,1
237,119,0
238,119,0
240,119,0
244,119,0
119,250,1
119,255,1
256,119,0
119,273,1
119,287,1
119,291,1
119,293,1
119,302,1
119,312,1
119,320,1
119,322,1
119,331,1
119,333,1
334,119,0
119,336,1
342,119,0
119,344,1
119,349,1
119,358,1
119,359,1
119,361,1
365,119,0
119,385,1
119,391,1
119,395,1
402,119,0
411,119,0
119,414,1
119,419,1
433,119,0
442,119,0
119,444,1
446,119,0
119,454,1
456,119,0
119,457,1
467,119,0
119,471,1
477,119,0
119,481,1
119,486,1
119,491,1
119,493,1
119,494,1
119,503,1
505,119,0
119,506,1
119,508,1
119,515,1
119,528,1
531,119,0
119,532,1
119,543,1
119,546,1
119,551,1
119,553,1
119,570,1
577,119,0
119,578,1
119,593,1
119,596,1
119,600,1
609,119,0
611,119,0
614,119,0
119,617,1
626,119,0
119,630,1
119,639,1
119,641,1
119,642,1
647,119,0
119,652,1
119,655,1
658,119,0
119,666,1
119,669,1
119,674,1
676,119,0
119,677,1
683,119,0
119,685,1
119,687,1
119,701,1
711,119,0
713,119,0
119,714,1
119,721,1
723,119,0
119,727,1
119,729,1
730,119,0
119,738,1
754,119,0
756,119,0
119,764,1
119,769,1
119,770,1
119,783,1
788,119,0
793,119,0
119,794,1
119,798,1
802,119,0
119,807,1
812,119,0
818,119,0
119,826,1
827,119,0
830,119,0
119,833,1
844,119,0
848,119,0
119,857,1
859,119,0
119,861,1
863,119,0
119,868,1
119,877,1
879,119,0
119,883,1
119,886,1
119,893,1
119,896,1
119,897,1
898,119,0
119,900,1
119,903,1
119,912,1
119,914,1
920,119,0
119,927,1
119,928,1
929,119,0
119,931,1
119,933,1
944,119,0
119,947,1
119,948,1
119,950,1
119,953,1
119,957,1
959,119,0
119,962,1
119,966,1
119,970,1
979,119,0
119,984,1
119,986,1
119,988,1
119,990,1
119,1003,1
1006,119,0
1013,119,0
1017,119,0
119,1023,1
119,1033,1
119,1034,1
119,1040,1
1044,119,0
119,1046,1
119,1065,1
1069,119,0
1071,119,0
1079,119,0
1080,119,0
1085,119,0
1092,119,0
1100,119,0
119,1106,1
1107,119,0
119,1109,1
1110,119,0
119,1115,1
1121,119,0
119,1132,1
1138,119,0
119,1139,1
119,1142,1
1146,119,0
119,1149,1
119,1153,1
1158,119,0
1160,119,0
119,1163,1
1164,119,0
119,1168,1
1169,119,0
1176,119,0
1185,119,0
1186,119,0
119,1187,1
119,1189,1
119,1193,1
119,1196,1
1197,119,0
1200,119,0
119,1202,1
1206,119,0
119,1220,1
1221,119,0
119,1236,1
119,1238,1
1239,119,0
119,1246,1
119,1251,1
119,1262,1
119,1263,1
1274,119,0
119,1277,1
1280,119,0
1284,119,0
119,1293,1
119,1303,1
1307,119,0
119,1310,1
119,1315,1
1319,119,0
1320,119,0
1321,119,0
119,1331,1
119,1334,1
119,1341,1
119,1342,1
119,1353,1
119,1363,1
119,1382,1
119,1392,1
1398,119,0
119,1413,1
1414,119,0
119,1421,1
1423,119,0
119,1438,1
119,1442,1
119,1445,1
119,1452,1
119,1454,1
119,1456,1
119,1457,1
119,1464,1
119,1475,1
119,1478,1
119,1479,1
119,1480,1
119,1491,1
1495,119,0
119,1506,1
119,1513,1
1515,119,0
119,1516,1
119,1521,1
119,1522,1
119,1526,1
119,1535,1
1539,119,0
1543,119,0
119,1544,1
119,1545,1
119,1546,1
119,1548,1
119,1551,1
1555,119,0
119,1566,1
119,1568,1
1579,119,0
1582,119,0
119,1584,1
1590,119,0
1591,119,0
119,1599,1
119,1604,1
119,1607,1
119,1610,1
119,1612,1
119,1616,1
119,1618,1
119,1621,1
1629,119,0
1633,119,0
119,1636,1
1639,119,0
1640,119,0
119,1641,1
120,9,1
120,105,1
120,130,1
120,151,1
202,120,0
120,216,1
120,235,1
120,249,1
270,120,0
271,120,0
120,291,1
307,120,0
309,120,0
120,330,1
120,333,1
120,335,1
336,120,0
120,347,1
120,362,1
366,120,0
120,387,1
391,120,0
409,120,0
414,120,0
120,422,1
120,440,1
120,442,1
120,446,1
120,473,1
120,479,1
120,495,1
120,505,1
514,120,0
120,520,1
120,549,1
572,120,0
120,580,1
120,591,1
120,592,1
120,647,1
657,120,0
120,662,1
120,663,1
675,120,0
120,687,1
693,120,0
120,696,1
728,120,0
732,120,0
120,759,1
120,765,1
120,777,1
120,783,1
120,784,1
120,800,1
832,120,0
120,853,1
862,120,0
120,886,1
888,120,0
956,120,0
972,120,0
120,981,1
120,1009,1
120,1016,1
120,1028,1
1042,120,0
1043,120,0
120,1047,1
1058,120,0
120,1064,1
120,1116,1
120,1148,1
1152,120,0
120,1153,1
120,1167,1
120,1208,1
120,1210,1
120,1214,1
1218,120,0
1231,120,0
120,1244,1
120,1262,1
120,1294,1
120,1303,1
120,1309,1
120,1315,1
120,1321,1
120,1331,1
120,1346,1
120,1349,1
1356,120,0
120,1363,1
1378,120,0
120,1392,0
120,1401,1
120,1416,1
120,1454,1
120,1476,1
120,1542,1
120,1545,1
1557,120,0
120,1560,1
120,1578,1
120,1616,1
120,1618,1
1619,120,0
120,1632,1
120,1638,1
120,1639,1
121,108,1
114,121,0
121,118,1
121,161,1
121,315,1
444,121,0
121,757,1
795,121,0
121,805,1
121,1062,1
121,1190,1
121,1216,1
121,1280,1
121,1332,1
121,1581,1
1639,121,0
415,122,0
508,122,0
122,723,1
122,760,0
926,122,0
122,970,1
122,1073,0
122,1191,0
1546,122,0
122,1629,1
123,984,0
123,998,0
124,620,1
124,682,1
15,125,0
125,128,1
125,396,1
125,657,1
125,671,1
702,125,0
125,783,1
125,899,0
125,922,1
930,125,0
948,125,0
125,991,1
1040,125,0
1049,125,0
125,1194,1
1205,125,0
125,1265,1
1305,125,0
125,1368,1
125,1396,1
125,1539,1
1558,125,0
126,259,1
126,352,1
126,438,1
465,126,0
126,517,0
126,651,1
126,777,0
126,1166,0
126,1427,1
127,30,1
127,125,1
251,127,0
127,326,1
426,127,0
127,525,1
127,623,1
127,670,1
127,823,1
127,1258,1
127,1368,1
1466,127,0
128,135,1
128,289,1
128,414,1
128,454,1
624,128,0
128,657,1
128,751,1
128,783,1
1040,128,0
128,1083,1
1128,128,0
128,1205,1
1265,128,0
128,1266,1
1368,128,0
128,1465,1
128,1476,1
128,1617,1
270,129,0
129,436,1
129,442,1
130,140,0
270,130,0
850,130,0
130,1241,1
131,61,1
131,482,1
830,131,0
131,963,1
131,1082,1
131,1163,1
131,1583,1
132,13,1
132,98,1
132,211,1
132,370,1
409,132,0
132,432,1
132,690,1
132,832,1
132,892,1
985,132,0
132,1110,1
132,1160,0
132,1288,1
132,1349,1
1549,132,0
132,1597,1
133,14,1
152,133,0
133,400,1
133,425,1
133,513,1
914,133,0
133,932,1
133,998,1
133,1024,1
133,1085,1
133,1352,1
133,1398,0
133,1541,1
281,134,0
134,674,1
134,877,0
134,883,1
134,1115,1
1239,134,0
134,1344,0
1498,134,0
134,1577,0
14,135,0
15,135,0
135,31,1
135,65,1
98,135,0
135,118,1
135,133,1
135,161,1
135,185,1
135,187,1
269,135,0
135,272,1
135,284,1
317,135,0
320,135,0
338,135,0
135,342,1
135,379,1
135,398,1
403,135,0
135,416,1
424,135,0
430,135,0
135,447,1
468,135,0
135,480,1
135,559,1
135,564,1
135,610,1
620,135,0
135,629,1
135,657,1
135,686,1
135,720,1
135,725,1
135,738,1
135,742,1
135,745,1
135,767,1
772,135,0
135,783,1
790,135,0
135,795,1
135,824,1
135,831,1
135,833,1
856,135,0
857,135,0
135,881,1
135,883,1
135,898,1
135,902,1
135,905,1
135,914,1
135,932,1
936,135,0
135,940,1
1027,135,0
135,1088,1
135,1091,1
1111,135,0
1117,135,0
135,1118,1
1131,135,0
1147,135,0
135,1149,1
135,1150,1
1158,135,0
135,1187,1
1202,135,0
135,1205,1
1257,135,0
135,1271,1
1297,135,0
1299,135,0
1327,135,0
1348,135,0
135,1351,1
1352,135,0
135,1353,0
135,1370,1
1372,135,0
135,1406,1
135,1441,1
1472,135,0
135,1478,1
1483,135,0
135,1486,1
1498,135,0
1499,135,0
135,1507,1
1536,135,0
135,1550,1
1561,135,0
135,1562,1
1563,135,0
135,1600,1
136,1,1
136,331,1
609,136,0
136,705,1
136,754,1
136,927,1
136,946,0
136,1221,1
1532,136,0
136,1547,0
137,214,1
222,137,0
137,230,1
137,312,0
137,619,1
137,877,1
137,1056,0
1080,137,0
137,1121,1
137,1186,1
137,1319,1
137,1382,1
137,1640,1
138,404,1
138,735,1
138,1367,1
138,1389,1
138,1468,1
138,1613,1
139,363,0
139,675,1
139,858,1
139,959,1
139,988,1
139,1003,1
1121,139,0
139,1393,1
139,1404,1
139,1532,1
140,2,1
140,78,1
140,90,1
114,140,0
140,118,1
140,121,1
140,170,1
140,193,1
202,140,0
140,216,1
140,243,1
140,250,1
140,275,1
140,282,1
304,140,0
309,140,0
140,316,1
140,318,1
322,140,0
140,324,1
328,140,0
140,333,1
140,342,1
375,140,0
140,376,1
140,389,1
140,393,1
140,415,1
140,429,1
140,446,1
474,140,0
140,479,1
140,480,1
140,481,1
140,484,1
140,491,1
140,503,1
140,509,1
529,140,0
140,539,1
140,545,1
140,555,1
140,562,1
140,591,1
140,604,0
140,612,1
140,619,1
628,140,0
656,140,0
678,140,0
140,711,1
140,719,1
140,724,0
726,140,0
140,731,1
140,732,1
140,745,1
140,746,1
754,140,0
140,757,1
769,140,0
140,771,1
777,140,0
140,778,1
140,792,1
140,795,1
140,821,1
140,827,1
845,140,0
140,849,1
140,865,1
140,868,1
140,871,1
140,872,1
140,885,1
140,900,1
140,902,1
140,906,1
140,909,1
913,140,0
925,140,0
933,140,0
140,959,1
963,140,0
140,969,1
140,988,1
990,140,0
1003,140,0
140,1013,1
140,1032,1
140,1043,1
1056,140,0
140,1063,1
140,1080,1
1088,140,0
140,1106,1
1111,140,0
140,1121,1
1122,140,0
140,1130,1
1134,140,0
140,1144,1
140,1147,1
140,1153,1
140,1154,1
1159,140,0
1168,140,0
140,1188,1
140,1191,1
1193,140,0
1194,140,0
1195,140,0
140,1201,1
140,1202,1
140,1219,1
1228,140,0
140,1229,1
140,1232,1
140,1238,1
140,1249,1
1251,140,0
140,1263,1
1272,140,0
140,1275,1
140,1277,1
1287,140,0
1291,140,0
140,1295,1
140,1300,1
1314,140,0
140,1324,1
140,1326,1
1331,140,0
140,1369,1
1374,140,0
1391,140,0
140,1403,1
140,1404,1
1420,140,0
140,1457,1
140,1460,1
140,1464,1
140,1469,1
140,1475,1
1481,140,0
1489,140,0
140,1490,1
140,1505,1
140,1518,1
1549,140,0
140,1554,1
1584,140,0
1585,140,0
1599,140,0
1620,140,0
1630,140,0
1633,140,0
72,141,0
141,287,1
141,442,1
606,141,0
141,641,1
141,855,1
141,1190,0
141,1496,1
141,1548,1
34,142,0
266,142,0
325,142,0
142,1084,1
142,1267,1
142,1493,1
143,243,1
143,279,1
143,428,1
489,143,0
143,550,1
569,143,0
628,143,0
723,143,0
143,743,1
888,143,0
143,895,1
143,941,1
143,965,1
143,1086,1
1143,143,0
143,1191,1
143,1235,1
143,1427,1
143,1434,1
144,174,1
355,144,0
144,613,1
144,809,1
144,1277,0
145,212,0
434,145,0
475,145,0
145,842,0
145,857,1
145,898,1
146,569,0
146,1015,1
147,497,0
148,195,0
148,196,1
148,610,0
775,148,0
875,148,0
1334,148,0
148,1337,1
149,291,1
149,463,1
149,502,1
149,508,1
149,781,0
894,149,0
149,1021,0
149,1196,1
149,1200,1
149,1423,0
1515,149,0
149,1547,1
150,337,1
150,760,1
150,829,1
150,1605,1
151,471,1
576,151,0
721,151,0
151,863,1
151,871,0
151,1189,1
151,1438,1
152,657,1
152,1476,1
153,574,0
153,771,1
153,845,1
153,896,0
153,1154,1
153,1300,1
154,312,0
350,154,0
351,154,0
154,841,1
154,1063,1
311,155,0
155,347,0
505,155,0
587,155,0
807,155,0
1284,155,0
155,1317,0
1321,155,0
155,1523,1
155,1526,1
1539,155,0
155,1558,1
155,1572,1
156,230,0
157,3,1
157,347,0
490,157,0
157,695,1
750,157,0
157,993,0
1081,157,0
157,1096,1
157,1135,1
157,1358,1
157,1433,1
158,114,1
158,692,1
159,249,1
260,159,0
159,279,1
159,342,1
159,464,1
159,472,1
159,598,1
744,159,0
159,781,1
159,862,0
159,866,1
159,885,1
159,888,1
895,159,0
159,933,1
159,996,1
159,1008,1
159,1054,1
159,1077,1
1086,159,0
1103,159,0
159,1229,1
159,1234,1
159,1235,1
1247,159,0
159,1283,1
159,1374,1
159,1417,1
159,1420,1
1427,159,0
159,1504,1
159,1509,1
159,1625,1
160,191,1
329,160,0
160,625,1
160,706,1
1035,160,0
160,1248,1
160,1259,1
1516,160,0
161,618,0
161,624,1
161,665,1
162,290,0
162,303,1
310,162,0
162,407,1
162,733,1
162,926,1
941,162,0
162,1089,1
163,314,1
163,714,1
788,163,0
163,834,0
163,928,1
1034,163,0
163,1145,0
1197,163,0
163,1595,0
163,1612,1
164,24,1
164,247,1
164,263,1
301,164,0
164,421,1
432,164,0
513,164,0
164,647,0
164,766,1
164,795,1
164,841,1
164,955,1
164,974,1
164,982,1
1018,164,0
1170,164,0
164,1203,1
164,1205,1
1211,164,0
164,1264,1
164,1296,1
1363,164,0
1440,164,0
164,1465,1
164,1533,1
164,1617,1
165,1586,0
269,166,0
278,166,0
430,166,0
445,166,0
814,166,0
166,1137,1
166,1327,1
166,1348,1
166,1508,1
167,2,1
167,224,0
827,167,0
167,1251,1
1287,167,0
167,1491,1
167,1535,1
281,168,0
168,674,1
168,795,1
168,883,1
977,168,0
168,987,1
168,1133,0
168,1239,1
168,1362,1
1502,168,0
168,1609,0
169,15,1
169,108,1
169,118,1
169,307,1
444,169,0
169,757,1
169,1011,1
169,1063,1
169,1133,1
169,1228,1
1280,169,0
169,1282,1
1379,169,0
1439,169,0
169,1524,0
4,170,0
170,12,1
18,170,0
170,48,1
128,170,0
170,151,1
170,178,1
199,170,0
212,170,0
170,218,1
170,232,1
234,170,0
170,249,1
170,255,1
170,264,1
170,269,1
170,291,1
170,293,1
170,297,1
170,315,0
170,320,1
332,170,0
170,339,1
342,170,0
346,170,0
170,347,1
170,356,1
170,358,1
170,362,1
170,374,1
387,170,0
170,388,1
391,170,0
170,393,1
405,170,0
170,408,1
170,424,1
427,170,0
450,170,0
170,452,0
170,455,1
468,170,0
482,170,0
170,487,1
170,511,1
170,515,1
519,170,0
529,170,0
170,545,1
170,549,1
170,553,1
170,561,1
170,575,1
170,576,1
579,170,0
607,170,0
610,170,0
620,170,0
170,629,1
170,634,1
170,636,1
170,660,1
170,683,1
692,170,0
170,705,1
170,722,1
170,728,1
170,734,1
170,742,1
744,170,0
170,745,1
757,170,0
170,758,1
170,763,1
170,774,1
170,777,1
170,796,1
799,170,0
170,801,1
170,807,1
170,813,1
819,170,0
825,170,0
170,831,1
170,844,1
170,881,1
170,885,1
170,888,1
170,899,1
170,907,1
170,914,1
915,170,0
170,916,1
170,919,1
170,925,1
170,932,1
170,939,1
970,170,0
995,170,0
170,999,1
170,1001,1
1023,170,0
170,1036,1
170,1043,1
1048,170,0
170,1057,1
170,1066,1
1085,170,0
170,1086,1
1094,170,0
1104,170,0
170,1115,1
1120,170,0
170,1131,1
170,1152,1
170,1169,1
1178,170,0
170,1184,1
1199,170,0
1202,170,0
170,1217,1
170,1220,1
170,1221,1
1232,170,0
170,1247,1
170,1249,1
1269,170,0
170,1271,1
170,1277,1
1295,170,0
170,1309,1
170,1313,1
170,1326,1
170,1333,1
170,1338,1
1343,170,0
1370,170,0
170,1374,1
1407,170,0
170,1408,0
170,1417,1
170,1420,1
170,1424,1
170,1432,1
1435,170,0
1441,170,0
1442,170,0
170,1460,1
170,1467,1
170,1478,1
170,1482,1
170,1483,1
170,1486,1
1509,170,0
1516,170,0
1518,170,0
170,1532,1
1543,170,0
1546,170,0
1549,170,0
170,1580,1
1592,170,0
170,1598,1
170,1599,1
1600,170,0
1641,170,0
283,172,0
591,172,0
172,1055,1
172,1291,1
321,173,0
1256,173,0
173,1378,0
1473,173,0
173,1475,0
173,1506,0
174,526,0
174,809,1
175,31,1
175,149,1
249,175,0
291,175,0
175,330,1
175,342,1
347,175,0
362,175,0
175,366,1
175,368,1
175,371,1
175,417,1
175,422,1
463,175,0
175,464,1
175,472,1
489,175,0
175,502,1
175,504,1
175,514,1
529,175,0
175,549,1
175,591,1
598,175,0
615,175,0
175,643,1
663,175,0
175,684,1
175,694,1
175,722,1
175,735,1
175,744,1
175,759,1
175,774,1
777,175,0
781,175,0
175,792,1
813,175,0
175,849,1
850,175,0
866,175,0
175,885,1
894,175,0
175,925,1
933,175,0
939,175,0
951,175,0
175,996,1
1008,175,0
175,1009,1
175,1043,1
175,1054,1
175,1058,1
175,1077,1
1103,175,0
175,1143,1
175,1214,1
1229,175,0
175,1231,1
1232,175,0
175,1234,1
175,1235,1
175,1247,1
1249,175,0
175,1281,1
1283,175,0
175,1309,1
175,1325,1
175,1329,1
175,1331,1
175,1345,1
175,1374,1
175,1389,1
1401,175,0
175,1413,1
175,1416,1
175,1417,1
1420,175,0
1427,175,0
1460,175,0
175,1468,1
175,1515,1
175,1557,1
175,1580,1
175,1594,1
1600,175,0
175,1625,1
176,146,1
176,194,0
176,795,1
176,1235,1
176,1288,1
1296,176,0
177,792,1
1434,177,0
224,178,0
178,403,1
178,950,1
777,179,0
179,1077,0
1254,179,0
1537,179,0
179,1538,1
179,1570,0
180,368,0
180,1157,1
181,31,1
181,37,1
181,108,1
197,181,0
181,214,1
225,181,0
181,301,0
181,308,1
181,315,1
181,323,1
181,343,1
181,396,1
181,443,1
499,181,0
571,181,0
181,573,1
608,181,0
181,609,1
181,621,1
181,633,1
181,671,1
181,741,1
181,754,1
762,181,0
181,786,1
797,181,0
181,838,1
181,840,1
876,181,0
181,918,1
181,922,1
930,181,0
181,992,1
1027,181,0
1052,181,0
181,1060,1
1209,181,0
1227,181,0
1233,181,0
1276,181,0
181,1280,1
181,1302,1
181,1354,1
1364,181,0
181,1408,1
181,1447,1
181,1450,0
1474,181,0
181,1567,1
449,182,0
182,521,1
706,182,0
182,785,1
183,659,1
770,183,0
1079,183,0
183,1445,1
1477,183,0
184,369,0
434,184,0
678,184,0
1537,184,0
185,820,1
185,833,1
1117,185,0
185,1449,1
186,54,1
186,57,1
71,186,0
186,212,1
186,215,1
262,186,0
186,297,1
186,304,1
186,361,1
379,186,0
186,381,1
186,390,1
186,398,1
403,186,0
424,186,0
186,468,1
186,480,1
186,482,1
186,499,1
186,511,1
607,186,0
186,614,1
620,186,0
186,629,1
186,643,1
186,706,1
186,736,1
742,186,0
186,758,1
186,761,1
795,186,0
186,802,1
186,810,1
186,831,1
186,872,1
186,902,1
186,913,1
186,921,1
186,924,1
931,186,0
186,966,1
1035,186,0
186,1106,1
1131,186,0
1150,186,0
186,1194,1
186,1195,1
186,1205,1
186,1207,1
186,1225,1
186,1253,1
186,1271,1
1305,186,0
186,1322,1
186,1323,1
1338,186,0
186,1351,1
186,1357,1
186,1372,1
1403,186,0
186,1407,1
1429,186,0
1441,186,0
186,1456,1
186,1483,1
1486,186,0
186,1560,1
186,1562,1
1563,186,0
186,1565,1
186,1577,1
186,1597,0
186,1598,1
187,299,0
187,764,1
187,824,1
187,873,1
937,187,0
1257,187,0
187,1381,1
1488,187,0
188,765,1
1544,188,0
189,807,0
189,1156,0
190,245,1
190,288,1
190,488,0
744,190,0
951,190,0
190,961,1
190,1347,1
1596,190,0
191,293,1
191,405,1
191,553,1
191,754,1
806,191,0
914,191,0
191,1157,0
191,1252,1
191,1516,1
192,777,0
192,830,0
1207,192,0
192,1607,1
193,2,1
193,84,1
100,193,0
193,114,1
121,193,0
202,193,0
209,193,0
193,230,1
250,193,0
193,254,1
193,275,1
193,277,1
193,282,1
193,290,1
193,304,1
193,309,1
193,324,1
193,328,1
193,333,1
193,342,1
193,347,1
193,375,1
193,376,1
193,389,1
193,393,1
193,403,1
193,415,1
446,193,0
479,193,0
484,193,0
193,491,1
193,509,1
529,193,0
539,193,0
193,559,0
193,612,1
193,617,1
619,193,0
628,193,0
656,193,0
193,663,1
678,193,0
696,193,0
193,711,1
193,722,1
726,193,0
193,728,1
193,731,1
732,193,0
193,745,1
193,754,1
757,193,0
193,771,1
193,777,1
795,193,0
193,798,1
193,813,1
821,193,0
822,193,0
193,827,1
193,845,1
193,850,1
868,193,0
193,871,1
877,193,0
193,886,1
193,900,1
193,906,1
909,193,0
193,925,1
193,933,1
193,959,1
193,963,1
969,193,0
193,987,1
193,988,1
1003,193,0
1009,193,0
193,1013,1
1032,193,0
193,1042,1
1043,193,0
193,1056,1
193,1062,1
1063,193,0
193,1075,1
193,1080,1
1111,193,0
1121,193,0
193,1122,1
193,1130,1
193,1134,1
193,1144,1
193,1147,1
1153,193,0
193,1154,1
193,1159,1
1186,193,0
1188,193,0
193,1191,1
193,1193,1
1194,193,0
1202,193,0
193,1210,1
193,1219,1
193,1225,1
193,1228,1
193,1229,1
193,1232,1
1236,193,0
193,1249,1
193,1251,1
1272,193,0
193,1277,1
193,1282,1
1287,193,0
193,1291,1
193,1295,1
193,1297,1
1300,193,0
1305,193,0
1309,193,0
193,1314,1
1319,193,0
193,1324,1
193,1326,1
1332,193,0
193,1363,1
193,1369,1
193,1374,1
193,1382,1
193,1391,1
193,1420,1
193,1457,1
193,1460,1
1475,193,0
193,1513,1
193,1518,1
1535,193,0
1536,193,0
193,1549,1
193,1584,1
193,1585,1
193,1599,1
1601,193,0
193,1620,1
1630,193,0
193,1632,1
1633,193,0
193,1640,1
193,1641,1
194,35,1
194,234,1
238,194,0
194,411,1
194,466,1
194,776,1
194,835,1
194,1006,1
1519,194,0
195,1288,0
196,428,0
196,604,0
196,1517,0
202,719,0
202,1260,0
206,992,0
207,268,0
208,707,0
208,1075,0
209,766,0
209,1460,0
211,357,0
211,505,0
211,1095,0
212,1320,0
213,960,0
214,435,0
214,704,0
215,260,0
215,537,0
215,733,0
216,1002,0
216,1331,0
217,857,0
217,1553,0
218,1533,0
219,833,0
220,1459,0
221,276,0
221,1067,0
224,1101,0
225,1163,0
226,286,0
226,1358,0
228,377,0
228,1406,0
229,1060,0
229,1489,0
231,334,0
232,883,0
232,1320,0
233,547,0
233,897,0
233,974,0
235,1334,0
236,1182,0
236,1369,0
237,1214,0
239,373,0
239,446,0
239,628,0
239,1441,0
240,509,0
240,860,0
242,863,0
242,974,0
242,1118,0
243,867,0
243,1385,0
245,427,0
245,548,0
245,1324,0
247,1367,0
248,836,0
250,596,0
251,606,0
252,656,0
252,966,0
252,1319,0
252,1557,0
253,731,0
256,454,0
256,1009,0
258,499,0
260,603,0
263,382,0
263,773,0
265,731,0
265,943,0
265,1086,0
268,721,0
270,596,0
270,736,0
271,1491,0
273,601,0
274,645,0
274,1397,0
275,968,0
275,1156,0
277,424,0
280,556,0
282,381,0
282,1115,0
283,499,0
283,1090,0
283,1324,0
284,402,0
286,996,0
286,1379,0
286,1420,0
287,410,0
287,1557,0
288,831,0
289,873,0
289,1314,0
290,542,0
291,578,0
292,759,0
293,962,0
293,1077,0
293,1568,0
294,1421,0
296,949,0
296,952,0
297,543,0
298,1254,0
298,1539,0
299,721,0
299,848,0
300,1299,0
300,1562,0
302,633,0
303,993,0
303,1276,0
304,1385,0
305,653,0
305,1268,0
307,460,0
307,927,0
310,326,0
311,1509,0
312,1200,0
313,436,0
313,472,0
313,903,0
314,654,0
314,829,0
315,1363,0
316,542,0
316,1281,0
317,1030,0
318,788,0
319,436,0
319,1092,0
320,1281,0
321,364,0
323,449,0
323,1057,0
325,395,0
325,722,0
326,1480,0
326,1540,0
327,1548,0
328,431,0
328,857,0
329,384,0
329,405,0
330,1022,0
330,1430,0
331,344,0
331,405,0
331,452,0
332,1606,0
333,1036,0
333,1138,0
334,610,0
336,432,0
338,1044,0
338,1135,0
339,943,0
339,1365,0
340,750,0
341,1282,0
343,1108,0
344,1502,0
348,1238,0
350,425,0
351,901,0
351,1095,0
351,1632,0
352,421,0
352,493,0
352,1493,0
353,1372,0
354,467,0
354,1103,0
355,440,0
355,443,0
356,1392,0
357,1331,0
358,693,0
358,1332,0
358,1384,0
359,1322,0
360,831,0
361,901,0
363,653,0
363,1616,0
364,611,0
364,991,0
364,1518,0
365,601,0
365,769,0
366,1404,0
366,1499,0
369,603,0
370,645,0
372,1444,0
373,555,0
376,1451,0
377,1126,0
377,1332,0
377,1553,0
379,1044,0
379,1186,0
379,1283,0
380,615,0
380,1397,0
381,1222,0
382,1155,0
382,1245,0
383,1218,0
383,1560,0
385,566,0
387,783,0
387,1038,0
387,1342,0
388,400,0
389,727,0
390,734,0
391,835,0
391,1123,0
391,1592,0
393,1259,0
393,1534,0
394,835,0
394,1482,0
394,1506,0
394,1534,0
395,775,0
395,1615,0
397,996,0
397,1182,0
399,765,0
399,957,0
401,813,0
401,1333,0
402,875,0
404,1074,0
405,989,0
406,973,0
406,1147,0
406,1319,0
407,967,0
408,967,0
409,997,0
409,1153,0
410,1222,0
411,1252,0
412,1079,0
413,1443,0
413,1608,0
416,517,0
420,1136,0
420,1349,0
422,452,0
423,815,0
423,1367,0
424,484,0
426,1291,0
430,728,0
430,1363,0
430,1492,0
430,1615,0
432,511,0
433,459,0
433,495,0
433,1146,0
435,1639,0
436,852,0
436,1309,0
437,614,0
437,1469,0
438,751,0
438,1622,0
439,604,0
445,1114,0
446,1366,0
447,526,0
447,1329,0
447,1606,0
448,763,0
449,1625,0
450,463,0
450,1545,0
452,1197,0
452,1372,0
453,1119,0
455,476,0
456,569,0
457,1452,0
460,491,0
460,936,0
460,1468,0
462,703,0
463,699,0
470,492,0
470,1332,0
472,572,0
474,500,0
474,531,0
476,1052,0
477,1302,0
480,688,0
480,1634,0
481,1112,0
482,687,0
484,1187,0
486,676,0
486,827,0
488,1416,0
489,1266,0
490,1193,0
493,1128,0
496,1175,0
497,677,0
498,949,0
498,1255,0
501,1491,0
503,988,0
503,1050,0
503,1570,0
504,1239,0
505,653,0
506,748,0
507,1364,0
508,1537,0
510,729,0
511,743,0
511,1032,0
512,1144,0
512,1209,0
513,1243,0
513,1390,0
517,1580,0
518,1374,0
519,1240,0
520,567,0
521,724,0
522,855,0
522,1128,0
526,533,0
526,1609,0
527,693,0
527,1009,0
527,1360,0
528,582,0
528,769,0
529,1273,0
530,1453,0
531,692,0
532,937,0
533,657,0
533,970,0
534,1173,0
534,1448,0
535,813,0
535,815,0
537,1013,0
538,564,0
539,1126,0
539,1296,0
540,1186,0
540,1386,0
543,771,0
546,1462,0
549,1292,0
550,1265,0
551,775,0
555,1460,0
557,823,0
557,1469,0
558,997,0
559,980,0
559,1411,0
559,1624,0
561,669,0
561,835,0
563,1034,0
563,1618,0
564,1169,0
564,1173,0
568,1327,0
569,953,0
571,698,0
571,1544,0
574,1275,0
576,583,0
577,1214,0
579,1291,0
580,895,0
580,1295,0
580,1425,0
582,645,0
583,1170,0
584,777,0
585,1476,0
586,924,0
586,1567,0
587,1628,0
590,1168,0
591,765,0
592,1630,0
593,754,0
593,1552,0
595,605,0
595,1626,0
595,1631,0
600,1211,0
601,1172,0
601,1438,0
602,749,0
603,611,0
604,1443,0
606,1321,0
607,1006,0
607,1471,0
609,805,0
609,1007,0
611,1059,0
611,1403,0
614,1358,0
617,1173,0
617,1252,0
618,938,0
618,1387,0
619,1330,0
620,983,0
621,826,0
621,1428,0
622,1027,0
622,1030,0
622,1032,0
622,1381,0
622,1396,0
626,878,0
626,1184,0
626,1275,0
632,673,0
634,1428,0
634,1524,0
635,1069,0
635,1399,0
636,1564,0
637,1294,0
641,746,0
641,1212,0
641,1392,0
641,1560,0
642,1095,0
644,1289,0
646,980,0
646,1508,0
646,1622,0
652,1013,0
654,1204,0
655,1616,0
656,1252,0
659,662,0
659,749,0
660,812,0
662,719,0
663,1513,0
666,831,0
666,1234,0
667,697,0
672,1116,0
672,1156,0
672,1487,0
677,1545,0
678,1467,0
679,1210,0
679,1217,0
680,1366,0
683,1461,0
684,1225,0
686,876,0
688,1525,0
689,1618,0
691,903,0
691,1513,0
693,967,0
695,1400,0
696,1197,0
698,856,0
702,814,0
702,1038,0
702,1169,0
702,1568,0
703,723,0
703,823,0
703,1292,0
706,989,0
708,728,0
709,1517,0
710,762,0
710,827,0
710,905,0
711,982,0
713,1163,0
714,1236,0
714,1281,0
714,1360,0
715,805,0
715,844,0
717,911,0
717,931,0
719,1432,0
720,1554,0
720,1623,0
721,1201,0
723,947,0
723,1362,0
723,1424,0
724,789,0
724,1120,0
725,1288,0
726,837,0
726,1462,0
727,782,0
727,1386,0
729,1526,0
729,1528,0
730,1311,0
730,1619,0
733,1472,0
733,1595,0
735,1133,0
735,1608,0
735,1610,0
738,840,0
738,1603,0
740,1161,0
740,1184,0
740,1283,0
741,1608,0
742,938,0
742,1045,0
750,1029,0
750,1105,0
751,1087,0
752,1085,0
752,1111,0
752,1622,0
753,793,0
754,777,0
754,1216,0
757,809,0
758,1090,0
759,856,0
759,1204,0
759,1576,0
763,831,0
768,1196,0
768,1524,0
771,881,0
773,1242,0
773,1372,0
773,1540,0
776,1131,0
778,858,0
778,1024,0
780,1168,0
781,1059,0
782,1471,0
784,1509,0
784,1540,0
785,1561,0
786,1135,0
787,1454,0
788,988,0
793,1155,0
793,1358,0
794,1045,0
795,1423,0
802,852,0
803,1335,0
804,1417,0
806,1453,0
808,1349,0
808,1561,0
809,1430,0
810,1115,0
810,1194,0
814,956,0
815,886,0
822,1607,0
826,1008,0
827,1010,0
828,1215,0
828,1532,0
829,1552,0
830,1534,0
831,1564,0
832,1597,0
837,1585,0
838,924,0
840,889,0
841,1007,0
842,1176,0
843,1141,0
844,1213,0
845,1331,0
845,1531,0
846,1501,0
851,1246,0
851,1496,0
854,945,0
854,1182,0
855,1154,0
856,1093,0
857,862,0
857,1145,0
864,1483,0
865,967,0
866,1100,0
867,1622,0
869,1480,0
871,1376,0
872,1522,0
875,1580,0
876,1167,0
879,1203,0
880,1036,0
881,925,0
881,1071,0
882,1292,0
886,1465,0
888,981,0
889,1247,0
895,1165,0
896,1341,0
902,930,0
902,1013,0
903,1234,0
906,1229,0
907,957,0
908,1235,0
909,1165,0
910,1063,0
911,1280,0
911,1581,0
916,1084,0
916,1214,0
921,962,0
924,1295,0
926,1023,0
926,1437,0
929,1142,0
934,1335,0
936,1568,0
938,1241,0
944,1553,0
945,1273,0
954,1335,0
955,1516,0
958,1039,0
960,1224,0
960,1584,0
961,1016,0
961,1126,0
962,1291,0
966,1428,0
967,1124,0
968,1150,0
969,1177,0
974,1486,0
976,1377,0
980,1057,0
981,1045,0
985,1165,0
985,1352,0
989,1271,0
990,1087,0
992,998,0
996,1266,0
997,1263,0
998,1150,0
998,1382,0
1001,1513,0
1003,1138,0
1004,1010,0
1004,1073,0
1004,1303,0
1007,1635,0
1009,1079,0
1009,1353,0
1010,1029,0
1013,1177,0
1013,1372,0
1015,1173,0
1018,1030,0
1018,1424,0
1018,1587,0
1020,1583,0
1024,1397,0
1025,1622,0
1025,1624,0
1029,1618,0
1030,1280,0
1032,1275,0
1034,1072,0
1037,1292,0
1037,1620,0
1041,1249,0
1044,1069,0
1045,1125,0
1045,1330,0
1047,1319,0
1053,1345,0
1056,1310,0
1057,1455,0
1057,1601,0
1069,1536,0
1072,1088,0
1072,1576,0
1072,1586,0
1073,1126,0
1074,1497,0
1076,1580,0
1080,1378,0
1082,1566,0
1083,1289,0
1085,1620,0
1091,1555,0
1092,1408,0
1092,1487,0
1093,1493,0
1093,1627,0
1100,1171,0
1101,1234,0
1102,1180,0
1104,1460,0
1108,1205,0
1110,1311,0
1111,1504,0
1116,1526,0
1119,1448,0
1121,1589,0
1126,1309,0
1131,1634,0
1134,1442,0
1136,1545,0
1140,1434,0
1144,1450,0
1145,1256,0
1147,1303,0
1154,1177,0
1160,1338,0
1165,1556,0
1168,1587,0
1170,1603,0
1173,1352,0
1173,1386,0
1173,1536,0
1177,1189,0
1179,1436,0
1180,1243,0
1181,1314,0
1184,1243,0
1184,1491,0
1188,1199,0
1193,1625,0
1195,1472,0
1196,1531,0
1197,1534,0
1200,1468,0
1207,1392,0
1208,1426,0
1209,1453,0
1211,1458,0
1214,1322,0
1217,1431,0
1217,1514,0
1222,1276,0
1223,1562,0
1224,1526,0
1225,1412,0
1229,1392,0
1230,1281,0
1234,1481,0
1240,1550,0
1245,1593,0
1246,1609,0
1250,1541,0
1251,1354,0
1252,1398,0
1252,1576,0
1257,1519,0
1258,1324,0
1273,1282,0
1273,1451,0
1274,1416,0
1279,1600,0
1280,1334,0
1280,1396,0
1282,1436,0
1285,1476,0
1286,1466,0
1288,1293,0
1290,1317,0
1290,1536,0
1293,1401,0
1308,1576,0
1313,1409,0
1314,1625,0
1322,1351,0
1323,1528,0
1328,1483,0
1330,1529,0
1338,1550,0
1349,1443,0
1349,1518,0
1352,1615,0
1355,1367,0
1361,1549,0
1361,1550,0
1362,1604,0
1367,1501,0
1369,1407,0
1370,1431,0
1372,1485,0
1374,1589,0
1375,1415,0
1378,1420,0
1379,1490,0
1382,1443,0
1385,1467,0
1389,1531,0
1390,1455,0
1401,1585,0
1411,1420,0
1414,1511,0
1418,1513,0
1418,1563,0
1418,1574,0
1418,1634,0
1427,1628,0
1454,1587,0
1465,1566,0
1478,1566,0
1502,1616,0
1510,1588,0
1525,1603,0
1542,1621,0
1546,1609,0
1550,1626,0
1613,1627,0
