0,166,1
0,200,1
0,290,1
0,498,1
0,848,1
0,918,1
935,0,0
987,0,0
0,988,1
0,1124,1
0,1129,1
0,1161,1
0,1301,1
1362,0,0
0,1426,1
1,26,1
662,1,0
1,701,1
1,1069,1
1,1152,1
1,1176,1
1,1220,1
1,1262,1
1,1277,1
1,1352,1
1,1414,1
1,1579,0
1,1599,1
509,2,0
2,548,1
2,827,1
2,1185,0
2,1251,1
2,1287,1
2,1490,1
2,1491,1
2,1535,1
222,3,0
3,249,1
3,258,1
3,319,1
687,3,0
3,1322,1
1340,3,0
116,4,0
234,4,0
4,651,0
4,819,1
5,495,1
5,1042,1
5,1231,1
5,1400,1
5,1401,0
6,326,1
6,1207,1
1536,6,0
22,7,0
7,179,1
7,204,1
7,284,1
345,7,0
399,7,0
7,484,1
555,7,0
7,562,1
581,7,0
590,7,0
7,772,1
7,776,1
778,7,0
822,7,0
7,842,1
7,936,1
7,940,1
7,973,1
7,1122,1
7,1159,1
1180,7,0
1394,7,0
1458,7,0
7,1503,1
8,576,0
9,210,1
9,298,1
9,497,1
994,9,0
9,1084,1
9,1311,1
10,175,1
10,279,1
314,10,0
316,10,0
318,10,0
381,10,0
389,10,0
390,10,0
10,437,1
10,464,1
10,489,1
10,516,1
10,529,1
642,10,0
10,683,1
10,698,1
10,705,1
10,746,1
10,760,0
10,828,1
10,866,1
10,895,1
10,906,1
925,10,0
10,951,1
10,969,1
10,981,1
10,996,1
10,1008,1
10,1022,1
1028,10,0
10,1047,1
1054,10,0
10,1134,1
10,1143,1
10,1221,1
10,1226,1
1234,10,0
1235,10,0
10,1237,1
10,1427,1
10,1469,1
10,1504,1
10,1532,1
10,1553,1
10,1554,1
10,1560,1
10,1580,1
1628,10,0
11,77,1
11,243,1
11,319,1
11,460,1
475,11,0
11,496,1
11,628,1
632,11,0
11,680,1
11,716,1
11,726,1
11,745,1
11,805,1
836,11,0
11,858,1
11,1188,1
1191,11,0
1204,11,0
11,1213,1
1225,11,0
11,1242,1
11,1539,0
11,1585,1
12,22,1
34,12,0
12,211,1
12,241,1
12,242,1
12,300,1
12,370,1
386,12,0
12,404,1
409,12,0
431,12,0
12,458,1
490,12,0
12,583,1
644,12,0
645,12,0
12,654,1
12,673,1
12,721,1
748,12,0
12,749,1
12,753,1
12,804,1
12,832,1
12,869,1
930,12,0
976,12,0
12,1095,1
1123,12,0
12,1180,1
1260,12,0
1266,12,0
12,1288,1
1314,12,0
12,1326,1
12,1349,1
12,1355,1
1366,12,0
12,1370,0
1373,12,0
12,1413,0
1443,12,0
12,1463,1
12,1517,1
12,1527,1
12,1543,1
1571,12,0
12,1589,1
12,1609,1
12,1642,1
65,13,0
13,294,1
13,349,1
13,488,1
13,747,1
13,1597,1
14,76,0
14,215,1
14,289,1
14,914,1
14,932,1
14,1085,1
14,1401,1
15,108,1
114,15,0
118,15,0
15,307,1
315,15,0
15,328,1
15,444,1
525,15,0
15,686,1
15,757,1
824,15,0
15,852,1
15,887,1
15,1011,1
15,1043,0
15,1054,0
1063,15,0
15,1133,1
1228,15,0
15,1240,1
15,1280,1
15,1282,1
15,1367,1
15,1377,1
15,1379,1
15,1439,1
15,1553,0
1608,15,0
16,236,1
16,455,1
16,495,0
16,1143,0
16,1148,0
17,103,1
17,157,0
17,557,0
17,994,0
17,1554,0
18,309,1
18,479,1
18,572,1
18,614,1
732,18,0
18,857,0
1112,18,0
18,1272,1
1369,18,0
135,19,0
19,844,1
860,19,0
19,1136,0
19,1170,1
20,17,1
20,206,0
20,475,1
20,612,1
829,20,0
20,1446,1
1606,20,0
21,252,1
21,333,1
21,346,0
375,21,0
21,513,1
1251,21,0
21,1264,0
22,263,0
22,399,1
555,22,0
22,776,1
22,822,1
22,962,0
22,973,1
1106,22,0
1122,22,0
22,1159,1
22,1220,1
22,1300,0
1503,22,0
23,214,1
23,483,1
761,23,0
23,860,0
23,1255,1
23,1362,0
23,1436,1
23,1596,1
24,107,0
24,1029,1
24,1181,1
24,1453,1
25,329,1
25,500,1
25,543,1
25,622,1
25,646,1
25,722,0
25,740,1
25,1298,1
25,1603,1
26,46,0
26,56,1
26,1507,0
27,89,0
27,364,1
27,573,0
802,27,0
27,887,1
1182,27,0
27,1249,1
1431,27,0
28,773,0
29,394,1
29,549,0
29,689,1
29,1122,1
29,1307,1
30,35,0
30,125,1
30,142,0
30,454,1
823,30,0
30,861,0
30,1167,1
1368,30,0
205,31,0
31,250,1
423,31,0
554,31,0
729,31,0
31,1013,1
31,1168,1
31,1210,1
31,1298,0
1308,31,0
1315,31,0
31,1335,1
31,1341,1
31,1353,1
32,16,1
32,841,1
32,1248,1
1296,32,0
33,240,1
874,33,0
33,886,1
1157,33,0
33,1187,1
33,1342,1
33,1349,0
34,89,1
34,226,1
501,34,0
563,34,0
34,794,1
34,815,1
34,931,1
34,1106,1
34,1194,1
1305,34,0
1323,34,0
34,1565,1
34,1606,1
35,78,1
319,35,0
35,441,0
442,35,0
35,647,1
35,746,1
789,35,0
853,35,0
35,1148,1
1618,35,0
36,164,1
178,36,0
36,247,1
248,36,0
263,36,0
301,36,0
36,421,1
542,36,0
36,635,1
795,36,0
36,815,1
36,841,1
36,950,1
955,36,0
974,36,0
1018,36,0
1363,36,0
37,197,1
37,285,1
37,341,1
37,526,1
37,787,1
37,840,1
37,917,0
1060,37,0
1233,37,0
37,1263,1
37,1451,1
57,38,0
38,249,1
38,391,1
602,38,0
38,657,0
666,38,0
38,722,0
38,793,1
38,943,1
1033,38,0
38,1046,1
38,1261,1
38,1570,1
39,943,0
39,1188,0
168,40,0
40,273,1
40,683,1
40,705,1
1007,40,0
40,1060,1
40,1065,1
40,1140,0
40,1221,1
40,1349,1
41,187,1
41,277,1
318,41,0
41,607,1
41,821,1
41,1114,1
41,1423,0
4,42,0
42,202,1
42,234,1
42,244,1
42,342,1
42,498,1
522,42,0
567,42,0
42,602,1
643,42,0
42,666,1
42,687,1
693,42,0
42,710,1
42,793,1
42,819,1
42,834,0
882,42,0
42,890,1
933,42,0
42,942,1
42,943,1
42,1002,1
1046,42,0
42,1113,1
1201,42,0
42,1202,1
42,1222,1
1238,42,0
1330,42,0
42,1378,1
42,1383,1
42,1402,1
42,1500,1
42,1527,0
42,1584,1
42,1588,1
42,1600,1
42,1614,1
160,43,0
43,207,1
43,313,1
327,43,0
43,367,1
43,383,1
392,43,0
43,485,1
43,518,1
574,43,0
43,596,1
43,616,1
43,637,1
43,649,1
43,747,1
820,43,0
856,43,0
867,43,0
43,942,1
43,946,1
43,953,1
993,43,0
1004,43,0
1014,43,0
1032,43,0
43,1044,1
43,1192,1
43,1289,1
43,1324,1
43,1392,1
43,1479,1
1481,43,0
1489,43,0
43,1492,1
1511,43,0
43,1568,1
43,1613,0
1630,43,0
456,44,0
623,44,0
729,44,0
44,739,1
1138,44,0
44,1139,1
44,1406,1
44,1487,0
44,1590,1
44,1591,1
45,1384,0
46,1458,0
47,201,1
252,47,0
295,47,0
305,47,0
47,354,1
47,364,1
47,397,1
47,441,1
47,461,1
47,517,1
536,47,0
584,47,0
47,592,1
599,47,0
604,47,0
47,658,1
697,47,0
47,699,1
47,710,1
715,47,0
47,718,1
834,47,0
47,839,1
47,846,1
47,954,1
47,964,1
47,971,1
47,980,1
1005,47,0
47,1015,1
1087,47,0
47,1098,1
47,1102,1
47,1119,1
47,1177,1
47,1183,1
47,1240,1
1250,47,0
47,1316,1
1318,47,0
1360,47,0
47,1365,1
47,1390,1
1397,47,0
47,1410,1
47,1418,1
47,1451,0
47,1487,1
47,1528,1
47,1534,1
47,1552,1
1556,47,0
47,1575,1
1587,47,0
48,118,1
281,48,0
674,48,0
48,723,0
48,795,1
883,48,0
48,977,1
48,1239,1
48,1362,1
48,1419,0
48,1470,1
48,1502,1
49,128,1
49,233,1
49,783,1
49,1023,0
49,1146,1
49,1205,1
1345,49,0
49,1361,1
1384,49,0
49,1465,1
49,1594,1
49,1617,1
50,137,0
141,50,0
50,231,0
50,287,1
50,334,1
50,428,1
50,606,1
619,50,0
641,50,0
50,851,1
50,855,1
942,50,0
1459,50,0
50,1548,1
77,51,0
51,178,1
263,51,0
301,51,0
51,363,1
421,51,0
51,432,1
462,51,0
51,478,1
51,576,1
51,635,1
51,690,1
51,766,1
51,836,1
51,950,1
51,968,0
51,974,1
997,51,0
1061,51,0
51,1170,1
51,1203,1
51,1211,1
51,1236,0
51,1264,1
51,1296,1
1462,51,0
51,1611,1
52,310,1
559,52,0
52,648,0
52,703,1
52,857,0
52,1068,1
52,1266,0
52,1274,1
53,942,1
53,1469,1
54,682,0
54,697,0
54,914,1
932,54,0
54,970,0
54,1085,1
54,1132,0
209,56,0
223,56,0
56,643,0
56,730,1
1320,56,0
56,1423,1
1557,56,0
57,255,1
57,318,1
57,358,1
57,365,1
438,57,0
57,466,1
57,713,1
897,57,0
57,1110,1
57,1164,1
57,1422,1
1576,57,0
58,117,1
58,229,1
58,293,1
58,369,1
58,443,1
451,58,0
58,604,1
58,712,1
798,58,0
58,1021,1
58,1156,1
58,1380,1
58,1488,0
58,1516,1
59,1423,0
61,359,1
61,493,1
816,61,0
61,901,1
61,991,0
62,185,1
351,62,0
402,62,0
62,833,1
910,62,0
62,1065,1
62,1117,1
62,1149,1
1158,62,0
62,1275,1
62,1449,1
117,63,0
63,442,0
63,630,1
63,684,0
63,802,1
63,931,1
63,1323,1
64,200,1
64,451,0
64,564,0
64,793,0
900,64,0
64,1305,1
520,65,0
65,549,1
65,744,1
800,65,0
65,888,1
65,1086,1
65,1218,1
1417,65,0
66,1402,0
253,67,0
67,397,1
470,67,0
67,510,1
520,67,0
844,67,0
67,848,1
67,908,1
67,975,1
67,1126,1
67,1268,1
67,1360,1
67,1452,1
254,68,0
68,678,1
68,892,1
68,1219,1
1490,68,0
68,1505,1
68,1620,1
69,114,1
118,69,0
69,244,1
69,593,0
69,842,0
69,979,0
69,1415,1
69,1587,0
44,70,0
70,103,1
70,207,1
70,228,0
70,459,1
470,70,0
70,755,1
70,935,1
70,945,1
987,70,0
989,70,0
70,1124,1
70,1146,0
70,1273,1
70,1301,1
70,1307,0
70,1361,0
70,1419,1
70,1529,1
71,247,1
71,357,1
945,71,0
71,1070,0
71,1273,1
72,402,1
72,457,1
72,532,1
960,72,0
72,1452,1
72,1604,1
51,73,0
529,73,0
73,620,1
73,896,0
73,897,1
73,947,1
73,1420,0
102,74,0
74,221,1
74,235,1
74,335,1
74,645,1
949,74,0
956,74,0
74,1071,0
74,1294,1
1523,74,0
74,1537,1
74,1538,1
1545,74,0
74,1639,1
194,75,0
75,195,1
312,75,0
75,440,1
75,896,1
75,1006,1
75,1038,0
75,1471,1
1497,75,0
76,114,1
76,118,1
1564,76,0
64,77,0
77,82,1
77,91,1
77,118,1
200,77,0
237,77,0
239,77,0
77,243,1
257,77,0
77,261,1
77,291,1
77,369,1
77,384,1
412,77,0
414,77,0
446,77,0
475,77,0
77,510,1
512,77,0
77,519,1
77,538,1
77,539,1
557,77,0
77,564,1
77,585,1
77,587,1
77,593,1
77,618,1
77,628,1
77,639,1
77,650,1
77,675,1
77,688,1
77,691,1
77,696,1
767,77,0
77,805,1
77,858,1
77,868,1
77,893,1
77,912,1
77,923,1
948,77,0
77,1000,1
1010,77,0
1012,77,0
1021,77,0
77,1045,1
77,1061,1
77,1067,1
1093,77,0
77,1097,1
77,1153,1
77,1156,1
77,1188,1
1191,77,0
77,1212,1
1284,77,0
1293,77,0
1310,77,0
77,1321,1
77,1332,1
77,1335,1
77,1356,1
77,1385,1
1398,77,0
77,1406,1
77,1455,1
77,1519,1
77,1525,1
77,1526,1
1539,77,0
77,1558,1
77,1579,1
77,1582,1
77,1615,1
1616,77,0
78,84,1
93,78,0
78,1198,1
78,1329,0
78,1416,0
155,79,0
79,433,1
79,506,1
79,651,1
1224,79,0
79,1414,1
79,1506,1
80,169,1
80,1069,0
1162,80,0
81,182,0
81,229,1
803,81,0
810,81,0
81,1236,0
81,1357,1
81,1411,1
82,67,1
82,218,1
82,246,1
552,82,0
82,632,1
704,82,0
82,773,1
82,776,1
82,818,1
82,884,1
82,908,1
975,82,0
82,1213,1
82,1270,1
82,1453,1
1454,82,0
1626,82,0
83,2,1
83,31,1
83,33,1
41,83,0
83,71,1
98,83,0
83,100,1
83,120,1
83,128,1
83,138,1
149,83,0
152,83,0
83,155,1
83,183,1
195,83,0
83,205,1
216,83,0
219,83,0
83,224,1
83,227,1
83,229,1
83,251,1
253,83,0
83,260,1
265,83,0
83,267,1
269,83,0
275,83,0
83,279,1
83,283,1
83,286,1
83,289,1
83,291,1
83,292,1
330,83,0
336,83,0
341,83,0
83,342,1
347,83,0
83,349,1
83,353,1
83,357,1
83,362,1
368,83,0
83,371,1
83,376,1
83,387,1
393,83,0
410,83,0
83,417,1
423,83,0
83,426,1
83,430,1
83,437,1
83,446,1
83,453,1
463,83,0
83,464,1
83,466,1
83,472,1
473,83,0
489,83,0
83,492,1
83,502,1
83,504,1
83,505,1
509,83,0
510,83,0
83,523,1
533,83,0
83,539,1
83,540,1
541,83,0
544,83,0
83,554,1
83,560,1
564,83,0
83,568,1
83,589,1
591,83,0
83,598,1
601,83,0
613,83,0
83,615,1
627,83,0
83,656,1
83,659,1
661,83,0
663,83,0
83,684,1
691,83,0
83,694,1
83,696,1
698,83,0
83,722,1
724,83,0
728,83,0
83,731,1
735,83,0
83,765,1
767,83,0
83,770,1
83,774,1
777,83,0
83,778,1
781,83,0
83,783,1
83,792,1
807,83,0
810,83,0
811,83,0
83,813,1
817,83,0
83,822,1
827,83,0
83,838,1
83,843,1
83,849,1
850,83,0
859,83,0
83,862,1
83,871,1
880,83,0
885,83,0
83,889,1
83,891,1
894,83,0
895,83,0
83,934,1
83,938,1
948,83,0
952,83,0
83,963,1
83,965,1
83,978,1
83,984,1
996,83,0
83,1009,1
1016,83,0
83,1042,1
83,1043,1
83,1050,1
83,1055,1
1071,83,0
83,1075,1
1077,83,0
83,1079,1
83,1103,1
83,1106,1
83,1113,1
1116,83,0
83,1130,1
83,1143,1
83,1144,1
83,1153,1
1159,83,0
83,1168,1
83,1171,1
1194,83,0
1202,83,0
1204,83,0
83,1210,1
1220,83,0
1229,83,0
83,1232,1
1234,83,0
83,1235,1
1243,83,0
83,1244,1
83,1245,1
83,1251,1
83,1274,1
83,1277,1
83,1281,1
83,1283,1
83,1287,1
83,1290,1
1303,83,0
1306,83,0
1309,83,0
83,1315,1
83,1325,1
1327,83,0
1329,83,0
83,1330,0
1331,83,0
1342,83,0
83,1346,1
83,1348,1
83,1353,1
83,1356,1
83,1367,1
83,1374,1
83,1375,1
1376,83,0
83,1380,1
83,1389,1
83,1398,1
83,1401,1
83,1406,1
1412,83,0
83,1413,1
83,1420,1
83,1427,1
83,1445,1
83,1448,1
1460,83,0
83,1461,1
83,1468,1
83,1477,1
83,1481,1
1484,83,0
1489,83,0
1491,83,0
1496,83,0
83,1504,1
83,1508,1
1510,83,0
1515,83,0
83,1518,1
1539,83,0
83,1542,1
83,1547,1
83,1555,1
83,1557,1
1558,83,0
83,1569,1
83,1578,1
83,1580,1
83,1599,1
1600,83,0
1601,83,0
83,1613,1
1623,83,0
1625,83,0
83,1628,1
83,1632,1
85,112,1
85,238,1
85,835,1
854,85,0
85,862,1
897,85,0
85,1128,1
85,1587,0
419,86,0
86,538,1
86,836,0
86,902,1
1062,86,0
1183,86,0
1332,86,0
86,1359,1
86,1397,0
86,1405,0
87,79,1
160,87,0
87,268,1
415,87,0
87,433,1
87,506,1
508,87,0
87,638,1
87,743,1
793,87,0
87,847,1
87,947,1
1107,87,0
87,1125,1
87,1181,1
87,1224,1
87,1350,1
1414,87,0
88,1453,0
89,576,0
89,675,0
815,89,0
1090,89,0
89,1120,1
1247,89,0
90,142,1
90,209,0
90,306,1
322,90,0
90,324,1
553,90,0
90,617,1
799,90,0
863,90,0
90,1133,1
1236,90,0
1263,90,0
90,1291,1
90,1391,1
1475,90,0
1633,90,0
91,219,1
340,91,0
91,355,1
91,360,1
91,405,1
91,422,1
91,430,1
91,435,1
91,507,1
527,91,0
553,91,0
91,737,1
779,91,0
91,810,1
91,864,1
91,983,1
91,991,1
91,1038,1
91,1059,1
91,1120,1
91,1140,1
91,1286,1
1295,91,0
1357,91,0
1429,91,0
1524,91,0
91,1549,1
91,1595,1
91,1606,1
92,354,0
916,92,0
1142,92,0
92,1636,1
93,431,1
93,797,0
93,1129,0
93,1409,0
1549,93,0
94,198,1
94,199,1
94,220,1
94,234,1
94,241,1
306,94,0
94,374,1
401,94,0
458,94,0
469,94,0
551,94,0
844,94,0
94,995,1
1019,94,0
94,1025,1
94,1051,1
94,1072,1
94,1095,1
94,1105,1
94,1123,1
94,1132,1
1155,94,0
94,1169,1
94,1194,1
94,1217,1
94,1223,1
94,1366,1
1430,94,0
94,1443,1
94,1454,1
109,95,0
95,134,1
95,281,1
494,95,0
674,95,0
847,95,0
95,883,1
95,1115,1
95,1239,1
95,1480,1
96,257,0
96,419,1
96,471,1
96,903,1
96,1017,1
1092,96,0
96,1110,0
96,1119,0
1160,96,0
96,1175,1
96,1189,1
96,1522,1
96,1566,1
15,97,0
97,439,1
97,530,1
97,709,1
762,97,0
97,774,0
97,1166,1
97,1290,0
1514,97,0
98,128,1
98,506,1
1040,98,0
98,1205,1
98,1232,0
98,1388,1
1396,98,0
98,1440,1
1465,98,0
98,1533,1
99,5,1
99,115,1
99,185,1
211,99,0
99,220,1
99,248,0
99,263,1
99,370,1
474,99,0
99,516,1
99,588,1
603,99,0
99,605,1
644,99,0
99,672,1
99,773,1
779,99,0
99,791,1
99,832,1
841,99,0
901,99,0
99,955,1
99,1018,1
1101,99,0
1164,99,0
1270,99,0
99,1284,1
99,1288,1
99,1349,1
99,1425,1
99,1523,1
99,1593,1
1639,99,0
100,183,1
100,272,0
100,316,1
100,349,1
100,372,1
389,100,0
100,659,1
100,746,1
770,100,0
100,859,1
906,100,0
100,909,1
100,963,1
969,100,0
1071,100,0
100,1144,1
100,1222,1
1342,100,0
100,1445,1
100,1484,1
100,1554,1
1555,100,0
1569,100,0
100,1589,0
101,172,1
1188,101,0
102,474,0
102,886,1
102,1016,0
1584,102,0
103,629,0
1441,103,0
104,392,1
104,405,1
510,104,0
1246,104,0
543,105,0
105,784,1
105,1395,1
106,511,1
106,558,1
106,629,1
106,1510,1
106,1622,1
107,458,0
107,623,0
107,664,0
107,826,1
107,1305,0
107,1588,1
1603,107,0
107,1610,1
108,210,1
108,444,1
108,483,1
607,108,0
108,767,0
797,108,0
945,108,0
1108,108,0
108,1254,1
108,1405,1
100,109,0
107,109,0
109,177,1
109,180,1
109,196,1
109,217,1
228,109,0
109,243,1
109,275,1
276,109,0
109,316,1
109,331,1
376,109,0
109,378,1
109,389,1
109,393,1
109,403,0
109,420,1
109,454,1
505,109,0
109,526,1
565,109,0
109,566,1
109,598,1
628,109,0
109,631,1
109,653,1
681,109,0
109,746,1
109,752,1
753,109,0
109,765,1
780,109,0
109,813,1
109,868,1
876,109,0
906,109,0
109,909,1
917,109,0
109,958,1
963,109,0
109,968,1
969,109,0
109,1020,1
109,1073,1
1082,109,0
109,1134,1
109,1144,1
1155,109,0
1188,109,0
109,1191,1
109,1192,1
109,1229,1
1241,109,0
109,1247,1
109,1279,1
109,1312,1
1328,109,0
109,1350,1
109,1374,1
109,1387,1
1393,109,0
1444,109,0
1448,109,0
1469,109,0
109,1472,1
1494,109,0
1498,109,0
109,1509,1
109,1512,1
1531,109,0
109,1554,1
109,1585,1
1623,109,0
1624,109,0
109,1631,1
314,110,0
110,380,1
110,470,0
110,547,1
110,828,1
110,1110,0
1628,110,0
111,163,1
111,269,1
111,357,0
111,406,0
111,438,1
111,878,1
111,1145,1
111,1292,1
111,1537,0
112,299,1
112,1158,0
112,1471,0
112,1521,1
113,279,0
113,355,0
114,265,1
114,279,1
114,296,1
348,114,0
114,372,1
373,114,0
114,377,1
114,406,1
114,448,1
114,464,1
488,114,0
521,114,0
537,114,0
556,114,0
586,114,0
114,597,1
114,640,1
648,114,0
114,664,1
114,668,1
708,114,0
114,753,1
114,768,1
808,114,0
813,114,0
114,850,1
114,865,1
114,866,1
114,951,1
1008,114,0
114,1026,1
114,1041,1
114,1074,1
114,1078,1
114,1115,1
114,1127,1
114,1136,1
114,1141,1
114,1151,1
114,1152,1
114,1172,1
114,1198,1
1222,114,0
1234,114,0
114,1235,1
114,1237,1
114,1262,1
114,1317,1
114,1339,1
114,1359,1
114,1374,1
1393,114,0
1409,114,0
114,1420,1
114,1427,1
1437,114,0
114,1472,1
114,1480,1
114,1498,1
114,1504,1
1512,114,0
114,1529,1
114,1547,0
114,1573,1
114,1635,1
114,1637,1
1638,114,0
108,115,0
292,115,0
115,382,1
115,444,1
115,656,1
115,856,1
115,1215,0
1280,115,0
1332,115,0
115,1518,1
116,486,1
577,116,0
116,1094,1
116,1206,1
116,1371,1
116,1495,1
117,442,1
117,584,1
117,789,1
117,791,1
117,853,1
117,1017,0
1148,117,0
117,1618,1
118,200,1
265,118,0
118,279,1
118,296,1
373,118,0
118,377,1
448,118,0
118,464,1
118,488,1
489,118,0
494,118,0
118,537,1
118,640,1
118,648,1
118,668,1
118,808,1
118,850,1
118,865,1
118,885,1
118,910,1
996,118,0
1078,118,0
118,1115,1
118,1127,1
118,1136,1
118,1143,1
118,1152,1
1172,118,0
118,1198,1
118,1220,1
118,1222,1
1234,118,0
1237,118,0
118,1262,1
118,1317,1
1339,118,0
118,1359,1
1374,118,0
118,1393,1
1409,118,0
118,1420,1
118,1425,1
1427,118,0
1472,118,0
118,1480,1
1504,118,0
1529,118,0
118,1573,1
118,1635,1
118,1637,1
1638,118,0
119,1,1
119,2,1
119,4,1
119,11,1
119,12,1
119,18,1
119,31,1
119,38,1
56,119,0
119,61,1
119,62,1
119,77,1
119,87,1
119,90,1
119,96,1
121,119,0
119,125,1
119,128,1
119,141,1
119,149,1
151,119,0
119,163,1
168,119,0
119,170,1
119,180,1
119,183,1
188,119,0
119,192,1
119,194,1
119,202,1
119,205,1
119,226,1
230,119,0
119,231,1
233,119,0
237,119,0
119,244,1
250,119,0
119,253,1
256,119,0
119,273,1
281,119,0
291,119,0
119,293,1
119,302,1
312,119,0
119,315,1
119,320,1
119,322,1
324,119,0
119,331,1
333,119,0
336,119,0
344,119,0
119,349,1
358,119,0
119,361,1
119,374,1
119,385,1
119,395,1
119,405,1
119,411,1
119,419,1
119,428,1
119,442,1
119,444,1
446,119,0
119,456,1
467,119,0
119,471,1
119,477,1
119,481,1
119,491,1
119,493,1
494,119,0
119,495,1
119,500,1
119,503,1
119,505,1
515,119,0
528,119,0
119,531,1
119,532,1
538,119,0
119,539,1
541,119,0
119,546,1
553,119,0
119,570,1
119,578,1
587,119,0
119,593,1
596,119,0
119,600,1
119,602,1
119,609,1
119,611,1
119,614,1
119,626,1
630,119,0
119,639,1
119,641,1
119,642,1
119,647,1
652,119,0
119,655,1
119,658,1
119,659,1
119,669,1
119,674,1
675,119,0
119,676,1
119,677,1
119,683,1
119,685,1
119,687,1
693,119,0
119,696,1
701,119,0
705,119,0
119,711,1
119,713,1
119,714,1
119,721,1
119,723,1
727,119,0
119,729,1
119,730,1
738,119,0
119,739,1
119,754,1
119,756,1
764,119,0
119,769,1
783,119,0
119,788,1
119,789,1
119,794,1
802,119,0
807,119,0
119,812,1
816,119,0
119,823,1
119,826,1
119,827,1
830,119,0
119,835,1
844,119,0
119,847,1
119,848,1
119,853,1
119,854,1
855,119,0
119,857,1
859,119,0
119,860,1
119,861,1
868,119,0
119,877,1
879,119,0
886,119,0
119,893,1
897,119,0
898,119,0
119,900,1
901,119,0
903,119,0
119,912,1
920,119,0
119,927,1
928,119,0
119,929,1
119,932,1
944,119,0
119,947,1
119,950,1
119,953,1
119,957,1
959,119,0
960,119,0
119,962,1
119,966,1
119,970,1
979,119,0
984,119,0
119,986,1
988,119,0
119,990,1
119,1003,1
1006,119,0
119,1007,1
119,1013,1
119,1022,1
119,1023,1
119,1029,1
119,1034,1
1040,119,0
119,1044,1
119,1046,1
119,1065,1
1071,119,0
119,1079,1
119,1080,1
119,1085,1
119,1092,1
119,1100,1
1106,119,0
1109,119,0
119,1110,1
119,1117,1
119,1121,1
119,1138,1
119,1139,1
1142,119,0
119,1146,1
119,1148,1
1153,119,0
1158,119,0
1163,119,0
119,1164,1
1169,119,0
1176,119,0
1181,119,0
1185,119,0
119,1186,1
1187,119,0
119,1189,1
119,1193,1
1194,119,0
119,1196,1
1197,119,0
119,1200,1
119,1202,1
1206,119,0
119,1210,1
1220,119,0
119,1221,1
1236,119,0
1238,119,0
119,1246,1
1261,119,0
1262,119,0
119,1263,1
1274,119,0
1277,119,0
119,1280,1
119,1287,1
119,1291,1
119,1293,1
1305,119,0
1310,119,0
1315,119,0
119,1319,1
119,1320,1
1321,119,0
119,1331,1
119,1332,1
1334,119,0
119,1342,1
119,1350,1
119,1353,1
1356,119,0
1363,119,0
119,1368,1
1371,119,0
1382,119,0
119,1384,1
1396,119,0
119,1398,1
119,1421,1
119,1438,1
1442,119,0
1445,119,0
119,1449,1
119,1452,1
119,1454,1
119,1456,1
119,1457,1
119,1464,1
119,1471,1
119,1477,1
1478,119,0
119,1479,1
119,1491,1
1495,119,0
119,1497,1
1500,119,0
119,1513,1
119,1516,1
119,1517,1
119,1521,1
119,1522,1
119,1526,1
119,1535,1
119,1539,1
119,1543,1
119,1544,1
119,1546,1
119,1548,1
1551,119,0
119,1553,1
119,1558,1
119,1565,1
1566,119,0
119,1568,1
119,1569,1
119,1570,1
119,1582,1
119,1584,1
1590,119,0
119,1591,1
119,1600,1
119,1604,1
119,1607,1
119,1610,1
1612,119,0
119,1616,1
119,1618,1
119,1621,1
1629,119,0
1633,119,0
119,1639,1
1640,119,0
1641,119,0
120,9,1
120,105,1
120,128,1
120,130,1
120,151,1
120,216,1
120,235,1
120,249,1
250,120,0
267,120,0
120,270,1
271,120,0
291,120,0
120,307,1
120,309,1
120,335,1
120,336,1
347,120,0
120,362,1
120,366,1
120,370,1
120,387,1
390,120,0
391,120,0
409,120,0
120,422,1
120,436,0
440,120,0
120,442,1
120,446,1
120,479,1
495,120,0
120,505,1
120,514,1
520,120,0
522,120,0
523,120,0
539,120,0
120,549,1
120,572,1
120,580,1
120,592,1
120,647,1
120,657,1
120,661,1
120,662,1
120,663,1
675,120,0
120,687,1
120,693,1
696,120,0
120,722,1
120,730,1
120,732,1
759,120,0
120,765,1
120,771,0
120,783,1
120,784,1
789,120,0
120,807,1
832,120,0
843,120,0
849,120,0
120,853,1
120,862,1
120,948,1
120,954,1
120,956,1
120,972,1
120,974,1
981,120,0
120,1009,1
1013,120,0
120,1042,1
1043,120,0
1047,120,0
1050,120,0
120,1058,1
120,1064,1
120,1113,1
120,1148,1
1152,120,0
1167,120,0
1168,120,0
120,1200,1
120,1208,1
120,1210,1
1214,120,0
120,1218,1
120,1220,1
120,1231,1
120,1232,1
120,1233,0
120,1281,1
120,1288,1
1294,120,0
1303,120,0
120,1309,1
120,1315,1
120,1321,1
120,1341,1
120,1356,1
120,1376,1
120,1378,1
120,1395,1
120,1400,1
120,1401,1
1416,120,0
120,1417,1
1476,120,0
120,1542,1
120,1545,1
120,1557,1
120,1558,1
120,1582,1
1584,120,0
120,1601,1
120,1618,1
120,1619,1
120,1632,1
121,108,1
114,121,0
121,161,1
121,315,1
121,757,1
121,795,1
805,121,0
121,1062,1
121,1066,0
121,1112,1
121,1190,1
1216,121,0
121,1243,0
1280,121,0
121,1332,1
121,1581,1
122,415,1
122,508,1
122,515,1
122,723,1
122,926,1
122,970,1
1107,122,0
123,543,0
620,124,0
124,682,1
124,705,0
805,124,0
124,1075,0
124,1124,1
124,1179,0
15,125,0
125,128,1
186,125,0
125,396,1
125,671,1
702,125,0
125,783,1
125,823,1
125,922,1
125,948,1
991,125,0
125,1040,1
125,1049,1
1106,125,0
1194,125,0
125,1265,1
1305,125,0
1321,125,0
1356,125,0
125,1465,1
1476,125,0
1558,125,0
125,1617,1
125,1620,1
126,259,1
352,126,0
126,438,1
126,465,1
126,651,1
30,127,0
127,251,1
127,285,1
127,326,1
525,127,0
127,670,1
127,1258,1
1368,127,0
127,1466,1
127,1548,0
128,289,1
128,414,1
128,454,1
128,624,1
128,657,1
751,128,0
128,783,1
128,874,1
128,1040,1
1083,128,0
128,1128,1
128,1202,1
1265,128,0
128,1396,1
128,1440,1
1476,128,0
128,1533,1
1571,128,0
128,1617,1
270,129,0
129,436,1
129,442,1
643,129,0
129,941,0
130,270,1
130,850,1
130,1208,1
61,131,0
131,482,1
131,530,0
131,830,1
131,963,1
1082,131,0
131,1163,1
131,1583,1
132,13,1
132,98,1
132,128,1
132,211,1
132,409,1
132,432,1
132,443,0
690,132,0
132,832,1
132,892,1
132,985,1
132,1134,0
132,1288,1
132,1295,1
1549,132,0
132,1597,1
133,14,1
133,84,1
152,133,0
133,321,0
133,400,1
133,425,1
513,133,0
133,914,1
133,968,0
133,995,0
133,998,1
133,1024,1
1085,133,0
133,1352,1
133,1541,1
134,387,0
134,494,1
134,847,1
134,1115,1
134,1157,0
1239,134,0
134,1498,1
135,14,1
135,15,1
135,31,1
54,135,0
62,135,0
65,135,0
98,135,0
135,114,1
118,135,0
135,133,1
135,161,1
135,187,1
135,239,1
135,269,1
135,272,1
281,135,0
135,284,1
317,135,0
135,320,1
338,135,0
342,135,0
135,379,1
135,398,1
135,403,1
415,135,0
135,416,1
424,135,0
430,135,0
135,447,1
468,135,0
135,480,1
135,522,1
135,610,1
135,614,1
629,135,0
135,630,1
135,657,1
135,674,1
135,686,1
135,720,1
135,725,1
135,738,1
135,742,1
135,749,1
767,135,0
135,783,1
790,135,0
135,795,1
135,802,1
135,831,1
857,135,0
135,868,1
881,135,0
135,883,1
135,898,1
135,902,1
135,905,1
135,932,1
135,933,1
135,936,1
940,135,0
135,1027,1
1085,135,0
135,1088,1
135,1091,1
1111,135,0
1113,135,0
135,1117,1
1118,135,0
1131,135,0
135,1147,1
135,1149,1
1150,135,0
135,1202,1
1207,135,0
135,1239,1
1257,135,0
135,1260,1
1271,135,0
1297,135,0
1299,135,0
1323,135,0
135,1327,1
1348,135,0
135,1351,1
1370,135,0
135,1372,1
1393,135,0
1415,135,0
135,1449,1
1458,135,0
135,1465,1
1472,135,0
1476,135,0
135,1478,1
1483,135,0
135,1486,1
1496,135,0
135,1499,1
1507,135,0
135,1510,1
135,1550,1
135,1561,1
1562,135,0
135,1563,1
135,1600,1
135,1617,1
136,1,1
273,136,0
136,609,1
683,136,0
136,705,1
136,927,1
136,1007,1
1221,136,0
136,1532,1
137,214,1
137,222,1
137,481,1
137,619,1
137,741,0
137,1080,1
137,1121,1
137,1382,1
137,1457,1
137,1464,1
137,1640,1
138,735,1
138,1613,1
139,211,0
139,300,0
139,675,1
139,711,1
139,858,1
139,900,1
139,959,1
139,988,1
139,1003,1
139,1121,1
139,1393,1
139,1404,1
1532,139,0
140,2,1
140,71,1
140,78,1
118,140,0
140,121,1
140,193,1
140,230,1
140,243,1
140,250,1
140,275,1
277,140,0
282,140,0
140,290,1
302,140,0
304,140,0
140,316,1
318,140,0
140,322,1
324,140,0
140,333,1
140,375,1
140,376,1
140,387,1
140,393,1
140,429,1
140,474,1
479,140,0
140,480,1
140,481,1
140,484,1
140,491,1
140,503,1
140,504,1
140,509,1
529,140,0
140,545,1
140,555,1
140,562,1
140,572,1
140,591,1
140,612,1
140,617,1
140,619,1
140,645,1
656,140,0
140,678,1
140,719,1
728,140,0
140,731,1
140,745,1
140,746,1
754,140,0
757,140,0
765,140,0
769,140,0
140,771,1
774,140,0
140,777,1
778,140,0
140,795,1
140,798,1
140,813,1
817,140,0
140,821,1
140,827,1
140,845,1
140,849,1
140,865,1
140,871,1
140,872,1
140,885,1
140,900,1
140,902,1
906,140,0
913,140,0
925,140,0
140,933,1
949,140,0
140,959,1
140,963,1
969,140,0
976,140,0
140,988,1
140,990,1
140,1003,1
1042,140,0
140,1043,1
140,1056,1
140,1061,0
1063,140,0
140,1075,1
1080,140,0
140,1088,1
1106,140,0
140,1121,1
1130,140,0
140,1134,1
140,1144,1
140,1147,1
140,1153,1
1154,140,0
1168,140,0
140,1180,1
140,1186,1
1194,140,0
140,1195,1
1201,140,0
1202,140,0
140,1210,1
140,1219,1
1225,140,0
140,1228,1
140,1229,1
140,1236,1
140,1238,1
1251,140,0
140,1263,1
1272,140,0
140,1277,1
140,1287,1
1291,140,0
140,1295,1
140,1297,1
140,1300,1
1314,140,0
140,1319,1
140,1324,1
140,1326,1
140,1351,1
1363,140,0
1374,140,0
140,1391,1
140,1403,1
1420,140,0
140,1457,1
140,1460,1
140,1464,1
140,1469,1
140,1475,1
1481,140,0
1489,140,0
140,1491,1
140,1505,1
140,1513,1
1518,140,0
1535,140,0
1549,140,0
1554,140,0
1580,140,0
1584,140,0
1599,140,0
1601,140,0
140,1630,1
140,1632,1
140,1633,1
1641,140,0
141,72,1
141,287,1
141,442,1
141,606,1
641,141,0
855,141,0
1548,141,0
142,34,1
142,266,1
142,325,1
142,747,1
142,1084,1
142,1267,1
142,1392,0
1493,142,0
142,1560,1
143,209,0
243,143,0
279,143,0
428,143,0
143,489,1
550,143,0
143,569,1
143,628,1
143,669,0
143,671,0
143,693,1
143,726,1
744,143,0
143,895,1
143,941,1
143,965,1
1086,143,0
1143,143,0
143,1188,1
143,1191,1
1235,143,0
1434,143,0
144,174,1
144,355,1
144,674,0
144,809,1
145,434,1
145,453,0
475,145,0
676,145,0
857,145,0
145,1428,0
1015,146,0
146,1498,0
147,673,0
147,1346,0
148,196,1
148,775,1
148,875,1
148,913,0
148,1054,0
148,1337,1
149,502,1
508,149,0
149,894,1
149,910,0
149,1196,1
1200,149,0
149,1515,1
149,1547,1
150,337,1
150,527,0
150,760,1
150,829,1
150,1566,0
150,1605,1
151,424,0
576,151,0
863,151,0
151,918,1
151,1189,1
151,1561,1
152,657,1
152,1602,0
153,771,1
153,845,1
153,1106,0
1154,153,0
153,1300,1
154,350,1
351,154,0
841,154,0
1063,154,0
155,253,1
311,155,0
538,155,0
587,155,0
807,155,0
155,813,0
1120,155,0
1273,155,0
155,1284,1
155,1321,1
1356,155,0
155,1523,1
155,1526,1
155,1558,1
1572,155,0
156,1154,0
157,3,1
294,157,0
157,382,1
157,490,1
695,157,0
157,750,1
157,1010,0
157,1081,1
157,1096,1
157,1135,1
157,1358,1
1433,157,0
158,114,1
158,692,1
158,1444,0
159,249,1
159,279,1
159,342,1
368,159,0
159,464,1
159,472,1
159,504,1
159,549,1
598,159,0
159,684,1
159,694,1
159,744,1
159,813,1
159,850,1
159,866,1
159,885,1
159,888,1
159,933,1
159,951,1
1008,159,0
159,1054,1
159,1077,1
159,1143,1
159,1166,0
159,1202,1
159,1229,1
159,1234,1
159,1235,1
159,1237,1
159,1247,1
1283,159,0
159,1417,1
159,1420,1
1427,159,0
159,1484,1
159,1490,1
1504,159,0
159,1544,0
160,191,1
160,329,1
160,457,0
160,625,1
706,160,0
160,1035,1
160,1248,1
160,1259,1
1516,160,0
161,624,1
161,665,1
162,303,1
310,162,0
162,407,1
733,162,0
926,162,0
941,162,0
162,1061,1
162,1089,1
162,1187,0
163,314,1
163,768,0
163,788,1
163,861,1
163,928,1
1034,163,0
163,1197,1
163,1612,1
24,164,0
164,178,1
164,247,1
164,299,0
164,301,1
164,421,1
513,164,0
164,520,0
635,164,0
766,164,0
164,795,1
841,164,0
164,950,1
164,982,1
991,164,0
1018,164,0
164,1203,1
164,1245,0
164,1264,1
164,1296,1
164,1320,0
1363,164,0
164,1457,0
164,1465,1
1533,164,0
1617,164,0
165,1349,0
166,269,1
166,278,1
166,445,1
166,814,1
166,1137,1
166,1327,1
1348,166,0
166,1508,1
2,167,0
509,167,0
167,827,1
1287,167,0
1491,167,0
167,1535,1
168,281,1
795,168,0
168,883,1
168,1247,0
168,1353,0
168,1362,1
169,15,1
108,169,0
169,114,1
169,118,1
307,169,0
169,315,1
328,169,0
169,444,1
169,585,0
757,169,0
169,852,1
169,887,1
169,1011,1
1063,169,0
169,1133,1
1228,169,0
1280,169,0
1282,169,0
169,1377,1
1379,169,0
170,4,1
18,170,0
170,48,1
170,135,1
170,151,1
164,170,0
178,170,0
170,199,1
212,170,0
170,232,1
170,249,1
170,255,1
170,264,1
170,292,1
170,293,1
170,297,1
170,302,1
320,170,0
170,332,1
335,170,0
339,170,0
170,342,1
170,346,1
347,170,0
170,356,1
374,170,0
170,381,1
170,387,1
170,388,1
170,391,1
398,170,0
170,405,1
408,170,0
170,424,1
427,170,0
170,450,1
454,170,0
455,170,0
487,170,0
170,515,1
170,519,1
529,170,0
545,170,0
170,549,1
170,553,1
170,561,1
170,575,1
170,576,1
170,579,1
580,170,0
591,170,0
607,170,0
170,610,1
170,620,1
629,170,0
170,634,1
170,636,1
170,660,1
683,170,0
693,170,0
170,721,1
170,722,1
170,723,1
170,728,1
734,170,0
170,742,1
744,170,0
745,170,0
757,170,0
170,758,1
170,763,1
170,765,1
774,170,0
170,777,1
170,783,1
170,790,1
796,170,0
799,170,0
801,170,0
170,807,1
170,813,1
170,825,1
170,831,1
170,860,1
170,863,1
170,885,1
170,888,1
170,897,1
170,899,1
170,907,1
170,914,1
915,170,0
916,170,0
919,170,0
170,925,1
170,932,1
933,170,0
170,939,1
950,170,0
990,170,0
170,995,1
170,999,1
1001,170,0
170,1023,1
1036,170,0
1040,170,0
170,1043,1
1048,170,0
170,1057,1
170,1066,1
170,1085,1
1086,170,0
170,1094,1
170,1104,1
1115,170,0
170,1120,1
170,1132,1
170,1150,1
1169,170,0
170,1178,1
170,1184,1
1199,170,0
170,1202,1
170,1221,1
1229,170,0
170,1232,1
170,1249,1
170,1269,1
170,1271,1
170,1295,1
1313,170,0
1314,170,0
170,1333,1
1338,170,0
170,1343,1
170,1370,1
170,1372,1
170,1396,1
1407,170,0
1417,170,0
1424,170,0
170,1432,1
170,1435,1
170,1438,1
170,1441,1
170,1454,1
170,1460,1
1467,170,0
170,1478,1
1482,170,0
170,1483,1
1509,170,0
1516,170,0
1532,170,0
170,1543,1
1550,170,0
170,1557,1
170,1562,1
1563,170,0
1580,170,0
1592,170,0
1598,170,0
170,1600,1
170,1601,1
1629,170,0
171,733,0
172,283,1
591,172,0
172,1055,1
172,1238,1
173,321,1
1256,173,0
1473,173,0
174,809,1
174,1474,0
175,31,1
175,138,1
149,175,0
175,227,1
175,260,1
175,279,1
175,292,1
175,347,1
175,362,1
175,368,1
175,371,1
387,175,0
175,390,0
175,422,1
175,463,1
175,464,1
472,175,0
175,502,1
175,514,1
529,175,0
175,549,1
175,591,1
615,175,0
175,643,1
175,656,1
175,684,1
175,701,1
175,728,1
175,735,1
175,759,1
175,781,1
849,175,0
175,850,1
888,175,0
175,894,1
895,175,0
925,175,0
175,933,1
175,939,1
175,1008,1
1054,175,0
175,1058,1
175,1077,1
175,1079,1
1086,175,0
175,1116,1
175,1122,0
175,1143,1
175,1202,1
175,1229,1
175,1232,1
1234,175,0
175,1237,1
175,1249,1
1281,175,0
175,1309,1
1331,175,0
175,1361,1
175,1367,1
175,1374,1
1401,175,0
175,1413,1
1416,175,0
175,1417,1
175,1427,1
175,1468,1
175,1484,1
175,1504,1
175,1515,1
175,1518,1
1557,175,0
175,1594,1
175,1600,1
175,1613,1
175,1625,1
176,146,1
176,795,1
176,841,1
176,1235,1
176,1296,1
177,380,0
177,792,1
177,1434,1
178,224,1
178,950,1
179,262,0
179,777,1
179,1254,1
179,1537,1
179,1538,1
1157,180,0
180,1254,0
181,31,1
37,181,0
108,181,0
181,197,1
181,214,1
225,181,0
285,181,0
308,181,0
181,315,1
181,323,1
181,343,1
181,396,1
181,444,1
499,181,0
548,181,0
181,571,1
181,573,1
181,608,1
609,181,0
181,621,1
181,633,1
181,671,1
181,741,1
754,181,0
181,762,1
786,181,0
181,787,1
181,797,1
181,840,1
181,922,1
181,930,1
181,992,1
1027,181,0
181,1052,1
1060,181,0
181,1062,1
181,1108,1
1209,181,0
1227,181,0
181,1233,1
1276,181,0
181,1302,1
1332,181,0
1354,181,0
1364,181,0
1408,181,0
1447,181,0
1474,181,0
1567,181,0
181,1572,1
182,449,1
182,521,1
706,182,0
182,785,1
182,1263,0
182,1553,0
183,659,1
183,770,1
183,859,1
1071,183,0
183,1079,1
1342,183,0
183,1445,1
183,1555,1
183,1569,1
434,184,0
184,464,1
678,184,0
1537,184,0
820,185,0
833,185,0
185,1117,1
1149,185,0
185,1158,1
186,54,1
71,186,0
186,229,1
186,262,1
186,297,1
186,304,1
379,186,0
381,186,0
186,398,1
186,424,1
480,186,0
186,482,1
186,511,1
186,607,1
186,610,1
614,186,0
186,629,1
186,630,1
186,643,1
186,669,1
186,736,1
758,186,0
186,761,1
790,186,0
186,795,1
186,802,1
186,810,1
186,824,1
186,825,0
186,831,1
186,872,1
186,881,1
186,902,1
186,913,1
921,186,0
924,186,0
186,931,1
186,980,0
186,981,1
186,1047,1
186,1062,1
186,1066,0
186,1088,1
1111,186,0
186,1131,1
1150,186,0
186,1194,1
1195,186,0
1225,186,0
186,1253,1
186,1271,1
186,1297,1
1305,186,0
186,1322,1
1323,186,0
186,1332,1
1338,186,0
186,1351,1
186,1370,1
1372,186,0
186,1403,1
186,1407,1
186,1429,1
1441,186,0
1456,186,0
186,1550,1
1560,186,0
186,1563,1
186,1565,1
1577,186,0
186,1598,1
1617,186,0
1641,186,0
764,187,0
187,824,1
187,873,1
187,937,1
187,1023,0
187,1257,1
1381,187,0
1447,187,0
1488,187,0
188,765,1
879,188,0
188,1425,0
189,203,0
189,459,0
190,245,1
288,190,0
190,744,1
190,951,1
190,961,1
1347,190,0
405,191,0
191,553,1
191,754,1
191,806,1
191,1054,0
191,1248,1
191,1252,1
191,1303,1
192,299,0
192,861,0
1139,192,0
1207,192,0
192,1607,1
193,2,1
71,193,0
193,78,1
193,84,1
193,90,1
100,193,0
193,114,1
193,118,1
121,193,0
170,193,0
193,202,1
209,193,0
193,230,1
193,243,1
193,250,1
193,254,1
193,275,1
193,277,1
193,282,1
193,290,1
193,309,1
193,316,1
193,322,1
193,324,1
193,328,1
193,333,1
193,342,1
193,362,1
193,375,1
193,389,1
429,193,0
193,479,1
193,480,1
193,481,1
193,484,1
491,193,0
504,193,0
193,509,1
193,529,1
545,193,0
555,193,0
562,193,0
193,591,1
612,193,0
617,193,0
193,619,1
656,193,0
193,659,0
193,696,1
193,726,1
193,728,1
731,193,0
193,745,1
746,193,0
754,193,0
193,757,1
193,769,1
774,193,0
193,777,1
193,792,1
795,193,0
813,193,0
193,821,1
193,827,1
193,845,1
849,193,0
193,868,1
871,193,0
872,193,0
193,877,1
193,885,1
900,193,0
193,906,1
909,193,0
193,925,1
193,949,1
959,193,0
193,969,1
193,987,1
988,193,0
990,193,0
193,1009,1
1013,193,0
193,1032,1
1042,193,0
193,1043,1
193,1056,1
1062,193,0
193,1063,1
193,1075,1
1088,193,0
1106,193,0
193,1111,1
193,1121,1
1130,193,0
193,1134,1
193,1137,1
193,1144,1
1147,193,0
193,1153,1
1154,193,0
1159,193,0
193,1168,1
193,1180,1
193,1186,1
1193,193,0
193,1194,1
193,1195,1
1202,193,0
193,1210,1
193,1219,1
193,1228,1
193,1229,1
193,1232,1
193,1236,1
1249,193,0
193,1251,1
1272,193,0
1287,193,0
193,1305,1
1309,193,0
193,1314,1
1315,193,0
193,1324,1
193,1331,1
193,1332,1
193,1341,1
193,1351,1
193,1363,1
1369,193,0
193,1382,1
193,1391,1
193,1403,1
193,1404,1
193,1420,1
193,1457,1
193,1460,1
193,1464,1
1469,193,0
193,1475,1
1481,193,0
1490,193,0
1491,193,0
193,1505,1
193,1513,1
193,1518,1
193,1535,1
1549,193,0
193,1554,1
1580,193,0
193,1585,1
1599,193,0
193,1600,1
193,1601,1
193,1620,1
193,1633,1
1641,193,0
194,35,1
194,466,1
194,835,1
854,194,0
194,1006,1
1519,194,0
197,704,0
197,803,0
199,1119,0
200,768,0
201,312,0
201,887,0
201,1436,0
202,663,0
203,311,0
204,508,0
205,284,0
206,632,0
206,853,0
206,1293,0
207,352,0
207,1443,0
207,1508,0
209,304,0
209,956,0
210,318,0
211,931,0
212,813,0
212,1152,0
213,1362,0
213,1610,0
214,664,0
218,1382,0
220,290,0
220,865,0
221,452,0
223,759,0
224,370,0
224,1575,0
225,367,0
226,1022,0
227,1066,0
227,1525,0
228,1016,0
228,1176,0
228,1484,0
230,1590,0
232,369,0
232,998,0
233,906,0
233,1309,0
233,1469,0
233,1514,0
234,679,0
234,1073,0
235,604,0
235,735,0
236,1327,0
237,439,0
237,551,0
237,1094,0
237,1143,0
239,450,0
239,567,0
239,1411,0
241,821,0
242,494,0
243,1569,0
244,1624,0
245,1117,0
245,1382,0
246,690,0
246,814,0
246,1250,0
247,1276,0
248,640,0
249,1632,0
251,782,0
255,675,0
255,1147,0
256,802,0
256,1557,0
257,350,0
259,1594,0
263,432,0
263,1161,0
265,486,0
266,1228,0
267,717,0
267,1205,0
268,1203,0
268,1270,0
269,1126,0
273,636,0
274,1354,0
274,1621,0
275,632,0
276,526,0
276,627,0
276,802,0
278,581,0
279,638,0
279,694,0
279,1052,0
280,1633,0
281,1455,0
283,640,0
283,1289,0
284,338,0
284,835,0
286,539,0
287,1452,0
288,391,0
288,795,0
288,1588,0
290,768,0
290,858,0
290,1258,0
292,697,0
292,920,0
292,1259,0
292,1268,0
294,928,0
294,1356,0
296,517,0
296,1360,0
296,1442,0
298,793,0
298,1189,0
299,817,0
300,1416,0
300,1613,0
304,728,0
304,984,0
305,958,0
306,975,0
306,1393,0
307,393,0
307,797,0
308,519,0
308,921,0
309,1058,0
310,402,0
310,469,0
311,452,0
312,934,0
313,995,0
314,637,0
314,849,0
315,350,0
315,467,0
317,531,0
317,1050,0
320,429,0
320,1045,0
321,1007,0
322,1241,0
322,1311,0
322,1478,0
322,1633,0
323,746,0
324,1322,0
324,1582,0
325,432,0
327,650,0
327,1347,0
327,1495,0
328,1047,0
329,1025,0
331,529,0
333,1590,0
334,1339,0
335,618,0
335,1348,0
337,411,0
339,1194,0
340,922,0
343,552,0
344,1006,0
345,495,0
345,645,0
345,1056,0
345,1126,0
346,460,0
346,1490,0
348,1341,0
349,916,0
349,1610,0
350,949,0
350,1385,0
352,842,0
353,763,0
354,444,0
354,515,0
354,934,0
354,1231,0
355,794,0
356,763,0
356,1388,0
357,1260,0
358,521,0
358,729,0
358,750,0
358,890,0
358,1005,0
358,1422,0
360,1075,0
361,447,0
363,1470,0
364,753,0
366,806,0
367,507,0
370,1549,0
371,1156,0
371,1343,0
371,1479,0
372,1491,0
373,591,0
373,1117,0
374,1534,0
375,837,0
376,531,0
377,538,0
377,716,0
377,749,0
379,433,0
379,603,0
380,1114,0
383,1115,0
383,1372,0
384,1551,0
385,1566,0
386,1473,0
387,427,0
387,1002,0
387,1264,0
389,1435,0
391,604,0
391,1037,0
392,1565,0
393,826,0
393,848,0
394,1164,0
395,522,0
395,1444,0
395,1570,0
397,973,0
397,1260,0
398,898,0
399,1337,0
400,587,0
401,1302,0
403,471,0
403,764,0
403,952,0
403,1252,0
404,426,0
405,1088,0
406,1148,0
406,1167,0
407,1102,0
408,980,0
409,705,0
410,1289,0
410,1327,0
412,770,0
417,676,0
417,1495,0
420,588,0
420,876,0
420,1542,0
421,1315,0
424,720,0
428,1050,0
429,1040,0
429,1618,0
430,949,0
431,582,0
432,1118,0
432,1205,0
433,470,0
434,1283,0
435,1167,0
435,1578,0
436,629,0
437,1410,0
438,624,0
438,733,0
439,1061,0
439,1460,0
445,1363,0
447,1060,0
448,1530,0
449,1433,0
450,458,0
450,936,0
451,1616,0
452,494,0
452,1256,0
454,1601,0
455,1118,0
456,1254,0
458,1129,0
460,1533,0
462,917,0
462,1157,0
463,1206,0
465,1071,0
466,570,0
470,1327,0
470,1462,0
471,1048,0
473,1214,0
476,793,0
477,576,0
478,1629,0
479,926,0
480,518,0
480,994,0
482,1454,0
483,1594,0
484,987,0
485,1115,0
485,1590,0
486,1191,0
488,901,0
490,647,0
491,1289,0
493,790,0
494,1008,0
499,1497,0
500,1079,0
500,1100,0
500,1484,0
501,1275,0
503,902,0
503,1349,0
505,1008,0
507,1236,0
510,726,0
511,879,0
511,1157,0
513,516,0
513,566,0
513,1173,0
513,1266,0
513,1426,0
517,1222,0
517,1461,0
518,1148,0
518,1611,0
520,710,0
520,1341,0
522,699,0
522,1278,0
523,734,0
528,753,0
529,1150,0
529,1218,0
529,1371,0
530,815,0
530,1140,0
531,809,0
533,1188,0
534,944,0
534,1266,0
538,844,0
538,954,0
538,1169,0
541,834,0
541,1332,0
541,1625,0
542,1082,0
546,801,0
546,924,0
548,970,0
549,1192,0
549,1218,0
554,567,0
558,734,0
561,891,0
562,1059,0
563,852,0
565,1583,0
566,1482,0
567,679,0
567,1570,0
568,1627,0
569,1504,0
570,1015,0
570,1474,0
571,1466,0
573,1293,0
573,1586,0
574,1438,0
574,1587,0
578,1040,0
578,1123,0
579,861,0
580,1336,0
581,726,0
582,1090,0
584,1060,0
585,1605,0
590,816,0
590,1365,0
592,830,0
593,1618,0
594,1230,0
595,657,0
595,687,0
595,1625,0
596,812,0
598,1211,0
599,992,0
604,987,0
605,999,0
605,1019,0
606,1498,0
606,1591,0
608,811,0
609,1401,0
610,1345,0
614,1410,0
615,902,0
615,995,0
615,1027,0
615,1374,0
616,1539,0
617,986,0
618,870,0
619,1121,0
620,1440,0
620,1482,0
622,886,0
623,641,0
623,1305,0
625,1251,0
625,1375,0
626,1060,0
626,1088,0
627,1178,0
627,1337,0
628,668,0
628,899,0
629,1015,0
629,1466,0
629,1554,0
630,652,0
631,1121,0
631,1455,0
632,995,0
636,1220,0
638,1004,0
638,1282,0
639,1329,0
640,1340,0
641,946,0
642,941,0
644,890,0
645,1008,0
646,791,0
646,895,0
646,1034,0
648,1349,0
649,1546,0
650,910,0
650,954,0
655,1423,0
657,1011,0
658,1167,0
659,1107,0
661,876,0
661,1318,0
663,846,0
666,1507,0
669,1315,0
669,1536,0
671,762,0
678,787,0
678,1242,0
679,1580,0
684,1230,0
685,687,0
685,1558,0
686,713,0
686,1143,0
686,1234,0
690,1046,0
691,708,0
691,1044,0
693,1404,0
694,1321,0
695,1369,0
696,1195,0
697,1097,0
698,1578,0
700,1180,0
701,1188,0
706,1043,0
706,1205,0
707,766,0
707,1191,0
709,792,0
709,1365,0
711,815,0
712,1339,0
715,1012,0
715,1345,0
715,1577,0
718,804,0
720,741,0
720,1483,0
721,874,0
721,1036,0
722,1282,0
722,1464,0
725,938,0
725,1419,0
728,1548,0
730,816,0
730,855,0
731,807,0
731,1419,0
732,1265,0
732,1276,0
732,1393,0
734,1272,0
735,1412,0
735,1599,0
736,1223,0
737,794,0
737,1065,0
739,1504,0
739,1513,0
740,1259,0
741,920,0
745,1020,0
745,1524,0
747,1076,0
747,1432,0
747,1619,0
748,1420,0
749,916,0
749,1388,0
749,1446,0
750,849,0
751,810,0
751,1231,0
758,1279,0
758,1427,0
760,1497,0
761,1051,0
761,1494,0
762,1323,0
762,1609,0
765,866,0
765,1242,0
767,1105,0
769,863,0
769,1562,0
770,796,0
771,773,0
772,1361,0
778,1333,0
778,1529,0
780,1358,0
781,1310,0
781,1370,0
781,1638,0
785,1150,0
787,866,0
787,1072,0
789,1402,0
790,1608,0
791,1169,0
793,1399,0
793,1449,0
794,1292,0
795,1271,0
797,982,0
797,1122,0
802,1037,0
802,1564,0
803,1340,0
805,1025,0
808,851,0
808,1543,0
810,1121,0
812,1258,0
815,1234,0
815,1256,0
815,1309,0
816,1203,0
816,1501,0
820,983,0
822,1304,0
829,1603,0
834,1230,0
834,1537,0
835,1218,0
836,1340,0
838,904,0
839,1199,0
841,1316,0
843,1126,0
848,968,0
848,1044,0
850,1029,0
852,1413,0
853,1268,0
854,1280,0
855,1414,0
856,1365,0
857,1163,0
858,1008,0
863,1345,0
864,1310,0
867,1249,0
867,1325,0
868,981,0
868,1125,0
869,1112,0
870,1468,0
871,1017,0
872,948,0
877,1167,0
877,1305,0
877,1343,0
878,1401,0
878,1615,0
879,1587,0
883,1640,0
885,904,0
886,1424,0
888,1269,0
890,1003,0
890,1493,0
891,1011,0
892,966,0
894,1371,0
898,939,0
898,1453,0
899,909,0
900,940,0
900,997,0
908,1348,0
912,1086,0
915,1097,0
915,1577,0
917,1423,0
920,995,0
921,933,0
921,1206,0
922,1402,0
923,1314,0
924,1477,0
924,1559,0
931,933,0
931,968,0
936,1546,0
938,1207,0
941,1431,0
941,1501,0
944,1006,0
948,1058,0
952,1630,0
954,1501,0
962,1005,0
964,1230,0
971,981,0
972,1478,0
974,1047,0
976,1365,0
976,1471,0
977,1130,0
979,990,0
983,1616,0
985,1145,0
986,1231,0
988,1356,0
991,1568,0
994,1364,0
999,1485,0
1000,1063,0
1003,1470,0
1008,1634,0
1010,1403,0
1012,1169,0
1016,1038,0
1018,1064,0
1020,1436,0
1023,1172,0
1023,1189,0
1024,1340,0
1024,1433,0
1025,1536,0
1029,1507,0
1030,1385,0
1031,1582,0
1033,1327,0
1034,1573,0
1041,1188,0
1042,1505,0
1042,1626,0
1044,1406,0
1046,1599,0
1048,1244,0
1048,1464,0
1052,1536,0
1052,1587,0
1053,1454,0
1057,1552,0
1061,1118,0
1064,1074,0
1065,1313,0
1066,1283,0
1066,1418,0
1066,1439,0
1076,1477,0
1079,1317,0
1080,1433,0
1080,1453,0
1087,1109,0
1092,1377,0
1095,1280,0
1096,1103,0
1096,1145,0
1096,1161,0
1098,1209,0
1099,1236,0
1101,1599,0
1106,1247,0
1106,1282,0
1106,1517,0
1109,1468,0
1113,1609,0
1114,1254,0
1115,1194,0
1115,1311,0
1115,1341,0
1121,1239,0
1123,1337,0
1123,1468,0
1123,1519,0
1126,1412,0
1128,1177,0
1129,1227,0
1131,1393,0
1133,1344,0
1134,1605,0
1138,1464,0
1143,1438,0
1145,1217,0
1148,1246,0
1150,1408,0
1151,1504,0
1154,1409,0
1155,1580,0
1156,1577,0
1157,1402,0
1158,1276,0
1164,1394,0
1164,1558,0
1168,1607,0
1169,1276,0
1173,1384,0
1176,1181,0
1178,1515,0
1182,1441,0
1184,1537,0
1185,1353,0
1185,1512,0
1189,1413,0
1190,1276,0
1191,1408,0
1203,1612,0
1208,1522,0
1211,1294,0
1211,1439,0
1211,1474,0
1218,1587,0
1221,1574,0
1223,1590,0
1225,1514,0
1226,1503,0
1233,1538,0
1237,1283,0
1238,1478,0
1239,1361,0
1241,1498,0
1249,1473,0
1253,1259,0
1257,1460,0
1265,1524,0
1266,1465,0
1269,1291,0
1269,1604,0
1270,1488,0
1274,1353,0
1274,1365,0
1288,1498,0
1289,1540,0
1290,1383,0
1292,1500,0
1294,1456,0
1294,1467,0
1294,1599,0
1295,1324,0
1302,1315,0
1302,1572,0
1302,1588,0
1304,1572,0
1307,1368,0
1319,1348,0
1319,1636,0
1324,1482,0
1338,1380,0
1338,1452,0
1343,1613,0
1347,1578,0
1351,1427,0
1361,1365,0
1364,1542,0
1366,1438,0
1367,1397,0
1371,1598,0
1372,1565,0
1374,1449,0
1381,1391,0
1381,1605,0
1382,1432,0
1382,1534,0
1383,1615,0
1385,1564,0
1386,1490,0
1387,1625,0
1389,1538,0
1392,1565,0
1396,1546,0
1410,1534,0
1424,1610,0
1425,1608,0
1429,1433,0
1429,1490,0
1441,1477,0
1454,1588,0
1471,1484,0
1475,1582,0
1479,1542,0
1481,1528,0
1493,1591,0
1508,1534,0
1516,1584,0
1535,1571,0
1538,1637,0
1546,1590,0
1556,1566,0
1567,1619,0
1614,1622,0
