0,166,1
0,200,1
0,290,1
0,498,1
0,848,1
0,918,1
0,935,1
0,987,1
0,988,1
0,1124,1
0,1129,1
0,1161,1
0,1301,1
0,1362,1
0,1426,1
1,26,1
1,662,1
1,701,1
1,1069,1
1,1152,1
1,1176,1
1,1220,1
1,1262,1
1,1277,1
1,1352,1
1,1414,1
1,1599,1
2,509,1
2,548,1
2,827,1
2,1251,1
2,1287,1
2,1490,1
2,1491,1
2,1535,1
3,222,1
3,249,1
3,258,1
3,319,1
3,687,1
3,1322,1
3,1340,1
4,116,1
4,234,1
4,819,1
5,495,1
5,1042,1
5,1231,1
5,1400,1
6,326,1
6,1207,1
6,1536,1
7,22,1
7,179,1
7,204,1
7,284,1
7,345,1
7,399,1
7,484,1
7,555,1
7,562,1
7,581,1
7,590,1
7,772,1
7,776,1
7,778,1
7,822,1
7,842,1
7,936,1
7,940,1
7,973,1
7,1122,1
7,1159,1
7,1180,1
7,1394,1
7,1458,1
7,1503,1
9,210,1
9,298,1
9,497,1
9,994,1
9,1084,1
9,1311,1
10,175,1
10,279,1
10,314,1
10,316,1
10,318,1
10,381,1
10,389,1
10,390,1
10,437,1
10,464,1
10,489,1
10,516,1
10,529,1
10,642,1
10,683,1
10,698,1
10,705,1
10,746,1
10,828,1
10,866,1
10,895,1
10,906,1
10,925,1
10,951,1
10,969,1
10,981,1
10,996,1
10,1008,1
10,1022,1
10,1028,1
10,1047,1
10,1054,1
10,1134,1
10,1143,1
10,1221,1
10,1226,1
10,1234,1
10,1235,1
10,1237,1
10,1427,1
10,1469,1
10,1504,1
10,1532,1
10,1553,1
10,1554,1
10,1560,1
10,1580,1
10,1628,1
11,77,1
11,243,1
11,319,1
11,460,1
11,475,1
11,496,1
11,628,1
11,632,1
11,680,1
11,716,1
11,726,1
11,745,1
11,805,1
11,836,1
11,858,1
11,1188,1
11,1191,1
11,1204,1
11,1213,1
11,1225,1
11,1242,1
11,1585,1
12,22,1
12,34,1
12,211,1
12,241,1
12,242,1
12,300,1
12,370,1
12,386,1
12,404,1
12,409,1
12,431,1
12,458,1
12,490,1
12,583,1
12,644,1
12,645,1
12,654,1
12,673,1
12,721,1
12,748,1
12,749,1
12,753,1
12,804,1
12,832,1
12,869,1
12,930,1
12,976,1
12,1095,1
12,1123,1
12,1180,1
12,1260,1
12,1266,1
12,1288,1
12,1314,1
12,1326,1
12,1349,1
12,1355,1
12,1366,1
12,1373,1
12,1443,1
12,1463,1
12,1517,1
12,1527,1
12,1543,1
12,1571,1
12,1589,1
12,1609,1
12,1642,1
13,65,1
13,294,1
13,349,1
13,488,1
13,747,1
13,1597,1
14,215,1
14,289,1
14,914,1
14,932,1
14,1085,1
14,1401,1
15,108,1
15,114,1
15,118,1
15,307,1
15,315,1
15,328,1
15,444,1
15,525,1
15,686,1
15,757,1
15,824,1
15,852,1
15,887,1
15,1011,1
15,1063,1
15,1133,1
15,1228,1
15,1240,1
15,1280,1
15,1282,1
15,1367,1
15,1377,1
15,1379,1
15,1439,1
15,1608,1
16,236,1
16,455,1
18,309,1
18,479,1
18,572,1
18,614,1
18,732,1
18,1112,1
18,1272,1
18,1369,1
19,135,1
19,844,1
19,860,1
19,1170,1
20,17,1
20,475,1
20,612,1
20,829,1
20,1446,1
20,1606,1
21,252,1
21,333,1
21,375,1
21,513,1
21,1251,1
22,399,1
22,555,1
22,776,1
22,822,1
22,973,1
22,1106,1
22,1122,1
22,1159,1
22,1220,1
22,1503,1
23,214,1
23,483,1
23,761,1
23,1255,1
23,1436,1
23,1596,1
24,1029,1
24,1181,1
24,1453,1
25,329,1
25,500,1
25,543,1
25,622,1
25,646,1
25,740,1
25,1298,1
25,1603,1
27,364,1
27,802,1
27,887,1
27,1182,1
27,1249,1
27,1431,1
29,394,1
29,689,1
29,1122,1
29,1307,1
30,125,1
30,454,1
30,823,1
30,1167,1
30,1368,1
31,205,1
31,250,1
31,423,1
31,554,1
31,729,1
31,1013,1
31,1168,1
31,1210,1
31,1308,1
31,1315,1
31,1335,1
31,1341,1
31,1353,1
32,16,1
32,841,1
32,1248,1
32,1296,1
33,240,1
33,874,1
33,886,1
33,1157,1
33,1187,1
33,1342,1
34,89,1
34,226,1
34,501,1
34,563,1
34,794,1
34,815,1
34,931,1
34,1106,1
34,1194,1
34,1305,1
34,1323,1
34,1565,1
34,1606,1
35,78,1
35,319,1
35,442,1
35,647,1
35,746,1
35,789,1
35,853,1
35,1148,1
35,1618,1
36,178,1
36,247,1
36,248,1
36,263,1
36,301,1
36,421,1
36,542,1
36,635,1
36,795,1
36,815,1
36,841,1
36,950,1
36,955,1
36,974,1
36,1018,1
36,1363,1
37,197,1
37,285,1
37,341,1
37,526,1
37,787,1
37,840,1
37,1060,1
37,1233,1
37,1263,1
37,1451,1
38,57,1
38,249,1
38,391,1
38,602,1
38,666,1
38,793,1
38,943,1
38,1033,1
38,1046,1
38,1261,1
38,1570,1
40,168,1
40,273,1
40,683,1
40,705,1
40,1007,1
40,1060,1
40,1065,1
40,1221,1
40,1349,1
41,187,1
41,277,1
41,318,1
41,607,1
41,821,1
41,1114,1
42,4,1
42,202,1
42,234,1
42,244,1
42,342,1
42,498,1
42,522,1
42,567,1
42,602,1
42,643,1
42,666,1
42,687,1
42,693,1
42,710,1
42,793,1
42,819,1
42,882,1
42,890,1
42,933,1
42,942,1
42,943,1
42,1002,1
42,1046,1
42,1113,1
42,1201,1
42,1202,1
42,1222,1
42,1238,1
42,1330,1
42,1378,1
42,1383,1
42,1402,1
42,1500,1
42,1584,1
42,1588,1
42,1600,1
42,1614,1
43,160,1
43,207,1
43,313,1
43,327,1
43,367,1
43,383,1
43,392,1
43,485,1
43,518,1
43,574,1
43,596,1
43,616,1
43,637,1
43,649,1
43,747,1
43,820,1
43,856,1
43,867,1
43,942,1
43,946,1
43,953,1
43,993,1
43,1004,1
43,1014,1
43,1032,1
43,1044,1
43,1192,1
43,1289,1
43,1324,1
43,1392,1
43,1479,1
43,1481,1
43,1489,1
43,1492,1
43,1511,1
43,1568,1
43,1630,1
44,456,1
44,623,1
44,729,1
44,739,1
44,1138,1
44,1139,1
44,1406,1
44,1590,1
44,1591,1
47,201,1
47,252,1
47,295,1
47,305,1
47,354,1
47,364,1
47,397,1
47,441,1
47,461,1
47,517,1
47,536,1
47,584,1
47,592,1
47,599,1
47,604,1
47,658,1
47,697,1
47,699,1
47,710,1
47,715,1
47,718,1
47,834,1
47,839,1
47,846,1
47,954,1
47,964,1
47,971,1
47,980,1
47,1005,1
47,1015,1
47,1087,1
47,1098,1
47,1102,1
47,1119,1
47,1177,1
47,1183,1
47,1240,1
47,1250,1
47,1316,1
47,1318,1
47,1360,1
47,1365,1
47,1390,1
47,1397,1
47,1410,1
47,1418,1
47,1487,1
47,1528,1
47,1534,1
47,1552,1
47,1556,1
47,1575,1
47,1587,1
48,118,1
48,281,1
48,674,1
48,795,1
48,883,1
48,977,1
48,1239,1
48,1362,1
48,1470,1
48,1502,1
49,128,1
49,233,1
49,783,1
49,1146,1
49,1205,1
49,1345,1
49,1361,1
49,1384,1
49,1465,1
49,1594,1
49,1617,1
50,141,1
50,287,1
50,334,1
50,428,1
50,606,1
50,619,1
50,641,1
50,851,1
50,855,1
50,942,1
50,1459,1
50,1548,1
51,77,1
51,178,1
51,263,1
51,301,1
51,363,1
51,421,1
51,432,1
51,462,1
51,478,1
51,576,1
51,635,1
51,690,1
51,766,1
51,836,1
51,950,1
51,974,1
51,997,1
51,1061,1
51,1170,1
51,1203,1
51,1211,1
51,1264,1
51,1296,1
51,1462,1
51,1611,1
52,310,1
52,559,1
52,703,1
52,1068,1
52,1274,1
53,942,1
53,1469,1
54,914,1
54,932,1
54,1085,1
56,209,1
56,223,1
56,730,1
56,1320,1
56,1423,1
56,1557,1
57,255,1
57,318,1
57,358,1
57,365,1
57,438,1
57,466,1
57,713,1
57,897,1
57,1110,1
57,1164,1
57,1422,1
57,1576,1
58,117,1
58,229,1
58,293,1
58,369,1
58,443,1
58,451,1
58,604,1
58,712,1
58,798,1
58,1021,1
58,1156,1
58,1380,1
58,1516,1
61,359,1
61,493,1
61,816,1
61,901,1
62,351,1
62,402,1
62,833,1
62,910,1
62,1065,1
62,1117,1
62,1149,1
62,1158,1
62,1275,1
62,1449,1
63,117,1
63,630,1
63,802,1
63,931,1
63,1323,1
64,200,1
64,900,1
64,1305,1
65,520,1
65,549,1
65,744,1
65,800,1
65,888,1
65,1086,1
65,1218,1
65,1417,1
67,253,1
67,397,1
67,470,1
67,510,1
67,520,1
67,844,1
67,848,1
67,908,1
67,975,1
67,1126,1
67,1268,1
67,1360,1
67,1452,1
68,254,1
68,678,1
68,892,1
68,1219,1
68,1490,1
68,1505,1
68,1620,1
69,114,1
69,118,1
69,244,1
69,1415,1
70,44,1
70,103,1
70,207,1
70,459,1
70,470,1
70,755,1
70,935,1
70,945,1
70,987,1
70,989,1
70,1124,1
70,1273,1
70,1301,1
70,1419,1
70,1529,1
71,247,1
71,357,1
71,945,1
71,1273,1
72,402,1
72,457,1
72,532,1
72,960,1
72,1452,1
72,1604,1
73,51,1
73,529,1
73,620,1
73,897,1
73,947,1
74,102,1
74,221,1
74,235,1
74,335,1
74,645,1
74,949,1
74,956,1
74,1294,1
74,1523,1
74,1537,1
74,1538,1
74,1545,1
74,1639,1
75,194,1
75,195,1
75,312,1
75,440,1
75,896,1
75,1006,1
75,1471,1
75,1497,1
76,114,1
76,118,1
76,1564,1
77,64,1
77,82,1
77,91,1
77,118,1
77,200,1
77,237,1
77,239,1
77,243,1
77,257,1
77,261,1
77,291,1
77,369,1
77,384,1
77,412,1
77,414,1
77,446,1
77,475,1
77,510,1
77,512,1
77,519,1
77,538,1
77,539,1
77,557,1
77,564,1
77,585,1
77,587,1
77,593,1
77,618,1
77,628,1
77,639,1
77,650,1
77,675,1
77,688,1
77,691,1
77,696,1
77,767,1
77,805,1
77,858,1
77,868,1
77,893,1
77,912,1
77,923,1
77,948,1
77,1000,1
77,1010,1
77,1012,1
77,1021,1
77,1045,1
77,1061,1
77,1067,1
77,1093,1
77,1097,1
77,1153,1
77,1156,1
77,1188,1
77,1191,1
77,1212,1
77,1284,1
77,1293,1
77,1310,1
77,1321,1
77,1332,1
77,1335,1
77,1356,1
77,1385,1
77,1398,1
77,1406,1
77,1455,1
77,1519,1
77,1525,1
77,1526,1
77,1539,1
77,1558,1
77,1579,1
77,1582,1
77,1615,1
77,1616,1
78,93,1
78,1198,1
79,155,1
79,433,1
79,506,1
79,651,1
79,1224,1
79,1414,1
79,1506,1
80,169,1
80,1162,1
81,229,1
81,803,1
81,810,1
81,1357,1
81,1411,1
82,67,1
82,218,1
82,246,1
82,552,1
82,632,1
82,704,1
82,773,1
82,776,1
82,818,1
82,884,1
82,908,1
82,975,1
82,1213,1
82,1270,1
82,1453,1
82,1454,1
82,1626,1
83,2,1
83,31,1
83,33,1
83,41,1
83,71,1
83,98,1
83,100,1
83,128,1
83,138,1
83,149,1
83,152,1
83,155,1
83,183,1
83,195,1
83,205,1
83,216,1
83,219,1
83,224,1
83,227,1
83,229,1
83,251,1
83,253,1
83,260,1
83,265,1
83,267,1
83,269,1
83,275,1
83,279,1
83,283,1
83,286,1
83,289,1
83,291,1
83,292,1
83,330,1
83,336,1
83,341,1
83,342,1
83,347,1
83,349,1
83,353,1
83,357,1
83,362,1
83,368,1
83,371,1
83,376,1
83,387,1
83,393,1
83,410,1
83,417,1
83,423,1
83,426,1
83,430,1
83,437,1
83,446,1
83,453,1
83,463,1
83,464,1
83,466,1
83,472,1
83,473,1
83,489,1
83,492,1
83,502,1
83,504,1
83,505,1
83,509,1
83,510,1
83,523,1
83,533,1
83,539,1
83,540,1
83,541,1
83,544,1
83,554,1
83,560,1
83,564,1
83,568,1
83,589,1
83,591,1
83,598,1
83,601,1
83,613,1
83,615,1
83,627,1
83,656,1
83,659,1
83,661,1
83,663,1
83,684,1
83,691,1
83,694,1
83,696,1
83,698,1
83,722,1
83,724,1
83,728,1
83,731,1
83,735,1
83,765,1
83,767,1
83,770,1
83,774,1
83,777,1
83,778,1
83,781,1
83,783,1
83,792,1
83,807,1
83,810,1
83,811,1
83,813,1
83,817,1
83,822,1
83,827,1
83,838,1
83,843,1
83,849,1
83,850,1
83,859,1
83,862,1
83,871,1
83,880,1
83,885,1
83,889,1
83,891,1
83,894,1
83,895,1
83,934,1
83,938,1
83,948,1
83,952,1
83,963,1
83,965,1
83,978,1
83,984,1
83,996,1
83,1009,1
83,1016,1
83,1042,1
83,1043,1
83,1050,1
83,1055,1
83,1071,1
83,1075,1
83,1077,1
83,1079,1
83,1103,1
83,1106,1
83,1113,1
83,1116,1
83,1130,1
83,1143,1
83,1144,1
83,1153,1
83,1159,1
83,1168,1
83,1171,1
83,1194,1
83,1202,1
83,1204,1
83,1210,1
83,1220,1
83,1229,1
83,1232,1
83,1234,1
83,1235,1
83,1243,1
83,1244,1
83,1245,1
83,1251,1
83,1274,1
83,1277,1
83,1281,1
83,1283,1
83,1287,1
83,1290,1
83,1303,1
83,1306,1
83,1309,1
83,1315,1
83,1325,1
83,1327,1
83,1329,1
83,1331,1
83,1342,1
83,1346,1
83,1348,1
83,1353,1
83,1356,1
83,1367,1
83,1374,1
83,1375,1
83,1376,1
83,1380,1
83,1389,1
83,1398,1
83,1401,1
83,1406,1
83,1412,1
83,1413,1
83,1420,1
83,1427,1
83,1445,1
83,1448,1
83,1460,1
83,1461,1
83,1468,1
83,1477,1
83,1481,1
83,1484,1
83,1489,1
83,1491,1
83,1496,1
83,1504,1
83,1508,1
83,1510,1
83,1515,1
83,1518,1
83,1539,1
83,1542,1
83,1547,1
83,1555,1
83,1557,1
83,1558,1
83,1569,1
83,1578,1
83,1580,1
83,1599,1
83,1600,1
83,1601,1
83,1613,1
83,1623,1
83,1625,1
83,1628,1
83,1632,1
85,112,1
85,238,1
85,835,1
85,854,1
85,862,1
85,897,1
85,1128,1
86,419,1
86,538,1
86,902,1
86,1062,1
86,1183,1
86,1332,1
86,1359,1
87,79,1
87,160,1
87,268,1
87,415,1
87,433,1
87,506,1
87,508,1
87,638,1
87,743,1
87,793,1
87,847,1
87,947,1
87,1107,1
87,1125,1
87,1181,1
87,1224,1
87,1350,1
87,1414,1
89,815,1
89,1090,1
89,1120,1
89,1247,1
90,142,1
90,306,1
90,322,1
90,324,1
90,553,1
90,617,1
90,799,1
90,863,1
90,1133,1
90,1236,1
90,1263,1
90,1291,1
90,1391,1
90,1475,1
90,1633,1
91,219,1
91,340,1
91,355,1
91,360,1
91,405,1
91,422,1
91,430,1
91,435,1
91,507,1
91,527,1
91,553,1
91,737,1
91,779,1
91,810,1
91,864,1
91,983,1
91,991,1
91,1038,1
91,1059,1
91,1120,1
91,1140,1
91,1286,1
91,1295,1
91,1357,1
91,1429,1
91,1524,1
91,1549,1
91,1595,1
91,1606,1
92,916,1
92,1142,1
92,1636,1
93,431,1
93,1549,1
94,198,1
94,199,1
94,220,1
94,234,1
94,241,1
94,306,1
94,374,1
94,401,1
94,458,1
94,469,1
94,551,1
94,844,1
94,995,1
94,1019,1
94,1025,1
94,1051,1
94,1072,1
94,1095,1
94,1105,1
94,1123,1
94,1132,1
94,1155,1
94,1169,1
94,1194,1
94,1217,1
94,1223,1
94,1366,1
94,1430,1
94,1443,1
94,1454,1
95,109,1
95,281,1
95,494,1
95,674,1
95,847,1
95,883,1
95,1115,1
95,1239,1
95,1480,1
96,419,1
96,471,1
96,903,1
96,1017,1
96,1092,1
96,1160,1
96,1175,1
96,1189,1
96,1522,1
96,1566,1
97,15,1
97,439,1
97,530,1
97,709,1
97,762,1
97,1166,1
97,1514,1
98,506,1
98,1040,1
98,1205,1
98,1388,1
98,1396,1
98,1440,1
98,1465,1
98,1533,1
99,5,1
99,115,1
99,185,1
99,211,1
99,220,1
99,263,1
99,370,1
99,474,1
99,516,1
99,588,1
99,603,1
99,605,1
99,644,1
99,672,1
99,773,1
99,779,1
99,791,1
99,832,1
99,841,1
99,901,1
99,955,1
99,1018,1
99,1101,1
99,1164,1
99,1270,1
99,1284,1
99,1288,1
99,1349,1
99,1425,1
99,1523,1
99,1593,1
99,1639,1
100,183,1
100,316,1
100,349,1
100,372,1
100,389,1
100,659,1
100,746,1
100,770,1
100,859,1
100,906,1
100,909,1
100,963,1
100,969,1
100,1071,1
100,1144,1
100,1222,1
100,1342,1
100,1445,1
100,1484,1
100,1554,1
100,1555,1
100,1569,1
101,1188,1
102,886,1
102,1584,1
103,1441,1
104,392,1
104,405,1
104,510,1
104,1246,1
105,543,1
105,784,1
105,1395,1
106,511,1
106,558,1
106,629,1
106,1510,1
106,1622,1
107,826,1
107,1588,1
107,1603,1
107,1610,1
108,210,1
108,444,1
108,483,1
108,607,1
108,797,1
108,945,1
108,1108,1
108,1254,1
108,1405,1
109,100,1
109,107,1
109,177,1
109,180,1
109,196,1
109,217,1
109,228,1
109,243,1
109,275,1
109,276,1
109,316,1
109,331,1
109,376,1
109,378,1
109,389,1
109,393,1
109,420,1
109,454,1
109,505,1
109,526,1
109,565,1
109,566,1
109,598,1
109,628,1
109,631,1
109,653,1
109,681,1
109,746,1
109,752,1
109,753,1
109,765,1
109,780,1
109,813,1
109,868,1
109,876,1
109,906,1
109,909,1
109,917,1
109,958,1
109,963,1
109,968,1
109,969,1
109,1020,1
109,1073,1
109,1082,1
109,1134,1
109,1144,1
109,1155,1
109,1188,1
109,1191,1
109,1192,1
109,1229,1
109,1241,1
109,1247,1
109,1279,1
109,1312,1
109,1328,1
109,1350,1
109,1374,1
109,1387,1
109,1393,1
109,1444,1
109,1448,1
109,1469,1
109,1472,1
109,1494,1
109,1498,1
109,1509,1
109,1512,1
109,1531,1
109,1554,1
109,1585,1
109,1623,1
109,1624,1
109,1631,1
110,314,1
110,380,1
110,547,1
110,828,1
110,1628,1
111,163,1
111,269,1
111,438,1
111,878,1
111,1145,1
111,1292,1
112,299,1
112,1521,1
114,265,1
114,279,1
114,296,1
114,348,1
114,372,1
114,373,1
114,377,1
114,406,1
114,448,1
114,464,1
114,488,1
114,521,1
114,537,1
114,556,1
114,586,1
114,597,1
114,640,1
114,648,1
114,664,1
114,668,1
114,708,1
114,753,1
114,768,1
114,808,1
114,813,1
114,850,1
114,865,1
114,866,1
114,951,1
114,1008,1
114,1026,1
114,1041,1
114,1074,1
114,1078,1
114,1115,1
114,1127,1
114,1136,1
114,1141,1
114,1151,1
114,1152,1
114,1172,1
114,1198,1
114,1222,1
114,1234,1
114,1235,1
114,1237,1
114,1262,1
114,1317,1
114,1339,1
114,1359,1
114,1374,1
114,1393,1
114,1409,1
114,1420,1
114,1427,1
114,1437,1
114,1472,1
114,1480,1
114,1498,1
114,1504,1
114,1512,1
114,1529,1
114,1573,1
114,1635,1
114,1637,1
114,1638,1
115,108,1
115,292,1
115,382,1
115,444,1
115,656,1
115,856,1
115,1280,1
115,1332,1
115,1518,1
116,486,1
116,577,1
116,1094,1
116,1206,1
116,1371,1
116,1495,1
117,442,1
117,584,1
117,789,1
117,791,1
117,853,1
117,1148,1
117,1618,1
118,200,1
118,265,1
118,279,1
118,296,1
118,373,1
118,377,1
118,448,1
118,464,1
118,488,1
118,489,1
118,494,1
118,537,1
118,640,1
118,648,1
118,668,1
118,808,1
118,850,1
118,865,1
118,885,1
118,910,1
118,996,1
118,1078,1
118,1115,1
118,1127,1
118,1136,1
118,1143,1
118,1152,1
118,1172,1
118,1198,1
118,1220,1
118,1222,1
118,1234,1
118,1237,1
118,1262,1
118,1317,1
118,1339,1
118,1359,1
118,1374,1
118,1393,1
118,1409,1
118,1420,1
118,1425,1
118,1427,1
118,1472,1
118,1480,1
118,1504,1
118,1529,1
118,1573,1
118,1635,1
118,1637,1
118,1638,1
119,1,1
119,2,1
119,4,1
119,11,1
119,12,1
119,18,1
119,31,1
119,38,1
119,56,1
119,61,1
119,62,1
119,77,1
119,87,1
119,90,1
119,96,1
119,121,1
119,125,1
119,128,1
119,141,1
119,149,1
119,151,1
119,163,1
119,168,1
119,180,1
119,183,1
119,188,1
119,192,1
119,194,1
119,202,1
119,205,1
119,226,1
119,230,1
119,231,1
119,233,1
119,237,1
119,244,1
119,250,1
119,253,1
119,256,1
119,273,1
119,281,1
119,291,1
119,293,1
119,302,1
119,312,1
119,315,1
119,320,1
119,322,1
119,324,1
119,331,1
119,333,1
119,336,1
119,344,1
119,349,1
119,358,1
119,361,1
119,374,1
119,385,1
395,119,0
405,119,0
411,119,0
419,119,0
428,119,0
442,119,0
444,119,0
446,119,0
456,119,0
467,119,0
471,119,0
477,119,0
481,119,0
491,119,0
493,119,0
494,119,0
495,119,0
500,119,0
503,119,0
505,119,0
515,119,0
528,119,0
531,119,0
532,119,0
538,119,0
539,119,0
541,119,0
546,119,0
553,119,0
570,119,0
578,119,0
587,119,0
593,119,0
596,119,0
600,119,0
602,119,0
609,119,0
611,119,0
614,119,0
626,119,0
630,119,0
639,119,0
641,119,0
642,119,0
647,119,0
652,119,0
655,119,0
658,119,0
659,119,0
669,119,0
674,119,0
675,119,0
676,119,0
677,119,0
683,119,0
685,119,0
687,119,0
693,119,0
696,119,0
701,119,0
705,119,0
711,119,0
713,119,0
714,119,0
721,119,0
723,119,0
727,119,0
729,119,0
730,119,0
738,119,0
739,119,0
754,119,0
756,119,0
764,119,0
769,119,0
783,119,0
788,119,0
789,119,0
794,119,0
802,119,0
807,119,0
812,119,0
816,119,0
823,119,0
826,119,0
827,119,0
830,119,0
835,119,0
844,119,0
847,119,0
848,119,0
853,119,0
854,119,0
855,119,0
857,119,0
859,119,0
860,119,0
861,119,0
868,119,0
877,119,0
879,119,0
886,119,0
893,119,0
897,119,0
898,119,0
900,119,0
901,119,0
903,119,0
912,119,0
920,119,0
927,119,0
928,119,0
929,119,0
932,119,0
944,119,0
947,119,0
950,119,0
953,119,0
957,119,0
959,119,0
960,119,0
962,119,0
966,119,0
970,119,0
979,119,0
984,119,0
986,119,0
988,119,0
990,119,0
1003,119,0
1006,119,0
1007,119,0
1013,119,0
1022,119,0
1023,119,0
1029,119,0
1034,119,0
1040,119,0
1044,119,0
1046,119,0
1065,119,0
1071,119,0
1079,119,0
1080,119,0
1085,119,0
1092,119,0
1100,119,0
1106,119,0
1109,119,0
1110,119,0
1117,119,0
1121,119,0
1138,119,0
1139,119,0
1142,119,0
1146,119,0
1148,119,0
1153,119,0
1158,119,0
1163,119,0
1164,119,0
1169,119,0
1176,119,0
1181,119,0
1185,119,0
1186,119,0
1187,119,0
1189,119,0
1193,119,0
1194,119,0
1196,119,0
1197,119,0
1200,119,0
1202,119,0
1206,119,0
1210,119,0
1220,119,0
1221,119,0
1236,119,0
1238,119,0
1246,119,0
1261,119,0
1262,119,0
1263,119,0
1274,119,0
1277,119,0
1280,119,0
1287,119,0
1291,119,0
1293,119,0
1305,119,0
1310,119,0
1315,119,0
1319,119,0
1320,119,0
1321,119,0
1331,119,0
1332,119,0
1334,119,0
1342,119,0
1350,119,0
1353,119,0
1356,119,0
1363,119,0
1368,119,0
1371,119,0
1382,119,0
1384,119,0
1396,119,0
1398,119,0
1421,119,0
1438,119,0
1442,119,0
1445,119,0
1449,119,0
1452,119,0
1454,119,0
1456,119,0
1457,119,0
1464,119,0
1471,119,0
1477,119,0
1478,119,0
1479,119,0
1491,119,0
1495,119,0
1497,119,0
1500,119,0
1513,119,0
1516,119,0
1517,119,0
1521,119,0
1522,119,0
1526,119,0
1535,119,0
1539,119,0
1543,119,0
1544,119,0
1546,119,0
1548,119,0
1551,119,0
1553,119,0
1558,119,0
1565,119,0
1566,119,0
1568,119,0
1569,119,0
1570,119,0
1582,119,0
1584,119,0
1590,119,0
1591,119,0
1600,119,0
1604,119,0
1607,119,0
1610,119,0
1612,119,0
1616,119,0
1618,119,0
1621,119,0
1629,119,0
1633,119,0
1639,119,0
1640,119,0
1641,119,0
9,120,0
105,120,0
128,120,0
130,120,0
151,120,0
216,120,0
235,120,0
249,120,0
250,120,0
267,120,0
270,120,0
271,120,0
291,120,0
307,120,0
309,120,0
335,120,0
336,120,0
347,120,0
362,120,0
366,120,0
370,120,0
387,120,0
390,120,0
391,120,0
409,120,0
422,120,0
440,120,0
442,120,0
446,120,0
479,120,0
495,120,0
505,120,0
514,120,0
520,120,0
522,120,0
523,120,0
539,120,0
549,120,0
572,120,0
580,120,0
592,120,0
647,120,0
657,120,0
661,120,0
662,120,0
663,120,0
675,120,0
687,120,0
693,120,0
696,120,0
722,120,0
730,120,0
732,120,0
759,120,0
765,120,0
783,120,0
784,120,0
789,120,0
807,120,0
832,120,0
843,120,0
849,120,0
853,120,0
862,120,0
948,120,0
954,120,0
956,120,0
972,120,0
974,120,0
981,120,0
1009,120,0
1013,120,0
1042,120,0
1043,120,0
1047,120,0
1050,120,0
1058,120,0
1064,120,0
1113,120,0
1148,120,0
1152,120,0
1167,120,0
1168,120,0
1200,120,0
1208,120,0
1210,120,0
1214,120,0
1218,120,0
1220,120,0
1231,120,0
1232,120,0
1281,120,0
1288,120,0
1294,120,0
1303,120,0
1309,120,0
1315,120,0
1321,120,0
1341,120,0
1356,120,0
1376,120,0
1378,120,0
1395,120,0
1400,120,0
1401,120,0
1416,120,0
1417,120,0
1476,120,0
1542,120,0
1545,120,0
1557,120,0
1558,120,0
1582,120,0
1584,120,0
1601,120,0
1618,120,0
1619,120,0
1632,120,0
108,121,0
114,121,0
161,121,0
315,121,0
757,121,0
795,121,0
805,121,0
1062,121,0
1112,121,0
1190,121,0
1216,121,0
1280,121,0
1332,121,0
1581,121,0
415,122,0
508,122,0
515,122,0
723,122,0
926,122,0
970,122,0
1107,122,0
620,124,0
682,124,0
805,124,0
1124,124,0
15,125,0
186,125,0
396,125,0
671,125,0
702,125,0
783,125,0
823,125,0
922,125,0
948,125,0
991,125,0
1040,125,0
1049,125,0
1106,125,0
1194,125,0
1265,125,0
1305,125,0
1321,125,0
1356,125,0
1465,125,0
1476,125,0
1558,125,0
1617,125,0
1620,125,0
259,126,0
352,126,0
438,126,0
465,126,0
651,126,0
30,127,0
251,127,0
285,127,0
326,127,0
525,127,0
670,127,0
1258,127,0
1368,127,0
1466,127,0
289,128,0
414,128,0
454,128,0
624,128,0
657,128,0
751,128,0
783,128,0
874,128,0
1040,128,0
1083,128,0
1128,128,0
1202,128,0
1265,128,0
1396,128,0
1440,128,0
1476,128,0
1533,128,0
1571,128,0
1617,128,0
270,129,0
436,129,0
442,129,0
643,129,0
270,130,0
850,130,0
1208,130,0
61,131,0
482,131,0
830,131,0
963,131,0
1082,131,0
1163,131,0
1583,131,0
13,132,0
98,132,0
128,132,0
211,132,0
409,132,0
432,132,0
690,132,0
832,132,0
892,132,0
985,132,0
1288,132,0
1295,132,0
1549,132,0
1597,132,0
14,133,0
84,133,0
152,133,0
400,133,0
425,133,0
513,133,0
914,133,0
998,133,0
1024,133,0
1085,133,0
1352,133,0
1541,133,0
494,134,0
847,134,0
1115,134,0
1239,134,0
1498,134,0
14,135,0
15,135,0
31,135,0
54,135,0
62,135,0
65,135,0
98,135,0
114,135,0
118,135,0
133,135,0
161,135,0
187,135,0
239,135,0
269,135,0
272,135,0
281,135,0
284,135,0
317,135,0
320,135,0
338,135,0
342,135,0
379,135,0
398,135,0
403,135,0
415,135,0
416,135,0
424,135,0
430,135,0
447,135,0
468,135,0
480,135,0
522,135,0
610,135,0
614,135,0
629,135,0
630,135,0
657,135,0
674,135,0
686,135,0
720,135,0
725,135,0
738,135,0
742,135,0
749,135,0
767,135,0
783,135,0
790,135,0
795,135,0
802,135,0
831,135,0
857,135,0
868,135,0
881,135,0
883,135,0
898,135,0
902,135,0
905,135,0
932,135,0
933,135,0
936,135,0
940,135,0
1027,135,0
1085,135,0
1088,135,0
1091,135,0
1111,135,0
1113,135,0
1117,135,0
1118,135,0
1131,135,0
1147,135,0
1149,135,0
1150,135,0
1202,135,0
1207,135,0
1239,135,0
1257,135,0
1260,135,0
1271,135,0
1297,135,0
1299,135,0
1323,135,0
1327,135,0
1348,135,0
1351,135,0
1370,135,0
1372,135,0
1393,135,0
1415,135,0
1449,135,0
1458,135,0
1465,135,0
1472,135,0
1476,135,0
1478,135,0
1483,135,0
1486,135,0
1496,135,0
1499,135,0
1507,135,0
1510,135,0
1550,135,0
1561,135,0
1562,135,0
1563,135,0
1600,135,0
1617,135,0
1,136,0
273,136,0
609,136,0
683,136,0
705,136,0
927,136,0
1007,136,0
1221,136,0
1532,136,0
214,137,0
222,137,0
481,137,0
619,137,0
1080,137,0
1121,137,0
1382,137,0
1457,137,0
1464,137,0
1640,137,0
735,138,0
1613,138,0
675,139,0
711,139,0
858,139,0
900,139,0
959,139,0
988,139,0
1003,139,0
1121,139,0
1393,139,0
1404,139,0
1532,139,0
2,140,0
71,140,0
78,140,0
118,140,0
121,140,0
230,140,0
243,140,0
250,140,0
275,140,0
277,140,0
282,140,0
290,140,0
302,140,0
304,140,0
316,140,0
318,140,0
322,140,0
324,140,0
333,140,0
375,140,0
376,140,0
387,140,0
393,140,0
429,140,0
474,140,0
479,140,0
480,140,0
481,140,0
484,140,0
491,140,0
503,140,0
504,140,0
509,140,0
529,140,0
545,140,0
555,140,0
562,140,0
572,140,0
591,140,0
612,140,0
617,140,0
619,140,0
645,140,0
656,140,0
678,140,0
719,140,0
728,140,0
731,140,0
745,140,0
746,140,0
754,140,0
757,140,0
765,140,0
769,140,0
771,140,0
774,140,0
777,140,0
778,140,0
795,140,0
798,140,0
813,140,0
817,140,0
821,140,0
827,140,0
845,140,0
849,140,0
865,140,0
871,140,0
872,140,0
885,140,0
900,140,0
902,140,0
906,140,0
913,140,0
925,140,0
933,140,0
949,140,0
959,140,0
963,140,0
969,140,0
976,140,0
988,140,0
990,140,0
1003,140,0
1042,140,0
1043,140,0
1056,140,0
1063,140,0
1075,140,0
1080,140,0
1088,140,0
1106,140,0
1121,140,0
1130,140,0
1134,140,0
1144,140,0
1147,140,0
1153,140,0
1154,140,0
1168,140,0
1180,140,0
1186,140,0
1194,140,0
1195,140,0
1201,140,0
1202,140,0
1210,140,0
1219,140,0
1225,140,0
1228,140,0
1229,140,0
1236,140,0
1238,140,0
1251,140,0
1263,140,0
1272,140,0
1277,140,0
1287,140,0
1291,140,0
1295,140,0
1297,140,0
1300,140,0
1314,140,0
1319,140,0
1324,140,0
1326,140,0
1351,140,0
1363,140,0
1374,140,0
1391,140,0
1403,140,0
1420,140,0
1457,140,0
1460,140,0
1464,140,0
1469,140,0
1475,140,0
1481,140,0
1489,140,0
1491,140,0
1505,140,0
1513,140,0
1518,140,0
1535,140,0
1549,140,0
1554,140,0
1580,140,0
1584,140,0
1599,140,0
1601,140,0
1630,140,0
1632,140,0
1633,140,0
1641,140,0
72,141,0
287,141,0
442,141,0
606,141,0
641,141,0
855,141,0
1548,141,0
34,142,0
266,142,0
325,142,0
747,142,0
1084,142,0
1267,142,0
1493,142,0
1560,142,0
243,143,0
279,143,0
428,143,0
489,143,0
550,143,0
569,143,0
628,143,0
693,143,0
726,143,0
744,143,0
895,143,0
941,143,0
965,143,0
1086,143,0
1143,143,0
1188,143,0
1191,143,0
1235,143,0
1434,143,0
355,144,0
809,144,0
434,145,0
475,145,0
676,145,0
857,145,0
1015,146,0
196,148,0
775,148,0
875,148,0
1337,148,0
502,149,0
508,149,0
894,149,0
1196,149,0
1200,149,0
1515,149,0
1547,149,0
337,150,0
760,150,0
829,150,0
1605,150,0
576,151,0
863,151,0
918,151,0
1189,151,0
1561,151,0
657,152,0
771,153,0
845,153,0
1154,153,0
1300,153,0
350,154,0
351,154,0
841,154,0
1063,154,0
253,155,0
311,155,0
538,155,0
587,155,0
807,155,0
1120,155,0
1273,155,0
1284,155,0
1321,155,0
1356,155,0
1523,155,0
1526,155,0
1558,155,0
1572,155,0
3,157,0
294,157,0
382,157,0
490,157,0
695,157,0
750,157,0
1081,157,0
1096,157,0
1135,157,0
1358,157,0
1433,157,0
114,158,0
692,158,0
249,159,0
279,159,0
342,159,0
368,159,0
464,159,0
472,159,0
504,159,0
549,159,0
598,159,0
684,159,0
694,159,0
744,159,0
813,159,0
850,159,0
866,159,0
885,159,0
888,159,0
933,159,0
951,159,0
1008,159,0
1054,159,0
1077,159,0
1143,159,0
1202,159,0
1229,159,0
1234,159,0
1235,159,0
1237,159,0
1247,159,0
1283,159,0
1417,159,0
1420,159,0
1427,159,0
1484,159,0
1490,159,0
1504,159,0
191,160,0
329,160,0
625,160,0
706,160,0
1035,160,0
1248,160,0
1259,160,0
1516,160,0
624,161,0
665,161,0
303,162,0
310,162,0
407,162,0
733,162,0
926,162,0
941,162,0
1061,162,0
1089,162,0
314,163,0
788,163,0
861,163,0
928,163,0
1034,163,0
1197,163,0
1612,163,0
24,164,0
247,164,0
301,164,0
421,164,0
513,164,0
635,164,0
766,164,0
795,164,0
841,164,0
950,164,0
982,164,0
991,164,0
1018,164,0
1203,164,0
1264,164,0
1296,164,0
1363,164,0
1465,164,0
1533,164,0
1617,164,0
269,166,0
278,166,0
445,166,0
814,166,0
1137,166,0
1327,166,0
1348,166,0
1508,166,0
2,167,0
509,167,0
827,167,0
1287,167,0
1491,167,0
1535,167,0
281,168,0
795,168,0
883,168,0
1362,168,0
15,169,0
108,169,0
114,169,0
118,169,0
307,169,0
315,169,0
328,169,0
444,169,0
757,169,0
852,169,0
887,169,0
1011,169,0
1063,169,0
1133,169,0
1228,169,0
1280,169,0
1282,169,0
1377,169,0
1379,169,0
4,170,0
18,170,0
48,170,0
135,170,0
151,170,0
164,170,0
178,170,0
199,170,0
212,170,0
232,170,0
249,170,0
255,170,0
264,170,0
292,170,0
293,170,0
297,170,0
302,170,0
320,170,0
332,170,0
335,170,0
339,170,0
342,170,0
346,170,0
347,170,0
356,170,0
374,170,0
381,170,0
387,170,0
388,170,0
391,170,0
398,170,0
405,170,0
408,170,0
424,170,0
427,170,0
450,170,0
454,170,0
455,170,0
487,170,0
515,170,0
519,170,0
529,170,0
545,170,0
549,170,0
553,170,0
561,170,0
575,170,0
576,170,0
579,170,0
580,170,0
591,170,0
607,170,0
610,170,0
620,170,0
629,170,0
634,170,0
636,170,0
660,170,0
683,170,0
693,170,0
721,170,0
722,170,0
723,170,0
728,170,0
734,170,0
742,170,0
744,170,0
745,170,0
757,170,0
758,170,0
763,170,0
765,170,0
774,170,0
777,170,0
783,170,0
790,170,0
796,170,0
799,170,0
801,170,0
807,170,0
813,170,0
825,170,0
831,170,0
860,170,0
863,170,0
885,170,0
888,170,0
897,170,0
899,170,0
907,170,0
914,170,0
915,170,0
916,170,0
919,170,0
925,170,0
932,170,0
933,170,0
939,170,0
950,170,0
990,170,0
995,170,0
999,170,0
1001,170,0
1023,170,0
1036,170,0
1040,170,0
1043,170,0
1048,170,0
1057,170,0
1066,170,0
1085,170,0
1086,170,0
1094,170,0
1104,170,0
1115,170,0
1120,170,0
1132,170,0
1150,170,0
1169,170,0
1178,170,0
1184,170,0
1199,170,0
1202,170,0
1221,170,0
1229,170,0
1232,170,0
1249,170,0
1269,170,0
1271,170,0
1295,170,0
1313,170,0
1314,170,0
1333,170,0
1338,170,0
1343,170,0
1370,170,0
1372,170,0
1396,170,0
1407,170,0
1417,170,0
1424,170,0
1432,170,0
1435,170,0
1438,170,0
1441,170,0
1454,170,0
1460,170,0
1467,170,0
1478,170,0
1482,170,0
1483,170,0
1509,170,0
1516,170,0
1532,170,0
1543,170,0
1550,170,0
1557,170,0
1562,170,0
1563,170,0
1580,170,0
1592,170,0
1598,170,0
1600,170,0
1601,170,0
1629,170,0
283,172,0
591,172,0
1055,172,0
1238,172,0
321,173,0
1256,173,0
1473,173,0
809,174,0
31,175,0
138,175,0
149,175,0
227,175,0
260,175,0
279,175,0
292,175,0
347,175,0
362,175,0
368,175,0
371,175,0
387,175,0
422,175,0
463,175,0
464,175,0
472,175,0
502,175,0
514,175,0
529,175,0
549,175,0
591,175,0
615,175,0
643,175,0
656,175,0
684,175,0
701,175,0
728,175,0
735,175,0
759,175,0
781,175,0
849,175,0
850,175,0
888,175,0
894,175,0
895,175,0
925,175,0
933,175,0
939,175,0
1008,175,0
1054,175,0
1058,175,0
1077,175,0
1079,175,0
1086,175,0
1116,175,0
1143,175,0
1202,175,0
1229,175,0
1232,175,0
1234,175,0
1237,175,0
1249,175,0
1281,175,0
1309,175,0
1331,175,0
1361,175,0
1367,175,0
1374,175,0
1401,175,0
1413,175,0
1416,175,0
1417,175,0
1427,175,0
1468,175,0
1484,175,0
1504,175,0
1515,175,0
1518,175,0
1557,175,0
1594,175,0
1600,175,0
1613,175,0
1625,175,0
146,176,0
795,176,0
841,176,0
1235,176,0
1296,176,0
792,177,0
1434,177,0
224,178,0
950,178,0
777,179,0
1254,179,0
1537,179,0
1538,179,0
1157,180,0
31,181,0
37,181,0
108,181,0
197,181,0
214,181,0
225,181,0
285,181,0
308,181,0
315,181,0
323,181,0
343,181,0
396,181,0
444,181,0
499,181,0
548,181,0
571,181,0
573,181,0
608,181,0
609,181,0
621,181,0
633,181,0
671,181,0
741,181,0
754,181,0
762,181,0
786,181,0
787,181,0
797,181,0
840,181,0
922,181,0
930,181,0
992,181,0
1027,181,0
1052,181,0
1060,181,0
1062,181,0
1108,181,0
1209,181,0
1227,181,0
1233,181,0
1276,181,0
1302,181,0
1332,181,0
1354,181,0
1364,181,0
1408,181,0
1447,181,0
1474,181,0
1567,181,0
1572,181,0
449,182,0
521,182,0
706,182,0
785,182,0
659,183,0
770,183,0
859,183,0
1071,183,0
1079,183,0
1342,183,0
1445,183,0
1555,183,0
1569,183,0
434,184,0
464,184,0
678,184,0
1537,184,0
820,185,0
833,185,0
1117,185,0
1149,185,0
1158,185,0
54,186,0
71,186,0
229,186,0
262,186,0
297,186,0
304,186,0
379,186,0
381,186,0
398,186,0
424,186,0
480,186,0
482,186,0
511,186,0
607,186,0
610,186,0
614,186,0
629,186,0
630,186,0
643,186,0
669,186,0
736,186,0
758,186,0
761,186,0
790,186,0
795,186,0
802,186,0
810,186,0
824,186,0
831,186,0
872,186,0
881,186,0
902,186,0
913,186,0
921,186,0
924,186,0
931,186,0
981,186,0
1047,186,0
1062,186,0
1088,186,0
1111,186,0
1131,186,0
1150,186,0
1194,186,0
1195,186,0
1225,186,0
1253,186,0
1271,186,0
1297,186,0
1305,186,0
1322,186,0
1323,186,0
1332,186,0
1338,186,0
1351,186,0
1370,186,0
1372,186,0
1403,186,0
1407,186,0
1429,186,0
1441,186,0
1456,186,0
1550,186,0
1560,186,0
1563,186,0
1565,186,0
1577,186,0
1598,186,0
1617,186,0
1641,186,0
764,187,0
824,187,0
873,187,0
937,187,0
1257,187,0
1381,187,0
1447,187,0
1488,187,0
765,188,0
879,188,0
245,190,0
288,190,0
744,190,0
951,190,0
961,190,0
1347,190,0
405,191,0
553,191,0
754,191,0
806,191,0
1248,191,0
1252,191,0
1303,191,0
1139,192,0
1207,192,0
1607,192,0
2,193,0
71,193,0
78,193,0
84,193,0
90,193,0
100,193,0
114,193,0
118,193,0
121,193,0
170,193,0
202,193,0
209,193,0
230,193,0
243,193,0
250,193,0
254,193,0
275,193,0
277,193,0
282,193,0
290,193,0
309,193,0
316,193,0
322,193,0
324,193,0
328,193,0
333,193,0
342,193,0
362,193,0
375,193,0
389,193,0
429,193,0
479,193,0
480,193,0
481,193,0
484,193,0
491,193,0
504,193,0
509,193,0
529,193,0
545,193,0
555,193,0
562,193,0
591,193,0
612,193,0
617,193,0
619,193,0
656,193,0
696,193,0
726,193,0
728,193,0
731,193,0
745,193,0
746,193,0
754,193,0
757,193,0
769,193,0
774,193,0
777,193,0
792,193,0
795,193,0
813,193,0
821,193,0
827,193,0
845,193,0
849,193,0
868,193,0
871,193,0
872,193,0
877,193,0
885,193,0
900,193,0
906,193,0
909,193,0
925,193,0
949,193,0
959,193,0
969,193,0
987,193,0
988,193,0
990,193,0
1009,193,0
1013,193,0
1032,193,0
1042,193,0
1043,193,0
1056,193,0
1062,193,0
1063,193,0
1075,193,0
1088,193,0
1106,193,0
1111,193,0
1121,193,0
1130,193,0
1134,193,0
1137,193,0
1144,193,0
1147,193,0
1153,193,0
1154,193,0
1159,193,0
1168,193,0
1180,193,0
1186,193,0
1193,193,0
1194,193,0
1195,193,0
1202,193,0
1210,193,0
1219,193,0
1228,193,0
1229,193,0
1232,193,0
1236,193,0
1249,193,0
1251,193,0
1272,193,0
1287,193,0
1305,193,0
1309,193,0
1314,193,0
1315,193,0
1324,193,0
1331,193,0
1332,193,0
1341,193,0
1351,193,0
1363,193,0
1369,193,0
1382,193,0
1391,193,0
1403,193,0
1404,193,0
1420,193,0
1457,193,0
1460,193,0
1464,193,0
1469,193,0
1475,193,0
1481,193,0
1490,193,0
1491,193,0
1505,193,0
1513,193,0
1518,193,0
1535,193,0
1549,193,0
1554,193,0
1580,193,0
1585,193,0
1599,193,0
1600,193,0
1601,193,0
1620,193,0
1633,193,0
1641,193,0
35,194,0
466,194,0
835,194,0
854,194,0
1006,194,0
1519,194,0
