0,166,1
0,200,1
0,290,1
0,498,1
0,848,1
0,918,1
0,935,1
0,987,1
0,988,1
0,1124,1
0,1129,1
0,1161,1
0,1301,1
0,1362,1
0,1426,1
1,26,1
1,662,1
1,701,1
1,1069,1
1,1152,1
1,1176,1
1,1220,1
1,1262,1
1,1277,1
1,1352,1
1,1414,1
1,1599,1
2,509,1
2,548,1
2,827,1
2,1251,1
2,1287,1
2,1490,1
2,1491,1
2,1535,1
3,222,1
3,249,1
3,258,1
3,319,1
3,687,1
3,1322,1
3,1340,1
4,116,1
4,234,1
4,819,1
5,495,1
5,1042,1
5,1231,1
5,1400,1
6,326,1
6,1207,1
6,1536,1
7,22,1
7,179,1
7,204,1
7,284,1
7,345,1
7,399,1
7,484,1
7,555,1
7,562,1
7,581,1
7,590,1
7,772,1
7,776,1
7,778,1
7,822,1
7,842,1
7,936,1
7,940,1
7,973,1
7,1122,1
7,1159,1
7,1180,1
7,1394,1
7,1458,1
7,1503,1
9,210,1
9,298,1
9,497,1
9,994,1
9,1084,1
9,1311,1
10,175,1
10,279,1
10,314,1
10,316,1
10,318,1
10,381,1
10,389,1
10,390,1
10,437,1
10,464,1
10,489,1
10,516,1
10,529,1
10,642,1
10,683,1
10,698,1
10,705,1
10,746,1
10,828,1
10,866,1
10,895,1
10,906,1
10,925,1
10,951,1
10,969,1
10,981,1
10,996,1
10,1008,1
10,1022,1
10,1028,1
10,1047,1
10,1054,1
10,1134,1
10,1143,1
10,1221,1
10,1226,1
10,1234,1
10,1235,1
10,1237,1
10,1427,1
10,1469,1
10,1504,1
10,1532,1
10,1553,1
10,1554,1
10,1560,1
10,1580,1
10,1628,1
11,77,1
11,243,1
11,319,1
11,460,1
11,475,1
11,496,1
11,628,1
11,632,1
11,680,1
11,716,1
11,726,1
11,745,1
11,805,1
11,836,1
11,858,1
11,1188,1
11,1191,1
11,1204,1
11,1213,1
11,1225,1
11,1242,1
11,1585,1
12,22,1
12,34,1
12,211,1
12,241,1
12,242,1
12,300,1
12,370,1
12,386,1
12,404,1
12,409,1
12,431,1
12,458,1
12,490,1
12,583,1
12,644,1
12,645,1
12,654,1
12,673,1
12,721,1
12,748,1
12,749,1
12,753,1
12,804,1
12,832,1
12,869,1
12,930,1
12,976,1
12,1095,1
12,1123,1
12,1180,1
12,1260,1
12,1266,1
12,1288,1
12,1314,1
12,1326,1
12,1349,1
12,1355,1
12,1366,1
12,1373,1
12,1443,1
12,1463,1
12,1517,1
12,1527,1
12,1543,1
12,1571,1
12,1589,1
12,1609,1
12,1642,1
13,65,1
13,294,1
13,349,1
13,488,1
13,747,1
13,1597,1
14,215,1
14,289,1
14,914,1
14,932,1
14,1085,1
14,1401,1
15,108,1
15,114,1
15,118,1
15,307,1
15,315,1
15,328,1
15,444,1
15,525,1
15,686,1
15,757,1
15,824,1
15,852,1
15,887,1
15,1011,1
15,1063,1
15,1133,1
15,1228,1
15,1240,1
15,1280,1
15,1282,1
15,1367,1
15,1377,1
15,1379,1
15,1439,1
15,1608,1
16,236,1
16,455,1
17,103,1
18,309,1
18,479,1
18,572,1
18,614,1
18,732,1
18,1112,1
18,1272,1
18,1369,1
19,135,1
19,844,1
19,860,1
19,1170,1
20,17,1
20,475,1
20,612,1
20,829,1
20,1446,1
20,1606,1
21,252,1
21,333,1
21,375,1
21,513,1
21,1251,1
22,399,1
22,555,1
22,776,1
22,822,1
22,973,1
22,1106,1
22,1122,1
22,1159,1
22,1220,1
22,1503,1
23,214,1
23,483,1
23,761,1
23,1255,1
23,1436,1
23,1596,1
24,1029,1
24,1181,1
24,1453,1
25,329,1
25,500,1
25,543,1
25,622,1
25,646,1
25,740,1
25,1298,1
25,1603,1
26,56,1
27,364,1
27,802,1
27,887,1
27,1182,1
27,1249,1
27,1431,1
29,394,1
29,689,1
29,1122,1
29,1307,1
30,125,1
30,454,1
30,823,1
30,1167,1
30,1368,1
31,205,1
31,250,1
31,423,1
31,554,1
31,729,1
31,1013,1
31,1168,1
31,1210,1
31,1308,1
31,1315,1
31,1335,1
31,1341,1
31,1353,1
32,16,1
32,841,1
32,1248,1
32,1296,1
33,240,1
33,874,1
33,886,1
33,1157,1
33,1187,1
33,1342,1
34,89,1
34,226,1
34,501,1
34,563,1
34,794,1
34,815,1
34,931,1
34,1106,1
34,1194,1
34,1305,1
34,1323,1
34,1565,1
34,1606,1
35,78,1
35,319,1
35,442,1
35,647,1
35,746,1
35,789,1
35,853,1
35,1148,1
35,1618,1
36,164,1
36,178,1
36,247,1
36,248,1
36,263,1
36,301,1
36,421,1
36,542,1
36,635,1
36,795,1
36,815,1
36,841,1
36,950,1
36,955,1
36,974,1
36,1018,1
36,1363,1
37,197,1
37,285,1
37,341,1
37,526,1
37,787,1
37,840,1
37,1060,1
37,1233,1
37,1263,1
37,1451,1
38,57,1
38,249,1
38,391,1
38,602,1
38,666,1
38,793,1
38,943,1
38,1033,1
38,1046,1
38,1261,1
38,1570,1
40,168,1
40,273,1
40,683,1
40,705,1
40,1007,1
40,1060,1
40,1065,1
40,1221,1
40,1349,1
41,187,1
41,277,1
41,318,1
41,607,1
41,821,1
41,1114,1
42,4,1
42,202,1
42,234,1
42,244,1
42,342,1
42,498,1
42,522,1
42,567,1
42,602,1
42,643,1
42,666,1
42,687,1
42,693,1
42,710,1
42,793,1
42,819,1
42,882,1
42,890,1
42,933,1
42,942,1
42,943,1
42,1002,1
42,1046,1
42,1113,1
42,1201,1
42,1202,1
42,1222,1
42,1238,1
42,1330,1
42,1378,1
42,1383,1
42,1402,1
42,1500,1
42,1584,1
42,1588,1
42,1600,1
42,1614,1
43,160,1
43,207,1
43,313,1
43,327,1
43,367,1
43,383,1
43,392,1
43,485,1
43,518,1
43,574,1
43,596,1
43,616,1
43,637,1
43,649,1
43,747,1
43,820,1
43,856,1
43,867,1
43,942,1
43,946,1
43,953,1
43,993,1
43,1004,1
43,1014,1
43,1032,1
43,1044,1
43,1192,1
43,1289,1
43,1324,1
43,1392,1
43,1479,1
43,1481,1
43,1489,1
43,1492,1
43,1511,1
43,1568,1
43,1630,1
44,456,1
44,623,1
44,729,1
44,739,1
44,1138,1
44,1139,1
44,1406,1
44,1590,1
44,1591,1
47,201,1
47,252,1
47,295,1
47,305,1
47,354,1
47,364,1
47,397,1
47,441,1
47,461,1
47,517,1
47,536,1
47,584,1
47,592,1
47,599,1
47,604,1
47,658,1
47,697,1
47,699,1
47,710,1
47,715,1
47,718,1
47,834,1
47,839,1
47,846,1
47,954,1
47,964,1
47,971,1
47,980,1
47,1005,1
47,1015,1
47,1087,1
47,1098,1
47,1102,1
47,1119,1
47,1177,1
47,1183,1
47,1240,1
47,1250,1
47,1316,1
47,1318,1
47,1360,1
47,1365,1
47,1390,1
47,1397,1
47,1410,1
47,1418,1
47,1487,1
47,1528,1
47,1534,1
47,1552,1
47,1556,1
47,1575,1
47,1587,1
48,118,1
48,281,1
48,674,1
48,795,1
48,883,1
48,977,1
48,1239,1
48,1362,1
48,1470,1
48,1502,1
49,128,1
49,233,1
49,783,1
49,1146,1
49,1205,1
49,1345,1
49,1361,1
49,1384,1
49,1465,1
49,1594,1
49,1617,1
50,141,1
50,287,1
50,334,1
50,428,1
50,606,1
50,619,1
50,641,1
50,851,1
50,855,1
50,942,1
50,1459,1
50,1548,1
51,77,1
51,178,1
51,263,1
51,301,1
51,363,1
51,421,1
51,432,1
51,462,1
51,478,1
51,576,1
51,635,1
51,690,1
51,766,1
51,836,1
51,950,1
51,974,1
51,997,1
51,1061,1
51,1170,1
51,1203,1
51,1211,1
51,1264,1
51,1296,1
51,1462,1
51,1611,1
52,310,1
52,559,1
52,703,1
52,1068,1
52,1274,1
53,942,1
53,1469,1
54,914,1
54,932,1
54,1085,1
56,209,1
56,223,1
56,730,1
56,1320,1
56,1423,1
56,1557,1
57,255,1
57,318,1
57,358,1
57,365,1
57,438,1
57,466,1
57,713,1
57,897,1
57,1110,1
57,1164,1
57,1422,1
57,1576,1
58,117,1
58,229,1
58,293,1
58,369,1
58,443,1
58,451,1
58,604,1
58,712,1
58,798,1
58,1021,1
58,1156,1
58,1380,1
58,1516,1
61,359,1
61,493,1
61,816,1
61,901,1
62,185,1
62,351,1
62,402,1
62,833,1
62,910,1
62,1065,1
62,1117,1
62,1149,1
62,1158,1
62,1275,1
62,1449,1
63,117,1
63,630,1
63,802,1
63,931,1
63,1323,1
64,200,1
64,900,1
64,1305,1
65,520,1
65,549,1
65,744,1
65,800,1
65,888,1
65,1086,1
65,1218,1
65,1417,1
67,253,1
67,397,1
67,470,1
67,510,1
67,520,1
67,844,1
67,848,1
67,908,1
67,975,1
67,1126,1
67,1268,1
67,1360,1
67,1452,1
68,254,1
68,678,1
68,892,1
68,1219,1
68,1490,1
68,1505,1
68,1620,1
69,114,1
69,118,1
69,244,1
69,1415,1
70,44,1
70,103,1
70,207,1
70,459,1
70,470,1
70,755,1
70,935,1
70,945,1
70,987,1
70,989,1
70,1124,1
70,1273,1
70,1301,1
70,1419,1
70,1529,1
71,247,1
71,357,1
71,945,1
71,1273,1
72,402,1
72,457,1
72,532,1
72,960,1
72,1452,1
72,1604,1
73,51,1
73,529,1
73,620,1
73,897,1
73,947,1
74,102,1
74,221,1
74,235,1
74,335,1
74,645,1
74,949,1
74,956,1
74,1294,1
74,1523,1
74,1537,1
74,1538,1
74,1545,1
74,1639,1
75,194,1
75,195,1
75,312,1
75,440,1
75,896,1
75,1006,1
75,1471,1
75,1497,1
76,114,1
76,118,1
76,1564,1
77,64,1
77,82,1
77,91,1
77,118,1
77,200,1
77,237,1
77,239,1
77,243,1
77,257,1
77,261,1
77,291,1
77,369,1
77,384,1
77,412,1
77,414,1
77,446,1
77,475,1
77,510,1
77,512,1
77,519,1
77,538,1
77,539,1
77,557,1
77,564,1
77,585,1
77,587,1
77,593,1
77,618,1
77,628,1
77,639,1
77,650,1
77,675,1
77,688,1
77,691,1
77,696,1
77,767,1
77,805,1
77,858,1
77,868,1
77,893,1
77,912,1
77,923,1
77,948,1
77,1000,1
77,1010,1
77,1012,1
77,1021,1
77,1045,1
77,1061,1
77,1067,1
77,1093,1
77,1097,1
77,1153,1
77,1156,1
77,1188,1
77,1191,1
77,1212,1
77,1284,1
77,1293,1
77,1310,1
77,1321,1
77,1332,1
77,1335,1
77,1356,1
77,1385,1
77,1398,1
77,1406,1
77,1455,1
77,1519,1
77,1525,1
77,1526,1
77,1539,1
77,1558,1
77,1579,1
77,1582,1
77,1615,1
77,1616,1
78,84,1
78,93,1
78,1198,1
79,155,1
79,433,1
79,506,1
79,651,1
79,1224,1
79,1414,1
79,1506,1
80,169,1
80,1162,1
81,229,1
81,803,1
81,810,1
81,1357,1
81,1411,1
82,67,1
82,218,1
82,246,1
82,552,1
82,632,1
82,704,1
82,773,1
82,776,1
82,818,1
82,884,1
82,908,1
82,975,1
82,1213,1
82,1270,1
82,1453,1
82,1454,1
82,1626,1
83,2,1
83,31,1
83,33,1
83,41,1
83,71,1
83,98,1
83,100,1
83,120,1
83,128,1
83,138,1
83,149,1
83,152,1
83,155,1
83,183,1
83,195,1
83,205,1
83,216,1
83,219,1
83,224,1
83,227,1
83,229,1
83,251,1
83,253,1
83,260,1
83,265,1
83,267,1
83,269,1
83,275,1
83,279,1
83,283,1
83,286,1
83,289,1
83,291,1
83,292,1
83,330,1
83,336,1
83,341,1
83,342,1
83,347,1
83,349,1
83,353,1
83,357,1
83,362,1
83,368,1
83,371,1
83,376,1
83,387,1
83,393,1
83,410,1
83,417,1
83,423,1
83,426,1
83,430,1
83,437,1
83,446,1
83,453,1
83,463,1
83,464,1
83,466,1
83,472,1
83,473,1
83,489,1
83,492,1
83,502,1
83,504,1
83,505,1
83,509,1
83,510,1
83,523,1
83,533,1
83,539,1
83,540,1
83,541,1
83,544,1
83,554,1
83,560,1
83,564,1
83,568,1
83,589,1
83,591,1
83,598,1
83,601,1
83,613,1
83,615,1
83,627,1
83,656,1
83,659,1
83,661,1
83,663,1
83,684,1
83,691,1
83,694,1
83,696,1
83,698,1
83,722,1
83,724,1
83,728,1
83,731,1
83,735,1
83,765,1
83,767,1
83,770,1
83,774,1
83,777,1
83,778,1
83,781,1
83,783,1
83,792,1
83,807,1
83,810,1
83,811,1
83,813,1
83,817,1
83,822,1
83,827,1
83,838,1
83,843,1
83,849,1
83,850,1
83,859,1
83,862,1
83,871,1
83,880,1
83,885,1
83,889,1
83,891,1
83,894,1
83,895,1
83,934,1
83,938,1
83,948,1
83,952,1
83,963,1
83,965,1
83,978,1
83,984,1
83,996,1
83,1009,1
83,1016,1
83,1042,1
83,1043,1
83,1050,1
83,1055,1
83,1071,1
83,1075,1
83,1077,1
83,1079,1
83,1103,1
83,1106,1
83,1113,1
83,1116,1
83,1130,1
83,1143,1
83,1144,1
83,1153,1
83,1159,1
83,1168,1
83,1171,1
83,1194,1
83,1202,1
83,1204,1
83,1210,1
83,1220,1
83,1229,1
83,1232,1
83,1234,1
83,1235,1
83,1243,1
83,1244,1
83,1245,1
83,1251,1
83,1274,1
83,1277,1
83,1281,1
83,1283,1
83,1287,1
83,1290,1
83,1303,1
83,1306,1
83,1309,1
83,1315,1
83,1325,1
83,1327,1
83,1329,1
83,1331,1
83,1342,1
83,1346,1
83,1348,1
83,1353,1
83,1356,1
83,1367,1
83,1374,1
83,1375,1
83,1376,1
83,1380,1
83,1389,1
83,1398,1
83,1401,1
83,1406,1
83,1412,1
83,1413,1
83,1420,1
83,1427,1
83,1445,1
83,1448,1
83,1460,1
83,1461,1
83,1468,1
83,1477,1
83,1481,1
83,1484,1
83,1489,1
83,1491,1
83,1496,1
83,1504,1
83,1508,1
83,1510,1
83,1515,1
83,1518,1
83,1539,1
83,1542,1
83,1547,1
83,1555,1
83,1557,1
83,1558,1
83,1569,1
83,1578,1
83,1580,1
83,1599,1
83,1600,1
83,1601,1
83,1613,1
83,1623,1
83,1625,1
83,1628,1
83,1632,1
85,112,1
85,238,1
85,835,1
85,854,1
85,862,1
85,897,1
85,1128,1
86,419,1
86,538,1
86,902,1
86,1062,1
86,1183,1
86,1332,1
86,1359,1
87,79,1
87,160,1
87,268,1
87,415,1
87,433,1
87,506,1
87,508,1
87,638,1
87,743,1
87,793,1
87,847,1
87,947,1
87,1107,1
87,1125,1
87,1181,1
87,1224,1
87,1350,1
87,1414,1
89,815,1
89,1090,1
89,1120,1
89,1247,1
90,142,1
90,306,1
90,322,1
90,324,1
90,553,1
90,617,1
90,799,1
90,863,1
90,1133,1
90,1236,1
90,1263,1
90,1291,1
90,1391,1
90,1475,1
90,1633,1
91,219,1
91,340,1
91,355,1
91,360,1
91,405,1
91,422,1
91,430,1
91,435,1
91,507,1
91,527,1
91,553,1
91,737,1
91,779,1
91,810,1
91,864,1
91,983,1
91,991,1
91,1038,1
91,1059,1
91,1120,1
91,1140,1
91,1286,1
91,1295,1
91,1357,1
91,1429,1
91,1524,1
91,1549,1
91,1595,1
91,1606,1
92,916,1
92,1142,1
92,1636,1
93,431,1
93,1549,1
94,198,1
94,199,1
94,220,1
94,234,1
94,241,1
94,306,1
94,374,1
94,401,1
94,458,1
94,469,1
94,551,1
94,844,1
94,995,1
94,1019,1
94,1025,1
94,1051,1
94,1072,1
94,1095,1
94,1105,1
94,1123,1
94,1132,1
94,1155,1
94,1169,1
94,1194,1
94,1217,1
94,1223,1
94,1366,1
94,1430,1
94,1443,1
94,1454,1
95,109,1
95,134,1
95,281,1
95,494,1
95,674,1
95,847,1
95,883,1
95,1115,1
95,1239,1
95,1480,1
96,419,1
96,471,1
96,903,1
96,1017,1
96,1092,1
96,1160,1
96,1175,1
96,1189,1
96,1522,1
96,1566,1
97,15,1
97,439,1
97,530,1
97,709,1
97,762,1
97,1166,1
97,1514,1
98,128,1
98,506,1
98,1040,1
98,1205,1
98,1388,1
98,1396,1
98,1440,1
98,1465,1
98,1533,1
99,5,1
99,115,1
99,185,1
99,211,1
99,220,1
99,263,1
99,370,1
99,474,1
99,516,1
99,588,1
99,603,1
99,605,1
99,644,1
99,672,1
99,773,1
99,779,1
99,791,1
99,832,1
99,841,1
99,901,1
99,955,1
99,1018,1
99,1101,1
99,1164,1
99,1270,1
99,1284,1
99,1288,1
99,1349,1
99,1425,1
99,1523,1
99,1593,1
99,1639,1
100,183,1
100,316,1
100,349,1
100,372,1
100,389,1
100,659,1
100,746,1
100,770,1
100,859,1
100,906,1
100,909,1
100,963,1
100,969,1
100,1071,1
100,1144,1
100,1222,1
100,1342,1
100,1445,1
100,1484,1
100,1554,1
100,1555,1
100,1569,1
101,172,1
101,1188,1
102,886,1
102,1584,1
103,1441,1
104,392,1
104,405,1
104,510,1
104,1246,1
105,543,1
105,784,1
105,1395,1
106,511,1
106,558,1
106,629,1
106,1510,1
106,1622,1
107,826,1
107,1588,1
107,1603,1
107,1610,1
108,210,1
108,444,1
108,483,1
108,607,1
108,797,1
108,945,1
108,1108,1
108,1254,1
108,1405,1
109,100,1
109,107,1
109,177,1
109,180,1
109,196,1
109,217,1
109,228,1
109,243,1
109,275,1
109,276,1
109,316,1
109,331,1
109,376,1
109,378,1
109,389,1
109,393,1
109,420,1
109,454,1
109,505,1
109,526,1
109,565,1
109,566,1
109,598,1
109,628,1
109,631,1
109,653,1
109,681,1
109,746,1
109,752,1
109,753,1
109,765,1
109,780,1
109,813,1
109,868,1
109,876,1
109,906,1
109,909,1
109,917,1
109,958,1
109,963,1
109,968,1
109,969,1
109,1020,1
109,1073,1
109,1082,1
109,1134,1
109,1144,1
109,1155,1
109,1188,1
109,1191,1
109,1192,1
109,1229,1
109,1241,1
109,1247,1
109,1279,1
109,1312,1
109,1328,1
109,1350,1
109,1374,1
109,1387,1
109,1393,1
109,1444,1
109,1448,1
109,1469,1
109,1472,1
109,1494,1
109,1498,1
109,1509,1
109,1512,1
109,1531,1
109,1554,1
109,1585,1
109,1623,1
109,1624,1
109,1631,1
110,314,1
110,380,1
110,547,1
110,828,1
110,1628,1
111,163,1
111,269,1
111,438,1
111,878,1
111,1145,1
111,1292,1
112,299,1
112,1521,1
114,265,1
114,279,1
114,296,1
114,348,1
114,372,1
114,373,1
114,377,1
114,406,1
114,448,1
114,464,1
114,488,1
114,521,1
114,537,1
114,556,1
114,586,1
114,597,1
114,640,1
114,648,1
114,664,1
114,668,1
114,708,1
114,753,1
114,768,1
114,808,1
114,813,1
114,850,1
114,865,1
114,866,1
114,951,1
114,1008,1
114,1026,1
114,1041,1
114,1074,1
114,1078,1
114,1115,1
114,1127,1
114,1136,1
114,1141,1
114,1151,1
114,1152,1
114,1172,1
114,1198,1
114,1222,1
114,1234,1
114,1235,1
114,1237,1
114,1262,1
114,1317,1
114,1339,1
114,1359,1
114,1374,1
114,1393,1
114,1409,1
114,1420,1
114,1427,1
114,1437,1
114,1472,1
114,1480,1
114,1498,1
114,1504,1
114,1512,1
114,1529,1
114,1573,1
114,1635,1
114,1637,1
114,1638,1
115,108,1
115,292,1
115,382,1
115,444,1
115,656,1
115,856,1
115,1280,1
115,1332,1
115,1518,1
116,486,1
116,577,1
116,1094,1
116,1206,1
116,1371,1
116,1495,1
117,442,1
117,584,1
117,789,1
117,791,1
117,853,1
117,1148,1
117,1618,1
118,200,1
118,265,1
118,279,1
118,296,1
118,373,1
118,377,1
118,448,1
118,464,1
118,488,1
118,489,1
118,494,1
118,537,1
118,640,1
118,648,1
118,668,1
118,808,1
118,850,1
118,865,1
118,885,1
118,910,1
118,996,1
118,1078,1
118,1115,1
118,1127,1
118,1136,1
118,1143,1
118,1152,1
118,1172,1
118,1198,1
118,1220,1
118,1222,1
118,1234,1
118,1237,1
118,1262,1
118,1317,1
118,1339,1
118,1359,1
118,1374,1
118,1393,1
118,1409,1
118,1420,1
118,1425,1
118,1427,1
118,1472,1
118,1480,1
118,1504,1
118,1529,1
118,1573,1
118,1635,1
118,1637,1
118,1638,1
119,1,1
119,2,1
119,4,1
119,11,1
119,12,1
119,18,1
119,31,1
119,38,1
119,56,1
119,61,1
119,62,1
119,77,1
119,87,1
119,90,1
119,96,1
119,121,1
119,125,1
119,128,1
119,141,1
119,149,1
119,151,1
119,163,1
119,168,1
119,170,1
119,180,1
119,183,1
119,188,1
119,192,1
119,194,1
119,202,1
119,205,1
119,226,1
119,230,1
119,231,1
119,233,1
119,237,1
119,244,1
119,250,1
119,253,1
119,256,1
119,273,1
119,281,1
119,291,1
119,293,1
119,302,1
119,312,1
119,315,1
119,320,1
119,322,1
119,324,1
119,331,1
119,333,1
119,336,1
119,344,1
119,349,1
119,358,1
119,361,1
119,374,1
119,385,1
119,395,1
119,405,1
119,411,1
119,419,1
119,428,1
119,442,1
119,444,1
119,446,1
119,456,1
119,467,1
119,471,1
119,477,1
119,481,1
119,491,1
119,493,1
119,494,1
119,495,1
119,500,1
119,503,1
119,505,1
119,515,1
119,528,1
119,531,1
119,532,1
119,538,1
119,539,1
119,541,1
119,546,1
119,553,1
119,570,1
119,578,1
119,587,1
119,593,1
119,596,1
119,600,1
119,602,1
119,609,1
119,611,1
119,614,1
119,626,1
119,630,1
119,639,1
119,641,1
119,642,1
119,647,1
119,652,1
119,655,1
119,658,1
119,659,1
119,669,1
119,674,1
119,675,1
119,676,1
119,677,1
119,683,1
119,685,1
119,687,1
119,693,1
119,696,1
119,701,1
119,705,1
119,711,1
119,713,1
119,714,1
119,721,1
119,723,1
119,727,1
119,729,1
119,730,1
119,738,1
119,739,1
119,754,1
119,756,1
119,764,1
119,769,1
119,783,1
119,788,1
119,789,1
119,794,1
119,802,1
119,807,1
119,812,1
119,816,1
119,823,1
119,826,1
119,827,1
119,830,1
119,835,1
119,844,1
119,847,1
119,848,1
119,853,1
119,854,1
119,855,1
119,857,1
119,859,1
119,860,1
119,861,1
119,868,1
119,877,1
119,879,1
119,886,1
119,893,1
119,897,1
119,898,1
119,900,1
119,901,1
119,903,1
119,912,1
119,920,1
119,927,1
119,928,1
119,929,1
119,932,1
119,944,1
119,947,1
119,950,1
119,953,1
119,957,1
119,959,1
119,960,1
119,962,1
119,966,1
119,970,1
119,979,1
119,984,1
119,986,1
119,988,1
119,990,1
119,1003,1
119,1006,1
119,1007,1
119,1013,1
119,1022,1
119,1023,1
119,1029,1
119,1034,1
119,1040,1
119,1044,1
119,1046,1
119,1065,1
119,1071,1
119,1079,1
119,1080,1
119,1085,1
119,1092,1
119,1100,1
119,1106,1
119,1109,1
119,1110,1
119,1117,1
119,1121,1
119,1138,1
119,1139,1
119,1142,1
119,1146,1
119,1148,1
119,1153,1
119,1158,1
119,1163,1
119,1164,1
119,1169,1
119,1176,1
119,1181,1
119,1185,1
119,1186,1
119,1187,1
119,1189,1
119,1193,1
119,1194,1
119,1196,1
119,1197,1
119,1200,1
119,1202,1
119,1206,1
119,1210,1
119,1220,1
119,1221,1
119,1236,1
119,1238,1
119,1246,1
119,1261,1
119,1262,1
119,1263,1
119,1274,1
119,1277,1
119,1280,1
119,1287,1
119,1291,1
119,1293,1
119,1305,1
119,1310,1
119,1315,1
119,1319,1
119,1320,1
119,1321,1
119,1331,1
119,1332,1
119,1334,1
119,1342,1
119,1350,1
119,1353,1
119,1356,1
119,1363,1
119,1368,1
119,1371,1
119,1382,1
119,1384,1
119,1396,1
119,1398,1
119,1421,1
119,1438,1
119,1442,1
119,1445,1
119,1449,1
119,1452,1
119,1454,1
119,1456,1
119,1457,1
119,1464,1
119,1471,1
119,1477,1
119,1478,1
119,1479,1
119,1491,1
119,1495,1
119,1497,1
119,1500,1
119,1513,1
119,1516,1
119,1517,1
119,1521,1
119,1522,1
119,1526,1
119,1535,1
119,1539,1
119,1543,1
119,1544,1
119,1546,1
119,1548,1
119,1551,1
119,1553,1
119,1558,1
119,1565,1
119,1566,1
119,1568,1
119,1569,1
119,1570,1
119,1582,1
119,1584,1
119,1590,1
119,1591,1
119,1600,1
119,1604,1
119,1607,1
119,1610,1
119,1612,1
119,1616,1
119,1618,1
119,1621,1
119,1629,1
119,1633,1
119,1639,1
119,1640,1
119,1641,1
120,9,1
120,105,1
120,128,1
120,130,1
120,151,1
120,216,1
120,235,1
120,249,1
120,250,1
120,267,1
120,270,1
120,271,1
120,291,1
120,307,1
120,309,1
120,335,1
120,336,1
120,347,1
120,362,1
120,366,1
120,370,1
120,387,1
120,390,1
120,391,1
120,409,1
120,422,1
120,440,1
120,442,1
120,446,1
120,479,1
120,495,1
120,505,1
120,514,1
120,520,1
120,522,1
120,523,1
120,539,1
120,549,1
120,572,1
120,580,1
120,592,1
120,647,1
120,657,1
120,661,1
120,662,1
120,663,1
120,675,1
120,687,1
120,693,1
120,696,1
120,722,1
120,730,1
120,732,1
120,759,1
120,765,1
120,783,1
120,784,1
120,789,1
120,807,1
120,832,1
120,843,1
120,849,1
120,853,1
120,862,1
120,948,1
120,954,1
120,956,1
120,972,1
120,974,1
120,981,1
120,1009,1
120,1013,1
120,1042,1
120,1043,1
120,1047,1
120,1050,1
120,1058,1
120,1064,1
120,1113,1
120,1148,1
120,1152,1
120,1167,1
120,1168,1
120,1200,1
120,1208,1
120,1210,1
120,1214,1
120,1218,1
120,1220,1
120,1231,1
120,1232,1
120,1281,1
120,1288,1
120,1294,1
120,1303,1
120,1309,1
120,1315,1
120,1321,1
120,1341,1
120,1356,1
120,1376,1
120,1378,1
120,1395,1
120,1400,1
120,1401,1
120,1416,1
120,1417,1
120,1476,1
120,1542,1
120,1545,1
120,1557,1
120,1558,1
120,1582,1
120,1584,1
120,1601,1
120,1618,1
120,1619,1
120,1632,1
121,108,1
121,114,1
121,161,1
121,315,1
121,757,1
121,795,1
121,805,1
121,1062,1
121,1112,1
121,1190,1
121,1216,1
121,1280,1
121,1332,1
121,1581,1
122,415,1
122,508,1
122,515,1
122,723,1
122,926,1
122,970,1
122,1107,1
124,620,1
124,682,1
124,805,1
124,1124,1
125,15,1
125,128,1
125,186,1
125,396,1
125,671,1
125,702,1
125,783,1
125,823,1
125,922,1
125,948,1
125,991,1
125,1040,1
125,1049,1
125,1106,1
125,1194,1
125,1265,1
125,1305,1
125,1321,1
125,1356,1
125,1465,1
125,1476,1
125,1558,1
125,1617,1
125,1620,1
126,259,1
126,352,1
126,438,1
126,465,1
126,651,1
127,30,1
127,251,1
127,285,1
127,326,1
127,525,1
127,670,1
127,1258,1
127,1368,1
127,1466,1
128,289,1
128,414,1
128,454,1
128,624,1
128,657,1
128,751,1
128,783,1
128,874,1
128,1040,1
128,1083,1
128,1128,1
128,1202,1
128,1265,1
128,1396,1
128,1440,1
128,1476,1
128,1533,1
128,1571,1
128,1617,1
129,270,1
129,436,1
129,442,1
129,643,1
130,270,1
130,850,1
130,1208,1
131,61,1
131,482,1
131,830,1
131,963,1
131,1082,1
131,1163,1
131,1583,1
132,13,1
132,98,1
132,128,1
132,211,1
132,409,1
132,432,1
132,690,1
132,832,1
132,892,1
132,985,1
132,1288,1
132,1295,1
132,1549,1
132,1597,1
133,14,1
133,84,1
133,152,1
133,400,1
133,425,1
133,513,1
133,914,1
133,998,1
133,1024,1
133,1085,1
133,1352,1
133,1541,1
134,494,1
134,847,1
134,1115,1
134,1239,1
134,1498,1
135,14,1
135,15,1
135,31,1
135,54,1
135,62,1
135,65,1
135,98,1
135,114,1
135,118,1
135,133,1
135,161,1
135,187,1
135,239,1
135,269,1
135,272,1
135,281,1
135,284,1
135,317,1
135,320,1
135,338,1
135,342,1
135,379,1
135,398,1
135,403,1
135,415,1
135,416,1
135,424,1
135,430,1
135,447,1
135,468,1
135,480,1
135,522,1
135,610,1
135,614,1
135,629,1
135,630,1
135,657,1
135,674,1
135,686,1
135,720,1
135,725,1
135,738,1
135,742,1
135,749,1
135,767,1
135,783,1
135,790,1
135,795,1
135,802,1
135,831,1
135,857,1
135,868,1
135,881,1
135,883,1
135,898,1
135,902,1
135,905,1
135,932,1
135,933,1
135,936,1
135,940,1
135,1027,1
135,1085,1
135,1088,1
135,1091,1
135,1111,1
135,1113,1
135,1117,1
135,1118,1
135,1131,1
135,1147,1
135,1149,1
135,1150,1
135,1202,1
135,1207,1
135,1239,1
135,1257,1
135,1260,1
135,1271,1
135,1297,1
135,1299,1
135,1323,1
135,1327,1
135,1348,1
135,1351,1
135,1370,1
135,1372,1
135,1393,1
135,1415,1
135,1449,1
135,1458,1
135,1465,1
135,1472,1
135,1476,1
135,1478,1
135,1483,1
135,1486,1
135,1496,1
135,1499,1
135,1507,1
135,1510,1
135,1550,1
135,1561,1
135,1562,1
135,1563,1
135,1600,1
135,1617,1
136,1,1
136,273,1
136,609,1
136,683,1
136,705,1
136,927,1
136,1007,1
136,1221,1
136,1532,1
137,214,1
137,222,1
137,481,1
137,619,1
137,1080,1
137,1121,1
137,1382,1
137,1457,1
137,1464,1
137,1640,1
138,735,1
138,1613,1
139,675,1
139,711,1
139,858,1
139,900,1
139,959,1
139,988,1
139,1003,1
139,1121,1
139,1393,1
139,1404,1
139,1532,1
140,2,1
140,71,1
140,78,1
140,118,1
140,121,1
140,193,1
140,230,1
140,243,1
140,250,1
140,275,1
140,277,1
140,282,1
140,290,1
140,302,1
140,304,1
140,316,1
140,318,1
140,322,1
140,324,1
140,333,1
140,375,1
140,376,1
140,387,1
140,393,1
140,429,1
140,474,1
140,479,1
140,480,1
140,481,1
140,484,1
140,491,1
140,503,1
140,504,1
140,509,1
140,529,1
140,545,1
140,555,1
140,562,1
140,572,1
140,591,1
140,612,1
140,617,1
140,619,1
140,645,1
140,656,1
140,678,1
140,719,1
140,728,1
140,731,1
140,745,1
140,746,1
140,754,1
140,757,1
140,765,1
140,769,1
140,771,1
140,774,1
140,777,1
140,778,1
140,795,1
140,798,1
140,813,1
140,817,1
140,821,1
140,827,1
140,845,1
140,849,1
140,865,1
140,871,1
140,872,1
140,885,1
140,900,1
140,902,1
140,906,1
140,913,1
140,925,1
140,933,1
140,949,1
140,959,1
140,963,1
140,969,1
140,976,1
140,988,1
140,990,1
140,1003,1
140,1042,1
140,1043,1
140,1056,1
140,1063,1
140,1075,1
140,1080,1
140,1088,1
140,1106,1
140,1121,1
140,1130,1
140,1134,1
140,1144,1
140,1147,1
140,1153,1
140,1154,1
140,1168,1
140,1180,1
140,1186,1
140,1194,1
140,1195,1
140,1201,1
140,1202,1
140,1210,1
140,1219,1
140,1225,1
140,1228,1
140,1229,1
140,1236,1
140,1238,1
140,1251,1
140,1263,1
140,1272,1
140,1277,1
140,1287,1
140,1291,1
140,1295,1
140,1297,1
140,1300,1
140,1314,1
140,1319,1
140,1324,1
140,1326,1
140,1351,1
140,1363,1
140,1374,1
140,1391,1
140,1403,1
140,1420,1
140,1457,1
140,1460,1
140,1464,1
140,1469,1
140,1475,1
140,1481,1
140,1489,1
140,1491,1
140,1505,1
140,1513,1
140,1518,1
140,1535,1
140,1549,1
140,1554,1
140,1580,1
140,1584,1
140,1599,1
140,1601,1
140,1630,1
140,1632,1
140,1633,1
140,1641,1
141,72,1
141,287,1
141,442,1
141,606,1
141,641,1
141,855,1
141,1548,1
142,34,1
142,266,1
142,325,1
142,747,1
142,1084,1
142,1267,1
142,1493,1
142,1560,1
143,243,1
143,279,1
143,428,1
143,489,1
143,550,1
143,569,1
143,628,1
143,693,1
143,726,1
143,744,1
143,895,1
143,941,1
143,965,1
143,1086,1
143,1143,1
143,1188,1
143,1191,1
143,1235,1
143,1434,1
144,174,1
144,355,1
144,809,1
145,434,1
145,475,1
145,676,1
145,857,1
146,1015,1
148,196,1
148,775,1
148,875,1
148,1337,1
149,502,1
149,508,1
149,894,1
149,1196,1
149,1200,1
149,1515,1
149,1547,1
150,337,1
150,760,1
150,829,1
150,1605,1
151,576,1
151,863,1
151,918,1
151,1189,1
151,1561,1
152,657,1
153,771,1
153,845,1
153,1154,1
153,1300,1
154,350,1
154,351,1
154,841,1
154,1063,1
155,253,1
155,311,1
155,538,1
155,587,1
155,807,1
155,1120,1
155,1273,1
155,1284,1
155,1321,1
155,1356,1
155,1523,1
155,1526,1
155,1558,1
155,1572,1
157,3,1
157,294,1
157,382,1
157,490,1
157,695,1
157,750,1
157,1081,1
157,1096,1
157,1135,1
157,1358,1
157,1433,1
158,114,1
158,692,1
159,249,1
159,279,1
159,342,1
159,368,1
159,464,1
159,472,1
159,504,1
159,549,1
159,598,1
159,684,1
159,694,1
159,744,1
159,813,1
159,850,1
159,866,1
159,885,1
159,888,1
159,933,1
159,951,1
159,1008,1
159,1054,1
159,1077,1
159,1143,1
159,1202,1
159,1229,1
159,1234,1
159,1235,1
159,1237,1
159,1247,1
159,1283,1
159,1417,1
159,1420,1
159,1427,1
159,1484,1
159,1490,1
159,1504,1
160,191,1
160,329,1
160,625,1
160,706,1
160,1035,1
160,1248,1
160,1259,1
160,1516,1
161,624,1
161,665,1
162,303,1
162,310,1
162,407,1
162,733,1
162,926,1
162,941,1
162,1061,1
162,1089,1
163,314,1
163,788,1
163,861,1
163,928,1
163,1034,1
163,1197,1
163,1612,1
164,24,1
164,178,1
164,247,1
164,301,1
164,421,1
164,513,1
164,635,1
164,766,1
164,795,1
164,841,1
164,950,1
164,982,1
164,991,1
164,1018,1
164,1203,1
164,1264,1
164,1296,1
164,1363,1
164,1465,1
164,1533,1
164,1617,1
166,269,1
166,278,1
166,445,1
166,814,1
166,1137,1
166,1327,1
166,1348,1
166,1508,1
167,2,1
167,509,1
167,827,1
167,1287,1
167,1491,1
167,1535,1
168,281,1
168,795,1
168,883,1
168,1362,1
169,15,1
169,108,1
169,114,1
169,118,1
169,307,1
169,315,1
169,328,1
169,444,1
169,757,1
169,852,1
169,887,1
169,1011,1
169,1063,1
169,1133,1
169,1228,1
169,1280,1
169,1282,1
169,1377,1
169,1379,1
170,4,1
170,18,1
170,48,1
170,135,1
170,151,1
170,164,1
170,178,1
170,199,1
170,212,1
170,232,1
170,249,1
170,255,1
170,264,1
170,292,1
170,293,1
170,297,1
170,302,1
170,320,1
170,332,1
170,335,1
170,339,1
170,342,1
170,346,1
170,347,1
170,356,1
170,374,1
170,381,1
170,387,1
170,388,1
170,391,1
170,398,1
170,405,1
170,408,1
170,424,1
170,427,1
170,450,1
170,454,1
170,455,1
170,487,1
170,515,1
170,519,1
170,529,1
170,545,1
170,549,1
170,553,1
170,561,1
170,575,1
170,576,1
170,579,1
170,580,1
170,591,1
170,607,1
170,610,1
170,620,1
170,629,1
170,634,1
170,636,1
170,660,1
170,683,1
170,693,1
170,721,1
170,722,1
170,723,1
170,728,1
170,734,1
170,742,1
170,744,1
170,745,1
170,757,1
170,758,1
170,763,1
170,765,1
170,774,1
170,777,1
170,783,1
170,790,1
170,796,1
170,799,1
170,801,1
170,807,1
170,813,1
170,825,1
170,831,1
170,860,1
170,863,1
170,885,1
170,888,1
170,897,1
170,899,1
170,907,1
170,914,1
170,915,1
170,916,1
170,919,1
170,925,1
170,932,1
170,933,1
170,939,1
170,950,1
170,990,1
170,995,1
170,999,1
170,1001,1
170,1023,1
170,1036,1
170,1040,1
170,1043,1
170,1048,1
170,1057,1
170,1066,1
170,1085,1
170,1086,1
170,1094,1
170,1104,1
170,1115,1
170,1120,1
170,1132,1
170,1150,1
170,1169,1
170,1178,1
170,1184,1
170,1199,1
170,1202,1
170,1221,1
170,1229,1
170,1232,1
170,1249,1
170,1269,1
170,1271,1
170,1295,1
170,1313,1
170,1314,1
170,1333,1
170,1338,1
170,1343,1
170,1370,1
170,1372,1
170,1396,1
170,1407,1
170,1417,1
170,1424,1
170,1432,1
170,1435,1
170,1438,1
170,1441,1
170,1454,1
170,1460,1
170,1467,1
170,1478,1
170,1482,1
170,1483,1
170,1509,1
170,1516,1
170,1532,1
170,1543,1
170,1550,1
170,1557,1
170,1562,1
170,1563,1
170,1580,1
170,1592,1
170,1598,1
170,1600,1
170,1601,1
170,1629,1
172,283,1
172,591,1
172,1055,1
172,1238,1
173,321,1
173,1256,1
173,1473,1
174,809,1
175,31,1
175,138,1
175,149,1
175,227,1
175,260,1
175,279,1
175,292,1
175,347,1
175,362,1
175,368,1
175,371,1
175,387,1
175,422,1
175,463,1
175,464,1
175,472,1
175,502,1
175,514,1
175,529,1
175,549,1
175,591,1
175,615,1
175,643,1
175,656,1
175,684,1
175,701,1
175,728,1
175,735,1
175,759,1
175,781,1
175,849,1
175,850,1
175,888,1
175,894,1
175,895,1
175,925,1
175,933,1
175,939,1
175,1008,1
175,1054,1
175,1058,1
175,1077,1
175,1079,1
175,1086,1
175,1116,1
175,1143,1
175,1202,1
175,1229,1
175,1232,1
175,1234,1
175,1237,1
175,1249,1
175,1281,1
175,1309,1
175,1331,1
175,1361,1
175,1367,1
175,1374,1
175,1401,1
175,1413,1
175,1416,1
175,1417,1
175,1427,1
175,1468,1
175,1484,1
175,1504,1
175,1515,1
175,1518,1
175,1557,1
175,1594,1
175,1600,1
175,1613,1
175,1625,1
176,146,1
176,795,1
176,841,1
176,1235,1
176,1296,1
177,792,1
177,1434,1
178,224,1
178,950,1
179,777,1
179,1254,1
179,1537,1
179,1538,1
180,1157,1
181,31,1
181,37,1
181,108,1
181,197,1
181,214,1
181,225,1
181,285,1
181,308,1
181,315,1
181,323,1
181,343,1
181,396,1
181,444,1
181,499,1
181,548,1
181,571,1
181,573,1
181,608,1
181,609,1
181,621,1
181,633,1
181,671,1
181,741,1
181,754,1
181,762,1
181,786,1
181,787,1
181,797,1
181,840,1
181,922,1
181,930,1
181,992,1
181,1027,1
181,1052,1
181,1060,1
181,1062,1
181,1108,1
181,1209,1
181,1227,1
181,1233,1
181,1276,1
181,1302,1
181,1332,1
181,1354,1
181,1364,1
181,1408,1
181,1447,1
181,1474,1
181,1567,1
181,1572,1
182,449,1
182,521,1
182,706,1
182,785,1
183,659,1
183,770,1
183,859,1
183,1071,1
183,1079,1
183,1342,1
183,1445,1
183,1555,1
183,1569,1
184,434,1
184,464,1
184,678,1
184,1537,1
185,820,1
185,833,1
185,1117,1
185,1149,1
185,1158,1
186,54,1
186,71,1
186,229,1
186,262,1
186,297,1
186,304,1
186,379,1
186,381,1
186,398,1
186,424,1
186,480,1
186,482,1
186,511,1
186,607,1
186,610,1
186,614,1
186,629,1
186,630,1
186,643,1
186,669,1
186,736,1
186,758,1
186,761,1
186,790,1
186,795,1
186,802,1
186,810,1
186,824,1
186,831,1
186,872,1
186,881,1
186,902,1
186,913,1
186,921,1
186,924,1
186,931,1
186,981,1
186,1047,1
186,1062,1
186,1088,1
186,1111,1
186,1131,1
186,1150,1
186,1194,1
186,1195,1
186,1225,1
186,1253,1
186,1271,1
186,1297,1
186,1305,1
186,1322,1
186,1323,1
186,1332,1
186,1338,1
186,1351,1
186,1370,1
186,1372,1
186,1403,1
186,1407,1
186,1429,1
186,1441,1
186,1456,1
186,1550,1
186,1560,1
186,1563,1
186,1565,1
186,1577,1
186,1598,1
186,1617,1
186,1641,1
187,764,1
187,824,1
187,873,1
187,937,1
187,1257,1
187,1381,1
187,1447,1
187,1488,1
188,765,1
188,879,1
190,245,1
190,288,1
190,744,1
190,951,1
190,961,1
190,1347,1
191,405,1
191,553,1
191,754,1
191,806,1
191,1248,1
191,1252,1
191,1303,1
192,1139,1
192,1207,1
192,1607,1
193,2,1
193,71,1
193,78,1
193,84,1
193,90,1
193,100,1
193,114,1
193,118,1
193,121,1
193,170,1
193,202,1
193,209,1
193,230,1
193,243,1
193,250,1
193,254,1
193,275,1
193,277,1
193,282,1
193,290,1
193,309,1
193,316,1
193,322,1
193,324,1
193,328,1
193,333,1
193,342,1
193,362,1
193,375,1
193,389,1
193,429,1
193,479,1
193,480,1
193,481,1
193,484,1
193,491,1
193,504,1
193,509,1
193,529,1
193,545,1
193,555,1
193,562,1
193,591,1
193,612,1
193,617,1
193,619,1
193,656,1
193,696,1
193,726,1
193,728,1
193,731,1
193,745,1
193,746,1
193,754,1
193,757,1
193,769,1
193,774,1
193,777,1
193,792,1
193,795,1
193,813,1
193,821,1
193,827,1
193,845,1
193,849,1
193,868,1
193,871,1
193,872,1
193,877,1
193,885,1
193,900,1
193,906,1
193,909,1
193,925,1
193,949,1
193,959,1
193,969,1
193,987,1
193,988,1
193,990,1
193,1009,1
193,1013,1
193,1032,1
193,1042,1
193,1043,1
193,1056,1
193,1062,1
193,1063,1
193,1075,1
193,1088,1
193,1106,1
193,1111,1
193,1121,1
193,1130,1
193,1134,1
193,1137,1
193,1144,1
193,1147,1
193,1153,1
193,1154,1
193,1159,1
193,1168,1
193,1180,1
193,1186,1
193,1193,1
193,1194,1
193,1195,1
193,1202,1
193,1210,1
193,1219,1
193,1228,1
193,1229,1
193,1232,1
193,1236,1
193,1249,1
193,1251,1
193,1272,1
193,1287,1
193,1305,1
193,1309,1
193,1314,1
193,1315,1
193,1324,1
193,1331,1
193,1332,1
193,1341,1
193,1351,1
193,1363,1
193,1369,1
193,1382,1
193,1391,1
193,1403,1
193,1404,1
193,1420,1
193,1457,1
193,1460,1
193,1464,1
193,1469,1
193,1475,1
193,1481,1
193,1490,1
193,1491,1
193,1505,1
193,1513,1
193,1518,1
193,1535,1
193,1549,1
193,1554,1
193,1580,1
193,1585,1
193,1599,1
193,1600,1
193,1601,1
193,1620,1
193,1633,1
193,1641,1
194,35,1
194,466,1
194,835,1
194,854,1
194,1006,1
194,1519,1
103,17,1
56,26,1
164,36,1
185,62,1
84,78,1
120,83,1
134,95,1
128,98,1
172,101,1
170,119,1
128,125,1
193,140,1
174,144,1
178,164,1
