0,166,1
0,200,1
0,290,1
0,498,1
0,583,3
0,666,3
0,848,1
0,918,1
0,935,1
0,987,1
0,988,1
0,1124,1
0,1129,1
0,1161,1
0,1301,1
0,1362,1
0,1426,1
1,26,1
1,662,1
1,701,1
1,1069,1
1,1152,1
1,1176,1
1,1216,3
1,1220,1
1,1239,3
1,1262,1
1,1277,1
1,1352,1
1,1414,1
1,1551,3
1,1599,1
2,98,3
2,117,3
2,509,1
2,548,1
2,827,1
2,1251,1
2,1287,1
2,1490,1
2,1491,1
2,1535,1
2,1579,3
3,185,3
3,222,1
3,249,1
3,258,1
3,319,1
3,687,1
3,1129,3
3,1157,3
3,1322,1
3,1340,1
4,116,1
4,234,1
4,288,3
4,819,1
4,1418,3
5,41,3
5,224,3
5,495,1
5,702,3
5,1042,1
5,1231,1
5,1400,1
6,326,1
6,861,3
6,1207,1
6,1536,1
7,22,1
7,179,1
7,204,1
7,284,1
7,345,1
7,399,1
7,427,3
7,484,1
7,555,1
7,562,1
7,581,1
7,590,1
7,697,3
7,772,1
7,776,1
7,778,1
7,822,1
7,842,1
7,936,1
7,940,1
7,973,1
7,1122,1
7,1159,1
7,1180,1
7,1311,3
7,1394,1
7,1458,1
7,1503,1
9,210,1
9,298,1
9,497,1
9,877,3
9,994,1
9,1084,1
9,1311,1
9,1490,3
9,1617,3
10,175,1
10,279,1
10,314,1
10,316,1
10,318,1
10,381,1
10,389,1
10,390,1
10,437,1
10,464,1
10,489,1
10,516,1
10,529,1
10,642,1
10,683,1
10,698,1
10,705,1
10,746,1
10,828,1
10,866,1
10,895,1
10,906,1
10,925,1
10,951,1
10,969,1
10,981,1
10,996,1
10,1008,1
10,1022,1
10,1028,1
10,1047,1
10,1054,1
10,1134,1
10,1143,1
10,1221,1
10,1226,1
10,1234,1
10,1235,1
10,1237,1
10,1427,1
10,1469,1
10,1504,1
10,1532,1
10,1553,1
10,1554,1
10,1560,1
10,1580,1
10,1628,1
11,77,1
11,243,1
11,319,1
11,402,3
11,460,1
11,475,1
11,486,3
11,496,1
11,589,3
11,622,3
11,628,1
11,632,1
11,680,1
11,716,1
11,726,1
11,745,1
11,805,1
11,836,1
11,858,1
11,1153,3
11,1188,1
11,1191,1
11,1204,1
11,1213,1
11,1225,1
11,1242,1
11,1585,1
12,22,1
12,34,1
12,96,3
12,211,1
12,241,1
12,242,1
12,300,1
12,370,1
12,386,1
12,404,1
12,409,1
12,431,1
12,458,1
12,490,1
12,583,1
12,644,1
12,645,1
12,654,1
12,673,1
12,721,1
12,748,1
12,749,1
12,753,1
12,804,1
12,832,1
12,869,1
12,894,3
12,930,1
12,976,1
12,981,3
12,1095,1
12,1123,1
12,1260,1
12,1266,1
12,1288,1
12,1314,1
12,1326,1
12,1349,1
12,1355,1
12,1366,1
12,1373,1
12,1434,3
12,1443,1
12,1463,1
12,1517,1
12,1527,1
12,1543,1
12,1571,1
12,1589,1
12,1609,1
12,1642,1
13,65,1
13,294,1
13,349,1
13,355,3
13,457,3
13,488,1
13,747,1
13,866,3
13,1597,1
14,215,1
14,289,1
14,914,1
14,932,1
14,1085,1
14,1376,3
14,1401,1
15,90,3
15,108,1
15,114,1
15,118,1
15,281,3
15,307,1
15,315,1
15,328,1
15,444,1
15,525,1
15,686,1
15,757,1
15,824,1
15,852,1
15,887,1
15,1011,1
15,1063,1
15,1133,1
15,1228,1
15,1240,1
15,1280,1
15,1282,1
15,1367,1
15,1377,1
15,1379,1
15,1439,1
15,1608,1
15,1613,3
16,22,3
16,236,1
16,455,1
16,651,3
16,798,3
16,1046,3
18,309,1
18,479,1
18,572,1
18,614,1
18,732,1
18,1112,1
18,1272,1
18,1369,1
19,135,1
19,684,3
19,844,1
19,860,1
19,1164,3
19,1170,1
19,1551,3
19,1599,3
20,17,1
20,429,3
20,475,1
20,612,1
20,829,1
20,1245,3
20,1446,1
20,1606,1
21,252,1
21,333,1
21,375,1
21,513,1
21,1251,1
21,1482,3
22,190,3
22,399,1
22,555,1
22,776,1
22,778,1
22,810,3
22,822,1
22,973,1
22,1106,1
22,1133,3
22,1159,1
22,1179,3
22,1220,1
22,1503,1
23,214,1
23,446,3
23,483,1
23,578,3
23,761,1
23,1255,1
23,1436,1
23,1596,1
24,1029,1
24,1181,1
24,1453,1
24,1628,3
25,329,1
25,500,1
25,543,1
25,622,1
25,646,1
25,740,1
25,1298,1
25,1317,3
25,1603,1
26,284,3
26,983,3
26,1428,3
27,211,3
27,364,1
27,603,3
27,802,1
27,873,3
27,887,1
27,1182,1
27,1249,1
27,1431,1
28,645,3
29,394,1
29,689,1
29,1102,3
29,1122,1
29,1307,1
30,125,1
30,454,1
30,823,1
30,1167,1
30,1368,1
30,1377,3
31,205,1
31,250,1
31,423,1
31,554,1
31,723,3
31,729,1
31,1013,1
31,1168,1
31,1210,1
31,1308,1
31,1315,1
31,1335,1
31,1341,1
31,1353,1
32,16,1
32,841,1
32,1248,1
32,1296,1
33,240,1
33,298,3
33,591,3
33,874,1
33,886,1
33,1157,1
33,1187,1
33,1342,1
34,89,1
34,163,3
34,226,1
34,313,3
34,501,1
34,563,1
34,664,3
34,794,1
34,815,1
34,931,1
34,1106,1
34,1194,1
34,1243,3
34,1305,1
34,1323,1
34,1501,3
34,1560,3
34,1565,1
34,1606,1
35,78,1
35,319,1
35,442,1
35,647,1
35,746,1
35,789,1
35,853,1
35,1148,1
35,1334,3
35,1618,1
36,178,1
36,247,1
36,248,1
36,263,1
36,301,1
36,421,1
36,542,1
36,635,1
36,795,1
36,815,1
36,841,1
36,950,1
36,955,1
36,974,1
36,1018,1
36,1296,1
36,1308,1
36,1363,1
37,197,1
37,285,1
37,286,3
37,341,1
37,526,1
37,787,1
37,840,1
37,1060,1
37,1233,1
37,1263,1
37,1451,1
38,57,1
38,249,1
38,391,1
38,602,1
38,666,1
38,793,1
38,943,1
38,1033,1
38,1046,1
38,1261,1
38,1570,1
39,42,3
39,54,3
39,73,3
39,790,3
39,1095,3
39,1341,3
40,168,1
40,240,3
40,273,1
40,683,1
40,1007,1
40,1065,1
40,1349,1
40,1532,1
40,1636,3
41,187,1
41,277,1
41,318,1
41,607,1
41,821,1
41,1114,1
41,1300,3
41,1635,3
42,4,1
42,202,1
42,244,1
42,342,1
42,359,3
42,498,1
42,522,1
42,567,1
42,602,1
42,643,1
42,666,1
42,687,1
42,693,1
42,710,1
42,755,3
42,793,1
42,819,1
42,882,1
42,886,1
42,890,1
42,933,1
42,942,1
42,943,1
42,1002,1
42,1033,1
42,1113,1
42,1201,1
42,1202,1
42,1222,1
42,1238,1
42,1330,1
42,1378,1
42,1383,1
42,1402,1
42,1500,1
42,1525,3
42,1584,1
42,1588,1
42,1600,1
42,1614,1
43,160,1
43,207,1
43,313,1
43,327,1
43,367,1
43,383,1
43,392,1
43,485,1
43,510,3
43,518,1
43,574,1
43,596,1
43,616,1
43,637,1
43,649,1
43,747,1
43,820,1
43,844,3
43,856,1
43,867,1
43,942,1
43,946,1
43,953,1
43,993,1
43,1004,1
43,1014,1
43,1032,1
43,1044,1
43,1192,1
43,1289,1
43,1324,1
43,1326,3
43,1392,1
43,1479,1
43,1481,1
43,1489,1
43,1492,1
43,1511,1
43,1568,1
43,1606,3
43,1630,1
44,456,1
44,623,1
44,729,1
44,739,1
44,1138,1
44,1139,1
44,1406,1
44,1590,1
44,1591,1
45,581,3
45,1177,3
47,201,1
47,252,1
47,295,1
47,305,1
47,354,1
47,364,1
47,397,1
47,441,1
47,461,1
47,517,1
47,536,1
47,584,1
47,592,1
47,599,1
47,604,1
47,658,1
47,697,1
47,699,1
47,710,1
47,715,1
47,718,1
47,834,1
47,839,1
47,846,1
47,954,1
47,964,1
47,971,1
47,980,1
47,1005,1
47,1015,1
47,1087,1
47,1098,1
47,1102,1
47,1119,1
47,1177,1
47,1183,1
47,1240,1
47,1250,1
47,1316,1
47,1318,1
47,1320,3
47,1360,1
47,1365,1
47,1390,1
47,1397,1
47,1410,1
47,1418,1
47,1487,1
47,1528,1
47,1534,1
47,1552,1
47,1556,1
47,1575,1
47,1587,1
48,118,1
48,281,1
48,674,1
48,795,1
48,883,1
48,966,3
48,977,1
48,987,1
48,1239,1
48,1362,1
48,1470,1
48,1502,1
49,128,1
49,233,1
49,270,3
49,609,3
49,783,1
49,837,3
49,1146,1
49,1205,1
49,1345,1
49,1361,1
49,1384,1
49,1465,1
49,1594,1
49,1617,1
50,141,1
50,287,1
50,334,1
50,428,1
50,606,1
50,619,1
50,641,1
50,851,1
50,855,1
50,942,1
50,1236,3
50,1459,1
50,1548,1
50,1614,1
50,1635,3
51,77,1
51,164,1
51,263,1
51,301,1
51,363,1
51,391,1
51,432,1
51,462,1
51,478,1
51,576,1
51,635,1
51,690,1
51,766,1
51,795,1
51,836,1
51,841,1
51,950,1
51,955,1
51,974,1
51,997,1
51,1003,3
51,1061,1
51,1170,1
51,1203,1
51,1211,1
51,1264,1
51,1296,1
51,1363,1
51,1462,1
51,1485,3
51,1611,1
52,310,1
52,559,1
52,703,1
52,1068,1
52,1274,1
52,1374,3
53,766,3
53,942,1
54,177,3
54,914,1
54,1035,3
54,1085,1
55,1464,3
56,209,1
56,223,1
56,730,1
56,1010,3
56,1253,3
56,1320,1
56,1423,1
56,1557,1
57,255,1
57,358,1
57,365,1
57,438,1
57,466,1
57,713,1
57,897,1
57,1110,1
57,1164,1
57,1315,1
57,1422,1
57,1576,1
57,1614,3
58,117,1
58,229,1
58,293,1
58,369,1
58,443,1
58,451,1
58,604,1
58,712,1
58,798,1
58,895,3
58,1021,1
58,1156,1
58,1380,1
58,1516,1
59,838,3
59,857,3
60,1107,3
60,1486,3
60,1515,3
61,359,1
61,493,1
61,763,3
61,816,1
61,901,1
62,351,1
62,402,1
62,833,1
62,910,1
62,1065,1
62,1117,1
62,1149,1
62,1158,1
62,1275,1
62,1449,1
63,117,1
63,614,1
63,630,1
63,802,1
63,931,1
63,1015,3
63,1148,3
63,1331,3
64,200,1
64,360,3
64,900,1
64,941,3
65,520,1
65,549,1
65,744,1
65,800,1
65,888,1
65,1086,1
65,1104,3
65,1167,1
65,1218,1
65,1249,1
65,1417,1
65,1496,3
66,98,3
66,534,3
66,818,3
66,1089,3
67,253,1
67,397,1
67,470,1
67,510,1
67,520,1
67,848,1
67,908,1
67,975,1
67,1126,1
67,1268,1
67,1452,1
68,254,1
68,678,1
68,836,3
68,892,1
68,1219,1
68,1339,3
68,1443,3
68,1490,1
68,1505,1
68,1620,1
69,114,1
69,244,1
69,721,3
69,759,3
69,1415,1
69,1440,3
70,44,1
70,207,1
70,459,1
70,470,1
70,686,3
70,755,1
70,935,1
70,945,1
70,987,1
70,989,1
70,1273,1
70,1419,1
70,1515,3
70,1529,1
71,247,1
71,357,1
71,626,3
71,872,3
71,945,1
71,1130,3
71,1231,3
71,1273,1
71,1387,3
72,402,1
72,457,1
72,532,1
72,960,1
72,1452,1
72,1604,1
72,1613,3
73,51,1
73,620,1
73,678,3
73,897,1
73,947,1
73,974,1
74,102,1
74,175,3
74,221,1
74,235,1
74,335,1
74,645,1
74,949,1
74,956,1
74,1294,1
74,1523,1
74,1537,1
74,1538,1
74,1545,1
74,1639,1
75,194,1
75,195,1
75,208,3
75,312,1
75,440,1
75,896,1
75,1006,1
75,1343,3
75,1471,1
75,1480,3
75,1497,1
75,1533,3
76,114,1
76,980,3
76,1564,1
77,91,1
77,114,1
77,118,1
77,237,1
77,239,1
77,243,1
77,257,1
77,261,1
77,291,1
77,369,1
77,384,1
77,412,1
77,414,1
77,446,1
77,475,1
77,512,1
77,519,1
77,538,1
77,539,1
77,557,1
77,564,1
77,585,1
77,587,1
77,593,1
77,618,1
77,628,1
77,639,1
77,650,1
77,675,1
77,688,1
77,691,1
77,696,1
77,726,1
77,767,1
77,805,1
77,858,1
77,868,1
77,892,1
77,893,1
77,912,1
77,923,1
77,948,1
77,1000,1
77,1010,1
77,1012,1
77,1021,1
77,1045,1
77,1061,1
77,1067,1
77,1093,1
77,1097,1
77,1153,1
77,1156,1
77,1212,1
77,1284,1
77,1293,1
77,1310,1
77,1321,1
77,1332,1
77,1335,1
77,1356,1
77,1361,3
77,1363,1
77,1385,1
77,1398,1
77,1406,1
77,1455,1
77,1519,1
77,1525,1
77,1526,1
77,1539,1
77,1558,1
77,1579,1
77,1582,1
77,1585,1
77,1615,1
77,1616,1
78,93,1
78,112,3
78,956,1
78,1198,1
79,155,1
79,433,1
79,506,1
79,651,1
79,1182,3
79,1224,1
79,1414,1
79,1506,1
80,169,1
80,1162,1
80,1332,3
80,1516,3
81,229,1
81,803,1
81,810,1
81,1357,1
81,1411,1
81,1446,3
82,67,1
82,218,1
82,246,1
82,415,3
82,552,1
82,590,1
82,632,1
82,704,1
82,773,1
82,781,3
82,818,1
82,863,3
82,884,1
82,908,1
82,975,1
82,1213,1
82,1270,1
82,1453,1
82,1454,1
82,1626,1
83,2,1
83,31,1
83,33,1
83,98,1
83,100,1
83,128,1
83,138,1
83,149,1
83,152,1
83,155,1
83,175,1
83,183,1
83,195,1
83,205,1
83,216,1
83,219,1
83,224,1
83,227,1
83,229,1
83,250,1
83,251,1
83,260,1
83,265,1
83,267,1
83,269,1
83,275,1
83,283,1
83,286,1
83,289,1
83,291,1
83,292,1
83,314,1
83,330,1
83,336,1
83,341,1
83,342,1
83,347,1
83,349,1
83,353,1
83,357,1
83,362,1
83,368,1
83,371,1
83,376,1
83,387,1
83,393,1
83,410,1
83,417,1
83,423,1
83,426,1
83,430,1
83,440,1
83,446,1
83,453,1
83,463,1
83,466,1
83,472,1
83,473,1
83,492,1
83,502,1
83,504,1
83,505,1
83,509,1
83,522,1
83,523,1
83,529,1
83,533,1
83,539,1
83,540,1
83,541,1
83,544,1
83,554,1
83,555,1
83,560,1
83,564,1
83,568,1
83,589,1
83,591,1
83,598,1
83,601,1
83,613,1
83,615,1
83,627,1
83,643,1
83,656,1
83,659,1
83,661,1
83,663,1
83,675,1
83,684,1
83,687,1
83,691,1
83,694,1
83,712,1
83,722,1
83,724,1
83,728,1
83,731,1
83,735,1
83,765,1
83,767,1
83,770,1
83,774,1
83,777,1
83,778,1
83,781,1
83,783,1
83,792,1
83,807,1
83,810,1
83,811,1
83,813,1
83,817,1
83,822,1
83,827,1
83,838,1
83,843,1
83,849,1
83,850,1
83,859,1
83,862,1
83,866,1
83,871,1
83,880,1
83,885,1
83,889,1
83,891,1
83,894,1
83,925,1
83,933,1
83,934,1
83,938,1
83,948,1
83,951,1
83,952,1
83,963,1
83,965,1
83,978,1
83,984,1
83,1008,1
83,1009,1
83,1013,1
83,1016,1
83,1042,1
83,1043,1
83,1050,1
83,1054,1
83,1055,1
83,1071,1
83,1075,1
83,1077,1
83,1079,1
83,1103,1
83,1106,1
83,1116,1
83,1122,1
83,1130,1
83,1143,1
83,1144,1
83,1153,1
83,1159,1
83,1171,1
83,1194,1
83,1202,1
83,1204,1
83,1226,1
83,1229,1
83,1232,1
83,1234,1
83,1237,1
83,1243,1
83,1244,1
83,1245,1
83,1251,1
83,1274,1
83,1277,1
83,1281,1
83,1283,1
83,1287,1
83,1290,1
83,1303,1
83,1305,1
83,1306,1
83,1309,1
83,1315,1
83,1321,1
83,1324,1
83,1325,1
83,1327,1
83,1329,1
83,1331,1
83,1342,1
83,1346,1
83,1348,1
83,1353,1
83,1356,1
83,1357,1
83,1363,1
83,1374,1
83,1375,1
83,1376,1
83,1380,1
83,1389,1
83,1398,1
83,1401,1
83,1406,1
83,1412,1
83,1413,1
83,1420,1
83,1445,1
83,1448,1
83,1460,1
83,1461,1
83,1468,1
83,1477,1
83,1481,1
83,1484,1
83,1489,1
83,1491,1
83,1496,1
83,1497,1
83,1504,1
83,1508,1
83,1510,1
83,1515,1
83,1518,1
83,1539,1
83,1542,1
83,1547,1
83,1555,1
83,1557,1
83,1558,1
83,1569,1
83,1578,1
83,1582,1
83,1599,1
83,1600,1
83,1601,1
83,1613,1
83,1623,1
83,1625,1
83,1628,1
83,1630,1
83,1632,1
84,739,3
84,1438,3
84,1492,3
85,112,1
85,238,1
85,627,3
85,835,1
85,854,1
85,862,1
85,1128,1
85,1246,3
85,1282,1
86,419,1
86,437,3
86,538,1
86,902,1
86,1062,1
86,1183,1
86,1332,1
86,1359,1
87,79,1
87,160,1
87,268,1
87,415,1
87,433,1
87,508,1
87,602,1
87,638,1
87,743,1
87,793,1
87,847,1
87,943,1
87,947,1
87,1107,1
87,1125,1
87,1224,1
87,1350,1
87,1506,1
87,1570,1
88,228,3
88,1209,3
88,1492,3
89,1090,1
89,1120,1
89,1247,1
89,1288,1
89,1314,1
89,1585,1
90,142,1
90,306,1
90,322,1
90,324,1
90,553,1
90,617,1
90,799,1
90,830,3
90,863,1
90,925,3
90,1133,1
90,1236,1
90,1263,1
90,1291,1
90,1391,1
90,1411,3
90,1475,1
90,1604,1
90,1633,1
91,229,1
91,276,3
91,340,1
91,355,1
91,360,1
91,405,1
91,422,1
91,430,1
91,435,1
91,501,1
91,507,1
91,527,1
91,553,1
91,737,1
91,779,1
91,810,1
91,864,1
91,983,1
91,991,1
91,1038,1
91,1059,1
91,1120,1
91,1140,1
91,1268,1
91,1286,1
91,1295,1
91,1357,1
91,1429,1
91,1524,1
91,1549,1
91,1595,1
92,532,3
92,916,1
92,1142,1
92,1636,1
93,420,3
93,431,1
93,691,3
93,841,3
93,1295,1
93,1549,1
94,198,1
94,199,1
94,220,1
94,234,1
94,241,1
94,306,1
94,374,1
94,401,1
94,458,1
94,469,1
94,551,1
94,844,1
94,995,1
94,1019,1
94,1025,1
94,1051,1
94,1072,1
94,1095,1
94,1105,1
94,1106,1
94,1123,1
94,1132,1
94,1155,1
94,1169,1
94,1194,1
94,1217,1
94,1223,1
94,1260,1
94,1295,1
94,1366,1
94,1430,1
95,109,1
95,281,1
95,494,1
95,674,1
95,847,1
95,883,1
95,1115,1
95,1239,1
95,1480,1
95,1613,3
96,318,3
96,419,1
96,471,1
96,603,3
96,903,1
96,1017,1
96,1063,1
96,1092,1
96,1160,1
96,1175,1
96,1189,1
96,1271,3
96,1522,1
96,1532,3
96,1566,1
97,15,1
97,190,3
97,307,1
97,439,1
97,530,1
97,709,1
97,762,1
97,1166,1
97,1514,1
98,506,1
98,783,1
98,823,1
98,1040,1
98,1368,1
98,1388,1
98,1396,1
98,1440,1
98,1465,1
98,1533,1
99,5,1
99,115,1
99,185,1
99,220,1
99,263,1
99,370,1
99,409,1
99,474,1
99,516,1
99,588,1
99,603,1
99,605,1
99,672,1
99,779,1
99,791,1
99,832,1
99,955,1
99,983,1
99,1018,1
99,1101,1
99,1164,1
99,1284,1
99,1288,1
99,1349,1
99,1425,1
99,1523,1
99,1593,1
100,204,3
100,316,1
100,318,1
100,372,1
100,376,1
100,389,1
100,659,1
100,669,3
100,746,1
100,770,1
100,795,3
100,906,1
100,909,1
100,963,1
100,969,1
100,1071,1
100,1079,1
100,1134,1
100,1144,1
100,1222,1
100,1469,1
100,1477,1
100,1484,1
100,1554,1
100,1555,1
101,1188,1
101,1588,3
102,354,3
102,886,1
102,1358,3
103,417,3
103,1061,3
103,1077,1
103,1441,1
104,126,3
104,392,1
104,405,1
104,1246,1
105,543,1
105,784,1
105,1395,1
106,189,3
106,511,1
106,558,1
106,629,1
106,1262,3
106,1510,1
106,1622,1
107,706,3
107,826,1
107,942,3
107,1588,1
107,1610,1
108,210,1
108,315,1
108,483,1
108,548,1
108,607,1
108,797,1
108,1108,1
108,1254,1
108,1405,1
109,100,1
109,107,1
109,140,1
109,177,1
109,180,1
109,196,1
109,217,1
109,228,1
109,243,1
109,276,1
109,318,1
109,331,1
109,336,1
109,378,1
109,389,1
109,410,1
109,420,1
109,454,1
109,505,1
109,526,1
109,565,1
109,566,1
109,628,1
109,631,1
109,653,1
109,681,1
109,746,1
109,752,1
109,753,1
109,765,1
109,780,1
109,813,1
109,850,1
109,868,1
109,876,1
109,885,1
109,909,1
109,917,1
109,958,1
109,968,1
109,969,1
109,1020,1
109,1073,1
109,1077,1
109,1082,1
109,1103,1
109,1134,1
109,1155,1
109,1157,1
109,1188,1
109,1229,1
109,1241,1
109,1247,1
109,1279,1
109,1312,1
109,1328,1
109,1387,1
109,1393,1
109,1420,1
109,1444,1
109,1448,1
109,1469,1
109,1472,1
109,1494,1
109,1498,1
109,1509,1
109,1512,1
109,1531,1
109,1554,1
109,1585,1
109,1623,1
109,1624,1
109,1631,1
110,314,1
110,380,1
110,547,1
110,698,1
110,817,1
111,163,1
111,269,1
111,438,1
111,878,1
111,1145,1
111,1227,3
111,1292,1
112,299,1
112,303,3
112,417,1
112,1069,1
112,1434,3
112,1521,1
112,1565,3
112,1642,3
113,1163,3
114,174,3
114,223,1
114,265,1
114,279,1
114,296,1
114,299,3
114,348,1
114,372,1
114,373,1
114,377,1
114,393,1
114,406,1
114,448,1
114,464,1
114,488,1
114,489,1
114,494,1
114,521,1
114,537,1
114,556,1
114,586,1
114,597,1
114,640,1
114,648,1
114,664,1
114,668,1
114,708,1
114,753,1
114,768,1
114,808,1
114,813,1
114,850,1
114,856,1
114,865,1
114,866,1
114,874,3
114,895,1
114,910,1
114,951,1
114,1008,1
114,1026,1
114,1041,1
114,1054,1
114,1074,1
114,1078,1
114,1127,1
114,1136,1
114,1141,1
114,1151,1
114,1152,1
114,1172,1
114,1222,1
114,1229,1
114,1235,1
114,1237,1
114,1317,1
114,1339,1
114,1409,1
114,1420,1
114,1427,1
114,1437,1
114,1446,1
114,1472,1
114,1480,1
114,1498,1
114,1504,1
114,1512,1
114,1529,1
114,1573,1
114,1635,1
114,1637,1
114,1638,1
115,108,1
115,292,1
115,315,1
115,382,1
115,444,1
115,656,1
115,1124,1
115,1280,1
115,1332,1
115,1460,1
115,1518,1
115,1529,3
116,486,1
116,577,1
116,608,3
116,692,3
116,1094,1
116,1206,1
116,1371,1
116,1495,1
116,1568,3
117,442,1
117,584,1
117,647,1
117,789,1
117,853,1
117,1148,1
117,1618,1
118,200,1
118,223,1
118,279,1
118,296,1
118,348,1
118,373,1
118,377,1
118,393,1
118,406,1
118,448,1
118,464,1
118,488,1
118,489,1
118,494,1
118,537,1
118,556,1
118,586,1
118,640,1
118,648,1
118,668,1
118,708,1
118,753,1
118,808,1
118,866,1
118,885,1
118,895,1
118,910,1
118,1008,1
118,1026,1
118,1041,1
118,1078,1
118,1136,1
118,1141,1
118,1151,1
118,1152,1
118,1172,1
118,1229,1
118,1235,1
118,1237,1
118,1262,1
118,1317,1
118,1359,1
118,1374,1
118,1393,1
118,1420,1
118,1425,1
118,1427,1
118,1437,1
118,1446,1
118,1472,1
118,1498,1
118,1512,1
118,1529,1
118,1573,1
118,1635,1
119,1,1
119,2,1
119,4,1
119,11,1
119,12,1
119,18,1
119,26,1
119,31,1
119,38,1
119,56,1
119,57,1
119,61,1
119,62,1
119,72,1
119,77,1
119,87,1
119,90,1
119,96,1
119,108,1
119,112,1
119,116,1
119,118,1
119,121,1
119,125,1
119,136,1
119,151,1
119,155,1
119,163,1
119,164,1
119,168,1
119,188,1
119,192,1
119,194,1
119,195,1
119,199,1
119,202,1
119,205,1
119,209,1
119,230,1
231,119,0
233,119,0
238,119,0
240,119,0
244,119,0
250,119,0
255,119,0
256,119,0
281,119,0
287,119,0
291,119,0
299,119,0
302,119,0
312,119,0
315,119,0
320,119,0
322,119,0
324,119,0
333,119,0
334,119,0
342,119,0
344,119,0
349,119,0
358,119,0
359,119,0
361,119,0
365,119,0
385,119,0
391,119,0
395,119,0
402,119,0
411,119,0
414,119,0
419,119,0
423,119,0
433,119,0
442,119,0
444,119,0
446,119,0
457,119,0
467,119,0
471,119,0
477,119,0
481,119,0
491,119,0
493,119,0
500,119,0
503,119,0
505,119,0
508,119,0
509,119,0
515,119,0
119,516,3
528,119,0
531,119,0
532,119,0
538,119,0
539,119,0
543,119,0
546,119,0
553,119,0
554,119,0
119,566,3
570,119,0
576,119,0
578,119,0
593,119,0
596,119,0
600,119,0
606,119,0
609,119,0
611,119,0
617,119,0
619,119,0
626,119,0
639,119,0
641,119,0
642,119,0
647,119,0
652,119,0
655,119,0
658,119,0
659,119,0
662,119,0
666,119,0
669,119,0
674,119,0
675,119,0
676,119,0
677,119,0
683,119,0
685,119,0
693,119,0
705,119,0
711,119,0
713,119,0
714,119,0
721,119,0
723,119,0
727,119,0
729,119,0
730,119,0
738,119,0
754,119,0
756,119,0
764,119,0
769,119,0
770,119,0
777,119,0
788,119,0
789,119,0
793,119,0
794,119,0
807,119,0
812,119,0
816,119,0
818,119,0
819,119,0
823,119,0
830,119,0
833,119,0
844,119,0
853,119,0
854,119,0
855,119,0
857,119,0
859,119,0
861,119,0
863,119,0
877,119,0
879,119,0
883,119,0
896,119,0
897,119,0
898,119,0
903,119,0
912,119,0
920,119,0
923,119,0
927,119,0
928,119,0
929,119,0
931,119,0
933,119,0
944,119,0
948,119,0
950,119,0
957,119,0
959,119,0
960,119,0
962,119,0
966,119,0
970,119,0
979,119,0
984,119,0
986,119,0
988,119,0
990,119,0
995,119,0
1003,119,0
1006,119,0
1007,119,0
1013,119,0
1017,119,0
1023,119,0
1029,119,0
1033,119,0
1034,119,0
1040,119,0
1046,119,0
1080,119,0
1085,119,0
1100,119,0
1106,119,0
1107,119,0
1109,119,0
1115,119,0
1117,119,0
1121,119,0
1132,119,0
1138,119,0
1139,119,0
1142,119,0
1148,119,0
1149,119,0
1153,119,0
1158,119,0
1163,119,0
1164,119,0
1168,119,0
1169,119,0
1176,119,0
1181,119,0
1185,119,0
1186,119,0
1187,119,0
1189,119,0
1193,119,0
1194,119,0
1196,119,0
1197,119,0
1200,119,0
1202,119,0
1206,119,0
1210,119,0
1221,119,0
1224,119,0
1236,119,0
1239,119,0
1251,119,0
119,1257,3
1262,119,0
1263,119,0
1274,119,0
1277,119,0
1284,119,0
1303,119,0
1305,119,0
1306,119,0
1307,119,0
1315,119,0
1319,119,0
1320,119,0
1331,119,0
1332,119,0
1334,119,0
1350,119,0
1353,119,0
1356,119,0
1368,119,0
1371,119,0
1382,119,0
1384,119,0
1392,119,0
1396,119,0
1398,119,0
1413,119,0
1421,119,0
1423,119,0
1438,119,0
1442,119,0
1445,119,0
1449,119,0
1452,119,0
1456,119,0
1457,119,0
1464,119,0
1475,119,0
1477,119,0
1478,119,0
1495,119,0
1513,119,0
1516,119,0
1521,119,0
1526,119,0
1539,119,0
1544,119,0
1545,119,0
1546,119,0
1551,119,0
1553,119,0
1558,119,0
1565,119,0
1568,119,0
1569,119,0
1579,119,0
1582,119,0
1591,119,0
1599,119,0
1600,119,0
1604,119,0
1607,119,0
1612,119,0
1618,119,0
1621,119,0
1629,119,0
1633,119,0
1636,119,0
1638,119,0
1639,119,0
1640,119,0
1641,119,0
9,120,0
105,120,0
128,120,0
130,120,0
202,120,0
211,120,0
216,120,0
250,120,0
267,120,0
270,120,0
271,120,0
307,120,0
309,120,0
335,120,0
336,120,0
362,120,0
366,120,0
387,120,0
390,120,0
391,120,0
409,120,0
414,120,0
422,120,0
442,120,0
446,120,0
479,120,0
495,120,0
505,120,0
514,120,0
520,120,0
522,120,0
539,120,0
568,120,0
572,120,0
580,120,0
591,120,0
592,120,0
644,120,0
647,120,0
657,120,0
661,120,0
662,120,0
675,120,0
687,120,0
693,120,0
696,120,0
722,120,0
730,120,0
732,120,0
759,120,0
774,120,0
777,120,0
783,120,0
784,120,0
807,120,0
843,120,0
849,120,0
862,120,0
886,120,0
888,120,0
948,120,0
954,120,0
972,120,0
974,120,0
981,120,0
1009,120,0
1013,120,0
1042,120,0
1047,120,0
1050,120,0
1058,120,0
1064,120,0
1086,120,0
1113,120,0
1116,120,0
1148,120,0
1167,120,0
1168,120,0
1200,120,0
1208,120,0
1210,120,0
1214,120,0
1218,120,0
1231,120,0
1244,120,0
1262,120,0
1281,120,0
1288,120,0
1303,120,0
1306,120,0
1309,120,0
1315,120,0
1321,120,0
1331,120,0
1341,120,0
1346,120,0
1349,120,0
1363,120,0
1369,120,0
1376,120,0
1395,120,0
1398,120,0
1400,120,0
1401,120,0
1416,120,0
1454,120,0
1476,120,0
1539,120,0
1545,120,0
1557,120,0
1560,120,0
1578,120,0
1582,120,0
1601,120,0
1616,120,0
1619,120,0
1632,120,0
1639,120,0
108,121,0
114,121,0
118,121,0
161,121,0
315,121,0
121,718,3
757,121,0
805,121,0
1062,121,0
1112,121,0
1190,121,0
1216,121,0
121,1291,3
1332,121,0
1581,121,0
415,122,0
508,122,0
515,122,0
723,122,0
926,122,0
1107,122,0
1546,122,0
1629,122,0
123,820,3
123,841,3
123,1383,3
620,124,0
682,124,0
805,124,0
124,1079,3
1124,124,0
15,125,0
186,125,0
125,268,3
396,125,0
657,125,0
671,125,0
702,125,0
922,125,0
1040,125,0
1049,125,0
1106,125,0
1265,125,0
1305,125,0
1321,125,0
1356,125,0
1368,125,0
1396,125,0
1465,125,0
125,1468,3
1539,125,0
1558,125,0
1620,125,0
259,126,0
352,126,0
438,126,0
465,126,0
651,126,0
126,761,3
126,1016,3
1218,126,0
30,127,0
125,127,0
251,127,0
285,127,0
326,127,0
442,127,0
525,127,0
623,127,0
670,127,0
823,127,0
127,1044,3
1258,127,0
1368,127,0
1466,127,0
128,276,3
289,128,0
624,128,0
657,128,0
128,711,3
751,128,0
128,798,3
823,128,0
874,128,0
1083,128,0
1128,128,0
1202,128,0
1205,128,0
1265,128,0
1266,128,0
1368,128,0
1388,128,0
1396,128,0
1465,128,0
270,129,0
436,129,0
442,129,0
643,129,0
270,130,0
130,689,3
1208,130,0
1241,130,0
130,1370,3
1619,130,0
61,131,0
131,348,3
482,131,0
131,748,3
830,131,0
1082,131,0
1163,131,0
1583,131,0
13,132,0
98,132,0
128,132,0
211,132,0
370,132,0
409,132,0
432,132,0
892,132,0
985,132,0
1110,132,0
132,1188,3
1349,132,0
14,133,0
84,133,0
152,133,0
133,175,3
400,133,0
425,133,0
513,133,0
914,133,0
998,133,0
1024,133,0
1352,133,0
1541,133,0
494,134,0
847,134,0
134,1024,3
134,1140,3
1239,134,0
134,1302,3
1480,134,0
1498,134,0
14,135,0
15,135,0
31,135,0
54,135,0
118,135,0
133,135,0
161,135,0
185,135,0
187,135,0
239,135,0
269,135,0
272,135,0
281,135,0
317,135,0
320,135,0
338,135,0
342,135,0
379,135,0
398,135,0
403,135,0
415,135,0
416,135,0
424,135,0
430,135,0
447,135,0
468,135,0
480,135,0
522,135,0
559,135,0
564,135,0
610,135,0
614,135,0
620,135,0
630,135,0
655,135,0
657,135,0
674,135,0
686,135,0
702,135,0
720,135,0
725,135,0
738,135,0
742,135,0
745,135,0
767,135,0
772,135,0
790,135,0
795,135,0
802,135,0
824,135,0
831,135,0
833,135,0
856,135,0
857,135,0
868,135,0
881,135,0
883,135,0
898,135,0
902,135,0
905,135,0
135,916,3
931,135,0
932,135,0
933,135,0
936,135,0
135,952,3
1027,135,0
1085,135,0
1088,135,0
1091,135,0
1111,135,0
1113,135,0
1117,135,0
1118,135,0
1131,135,0
1147,135,0
1149,135,0
1150,135,0
1158,135,0
1205,135,0
1207,135,0
135,1243,3
1257,135,0
1265,135,0
1271,135,0
1297,135,0
1299,135,0
1323,135,0
1327,135,0
1351,135,0
1370,135,0
1372,135,0
1393,135,0
1406,135,0
1449,135,0
1458,135,0
1465,135,0
1478,135,0
1483,135,0
1486,135,0
1496,135,0
1499,135,0
1507,135,0
1508,135,0
1510,135,0
1536,135,0
1550,135,0
1561,135,0
1562,135,0
1563,135,0
1600,135,0
1617,135,0
1,136,0
273,136,0
331,136,0
609,136,0
683,136,0
794,136,0
136,883,3
927,136,0
1221,136,0
214,137,0
222,137,0
230,137,0
619,137,0
877,137,0
1186,137,0
1319,137,0
1382,137,0
1457,137,0
1464,137,0
137,1564,3
1640,137,0
404,138,0
1367,138,0
1389,138,0
139,190,3
675,139,0
711,139,0
900,139,0
1003,139,0
1393,139,0
1404,139,0
1532,139,0
139,1611,3
2,140,0
71,140,0
78,140,0
90,140,0
100,140,0
114,140,0
118,140,0
170,140,0
216,140,0
230,140,0
250,140,0
254,140,0
282,140,0
290,140,0
304,140,0
309,140,0
318,140,0
328,140,0
333,140,0
342,140,0
347,140,0
375,140,0
376,140,0
387,140,0
389,140,0
429,140,0
479,140,0
480,140,0
481,140,0
484,140,0
491,140,0
503,140,0
509,140,0
529,140,0
545,140,0
555,140,0
572,140,0
591,140,0
619,140,0
628,140,0
696,140,0
711,140,0
719,140,0
722,140,0
728,140,0
731,140,0
732,140,0
754,140,0
757,140,0
769,140,0
771,140,0
777,140,0
792,140,0
795,140,0
817,140,0
821,140,0
822,140,0
827,140,0
845,140,0
849,140,0
850,140,0
865,140,0
871,140,0
872,140,0
877,140,0
140,881,3
885,140,0
886,140,0
900,140,0
902,140,0
906,140,0
909,140,0
913,140,0
933,140,0
949,140,0
959,140,0
963,140,0
976,140,0
987,140,0
988,140,0
990,140,0
1003,140,0
1009,140,0
1013,140,0
1032,140,0
1043,140,0
1056,140,0
1062,140,0
1075,140,0
1080,140,0
1088,140,0
1106,140,0
1121,140,0
1122,140,0
1130,140,0
1134,140,0
1153,140,0
1154,140,0
1159,140,0
1168,140,0
1180,140,0
1188,140,0
1191,140,0
1194,140,0
1195,140,0
1201,140,0
1210,140,0
1219,140,0
1228,140,0
1232,140,0
1238,140,0
1249,140,0
1251,140,0
1263,140,0
1272,140,0
1277,140,0
1282,140,0
1287,140,0
1291,140,0
1295,140,0
1300,140,0
1305,140,0
1309,140,0
1315,140,0
1319,140,0
1326,140,0
1332,140,0
1341,140,0
1351,140,0
1362,140,0
1363,140,0
1369,140,0
1382,140,0
1403,140,0
1404,140,0
1420,140,0
1457,140,0
1460,140,0
1464,140,0
1475,140,0
1481,140,0
1489,140,0
1490,140,0
1491,140,0
1518,140,0
1535,140,0
1554,140,0
1557,140,0
1580,140,0
1599,140,0
1600,140,0
1620,140,0
1640,140,0
1641,140,0
72,141,0
287,141,0
141,312,3
442,141,0
141,793,3
855,141,0
1496,141,0
34,142,0
266,142,0
325,142,0
142,582,3
142,1030,3
1084,142,0
142,1099,3
1267,142,0
1493,142,0
1560,142,0
243,143,0
249,143,0
279,143,0
428,143,0
489,143,0
549,143,0
550,143,0
569,143,0
628,143,0
723,143,0
743,143,0
744,143,0
888,143,0
895,143,0
941,143,0
965,143,0
1086,143,0
1143,143,0
1234,143,0
1235,143,0
143,1255,3
1434,143,0
355,144,0
809,144,0
434,145,0
475,145,0
145,556,3
857,145,0
898,145,0
146,366,3
146,636,3
146,684,3
146,999,3
1015,146,0
148,167,3
196,148,0
775,148,0
875,148,0
1334,148,0
1337,148,0
148,1383,3
502,149,0
508,149,0
149,610,3
1515,149,0
337,150,0
760,150,0
829,150,0
150,1367,3
150,1496,3
1605,150,0
151,218,3
471,151,0
151,491,3
151,509,3
576,151,0
151,643,3
721,151,0
151,773,3
863,151,0
918,151,0
151,1516,3
1561,151,0
657,152,0
1476,152,0
153,720,3
771,153,0
845,153,0
1154,153,0
1300,153,0
153,1309,3
350,154,0
351,154,0
434,154,0
154,664,3
841,154,0
1063,154,0
253,155,0
311,155,0
505,155,0
538,155,0
587,155,0
593,155,0
765,155,0
807,155,0
948,155,0
1284,155,0
1321,155,0
1356,155,0
1523,155,0
1526,155,0
1558,155,0
1572,155,0
156,393,3
156,1437,3
3,157,0
294,157,0
382,157,0
695,157,0
750,157,0
1081,157,0
1096,157,0
1135,157,0
1358,157,0
157,1402,3
1433,157,0
114,158,0
118,158,0
158,308,3
692,158,0
249,159,0
159,261,3
279,159,0
159,320,3
342,159,0
368,159,0
159,427,3
464,159,0
472,159,0
489,159,0
504,159,0
684,159,0
694,159,0
159,723,3
744,159,0
159,763,3
781,159,0
813,159,0
850,159,0
885,159,0
888,159,0
895,159,0
159,932,3
1054,159,0
1077,159,0
1086,159,0
1202,159,0
1229,159,0
1234,159,0
1237,159,0
1247,159,0
1283,159,0
1374,159,0
1417,159,0
1420,159,0
1490,159,0
1504,159,0
1600,159,0
1625,159,0
191,160,0
293,160,0
329,160,0
160,463,3
481,160,0
625,160,0
706,160,0
1035,160,0
1259,160,0
160,1298,3
1516,160,0
665,161,0
161,832,3
952,161,0
161,1350,3
161,1548,3
303,162,0
310,162,0
407,162,0
733,162,0
926,162,0
1061,162,0
1089,162,0
163,284,3
314,163,0
677,163,0
714,163,0
788,163,0
861,163,0
928,163,0
1034,163,0
1197,163,0
1612,163,0
24,164,0
247,164,0
301,164,0
432,164,0
513,164,0
766,164,0
795,164,0
974,164,0
982,164,0
991,164,0
164,1091,3
1170,164,0
1203,164,0
1205,164,0
1264,164,0
1296,164,0
1440,164,0
1617,164,0
164,1624,3
165,249,3
269,166,0
278,166,0
430,166,0
445,166,0
814,166,0
166,815,3
166,1100,3
166,1122,3
1137,166,0
166,1338,3
2,167,0
509,167,0
827,167,0
167,868,3
167,1250,3
1251,167,0
1287,167,0
1491,167,0
1535,167,0
167,1540,3
281,168,0
168,583,3
674,168,0
894,168,0
977,168,0
987,168,0
1239,168,0
1362,168,0
1502,168,0
15,169,0
108,169,0
118,169,0
307,169,0
315,169,0
852,169,0
887,169,0
1011,169,0
169,1031,3
1063,169,0
1133,169,0
1228,169,0
1280,169,0
169,1306,3
1377,169,0
1379,169,0
1439,169,0
1608,169,0
4,170,0
12,170,0
18,170,0
151,170,0
164,170,0
199,170,0
212,170,0
218,170,0
232,170,0
234,170,0
249,170,0
253,170,0
255,170,0
264,170,0
268,170,0
269,170,0
292,170,0
293,170,0
297,170,0
320,170,0
332,170,0
339,170,0
342,170,0
346,170,0
347,170,0
170,355,3
356,170,0
358,170,0
362,170,0
170,368,3
374,170,0
381,170,0
387,170,0
388,170,0
391,170,0
405,170,0
408,170,0
424,170,0
427,170,0
450,170,0
454,170,0
455,170,0
468,170,0
482,170,0
487,170,0
511,170,0
519,170,0
529,170,0
541,170,0
549,170,0
553,170,0
561,170,0
575,170,0
576,170,0
579,170,0
580,170,0
591,170,0
610,170,0
629,170,0
634,170,0
636,170,0
656,170,0
660,170,0
683,170,0
692,170,0
722,170,0
723,170,0
728,170,0
734,170,0
757,170,0
758,170,0
763,170,0
765,170,0
783,170,0
790,170,0
796,170,0
801,170,0
807,170,0
819,170,0
825,170,0
831,170,0
849,170,0
860,170,0
863,170,0
881,170,0
888,170,0
897,170,0
899,170,0
170,906,3
907,170,0
914,170,0
915,170,0
919,170,0
925,170,0
932,170,0
933,170,0
939,170,0
970,170,0
995,170,0
999,170,0
1001,170,0
1023,170,0
1036,170,0
1040,170,0
1048,170,0
1057,170,0
1066,170,0
1086,170,0
1094,170,0
1104,170,0
1115,170,0
1131,170,0
1132,170,0
1169,170,0
1178,170,0
1184,170,0
1187,170,0
1199,170,0
1207,170,0
1221,170,0
1229,170,0
1232,170,0
1247,170,0
1249,170,0
1262,170,0
1269,170,0
1277,170,0
1294,170,0
1295,170,0
1313,170,0
1314,170,0
1326,170,0
1333,170,0
1338,170,0
1343,170,0
1370,170,0
1396,170,0
1407,170,0
1411,170,0
1417,170,0
1420,170,0
1424,170,0
1431,170,0
1432,170,0
1435,170,0
1438,170,0
1441,170,0
1442,170,0
1454,170,0
1460,170,0
1467,170,0
1478,170,0
1482,170,0
1486,170,0
1509,170,0
1518,170,0
1532,170,0
1546,170,0
1549,170,0
1557,170,0
1562,170,0
1563,170,0
1580,170,0
1592,170,0
1598,170,0
1600,170,0
1601,170,0
1629,170,0
171,863,3
283,172,0
591,172,0
1055,172,0
1238,172,0
1291,172,0
321,173,0
173,587,3
173,682,3
1256,173,0
173,1338,3
1473,173,0
174,1339,3
174,1431,3
31,175,0
149,175,0
227,175,0
249,175,0
260,175,0
279,175,0
291,175,0
292,175,0
330,175,0
342,175,0
347,175,0
362,175,0
368,175,0
387,175,0
393,175,0
422,175,0
463,175,0
464,175,0
472,175,0
489,175,0
502,175,0
504,175,0
514,175,0
529,175,0
549,175,0
591,175,0
598,175,0
615,175,0
643,175,0
663,175,0
694,175,0
701,175,0
722,175,0
728,175,0
744,175,0
759,175,0
774,175,0
777,175,0
781,175,0
792,175,0
849,175,0
850,175,0
885,175,0
895,175,0
925,175,0
939,175,0
1008,175,0
1009,175,0
1054,175,0
1079,175,0
1086,175,0
1103,175,0
1143,175,0
1202,175,0
1214,175,0
1229,175,0
1232,175,0
1234,175,0
1235,175,0
1237,175,0
1249,175,0
1274,175,0
1309,175,0
1325,175,0
1329,175,0
1331,175,0
1345,175,0
175,1346,3
1361,175,0
1374,175,0
175,1383,3
1413,175,0
1427,175,0
1460,175,0
1468,175,0
1484,175,0
1504,175,0
1515,175,0
1518,175,0
1547,175,0
1580,175,0
1600,175,0
1601,175,0
1625,175,0
146,176,0
176,636,3
176,730,3
795,176,0
841,176,0
176,993,3
176,1030,3
1288,176,0
504,177,0
792,177,0
177,842,3
887,177,0
177,927,3
1434,177,0
224,178,0
403,178,0
178,584,3
178,611,3
178,907,3
179,724,3
179,1104,3
1537,179,0
1538,179,0
179,1631,3
1157,180,0
180,1307,3
180,1583,3
31,181,0
37,181,0
108,181,0
214,181,0
225,181,0
285,181,0
308,181,0
315,181,0
323,181,0
343,181,0
396,181,0
444,181,0
499,181,0
548,181,0
571,181,0
573,181,0
608,181,0
609,181,0
621,181,0
633,181,0
671,181,0
741,181,0
754,181,0
762,181,0
786,181,0
787,181,0
838,181,0
876,181,0
922,181,0
930,181,0
992,181,0
1027,181,0
1052,181,0
1060,181,0
1062,181,0
1108,181,0
1209,181,0
1227,181,0
1276,181,0
1280,181,0
1302,181,0
1332,181,0
1354,181,0
1364,181,0
1408,181,0
1447,181,0
1474,181,0
1567,181,0
182,373,3
449,182,0
521,182,0
182,703,3
785,182,0
182,998,3
349,183,0
859,183,0
1071,183,0
1079,183,0
1342,183,0
1445,183,0
1477,183,0
1569,183,0
184,270,3
184,431,3
434,184,0
464,184,0
678,184,0
1537,184,0
833,185,0
185,1065,3
1117,185,0
1149,185,0
1158,185,0
185,1251,3
54,186,0
57,186,0
71,186,0
212,186,0
215,186,0
262,186,0
304,186,0
361,186,0
381,186,0
398,186,0
403,186,0
424,186,0
186,470,3
480,186,0
482,186,0
499,186,0
511,186,0
614,186,0
620,186,0
629,186,0
630,186,0
643,186,0
669,186,0
736,186,0
758,186,0
761,186,0
790,186,0
795,186,0
802,186,0
824,186,0
831,186,0
881,186,0
921,186,0
924,186,0
1028,186,0
1035,186,0
1047,186,0
1088,186,0
1106,186,0
1111,186,0
1131,186,0
1150,186,0
1194,186,0
1195,186,0
1205,186,0
1225,186,0
1253,186,0
1297,186,0
1305,186,0
1322,186,0
1323,186,0
1332,186,0
1351,186,0
1357,186,0
1370,186,0
1372,186,0
1403,186,0
1441,186,0
1465,186,0
1483,186,0
1486,186,0
1560,186,0
1562,186,0
1563,186,0
1565,186,0
1577,186,0
1617,186,0
764,187,0
799,187,0
824,187,0
873,187,0
937,187,0
1257,187,0
1381,187,0
1488,187,0
188,213,3
188,639,3
765,188,0
188,1028,3
1544,188,0
189,463,3
189,1290,3
245,190,0
288,190,0
744,190,0
961,190,0
1347,190,0
1596,190,0
293,191,0
405,191,0
553,191,0
191,624,3
806,191,0
914,191,0
1035,191,0
1248,191,0
1252,191,0
1303,191,0
1516,191,0
192,687,3
1139,192,0
1607,192,0
2,193,0
78,193,0
84,193,0
90,193,0
100,193,0
114,193,0
118,193,0
170,193,0
202,193,0
209,193,0
216,193,0
230,193,0
243,193,0
250,193,0
254,193,0
275,193,0
277,193,0
193,286,3
290,193,0
302,193,0
316,193,0
318,193,0
322,193,0
324,193,0
328,193,0
347,193,0
375,193,0
376,193,0
389,193,0
403,193,0
415,193,0
429,193,0
446,193,0
474,193,0
479,193,0
480,193,0
481,193,0
484,193,0
504,193,0
545,193,0
562,193,0
572,193,0
591,193,0
612,193,0
617,193,0
619,193,0
628,193,0
645,193,0
656,193,0
663,193,0
678,193,0
696,193,0
711,193,0
719,193,0
722,193,0
728,193,0
731,193,0
745,193,0
746,193,0
754,193,0
757,193,0
765,193,0
769,193,0
771,193,0
777,193,0
795,193,0
813,193,0
821,193,0
822,193,0
827,193,0
845,193,0
849,193,0
850,193,0
868,193,0
871,193,0
872,193,0
877,193,0
885,193,0
886,193,0
900,193,0
906,193,0
193,910,3
933,193,0
949,193,0
963,193,0
976,193,0
987,193,0
990,193,0
1003,193,0
1009,193,0
1013,193,0
1032,193,0
1042,193,0
1043,193,0
1056,193,0
1062,193,0
1063,193,0
1080,193,0
1088,193,0
1121,193,0
1130,193,0
1134,193,0
1137,193,0
1153,193,0
1154,193,0
1159,193,0
1168,193,0
1186,193,0
1202,193,0
1210,193,0
1219,193,0
1225,193,0
1228,193,0
1232,193,0
1249,193,0
1263,193,0
1287,193,0
1295,193,0
1305,193,0
1309,193,0
1324,193,0
1331,193,0
1332,193,0
1341,193,0
1351,193,0
1363,193,0
1369,193,0
1374,193,0
1391,193,0
1420,193,0
1457,193,0
1464,193,0
1489,193,0
1490,193,0
1491,193,0
1505,193,0
1513,193,0
1518,193,0
1535,193,0
1549,193,0
1554,193,0
1557,193,0
1580,193,0
1584,193,0
1585,193,0
1600,193,0
1601,193,0
1633,193,0
1640,193,0
1641,193,0
35,194,0
238,194,0
411,194,0
466,194,0
194,502,3
776,194,0
854,194,0
896,194,0
1006,194,0
194,1339,3
1519,194,0
195,395,3
195,619,3
195,623,3
196,969,3
197,778,3
198,273,3
198,574,3
199,371,3
199,1008,3
199,1244,3
200,1376,3
201,232,3
201,853,3
202,1173,3
203,415,3
203,1009,3
204,415,3
206,1277,3
207,600,3
208,816,3
208,1474,3
209,288,3
210,1089,3
211,943,3
211,1250,3
211,1350,3
211,1464,3
211,1521,3
212,280,3
213,932,3
213,1424,3
214,1029,3
214,1520,3
214,1607,3
215,227,3
215,955,3
216,716,3
217,1284,3
218,915,3
219,543,3
219,1126,3
219,1564,3
221,481,3
222,1182,3
223,506,3
223,638,3
223,1031,3
223,1345,3
224,923,3
224,1319,3
225,316,3
225,1519,3
226,1286,3
227,722,3
228,404,3
229,1165,3
229,1187,3
229,1399,3
229,1459,3
230,323,3
231,248,3
231,503,3
231,1345,3
231,1411,3
232,316,3
232,1167,3
232,1616,3
233,999,3
233,1104,3
234,483,3
234,1210,3
235,645,3
235,1632,3
238,756,3
238,1273,3
239,459,3
239,1136,3
239,1288,3
239,1432,3
239,1445,3
241,647,3
241,763,3
242,372,3
242,824,3
242,907,3
243,1594,3
244,326,3
244,629,3
245,888,3
245,943,3
245,1020,3
245,1092,3
247,596,3
247,1219,3
247,1323,3
247,1583,3
248,273,3
248,479,3
248,533,3
248,1084,3
250,320,3
250,520,3
250,1593,3
252,945,3
252,1149,3
254,268,3
254,1349,3
255,414,3
257,1119,3
257,1490,3
258,1566,3
258,1572,3
260,357,3
260,706,3
260,924,3
261,393,3
261,776,3
262,1197,3
263,575,3
263,643,3
264,516,3
264,665,3
264,857,3
265,349,3
265,669,3
265,1053,3
266,832,3
266,1267,3
266,1553,3
266,1579,3
267,1478,3
270,825,3
270,890,3
270,1217,3
270,1427,3
271,909,3
272,357,3
272,841,3
272,997,3
273,1605,3
274,630,3
274,1392,3
276,1307,3
278,548,3
278,984,3
278,1103,3
278,1506,3
281,1016,3
282,1589,3
283,1004,3
284,899,3
286,1078,3
287,667,3
287,842,3
287,1543,3
289,1250,3
289,1349,3
291,864,3
293,603,3
295,376,3
296,512,3
297,1249,3
298,325,3
298,844,3
300,570,3
301,415,3
301,1218,3
301,1566,3
302,1222,3
305,371,3
305,461,3
305,914,3
305,1146,3
306,367,3
308,1117,3
310,1575,3
311,1232,3
312,639,3
313,620,3
315,1156,3
317,339,3
317,459,3
317,567,3
318,342,3
318,1012,3
320,887,3
320,1078,3
320,1353,3
320,1477,3
322,1481,3
323,760,3
323,910,3
324,530,3
324,1296,3
324,1487,3
325,880,3
325,1566,3
326,362,3
326,867,3
326,1036,3
326,1102,3
326,1508,3
327,403,3
327,686,3
327,692,3
328,453,3
329,1144,3
331,839,3
333,1584,3
334,483,3
336,369,3
337,738,3
337,764,3
337,1408,3
338,639,3
339,1478,3
341,426,3
341,532,3
342,535,3
342,706,3
342,960,3
343,376,3
343,1257,3
343,1485,3
343,1594,3
344,1099,3
347,574,3
347,785,3
347,1424,3
348,393,3
348,984,3
348,1274,3
348,1300,3
351,948,3
352,954,3
352,1391,3
353,953,3
354,1631,3
355,829,3
355,920,3
355,1033,3
356,873,3
358,926,3
359,425,3
359,691,3
360,658,3
360,730,3
360,1532,3
361,691,3
361,712,3
361,1083,3
362,601,3
362,611,3
364,387,3
364,951,3
365,1462,3
367,588,3
367,771,3
368,809,3
368,1095,3
368,1565,3
369,395,3
369,849,3
369,1442,3
370,827,3
371,1091,3
372,1031,3
372,1181,3
373,438,3
373,1035,3
374,523,3
375,858,3
376,773,3
378,509,3
379,658,3
380,1464,3
380,1487,3
381,479,3
382,1465,3
383,774,3
384,391,3
385,1613,3
386,1132,3
386,1335,3
387,1108,3
387,1253,3
388,537,3
389,512,3
390,721,3
390,778,3
390,1364,3
391,1518,3
392,987,3
392,1071,3
392,1600,3
393,681,3
394,520,3
394,1413,3
395,636,3
395,1051,3
395,1478,3
396,859,3
396,1574,3
398,660,3
398,716,3
399,1164,3
399,1623,3
400,1139,3
401,556,3
401,786,3
401,1417,3
402,1465,3
403,1128,3
403,1256,3
404,1062,3
405,1041,3
405,1303,3
408,1184,3
409,501,3
409,606,3
409,1440,3
410,535,3
411,509,3
412,810,3
412,1115,3
414,705,3
414,1052,3
414,1303,3
415,1525,3
416,556,3
416,1164,3
419,1060,3
420,1193,3
422,1397,3
423,470,3
424,1203,3
424,1641,3
425,837,3
425,928,3
428,588,3
429,794,3
430,971,3
431,875,3
431,1253,3
432,1003,3
434,1130,3
434,1325,3
435,864,3
435,1385,3
435,1600,3
436,490,3
436,1113,3
437,813,3
439,474,3
439,969,3
439,1627,3
440,804,3
440,1093,3
441,1496,3
442,1445,3
443,1436,3
444,684,3
444,959,3
444,1422,3
445,946,3
446,1410,3
447,821,3
448,1197,3
448,1358,3
450,1064,3
450,1521,3
451,660,3
453,1385,3
454,1166,3
457,1317,3
458,1504,3
460,1254,3
460,1284,3
461,1620,3
462,936,3
465,770,3
468,732,3
468,755,3
469,1339,3
470,636,3
471,873,3
471,1030,3
471,1617,3
475,903,3
476,621,3
476,1442,3
477,522,3
478,1210,3
479,768,3
481,586,3
481,919,3
482,1110,3
483,569,3
483,1003,3
483,1082,3
484,1285,3
484,1367,3
485,947,3
485,967,3
485,1404,3
486,1093,3
486,1263,3
486,1390,3
486,1484,3
487,953,3
487,1612,3
488,688,3
488,708,3
488,732,3
488,768,3
489,1210,3
489,1456,3
490,945,3
492,683,3
492,941,3
492,1027,3
494,542,3
496,1157,3
497,684,3
497,1536,3
498,819,3
500,691,3
501,842,3
502,1015,3
503,999,3
503,1150,3
504,1576,3
505,947,3
507,777,3
507,1137,3
509,689,3
511,970,3
511,1104,3
512,819,3
512,1496,3
513,1432,3
514,779,3
514,1132,3
515,539,3
515,810,3
518,524,3
518,1259,3
518,1460,3
519,1241,3
522,635,3
522,713,3
523,1473,3
524,1110,3
524,1630,3
525,553,3
525,1409,3
526,981,3
526,996,3
526,1470,3
527,675,3
527,870,3
527,1316,3
528,864,3
528,1387,3
528,1621,3
529,1143,3
529,1175,3
529,1362,3
530,941,3
531,812,3
531,1574,3
533,1609,3
535,631,3
535,1167,3
535,1520,3
536,590,3
537,1607,3
538,1342,3
539,1059,3
540,1178,3
542,974,3
542,1189,3
542,1405,3
543,919,3
543,1294,3
543,1446,3
544,1572,3
545,718,3
545,1585,3
546,890,3
546,1456,3
547,553,3
547,721,3
547,1230,3
547,1301,3
548,1492,3
549,1179,3
550,807,3
550,883,3
550,1076,3
551,993,3
554,855,3
555,1413,3
556,562,3
556,1096,3
557,1173,3
557,1409,3
558,1416,3
559,1141,3
559,1432,3
560,685,3
560,1426,3
562,652,3
567,1404,3
568,1635,3
569,754,3
569,812,3
569,961,3
569,1295,3
569,1369,3
570,592,3
570,820,3
570,1119,3
570,1532,3
571,1153,3
572,989,3
572,1063,3
572,1316,3
572,1551,3
574,1589,3
574,1603,3
576,1633,3
577,598,3
577,649,3
577,1173,3
578,1142,3
580,1439,3
580,1453,3
581,738,3
581,991,3
581,1160,3
583,1259,3
583,1515,3
584,1524,3
584,1554,3
586,1080,3
588,1364,3
589,1495,3
590,1085,3
590,1278,3
590,1349,3
590,1547,3
591,836,3
591,856,3
592,1619,3
593,1226,3
593,1327,3
594,797,3
595,739,3
596,649,3
596,1405,3
597,1400,3
598,967,3
598,1152,3
599,1160,3
599,1329,3
600,822,3
601,1439,3
602,1167,3
603,693,3
603,1366,3
603,1544,3
604,701,3
605,1105,3
605,1156,3
605,1271,3
605,1531,3
605,1574,3
606,1038,3
609,1402,3
609,1406,3
612,646,3
612,1080,3
612,1601,3
614,771,3
614,1457,3
615,1510,3
616,1001,3
616,1133,3
616,1188,3
616,1209,3
616,1241,3
616,1277,3
616,1339,3
617,1388,3
618,1048,3
618,1465,3
619,1106,3
620,647,3
620,1105,3
620,1293,3
620,1398,3
620,1444,3
621,711,3
621,1418,3
622,891,3
624,797,3
625,815,3
626,709,3
626,1443,3
628,743,3
628,1564,3
629,745,3
629,878,3
629,1081,3
630,1555,3
631,1133,3
633,766,3
633,1569,3
635,979,3
636,728,3
636,1186,3
637,1522,3
639,1604,3
640,735,3
640,1430,3
643,1162,3
645,943,3
645,1301,3
645,1617,3
646,1031,3
648,728,3
648,1170,3
649,962,3
649,1332,3
650,841,3
650,931,3
650,1036,3
650,1044,3
650,1108,3
652,770,3
653,881,3
654,723,3
655,959,3
655,1391,3
658,684,3
658,917,3
659,1066,3
660,729,3
660,1156,3
661,1155,3
661,1543,3
662,1621,3
663,829,3
665,1382,3
666,1102,3
667,817,3
667,842,3
667,1112,3
667,1532,3
671,1039,3
672,764,3
673,1419,3
676,1268,3
677,1161,3
678,800,3
679,1000,3
679,1090,3
682,1303,3
684,1107,3
684,1573,3
685,1070,3
685,1617,3
686,700,3
686,787,3
686,852,3
686,967,3
688,910,3
691,1486,3
692,726,3
692,929,3
693,1052,3
695,839,3
695,1092,3
696,730,3
697,1350,3
698,842,3
698,1276,3
698,1542,3
699,1184,3
700,1338,3
700,1501,3
701,751,3
701,1090,3
701,1220,3
701,1413,3
702,982,3
702,1276,3
707,1622,3
709,1461,3
710,887,3
710,949,3
710,1093,3
710,1330,3
711,883,3
711,1193,3
713,753,3
713,1115,3
713,1279,3
715,1618,3
716,1595,3
717,858,3
719,876,3
719,1528,3
720,1097,3
720,1490,3
721,1202,3
722,1263,3
723,1181,3
723,1511,3
724,1215,3
724,1286,3
724,1424,3
725,939,3
726,1362,3
727,921,3
727,1355,3
730,970,3
731,735,3
732,1125,3
734,1107,3
735,779,3
735,1248,3
735,1503,3
735,1611,3
737,920,3
737,1052,3
739,1294,3
739,1595,3
740,1352,3
740,1524,3
742,922,3
742,968,3
742,1387,3
743,1039,3
743,1101,3
744,942,3
745,1271,3
745,1353,3
746,917,3
748,1011,3
749,1134,3
749,1176,3
749,1290,3
750,1293,3
751,766,3
751,1278,3
752,1041,3
753,1003,3
753,1131,3
753,1177,3
753,1223,3
753,1392,3
754,1029,3
754,1523,3
755,865,3
755,1369,3
756,1099,3
757,919,3
758,1171,3
759,1513,3
759,1617,3
760,875,3
760,933,3
761,853,3
761,1341,3
761,1638,3
763,1531,3
764,1269,3
764,1394,3
765,773,3
765,802,3
765,1125,3
765,1348,3
766,1137,3
767,846,3
769,955,3
770,999,3
770,1603,3
771,804,3
771,1012,3
771,1487,3
772,952,3
773,1460,3
774,865,3
775,1401,3
775,1577,3
776,1161,3
778,817,3
778,1164,3
778,1461,3
778,1533,3
780,961,3
780,1473,3
781,1433,3
783,1118,3
783,1254,3
785,882,3
786,1289,3
788,1201,3
788,1324,3
790,1130,3
793,1450,3
794,993,3
795,1149,3
795,1201,3
796,1382,3
796,1441,3
797,1403,3
801,1609,3
802,1215,3
803,1289,3
804,1479,3
805,1097,3
805,1101,3
805,1527,3
806,1023,3
806,1138,3
807,906,3
808,1574,3
809,1235,3
809,1595,3
810,965,3
812,1201,3
812,1377,3
813,1305,3
814,1527,3
815,1468,3
818,1109,3
819,1030,3
819,1335,3
819,1366,3
820,1360,3
821,1408,3
821,1433,3
824,1025,3
829,965,3
829,1476,3
830,1137,3
830,1363,3
833,988,3
834,1174,3
834,1468,3
834,1587,3
835,1211,3
835,1299,3
836,958,3
836,1186,3
836,1549,3
837,1143,3
837,1520,3
839,996,3
840,1133,3
841,1524,3
842,844,3
844,1543,3
845,1239,3
846,940,3
849,854,3
849,1380,3
850,920,3
850,1051,3
851,1034,3
853,1337,3
857,1050,3
857,1441,3
857,1452,3
857,1592,3
858,1083,3
858,1166,3
860,1234,3
862,873,3
862,1560,3
864,1437,3
865,1312,3
865,1356,3
868,1517,3
869,1229,3
871,1361,3
872,890,3
872,1521,3
873,1093,3
873,1418,3
874,1039,3
875,1432,3
877,1426,3
878,1168,3
878,1356,3
878,1465,3
879,1212,3
881,1231,3
881,1508,3
884,1193,3
884,1353,3
884,1555,3
893,1330,3
894,912,3
895,1493,3
896,1021,3
896,1372,3
898,1136,3
899,1016,3
899,1389,3
901,1501,3
902,1023,3
902,1150,3
905,1010,3
905,1114,3
906,944,3
906,1087,3
906,1166,3
908,1109,3
908,1129,3
912,1207,3
915,1264,3
916,949,3
918,1259,3
918,1264,3
918,1285,3
919,995,3
919,1493,3
920,1336,3
921,984,3
923,971,3
924,1282,3
926,1004,3
926,1159,3
928,980,3
928,1052,3
930,1285,3
931,1528,3
933,1244,3
935,1267,3
936,1298,3
937,1121,3
938,1628,3
939,1328,3
942,1510,3
943,1292,3
943,1314,3
943,1327,3
944,1186,3
947,1446,3
948,1382,3
949,1495,3
950,1604,3
951,1003,3
952,1387,3
953,1045,3
953,1240,3
954,963,3
954,1223,3
955,1007,3
955,1054,3
956,1630,3
957,962,3
959,1449,3
960,1211,3
961,1162,3
961,1456,3
961,1610,3
962,1164,3
962,1598,3
965,1234,3
965,1402,3
966,1170,3
969,1471,3
970,1150,3
970,1461,3
971,1020,3
971,1306,3
975,1261,3
979,1324,3
979,1544,3
980,1113,3
982,1241,3
983,1252,3
985,1113,3
986,1067,3
986,1075,3
986,1136,3
988,1572,3
989,1304,3
989,1356,3
989,1571,3
989,1582,3
989,1586,3
992,1233,3
993,1598,3
993,1608,3
994,1282,3
994,1465,3
997,1047,3
997,1522,3
1001,1157,3
1002,1283,3
1003,1004,3
1004,1588,3
1005,1258,3
1008,1581,3
1008,1630,3
1010,1255,3
1010,1473,3
1011,1461,3
1012,1242,3
1014,1159,3
1014,1584,3
1015,1221,3
1016,1137,3
1017,1131,3
1017,1216,3
1017,1529,3
1017,1594,3
1018,1114,3
1019,1366,3
1020,1428,3
1022,1452,3
1023,1166,3
1024,1061,3
1024,1429,3
1028,1205,3
1029,1540,3
1029,1545,3
1031,1419,3
1031,1559,3
1033,1387,3
1034,1425,3
1034,1525,3
1037,1245,3
1039,1282,3
1042,1350,3
1044,1157,3
1044,1435,3
1045,1459,3
1047,1498,3
1048,1594,3
1049,1346,3
1050,1534,3
1052,1199,3
1054,1533,3
1056,1091,3
1056,1217,3
1056,1295,3
1057,1553,3
1059,1113,3
1060,1129,3
1060,1278,3
1060,1298,3
1063,1301,3
1063,1624,3
1066,1357,3
1067,1204,3
1068,1132,3
1068,1305,3
1072,1085,3
1072,1392,3
1072,1485,3
1073,1600,3
1074,1637,3
1076,1312,3
1076,1541,3
1077,1624,3
1078,1186,3
1079,1404,3
1083,1180,3
1084,1620,3
1086,1347,3
1087,1115,3
1087,1602,3
1088,1154,3
1088,1336,3
1089,1095,3
1091,1397,3
1092,1492,3
1098,1414,3
1098,1635,3
1099,1397,3
1100,1265,3
1104,1233,3
1105,1427,3
1106,1539,3
1108,1500,3
1109,1554,3
1111,1241,3
1113,1132,3
1115,1498,3
1116,1487,3
1117,1540,3
1118,1144,3
1118,1293,3
1119,1521,3
1121,1269,3
1122,1240,3
1122,1471,3
1125,1538,3
1126,1144,3
1128,1236,3
1129,1355,3
1129,1524,3
1131,1146,3
1139,1543,3
1140,1391,3
1140,1451,3
1141,1612,3
1144,1231,3
1144,1320,3
1145,1591,3
1146,1177,3
1147,1605,3
1148,1277,3
1148,1499,3
1150,1201,3
1152,1242,3
1154,1156,3
1157,1435,3
1163,1618,3
1165,1526,3
1166,1538,3
1170,1596,3
1171,1471,3
1171,1496,3
1172,1381,3
1174,1282,3
1175,1571,3
1176,1546,3
1176,1590,3
1177,1421,3
1179,1578,3
1181,1516,3
1188,1341,3
1189,1201,3
1193,1260,3
1193,1327,3
1197,1277,3
1197,1352,3
1198,1207,3
1201,1219,3
1203,1534,3
1204,1495,3
1206,1359,3
1207,1397,3
1208,1285,3
1211,1606,3
1213,1538,3
1214,1383,3
1214,1462,3
1215,1632,3
1218,1333,3
1219,1591,3
1220,1337,3
1220,1489,3
1222,1421,3
1226,1630,3
1233,1345,3
1236,1370,3
1238,1622,3
1241,1623,3
1244,1326,3
1244,1564,3
1245,1549,3
1246,1560,3
1248,1282,3
1248,1304,3
1253,1618,3
1255,1445,3
1255,1548,3
1259,1361,3
1259,1547,3
1265,1536,3
1266,1317,3
1266,1549,3
1267,1372,3
1269,1382,3
1277,1548,3
1277,1563,3
1278,1593,3
1280,1397,3
1280,1629,3
1281,1438,3
1291,1520,3
1295,1321,3
1297,1301,3
1301,1319,3
1304,1385,3
1304,1531,3
1305,1430,3
1307,1414,3
1309,1366,3
1311,1405,3
1311,1425,3
1312,1432,3
1312,1528,3
1313,1468,3
1313,1570,3
1314,1470,3
1317,1519,3
1317,1570,3
1320,1391,3
1320,1487,3
1325,1507,3
1326,1487,3
1344,1536,3
1345,1451,3
1345,1517,3
1346,1532,3
1346,1540,3
1346,1635,3
1347,1512,3
1348,1356,3
1349,1504,3
1350,1525,3
1351,1399,3
1354,1492,3
1354,1541,3
1357,1454,3
1358,1632,3
1363,1464,3
1369,1461,3
1371,1594,3
1378,1605,3
1379,1475,3
1384,1500,3
1389,1519,3
1390,1407,3
1397,1410,3
1404,1432,3
1410,1500,3
1417,1458,3
1419,1538,3
1421,1510,3
1426,1573,3
1427,1431,3
1432,1604,3
1441,1468,3
1458,1496,3
1464,1590,3
1465,1576,3
1467,1633,3
1474,1622,3
1490,1508,3
1493,1510,3
1501,1584,3
1518,1592,3
1519,1544,3
1530,1576,3
1535,1631,3
1549,1560,3
1554,1558,3
1559,1561,3
1562,1612,3
1565,1592,3
1569,1596,3
1576,1600,3
1583,1598,3
