0,166,1
0,200,1
0,290,1
0,498,1
0,712,3
0,713,3
0,848,1
0,918,1
0,935,1
0,987,1
0,988,1
0,1124,1
0,1129,1
0,1161,1
0,1301,1
0,1362,1
0,1426,1
1,26,1
1,421,3
1,429,3
1,662,1
1,701,1
1,824,3
1,980,3
1,1061,3
1,1069,1
1,1152,1
1,1176,1
1,1220,1
1,1262,1
1,1277,1
1,1352,1
1,1414,1
1,1599,1
2,509,1
2,548,1
2,757,3
2,827,1
2,947,3
2,1251,1
2,1287,1
2,1490,1
2,1491,1
2,1535,1
3,222,1
3,249,1
3,258,1
3,319,1
3,654,3
3,687,1
3,1322,1
3,1333,3
3,1340,1
4,116,1
4,234,1
4,621,3
4,819,1
5,236,3
5,272,3
5,479,3
5,495,1
5,567,3
5,1042,1
5,1231,1
5,1400,1
6,326,1
6,895,3
6,1207,1
6,1536,1
7,22,1
7,179,1
7,204,1
7,284,1
7,345,1
7,364,3
7,399,1
7,484,1
7,555,1
7,562,1
7,581,1
7,590,1
7,772,1
7,776,1
7,778,1
7,822,1
7,842,1
7,936,1
7,940,1
7,973,1
7,1021,3
7,1122,1
7,1159,1
7,1180,1
7,1394,1
7,1458,1
7,1503,1
8,26,3
9,210,1
9,298,1
9,497,1
9,994,1
9,1084,1
9,1311,1
10,175,1
10,279,1
10,314,1
10,316,1
10,318,1
10,381,1
10,389,1
10,390,1
10,437,1
10,464,1
10,489,1
10,516,1
10,529,1
10,642,1
10,683,1
10,698,1
10,705,1
10,746,1
10,828,1
10,866,1
10,895,1
10,906,1
10,925,1
10,949,3
10,951,1
10,969,1
10,981,1
10,996,1
10,1008,1
10,1022,1
10,1028,1
10,1047,1
10,1054,1
10,1134,1
10,1143,1
10,1162,3
10,1221,1
10,1226,1
10,1234,1
10,1235,1
10,1237,1
10,1419,3
10,1427,1
10,1469,1
10,1504,1
10,1532,1
10,1553,1
10,1554,1
10,1560,1
10,1580,1
10,1628,1
11,77,1
11,243,1
11,319,1
11,460,1
11,475,1
11,496,1
11,628,1
11,632,1
11,680,1
11,716,1
11,726,1
11,745,1
11,805,1
11,836,1
11,858,1
11,1188,1
11,1191,1
11,1204,1
11,1212,3
11,1213,1
11,1225,1
11,1242,1
11,1352,3
11,1528,3
11,1585,1
12,22,1
12,34,1
12,157,3
12,191,3
12,211,1
12,241,1
12,242,1
12,300,1
12,370,1
12,386,1
12,404,1
12,409,1
12,431,1
12,458,1
12,490,1
12,583,1
12,644,1
12,645,1
12,654,1
12,673,1
12,684,3
12,721,1
12,748,1
12,749,1
12,753,1
12,804,1
12,832,1
12,869,1
12,899,3
12,930,1
12,976,1
12,977,3
12,1095,1
12,1123,1
12,1260,1
12,1266,1
12,1288,1
12,1314,1
12,1326,1
12,1339,3
12,1349,1
12,1355,1
12,1366,1
12,1373,1
12,1443,1
12,1463,1
12,1517,1
12,1527,1
12,1543,1
12,1571,1
12,1589,1
12,1609,1
12,1642,1
13,65,1
13,294,1
13,349,1
13,488,1
13,520,3
13,644,3
13,747,1
13,1255,3
13,1597,1
14,215,1
14,289,1
14,914,1
14,932,1
14,1085,1
14,1401,1
15,108,1
15,114,1
15,118,1
15,307,1
15,315,1
15,328,1
15,444,1
15,525,1
15,686,1
15,757,1
15,824,1
15,852,1
15,887,1
15,1011,1
15,1063,1
15,1133,1
15,1228,1
15,1235,3
15,1240,1
15,1280,1
15,1282,1
15,1367,1
15,1377,1
15,1379,1
15,1439,1
15,1608,1
16,83,3
16,236,1
16,296,3
16,455,1
16,797,3
16,1142,3
17,103,2
17,718,3
17,1280,3
18,309,1
18,411,3
18,479,1
18,572,1
18,614,1
18,732,1
18,1112,1
18,1272,1
18,1369,1
19,135,1
19,844,1
19,860,1
19,1170,1
20,17,1
20,298,3
20,475,1
20,589,3
20,612,1
20,829,1
20,1378,3
20,1446,1
20,1606,1
21,252,1
21,333,1
21,375,1
21,513,1
21,864,3
21,1251,1
21,1342,3
22,356,3
22,399,1
22,555,1
22,776,1
22,778,1
22,822,1
22,973,1
22,1106,1
22,1159,1
22,1220,1
22,1268,3
22,1503,1
23,214,1
23,483,1
23,761,1
23,818,3
23,1255,1
23,1436,1
23,1443,3
23,1596,1
24,122,3
24,135,3
24,914,3
24,1029,1
24,1181,1
24,1453,1
25,291,3
25,329,1
25,500,1
25,543,1
25,622,1
25,646,1
25,740,1
25,1298,1
25,1603,1
26,56,2
26,551,3
26,1498,3
27,364,1
27,430,3
27,690,3
27,802,1
27,887,1
27,1182,1
27,1208,3
27,1249,1
27,1431,1
28,489,3
28,1149,3
28,1237,3
29,394,1
29,689,1
29,942,3
29,1122,1
29,1307,1
30,125,1
30,454,1
30,823,1
30,1167,1
30,1368,1
31,205,1
31,250,1
31,423,1
31,554,1
31,596,3
31,729,1
31,1013,1
31,1168,1
31,1210,1
31,1308,1
31,1315,1
31,1335,1
31,1341,1
31,1353,1
32,16,1
32,841,1
32,1018,3
32,1248,1
32,1296,1
33,86,3
33,240,1
33,874,1
33,886,1
33,1157,1
33,1187,1
33,1342,1
33,1420,3
34,89,1
34,193,3
34,226,1
34,501,1
34,563,1
34,794,1
34,815,1
34,931,1
34,1106,1
34,1194,1
34,1305,1
34,1323,1
34,1565,1
34,1606,1
35,78,1
35,88,3
35,274,3
35,319,1
35,442,1
35,647,1
35,746,1
35,759,3
35,789,1
35,853,1
35,1148,1
35,1618,1
36,153,3
36,164,2
36,178,1
36,247,1
36,248,1
36,263,1
36,289,3
36,301,1
36,421,1
36,542,1
36,635,1
36,795,1
36,815,1
36,817,3
36,841,1
36,950,1
36,955,1
36,974,1
36,1018,1
36,1296,1
36,1308,1
36,1363,1
37,197,1
37,285,1
37,341,1
37,526,1
37,787,1
37,840,1
37,930,3
37,1060,1
37,1233,1
37,1263,1
37,1451,1
38,57,1
38,249,1
38,391,1
38,401,3
38,602,1
38,666,1
38,793,1
38,943,1
38,1033,1
38,1046,1
38,1261,1
38,1570,1
40,168,1
40,257,3
40,273,1
40,683,1
40,834,3
40,1007,1
40,1065,1
40,1305,3
40,1349,1
40,1532,1
41,105,3
41,187,1
41,264,3
41,277,1
41,318,1
41,453,3
41,607,1
41,676,3
41,821,1
41,1114,1
42,4,1
42,44,3
42,202,1
42,244,1
42,342,1
42,498,1
42,522,1
42,567,1
42,602,1
42,643,1
42,666,1
42,687,1
42,693,1
42,710,1
42,793,1
42,819,1
42,882,1
42,886,1
42,890,1
42,933,1
42,942,1
42,943,1
42,1002,1
42,1033,1
42,1066,3
42,1113,1
42,1201,1
42,1202,1
42,1222,1
42,1238,1
42,1265,3
42,1330,1
42,1378,1
42,1383,1
42,1402,1
42,1500,1
42,1584,1
42,1588,1
42,1600,1
42,1614,1
43,57,3
43,160,1
43,207,1
43,313,1
43,327,1
43,367,1
43,383,1
43,392,1
43,485,1
43,497,3
43,518,1
43,574,1
43,596,1
43,616,1
43,637,1
43,649,1
43,747,1
43,820,1
43,856,1
43,867,1
43,942,1
43,946,1
43,953,1
43,993,1
43,1004,1
43,1014,1
43,1032,1
43,1044,1
43,1192,1
43,1289,1
43,1324,1
43,1392,1
43,1479,1
43,1481,1
43,1489,1
43,1492,1
43,1511,1
43,1568,1
43,1630,1
44,456,1
44,615,3
44,623,1
44,729,1
44,739,1
44,1138,1
44,1139,1
44,1406,1
44,1590,1
44,1591,1
45,640,3
45,1149,3
46,835,3
46,949,3
47,201,1
47,252,1
47,295,1
47,305,1
47,354,1
47,364,1
47,397,1
47,441,1
47,461,1
47,517,1
47,536,1
47,584,1
47,592,1
47,599,1
47,604,1
47,658,1
47,697,1
47,699,1
47,710,1
47,715,1
47,718,1
47,834,1
47,839,1
47,846,1
47,954,1
47,964,1
47,971,1
47,980,1
47,1005,1
47,1015,1
47,1087,1
47,1098,1
47,1102,1
47,1119,1
47,1177,1
47,1183,1
47,1240,1
47,1250,1
47,1316,1
47,1318,1
47,1360,1
47,1365,1
47,1390,1
47,1397,1
47,1410,1
47,1418,1
47,1422,3
47,1478,3
47,1487,1
47,1528,1
47,1534,1
47,1552,1
47,1556,1
47,1575,1
47,1587,1
48,118,1
48,281,1
48,674,1
48,795,1
48,883,1
48,977,1
48,987,1
48,1239,1
48,1362,1
48,1470,1
48,1502,1
49,128,1
49,233,1
49,783,1
49,1146,1
49,1192,3
49,1205,1
49,1345,1
49,1361,1
49,1384,1
49,1465,1
49,1594,1
49,1617,1
50,141,1
50,248,3
50,287,1
50,334,1
50,428,1
50,606,1
50,619,1
50,641,1
50,851,1
50,855,1
50,942,1
50,1325,3
50,1459,1
50,1548,1
50,1614,1
51,77,1
51,79,3
51,164,1
51,197,3
51,263,1
51,301,1
51,363,1
51,391,1
51,432,1
51,462,1
51,478,1
51,576,1
51,635,1
51,690,1
51,766,1
51,795,1
51,836,1
51,841,1
51,950,1
51,955,1
51,974,1
51,997,1
51,1061,1
51,1170,1
51,1203,1
51,1211,1
51,1264,1
51,1296,1
51,1337,3
51,1363,1
51,1462,1
51,1611,1
52,310,1
52,559,1
52,703,1
52,815,3
52,1068,1
52,1274,1
53,263,3
53,444,3
53,942,1
54,384,3
54,914,1
54,1085,1
54,1174,3
55,594,3
56,209,1
56,223,1
56,395,3
56,730,1
56,863,3
56,1060,3
56,1320,1
56,1423,1
56,1557,1
57,255,1
57,358,1
57,365,1
57,400,3
57,438,1
57,466,1
57,713,1
57,897,1
57,1110,1
57,1164,1
57,1315,1
57,1422,1
57,1576,1
58,117,1
58,229,1
58,293,1
58,369,1
58,443,1
58,451,1
58,514,3
58,604,1
58,712,1
58,798,1
58,1021,1
58,1156,1
58,1380,1
58,1516,1
59,328,3
59,880,3
59,1001,3
60,1170,3
60,1304,3
61,120,3
61,134,3
61,359,1
61,493,1
61,816,1
61,901,1
61,1617,3
62,185,2
62,351,1
62,402,1
62,632,3
62,833,1
62,910,1
62,1065,1
62,1117,1
62,1149,1
62,1158,1
62,1275,1
62,1449,1
63,117,1
63,124,3
63,178,3
63,378,3
63,614,1
63,630,1
63,802,1
63,931,1
64,200,1
64,390,3
64,527,3
64,900,1
65,125,3
65,520,1
65,549,1
65,744,1
65,800,1
65,888,1
65,998,3
65,1086,1
65,1167,1
65,1218,1
65,1249,1
65,1417,1
65,1429,3
66,192,3
67,253,1
67,397,1
67,470,1
67,509,3
67,510,1
67,520,1
67,848,1
67,908,1
67,914,3
67,975,1
67,1126,1
67,1268,1
67,1452,1
67,1564,3
68,254,1
68,678,1
68,892,1
68,904,3
68,962,3
68,1219,1
68,1490,1
68,1505,1
68,1620,1
69,114,1
69,244,1
69,715,3
69,989,3
69,1415,1
70,44,1
70,207,1
70,238,3
70,459,1
70,470,1
70,755,1
70,935,1
70,945,1
70,987,1
70,989,1
70,1003,3
70,1273,1
70,1356,3
70,1419,1
70,1529,1
71,247,1
71,357,1
71,516,3
71,566,3
71,745,3
71,945,1
71,1273,1
71,1477,3
72,402,1
72,457,1
72,532,1
72,754,3
72,960,1
72,1452,1
72,1604,1
73,51,1
73,620,1
73,897,1
73,947,1
73,974,1
73,1532,3
74,102,1
74,221,1
74,235,1
74,335,1
74,645,1
74,949,1
74,956,1
74,1294,1
74,1523,1
74,1537,1
74,1538,1
74,1545,1
74,1595,3
74,1639,1
75,194,1
75,195,1
75,312,1
75,440,1
75,896,1
75,1006,1
75,1278,3
75,1471,1
75,1497,1
75,1510,3
75,1562,3
76,114,1
76,1564,1
77,91,1
77,114,1
77,118,1
77,237,1
77,239,1
77,243,1
77,257,1
77,261,1
77,291,1
77,369,1
77,384,1
77,412,1
77,414,1
77,446,1
77,475,1
77,512,1
77,519,1
77,538,1
77,539,1
77,557,1
77,564,1
77,585,1
77,587,1
77,593,1
77,618,1
77,628,1
77,639,1
77,650,1
77,675,1
77,688,1
77,691,1
77,696,1
77,726,1
77,767,1
77,805,1
77,858,1
77,868,1
77,892,1
77,893,1
77,912,1
77,923,1
77,948,1
77,1000,1
77,1010,1
77,1012,1
77,1021,1
77,1045,1
77,1061,1
77,1067,1
77,1093,1
77,1097,1
77,1153,1
77,1156,1
77,1212,1
77,1284,1
77,1293,1
77,1302,3
77,1310,1
77,1321,1
77,1332,1
77,1335,1
77,1356,1
77,1363,1
77,1385,1
77,1398,1
77,1406,1
77,1455,1
77,1519,1
77,1525,1
77,1526,1
77,1539,1
77,1558,1
77,1579,1
77,1582,1
77,1585,1
77,1615,1
77,1616,1
78,84,2
78,93,1
78,956,1
78,1198,1
78,1372,3
79,155,1
79,433,1
79,506,1
79,560,3
79,651,1
79,1224,1
79,1414,1
79,1506,1
80,169,1
80,1162,1
81,229,1
81,803,1
81,810,1
81,1357,1
81,1411,1
82,67,1
82,218,1
82,246,1
82,552,1
82,590,1
82,632,1
82,704,1
82,729,3
82,773,1
82,818,1
82,884,1
82,908,1
82,975,1
82,1213,1
82,1270,1
82,1453,1
82,1454,1
82,1626,1
83,2,1
83,31,1
83,33,1
83,98,1
83,100,1
83,120,2
83,128,1
83,138,1
83,149,1
83,152,1
83,155,1
83,175,1
83,183,1
83,195,1
83,205,1
83,216,1
83,219,1
83,224,1
83,227,1
83,229,1
83,250,1
83,251,1
83,260,1
83,265,1
83,267,1
83,269,1
83,275,1
83,283,1
83,286,1
83,289,1
83,291,1
83,292,1
83,314,1
83,330,1
83,336,1
83,341,1
83,342,1
83,347,1
83,349,1
83,353,1
83,357,1
83,362,1
83,368,1
83,371,1
83,376,1
83,387,1
83,393,1
83,410,1
83,417,1
83,423,1
83,426,1
83,430,1
83,440,1
83,446,1
83,453,1
83,463,1
83,466,1
83,472,1
83,473,1
83,492,1
83,502,1
83,504,1
83,505,1
83,509,1
83,522,1
83,523,1
83,529,1
83,533,1
83,539,1
83,540,1
83,541,1
83,544,1
83,554,1
83,555,1
83,560,1
83,564,1
83,568,1
83,589,1
83,591,1
83,598,1
83,601,1
83,613,1
83,615,1
83,627,1
83,643,1
83,656,1
83,659,1
83,661,1
83,663,1
83,675,1
83,684,1
83,687,1
83,691,1
83,694,1
83,712,1
83,722,1
83,724,1
83,728,1
83,731,1
83,735,1
83,765,1
83,767,1
83,770,1
83,774,1
83,777,1
83,778,1
83,781,1
83,783,1
83,792,1
83,807,1
83,810,1
83,811,1
83,813,1
83,817,1
83,822,1
83,827,1
83,838,1
83,843,1
83,849,1
83,850,1
83,859,1
83,862,1
83,866,1
83,871,1
83,880,1
83,885,1
83,889,1
83,891,1
83,894,1
83,925,1
83,933,1
83,934,1
83,938,1
83,948,1
83,951,1
83,952,1
83,963,1
83,965,1
83,978,1
83,984,1
83,1008,1
83,1009,1
83,1013,1
83,1016,1
83,1042,1
83,1043,1
83,1050,1
83,1054,1
83,1055,1
83,1071,1
83,1075,1
83,1077,1
83,1079,1
83,1103,1
83,1106,1
83,1116,1
83,1122,1
83,1130,1
83,1143,1
83,1144,1
83,1153,1
83,1159,1
83,1171,1
83,1194,1
83,1202,1
83,1204,1
83,1226,1
83,1229,1
83,1232,1
83,1234,1
83,1237,1
83,1243,1
83,1244,1
83,1245,1
83,1251,1
83,1274,1
83,1277,1
83,1281,1
83,1283,1
83,1287,1
83,1290,1
83,1303,1
83,1305,1
83,1306,1
83,1309,1
83,1315,1
83,1321,1
83,1324,1
83,1325,1
83,1327,1
83,1329,1
83,1331,1
83,1334,3
83,1342,1
83,1346,1
83,1348,1
83,1353,1
83,1356,1
83,1357,1
83,1363,1
83,1374,1
83,1375,1
83,1376,1
83,1380,1
83,1389,1
83,1398,1
83,1401,1
83,1406,1
83,1412,1
83,1413,1
83,1420,1
83,1445,1
83,1448,1
83,1460,1
83,1461,1
83,1468,1
83,1477,1
83,1481,1
83,1484,1
83,1489,1
83,1491,1
83,1496,1
83,1497,1
83,1504,1
83,1508,1
83,1510,1
83,1515,1
83,1518,1
83,1539,1
83,1542,1
83,1547,1
83,1555,1
83,1557,1
83,1558,1
83,1569,1
83,1578,1
83,1582,1
83,1599,1
83,1600,1
83,1601,1
83,1613,1
83,1623,1
83,1625,1
83,1628,1
83,1630,1
83,1632,1
84,551,3
85,112,1
85,238,1
85,835,1
85,854,1
85,862,1
85,1128,1
85,1282,1
85,1570,3
86,419,1
86,538,1
86,902,1
86,1062,1
86,1183,1
86,1332,1
86,1359,1
87,79,1
87,160,1
87,208,3
87,268,1
87,415,1
87,433,1
87,508,1
87,602,1
87,630,3
87,638,1
87,743,1
87,793,1
87,830,3
87,847,1
87,943,1
87,947,1
87,1107,1
87,1125,1
87,1224,1
87,1350,1
87,1506,1
87,1570,1
88,1496,3
89,544,3
89,745,3
89,1017,3
89,1090,1
89,1120,1
89,1247,1
89,1266,3
89,1288,1
89,1314,1
89,1373,3
89,1585,1
90,142,1
90,306,1
90,322,1
90,324,1
90,553,1
90,617,1
90,799,1
90,863,1
90,1133,1
90,1236,1
90,1263,1
90,1291,1
90,1391,1
90,1475,1
90,1604,1
90,1633,1
91,229,1
91,340,1
91,355,1
91,360,1
91,405,1
91,422,1
91,430,1
91,435,1
91,491,3
91,501,1
91,507,1
91,527,1
91,553,1
91,737,1
91,779,1
91,810,1
91,864,1
91,983,1
91,991,1
91,1038,1
91,1059,1
91,1065,3
91,1120,1
91,1140,1
91,1268,1
91,1286,1
91,1295,1
91,1357,1
91,1429,1
91,1524,1
91,1549,1
91,1584,3
91,1595,1
92,916,1
92,1142,1
92,1469,3
92,1636,1
93,110,3
93,124,3
93,269,3
93,431,1
93,1295,1
93,1549,1
94,198,1
94,199,1
94,220,1
94,234,1
94,241,1
94,306,1
94,374,1
94,388,3
94,401,1
94,458,1
94,469,1
94,551,1
94,844,1
94,995,1
94,1019,1
94,1025,1
94,1051,1
94,1072,1
94,1095,1
94,1105,1
94,1106,1
94,1123,1
94,1132,1
94,1155,1
94,1169,1
94,1194,1
94,1217,1
94,1223,1
94,1260,1
94,1295,1
94,1366,1
94,1415,3
94,1430,1
94,1537,3
95,109,1
95,134,2
95,281,1
95,494,1
95,674,1
95,847,1
95,865,3
95,883,1
95,1115,1
95,1239,1
95,1480,1
96,419,1
96,471,1
96,903,1
96,1017,1
96,1063,1
96,1092,1
96,1160,1
96,1175,1
96,1189,1
96,1522,1
96,1566,1
97,15,1
97,307,1
97,439,1
97,530,1
97,709,1
97,762,1
97,1166,1
97,1514,1
98,125,2
98,128,2
98,506,1
98,546,3
98,753,3
98,783,1
98,823,1
98,1040,1
98,1046,3
98,1368,1
98,1388,1
98,1396,1
98,1440,1
98,1465,1
98,1533,1
99,5,1
99,115,1
99,185,1
99,220,1
99,263,1
99,370,1
99,409,1
99,474,1
99,516,1
99,588,1
99,603,1
99,605,1
99,672,1
99,779,1
99,791,1
99,832,1
99,955,1
99,983,1
99,1018,1
99,1101,1
99,1164,1
99,1185,3
99,1269,3
99,1284,1
99,1288,1
99,1349,1
99,1425,1
99,1523,1
99,1593,1
100,316,1
100,318,1
100,372,1
100,376,1
100,389,1
100,538,3
100,659,1
100,746,1
100,770,1
100,906,1
100,909,1
100,963,1
100,969,1
100,1071,1
100,1079,1
100,1134,1
100,1144,1
100,1222,1
100,1469,1
100,1477,1
100,1484,1
100,1554,1
100,1555,1
101,172,2
101,1188,1
102,880,3
102,886,1
102,1332,3
102,1598,3
103,1077,1
103,1441,1
104,392,1
104,405,1
104,550,3
104,585,3
104,1246,1
105,162,3
105,543,1
105,784,1
105,1339,3
105,1395,1
106,511,1
106,558,1
106,580,3
106,629,1
106,727,3
106,1510,1
106,1622,1
107,826,1
107,1255,3
107,1588,1
107,1610,1
108,210,1
108,315,1
108,473,3
108,483,1
108,548,1
108,607,1
108,797,1
108,1023,3
108,1108,1
108,1254,1
108,1405,1
109,100,1
109,107,1
109,140,1
109,177,1
109,180,1
109,196,1
109,217,1
109,228,1
109,243,1
109,276,1
109,318,1
109,331,1
109,336,1
109,378,1
109,389,1
109,410,1
109,420,1
109,426,3
109,454,1
109,505,1
109,526,1
109,565,1
109,566,1
109,628,1
109,631,1
109,653,1
109,681,1
109,746,1
109,752,1
109,753,1
109,765,1
109,780,1
109,813,1
109,850,1
109,868,1
109,876,1
109,885,1
109,909,1
109,917,1
109,958,1
109,968,1
109,969,1
109,1020,1
109,1073,1
109,1077,1
109,1082,1
109,1103,1
109,1134,1
109,1155,1
109,1157,1
109,1188,1
109,1229,1
109,1241,1
109,1247,1
109,1279,1
109,1312,1
109,1328,1
109,1387,1
109,1393,1
109,1420,1
109,1444,1
109,1448,1
109,1469,1
109,1472,1
109,1494,1
109,1498,1
109,1509,1
109,1512,1
109,1531,1
109,1554,1
109,1585,1
109,1623,1
109,1624,1
109,1631,1
110,314,1
110,380,1
110,547,1
110,698,1
110,817,1
111,163,1
111,269,1
111,438,1
111,878,1
111,1145,1
111,1292,1
112,299,1
112,417,1
112,1069,1
112,1098,3
112,1393,3
112,1521,1
113,935,3
113,1492,3
114,223,1
114,265,1
114,279,1
114,296,1
114,348,1
114,370,3
114,372,1
114,373,1
114,377,1
114,393,1
114,406,1
114,448,1
114,464,1
114,488,1
114,489,1
114,494,1
114,521,1
114,537,1
114,556,1
114,586,1
114,597,1
114,640,1
114,648,1
114,664,1
114,668,1
114,708,1
114,753,1
114,768,1
114,808,1
114,813,1
114,850,1
114,856,1
114,865,1
114,866,1
114,895,1
114,910,1
114,951,1
114,1008,1
114,1026,1
114,1041,1
114,1054,1
114,1074,1
114,1078,1
114,1127,1
114,1136,1
114,1141,1
114,1151,1
114,1152,1
114,1172,1
114,1222,1
114,1229,1
114,1235,1
114,1237,1
114,1317,1
114,1339,1
114,1409,1
114,1420,1
114,1427,1
114,1437,1
114,1446,1
114,1472,1
114,1480,1
114,1498,1
114,1504,1
114,1512,1
114,1529,1
114,1573,1
114,1635,1
114,1637,1
114,1638,1
115,108,1
115,292,1
115,315,1
115,382,1
115,444,1
115,656,1
115,1027,3
115,1124,1
115,1280,1
115,1332,1
115,1460,1
115,1489,3
115,1518,1
116,402,3
116,486,1
116,577,1
116,1094,1
116,1206,1
116,1371,1
116,1416,3
116,1495,1
117,442,1
117,584,1
117,647,1
117,789,1
117,853,1
117,1148,1
117,1440,3
117,1618,1
118,200,1
118,223,1
118,279,1
118,296,1
118,302,3
118,312,3
118,348,1
118,373,1
118,377,1
118,393,1
118,406,1
118,448,1
118,464,1
118,488,1
118,489,1
118,494,1
118,537,1
118,556,1
118,576,3
118,586,1
118,640,1
118,648,1
118,668,1
118,708,1
118,753,1
118,808,1
118,866,1
118,885,1
118,895,1
118,910,1
118,1008,1
118,1026,1
118,1041,1
118,1078,1
118,1136,1
118,1141,1
118,1151,1
118,1152,1
118,1172,1
118,1229,1
118,1235,1
118,1237,1
118,1262,1
118,1317,1
118,1359,1
118,1374,1
118,1393,1
118,1420,1
118,1425,1
118,1427,1
118,1437,1
118,1446,1
118,1472,1
118,1498,1
118,1512,1
118,1529,1
118,1573,1
118,1635,1
119,1,1
119,2,1
119,4,1
119,11,1
119,12,1
119,18,1
119,26,1
119,31,1
119,38,1
119,56,1
119,57,1
119,61,1
119,62,1
119,72,1
119,77,1
119,87,1
119,90,1
119,96,1
119,108,1
119,112,1
119,116,1
119,118,1
119,121,1
119,125,1
119,136,1
119,151,1
119,155,1
119,163,1
119,164,1
119,168,1
119,170,2
119,188,1
119,192,1
119,194,1
119,195,1
119,199,1
119,202,1
119,205,1
119,209,1
119,230,1
231,119,0
233,119,0
238,119,0
240,119,0
244,119,0
250,119,0
255,119,0
256,119,0
281,119,0
287,119,0
291,119,0
299,119,0
302,119,0
312,119,0
315,119,0
320,119,0
322,119,0
324,119,0
333,119,0
334,119,0
342,119,0
344,119,0
349,119,0
358,119,0
359,119,0
361,119,0
365,119,0
385,119,0
391,119,0
395,119,0
402,119,0
411,119,0
414,119,0
419,119,0
423,119,0
433,119,0
442,119,0
444,119,0
446,119,0
457,119,0
467,119,0
471,119,0
477,119,0
481,119,0
491,119,0
493,119,0
500,119,0
503,119,0
505,119,0
508,119,0
509,119,0
515,119,0
528,119,0
531,119,0
532,119,0
538,119,0
539,119,0
543,119,0
546,119,0
553,119,0
554,119,0
570,119,0
576,119,0
578,119,0
593,119,0
596,119,0
600,119,0
606,119,0
609,119,0
611,119,0
617,119,0
619,119,0
626,119,0
639,119,0
641,119,0
642,119,0
647,119,0
652,119,0
655,119,0
658,119,0
659,119,0
662,119,0
666,119,0
669,119,0
674,119,0
675,119,0
676,119,0
677,119,0
683,119,0
685,119,0
693,119,0
705,119,0
711,119,0
713,119,0
714,119,0
721,119,0
723,119,0
727,119,0
729,119,0
730,119,0
738,119,0
754,119,0
756,119,0
764,119,0
769,119,0
770,119,0
777,119,0
788,119,0
789,119,0
793,119,0
794,119,0
807,119,0
812,119,0
816,119,0
818,119,0
819,119,0
823,119,0
830,119,0
833,119,0
844,119,0
853,119,0
854,119,0
855,119,0
857,119,0
859,119,0
861,119,0
863,119,0
877,119,0
879,119,0
883,119,0
896,119,0
897,119,0
898,119,0
903,119,0
912,119,0
920,119,0
923,119,0
927,119,0
928,119,0
929,119,0
931,119,0
933,119,0
944,119,0
948,119,0
950,119,0
957,119,0
959,119,0
960,119,0
962,119,0
966,119,0
970,119,0
979,119,0
984,119,0
986,119,0
988,119,0
990,119,0
995,119,0
1003,119,0
1006,119,0
1007,119,0
1013,119,0
1017,119,0
1023,119,0
1029,119,0
1033,119,0
1034,119,0
1040,119,0
1046,119,0
1080,119,0
1085,119,0
1100,119,0
1106,119,0
1107,119,0
1109,119,0
1115,119,0
1117,119,0
1121,119,0
1132,119,0
1138,119,0
1139,119,0
1142,119,0
1148,119,0
1149,119,0
1153,119,0
1158,119,0
1163,119,0
1164,119,0
1168,119,0
1169,119,0
1176,119,0
1181,119,0
1185,119,0
1186,119,0
1187,119,0
1189,119,0
1193,119,0
1194,119,0
1196,119,0
1197,119,0
1200,119,0
1202,119,0
1206,119,0
1210,119,0
1221,119,0
1224,119,0
1236,119,0
1239,119,0
1251,119,0
1262,119,0
1263,119,0
1274,119,0
1277,119,0
1284,119,0
1303,119,0
1305,119,0
1306,119,0
1307,119,0
1315,119,0
1319,119,0
1320,119,0
1331,119,0
1332,119,0
1334,119,0
1350,119,0
1353,119,0
1356,119,0
1368,119,0
1371,119,0
1382,119,0
1384,119,0
1392,119,0
1396,119,0
1398,119,0
1413,119,0
1421,119,0
1423,119,0
1438,119,0
1442,119,0
1445,119,0
1449,119,0
1452,119,0
1456,119,0
1457,119,0
1464,119,0
1475,119,0
1477,119,0
1478,119,0
1495,119,0
1513,119,0
1516,119,0
1521,119,0
1526,119,0
1539,119,0
1544,119,0
1545,119,0
1546,119,0
1551,119,0
1553,119,0
1558,119,0
1565,119,0
1568,119,0
1569,119,0
1579,119,0
1582,119,0
1591,119,0
1599,119,0
1600,119,0
1604,119,0
1607,119,0
1612,119,0
1618,119,0
1621,119,0
1629,119,0
1633,119,0
1636,119,0
1638,119,0
1639,119,0
1640,119,0
1641,119,0
9,120,0
105,120,0
128,120,0
130,120,0
202,120,0
211,120,0
216,120,0
250,120,0
267,120,0
270,120,0
271,120,0
307,120,0
309,120,0
335,120,0
336,120,0
362,120,0
366,120,0
387,120,0
390,120,0
391,120,0
409,120,0
414,120,0
422,120,0
442,120,0
446,120,0
479,120,0
495,120,0
505,120,0
514,120,0
520,120,0
522,120,0
539,120,0
568,120,0
572,120,0
580,120,0
591,120,0
592,120,0
644,120,0
647,120,0
657,120,0
661,120,0
662,120,0
675,120,0
687,120,0
693,120,0
696,120,0
722,120,0
730,120,0
732,120,0
759,120,0
774,120,0
777,120,0
783,120,0
784,120,0
807,120,0
843,120,0
849,120,0
862,120,0
886,120,0
888,120,0
948,120,0
954,120,0
972,120,0
974,120,0
981,120,0
1009,120,0
1013,120,0
1042,120,0
1047,120,0
1050,120,0
1058,120,0
1064,120,0
1086,120,0
1113,120,0
1116,120,0
1148,120,0
1167,120,0
1168,120,0
1200,120,0
1208,120,0
1210,120,0
1214,120,0
1218,120,0
1231,120,0
1244,120,0
1262,120,0
1281,120,0
1288,120,0
1303,120,0
1306,120,0
1309,120,0
1315,120,0
1321,120,0
1331,120,0
1341,120,0
1346,120,0
1349,120,0
1363,120,0
1369,120,0
1376,120,0
1395,120,0
1398,120,0
1400,120,0
1401,120,0
1416,120,0
1454,120,0
1476,120,0
1539,120,0
1545,120,0
1557,120,0
1560,120,0
1578,120,0
1582,120,0
1601,120,0
1616,120,0
1619,120,0
1632,120,0
1639,120,0
108,121,0
114,121,0
118,121,0
161,121,0
121,311,3
315,121,0
121,325,3
757,121,0
805,121,0
121,860,3
1062,121,0
1112,121,0
1190,121,0
1216,121,0
1332,121,0
1581,121,0
415,122,0
508,122,0
515,122,0
723,122,0
122,868,3
926,122,0
1107,122,0
1546,122,0
1629,122,0
123,132,3
620,124,0
682,124,0
805,124,0
124,866,3
124,1070,3
1124,124,0
124,1588,3
15,125,0
186,125,0
396,125,0
125,485,3
657,125,0
671,125,0
702,125,0
125,734,3
922,125,0
1040,125,0
1049,125,0
1106,125,0
125,1165,3
1265,125,0
1305,125,0
125,1316,3
1321,125,0
1356,125,0
1368,125,0
1396,125,0
1465,125,0
1539,125,0
1558,125,0
125,1564,3
1620,125,0
259,126,0
352,126,0
438,126,0
465,126,0
651,126,0
1218,126,0
30,127,0
125,127,0
127,142,3
251,127,0
127,255,3
285,127,0
326,127,0
442,127,0
525,127,0
623,127,0
670,127,0
823,127,0
127,1065,3
1258,127,0
1368,127,0
1466,127,0
127,1488,3
289,128,0
624,128,0
657,128,0
751,128,0
823,128,0
874,128,0
1083,128,0
1128,128,0
1202,128,0
1205,128,0
1265,128,0
1266,128,0
1368,128,0
1388,128,0
1396,128,0
1465,128,0
270,129,0
436,129,0
442,129,0
129,568,3
643,129,0
270,130,0
130,588,3
1208,130,0
1241,130,0
130,1310,3
1619,130,0
61,131,0
482,131,0
131,672,3
830,131,0
1082,131,0
1163,131,0
1583,131,0
13,132,0
98,132,0
128,132,0
211,132,0
370,132,0
409,132,0
432,132,0
892,132,0
132,964,3
985,132,0
1110,132,0
132,1165,3
1349,132,0
132,1453,3
14,133,0
84,133,0
152,133,0
400,133,0
133,401,3
425,133,0
133,490,3
513,133,0
133,765,3
914,133,0
998,133,0
1024,133,0
133,1165,3
133,1312,3
1352,133,0
1541,133,0
494,134,0
847,134,0
1239,134,0
1480,134,0
1498,134,0
14,135,0
15,135,0
31,135,0
54,135,0
118,135,0
133,135,0
161,135,0
185,135,0
187,135,0
239,135,0
135,261,3
269,135,0
272,135,0
281,135,0
317,135,0
320,135,0
338,135,0
342,135,0
379,135,0
398,135,0
403,135,0
415,135,0
416,135,0
424,135,0
430,135,0
447,135,0
468,135,0
480,135,0
522,135,0
559,135,0
564,135,0
610,135,0
614,135,0
620,135,0
630,135,0
655,135,0
657,135,0
674,135,0
686,135,0
702,135,0
720,135,0
725,135,0
738,135,0
742,135,0
745,135,0
767,135,0
772,135,0
790,135,0
795,135,0
802,135,0
824,135,0
831,135,0
833,135,0
856,135,0
857,135,0
868,135,0
881,135,0
883,135,0
898,135,0
902,135,0
905,135,0
931,135,0
932,135,0
933,135,0
936,135,0
1027,135,0
1085,135,0
1088,135,0
1091,135,0
1111,135,0
1113,135,0
1117,135,0
1118,135,0
1131,135,0
1147,135,0
1149,135,0
1150,135,0
1158,135,0
1205,135,0
1207,135,0
1257,135,0
1265,135,0
1271,135,0
1297,135,0
1299,135,0
1323,135,0
1327,135,0
1351,135,0
1370,135,0
1372,135,0
1393,135,0
1406,135,0
1449,135,0
1458,135,0
1465,135,0
1478,135,0
1483,135,0
1486,135,0
1496,135,0
1499,135,0
1507,135,0
1508,135,0
1510,135,0
1536,135,0
1550,135,0
1561,135,0
1562,135,0
1563,135,0
1600,135,0
1617,135,0
1,136,0
273,136,0
331,136,0
136,566,3
609,136,0
683,136,0
794,136,0
927,136,0
1221,136,0
214,137,0
222,137,0
230,137,0
619,137,0
137,634,3
877,137,0
1186,137,0
1319,137,0
1382,137,0
1457,137,0
1464,137,0
1640,137,0
404,138,0
138,985,3
1367,138,0
1389,138,0
138,1608,3
675,139,0
711,139,0
900,139,0
1003,139,0
1393,139,0
1404,139,0
1532,139,0
2,140,0
71,140,0
78,140,0
90,140,0
100,140,0
114,140,0
118,140,0
170,140,0
140,193,2
216,140,0
140,225,3
230,140,0
250,140,0
254,140,0
282,140,0
290,140,0
304,140,0
309,140,0
318,140,0
328,140,0
333,140,0
342,140,0
347,140,0
375,140,0
376,140,0
140,382,3
387,140,0
389,140,0
429,140,0
479,140,0
480,140,0
481,140,0
484,140,0
491,140,0
503,140,0
509,140,0
529,140,0
545,140,0
555,140,0
572,140,0
591,140,0
619,140,0
628,140,0
696,140,0
711,140,0
719,140,0
722,140,0
728,140,0
731,140,0
732,140,0
754,140,0
757,140,0
769,140,0
771,140,0
777,140,0
792,140,0
795,140,0
817,140,0
821,140,0
822,140,0
827,140,0
845,140,0
849,140,0
850,140,0
865,140,0
871,140,0
872,140,0
877,140,0
885,140,0
886,140,0
900,140,0
902,140,0
906,140,0
909,140,0
913,140,0
933,140,0
949,140,0
959,140,0
963,140,0
976,140,0
987,140,0
988,140,0
990,140,0
1003,140,0
1009,140,0
1013,140,0
1032,140,0
1043,140,0
1056,140,0
1062,140,0
1075,140,0
1080,140,0
1088,140,0
1106,140,0
1121,140,0
1122,140,0
1130,140,0
1134,140,0
1153,140,0
1154,140,0
1159,140,0
1168,140,0
1180,140,0
140,1183,3
1188,140,0
1191,140,0
1194,140,0
1195,140,0
1201,140,0
1210,140,0
1219,140,0
1228,140,0
1232,140,0
1238,140,0
1249,140,0
1251,140,0
1263,140,0
1272,140,0
1277,140,0
1282,140,0
1287,140,0
1291,140,0
1295,140,0
1300,140,0
1305,140,0
1309,140,0
1315,140,0
1319,140,0
1326,140,0
1332,140,0
1341,140,0
1351,140,0
1362,140,0
1363,140,0
1369,140,0
1382,140,0
1403,140,0
1404,140,0
1420,140,0
1457,140,0
1460,140,0
1464,140,0
1475,140,0
1481,140,0
1489,140,0
1490,140,0
1491,140,0
1518,140,0
1535,140,0
1554,140,0
1557,140,0
1580,140,0
1599,140,0
1600,140,0
1620,140,0
1640,140,0
1641,140,0
72,141,0
287,141,0
442,141,0
141,462,3
855,141,0
141,1064,3
141,1381,3
1496,141,0
34,142,0
266,142,0
325,142,0
142,605,3
142,903,3
142,989,3
1084,142,0
142,1091,3
1267,142,0
142,1435,3
1493,142,0
1560,142,0
243,143,0
249,143,0
279,143,0
428,143,0
489,143,0
549,143,0
550,143,0
569,143,0
628,143,0
723,143,0
743,143,0
744,143,0
888,143,0
895,143,0
941,143,0
965,143,0
1086,143,0
1143,143,0
1234,143,0
1235,143,0
1434,143,0
144,174,2
355,144,0
809,144,0
144,1064,3
434,145,0
475,145,0
145,699,3
857,145,0
898,145,0
145,1404,3
1015,146,0
147,1504,3
196,148,0
148,626,3
775,148,0
875,148,0
148,970,3
1334,148,0
1337,148,0
502,149,0
508,149,0
149,627,3
149,755,3
149,1192,3
1515,149,0
150,163,3
337,150,0
760,150,0
829,150,0
1605,150,0
151,285,3
471,151,0
576,151,0
721,151,0
863,151,0
918,151,0
151,1471,3
1561,151,0
152,400,3
657,152,0
152,1130,3
1476,152,0
771,153,0
845,153,0
1154,153,0
1300,153,0
350,154,0
351,154,0
434,154,0
841,154,0
1063,154,0
253,155,0
311,155,0
505,155,0
538,155,0
155,558,3
587,155,0
593,155,0
765,155,0
807,155,0
948,155,0
1284,155,0
1321,155,0
1356,155,0
1523,155,0
1526,155,0
1558,155,0
1572,155,0
156,347,3
3,157,0
294,157,0
382,157,0
157,504,3
695,157,0
750,157,0
157,973,3
1081,157,0
1096,157,0
1135,157,0
1358,157,0
1433,157,0
114,158,0
118,158,0
158,513,3
158,582,3
158,592,3
692,158,0
158,884,3
158,1128,3
158,1160,3
249,159,0
279,159,0
342,159,0
368,159,0
464,159,0
472,159,0
489,159,0
504,159,0
684,159,0
694,159,0
744,159,0
781,159,0
813,159,0
850,159,0
885,159,0
888,159,0
895,159,0
1054,159,0
1077,159,0
1086,159,0
1202,159,0
1229,159,0
1234,159,0
1237,159,0
1247,159,0
1283,159,0
1374,159,0
1417,159,0
1420,159,0
1490,159,0
1504,159,0
1600,159,0
1625,159,0
191,160,0
293,160,0
160,297,3
329,160,0
481,160,0
625,160,0
706,160,0
1035,160,0
1259,160,0
1516,160,0
160,1574,3
161,438,3
665,161,0
161,824,3
952,161,0
161,1016,3
303,162,0
310,162,0
407,162,0
733,162,0
926,162,0
1061,162,0
1089,162,0
162,1377,3
314,163,0
677,163,0
714,163,0
788,163,0
861,163,0
928,163,0
1034,163,0
1197,163,0
163,1317,3
1612,163,0
24,164,0
164,178,2
247,164,0
301,164,0
432,164,0
513,164,0
164,681,3
766,164,0
164,792,3
795,164,0
974,164,0
982,164,0
991,164,0
1170,164,0
1203,164,0
1205,164,0
1264,164,0
1296,164,0
164,1433,3
1440,164,0
164,1580,3
164,1586,3
1617,164,0
165,402,3
269,166,0
278,166,0
430,166,0
445,166,0
814,166,0
166,943,3
166,1101,3
1137,166,0
2,167,0
509,167,0
167,544,3
827,167,0
1251,167,0
1287,167,0
167,1322,3
1491,167,0
1535,167,0
281,168,0
674,168,0
894,168,0
977,168,0
987,168,0
1239,168,0
1362,168,0
1502,168,0
15,169,0
108,169,0
118,169,0
307,169,0
315,169,0
852,169,0
887,169,0
169,1003,3
1011,169,0
1063,169,0
1133,169,0
1228,169,0
1280,169,0
1377,169,0
1379,169,0
1439,169,0
169,1508,3
1608,169,0
4,170,0
12,170,0
18,170,0
151,170,0
164,170,0
199,170,0
212,170,0
218,170,0
232,170,0
234,170,0
249,170,0
253,170,0
255,170,0
264,170,0
268,170,0
269,170,0
292,170,0
293,170,0
297,170,0
320,170,0
332,170,0
339,170,0
342,170,0
346,170,0
347,170,0
356,170,0
358,170,0
362,170,0
374,170,0
381,170,0
387,170,0
388,170,0
391,170,0
405,170,0
408,170,0
424,170,0
427,170,0
450,170,0
454,170,0
455,170,0
468,170,0
482,170,0
487,170,0
511,170,0
519,170,0
529,170,0
541,170,0
549,170,0
553,170,0
561,170,0
575,170,0
576,170,0
579,170,0
580,170,0
591,170,0
610,170,0
629,170,0
634,170,0
636,170,0
656,170,0
660,170,0
683,170,0
692,170,0
722,170,0
723,170,0
728,170,0
734,170,0
757,170,0
758,170,0
763,170,0
765,170,0
783,170,0
790,170,0
796,170,0
801,170,0
807,170,0
819,170,0
825,170,0
831,170,0
849,170,0
860,170,0
863,170,0
881,170,0
888,170,0
897,170,0
899,170,0
907,170,0
914,170,0
915,170,0
919,170,0
925,170,0
932,170,0
933,170,0
939,170,0
970,170,0
995,170,0
999,170,0
1001,170,0
1023,170,0
1036,170,0
1040,170,0
1048,170,0
1057,170,0
1066,170,0
1086,170,0
1094,170,0
1104,170,0
1115,170,0
1131,170,0
1132,170,0
1169,170,0
1178,170,0
1184,170,0
1187,170,0
1199,170,0
1207,170,0
1221,170,0
1229,170,0
1232,170,0
1247,170,0
1249,170,0
1262,170,0
1269,170,0
1277,170,0
1294,170,0
1295,170,0
1313,170,0
1314,170,0
1326,170,0
1333,170,0
1338,170,0
1343,170,0
170,1369,3
1370,170,0
1396,170,0
1407,170,0
1411,170,0
1417,170,0
1420,170,0
1424,170,0
1431,170,0
1432,170,0
1435,170,0
1438,170,0
1441,170,0
1442,170,0
1454,170,0
1460,170,0
1467,170,0
1478,170,0
1482,170,0
1486,170,0
1509,170,0
1518,170,0
1532,170,0
1546,170,0
1549,170,0
1557,170,0
1562,170,0
1563,170,0
1580,170,0
1592,170,0
1598,170,0
1600,170,0
1601,170,0
170,1602,3
1629,170,0
171,1311,3
283,172,0
591,172,0
1055,172,0
172,1196,3
1238,172,0
1291,172,0
321,173,0
1256,173,0
1473,173,0
174,317,3
174,614,3
174,1186,3
31,175,0
149,175,0
227,175,0
249,175,0
260,175,0
279,175,0
291,175,0
292,175,0
330,175,0
342,175,0
347,175,0
362,175,0
368,175,0
387,175,0
393,175,0
422,175,0
463,175,0
464,175,0
472,175,0
489,175,0
502,175,0
504,175,0
514,175,0
529,175,0
549,175,0
591,175,0
598,175,0
615,175,0
643,175,0
663,175,0
694,175,0
701,175,0
722,175,0
728,175,0
744,175,0
759,175,0
774,175,0
777,175,0
781,175,0
792,175,0
849,175,0
850,175,0
885,175,0
895,175,0
925,175,0
939,175,0
1008,175,0
1009,175,0
1054,175,0
1079,175,0
1086,175,0
1103,175,0
1143,175,0
1202,175,0
1214,175,0
1229,175,0
1232,175,0
1234,175,0
1235,175,0
1237,175,0
1249,175,0
1274,175,0
1309,175,0
1325,175,0
1329,175,0
1331,175,0
1345,175,0
1361,175,0
1374,175,0
1413,175,0
1427,175,0
1460,175,0
1468,175,0
1484,175,0
1504,175,0
1515,175,0
1518,175,0
1547,175,0
175,1575,3
1580,175,0
1600,175,0
1601,175,0
1625,175,0
146,176,0
176,376,3
176,580,3
795,176,0
841,176,0
176,997,3
1288,176,0
176,1368,3
177,405,3
504,177,0
177,719,3
792,177,0
887,177,0
177,1074,3
1434,177,0
224,178,0
403,178,0
178,1607,3
179,184,3
179,1029,3
179,1205,3
1537,179,0
1538,179,0
1157,180,0
180,1608,3
31,181,0
37,181,0
108,181,0
214,181,0
225,181,0
285,181,0
308,181,0
315,181,0
323,181,0
343,181,0
396,181,0
444,181,0
499,181,0
548,181,0
571,181,0
573,181,0
181,594,3
608,181,0
609,181,0
621,181,0
633,181,0
671,181,0
741,181,0
754,181,0
762,181,0
786,181,0
787,181,0
838,181,0
876,181,0
922,181,0
930,181,0
992,181,0
1027,181,0
1052,181,0
1060,181,0
1062,181,0
1108,181,0
1209,181,0
1227,181,0
1276,181,0
1280,181,0
1302,181,0
1332,181,0
1354,181,0
1364,181,0
1408,181,0
1447,181,0
1474,181,0
1567,181,0
449,182,0
521,182,0
785,182,0
182,1439,3
349,183,0
183,508,3
183,793,3
859,183,0
1071,183,0
1079,183,0
183,1174,3
1342,183,0
1445,183,0
1477,183,0
1569,183,0
184,398,3
434,184,0
464,184,0
184,655,3
678,184,0
184,809,3
184,1504,3
1537,184,0
185,338,3
833,185,0
185,895,3
1117,185,0
1149,185,0
1158,185,0
185,1396,3
185,1480,3
54,186,0
57,186,0
71,186,0
212,186,0
215,186,0
262,186,0
304,186,0
361,186,0
381,186,0
398,186,0
403,186,0
424,186,0
480,186,0
482,186,0
499,186,0
511,186,0
614,186,0
620,186,0
629,186,0
630,186,0
643,186,0
669,186,0
736,186,0
758,186,0
761,186,0
790,186,0
795,186,0
802,186,0
824,186,0
831,186,0
881,186,0
921,186,0
924,186,0
1028,186,0
1035,186,0
1047,186,0
1088,186,0
1106,186,0
1111,186,0
1131,186,0
1150,186,0
1194,186,0
1195,186,0
1205,186,0
1225,186,0
1253,186,0
1297,186,0
1305,186,0
1322,186,0
1323,186,0
1332,186,0
1351,186,0
1357,186,0
1370,186,0
1372,186,0
1403,186,0
1441,186,0
1465,186,0
1483,186,0
1486,186,0
1560,186,0
1562,186,0
1563,186,0
1565,186,0
1577,186,0
1617,186,0
764,187,0
799,187,0
824,187,0
873,187,0
937,187,0
1257,187,0
1381,187,0
187,1394,3
187,1487,3
1488,187,0
765,188,0
188,1349,3
1544,188,0
189,343,3
189,475,3
189,1533,3
190,201,3
245,190,0
288,190,0
744,190,0
961,190,0
190,1043,3
1347,190,0
1596,190,0
191,248,3
293,191,0
405,191,0
191,480,3
553,191,0
191,711,3
806,191,0
914,191,0
1035,191,0
191,1069,3
1248,191,0
1252,191,0
1303,191,0
1516,191,0
192,277,3
192,614,3
1139,192,0
1607,192,0
2,193,0
78,193,0
84,193,0
90,193,0
100,193,0
114,193,0
118,193,0
170,193,0
202,193,0
209,193,0
216,193,0
230,193,0
243,193,0
250,193,0
254,193,0
275,193,0
277,193,0
290,193,0
302,193,0
316,193,0
318,193,0
322,193,0
324,193,0
328,193,0
347,193,0
375,193,0
376,193,0
389,193,0
403,193,0
415,193,0
429,193,0
446,193,0
474,193,0
479,193,0
480,193,0
481,193,0
484,193,0
504,193,0
545,193,0
562,193,0
572,193,0
591,193,0
612,193,0
617,193,0
619,193,0
628,193,0
645,193,0
656,193,0
663,193,0
678,193,0
696,193,0
711,193,0
719,193,0
722,193,0
728,193,0
731,193,0
745,193,0
746,193,0
754,193,0
757,193,0
765,193,0
769,193,0
771,193,0
777,193,0
795,193,0
813,193,0
821,193,0
822,193,0
827,193,0
845,193,0
849,193,0
850,193,0
868,193,0
871,193,0
872,193,0
877,193,0
885,193,0
886,193,0
900,193,0
906,193,0
933,193,0
949,193,0
963,193,0
976,193,0
987,193,0
990,193,0
1003,193,0
1009,193,0
1013,193,0
1032,193,0
1042,193,0
1043,193,0
1056,193,0
1062,193,0
1063,193,0
1080,193,0
1088,193,0
1121,193,0
1130,193,0
1134,193,0
1137,193,0
1153,193,0
1154,193,0
1159,193,0
1168,193,0
1186,193,0
1202,193,0
1210,193,0
1219,193,0
1225,193,0
1228,193,0
1232,193,0
1249,193,0
1263,193,0
1287,193,0
1295,193,0
1305,193,0
1309,193,0
1324,193,0
1331,193,0
1332,193,0
1341,193,0
1351,193,0
1363,193,0
1369,193,0
1374,193,0
1391,193,0
1420,193,0
1457,193,0
1464,193,0
1489,193,0
1490,193,0
1491,193,0
1505,193,0
1513,193,0
1518,193,0
1535,193,0
1549,193,0
1554,193,0
1557,193,0
1580,193,0
1584,193,0
1585,193,0
1600,193,0
1601,193,0
1633,193,0
1640,193,0
1641,193,0
35,194,0
238,194,0
194,350,3
411,194,0
466,194,0
776,194,0
854,194,0
896,194,0
1006,194,0
194,1211,3
1519,194,0
195,626,3
195,874,3
196,575,3
196,916,3
196,1078,3
198,557,3
198,1256,3
198,1610,3
199,1603,3
200,1364,3
201,780,3
201,925,3
202,898,3
202,1146,3
204,569,3
204,1065,3
204,1236,3
206,727,3
206,852,3
206,1188,3
206,1218,3
206,1309,3
207,646,3
207,1333,3
209,1025,3
210,621,3
210,1156,3
210,1499,3
211,469,3
211,491,3
211,1408,3
212,257,3
212,1200,3
213,317,3
213,1554,3
214,1098,3
215,560,3
216,397,3
217,921,3
217,1391,3
217,1551,3
218,492,3
218,920,3
219,611,3
219,1314,3
220,1250,3
221,587,3
221,852,3
222,818,3
223,633,3
224,509,3
224,972,3
225,255,3
225,536,3
225,627,3
226,1254,3
227,359,3
227,706,3
227,1156,3
228,896,3
229,436,3
229,682,3
230,483,3
230,872,3
231,740,3
232,1148,3
233,1638,3
235,454,3
236,716,3
236,929,3
236,1099,3
237,487,3
237,1430,3
237,1545,3
238,287,3
239,674,3
239,1552,3
240,852,3
240,1004,3
240,1205,3
242,889,3
242,1136,3
242,1626,3
244,1287,3
244,1399,3
245,344,3
245,686,3
246,1220,3
247,468,3
247,659,3
247,1228,3
247,1400,3
247,1444,3
247,1571,3
248,1257,3
249,1098,3
249,1225,3
250,773,3
252,255,3
252,414,3
253,353,3
254,379,3
254,730,3
255,1055,3
255,1259,3
257,957,3
257,1071,3
258,453,3
258,809,3
258,1599,3
259,1287,3
259,1512,3
260,422,3
260,1039,3
260,1050,3
260,1220,3
260,1401,3
261,396,3
261,973,3
261,1375,3
262,454,3
263,344,3
263,1252,3
263,1475,3
264,742,3
264,1582,3
266,1413,3
267,612,3
267,1630,3
268,270,3
268,604,3
268,891,3
269,367,3
269,850,3
270,1137,3
271,681,3
271,1238,3
273,367,3
274,757,3
275,340,3
275,685,3
275,943,3
276,1516,3
277,1047,3
278,386,3
279,994,3
281,368,3
281,759,3
281,1114,3
282,332,3
282,987,3
282,1515,3
283,1157,3
285,385,3
286,1137,3
287,1047,3
288,1012,3
289,1429,3
290,446,3
291,527,3
291,953,3
292,324,3
292,1079,3
293,414,3
296,708,3
296,883,3
296,1078,3
296,1372,3
297,355,3
299,1526,3
302,854,3
303,917,3
304,373,3
304,719,3
307,478,3
308,1176,3
308,1253,3
308,1363,3
309,1256,3
310,439,3
311,651,3
311,741,3
311,761,3
311,1040,3
312,1149,3
313,681,3
313,1108,3
314,326,3
315,733,3
315,1026,3
315,1529,3
315,1623,3
316,969,3
317,421,3
317,923,3
317,1120,3
317,1479,3
317,1538,3
318,779,3
318,869,3
318,1423,3
320,757,3
322,1158,3
324,1020,3
324,1372,3
326,1292,3
327,750,3
327,800,3
327,1228,3
328,574,3
328,1547,3
330,613,3
330,868,3
331,1548,3
332,362,3
332,1346,3
333,1400,3
334,587,3
334,796,3
334,992,3
335,1097,3
337,1256,3
337,1349,3
338,592,3
338,984,3
338,1313,3
339,869,3
339,928,3
340,385,3
340,684,3
341,480,3
341,789,3
341,1250,3
341,1255,3
342,475,3
342,1306,3
343,705,3
345,367,3
345,1106,3
345,1143,3
346,992,3
346,1055,3
346,1414,3
347,461,3
347,653,3
347,905,3
348,990,3
348,1463,3
350,662,3
352,527,3
353,1142,3
354,1571,3
355,520,3
356,586,3
356,889,3
356,1554,3
357,507,3
357,1298,3
358,456,3
358,487,3
358,1304,3
359,955,3
359,1016,3
359,1598,3
360,645,3
360,1156,3
360,1579,3
362,960,3
363,1333,3
363,1369,3
364,1613,3
365,479,3
365,648,3
367,1015,3
368,1239,3
369,1370,3
370,1336,3
371,1419,3
371,1428,3
373,450,3
373,539,3
373,835,3
375,694,3
376,1475,3
376,1556,3
377,1373,3
378,1149,3
379,473,3
379,1060,3
379,1507,3
379,1584,3
380,1378,3
381,604,3
382,968,3
382,1223,3
382,1528,3
383,953,3
383,1415,3
384,852,3
384,885,3
385,1182,3
385,1426,3
385,1480,3
386,1380,3
386,1523,3
387,658,3
387,1459,3
388,900,3
388,1280,3
389,695,3
389,1142,3
389,1434,3
392,579,3
392,864,3
392,983,3
393,1153,3
394,504,3
395,414,3
395,1344,3
396,456,3
397,651,3
397,1143,3
397,1517,3
398,1448,3
399,410,3
400,621,3
401,585,3
402,1273,3
405,1227,3
405,1455,3
407,907,3
408,746,3
409,668,3
409,683,3
412,1205,3
413,960,3
415,729,3
415,1509,3
415,1567,3
416,1163,3
419,819,3
419,956,3
420,1261,3
421,725,3
421,1387,3
421,1513,3
422,570,3
422,1373,3
423,956,3
423,1532,3
424,522,3
424,677,3
424,1164,3
425,534,3
426,898,3
428,1123,3
428,1195,3
428,1242,3
428,1538,3
429,1633,3
431,467,3
431,1174,3
431,1534,3
432,679,3
433,800,3
433,1079,3
433,1642,3
436,1470,3
438,539,3
440,1444,3
441,1177,3
442,594,3
442,976,3
442,1395,3
443,1039,3
444,1351,3
446,1432,3
447,775,3
447,1586,3
448,799,3
449,1194,3
449,1444,3
450,1032,3
452,1501,3
453,1247,3
453,1625,3
454,859,3
456,1145,3
458,771,3
460,900,3
460,1079,3
461,872,3
461,916,3
461,1161,3
461,1181,3
462,510,3
462,809,3
463,1347,3
464,517,3
464,1348,3
465,768,3
465,1255,3
465,1568,3
466,684,3
466,1264,3
466,1317,3
466,1348,3
466,1626,3
467,486,3
467,853,3
468,629,3
468,1313,3
468,1445,3
469,1500,3
470,935,3
470,965,3
471,1173,3
473,572,3
474,1025,3
476,874,3
476,991,3
478,559,3
480,947,3
480,1205,3
480,1438,3
480,1456,3
483,668,3
483,893,3
484,1168,3
484,1553,3
486,643,3
488,967,3
489,864,3
489,1628,3
490,1400,3
491,594,3
491,1637,3
492,1144,3
492,1360,3
492,1466,3
496,564,3
496,966,3
496,1621,3
497,1587,3
499,674,3
499,700,3
501,587,3
501,1163,3
502,879,3
502,1237,3
503,653,3
503,1069,3
503,1083,3
503,1610,3
504,722,3
504,1002,3
505,791,3
505,1298,3
506,906,3
506,1407,3
507,1299,3
507,1427,3
508,880,3
508,1395,3
510,1629,3
511,651,3
512,1501,3
513,1519,3
514,1121,3
515,1620,3
516,734,3
519,1226,3
520,627,3
520,700,3
520,1526,3
522,1110,3
524,753,3
524,1245,3
525,705,3
525,1223,3
525,1228,3
526,1568,3
527,603,3
527,1078,3
527,1516,3
528,1034,3
528,1123,3
528,1485,3
531,593,3
531,944,3
532,635,3
532,1396,3
533,1460,3
534,920,3
534,973,3
535,1024,3
537,935,3
537,1268,3
537,1417,3
538,1134,3
538,1556,3
539,617,3
539,974,3
539,1332,3
540,639,3
540,963,3
540,1335,3
541,1316,3
546,774,3
546,1400,3
547,1351,3
547,1360,3
548,612,3
548,621,3
548,1069,3
548,1250,3
548,1494,3
548,1579,3
549,1394,3
550,593,3
551,873,3
551,1022,3
551,1232,3
551,1413,3
553,581,3
553,719,3
554,1463,3
554,1640,3
555,566,3
555,715,3
555,1141,3
557,629,3
557,740,3
557,846,3
557,1131,3
557,1174,3
558,648,3
558,961,3
560,963,3
560,1096,3
561,1098,3
563,985,3
564,1518,3
565,1569,3
566,717,3
566,775,3
567,833,3
567,1579,3
568,585,3
568,1542,3
569,1564,3
570,735,3
571,1257,3
572,752,3
575,665,3
575,852,3
576,775,3
577,714,3
577,1385,3
578,835,3
578,998,3
578,1153,3
580,869,3
580,1225,3
582,1278,3
585,599,3
585,628,3
585,786,3
585,1458,3
586,654,3
586,1570,3
586,1594,3
587,1108,3
588,825,3
589,1009,3
589,1094,3
592,909,3
594,822,3
594,1491,3
595,1327,3
596,1410,3
597,975,3
598,1176,3
598,1201,3
598,1465,3
599,700,3
599,1056,3
599,1067,3
599,1593,3
600,1067,3
601,639,3
601,640,3
601,1266,3
602,1336,3
602,1448,3
603,1312,3
604,729,3
604,927,3
604,1344,3
605,1005,3
606,1427,3
607,1432,3
608,1299,3
609,714,3
609,1541,3
610,881,3
611,709,3
611,898,3
611,1005,3
611,1343,3
613,1174,3
613,1190,3
613,1622,3
615,1075,3
616,1143,3
617,1456,3
618,620,3
619,949,3
621,1149,3
621,1198,3
623,862,3
625,1240,3
626,1438,3
626,1494,3
627,1123,3
628,1050,3
629,1333,3
630,1216,3
631,1622,3
632,1111,3
632,1197,3
632,1483,3
633,1049,3
633,1145,3
633,1238,3
634,1601,3
635,933,3
635,1155,3
636,1398,3
637,675,3
640,776,3
640,1148,3
641,924,3
641,1496,3
642,1171,3
643,1040,3
643,1260,3
644,1183,3
644,1423,3
647,990,3
647,1567,3
648,955,3
648,1014,3
648,1392,3
649,783,3
653,694,3
654,675,3
656,1163,3
657,984,3
657,1582,3
658,1012,3
658,1583,3
659,1578,3
662,948,3
664,748,3
664,1004,3
664,1036,3
665,844,3
665,848,3
665,1066,3
665,1499,3
665,1626,3
667,1026,3
669,1613,3
670,779,3
670,872,3
672,720,3
674,738,3
674,1215,3
675,700,3
676,682,3
676,781,3
677,1043,3
677,1504,3
678,1441,3
680,728,3
680,754,3
680,827,3
681,748,3
681,807,3
682,1060,3
683,1095,3
683,1460,3
687,916,3
689,699,3
690,1061,3
690,1242,3
690,1343,3
691,1560,3
692,1048,3
692,1194,3
693,1602,3
694,949,3
694,1061,3
696,1595,3
697,1143,3
697,1630,3
699,1049,3
699,1461,3
700,1458,3
701,813,3
701,1304,3
702,1584,3
703,1206,3
703,1246,3
703,1542,3
704,1214,3
704,1443,3
704,1554,3
705,1244,3
705,1612,3
706,918,3
707,1466,3
708,1161,3
711,766,3
713,1234,3
715,831,3
715,1634,3
716,734,3
716,1387,3
718,746,3
718,941,3
720,806,3
720,817,3
721,1522,3
722,1089,3
723,1601,3
724,940,3
724,1385,3
724,1622,3
725,1125,3
727,800,3
727,1069,3
727,1173,3
728,736,3
729,807,3
731,863,3
731,1483,3
731,1491,3
732,912,3
732,1049,3
732,1278,3
732,1335,3
733,1380,3
733,1395,3
733,1558,3
734,917,3
735,1190,3
735,1372,3
735,1570,3
736,773,3
736,967,3
737,955,3
738,744,3
739,781,3
740,1577,3
741,957,3
742,964,3
742,1232,3
743,794,3
744,829,3
744,1042,3
746,1505,3
747,801,3
747,849,3
748,834,3
748,1126,3
748,1176,3
748,1390,3
749,1353,3
750,978,3
751,1426,3
751,1576,3
752,1551,3
752,1592,3
753,810,3
754,800,3
754,1000,3
755,939,3
756,804,3
758,1573,3
759,945,3
759,1471,3
760,944,3
760,1270,3
761,1097,3
761,1209,3
762,1351,3
763,1574,3
764,1100,3
766,774,3
766,906,3
768,1032,3
770,1246,3
771,901,3
771,1439,3
773,1399,3
775,858,3
776,1084,3
778,1003,3
779,809,3
780,1051,3
780,1133,3
781,1022,3
785,1159,3
785,1589,3
786,1291,3
787,1249,3
789,816,3
789,900,3
789,1152,3
790,1084,3
790,1412,3
791,944,3
792,952,3
793,906,3
794,1183,3
795,1073,3
797,1333,3
797,1506,3
797,1629,3
799,1137,3
799,1526,3
801,997,3
801,1236,3
801,1581,3
802,1369,3
804,923,3
805,1238,3
805,1275,3
806,1099,3
811,1028,3
811,1472,3
812,1449,3
812,1627,3
814,923,3
814,1472,3
814,1538,3
815,1005,3
816,1612,3
817,1041,3
817,1418,3
818,881,3
819,1544,3
820,1187,3
821,1127,3
822,1161,3
822,1625,3
823,1600,3
824,1311,3
827,875,3
827,1063,3
827,1525,3
829,1411,3
830,1119,3
831,990,3
831,1315,3
833,887,3
835,1031,3
836,1546,3
838,1184,3
838,1249,3
838,1253,3
839,1081,3
839,1219,3
842,1577,3
843,1447,3
844,1168,3
847,954,3
848,1613,3
849,1142,3
850,1281,3
850,1576,3
852,1377,3
853,1242,3
854,999,3
854,1195,3
854,1504,3
855,899,3
857,1632,3
859,1037,3
860,1109,3
860,1274,3
860,1594,3
862,1355,3
865,868,3
865,956,3
867,1146,3
868,1080,3
868,1401,3
877,1022,3
877,1147,3
880,1197,3
881,1147,3
882,1087,3
884,1334,3
885,1190,3
886,1313,3
888,1031,3
888,1038,3
888,1156,3
890,1194,3
890,1248,3
890,1642,3
891,1031,3
891,1416,3
894,1316,3
894,1417,3
898,1259,3
899,1286,3
900,1201,3
901,1417,3
902,1185,3
902,1273,3
903,1152,3
905,1247,3
907,915,3
908,1373,3
911,1406,3
913,1553,3
915,1230,3
915,1353,3
917,921,3
917,945,3
918,1498,3
920,983,3
922,1223,3
925,1489,3
926,1331,3
926,1528,3
927,1363,3
928,1544,3
930,1614,3
933,1261,3
933,1416,3
934,1400,3
936,995,3
937,1235,3
938,1363,3
938,1431,3
939,1569,3
940,1006,3
941,1093,3
941,1238,3
942,1472,3
943,1552,3
944,1416,3
945,1448,3
945,1616,3
946,1548,3
947,1056,3
948,956,3
949,1535,3
950,1272,3
950,1554,3
951,1397,3
951,1620,3
954,1569,3
956,1180,3
956,1642,3
957,1547,3
960,1010,3
960,1019,3
960,1161,3
960,1319,3
960,1591,3
966,1156,3
967,1455,3
968,1152,3
968,1251,3
969,1592,3
969,1621,3
971,1566,3
973,1058,3
973,1415,3
973,1491,3
975,1472,3
976,1080,3
976,1441,3
979,1213,3
979,1344,3
979,1515,3
980,1549,3
982,1381,3
982,1449,3
983,1560,3
984,1245,3
985,1573,3
987,1345,3
989,1396,3
991,1387,3
991,1402,3
992,1236,3
993,1423,3
995,1034,3
995,1593,3
997,1267,3
998,1023,3
998,1404,3
998,1510,3
1000,1094,3
1000,1604,3
1001,1063,3
1003,1402,3
1005,1177,3
1006,1251,3
1008,1288,3
1008,1436,3
1008,1569,3
1009,1121,3
1011,1094,3
1012,1210,3
1012,1310,3
1014,1193,3
1015,1264,3
1019,1589,3
1022,1058,3
1022,1406,3
1025,1136,3
1025,1139,3
1027,1453,3
1029,1381,3
1029,1447,3
1030,1259,3
1034,1496,3
1037,1074,3
1040,1119,3
1040,1178,3
1041,1200,3
1042,1450,3
1045,1096,3
1046,1388,3
1048,1297,3
1051,1468,3
1052,1463,3
1053,1062,3
1054,1084,3
1054,1363,3
1057,1408,3
1058,1304,3
1058,1539,3
1059,1315,3
1059,1395,3
1061,1535,3
1062,1307,3
1066,1109,3
1066,1516,3
1067,1524,3
1067,1620,3
1071,1376,3
1072,1362,3
1072,1635,3
1074,1218,3
1075,1185,3
1077,1222,3
1077,1330,3
1077,1518,3
1078,1416,3
1079,1585,3
1080,1488,3
1081,1181,3
1083,1198,3
1084,1575,3
1086,1149,3
1086,1501,3
1087,1095,3
1087,1606,3
1089,1574,3
1090,1255,3
1096,1198,3
1096,1629,3
1097,1211,3
1097,1330,3
1099,1466,3
1102,1169,3
1103,1370,3
1106,1188,3
1106,1555,3
1107,1503,3
1109,1595,3
1111,1189,3
1112,1477,3
1113,1411,3
1114,1238,3
1115,1201,3
1116,1309,3
1118,1480,3
1118,1487,3
1118,1562,3
1121,1633,3
1122,1489,3
1125,1369,3
1126,1136,3
1127,1328,3
1127,1583,3
1135,1342,3
1136,1161,3
1137,1602,3
1140,1617,3
1142,1458,3
1143,1322,3
1146,1503,3
1147,1245,3
1147,1426,3
1148,1241,3
1148,1315,3
1150,1182,3
1151,1540,3
1154,1481,3
1156,1627,3
1161,1401,3
1162,1583,3
1164,1355,3
1170,1321,3
1171,1193,3
1171,1345,3
1172,1449,3
1174,1348,3
1174,1544,3
1176,1575,3
1177,1262,3
1177,1292,3
1178,1269,3
1178,1490,3
1184,1537,3
1185,1526,3
1189,1301,3
1189,1308,3
1196,1433,3
1196,1581,3
1197,1599,3
1200,1468,3
1201,1456,3
1202,1223,3
1203,1528,3
1204,1596,3
1205,1232,3
1206,1258,3
1206,1414,3
1207,1463,3
1208,1214,3
1210,1316,3
1213,1610,3
1218,1378,3
1218,1456,3
1220,1419,3
1221,1578,3
1227,1448,3
1234,1517,3
1236,1460,3
1238,1335,3
1240,1462,3
1243,1429,3
1243,1626,3
1244,1250,3
1245,1363,3
1246,1377,3
1246,1412,3
1254,1313,3
1254,1591,3
1255,1393,3
1263,1341,3
1263,1484,3
1266,1493,3
1268,1411,3
1268,1482,3
1270,1453,3
1273,1451,3
1282,1312,3
1283,1289,3
1287,1411,3
1288,1515,3
1289,1304,3
1289,1350,3
1296,1638,3
1300,1565,3
1303,1488,3
1305,1430,3
1309,1356,3
1310,1315,3
1310,1384,3
1312,1423,3
1313,1365,3
1317,1374,3
1317,1437,3
1317,1478,3
1320,1634,3
1322,1371,3
1322,1406,3
1324,1344,3
1325,1568,3
1325,1604,3
1326,1490,3
1326,1492,3
1328,1431,3
1330,1530,3
1352,1523,3
1353,1527,3
1353,1642,3
1356,1474,3
1356,1630,3
1357,1633,3
1359,1482,3
1360,1455,3
1362,1423,3
1364,1428,3
1365,1424,3
1368,1512,3
1369,1479,3
1370,1382,3
1371,1591,3
1379,1449,3
1381,1599,3
1382,1454,3
1386,1507,3
1387,1416,3
1390,1544,3
1396,1483,3
1399,1528,3
1401,1545,3
1403,1616,3
1408,1410,3
1413,1535,3
1414,1588,3
1421,1536,3
1427,1575,3
1429,1492,3
1430,1595,3
1452,1554,3
1461,1561,3
1464,1539,3
1465,1585,3
1468,1484,3
1476,1501,3
1483,1525,3
1495,1593,3
1502,1550,3
1529,1567,3
1533,1628,3
1551,1630,3
1556,1610,3
1561,1624,3
1571,1603,3
1575,1588,3
1577,1622,3
1588,1601,3
1592,1606,3
1607,1615,3
1613,1639,3
