0,166,1
0,200,1
0,290,1
0,498,1
0,848,1
0,918,1
935,0,0
987,0,0
0,988,1
0,1124,1
0,1129,1
0,1161,1
0,1301,1
1362,0,0
0,1426,1
1,26,1
1,492,0
662,1,0
1,701,1
1,1069,1
1,1152,1
1,1176,1
1,1220,1
1,1262,1
1,1277,1
1,1352,1
1,1414,1
1,1450,0
1,1599,1
509,2,0
2,548,1
2,827,1
2,1251,1
2,1287,1
2,1490,1
2,1491,1
2,1535,1
222,3,0
3,249,1
3,258,1
3,319,1
687,3,0
3,1322,1
1340,3,0
3,1537,0
116,4,0
234,4,0
4,819,1
4,1200,0
5,495,1
5,1042,1
5,1231,1
5,1400,1
6,326,1
6,1207,1
1536,6,0
22,7,0
7,179,1
7,204,1
7,284,1
345,7,0
399,7,0
7,484,1
555,7,0
7,562,1
581,7,0
590,7,0
7,772,1
7,776,1
778,7,0
822,7,0
7,842,1
7,936,1
7,940,1
7,973,1
7,1122,1
7,1159,1
1180,7,0
1394,7,0
1458,7,0
7,1468,0
7,1503,1
9,210,1
9,298,1
9,497,1
994,9,0
9,1084,1
9,1311,1
10,175,1
10,279,1
314,10,0
316,10,0
318,10,0
381,10,0
389,10,0
390,10,0
10,437,1
10,464,1
10,489,1
10,516,1
10,529,1
642,10,0
10,683,1
10,698,1
10,705,1
10,746,1
10,828,1
10,866,1
10,895,1
10,906,1
925,10,0
10,951,1
10,969,1
10,981,1
10,996,1
10,1008,1
10,1022,1
1028,10,0
10,1047,1
1054,10,0
10,1134,1
10,1143,1
10,1221,1
10,1226,1
1234,10,0
1235,10,0
10,1237,1
10,1427,1
10,1469,1
10,1504,1
10,1532,1
10,1553,1
10,1554,1
10,1560,1
10,1580,1
1628,10,0
11,61,0
11,77,1
11,243,1
11,319,1
11,460,1
475,11,0
11,496,1
11,628,1
632,11,0
11,680,1
11,716,1
11,726,1
11,745,1
11,805,1
836,11,0
11,858,1
11,1188,1
1191,11,0
1204,11,0
11,1213,1
1225,11,0
11,1242,1
11,1585,1
12,22,1
34,12,0
12,63,0
12,211,1
12,241,1
12,242,1
12,300,1
12,370,1
386,12,0
12,404,1
409,12,0
431,12,0
12,458,1
490,12,0
12,583,1
644,12,0
645,12,0
12,654,1
12,673,1
12,721,1
748,12,0
12,749,1
12,753,1
12,804,1
12,832,1
12,869,1
930,12,0
976,12,0
12,1095,1
12,1100,0
1123,12,0
12,1260,1
1266,12,0
1288,12,0
12,1314,1
1326,12,0
12,1349,1
12,1355,1
12,1366,1
1373,12,0
1443,12,0
1463,12,0
12,1517,1
12,1527,1
12,1543,1
12,1549,0
12,1571,1
1589,12,0
12,1609,1
12,1642,1
13,65,1
294,13,0
13,349,1
13,488,1
13,747,1
13,1597,1
14,215,1
14,289,1
14,480,0
14,914,1
14,932,1
14,1085,1
14,1401,1
15,108,1
15,114,1
118,15,0
307,15,0
15,315,1
328,15,0
15,444,1
15,525,1
686,15,0
15,757,1
15,824,1
852,15,0
15,887,1
15,1011,1
15,1063,1
1133,15,0
15,1228,1
1240,15,0
15,1280,1
15,1282,1
15,1367,1
15,1377,1
15,1379,1
15,1439,1
15,1608,1
236,16,0
16,455,1
16,815,0
16,843,0
17,103,1
17,169,0
17,1227,0
17,1238,0
17,1360,0
18,309,1
18,341,0
18,479,1
18,572,1
18,614,1
18,732,1
1112,18,0
1272,18,0
18,1369,1
18,1466,0
135,19,0
19,764,0
844,19,0
19,860,1
19,1040,0
1170,19,0
19,1614,0
20,17,1
20,475,1
20,612,1
20,829,1
1446,20,0
20,1606,1
252,21,0
21,333,1
21,375,1
513,21,0
21,629,0
21,1251,1
399,22,0
22,471,0
22,555,1
776,22,0
22,778,1
22,822,1
22,973,1
1106,22,0
1159,22,0
22,1220,1
22,1266,0
22,1503,1
214,23,0
23,483,1
23,761,1
23,1186,0
1255,23,0
23,1436,1
23,1596,1
24,1029,1
24,1137,0
24,1181,1
24,1447,0
24,1453,1
24,1569,0
25,329,1
25,500,1
25,543,1
25,622,1
25,646,1
25,740,1
25,1298,1
25,1380,0
25,1603,1
25,1627,0
26,56,1
26,720,0
27,364,1
27,802,1
887,27,0
27,990,0
27,1182,1
1249,27,0
27,1431,1
28,29,0
28,1511,0
29,112,0
394,29,0
29,689,1
29,1122,1
29,1182,0
29,1307,1
30,125,1
30,454,1
30,823,1
1167,30,0
30,1368,1
205,31,0
250,31,0
31,423,1
554,31,0
729,31,0
1013,31,0
31,1168,1
31,1210,1
31,1308,1
1315,31,0
1335,31,0
31,1341,1
31,1353,1
32,16,1
32,841,1
32,1000,0
32,1248,1
32,1296,1
240,33,0
33,874,1
886,33,0
33,1157,1
1187,33,0
33,1342,1
34,89,1
34,226,1
34,235,0
34,501,1
563,34,0
794,34,0
34,815,1
34,931,1
34,1106,1
34,1194,1
34,1305,1
1323,34,0
1565,34,0
34,1606,1
35,78,1
35,319,1
35,424,0
442,35,0
647,35,0
35,746,1
35,763,0
35,789,1
853,35,0
1148,35,0
35,1618,1
36,164,1
178,36,0
247,36,0
36,248,1
263,36,0
301,36,0
421,36,0
36,542,1
635,36,0
36,774,0
36,795,1
815,36,0
36,841,1
36,950,1
36,955,1
974,36,0
1018,36,0
1296,36,0
1308,36,0
36,1363,1
36,1525,0
37,197,1
37,285,1
37,341,1
37,526,1
37,787,1
840,37,0
1060,37,0
37,1233,1
37,1263,1
1451,37,0
38,57,1
38,249,1
391,38,0
602,38,0
38,666,1
38,793,1
943,38,0
38,1033,1
38,1046,1
38,1261,1
1570,38,0
39,763,0
40,168,1
40,273,1
40,357,0
40,683,1
1007,40,0
40,1065,1
40,1349,1
40,1532,1
41,187,1
41,277,1
41,318,1
607,41,0
41,821,1
41,1114,1
42,4,1
202,42,0
42,244,1
42,254,0
42,342,1
42,498,1
42,522,1
42,567,1
602,42,0
643,42,0
42,666,1
687,42,0
42,693,1
42,710,1
793,42,0
42,819,1
42,882,1
42,886,1
890,42,0
42,933,1
942,42,0
42,943,1
42,1002,1
42,1033,1
1113,42,0
42,1201,1
1202,42,0
42,1222,1
42,1238,1
1330,42,0
1378,42,0
42,1383,1
42,1402,1
42,1500,1
42,1584,1
42,1588,1
42,1600,1
42,1614,1
43,160,1
207,43,0
43,313,1
43,327,1
367,43,0
43,383,1
43,392,1
485,43,0
43,518,1
43,574,1
596,43,0
43,616,1
43,637,1
43,649,1
43,747,1
43,820,1
856,43,0
867,43,0
942,43,0
43,946,1
43,953,1
43,993,1
1004,43,0
43,1008,0
1014,43,0
1032,43,0
1044,43,0
43,1057,0
43,1192,1
43,1289,1
43,1324,1
43,1392,1
43,1479,1
43,1481,1
1489,43,0
1492,43,0
43,1511,1
1568,43,0
43,1630,1
44,212,0
44,418,0
456,44,0
623,44,0
729,44,0
739,44,0
44,1138,1
1139,44,0
44,1406,1
44,1590,1
44,1591,1
45,725,0
46,1210,0
46,1249,0
47,201,1
47,252,1
295,47,0
305,47,0
354,47,0
47,364,1
47,397,1
47,441,1
47,461,1
47,517,1
47,536,1
584,47,0
592,47,0
47,599,1
604,47,0
47,606,0
658,47,0
47,697,1
699,47,0
47,710,1
47,715,1
718,47,0
47,834,1
839,47,0
47,846,1
47,954,1
47,964,1
47,971,1
47,980,1
47,1005,1
1015,47,0
47,1087,1
1098,47,0
47,1102,1
47,1119,1
47,1177,1
47,1183,1
47,1240,1
47,1250,1
1316,47,0
47,1318,1
1360,47,0
1365,47,0
47,1390,1
47,1397,1
1410,47,0
47,1418,1
47,1487,1
47,1528,1
47,1534,1
47,1552,1
47,1556,1
1575,47,0
47,1587,1
118,48,0
48,281,1
48,316,0
674,48,0
795,48,0
48,883,1
977,48,0
48,987,1
48,1239,1
48,1362,1
48,1470,1
48,1502,1
49,128,1
49,233,1
49,783,1
49,1030,0
49,1146,1
49,1205,1
1345,49,0
49,1361,1
1384,49,0
49,1465,1
49,1594,1
49,1617,1
141,50,0
50,287,1
50,334,1
50,428,1
50,606,1
619,50,0
641,50,0
50,851,1
50,855,1
942,50,0
1459,50,0
50,1548,1
1614,50,0
51,77,1
164,51,0
263,51,0
51,301,1
363,51,0
51,391,1
432,51,0
51,462,1
51,478,1
51,576,1
51,635,1
51,690,1
51,766,1
51,795,1
51,836,1
841,51,0
950,51,0
51,955,1
51,974,1
51,997,1
51,1061,1
51,1170,1
1203,51,0
51,1211,1
51,1264,1
1296,51,0
51,1363,1
51,1462,1
51,1503,0
51,1611,1
52,310,1
52,559,1
52,703,1
1068,52,0
52,1274,1
53,430,0
942,53,0
54,795,0
914,54,0
54,1085,1
55,410,0
55,882,0
209,56,0
56,223,1
56,451,0
730,56,0
56,1141,0
56,1304,0
56,1320,1
56,1423,1
56,1557,1
57,255,1
358,57,0
57,365,1
57,438,1
466,57,0
57,713,1
57,897,1
57,1110,1
1164,57,0
57,1315,1
57,1395,0
57,1422,1
57,1483,0
57,1576,1
58,117,1
58,229,1
293,58,0
58,369,1
58,443,1
451,58,0
58,604,1
58,712,1
58,798,1
58,877,0
58,1021,1
58,1156,1
58,1336,0
58,1380,1
1516,58,0
59,567,0
61,359,1
493,61,0
816,61,0
61,901,1
61,1145,0
61,1195,0
62,185,1
351,62,0
62,402,1
62,430,0
62,738,0
62,833,1
62,910,1
1065,62,0
62,1117,1
62,1149,1
1158,62,0
62,1275,1
62,1449,1
63,117,1
63,614,1
63,630,1
802,63,0
63,931,1
63,1564,0
200,64,0
64,900,1
65,520,1
549,65,0
65,744,1
65,800,1
65,888,1
1086,65,0
1167,65,0
65,1218,1
1249,65,0
65,1417,1
66,1207,0
253,67,0
397,67,0
67,470,1
67,510,1
67,520,1
67,751,0
67,848,1
67,908,1
67,975,1
67,1126,1
1268,67,0
67,1452,1
68,254,1
68,543,0
68,678,1
892,68,0
68,1018,0
68,1219,1
68,1307,0
68,1490,1
68,1505,1
1620,68,0
69,114,1
69,244,1
69,1351,0
1415,69,0
69,1616,0
70,44,1
70,207,1
70,316,0
70,459,1
470,70,0
70,755,1
70,935,1
70,945,1
987,70,0
989,70,0
70,1273,1
70,1419,1
70,1529,1
71,247,1
71,357,1
71,945,1
71,1273,1
72,155,0
402,72,0
72,457,1
72,532,1
72,960,1
72,1452,1
1604,72,0
73,51,1
73,620,1
897,73,0
947,73,0
73,974,1
73,1522,0
74,102,1
74,221,1
235,74,0
74,335,1
74,645,1
74,949,1
74,956,1
74,962,0
1294,74,0
1523,74,0
74,1537,1
1538,74,0
74,1545,1
74,1639,1
194,75,0
75,195,1
75,228,0
312,75,0
75,440,1
896,75,0
75,1006,1
75,1471,1
75,1497,1
76,114,1
76,327,0
76,636,0
1564,76,0
77,91,1
77,114,1
118,77,0
237,77,0
77,239,1
77,243,1
77,257,1
261,77,0
291,77,0
369,77,0
77,384,1
412,77,0
77,414,1
77,446,1
77,475,1
77,511,0
77,512,1
519,77,0
538,77,0
539,77,0
557,77,0
77,564,1
585,77,0
77,587,1
77,593,1
77,608,0
77,618,1
628,77,0
77,639,1
77,650,1
77,675,1
77,688,1
77,691,1
77,696,1
77,726,1
77,767,1
77,805,1
77,844,0
77,858,1
77,868,1
77,892,1
893,77,0
77,912,1
77,923,1
77,948,1
77,1000,1
77,1010,1
77,1012,1
1021,77,0
77,1045,1
1061,77,0
1067,77,0
1093,77,0
77,1097,1
77,1153,1
77,1156,1
1212,77,0
77,1284,1
77,1293,1
77,1310,1
77,1321,1
1332,77,0
77,1335,1
1356,77,0
1363,77,0
1385,77,0
77,1398,1
77,1406,1
77,1455,1
77,1519,1
77,1525,1
1526,77,0
77,1539,1
77,1558,1
77,1579,1
77,1582,1
77,1585,1
1615,77,0
77,1616,1
78,84,1
78,93,1
78,749,0
78,956,1
78,1198,1
155,79,0
433,79,0
79,506,1
651,79,0
79,964,0
79,1224,1
79,1414,1
79,1506,1
169,80,0
80,1162,1
81,87,0
81,229,1
81,803,1
810,81,0
81,1357,1
1411,81,0
67,82,0
82,218,1
82,246,1
82,421,0
82,552,1
82,590,1
82,632,1
704,82,0
82,773,1
818,82,0
82,884,1
82,908,1
82,975,1
82,1213,1
82,1270,1
82,1307,0
1453,82,0
82,1454,1
82,1626,1
83,2,1
31,83,0
33,83,0
83,98,1
83,100,1
83,120,1
83,128,1
138,83,0
83,149,1
152,83,0
83,155,1
83,175,1
83,183,1
195,83,0
205,83,0
83,216,1
83,219,1
224,83,0
83,227,1
229,83,0
250,83,0
83,251,1
83,260,1
83,265,1
83,267,1
269,83,0
83,275,1
283,83,0
83,286,1
289,83,0
291,83,0
83,292,1
83,314,1
83,330,1
83,336,1
83,341,1
83,342,1
347,83,0
349,83,0
353,83,0
83,357,1
362,83,0
83,368,1
83,371,1
83,376,1
83,387,1
393,83,0
83,410,1
83,417,1
83,423,1
426,83,0
430,83,0
83,440,1
446,83,0
83,453,1
83,463,1
83,466,1
83,472,1
83,473,1
492,83,0
83,502,1
83,504,1
83,505,1
509,83,0
522,83,0
83,523,1
83,529,1
83,533,1
83,539,1
540,83,0
541,83,0
83,544,1
554,83,0
83,555,1
83,560,1
564,83,0
568,83,0
83,589,1
83,591,1
598,83,0
83,601,1
83,613,1
615,83,0
83,627,1
643,83,0
656,83,0
83,659,1
661,83,0
83,663,1
83,675,1
684,83,0
687,83,0
83,691,1
694,83,0
83,712,1
83,722,1
724,83,0
83,728,1
731,83,0
735,83,0
83,765,1
767,83,0
83,770,1
774,83,0
83,777,1
83,778,1
781,83,0
83,783,1
792,83,0
83,807,1
83,810,1
811,83,0
813,83,0
817,83,0
83,822,1
827,83,0
83,838,1
843,83,0
83,849,1
83,850,1
83,859,1
862,83,0
866,83,0
83,871,1
83,880,1
885,83,0
889,83,0
83,891,1
83,894,1
925,83,0
933,83,0
83,934,1
83,938,1
948,83,0
951,83,0
83,952,1
83,963,1
83,965,1
83,978,1
984,83,0
83,1008,1
1009,83,0
83,1013,1
83,1016,1
83,1042,1
83,1043,1
1050,83,0
83,1054,1
1055,83,0
83,1071,1
83,1075,1
83,1077,1
83,1079,1
1103,83,0
83,1106,1
83,1116,1
83,1122,1
83,1130,1
1143,83,0
83,1144,1
83,1153,1
1159,83,0
1171,83,0
1194,83,0
83,1202,1
1204,83,0
1226,83,0
83,1229,1
1232,83,0
83,1234,1
1237,83,0
83,1243,1
83,1244,1
83,1245,1
83,1251,1
83,1274,1
83,1277,1
83,1281,1
83,1283,1
83,1287,1
1290,83,0
1303,83,0
1305,83,0
83,1306,1
83,1309,1
1315,83,0
1321,83,0
1324,83,0
1325,83,0
83,1327,1
83,1329,1
83,1331,1
83,1342,1
83,1346,1
83,1348,1
83,1353,1
1356,83,0
83,1357,1
83,1363,1
83,1374,1
83,1375,1
83,1376,1
1380,83,0
83,1389,1
83,1398,1
83,1401,1
83,1406,1
83,1412,1
1413,83,0
83,1420,1
83,1445,1
83,1448,1
83,1460,1
1461,83,0
1468,83,0
1477,83,0
1481,83,0
83,1484,1
83,1489,1
1491,83,0
1496,83,0
83,1497,1
1504,83,0
83,1508,1
83,1510,1
83,1515,1
83,1518,1
1539,83,0
83,1542,1
83,1547,1
83,1555,1
83,1557,1
1558,83,0
1569,83,0
83,1578,1
1582,83,0
1599,83,0
83,1600,1
83,1601,1
83,1613,1
83,1623,1
83,1625,1
1628,83,0
83,1630,1
1632,83,0
85,112,1
238,85,0
85,835,1
85,854,1
862,85,0
1128,85,0
1282,85,0
86,419,1
86,538,1
902,86,0
86,957,0
86,1047,0
86,1062,1
1183,86,0
86,1332,1
86,1359,1
79,87,0
87,160,1
87,268,1
415,87,0
87,433,1
87,508,1
602,87,0
87,638,1
87,743,1
87,793,1
87,847,1
87,938,0
943,87,0
947,87,0
1107,87,0
87,1125,1
1224,87,0
87,1312,0
87,1350,1
87,1506,1
1570,87,0
88,1079,0
89,1090,1
1120,89,0
89,1247,1
1288,89,0
1314,89,0
89,1585,1
142,90,0
306,90,0
90,322,1
90,324,1
553,90,0
617,90,0
90,703,0
90,799,1
863,90,0
90,1133,1
90,1236,1
90,1263,1
90,1291,1
90,1391,1
90,1475,1
90,1604,1
1633,90,0
229,91,0
91,340,1
355,91,0
91,360,1
91,405,1
91,422,1
91,430,1
91,435,1
91,501,1
91,507,1
91,527,1
91,553,1
737,91,0
779,91,0
810,91,0
864,91,0
91,983,1
91,991,1
91,1038,1
1059,91,0
1120,91,0
91,1140,1
91,1268,1
1286,91,0
91,1295,1
91,1357,1
91,1429,1
91,1524,1
91,1549,1
1595,91,0
92,355,0
92,716,0
92,916,1
1142,92,0
92,1197,0
92,1233,0
1636,92,0
431,93,0
1295,93,0
1549,93,0
94,198,1
199,94,0
94,220,1
94,234,1
94,241,1
94,306,1
94,374,1
94,401,1
94,458,1
94,467,0
469,94,0
94,551,1
94,720,0
94,757,0
94,844,1
94,995,1
94,1019,1
94,1025,1
1051,94,0
94,1072,1
94,1095,1
1105,94,0
94,1106,1
1123,94,0
1132,94,0
1155,94,0
94,1169,1
94,1194,1
94,1217,1
94,1223,1
94,1260,1
94,1295,1
94,1366,1
94,1430,1
94,1535,0
109,95,0
95,134,1
281,95,0
95,494,1
95,674,1
95,847,1
95,883,1
1115,95,0
95,1239,1
95,1480,1
96,419,1
471,96,0
96,903,1
1017,96,0
96,1063,1
1092,96,0
96,1160,1
96,1175,1
1189,96,0
96,1227,0
96,1522,1
1566,96,0
97,15,1
97,307,1
97,439,1
97,530,1
709,97,0
97,762,1
97,1166,1
97,1514,1
98,125,1
98,128,1
506,98,0
98,783,1
98,823,1
98,938,0
1040,98,0
98,1368,1
1388,98,0
98,1396,1
98,1440,1
98,1452,0
1465,98,0
98,1533,1
99,5,1
115,99,0
185,99,0
99,220,1
99,263,1
99,353,0
370,99,0
409,99,0
474,99,0
99,516,1
99,588,1
99,603,1
99,605,1
99,672,1
99,779,1
791,99,0
99,832,1
99,955,1
99,983,1
99,1018,1
1101,99,0
99,1164,1
99,1284,1
1288,99,0
99,1349,1
1425,99,0
99,1523,1
99,1593,1
100,306,0
316,100,0
318,100,0
100,372,1
100,376,1
389,100,0
100,659,1
100,746,1
100,770,1
906,100,0
909,100,0
963,100,0
100,969,1
1071,100,0
1079,100,0
100,1134,1
100,1144,1
1222,100,0
1469,100,0
1477,100,0
100,1484,1
100,1554,1
100,1555,1
101,172,1
101,630,0
101,1050,0
101,1188,1
102,138,0
102,528,0
102,886,1
103,1034,0
103,1077,1
103,1101,0
103,1441,1
104,392,1
104,405,1
104,830,0
1246,104,0
105,543,1
105,784,1
105,1395,1
106,511,1
558,106,0
106,584,0
629,106,0
1510,106,0
1622,106,0
107,826,1
107,853,0
107,1438,0
107,1588,1
1610,107,0
210,108,0
108,315,1
108,483,1
108,548,1
108,607,1
108,686,0
797,108,0
108,1108,1
108,1254,1
1405,108,0
109,100,1
109,107,1
140,109,0
109,177,1
109,180,1
109,196,1
109,217,1
109,228,1
243,109,0
109,276,1
318,109,0
109,331,1
109,336,1
378,109,0
109,389,1
109,410,1
420,109,0
109,454,1
109,505,1
526,109,0
109,565,1
566,109,0
109,628,1
109,631,1
653,109,0
681,109,0
109,746,1
752,109,0
109,753,1
765,109,0
109,780,1
813,109,0
109,850,1
109,868,1
876,109,0
109,885,1
109,909,1
917,109,0
958,109,0
109,968,1
109,969,1
109,1020,1
1073,109,0
109,1077,1
109,1082,1
109,1103,1
1134,109,0
109,1155,1
109,1157,1
109,1188,1
1229,109,0
1241,109,0
1247,109,0
1279,109,0
109,1312,1
1328,109,0
1387,109,0
109,1393,1
109,1420,1
1444,109,0
109,1448,1
109,1469,1
1472,109,0
1494,109,0
109,1498,1
1509,109,0
109,1512,1
109,1531,1
109,1554,1
1585,109,0
109,1623,1
109,1624,1
109,1631,1
110,314,1
110,380,1
110,547,1
110,698,1
110,817,1
111,163,1
111,269,1
111,438,1
878,111,0
111,1145,1
1292,111,0
112,246,0
112,299,1
112,417,1
112,669,0
112,989,0
112,1069,1
112,1521,1
112,1554,0
113,1511,0
223,114,0
265,114,0
279,114,0
296,114,0
348,114,0
114,372,1
114,373,1
377,114,0
114,393,1
114,406,1
448,114,0
114,464,1
114,488,1
489,114,0
494,114,0
114,521,1
114,537,1
114,556,1
114,586,1
597,114,0
114,640,1
114,648,1
114,664,1
114,668,1
114,708,1
114,753,1
114,768,1
114,808,1
114,813,1
114,850,1
114,856,1
114,865,1
866,114,0
895,114,0
114,910,1
114,951,1
114,1008,1
114,1023,0
114,1026,1
114,1041,1
114,1054,1
114,1073,0
114,1074,1
1078,114,0
1127,114,0
114,1136,1
114,1141,1
1151,114,0
114,1152,1
114,1172,1
114,1222,1
114,1229,1
1235,114,0
114,1237,1
114,1317,1
114,1339,1
114,1409,1
1420,114,0
1427,114,0
1437,114,0
114,1446,1
114,1472,1
114,1480,1
114,1498,1
1504,114,0
1512,114,0
114,1529,1
114,1573,1
1635,114,0
114,1637,1
114,1638,1
115,108,1
115,292,1
115,315,1
115,382,1
115,444,1
115,656,1
115,684,0
115,1124,1
1280,115,0
115,1332,1
115,1460,1
1518,115,0
116,334,0
116,486,1
116,577,1
116,703,0
1094,116,0
116,1206,1
1371,116,0
116,1495,1
117,442,1
584,117,0
647,117,0
117,789,1
117,853,1
117,1148,1
117,1178,0
117,1618,1
118,200,1
118,223,1
118,279,1
118,296,1
118,332,0
118,348,1
373,118,0
377,118,0
118,393,1
118,406,1
118,448,1
118,464,1
118,488,1
489,118,0
118,494,1
118,537,1
118,556,1
586,118,0
640,118,0
118,648,1
118,668,1
708,118,0
118,753,1
808,118,0
118,866,1
885,118,0
118,895,1
118,910,1
1008,118,0
1026,118,0
118,1041,1
118,1075,0
1078,118,0
1136,118,0
118,1141,1
118,1151,1
118,1152,1
1172,118,0
118,1229,1
118,1235,1
118,1237,1
118,1262,1
118,1317,1
118,1359,1
118,1374,1
118,1393,1
118,1411,0
1420,118,0
118,1425,1
118,1427,1
118,1437,1
118,1446,1
118,1472,1
118,1498,1
1512,118,0
118,1529,1
118,1573,1
118,1635,1
119,1,1
2,119,0
119,4,1
11,119,0
119,12,1
119,18,1
26,119,0
119,31,1
119,38,1
119,56,1
119,57,1
119,61,1
62,119,0
119,72,1
77,119,0
87,119,0
119,90,1
96,119,0
119,108,1
112,119,0
119,116,1
118,119,0
121,119,0
119,125,1
119,136,1
151,119,0
119,155,1
119,163,1
119,164,1
168,119,0
119,170,1
119,188,1
192,119,0
194,119,0
195,119,0
119,199,1
202,119,0
119,205,1
119,209,1
119,230,1
119,231,1
119,233,1
119,238,1
119,240,1
119,244,1
119,250,1
119,255,1
256,119,0
119,281,1
287,119,0
119,291,1
119,296,0
119,299,1
119,302,1
119,312,1
119,315,1
320,119,0
119,322,1
119,324,1
119,333,1
119,334,1
342,119,0
344,119,0
119,349,1
119,358,1
359,119,0
119,361,1
365,119,0
119,385,1
391,119,0
119,395,1
119,402,1
411,119,0
119,414,1
419,119,0
119,423,1
119,433,1
119,442,1
119,444,1
119,446,1
119,457,1
467,119,0
119,471,1
119,477,1
119,481,1
119,491,1
493,119,0
119,500,1
119,503,1
119,505,1
119,508,1
119,509,1
515,119,0
119,528,1
119,531,1
119,532,1
119,538,1
119,539,1
543,119,0
119,546,1
553,119,0
554,119,0
119,570,1
119,576,1
119,578,1
119,593,1
119,596,1
600,119,0
119,606,1
119,609,1
611,119,0
119,617,1
119,619,1
119,626,1
639,119,0
119,641,1
642,119,0
119,647,1
119,652,1
119,655,1
658,119,0
659,119,0
119,662,1
666,119,0
119,669,1
119,674,1
119,675,1
676,119,0
119,677,1
683,119,0
119,685,1
119,693,1
119,705,1
119,711,1
713,119,0
119,714,1
721,119,0
119,723,1
119,727,1
729,119,0
119,730,1
738,119,0
754,119,0
119,756,1
764,119,0
769,119,0
119,770,1
777,119,0
788,119,0
119,789,1
793,119,0
119,794,1
807,119,0
119,812,1
119,816,1
818,119,0
119,819,1
119,823,1
119,830,1
119,833,1
844,119,0
853,119,0
119,854,1
119,855,1
119,857,1
859,119,0
861,119,0
119,863,1
877,119,0
119,879,1
119,883,1
896,119,0
119,897,1
119,898,1
119,903,1
119,912,1
119,920,1
119,923,1
927,119,0
119,928,1
119,929,1
119,931,1
933,119,0
119,944,1
119,948,1
119,950,1
119,957,1
119,959,1
960,119,0
962,119,0
119,966,1
119,970,1
119,979,1
119,984,1
119,986,1
988,119,0
119,990,1
119,995,1
1003,119,0
1006,119,0
1007,119,0
119,1013,1
1017,119,0
1023,119,0
1029,119,0
1033,119,0
119,1034,1
1040,119,0
119,1046,1
119,1080,1
1085,119,0
119,1100,1
1106,119,0
119,1107,1
119,1109,1
1115,119,0
119,1117,1
1121,119,0
119,1132,1
1138,119,0
1139,119,0
119,1142,1
1148,119,0
1149,119,0
119,1153,1
1158,119,0
1163,119,0
119,1164,1
119,1168,1
119,1169,1
119,1176,1
1181,119,0
1185,119,0
1186,119,0
119,1187,1
119,1189,1
1193,119,0
119,1194,1
119,1196,1
1197,119,0
119,1200,1
119,1202,1
119,1206,1
1210,119,0
1221,119,0
119,1224,1
1236,119,0
1239,119,0
119,1251,1
1262,119,0
119,1263,1
119,1274,1
119,1277,1
1284,119,0
1303,119,0
119,1305,1
119,1306,1
119,1307,1
119,1315,1
119,1319,1
119,1320,1
119,1331,1
119,1332,1
1334,119,0
119,1350,1
119,1353,1
1356,119,0
119,1368,1
1371,119,0
119,1382,1
119,1384,1
119,1392,1
119,1396,1
119,1398,1
119,1413,1
119,1421,1
119,1423,1
119,1438,1
119,1442,1
119,1445,1
119,1449,1
1452,119,0
119,1456,1
119,1457,1
119,1464,1
1475,119,0
119,1477,1
119,1478,1
119,1495,1
119,1513,1
119,1516,1
1521,119,0
119,1526,1
119,1539,1
119,1544,1
119,1545,1
119,1546,1
1551,119,0
119,1553,1
119,1558,1
119,1565,1
1568,119,0
1569,119,0
119,1579,1
1582,119,0
1591,119,0
119,1599,1
119,1600,1
119,1604,1
119,1607,1
119,1612,1
119,1618,1
119,1621,1
119,1629,1
1633,119,0
1636,119,0
119,1638,1
1639,119,0
1640,119,0
119,1641,1
120,9,1
120,105,1
120,128,1
130,120,0
120,202,1
120,211,1
120,216,1
120,250,1
267,120,0
270,120,0
271,120,0
120,307,1
309,120,0
120,335,1
120,336,1
120,362,1
366,120,0
120,387,1
120,390,1
391,120,0
409,120,0
414,120,0
422,120,0
120,442,1
120,446,1
120,479,1
120,495,1
120,505,1
120,514,1
120,520,1
120,522,1
120,539,1
568,120,0
120,572,1
120,580,1
591,120,0
120,592,1
120,644,1
120,647,1
657,120,0
120,661,1
120,662,1
120,675,1
687,120,0
120,693,1
696,120,0
722,120,0
730,120,0
120,732,1
120,759,1
120,774,1
120,777,1
120,783,1
120,784,1
120,807,1
843,120,0
120,849,1
862,120,0
120,886,1
888,120,0
948,120,0
954,120,0
120,972,1
120,974,1
120,981,1
120,1009,1
1013,120,0
1042,120,0
1047,120,0
120,1050,1
120,1058,1
120,1064,1
1086,120,0
120,1113,1
120,1116,1
120,1148,1
120,1167,1
120,1168,1
120,1200,1
1208,120,0
1210,120,0
120,1214,1
120,1218,1
120,1231,1
120,1244,1
120,1262,1
120,1281,1
120,1288,1
120,1303,1
120,1306,1
120,1309,1
1315,120,0
120,1321,1
1331,120,0
120,1341,1
120,1346,1
120,1349,1
120,1363,1
120,1369,1
1376,120,0
120,1395,1
120,1398,1
120,1400,1
120,1401,1
120,1416,1
1454,120,0
120,1476,1
120,1539,1
120,1545,1
120,1557,1
1560,120,0
120,1578,1
120,1582,1
120,1601,1
1616,120,0
1619,120,0
120,1632,1
120,1639,1
121,108,1
121,114,1
121,118,1
121,161,1
121,315,1
121,757,1
805,121,0
1062,121,0
121,1112,1
1190,121,0
121,1216,1
1332,121,0
121,1398,0
1581,121,0
122,415,1
122,508,1
515,122,0
122,723,1
122,926,1
122,1107,1
122,1171,0
122,1546,1
1629,122,0
124,318,0
124,620,1
124,682,1
805,124,0
1124,124,0
125,15,1
186,125,0
396,125,0
657,125,0
125,671,1
702,125,0
125,814,0
922,125,0
125,1040,1
125,1049,1
125,1106,1
125,1191,0
125,1217,0
1265,125,0
125,1305,1
125,1321,1
125,1356,1
1368,125,0
125,1396,1
125,1465,1
125,1539,1
1558,125,0
125,1620,1
126,259,1
352,126,0
126,438,1
126,465,1
126,651,1
126,1218,1
126,1400,0
127,30,1
127,125,1
251,127,0
127,285,1
127,326,1
127,339,0
127,442,1
525,127,0
127,623,1
127,670,1
823,127,0
127,1258,1
127,1368,1
1466,127,0
128,289,1
128,560,0
624,128,0
128,657,1
751,128,0
128,823,1
128,874,1
1083,128,0
128,1128,1
128,1202,1
128,1205,1
1265,128,0
128,1266,1
128,1368,1
128,1388,1
1396,128,0
128,1465,1
129,270,1
129,436,1
129,442,1
129,643,1
129,1141,0
129,1377,0
130,144,0
130,270,1
130,1208,1
130,1241,1
1619,130,0
131,61,1
131,482,1
131,830,1
131,1082,1
131,1163,1
1583,131,0
132,13,1
132,98,1
132,128,1
211,132,0
132,370,1
132,409,1
432,132,0
132,892,1
132,985,1
132,1110,1
1349,132,0
133,14,1
133,84,1
133,152,1
133,400,1
133,425,1
513,133,0
133,914,1
133,998,1
133,1024,1
133,1352,1
1541,133,0
494,134,0
847,134,0
1239,134,0
134,1480,1
1498,134,0
135,14,1
135,15,1
135,31,1
135,54,1
135,118,1
135,133,1
161,135,0
135,185,1
187,135,0
135,239,1
269,135,0
272,135,0
135,281,1
135,317,1
135,320,1
338,135,0
135,342,1
379,135,0
398,135,0
135,403,1
415,135,0
135,416,1
135,424,1
135,430,1
135,447,1
468,135,0
135,480,1
135,522,1
135,559,1
135,564,1
135,610,1
135,614,1
135,620,1
135,630,1
135,655,1
657,135,0
135,674,1
686,135,0
135,702,1
135,720,1
135,725,1
738,135,0
135,742,1
745,135,0
135,767,1
135,772,1
135,790,1
135,795,1
135,802,1
135,824,1
135,831,1
833,135,0
135,856,1
857,135,0
135,868,1
135,881,1
883,135,0
898,135,0
135,902,1
905,135,0
931,135,0
135,932,1
135,933,1
936,135,0
135,1027,1
1085,135,0
135,1088,1
1091,135,0
135,1111,1
1113,135,0
1117,135,0
1118,135,0
1131,135,0
135,1147,1
1149,135,0
135,1150,1
1158,135,0
135,1205,1
1207,135,0
1257,135,0
135,1265,1
1271,135,0
135,1297,1
1299,135,0
1323,135,0
135,1327,1
1351,135,0
135,1370,1
1372,135,0
135,1393,1
1406,135,0
135,1449,1
135,1458,1
135,1465,1
1478,135,0
135,1483,1
135,1486,1
135,1496,1
135,1499,1
1507,135,0
135,1508,1
1510,135,0
135,1536,1
135,1550,1
135,1561,1
1562,135,0
135,1563,1
135,1600,1
135,1617,1
136,1,1
136,273,1
136,331,1
136,609,1
136,683,1
136,794,1
136,927,1
136,1221,1
136,1378,0
137,214,1
137,222,1
137,230,1
137,619,1
137,877,1
137,1186,1
137,1319,1
137,1382,1
137,1457,1
137,1464,1
137,1640,1
138,404,1
138,989,0
1367,138,0
138,1389,1
139,627,0
139,675,1
139,711,1
900,139,0
139,1003,1
139,1393,1
139,1404,1
139,1532,1
140,2,1
71,140,0
78,140,0
140,90,1
100,140,0
114,140,0
140,118,1
170,140,0
140,193,1
140,216,1
230,140,0
140,250,1
140,254,1
140,282,1
140,290,1
140,304,1
140,309,1
140,318,1
328,140,0
140,333,1
140,342,1
140,347,1
140,375,1
140,376,1
140,387,1
140,389,1
429,140,0
140,479,1
140,480,1
140,481,1
140,484,1
140,491,1
140,503,1
140,509,1
140,529,1
140,545,1
555,140,0
140,572,1
140,591,1
619,140,0
140,628,1
140,696,1
140,711,1
719,140,0
722,140,0
728,140,0
731,140,0
140,732,1
754,140,0
140,757,1
769,140,0
140,771,1
140,777,1
140,792,1
795,140,0
140,817,1
140,821,1
140,822,1
140,827,1
140,845,1
140,849,1
140,850,1
140,865,1
140,871,1
140,872,1
877,140,0
885,140,0
886,140,0
140,900,1
902,140,0
140,906,1
140,909,1
913,140,0
933,140,0
140,949,1
140,959,1
140,963,1
976,140,0
140,984,0
140,986,0
140,987,1
140,988,1
990,140,0
140,1003,1
1009,140,0
140,1013,1
1032,140,0
140,1043,1
1056,140,0
140,1062,1
140,1075,1
140,1080,1
140,1088,1
1106,140,0
1121,140,0
140,1122,1
140,1130,1
1134,140,0
140,1153,1
1154,140,0
1159,140,0
140,1168,1
140,1180,1
1188,140,0
140,1191,1
140,1194,1
140,1195,1
140,1201,1
1210,140,0
140,1219,1
1228,140,0
140,1232,1
140,1238,1
1249,140,0
140,1251,1
140,1263,1
140,1272,1
1277,140,0
140,1282,1
140,1287,1
140,1291,1
140,1295,1
1300,140,0
1305,140,0
140,1309,1
140,1315,1
1319,140,0
140,1326,1
140,1332,1
140,1341,1
140,1351,1
140,1362,1
1363,140,0
1369,140,0
140,1382,1
140,1403,1
140,1404,1
1420,140,0
1457,140,0
1460,140,0
1464,140,0
1475,140,0
1481,140,0
1489,140,0
1490,140,0
140,1491,1
140,1518,1
140,1535,1
1554,140,0
140,1557,1
140,1580,1
140,1586,0
140,1599,1
140,1600,1
1620,140,0
1640,140,0
1641,140,0
141,72,1
141,287,1
141,442,1
141,554,0
141,576,0
141,855,1
141,1496,1
142,34,1
266,142,0
142,325,1
142,800,0
1084,142,0
1267,142,0
142,1294,0
1493,142,0
142,1560,1
243,143,0
143,249,1
143,279,1
143,428,1
143,489,1
549,143,0
143,550,1
143,569,1
143,628,1
723,143,0
743,143,0
143,744,1
143,888,1
895,143,0
941,143,0
143,965,1
143,1086,1
143,1143,1
1234,143,0
1235,143,0
1434,143,0
144,174,1
355,144,0
144,809,1
145,433,0
145,434,1
145,475,1
145,857,1
145,898,1
146,795,0
1015,146,0
146,1264,0
147,861,0
148,196,1
148,775,1
875,148,0
148,1334,1
148,1337,1
149,502,1
149,508,1
149,855,0
149,1515,1
149,1543,0
150,337,1
150,444,0
150,610,0
150,754,0
760,150,0
829,150,0
150,1605,1
151,336,0
151,471,1
151,576,1
151,721,1
151,863,1
151,918,1
151,1222,0
1561,151,0
152,219,0
152,359,0
152,657,1
152,1151,0
152,1476,1
153,475,0
771,153,0
845,153,0
1154,153,0
153,1300,1
350,154,0
351,154,0
434,154,0
154,661,0
841,154,0
1063,154,0
154,1226,0
253,155,0
155,311,1
155,385,0
155,505,1
538,155,0
155,587,1
155,593,1
155,765,1
807,155,0
155,948,1
155,957,0
1284,155,0
155,1321,1
155,1349,0
155,1356,1
1523,155,0
155,1526,1
155,1558,1
155,1572,1
157,3,1
157,294,1
382,157,0
157,695,1
157,730,0
157,750,1
157,1081,1
157,1096,1
157,1135,1
157,1181,0
1358,157,0
157,1433,1
158,114,1
158,118,1
158,692,1
249,159,0
159,279,1
159,342,1
159,368,1
159,464,1
159,472,1
159,489,1
159,504,1
159,684,1
159,694,1
159,744,1
781,159,0
159,813,1
159,850,1
159,885,1
159,888,1
159,895,1
159,1048,0
159,1054,1
159,1077,1
159,1086,1
159,1202,1
1229,159,0
159,1234,1
159,1237,1
1247,159,0
159,1283,1
159,1374,1
1417,159,0
159,1420,1
159,1490,1
159,1504,1
1600,159,0
159,1625,1
160,191,1
160,293,1
329,160,0
160,481,1
160,625,1
160,706,1
1035,160,0
160,1259,1
1516,160,0
665,161,0
952,161,0
161,1021,0
161,1246,0
162,303,1
162,310,1
162,407,1
162,733,1
162,926,1
162,1061,1
1089,162,0
163,314,1
163,369,0
163,677,1
714,163,0
163,788,1
163,861,1
163,928,1
1034,163,0
1197,163,0
1612,163,0
164,24,1
164,178,1
247,164,0
164,301,1
164,432,1
513,164,0
164,572,0
766,164,0
164,795,1
164,882,0
164,974,1
164,982,1
991,164,0
164,1170,1
1203,164,0
1205,164,0
164,1264,1
164,1296,1
164,1440,1
164,1617,1
165,173,0
166,269,1
166,278,1
430,166,0
166,445,1
814,166,0
1137,166,0
166,1161,0
167,2,1
509,167,0
827,167,0
167,1251,1
167,1287,1
1491,167,0
167,1535,1
168,250,0
168,281,1
168,674,1
894,168,0
168,977,1
168,987,1
1239,168,0
168,1362,1
1502,168,0
169,15,1
108,169,0
169,118,1
169,202,0
169,307,1
169,315,1
169,586,0
852,169,0
169,887,1
1011,169,0
1063,169,0
1133,169,0
169,1228,1
1280,169,0
169,1377,1
1379,169,0
169,1439,1
169,1608,1
170,4,1
12,170,0
18,170,0
170,151,1
164,170,0
170,199,1
170,212,1
170,218,1
170,232,1
170,234,1
170,249,1
170,253,1
170,255,1
264,170,0
170,268,1
269,170,0
292,170,0
170,293,1
170,297,1
320,170,0
170,332,1
339,170,0
170,342,1
170,346,1
170,347,1
170,356,1
358,170,0
170,362,1
374,170,0
170,381,1
387,170,0
170,388,1
391,170,0
405,170,0
408,170,0
170,424,1
170,427,1
450,170,0
454,170,0
170,455,1
170,468,1
170,482,1
170,487,1
170,511,1
170,519,1
529,170,0
541,170,0
549,170,0
170,553,1
170,561,1
575,170,0
170,576,1
170,579,1
170,580,1
591,170,0
610,170,0
170,629,1
170,634,1
170,636,1
170,656,1
660,170,0
170,683,1
692,170,0
722,170,0
723,170,0
170,728,1
170,734,1
170,757,1
758,170,0
170,763,1
170,765,1
170,783,1
790,170,0
796,170,0
801,170,0
170,807,1
170,819,1
170,825,1
170,831,1
170,849,1
170,860,1
170,863,1
170,881,1
170,888,1
170,897,1
170,899,1
170,907,1
914,170,0
915,170,0
919,170,0
170,925,1
170,932,1
933,170,0
170,939,1
970,170,0
995,170,0
170,999,1
170,1001,1
1023,170,0
170,1036,1
1040,170,0
1048,170,0
170,1057,1
1066,170,0
170,1086,1
170,1094,1
170,1104,1
1115,170,0
170,1131,1
170,1132,1
170,1160,0
1169,170,0
170,1178,1
170,1184,1
170,1187,1
1199,170,0
170,1207,1
170,1221,1
1229,170,0
170,1232,1
170,1247,1
1249,170,0
170,1262,1
170,1269,1
170,1277,1
170,1294,1
170,1295,1
1313,170,0
1314,170,0
170,1326,1
1333,170,0
170,1338,1
170,1343,1
170,1370,1
170,1396,1
1407,170,0
1411,170,0
1417,170,0
170,1420,1
170,1424,1
170,1431,1
170,1432,1
170,1435,1
170,1438,1
1441,170,0
170,1442,1
1454,170,0
170,1460,1
1467,170,0
1478,170,0
1482,170,0
170,1486,1
1509,170,0
170,1518,1
170,1532,1
1546,170,0
1549,170,0
1557,170,0
1562,170,0
170,1563,1
170,1580,1
1592,170,0
170,1598,1
1600,170,0
170,1601,1
170,1629,1
171,429,0
171,742,0
172,283,1
591,172,0
172,610,0
1055,172,0
172,1238,1
172,1291,1
173,321,1
1256,173,0
173,1473,1
174,1547,0
175,31,1
175,149,1
175,227,1
175,249,1
175,260,1
175,279,1
175,291,1
292,175,0
175,330,1
175,342,1
175,347,1
362,175,0
175,368,1
175,387,1
393,175,0
175,422,1
175,435,0
175,463,1
464,175,0
175,472,1
175,489,1
175,502,1
175,504,1
175,514,1
175,529,1
175,549,1
175,591,1
598,175,0
175,615,1
643,175,0
175,663,1
694,175,0
701,175,0
175,722,1
175,728,1
175,744,1
759,175,0
175,774,1
175,777,1
175,781,1
792,175,0
175,849,1
175,850,1
175,865,0
175,885,1
175,895,1
175,925,1
939,175,0
175,1008,1
175,1009,1
1054,175,0
175,1079,1
1086,175,0
175,1103,1
175,1143,1
175,1202,1
1214,175,0
175,1229,1
1232,175,0
175,1234,1
175,1235,1
175,1237,1
175,1249,1
175,1274,1
175,1309,1
175,1325,1
1329,175,0
175,1331,1
175,1345,1
175,1361,1
175,1374,1
175,1413,1
175,1427,1
175,1460,1
175,1468,1
175,1484,1
175,1504,1
175,1515,1
175,1518,1
175,1547,1
175,1580,1
175,1600,1
175,1601,1
175,1625,1
146,176,0
176,795,1
841,176,0
176,1095,0
1288,176,0
177,504,1
177,792,1
887,177,0
1434,177,0
224,178,0
178,403,1
179,1537,1
179,1538,1
180,469,0
180,744,0
180,984,0
180,1157,1
181,31,1
37,181,0
108,181,0
181,214,1
181,225,1
181,285,1
308,181,0
181,315,1
181,323,1
181,343,1
181,396,1
444,181,0
181,447,0
181,499,1
548,181,0
181,571,1
181,573,1
181,608,1
181,609,1
181,621,1
181,633,1
671,181,0
181,741,1
754,181,0
181,762,1
181,786,1
787,181,0
838,181,0
181,876,1
922,181,0
181,930,1
992,181,0
1027,181,0
1052,181,0
1060,181,0
1062,181,0
1108,181,0
1209,181,0
181,1227,1
181,1276,1
181,1280,1
1302,181,0
181,1332,1
181,1354,1
181,1364,1
181,1408,1
1447,181,0
181,1474,1
1567,181,0
182,449,1
182,521,1
182,592,0
182,785,1
349,183,0
183,809,0
183,859,1
1071,183,0
1079,183,0
1342,183,0
1445,183,0
183,1477,1
1569,183,0
184,434,1
184,464,1
678,184,0
184,1537,1
185,833,1
185,1117,1
185,1149,1
1158,185,0
54,186,0
186,57,1
186,71,1
212,186,0
186,215,1
186,262,1
186,304,1
186,361,1
381,186,0
186,398,1
186,403,1
186,424,1
186,480,1
186,482,1
499,186,0
186,511,1
186,534,0
614,186,0
186,620,1
186,629,1
186,630,1
186,643,1
186,669,1
186,736,1
186,758,1
186,761,1
186,790,1
795,186,0
186,801,0
802,186,0
186,824,1
186,831,1
186,881,1
186,921,1
186,924,1
1028,186,0
186,1035,1
1047,186,0
186,1088,1
1106,186,0
1111,186,0
186,1131,1
186,1150,1
186,1194,1
1195,186,0
186,1205,1
1225,186,0
186,1253,1
1297,186,0
186,1305,1
186,1322,1
1323,186,0
186,1332,1
186,1351,1
186,1357,1
1370,186,0
1372,186,0
186,1403,1
1441,186,0
186,1465,1
186,1483,1
1486,186,0
186,1560,1
1562,186,0
1563,186,0
1565,186,0
186,1577,1
186,1617,1
187,764,1
187,799,1
824,187,0
873,187,0
937,187,0
187,1257,1
1381,187,0
187,1488,1
765,188,0
188,1544,1
189,1451,0
189,1596,0
189,1597,0
190,245,1
190,288,1
744,190,0
961,190,0
190,1095,0
190,1347,1
190,1596,1
191,293,1
191,405,1
191,553,1
191,806,1
914,191,0
1035,191,0
191,1248,1
191,1252,1
1303,191,0
191,1516,1
192,787,0
192,987,0
192,1139,1
192,1453,0
192,1607,1
2,193,0
193,78,1
193,84,1
90,193,0
100,193,0
193,114,1
118,193,0
193,170,1
193,202,1
193,209,1
193,216,1
193,230,1
193,243,1
193,250,1
193,254,1
193,275,1
193,277,1
193,290,1
193,302,1
193,316,1
193,318,1
193,322,1
193,324,1
193,328,1
193,347,1
375,193,0
193,376,1
193,389,1
193,403,1
193,415,1
429,193,0
446,193,0
193,474,1
193,479,1
480,193,0
481,193,0
484,193,0
193,504,1
545,193,0
562,193,0
193,572,1
591,193,0
193,612,1
193,617,1
193,619,1
628,193,0
193,645,1
656,193,0
663,193,0
193,678,1
193,696,1
711,193,0
193,719,1
193,722,1
728,193,0
731,193,0
193,745,1
193,746,1
193,754,1
757,193,0
193,765,1
769,193,0
771,193,0
193,777,1
193,795,1
813,193,0
193,821,1
822,193,0
193,827,1
193,845,1
849,193,0
193,850,1
193,868,1
871,193,0
872,193,0
193,877,1
885,193,0
193,886,1
900,193,0
193,906,1
193,933,1
949,193,0
193,963,1
193,976,1
987,193,0
990,193,0
193,1003,1
193,1009,1
1013,193,0
193,1032,1
193,1042,1
193,1043,1
1056,193,0
193,1062,1
1063,193,0
1080,193,0
193,1088,1
193,1121,1
193,1130,1
1134,193,0
193,1137,1
193,1153,1
1154,193,0
193,1159,1
193,1168,1
193,1186,1
193,1202,1
193,1210,1
193,1219,1
1225,193,0
193,1228,1
1232,193,0
1249,193,0
193,1263,1
1287,193,0
193,1295,1
1305,193,0
193,1309,1
193,1324,1
193,1331,1
193,1332,1
193,1341,1
193,1351,1
1363,193,0
193,1369,1
193,1374,1
193,1391,1
193,1420,1
193,1457,1
193,1464,1
193,1489,1
193,1490,1
1491,193,0
193,1505,1
1513,193,0
1518,193,0
1535,193,0
193,1549,1
193,1554,1
193,1557,1
193,1580,1
1584,193,0
193,1585,1
1600,193,0
193,1601,1
1633,193,0
193,1640,1
193,1641,1
194,35,1
194,238,1
411,194,0
194,466,1
194,776,1
194,854,1
896,194,0
194,1006,1
1519,194,0
195,1212,0
196,222,0
196,562,0
197,1179,0
202,911,0
202,948,0
204,1554,0
206,848,0
207,827,0
207,1288,0
207,1575,0
208,646,0
209,540,0
209,1347,0
211,746,0
212,975,0
212,1505,0
213,677,0
213,1384,0
214,625,0
214,648,0
216,1022,0
216,1327,0
217,375,0
217,1544,0
218,694,0
218,1015,0
220,827,0
221,520,0
221,862,0
226,598,0
227,1631,0
228,1094,0
229,1158,0
231,726,0
231,1636,0
232,1010,0
232,1198,0
233,386,0
234,374,0
234,923,0
234,1251,0
235,473,0
235,488,0
236,1129,0
237,801,0
237,947,0
238,264,0
238,1053,0
238,1450,0
238,1533,0
239,1013,0
240,612,0
240,1629,0
241,259,0
242,964,0
243,271,0
243,365,0
243,1323,0
243,1514,0
245,620,0
245,629,0
246,885,0
247,665,0
247,1261,0
249,662,0
250,1480,0
251,1297,0
252,720,0
252,981,0
252,1118,0
253,1631,0
255,399,0
257,387,0
259,316,0
261,1217,0
263,1247,0
264,577,0
265,871,0
265,1441,0
265,1454,0
267,1328,0
270,1457,0
270,1579,0
272,1330,0
274,1328,0
275,1211,0
276,496,0
277,605,0
277,946,0
278,648,0
282,634,0
283,1615,0
284,727,0
284,1147,0
285,734,0
285,995,0
285,1060,0
287,364,0
287,633,0
287,676,0
287,1233,0
289,458,0
289,1177,0
290,990,0
290,1424,0
291,980,0
291,1152,0
292,1212,0
294,1423,0
294,1475,0
295,704,0
296,348,0
297,1429,0
297,1430,0
298,1162,0
300,902,0
300,1222,0
301,523,0
301,528,0
302,1348,0
303,624,0
303,1427,0
304,1104,0
304,1241,0
306,405,0
306,571,0
306,1187,0
307,1192,0
308,790,0
309,1642,0
310,837,0
311,1456,0
313,818,0
313,1117,0
313,1629,0
314,557,0
316,710,0
316,787,0
317,1251,0
317,1567,0
317,1628,0
318,985,0
319,1471,0
320,1266,0
321,412,0
321,545,0
322,1071,0
322,1293,0
325,808,0
325,1083,0
327,560,0
328,424,0
329,593,0
331,643,0
331,1039,0
331,1377,0
332,824,0
333,455,0
334,1369,0
335,637,0
335,659,0
336,937,0
336,1618,0
337,553,0
337,1462,0
338,903,0
340,345,0
342,461,0
342,906,0
343,749,0
343,1162,0
344,1558,0
347,356,0
347,1112,0
349,983,0
350,1533,0
351,1067,0
351,1413,0
352,776,0
352,871,0
352,1038,0
353,974,0
355,1143,0
355,1480,0
356,971,0
356,1486,0
357,536,0
359,420,0
359,1596,0
360,1246,0
360,1381,0
361,966,0
361,968,0
362,1026,0
363,1123,0
363,1379,0
364,1409,0
365,1451,0
366,517,0
366,622,0
366,746,0
367,839,0
367,1321,0
369,374,0
370,548,0
371,722,0
371,1170,0
373,1124,0
374,562,0
376,1560,0
377,1448,0
377,1613,0
378,537,0
379,852,0
379,987,0
379,1104,0
380,1581,0
382,527,0
383,639,0
383,1184,0
383,1339,0
383,1351,0
384,1280,0
384,1326,0
385,1586,0
388,796,0
388,1551,0
389,1213,0
390,1573,0
392,1171,0
393,525,0
393,844,0
393,1488,0
396,1299,0
397,560,0
397,654,0
398,695,0
398,709,0
398,1010,0
398,1492,0
399,487,0
399,1477,0
399,1492,0
401,571,0
401,1095,0
402,467,0
402,1489,0
403,620,0
405,706,0
405,1573,0
406,890,0
406,1022,0
406,1295,0
406,1440,0
407,1496,0
408,1073,0
408,1308,0
410,484,0
412,662,0
413,1593,0
415,1039,0
415,1041,0
416,1049,0
420,805,0
421,518,0
425,643,0
425,1192,0
425,1502,0
427,914,0
428,1515,0
431,1510,0
432,797,0
432,1403,0
432,1410,0
433,688,0
434,926,0
434,1167,0
435,1085,0
436,1246,0
437,800,0
437,1362,0
438,1594,0
440,998,0
441,569,0
441,1427,0
442,814,0
443,794,0
451,470,0
453,739,0
453,823,0
454,912,0
454,1019,0
455,568,0
456,1276,0
456,1431,0
457,1252,0
459,815,0
460,797,0
460,1484,0
462,1332,0
464,1042,0
466,1380,0
467,679,0
467,1414,0
469,1477,0
470,672,0
474,1303,0
474,1337,0
475,641,0
475,1465,0
477,734,0
478,783,0
479,1188,0
480,1514,0
481,938,0
481,1293,0
484,920,0
485,1162,0
485,1582,0
487,492,0
487,1368,0
489,691,0
490,1061,0
493,840,0
494,839,0
495,1054,0
496,716,0
499,1008,0
500,764,0
500,783,0
500,1076,0
502,974,0
503,1125,0
504,687,0
506,747,0
507,1148,0
509,1387,0
510,1161,0
510,1426,0
512,1226,0
512,1597,0
513,1444,0
513,1509,0
514,1189,0
519,1432,0
519,1599,0
521,680,0
521,1163,0
522,770,0
522,1044,0
523,877,0
523,993,0
523,1238,0
527,1234,0
528,933,0
528,1092,0
528,1131,0
528,1412,0
529,645,0
529,646,0
530,724,0
530,1399,0
531,661,0
533,1555,0
534,1429,0
534,1476,0
535,1477,0
536,552,0
536,892,0
536,1053,0
541,575,0
541,666,0
544,693,0
545,1620,0
545,1634,0
549,1354,0
553,689,0
556,646,0
556,1331,0
557,1255,0
560,1457,0
561,1073,0
561,1579,0
562,618,0
562,1219,0
562,1295,0
562,1332,0
563,632,0
563,1565,0
566,1273,0
567,826,0
568,964,0
568,1045,0
572,1595,0
573,661,0
574,909,0
575,1042,0
575,1164,0
577,747,0
578,1551,0
581,801,0
583,1258,0
584,1199,0
585,902,0
587,1592,0
591,1569,0
592,1490,0
592,1534,0
594,1486,0
595,1515,0
598,758,0
599,931,0
602,625,0
602,1098,0
602,1417,0
604,824,0
604,1107,0
605,1392,0
606,1457,0
607,1408,0
612,1201,0
612,1537,0
612,1628,0
613,691,0
614,1057,0
615,640,0
615,1135,0
616,1007,0
617,1166,0
619,1339,0
619,1340,0
621,886,0
621,1544,0
622,1485,0
625,1574,0
626,936,0
626,1273,0
626,1280,0
627,653,0
627,770,0
627,849,0
627,1102,0
628,1169,0
628,1223,0
628,1251,0
628,1255,0
632,817,0
632,1334,0
632,1539,0
636,1568,0
639,1337,0
639,1401,0
640,1336,0
642,920,0
642,1182,0
643,906,0
644,1289,0
645,1174,0
645,1457,0
645,1528,0
646,726,0
648,745,0
649,1109,0
650,695,0
650,841,0
654,991,0
655,1332,0
657,1037,0
658,687,0
660,886,0
660,1559,0
662,1366,0
666,1355,0
668,841,0
668,1285,0
669,809,0
675,1115,0
675,1156,0
677,852,0
681,963,0
682,863,0
683,1025,0
683,1184,0
685,1255,0
685,1328,0
688,790,0
688,1217,0
689,1403,0
691,1162,0
692,969,0
693,935,0
693,1140,0
693,1564,0
695,1256,0
696,938,0
697,1628,0
701,937,0
701,1626,0
702,719,0
702,1263,0
703,1462,0
704,882,0
707,740,0
708,978,0
711,961,0
711,1215,0
711,1572,0
714,1162,0
718,1342,0
720,949,0
720,1415,0
721,849,0
721,1521,0
722,878,0
724,1489,0
725,971,0
727,1552,0
729,1283,0
729,1412,0
731,1269,0
733,852,0
733,1191,0
733,1397,0
734,1456,0
735,1506,0
736,1427,0
737,1096,0
737,1159,0
737,1503,0
738,959,0
738,1362,0
738,1528,0
739,1441,0
740,1069,0
741,1578,0
742,755,0
743,779,0
743,878,0
743,948,0
743,1610,0
744,1198,0
745,1111,0
746,923,0
746,1466,0
747,1172,0
747,1175,0
753,1437,0
753,1509,0
755,1551,0
756,1420,0
756,1567,0
757,1056,0
757,1073,0
758,779,0
758,1208,0
761,1419,0
762,1525,0
763,1453,0
764,893,0
764,1337,0
765,1521,0
770,1289,0
770,1348,0
773,1145,0
775,896,0
775,994,0
775,1287,0
778,1417,0
779,1413,0
779,1617,0
781,1115,0
782,959,0
782,1629,0
786,1290,0
786,1467,0
788,1007,0
789,816,0
790,1243,0
790,1560,0
797,994,0
797,1314,0
797,1420,0
799,1123,0
802,1467,0
803,1241,0
804,1507,0
806,1417,0
807,1625,0
808,1047,0
808,1238,0
808,1361,0
808,1593,0
813,1453,0
815,1388,0
822,1624,0
827,1526,0
827,1527,0
827,1578,0
828,1154,0
830,1069,0
832,952,0
832,1367,0
835,873,0
841,1145,0
841,1155,0
843,1367,0
845,1469,0
846,1272,0
847,1012,0
848,858,0
849,1278,0
850,1077,0
852,1347,0
856,1062,0
857,1013,0
859,1135,0
859,1252,0
859,1369,0
860,1231,0
861,1636,0
863,943,0
864,1050,0
864,1354,0
869,1203,0
869,1406,0
869,1419,0
871,1337,0
872,1034,0
872,1487,0
876,1346,0
877,1484,0
880,1324,0
882,886,0
884,1449,0
885,1089,0
885,1257,0
886,1532,0
889,1016,0
894,1458,0
894,1522,0
895,1179,0
896,1410,0
897,1032,0
904,1595,0
907,1368,0
910,1512,0
911,1550,0
912,1540,0
917,1466,0
918,1348,0
920,1045,0
922,1050,0
923,1150,0
924,1147,0
924,1270,0
931,1464,0
931,1493,0
936,1408,0
938,1421,0
940,1319,0
940,1497,0
943,1008,0
946,1590,0
951,953,0
953,1176,0
960,1327,0
961,1402,0
972,1313,0
972,1539,0
973,1636,0
975,1596,0
976,1026,0
976,1296,0
978,1174,0
984,1386,0
984,1483,0
985,1514,0
987,1447,0
991,1369,0
994,1106,0
996,1387,0
996,1491,0
1000,1114,0
1003,1148,0
1005,1222,0
1008,1561,0
1011,1269,0
1012,1122,0
1013,1325,0
1016,1208,0
1016,1309,0
1017,1273,0
1017,1453,0
1018,1559,0
1021,1470,0
1023,1635,0
1024,1637,0
1026,1247,0
1027,1320,0
1033,1102,0
1033,1257,0
1033,1636,0
1035,1143,0
1038,1618,0
1040,1326,0
1040,1501,0
1044,1108,0
1044,1272,0
1045,1250,0
1048,1283,0
1051,1449,0
1054,1247,0
1056,1422,0
1058,1139,0
1058,1187,0
1058,1586,0
1069,1258,0
1069,1422,0
1071,1553,0
1071,1582,0
1075,1353,0
1082,1355,0
1082,1606,0
1084,1424,0
1084,1433,0
1084,1447,0
1086,1471,0
1088,1382,0
1094,1217,0
1099,1344,0
1100,1261,0
1100,1350,0
1103,1325,0
1108,1561,0
1109,1273,0
1109,1521,0
1110,1364,0
1111,1203,0
1115,1621,0
1119,1391,0
1119,1633,0
1120,1587,0
1123,1608,0
1126,1604,0
1127,1544,0
1128,1464,0
1134,1226,0
1137,1327,0
1139,1638,0
1142,1307,0
1147,1286,0
1148,1155,0
1149,1252,0
1150,1302,0
1153,1507,0
1155,1252,0
1158,1425,0
1161,1531,0
1162,1362,0
1167,1510,0
1169,1252,0
1171,1387,0
1172,1220,0
1179,1582,0
1182,1448,0
1185,1618,0
1188,1483,0
1189,1490,0
1189,1638,0
1190,1335,0
1192,1627,0
1194,1404,0
1196,1305,0
1205,1225,0
1209,1332,0
1209,1606,0
1209,1612,0
1211,1464,0
1221,1564,0
1224,1471,0
1225,1536,0
1226,1587,0
1229,1254,0
1235,1494,0
1240,1531,0
1244,1309,0
1246,1353,0
1248,1249,0
1254,1443,0
1260,1446,0
1263,1594,0
1268,1389,0
1269,1284,0
1269,1460,0
1270,1557,0
1271,1345,0
1273,1629,0
1275,1472,0
1285,1447,0
1286,1614,0
1287,1307,0
1289,1339,0
1290,1420,0
1293,1308,0
1293,1425,0
1294,1498,0
1297,1629,0
1302,1315,0
1303,1490,0
1306,1475,0
1308,1472,0
1316,1356,0
1320,1563,0
1331,1359,0
1342,1520,0
1343,1567,0
1345,1600,0
1352,1508,0
1359,1370,0
1362,1532,0
1367,1576,0
1368,1569,0
1369,1390,0
1375,1443,0
1376,1387,0
1377,1438,0
1381,1412,0
1382,1616,0
1383,1521,0
1385,1420,0
1392,1466,0
1392,1567,0
1394,1518,0
1396,1525,0
1397,1642,0
1403,1419,0
1406,1503,0
1417,1552,0
1428,1598,0
1428,1618,0
1432,1571,0
1432,1589,0
1444,1518,0
1467,1486,0
1473,1615,0
1475,1618,0
1479,1503,0
1482,1555,0
1486,1589,0
1499,1640,0
1508,1511,0
1521,1549,0
1526,1539,0
1534,1543,0
1551,1630,0
1564,1628,0
1610,1624,0
