0,0,1
0,7,1
0,10,1
0,25,1
0,27,1
0,28,1
0,43,1
0,91,1
100,0,0
111,0,0
0,152,1
0,175,1
0,176,1
0,177,1
0,178,1
0,179,1
180,0,0
0,181,1
182,0,0
0,183,1
0,184,1
0,185,1
0,186,1
0,187,1
0,188,1
0,189,1
0,190,1
0,191,1
0,192,1
0,193,1
194,0,0
195,0,0
0,196,1
0,197,1
0,198,1
0,199,1
0,200,1
0,201,1
202,0,0
0,203,1
0,204,1
0,205,1
206,0,0
0,207,1
0,208,1
209,0,0
0,210,1
211,0,0
0,212,1
0,213,1
0,214,1
0,215,1
0,216,1
0,217,1
0,218,1
219,0,0
220,0,0
0,221,1
0,222,1
0,223,1
224,0,0
225,0,0
0,226,1
227,0,0
228,0,0
229,0,0
230,0,0
0,231,1
0,232,1
233,0,0
0,234,1
235,0,0
0,236,1
0,237,1
0,238,1
0,239,1
0,240,1
0,241,1
242,0,0
0,243,1
244,0,0
0,245,1
0,246,1
0,247,1
248,0,0
249,0,0
0,250,1
0,251,1
0,252,1
0,253,1
254,0,0
0,255,1
256,0,0
257,0,0
0,258,1
259,0,0
0,260,1
0,261,1
0,262,1
0,263,1
0,264,1
0,265,1
266,0,0
0,267,1
0,268,1
0,269,1
0,270,1
0,271,1
0,272,1
0,273,1
0,274,1
275,0,0
0,276,1
0,277,1
0,278,1
0,279,1
0,280,1
0,281,1
282,0,0
0,283,1
284,0,0
0,285,1
0,286,1
0,287,1
0,288,1
0,289,1
290,0,0
0,291,1
292,0,0
0,293,1
0,294,1
0,295,1
0,296,1
0,297,1
0,298,1
0,299,1
300,0,0
0,301,1
0,302,1
0,303,1
0,304,1
0,305,1
0,306,1
307,0,0
0,308,1
309,0,0
310,0,0
0,311,1
0,312,1
0,313,1
0,314,1
0,315,1
316,0,0
317,0,0
318,0,0
319,0,0
0,320,1
321,0,0
0,322,1
0,323,1
0,324,1
325,0,0
0,326,1
327,0,0
0,328,1
0,329,1
0,330,1
331,0,0
0,332,1
0,333,1
334,0,0
335,0,0
0,336,1
337,0,0
0,338,1
0,339,1
340,0,0
341,0,0
0,342,1
0,343,1
0,344,1
0,345,1
346,0,0
0,347,1
0,348,1
0,349,1
350,0,0
351,0,0
352,0,0
353,0,0
0,354,1
355,0,0
0,356,1
357,0,0
0,358,1
359,0,0
360,0,0
0,361,1
0,362,1
363,0,0
364,0,0
365,0,0
366,0,0
0,367,1
0,368,1
0,369,1
0,370,1
371,0,0
0,372,1
0,373,1
0,374,1
0,375,1
376,0,0
0,377,1
0,378,1
0,379,1
0,380,1
0,381,1
0,382,1
0,383,1
0,384,1
0,385,1
0,386,1
387,0,0
0,388,1
389,0,0
0,390,1
391,0,0
0,392,1
1,25,1
1,199,1
200,1,0
1,235,1
1,269,1
272,1,0
278,1,0
1,279,1
1,393,1
1,394,1
395,1,0
1,396,1
397,1,0
398,1,0
1,399,1
1,400,1
1,401,1
1,402,1
1,403,1
404,1,0
1,405,1
1,406,1
1,407,1
1,408,1
409,1,0
1,410,1
1,411,1
412,1,0
1,413,1
414,1,0
1,415,1
416,1,0
417,1,0
418,1,0
1,419,1
1,420,1
1,421,1
1,422,1
1,423,1
1,424,1
425,1,0
426,1,0
1,427,1
2,347,0
2,428,1
429,2,0
2,430,1
431,2,0
432,2,0
2,433,1
2,434,1
2,435,1
2,436,1
2,437,1
2,438,1
3,43,1
198,3,0
244,3,0
3,245,1
254,3,0
3,304,1
3,439,1
3,440,1
3,441,1
3,442,1
3,443,1
3,444,1
3,445,1
3,593,0
4,25,1
4,100,1
4,106,1
4,121,1
4,272,1
4,429,1
4,446,1
4,447,1
4,448,1
449,4,0
450,4,0
451,4,0
452,4,0
4,453,1
4,454,1
4,455,1
4,456,1
4,457,1
458,4,0
4,459,1
4,460,1
4,461,1
462,4,0
463,4,0
464,4,0
4,465,1
466,4,0
467,4,0
468,4,0
4,469,1
470,4,0
471,4,0
4,472,1
473,4,0
4,474,1
4,475,1
4,476,1
4,477,1
4,478,1
4,479,1
4,480,1
4,481,1
482,4,0
483,4,0
4,484,1
485,4,0
4,486,1
4,487,1
4,488,1
4,489,1
4,490,1
4,491,1
492,4,0
4,493,1
4,1343,0
5,33,1
5,191,1
192,5,0
5,195,1
5,197,1
494,5,0
5,495,1
5,496,1
497,5,0
5,498,1
5,499,1
500,5,0
5,501,1
5,502,1
503,5,0
504,5,0
5,505,1
506,5,0
5,507,1
508,5,0
509,5,0
5,510,1
511,5,0
512,5,0
5,513,1
514,5,0
5,515,1
516,5,0
5,517,1
5,518,1
519,5,0
520,5,0
521,5,0
5,522,1
5,523,1
5,524,1
5,525,1
5,526,1
5,527,1
528,5,0
529,5,0
530,5,0
531,5,0
5,1399,0
6,6,1
6,8,1
6,9,1
6,11,1
6,17,1
6,21,1
6,22,1
29,6,0
6,61,1
103,6,0
6,104,1
6,108,1
6,112,1
158,6,0
6,164,1
6,177,1
6,187,1
6,188,1
201,6,0
6,205,1
6,206,1
6,225,1
6,235,1
236,6,0
6,249,1
6,255,1
280,6,0
6,281,1
6,285,1
6,287,1
288,6,0
6,289,1
6,290,1
6,291,1
6,293,1
6,295,1
296,6,0
297,6,0
393,6,0
6,397,1
405,6,0
407,6,0
6,409,1
6,432,1
441,6,0
511,6,0
6,512,1
6,513,1
6,514,1
6,516,1
517,6,0
6,519,1
6,520,1
6,522,1
524,6,0
6,526,1
6,527,1
6,528,1
6,529,1
6,532,1
6,533,1
534,6,0
6,535,1
6,536,1
6,537,1
538,6,0
6,539,1
6,540,1
6,541,1
6,542,1
6,543,1
6,544,1
6,545,1
546,6,0
6,547,1
548,6,0
549,6,0
6,550,1
6,551,1
6,552,1
6,553,1
6,554,1
6,555,1
556,6,0
557,6,0
6,558,1
6,559,1
6,560,1
6,561,1
562,6,0
6,563,1
564,6,0
6,565,1
566,6,0
6,567,1
6,568,1
6,569,1
6,570,1
6,571,1
572,6,0
6,573,1
574,6,0
6,575,1
6,576,1
577,6,0
578,6,0
579,6,0
6,580,1
6,581,1
6,582,1
6,583,1
584,6,0
6,585,1
6,586,1
6,587,1
6,588,1
589,6,0
6,590,1
6,591,1
592,6,0
6,593,1
594,6,0
595,6,0
6,596,1
597,6,0
6,598,1
599,6,0
6,600,1
6,601,1
602,6,0
603,6,0
604,6,0
6,605,1
606,6,0
6,607,1
608,6,0
6,609,1
6,610,1
6,611,1
6,612,1
6,613,1
6,614,1
615,6,0
6,616,1
6,617,1
6,618,1
6,619,1
6,620,1
6,621,1
622,6,0
6,623,1
6,624,1
6,625,1
626,6,0
6,627,1
628,6,0
6,629,1
630,6,0
631,6,0
6,632,1
6,633,1
6,634,1
6,635,1
6,636,1
6,637,1
6,638,1
639,6,0
6,640,1
6,641,1
6,642,1
6,643,1
644,6,0
645,6,0
646,6,0
6,647,1
6,648,1
6,649,1
6,650,1
6,651,1
6,652,1
6,653,1
6,654,1
6,655,1
6,656,1
6,657,1
6,658,1
6,659,1
660,6,0
6,661,1
6,662,1
6,663,1
664,6,0
6,665,1
6,666,1
6,667,1
6,668,1
6,669,1
6,670,1
6,671,1
672,6,0
6,673,1
674,6,0
675,6,0
6,676,1
677,6,0
678,6,0
679,6,0
6,680,1
681,6,0
682,6,0
683,6,0
684,6,0
6,685,1
6,686,1
6,687,1
6,688,1
6,689,1
690,6,0
6,691,1
6,692,1
693,6,0
694,6,0
695,6,0
6,696,1
6,697,1
698,6,0
699,6,0
700,6,0
6,701,1
6,702,1
6,703,1
6,704,1
6,705,1
706,6,0
6,707,1
6,708,1
6,709,1
6,710,1
711,6,0
6,712,1
6,713,1
6,714,1
6,715,1
6,716,1
717,6,0
6,718,1
6,719,1
720,6,0
6,721,1
722,6,0
6,723,1
6,724,1
725,6,0
6,726,1
6,727,1
728,6,0
729,6,0
6,730,1
6,731,1
6,1528,0
7,7,1
12,7,0
7,21,1
7,25,1
7,30,1
7,44,1
7,51,1
7,52,1
54,7,0
7,55,1
56,7,0
7,60,1
7,61,1
7,66,1
7,67,1
68,7,0
7,69,1
7,77,1
7,79,1
7,80,1
84,7,0
7,95,1
96,7,0
97,7,0
7,100,1
102,7,0
7,107,1
114,7,0
116,7,0
7,120,1
7,127,1
7,145,1
7,155,1
7,156,1
7,158,1
7,167,1
7,169,1
7,177,1
7,181,1
182,7,0
7,186,1
187,7,0
7,189,1
7,190,1
7,191,1
7,192,1
193,7,0
194,7,0
205,7,0
7,206,1
7,207,1
209,7,0
7,211,1
7,212,1
213,7,0
215,7,0
7,216,1
7,223,1
7,225,1
7,226,1
7,227,1
7,230,1
232,7,0
7,243,1
244,7,0
7,245,1
249,7,0
7,250,1
7,263,1
7,264,1
265,7,0
7,266,1
270,7,0
7,272,1
7,273,1
278,7,0
7,279,1
7,286,1
301,7,0
7,302,1
303,7,0
7,304,1
7,305,1
7,340,1
7,383,1
7,385,1
386,7,0
7,391,1
7,392,1
7,396,1
7,401,1
7,407,1
7,408,1
7,411,1
7,441,1
457,7,0
7,460,1
7,474,1
475,7,0
7,481,1
488,7,0
489,7,0
7,494,1
495,7,0
532,7,0
535,7,0
7,536,1
538,7,0
560,7,0
7,562,1
7,598,1
600,7,0
7,602,1
603,7,0
604,7,0
7,607,1
7,608,1
611,7,0
7,612,1
617,7,0
622,7,0
7,631,1
633,7,0
635,7,0
7,638,1
7,639,1
7,640,1
641,7,0
642,7,0
670,7,0
675,7,0
7,677,1
7,680,1
709,7,0
7,710,1
7,712,1
715,7,0
7,716,1
7,722,1
723,7,0
7,732,1
733,7,0
734,7,0
735,7,0
7,736,1
7,737,1
738,7,0
7,739,1
740,7,0
7,741,1
7,742,1
7,743,1
7,744,1
7,745,1
7,746,1
7,747,1
748,7,0
7,749,1
7,750,1
7,751,1
752,7,0
7,753,1
7,754,1
7,755,1
7,756,1
7,757,1
7,758,1
7,759,1
7,760,1
7,761,1
7,762,1
763,7,0
764,7,0
765,7,0
7,766,1
7,767,1
768,7,0
769,7,0
7,770,1
7,771,1
772,7,0
7,773,1
7,774,1
775,7,0
776,7,0
7,777,1
7,778,1
7,779,1
7,780,1
7,781,1
782,7,0
783,7,0
7,784,1
7,785,1
786,7,0
7,787,1
7,788,1
7,789,1
7,790,1
7,791,1
7,792,1
7,793,1
7,794,1
795,7,0
7,796,1
7,797,1
7,798,1
799,7,0
7,800,1
7,801,1
802,7,0
7,803,1
804,7,0
7,805,1
7,806,1
7,807,1
808,7,0
809,7,0
7,810,1
7,811,1
7,812,1
7,813,1
7,814,1
7,815,1
816,7,0
817,7,0
7,818,1
7,819,1
7,820,1
821,7,0
7,822,1
7,823,1
7,824,1
7,825,1
7,826,1
7,827,1
7,828,1
829,7,0
7,830,1
7,831,1
832,7,0
833,7,0
7,834,1
835,7,0
7,836,1
7,837,1
7,838,1
839,7,0
840,7,0
7,841,1
7,842,1
7,843,1
7,844,1
7,845,1
7,846,1
847,7,0
7,848,1
7,849,1
7,850,1
7,851,1
852,7,0
853,7,0
854,7,0
7,855,1
856,7,0
7,857,1
7,858,1
7,859,1
7,860,1
861,7,0
7,862,1
863,7,0
7,864,1
865,7,0
7,866,1
867,7,0
868,7,0
7,869,1
7,870,1
7,871,1
872,7,0
873,7,0
7,874,1
875,7,0
876,7,0
7,877,1
7,878,1
7,879,1
7,880,1
7,881,1
882,7,0
883,7,0
884,7,0
7,885,1
7,886,1
7,887,1
7,888,1
7,889,1
891,7,0
7,892,1
7,893,1
894,7,0
7,895,1
7,896,1
7,897,1
7,898,1
899,7,0
900,7,0
7,901,1
7,902,1
7,903,1
7,904,1
7,905,1
7,906,1
907,7,0
908,7,0
7,910,1
7,911,1
7,912,1
7,913,1
914,7,0
7,915,1
916,7,0
926,7,0
7,927,1
7,928,1
7,929,1
930,7,0
7,931,1
7,932,1
7,933,1
7,934,1
935,7,0
936,7,0
937,7,0
7,938,1
7,939,1
940,7,0
941,7,0
942,7,0
7,943,1
944,7,0
945,7,0
946,7,0
7,947,1
7,948,1
7,949,1
7,950,1
7,951,1
7,952,1
953,7,0
954,7,0
955,7,0
956,7,0
957,7,0
7,958,1
959,7,0
7,960,1
961,7,0
962,7,0
7,963,1
7,964,1
7,965,1
966,7,0
7,967,1
7,968,1
969,7,0
7,970,1
7,971,1
7,972,1
973,7,0
974,7,0
7,975,1
7,976,1
7,977,1
978,7,0
7,979,1
980,7,0
981,7,0
982,7,0
7,983,1
984,7,0
7,985,1
986,7,0
7,987,1
7,988,1
7,989,1
7,990,1
7,991,1
992,7,0
7,993,1
7,994,1
7,995,1
7,996,1
7,997,1
998,7,0
7,999,1
7,1000,1
7,1001,1
1002,7,0
7,1003,1
7,1004,1
7,1005,1
7,1006,1
1007,7,0
7,1008,1
1009,7,0
1010,7,0
7,1011,1
1012,7,0
1013,7,0
7,1014,1
7,1015,1
1016,7,0
1017,7,0
7,1018,1
7,1019,1
7,1020,1
1021,7,0
7,1022,1
1023,7,0
7,1024,1
7,1025,1
1026,7,0
7,1027,1
7,1028,1
1029,7,0
1030,7,0
7,1031,1
7,1032,1
1033,8,0
8,1034,1
9,9,1
9,20,1
9,28,1
9,36,1
41,9,0
48,9,0
9,52,1
9,82,1
88,9,0
9,92,1
9,97,1
98,9,0
9,99,1
9,104,1
9,105,1
9,107,1
9,110,1
9,112,1
9,117,1
9,118,1
9,119,1
9,122,1
9,149,1
9,153,1
9,161,1
9,163,1
9,177,1
180,9,0
9,234,1
9,239,1
246,9,0
266,9,0
268,9,0
285,9,0
9,311,1
340,9,0
9,398,1
428,9,0
440,9,0
9,441,1
444,9,0
9,445,1
9,472,1
9,504,1
9,521,1
9,522,1
537,9,0
9,546,1
9,548,1
9,553,1
561,9,0
9,599,1
9,601,1
621,9,0
631,9,0
9,687,1
9,693,1
9,694,1
695,9,0
9,706,1
729,9,0
730,9,0
738,9,0
9,743,1
9,744,1
9,758,1
9,803,1
9,808,1
810,9,0
819,9,0
828,9,0
862,9,0
9,885,1
889,9,0
9,891,1
896,9,0
899,9,0
9,905,1
9,910,1
9,915,1
9,943,1
9,971,1
9,997,1
1014,9,0
9,1019,1
1035,9,0
1036,9,0
9,1037,1
9,1038,1
9,1039,1
9,1040,1
1041,9,0
9,1042,1
1043,9,0
1044,9,0
1045,9,0
9,1046,1
9,1047,1
9,1048,1
1049,9,0
9,1050,1
9,1051,1
1052,9,0
1053,9,0
9,1054,1
9,1055,1
9,1056,1
9,1057,1
9,1058,1
9,1059,1
1060,9,0
1061,9,0
1062,9,0
9,1063,1
1064,9,0
1065,9,0
1066,9,0
9,1067,1
1068,9,0
9,1069,1
9,1070,1
9,1071,1
1072,9,0
9,1073,1
9,1074,1
9,1075,1
9,1076,1
1077,9,0
9,1078,1
9,1079,1
9,1080,1
9,1081,1
1082,9,0
1083,9,0
9,1084,1
1085,9,0
9,1086,1
9,1087,1
9,1088,1
1089,9,0
9,1090,1
1091,9,0
9,1092,1
9,1093,1
1094,9,0
1095,9,0
1096,9,0
1097,9,0
1098,9,0
1099,9,0
1100,9,0
9,1101,1
1102,9,0
1103,9,0
9,1104,1
1105,9,0
1106,9,0
9,1107,1
9,1108,1
1109,9,0
9,1110,1
9,1111,1
9,1112,1
9,1113,1
1114,9,0
1115,9,0
1116,9,0
9,1117,1
9,1118,1
1119,9,0
9,1120,1
1121,9,0
9,1122,1
1123,9,0
9,1124,1
1125,9,0
9,1126,1
9,1127,1
9,1128,1
9,1129,1
9,1130,1
1131,9,0
9,1132,1
1133,9,0
1134,9,0
9,1135,1
9,1136,1
9,1137,1
9,1138,1
9,1139,1
9,1140,1
9,1141,1
9,1142,1
1143,9,0
9,1144,1
9,1145,1
9,1146,1
9,1147,1
1148,9,0
9,1149,1
9,1150,1
9,1151,1
9,1152,1
1153,9,0
1154,9,0
9,1155,1
9,1156,1
1157,9,0
1158,9,0
9,1159,1
1160,9,0
9,1161,1
9,1162,1
9,1163,1
9,1164,1
9,1165,1
9,1166,1
9,1167,1
9,1168,1
9,1169,1
1170,9,0
1171,9,0
1172,9,0
9,1173,1
9,1174,1
1175,9,0
1176,9,0
9,1177,1
1178,9,0
1179,9,0
9,1180,1
1181,9,0
1182,9,0
9,1183,1
1184,9,0
9,1185,1
9,1186,1
9,1187,1
1188,9,0
9,1189,1
9,1190,1
9,1191,1
9,1192,1
9,1193,1
9,1194,1
9,1195,1
1196,9,0
9,1197,1
9,1198,1
1199,9,0
1200,9,0
9,1201,1
1202,9,0
9,1203,1
9,1204,1
9,1205,1
9,1206,1
1207,9,0
9,1208,1
1209,9,0
1210,9,0
9,1211,1
9,1212,1
1213,9,0
9,1214,1
9,1215,1
1216,9,0
9,1217,1
9,1218,1
1219,9,0
9,1220,1
1221,9,0
9,1222,1
9,1223,1
9,1224,1
9,1225,1
9,1226,1
9,1227,1
9,1228,1
1229,9,0
1230,9,0
9,1231,1
1232,9,0
1233,9,0
9,1234,1
9,1235,1
9,1236,1
1237,9,0
9,1238,1
9,1239,1
1240,9,0
9,1241,1
9,1242,1
9,1243,1
9,1244,1
1245,9,0
9,1246,1
9,1247,1
1248,9,0
9,1249,1
1250,9,0
9,1251,1
1252,9,0
1253,9,0
9,1254,1
9,1255,1
9,1256,1
1257,9,0
9,1258,1
9,1259,1
9,1260,1
9,1261,1
9,1262,1
9,1263,1
9,1264,1
9,1265,1
9,1266,1
1267,9,0
1268,9,0
9,1269,1
9,1270,1
9,1271,1
9,1272,1
9,1273,1
9,1274,1
9,1275,1
9,1276,1
9,1277,1
9,1278,1
1279,9,0
1280,9,0
1281,9,0
1282,9,0
9,1283,1
9,1284,1
9,1285,1
1286,9,0
1287,9,0
9,1288,1
1289,9,0
1290,9,0
1291,9,0
1292,9,0
9,1293,1
1294,9,0
1295,9,0
9,1296,1
1297,9,0
9,1298,1
9,1299,1
9,1300,1
9,1301,1
9,1302,1
1303,9,0
9,1304,1
1305,9,0
1306,9,0
9,1307,1
1308,9,0
1309,9,0
1310,9,0
1311,9,0
9,1312,1
1313,9,0
9,1314,1
9,1315,1
9,1316,1
1317,9,0
9,1318,1
9,1319,1
1320,9,0
9,1321,1
9,1322,1
9,1323,1
9,1324,1
1325,9,0
1326,9,0
9,1327,1
9,1328,1
1329,9,0
9,1330,1
1331,9,0
9,1332,1
1333,9,0
9,1334,1
9,1335,1
9,1336,1
9,1337,1
9,1338,1
9,1339,1
9,1340,1
1341,9,0
1342,9,0
9,1343,1
9,1344,1
9,1345,1
9,1346,1
1347,9,0
9,1348,1
9,1349,1
1350,9,0
9,1351,1
9,1352,1
9,1353,1
9,1354,1
1355,9,0
9,1356,1
1357,9,0
1358,9,0
9,1359,1
1360,9,0
9,1361,1
1362,9,0
9,1363,1
9,1364,1
9,1365,1
9,1366,1
1367,9,0
9,1368,1
9,1369,1
9,1370,1
9,1371,1
9,1372,1
9,1373,1
1374,9,0
9,1375,1
9,1376,1
9,1377,1
9,1378,1
9,1379,1
9,1380,1
1381,9,0
9,1382,1
9,1383,1
9,1384,1
9,1385,1
1386,9,0
9,1387,1
9,1933,0
10,8,1
10,10,1
10,15,1
10,19,1
20,10,0
10,28,1
36,10,0
52,10,0
10,62,1
10,65,1
10,87,1
10,91,1
10,97,1
98,10,0
115,10,0
10,129,1
134,10,0
143,10,0
10,148,1
181,10,0
10,182,1
10,190,1
10,227,1
10,228,1
10,241,1
242,10,0
10,243,1
10,244,1
10,307,1
319,10,0
327,10,0
10,328,1
346,10,0
10,349,1
10,350,1
352,10,0
10,357,1
10,359,1
10,360,1
10,362,1
10,363,1
10,364,1
10,366,1
10,367,1
374,10,0
10,383,1
385,10,0
10,420,1
10,452,1
10,534,1
10,546,1
10,547,1
10,549,1
550,10,0
10,551,1
10,553,1
10,554,1
10,616,1
10,630,1
10,635,1
636,10,0
10,638,1
10,639,1
10,665,1
10,671,1
10,730,1
10,731,1
780,10,0
10,781,1
10,789,1
10,790,1
10,791,1
10,847,1
10,858,1
859,10,0
860,10,0
861,10,0
888,10,0
10,889,1
898,10,0
10,916,1
10,1024,1
10,1033,1
1051,10,0
10,1115,1
1181,10,0
10,1280,1
1367,10,0
1388,10,0
10,1389,1
1390,10,0
10,1391,1
1392,10,0
1393,10,0
10,1394,1
10,1395,1
10,1396,1
10,1397,1
10,1398,1
10,1399,1
1400,10,0
10,1401,1
10,1402,1
10,1403,1
10,1404,1
10,1405,1
10,1406,1
10,1407,1
10,1408,1
10,1409,1
10,1410,1
1411,10,0
1412,10,0
10,1413,1
10,1414,1
10,1415,1
10,1416,1
10,1417,1
10,1418,1
10,1419,1
10,1420,1
10,1421,1
1422,10,0
1423,10,0
10,1424,1
1425,10,0
10,1426,1
10,1427,1
10,1428,1
10,1429,1
1430,10,0
1431,10,0
1432,10,0
1433,10,0
1434,10,0
10,1435,1
1436,10,0
10,1437,1
10,1438,1
10,1439,1
1440,10,0
10,1441,1
1442,10,0
10,1443,1
1,11,0
11,11,1
11,100,1
11,156,1
11,251,1
272,11,0
11,393,1
395,11,0
11,397,1
398,11,0
11,400,1
409,11,0
11,410,1
412,11,0
11,413,1
11,420,1
11,422,1
11,462,0
11,575,1
11,611,1
11,1033,1
1271,11,0
11,1444,1
11,1445,1
1446,11,0
11,1447,1
11,1448,1
11,1449,1
11,1450,1
1451,11,0
11,1452,1
12,156,1
12,400,1
12,406,1
422,12,0
12,425,1
12,575,1
682,12,0
12,875,1
952,12,0
12,1069,1
1118,12,0
12,1241,1
12,1325,1
12,1453,1
12,1454,1
1455,12,0
12,1456,1
12,1457,1
1458,12,0
12,1459,1
1460,12,0
1461,12,0
12,1462,1
1463,12,0
12,1464,1
12,1465,1
12,1466,1
12,1467,1
1468,12,0
1469,12,0
1470,12,0
13,3,1
13,13,1
13,28,1
13,46,1
13,116,1
13,457,1
13,510,0
13,573,1
574,13,0
13,578,1
13,867,1
871,13,0
13,1014,1
13,1093,1
13,1144,1
13,1315,1
1429,13,0
13,1471,1
1472,13,0
13,1473,1
1474,13,0
13,1475,1
13,1476,1
1477,13,0
1478,13,0
13,1479,1
13,1480,1
1481,13,0
13,1482,1
13,1483,1
1484,13,0
13,1485,1
1486,13,0
1487,13,0
13,1488,1
13,1489,1
13,1490,1
1491,13,0
13,1492,1
13,1493,1
13,1494,1
1495,13,0
13,1496,1
13,1497,1
13,1498,1
14,109,1
661,14,0
685,14,0
14,686,1
1389,14,0
14,1390,1
14,1391,1
14,1499,1
14,1500,1
1501,14,0
14,1502,1
1503,14,0
14,1504,1
1505,14,0
14,1506,1
1507,14,0
14,1508,1
14,1509,1
1510,14,0
14,1511,1
1512,14,0
65,15,0
15,270,1
383,15,0
15,386,1
474,15,0
15,488,1
15,716,0
15,1417,1
1419,15,0
1420,15,0
1513,15,0
1514,15,0
15,1515,1
1516,15,0
1517,15,0
1518,15,0
15,2113,0
16,16,1
98,16,0
16,837,0
17,17,1
17,27,1
17,38,1
17,50,1
17,87,1
17,90,1
17,113,1
133,17,0
17,183,1
185,17,0
17,199,1
17,200,1
201,17,0
206,17,0
17,218,1
17,220,1
17,221,1
17,225,1
17,240,1
266,17,0
275,17,0
276,17,0
287,17,0
17,288,1
17,290,1
17,292,1
17,293,1
294,17,0
17,296,1
297,17,0
17,303,1
383,17,0
17,393,1
396,17,0
17,397,1
17,401,1
17,411,1
505,17,0
506,17,0
507,17,0
17,532,1
17,533,1
17,535,1
17,545,1
17,546,1
547,17,0
559,17,0
17,564,1
583,17,0
17,584,1
17,585,1
586,17,0
17,591,1
17,592,1
17,596,1
597,17,0
17,598,1
599,17,0
601,17,0
17,602,1
17,603,1
17,604,1
609,17,0
17,617,1
622,17,0
628,17,0
17,629,1
17,635,1
637,17,0
17,638,1
17,674,1
675,17,0
17,677,1
17,678,1
17,679,1
17,680,1
681,17,0
17,688,1
689,17,0
17,690,1
733,17,0
17,734,1
17,735,1
17,798,1
17,799,1
17,803,1
17,824,1
17,837,1
841,17,0
886,17,0
890,17,0
17,900,1
909,17,0
930,17,0
17,931,1
954,17,0
17,956,1
17,969,1
17,970,1
17,995,1
17,1034,1
17,1077,1
1120,17,0
17,1140,1
17,1144,1
17,1145,1
17,1174,1
17,1519,1
1520,17,0
17,1521,1
17,1522,1
17,1523,1
17,1524,1
1525,17,0
1526,17,0
17,1527,1
17,1528,1
1529,17,0
1530,17,0
17,1531,1
1532,17,0
1533,17,0
17,1534,1
1535,17,0
1536,17,0
17,1537,1
17,1538,1
17,1539,1
17,1540,1
17,1541,1
17,1542,1
17,1543,1
17,1544,1
1545,17,0
17,1546,1
17,1547,1
17,1548,1
1549,17,0
17,1550,1
17,1551,1
1552,17,0
17,1553,1
1554,17,0
17,1555,1
17,1556,1
17,1557,1
17,1558,1
1559,17,0
1560,17,0
1561,17,0
17,1562,1
17,1563,1
17,1564,1
1565,17,0
17,1566,1
1567,17,0
17,1568,1
17,1569,1
18,580,0
18,1570,1
18,1571,1
1407,19,0
19,1666,0
20,2,1
11,20,0
29,20,0
20,38,1
60,20,0
20,63,1
20,64,1
20,98,1
20,108,1
20,130,1
20,134,1
20,138,1
20,141,1
20,165,1
172,20,0
20,174,1
175,20,0
20,177,1
20,202,1
20,224,1
258,20,0
20,266,1
20,273,1
20,274,1
20,306,1
20,307,1
319,20,0
320,20,0
327,20,0
338,20,0
20,347,1
348,20,0
20,349,1
20,352,1
353,20,0
20,354,1
20,355,1
20,361,1
362,20,0
20,363,1
20,366,1
20,367,1
368,20,0
20,374,1
385,20,0
396,20,0
20,417,1
20,420,1
20,421,1
422,20,0
20,429,1
434,20,0
20,441,1
444,20,0
20,445,1
20,456,1
508,20,0
527,20,0
20,530,1
533,20,0
538,20,0
20,539,1
555,20,0
20,556,1
626,20,0
20,628,1
633,20,0
20,656,1
20,705,1
20,722,1
20,788,1
837,20,0
20,847,1
20,852,1
889,20,0
891,20,0
20,914,1
20,959,1
20,997,1
20,999,1
20,1033,1
20,1052,1
20,1064,1
20,1065,1
20,1066,1
20,1073,1
1077,20,0
20,1109,1
20,1110,0
20,1128,1
20,1145,1
20,1164,1
20,1197,1
20,1198,1
1225,20,0
1227,20,0
20,1238,1
20,1261,1
20,1290,1
20,1366,1
20,1374,1
20,1378,1
20,1380,1
20,1394,1
20,1396,1
1400,20,0
20,1403,1
1417,20,0
20,1418,1
20,1443,1
20,1485,1
1516,20,0
1517,20,0
1537,20,0
20,1538,1
20,1551,1
20,1552,1
20,1572,1
20,1573,1
1574,20,0
1575,20,0
20,1576,1
20,1577,1
20,1578,1
20,1579,1
20,1580,1
20,1581,1
1582,20,0
20,1583,1
20,1584,1
20,1585,1
20,1586,1
1587,20,0
20,1588,1
20,1589,1
1590,20,0
20,1591,1
20,1592,1
20,1593,1
1594,20,0
1595,20,0
1596,20,0
20,1597,1
20,1598,1
20,1599,1
20,1600,1
1601,20,0
1602,20,0
20,1603,1
20,1604,1
1605,20,0
20,1606,1
20,1607,1
20,1608,1
20,1609,1
20,1610,1
20,1611,1
20,1612,1
20,1613,1
20,1614,1
1615,20,0
20,1616,1
20,1617,1
20,1618,1
20,1619,1
20,1620,1
20,1621,1
1622,20,0
1623,20,0
1624,20,0
20,1625,1
1626,20,0
1627,20,0
20,1628,1
20,1629,1
20,1630,1
20,1631,1
1632,20,0
1633,20,0
1634,20,0
20,1635,1
1636,20,0
1637,20,0
1638,20,0
20,1639,1
1640,20,0
20,1641,1
20,1642,1
20,1643,1
1644,20,0
20,1645,1
20,1646,1
20,1647,1
1648,20,0
1649,20,0
20,1650,1
20,1651,1
20,1652,1
1653,20,0
20,1654,1
1655,20,0
20,1656,1
1657,20,0
20,1658,1
20,1659,1
1660,20,0
20,1661,1
1662,20,0
20,1663,1
20,1664,1
20,1665,1
20,1666,1
20,1667,1
20,1668,1
20,1669,1
20,1670,1
1671,20,0
20,1672,1
20,1673,1
1674,20,0
1675,20,0
1676,20,0
20,1677,1
20,1678,1
20,1679,1
20,1680,1
20,1681,1
20,1682,1
1683,20,0
20,1684,1
20,1685,1
1686,20,0
20,1687,1
20,1688,1
1689,20,0
1690,20,0
20,1691,1
20,1692,1
1693,20,0
20,1694,1
20,1695,1
20,1696,1
20,1697,1
1698,20,0
20,1699,1
21,21,1
612,21,0
624,21,0
21,708,1
21,710,1
712,21,0
21,714,1
21,715,1
21,716,1
21,819,0
21,922,0
21,1056,0
21,1291,0
22,118,0
22,496,1
22,499,1
22,500,1
22,501,1
502,22,0
22,531,1
22,566,1
567,22,0
568,22,0
612,22,0
22,624,1
22,709,1
710,22,0
22,711,1
712,22,0
22,713,1
715,22,0
22,716,1
22,1700,1
22,1701,1
22,1702,1
22,1721,0
23,23,1
23,1167,0
23,1703,1
23,1704,1
23,1705,1
1706,23,0
1707,23,0
24,890,1
24,909,1
24,1642,0
25,30,0
50,25,0
25,100,1
25,272,1
25,393,1
25,395,1
25,399,1
402,25,0
25,403,1
404,25,0
25,405,1
407,25,0
25,409,1
410,25,0
25,413,1
420,25,0
422,25,0
25,427,1
25,575,1
25,813,1
25,814,1
876,25,0
1417,25,0
25,1418,1
25,1419,1
1423,25,0
25,1445,1
25,1450,1
25,1708,1
25,1709,1
25,1710,1
25,1711,1
26,217,1
218,26,0
219,26,0
26,220,1
524,26,0
26,526,1
527,26,0
528,26,0
26,1431,0
1455,26,0
26,1465,1
26,1467,1
26,1712,1
26,1713,1
1714,26,0
1715,26,0
26,1716,1
26,1717,1
26,1718,1
1719,26,0
26,2047,0
27,27,1
27,1254,0
27,1553,1
27,1563,1
27,1564,1
28,28,1
28,29,1
28,52,1
28,270,1
28,383,1
656,28,0
915,28,0
916,28,0
28,1288,1
28,1417,1
1423,28,0
1516,28,0
1575,28,0
28,1679,1
28,1720,1
28,1721,1
28,1722,1
1723,28,0
28,1724,1
28,1725,1
29,52,1
270,29,0
29,470,0
915,29,0
29,916,1
1417,29,0
29,1419,1
1516,29,0
30,440,0
30,512,0
30,1026,1
30,1027,1
30,1028,1
30,1114,0
31,613,0
31,1613,0
1726,31,0
31,1727,1
32,14,1
32,24,1
32,29,1
32,32,1
52,32,0
32,65,1
32,402,1
32,404,1
32,412,1
795,32,0
32,887,1
1280,32,0
32,1417,1
32,1418,1
32,1420,1
32,1487,1
1728,32,0
32,1729,1
1730,32,0
32,1731,1
32,1732,1
32,1733,1
32,1734,1
32,1735,1
32,1736,1
32,1737,1
32,1738,1
1739,32,0
32,1740,1
112,33,0
33,158,1
33,164,1
33,175,1
33,190,1
33,195,1
33,196,1
197,33,0
33,217,1
33,218,1
33,219,1
220,33,0
221,33,0
235,33,0
33,236,1
33,237,1
243,33,0
33,247,1
249,33,0
33,275,1
33,282,1
33,283,1
33,284,1
33,287,1
288,33,0
33,289,1
290,33,0
291,33,0
33,292,1
295,33,0
33,296,1
33,297,1
33,389,1
33,390,1
33,518,1
33,519,1
521,33,0
33,522,1
33,523,1
33,525,1
526,33,0
527,33,0
33,529,1
33,532,1
33,533,1
552,33,0
33,555,1
33,556,1
557,33,0
558,33,0
33,575,1
611,33,0
33,617,1
618,33,0
620,33,0
622,33,0
627,33,0
33,629,1
33,647,1
648,33,0
650,33,0
33,651,1
33,676,1
677,33,0
678,33,0
33,680,1
682,33,0
33,683,1
33,693,1
33,695,1
697,33,0
699,33,0
33,700,1
33,702,1
33,727,1
33,728,1
33,961,0
33,1150,1
33,1541,1
33,1542,1
33,1546,1
1547,33,0
1566,33,0
33,1741,1
33,1742,1
33,1942,0
34,190,1
217,34,0
34,218,1
219,34,0
34,220,1
34,221,1
34,222,1
34,241,1
242,34,0
277,34,0
34,280,1
34,281,1
282,34,0
34,284,1
34,390,1
34,516,1
517,34,0
34,518,1
520,34,0
34,523,1
34,524,1
34,526,1
528,34,0
34,529,1
34,618,1
620,34,0
683,34,0
34,699,1
702,34,0
34,703,1
717,34,0
34,728,1
35,35,1
35,150,0
35,972,1
35,973,1
35,974,1
35,975,1
979,35,0
980,35,0
35,982,1
35,1034,0
35,1686,0
1743,35,0
36,65,1
446,36,0
672,36,0
915,36,0
36,916,1
36,1280,1
1317,36,0
1323,36,0
1422,36,0
36,1744,1
36,1745,1
36,1746,1
37,37,1
37,412,1
37,832,1
37,1747,1
1748,37,0
38,134,1
38,183,1
38,184,1
38,223,1
246,38,0
38,250,1
263,38,0
38,264,1
267,38,0
38,302,0
38,340,1
38,424,1
432,38,0
561,38,0
38,633,1
748,38,0
38,900,1
38,1075,1
1108,38,0
1364,38,0
38,1388,1
38,1425,1
38,1426,1
1538,38,0
38,1633,1
1686,38,0
1749,38,0
38,1750,1
1751,38,0
1752,38,0
38,1753,1
1754,38,0
38,1755,1
38,1756,1
38,1757,1
38,1758,1
1759,38,0
38,1760,1
38,1761,1
38,1762,1
38,1763,1
38,1764,1
38,1765,1
1766,38,0
38,1767,1
38,1768,1
38,1769,1
38,1770,1
456,39,0
39,2109,0
40,42,1
40,157,1
40,199,1
40,411,1
956,40,0
40,1119,1
40,1557,1
1570,40,0
40,1771,1
40,1772,1
1773,40,0
1774,40,0
40,1775,1
40,1776,1
40,1777,1
41,249,0
41,1513,1
41,1514,1
41,1516,1
41,1587,1
41,1803,0
733,42,0
42,1623,0
43,198,1
211,43,0
43,245,1
43,254,1
43,304,1
393,43,0
43,460,1
43,1078,1
43,1778,1
1779,43,0
44,135,1
44,754,1
755,44,0
44,756,1
822,44,0
829,44,0
44,830,1
44,831,1
839,44,0
44,840,1
44,911,1
44,914,1
44,1280,1
1620,44,0
44,1679,1
1724,44,0
1780,44,0
1781,44,0
1782,44,0
1783,44,0
44,1784,1
45,45,1
45,663,1
45,717,1
45,1075,0
46,46,1
46,185,1
46,186,1
187,46,0
46,1492,1
46,1494,1
46,1496,1
1788,47,0
1789,47,0
48,48,1
534,48,0
48,1229,0
48,1586,0
1790,48,0
1791,48,0
1304,49,0
49,1796,1
49,1797,1
50,50,1
50,688,0
50,841,1
51,753,1
754,51,0
51,756,1
52,185,1
52,188,1
52,189,1
270,52,0
52,562,1
52,563,1
52,915,1
52,916,1
1051,52,0
52,1082,1
1164,52,0
1418,52,0
52,1420,1
52,1645,1
52,1708,1
53,54,1
53,926,1
53,936,1
53,1015,1
53,1471,1
1847,53,0
53,1947,0
54,465,0
912,54,0
54,936,1
941,54,0
942,54,0
54,1015,1
54,1309,0
55,56,1
55,262,0
55,670,1
729,55,0
55,875,1
55,943,1
55,952,1
56,56,1
56,191,0
56,873,1
56,952,1
56,980,0
994,56,0
57,873,1
57,994,1
58,934,1
58,1010,1
58,1011,1
58,1012,1
58,1013,1
58,1848,1
59,59,1
59,430,1
59,431,1
59,434,1
59,1548,0
59,1849,1
59,1850,1
59,1851,1
59,1852,1
59,1853,1
59,1854,1
59,1855,1
226,60,0
227,60,0
60,571,1
572,60,0
60,815,1
60,817,1
1856,60,0
61,146,1
61,185,1
61,186,1
61,188,1
61,189,1
61,451,1
535,61,0
61,536,1
61,776,1
61,1514,1
61,1553,1
1555,61,0
1563,61,0
1587,61,0
61,1784,0
1802,61,0
1857,61,0
61,1858,1
61,1859,1
61,1860,1
1861,61,0
61,1862,1
1863,61,0
61,1864,1
1865,61,0
61,1866,1
62,172,0
561,62,0
62,562,1
633,62,0
63,63,1
63,98,1
63,135,0
63,385,1
63,937,1
63,938,1
939,63,0
63,954,1
63,973,1
975,63,0
63,976,1
63,982,1
1020,63,0
1021,63,0
63,1115,1
1145,63,0
63,1368,1
63,1434,1
1436,63,0
63,1437,1
63,1438,1
63,1439,1
1440,63,0
63,1867,1
1868,63,0
1869,63,0
63,2181,0
64,64,1
64,127,1
64,300,0
64,780,1
64,781,1
64,1394,1
64,1397,1
1399,64,0
1424,64,0
1870,64,0
64,2153,0
65,19,1
65,65,1
65,218,1
221,65,0
65,222,1
65,915,1
65,916,1
65,1423,1
1519,65,0
1532,65,0
65,1871,1
66,66,1
66,741,1
66,743,1
66,744,1
66,745,1
66,746,1
877,66,0
66,878,1
66,1679,1
66,1724,1
1872,66,0
66,1873,1
1874,66,0
66,1875,1
67,355,0
67,901,1
902,67,0
68,68,1
68,825,1
826,68,0
192,69,0
194,69,0
69,458,1
460,69,0
752,69,0
865,69,0
866,69,0
69,905,1
69,968,1
70,70,1
70,156,0
560,70,0
70,631,1
645,70,0
1556,70,0
70,1760,0
71,28,1
71,71,1
71,178,0
383,71,0
71,862,1
71,885,1
71,1417,1
71,1418,1
71,1741,1
1742,71,0
71,1862,0
944,72,0
1002,72,0
72,1204,1
72,1449,0
72,1876,1
1877,72,0
1878,72,0
72,1879,1
72,1880,1
72,1954,0
234,73,0
384,73,0
73,391,1
73,392,1
73,1395,1
141,74,0
74,1881,1
1882,74,0
75,966,0
75,1090,0
75,1883,1
1884,75,0
75,1885,1
75,1886,1
75,1887,1
76,191,1
76,193,1
76,194,1
76,833,1
865,76,0
76,1038,0
76,2181,0
77,78,1
230,77,0
77,231,1
77,789,1
77,790,1
77,791,1
77,828,1
77,911,1
78,178,0
231,78,0
78,789,1
78,791,1
79,205,1
79,206,1
79,207,1
79,208,1
79,798,1
894,79,0
79,1540,0
812,80,0
80,813,1
814,80,0
80,1658,0
81,81,1
81,149,1
1221,81,0
81,1224,1
1373,81,0
81,1513,1
1529,81,0
81,1569,0
81,1587,1
81,1720,0
1778,81,0
81,1779,1
81,1784,1
81,1857,1
1858,81,0
1859,81,0
81,1861,1
81,1862,1
81,1863,1
81,1864,1
81,1888,1
1889,81,0
81,1890,1
1891,81,0
81,1892,1
81,1893,1
81,1894,1
1895,81,0
1896,81,0
1897,81,0
81,1898,1
81,1899,1
1900,81,0
81,1901,1
81,1902,1
1903,81,0
81,1904,1
81,1905,1
81,1906,1
81,1907,1
81,1908,1
81,1909,1
81,1910,1
1911,81,0
81,1912,1
1913,81,0
1914,81,0
81,1915,1
82,82,1
82,1069,1
82,1598,1
82,1916,1
82,2195,0
83,83,1
183,83,0
184,83,0
211,83,0
83,252,1
560,83,0
83,580,1
83,581,1
83,631,1
83,1111,1
83,1112,1
83,1287,0
83,1639,1
1735,83,0
1916,83,0
83,1917,1
83,1918,1
1919,83,0
1920,83,0
1921,83,0
83,1922,1
83,1923,1
1924,83,0
83,1925,1
1926,83,0
83,1927,1
1928,83,0
84,84,1
84,1881,0
85,85,1
85,1929,1
13,86,0
86,1095,0
86,1930,1
87,219,1
87,221,1
222,87,0
87,1422,0
87,1532,1
1533,87,0
88,88,1
88,1040,1
88,1101,1
88,1509,0
89,279,0
89,595,0
89,1429,0
89,1868,0
89,1931,1
89,1932,1
89,1933,1
89,1934,1
90,1521,1
1523,90,0
91,213,1
92,1039,0
1043,92,0
92,1176,0
92,1326,0
1935,92,0
92,1936,1
93,93,1
763,93,0
94,765,1
94,766,1
95,95,1
95,677,0
95,782,1
783,95,0
95,784,1
95,785,1
95,1612,0
96,96,1
96,97,1
96,858,1
96,859,1
1024,96,0
97,97,1
858,97,0
97,859,1
97,878,0
97,1024,1
97,1772,0
98,8,1
98,98,1
98,181,1
98,182,1
98,308,0
633,98,0
98,1109,1
98,1245,1
98,1356,1
98,1621,1
98,1824,0
1950,98,0
98,1951,1
1952,98,0
98,1953,1
98,1954,1
99,99,1
99,442,1
100,100,1
100,125,0
272,100,0
100,691,0
100,1639,0
101,837,1
1955,101,0
1956,101,0
101,1957,1
102,842,1
102,843,1
844,102,0
102,845,1
846,102,0
1734,102,0
1735,102,0
102,1958,1
1959,102,0
1960,102,0
102,2078,0
103,103,1
103,401,1
103,1165,1
104,104,1
104,276,0
104,608,1
104,614,1
104,724,1
725,104,0
607,105,0
105,608,1
105,723,1
105,724,1
105,1399,0
106,106,1
106,143,1
106,469,1
480,106,0
481,106,0
106,482,1
106,1384,0
106,1416,1
106,1604,1
1803,106,0
106,1826,1
106,1961,1
106,1962,1
106,1963,1
1964,106,0
1965,106,0
106,1966,1
106,1967,1
106,1968,1
1969,106,0
106,1970,1
106,1971,1
107,107,1
107,818,1
107,819,1
108,108,1
108,429,0
661,109,0
109,684,1
109,686,1
1230,109,0
109,1506,1
109,1507,1
110,443,0
110,1972,1
1973,110,0
66,111,0
111,300,1
305,111,0
111,878,1
111,1904,0
636,112,0
637,112,0
112,639,1
640,112,0
112,643,1
665,112,0
112,1983,0
113,113,1
113,568,0
113,1548,1
1549,113,0
113,2157,0
29,114,0
55,114,0
114,114,1
114,250,1
460,114,0
114,483,0
114,492,1
550,114,0
114,732,1
114,862,1
863,114,0
114,1416,1
114,1588,1
1975,114,0
114,1976,1
114,1977,1
114,1978,1
114,1979,1
1980,114,0
114,1981,1
1982,114,0
114,1983,1
115,28,1
115,270,1
383,115,0
115,386,1
115,562,1
115,633,1
115,1354,0
116,116,1
116,961,1
963,116,0
116,1202,0
117,949,0
117,1984,1
1985,117,0
117,1986,1
1987,117,0
117,2085,0
118,1847,1
1236,119,0
119,1988,1
119,1989,1
1990,119,0
119,1991,1
119,1992,1
119,1993,1
120,986,1
120,987,1
120,988,1
120,989,1
120,990,1
121,414,1
121,485,1
121,486,1
121,487,1
621,121,0
122,122,1
122,695,0
122,1996,1
11,123,0
123,25,1
100,123,0
123,231,0
123,272,1
123,420,1
124,124,1
124,183,1
184,124,0
124,898,0
124,1522,0
125,116,1
125,421,1
125,751,1
1056,125,0
126,847,1
126,956,1
126,1125,0
126,2016,1
126,2017,1
126,2018,1
127,356,0
127,906,0
1023,127,0
127,2019,1
128,128,1
2020,128,0
2021,128,0
128,2022,1
128,2023,1
128,2024,1
2025,128,0
128,2026,1
129,106,1
129,469,1
479,129,0
129,481,1
129,1755,1
129,2027,1
2028,129,0
129,2029,1
130,130,1
131,131,1
131,2003,0
131,2030,1
131,2031,1
132,132,1
132,1942,1
132,1946,1
132,2032,1
132,2033,1
235,133,0
133,236,1
133,237,1
133,238,1
133,457,1
479,133,0
480,133,0
133,481,1
133,1429,1
134,98,1
134,134,1
180,134,0
134,226,1
134,227,1
228,134,0
135,184,0
135,226,1
135,228,1
537,135,0
135,1780,1
135,1888,0
2037,135,0
2038,135,0
2039,135,0
135,2040,1
135,2041,1
135,2042,1
135,2043,1
135,2044,1
135,2045,1
412,136,0
137,137,1
137,588,0
137,771,0
137,1585,0
137,1818,0
137,1944,0
137,2046,1
2047,137,0
138,1113,0
139,871,0
139,1358,1
139,1426,0
139,1763,0
139,2049,1
140,8,1
140,106,1
140,481,1
1212,140,0
2050,140,0
140,2051,1
140,2052,1
141,141,1
142,142,1
1216,142,0
142,1270,0
143,52,1
143,266,1
143,270,1
386,143,0
143,469,1
143,479,1
143,480,1
481,143,0
143,482,1
915,143,0
143,1417,1
1643,143,0
144,50,1
144,64,1
144,106,1
387,144,0
144,451,1
144,479,1
481,144,0
144,1395,1
144,1452,1
144,1560,0
144,1715,0
1870,144,0
144,2057,1
144,2058,1
145,538,0
689,145,0
145,737,1
145,900,1
145,969,1
145,970,1
146,1514,1
146,1587,1
146,1858,1
1859,146,0
146,1860,1
146,1862,1
146,1863,1
146,1864,1
146,1865,1
147,147,1
780,148,0
148,781,1
148,1332,1
148,1617,1
148,2072,1
872,149,0
149,955,1
149,1280,1
149,1804,0
149,2073,1
2074,149,0
150,150,1
150,595,0
150,868,0
150,1657,1
150,1694,1
2081,150,0
150,2082,1
150,2083,1
151,151,1
151,2093,1
151,2094,1
152,9,1
152,109,1
152,152,1
202,152,0
152,424,1
152,488,1
152,489,1
152,597,0
646,152,0
152,656,1
1279,152,0
1388,152,0
152,1402,1
152,1426,1
152,1471,0
152,1538,1
152,1588,1
152,1662,1
152,1682,1
152,1766,1
1767,152,0
1768,152,0
152,1769,1
152,2000,0
152,2084,1
2095,152,0
152,2096,1
152,2097,1
152,2098,1
152,2099,1
152,2100,1
2101,152,0
152,2102,1
2103,152,0
152,2104,1
152,2105,1
152,2106,1
153,1,1
8,153,0
153,61,1
153,123,1
153,248,0
153,341,0
402,153,0
153,481,1
652,153,0
153,781,1
153,1034,1
1557,153,0
153,1621,0
153,2003,1
2150,153,0
153,2151,1
153,2152,1
153,2153,1
154,319,0
154,584,0
154,892,0
1265,154,0
154,1266,1
154,2073,0
154,2158,1
154,2159,1
154,2160,1
154,2161,1
155,947,1
155,948,1
155,949,1
155,1025,1
6,156,0
156,83,1
156,156,1
168,156,0
185,156,0
188,156,0
156,201,1
156,224,1
156,225,1
240,156,0
156,346,1
156,405,1
156,409,1
156,428,0
441,156,0
457,156,0
505,156,0
506,156,0
507,156,0
156,508,1
156,509,1
156,534,1
156,549,1
156,553,1
156,554,1
156,561,1
156,563,1
156,565,1
597,156,0
156,598,1
156,601,1
156,603,1
156,611,1
615,156,0
156,616,1
156,652,1
656,156,0
671,156,0
156,731,1
156,757,1
156,767,1
768,156,0
156,769,1
156,770,1
774,156,0
156,775,1
156,777,1
779,156,0
156,781,1
156,811,1
967,156,0
156,1115,1
156,1182,1
156,1325,1
1367,156,0
1385,156,0
156,1433,1
1434,156,0
1435,156,0
1436,156,0
1438,156,0
156,1439,1
1455,156,0
1463,156,0
1465,156,0
156,1466,1
156,1467,1
1470,156,0
156,1498,0
156,1598,1
156,1713,1
156,1714,1
1718,156,0
1719,156,0
156,1800,1
156,1867,1
156,1868,1
1923,156,0
1982,156,0
156,2034,1
2166,156,0
156,2167,1
156,2168,1
156,2169,1
156,2170,1
156,2171,1
156,2172,1
2173,156,0
156,2174,1
156,2175,1
156,2176,1
156,2177,1
156,2178,1
157,157,1
157,291,0
157,752,0
157,1456,0
1772,157,0
158,301,0
532,158,0
158,555,1
556,158,0
158,557,1
158,558,1
158,835,1
158,946,1
158,1305,0
159,1831,1
159,2179,1
159,2180,1
2181,159,0
159,2182,1
2183,159,0
159,2184,1
159,2185,1
2186,159,0
159,2187,1
1524,160,0
160,1811,0
160,2188,1
2189,160,0
160,2190,1
872,161,0
161,1449,0
162,510,1
162,511,1
512,162,0
2191,162,0
162,2192,1
163,1440,0
1462,163,0
164,164,1
164,400,0
164,647,1
164,648,1
164,649,1
164,2100,0
164,2156,0
2193,165,0
166,267,1
166,1325,1
2194,166,0
167,1007,1
167,1008,1
167,1009,1
167,1571,0
167,1660,0
82,168,0
168,1069,1
168,1118,1
168,1283,0
168,1311,0
168,1456,1
168,1531,1
168,2053,1
168,2054,1
2055,168,0
168,2195,1
2196,168,0
168,2197,1
2198,168,0
169,1004,1
170,170,1
170,1086,1
1346,170,0
170,1545,1
170,2199,1
171,226,1
171,845,1
171,958,1
171,2200,1
2201,172,0
173,2147,1
2202,173,0
174,310,0
174,396,1
174,660,0
705,174,0
1300,174,0
174,2056,1
174,2203,1
174,2204,1
176,489,0
176,1562,0
177,402,0
177,675,0
177,1231,0
177,2058,0
178,221,0
178,1266,0
178,2049,0
179,901,0
181,1018,0
181,1365,0
183,960,0
184,1252,0
186,1373,0
188,379,0
188,2052,0
189,608,0
189,1595,0
191,699,0
193,941,0
193,1033,0
194,551,0
195,927,0
196,417,0
196,1852,0
197,441,0
197,1938,0
198,1200,0
198,1393,0
202,745,0
202,2142,0
203,1048,0
203,1507,0
205,861,0
206,1666,0
206,1692,0
208,1013,0
209,1431,0
210,682,0
211,1990,0
214,1463,0
214,1583,0
217,1045,0
217,1333,0
219,1404,0
219,1904,0
220,938,0
223,486,0
223,935,0
224,964,0
224,985,0
225,2028,0
227,1930,0
228,668,0
228,2103,0
229,1996,0
230,516,0
235,468,0
235,1438,0
235,1546,0
237,1260,0
238,876,0
239,1944,0
242,711,0
244,1267,0
246,1174,0
247,452,0
248,1884,0
249,503,0
250,287,0
253,1336,0
253,1387,0
255,657,0
255,756,0
258,568,0
258,1428,0
259,1108,0
262,1701,0
265,650,0
265,851,0
267,2036,0
269,479,0
269,1171,0
269,2201,0
271,1202,0
271,1781,0
271,2009,0
273,1496,0
274,1007,0
276,1212,0
277,1304,0
278,427,0
279,887,0
280,863,0
281,1244,0
282,846,0
282,1726,0
283,635,0
285,1618,0
286,450,0
286,1292,0
287,1414,0
288,597,0
289,395,0
291,907,0
294,1673,0
294,2006,0
301,1054,0
301,2062,0
303,2004,0
304,669,0
305,427,0
305,585,0
305,955,0
306,617,0
307,1665,0
310,2113,0
311,1080,0
313,1541,0
314,423,0
316,1277,0
316,1343,0
317,1699,0
317,1739,0
318,774,0
318,1822,0
319,924,0
321,747,0
321,997,0
322,1623,0
323,355,0
323,555,0
323,588,0
324,831,0
324,1842,0
324,1941,0
325,1643,0
327,592,0
330,2103,0
331,999,0
332,1444,0
333,1609,0
334,923,0
334,1582,0
334,1874,0
335,1362,0
335,2116,0
336,558,0
336,1685,0
337,914,0
340,583,0
342,1122,0
344,1276,0
345,1871,0
349,602,0
349,1837,0
352,1779,0
355,822,0
355,1481,0
358,1425,0
360,1965,0
361,1184,0
363,1647,0
364,1310,0
365,2005,0
366,586,0
368,948,0
368,1438,0
369,1744,0
370,1139,0
373,1199,0
374,848,0
375,757,0
375,881,0
376,2114,0
377,1445,0
378,1656,0
378,2106,0
380,1122,0
381,1985,0
381,2123,0
382,1746,0
382,1781,0
384,2066,0
385,642,0
385,1285,0
387,565,0
387,1885,0
388,1505,0
389,1903,0
391,2143,0
392,1492,0
392,2024,0
394,1941,0
395,478,0
396,501,0
396,2041,0
397,1632,0
398,1047,0
398,1608,0
400,1272,0
401,1168,0
401,1669,0
402,1604,0
403,803,0
405,715,0
405,1530,0
406,485,0
406,715,0
406,1311,0
408,958,0
410,516,0
411,1751,0
412,439,0
414,1471,0
415,676,0
416,1096,0
417,854,0
418,1824,0
419,1598,0
419,1973,0
421,1058,0
422,1211,0
424,430,0
424,1782,0
424,1817,0
425,738,0
425,853,0
427,1151,0
427,2093,0
430,1170,0
430,1204,0
430,1481,0
431,2019,0
433,1246,0
434,1434,0
436,1817,0
437,1587,0
438,613,0
438,663,0
438,1898,0
439,913,0
440,1122,0
440,1756,0
442,659,0
443,1083,0
443,1266,0
443,1845,0
446,1430,0
447,1263,0
448,1339,0
449,456,0
452,544,0
452,974,0
452,1333,0
452,1752,0
453,1485,0
454,1260,0
455,1206,0
455,1586,0
459,1490,0
465,975,0
467,1434,0
467,1480,0
470,1326,0
472,1345,0
472,1786,0
473,1716,0
477,537,0
477,1209,0
479,892,0
479,1862,0
480,1140,0
480,1617,0
481,809,0
481,1091,0
484,687,0
485,1008,0
486,1288,0
487,674,0
487,1497,0
489,1564,0
490,1276,0
490,2153,0
491,875,0
491,952,0
491,1201,0
491,1508,0
492,610,0
493,1544,0
497,1168,0
497,2157,0
498,895,0
499,1946,0
501,720,0
501,1544,0
504,2198,0
506,2057,0
507,1533,0
507,1600,0
507,1712,0
510,1027,0
510,1918,0
511,1237,0
513,1725,0
514,1706,0
515,729,0
515,1343,0
515,1813,0
516,1235,0
516,1466,0
516,1719,0
516,1968,0
518,1690,0
519,756,0
520,1134,0
522,2012,0
523,1351,0
523,2120,0
524,1988,0
525,1900,0
527,1499,0
527,1719,0
528,1532,0
531,1819,0
531,1840,0
531,2150,0
532,1733,0
532,1971,0
534,657,0
534,1489,0
534,2136,0
536,1216,0
536,1568,0
536,1720,0
538,745,0
539,616,0
540,799,0
540,1038,0
540,1900,0
540,2180,0
542,1787,0
543,1298,0
545,1369,0
546,1456,0
547,1743,0
547,1844,0
549,579,0
549,789,0
550,1715,0
550,1962,0
554,1261,0
554,1483,0
554,1751,0
555,2095,0
558,607,0
560,2166,0
565,2092,0
566,1395,0
567,901,0
570,1099,0
573,715,0
573,1836,0
579,1346,0
579,1445,0
579,1892,0
580,696,0
580,1419,0
580,1709,0
581,1840,0
584,1963,0
586,2006,0
588,1011,0
589,1377,0
590,1876,0
591,2146,0
593,1274,0
593,1788,0
595,798,0
595,885,0
595,1733,0
598,1505,0
600,631,0
600,707,0
604,1871,0
605,1615,0
607,1727,0
609,1107,0
610,886,0
610,1597,0
611,1913,0
611,1965,0
611,1997,0
615,651,0
616,1008,0
617,1996,0
621,1022,0
627,1877,0
627,2027,0
628,2077,0
630,726,0
630,1059,0
631,1669,0
631,1695,0
635,2094,0
637,2097,0
641,1487,0
641,1597,0
641,2045,0
643,1577,0
644,800,0
646,681,0
646,1260,0
647,948,0
652,1556,0
653,2136,0
654,856,0
654,1580,0
655,1479,0
656,1646,0
658,1572,0
659,2064,0
660,809,0
660,1932,0
662,1350,0
664,1638,0
664,1901,0
666,1105,0
666,1788,0
667,1755,0
671,984,0
671,1266,0
672,1709,0
674,1180,0
676,1314,0
677,1816,0
678,1209,0
678,1566,0
681,1158,0
681,1466,0
682,1067,0
683,1044,0
684,2178,0
689,1716,0
690,1370,0
690,1552,0
693,1190,0
694,1005,0
695,1829,0
696,1452,0
697,855,0
697,1132,0
699,1617,0
701,950,0
702,985,0
704,1110,0
704,1175,0
705,942,0
708,1477,0
708,1584,0
709,1758,0
710,1004,0
711,1623,0
712,1815,0
713,1605,0
714,1496,0
715,744,0
716,834,0
716,1158,0
716,1493,0
717,1103,0
717,1767,0
719,934,0
722,2003,0
727,884,0
727,1427,0
727,1755,0
730,990,0
730,1282,0
733,1509,0
735,1953,0
736,1089,0
736,1842,0
738,1721,0
742,1757,0
749,1459,0
750,1982,0
750,2120,0
751,1674,0
752,964,0
757,969,0
758,1466,0
760,2058,0
761,1658,0
761,1719,0
761,2159,0
763,858,0
763,1524,0
765,1948,0
766,786,0
766,948,0
766,1193,0
767,771,0
768,1555,0
770,1875,0
770,2045,0
772,1211,0
778,2148,0
778,2156,0
779,1298,0
779,1308,0
780,1232,0
782,1971,0
784,1483,0
785,1650,0
786,1256,0
788,1132,0
788,1661,0
789,892,0
789,1047,0
789,1219,0
792,1826,0
794,1620,0
795,2056,0
796,1795,0
798,1115,0
800,1804,0
803,1456,0
803,1706,0
804,1214,0
805,1229,0
805,1307,0
807,1896,0
809,1871,0
810,895,0
810,1845,0
811,1534,0
815,997,0
816,2021,0
819,1820,0
822,906,0
823,887,0
823,1565,0
825,1005,0
825,1760,0
826,1786,0
826,2168,0
828,1337,0
828,1699,0
829,830,0
829,1542,0
829,1664,0
830,1256,0
830,1430,0
834,1892,0
835,1546,0
836,921,0
836,1024,0
836,1585,0
837,955,0
839,1772,0
839,2021,0
840,935,0
843,1730,0
849,1546,0
854,1890,0
856,1360,0
856,1739,0
856,2143,0
860,1858,0
864,1342,0
868,1164,0
868,1393,0
869,2103,0
870,1333,0
870,2104,0
871,983,0
871,1368,0
872,915,0
872,1040,0
877,1698,0
877,1795,0
878,939,0
882,1256,0
884,1664,0
885,1924,0
885,2181,0
887,1167,0
894,1411,0
894,1507,0
895,1615,0
902,1245,0
903,1933,0
905,1146,0
905,1376,0
907,1148,0
907,1434,0
909,913,0
910,1121,0
913,1389,0
913,1750,0
915,1344,0
917,1070,0
917,1495,0
919,1931,0
920,946,0
920,1723,0
920,2046,0
921,1366,0
921,1632,0
921,2184,0
923,1040,0
923,1629,0
923,2125,0
927,1705,0
928,1791,0
929,1354,0
931,2111,0
933,1730,0
935,1684,0
936,1975,0
937,1406,0
938,1240,0
939,1018,0
945,1582,0
946,1500,0
948,1562,0
949,1379,0
950,970,0
950,1609,0
951,1874,0
952,1157,0
956,1351,0
958,1312,0
960,2107,0
961,1524,0
961,1681,0
963,1621,0
963,1704,0
965,2061,0
966,1345,0
967,1266,0
967,1546,0
967,1603,0
967,2150,0
970,1387,0
971,1453,0
971,1623,0
971,1748,0
974,1224,0
975,1773,0
977,1294,0
977,1635,0
980,1438,0
981,1842,0
982,1418,0
983,1127,0
984,1015,0
984,1836,0
985,1200,0
986,2036,0
987,1664,0
996,1443,0
997,2184,0
999,1737,0
999,2189,0
1000,1421,0
1003,1979,0
1005,1235,0
1014,1452,0
1014,1796,0
1015,1777,0
1016,1840,0
1022,1619,0
1023,1521,0
1023,2176,0
1026,1944,0
1029,1825,0
1030,1133,0
1033,1112,0
1035,1388,0
1035,1754,0
1035,2056,0
1037,1463,0
1038,1297,0
1039,1816,0
1040,1336,0
1040,1947,0
1042,1328,0
1042,1532,0
1044,1992,0
1047,1412,0
1047,1859,0
1048,1149,0
1049,2171,0
1055,1711,0
1057,1179,0
1057,1633,0
1057,1731,0
1059,1503,0
1061,1357,0
1062,1165,0
1063,1562,0
1065,1928,0
1066,1099,0
1069,2188,0
1078,1472,0
1080,2199,0
1082,1877,0
1084,1950,0
1085,2001,0
1088,2099,0
1090,1223,0
1093,2059,0
1100,1505,0
1101,1245,0
1102,1493,0
1103,2101,0
1105,1648,0
1105,2165,0
1106,1673,0
1107,1686,0
1111,1989,0
1114,1893,0
1119,1634,0
1119,2150,0
1121,1612,0
1123,1343,0
1124,1279,0
1124,1365,0
1129,1718,0
1131,1339,0
1132,2090,0
1133,1169,0
1133,1500,0
1134,1236,0
1135,1669,0
1135,1718,0
1135,1753,0
1135,1898,0
1137,1692,0
1137,1845,0
1138,1525,0
1144,1188,0
1144,1311,0
1144,2015,0
1146,1626,0
1149,1161,0
1149,1722,0
1152,1526,0
1153,1525,0
1156,1448,0
1157,1279,0
1160,1754,0
1161,2196,0
1165,1188,0
1165,1736,0
1167,1734,0
1167,2168,0
1169,1530,0
1175,1864,0
1176,1416,0
1176,1632,0
1176,1755,0
1179,1865,0
1181,1328,0
1183,1484,0
1183,1893,0
1185,2113,0
1195,1628,0
1199,1256,0
1199,1383,0
1202,1978,0
1206,1272,0
1206,1434,0
1207,1842,0
1209,2133,0
1211,1285,0
1216,1902,0
1217,1741,0
1217,2047,0
1218,1403,0
1218,1915,0
1221,1636,0
1226,1234,0
1235,1649,0
1239,1333,0
1247,1305,0
1248,1364,0
1248,1663,0
1249,1973,0
1256,1407,0
1261,1486,0
1266,1697,0
1269,1428,0
1269,2164,0
1271,1944,0
1273,1776,0
1275,2196,0
1276,1443,0
1276,2003,0
1277,2104,0
1278,2132,0
1279,1448,0
1287,1430,0
1287,1579,0
1293,2037,0
1294,1942,0
1295,1926,0
1295,1966,0
1298,1688,0
1298,1729,0
1299,1812,0
1306,1628,0
1311,1582,0
1312,2008,0
1313,1700,0
1321,2123,0
1322,1849,0
1326,2075,0
1327,1819,0
1330,1941,0
1330,2122,0
1332,2012,0
1332,2127,0
1334,1887,0
1337,1775,0
1344,1539,0
1345,2119,0
1347,1678,0
1347,1915,0
1354,1396,0
1357,1533,0
1362,1379,0
1366,1570,0
1366,1889,0
1367,2129,0
1369,1495,0
1370,1394,0
1370,2124,0
1373,2184,0
1375,2071,0
1375,2161,0
1376,1564,0
1383,2058,0
1384,2001,0
1390,1586,0
1390,1974,0
1391,1750,0
1394,1738,0
1398,2117,0
1401,1859,0
1403,2145,0
1406,1537,0
1413,1515,0
1416,1499,0
1416,1675,0
1416,1892,0
1425,1684,0
1425,1983,0
1428,1575,0
1429,1962,0
1429,2065,0
1432,1453,0
1432,2127,0
1434,1475,0
1434,1891,0
1445,2122,0
1449,1876,0
1454,1748,0
1458,1891,0
1462,2123,0
1465,1788,0
1468,1586,0
1475,2080,0
1476,1787,0
1476,1875,0
1484,1814,0
1488,1894,0
1491,1540,0
1495,1838,0
1499,1738,0
1499,2080,0
1501,1543,0
1504,1619,0
1508,1931,0
1508,2089,0
1508,2182,0
1509,1719,0
1510,1712,0
1512,2042,0
1519,1961,0
1522,1783,0
1526,1828,0
1528,1531,0
1529,1658,0
1535,1692,0
1536,2099,0
1537,2100,0
1538,1712,0
1540,2043,0
1542,1902,0
1542,2152,0
1543,1556,0
1546,1550,0
1549,1665,0
1549,1706,0
1555,1807,0
1562,2050,0
1563,2184,0
1564,1590,0
1564,1792,0
1571,1835,0
1572,1631,0
1577,2179,0
1594,2160,0
1595,1918,0
1597,1848,0
1599,1675,0
1604,2117,0
1605,1978,0
1607,1695,0
1607,1749,0
1607,2122,0
1611,1816,0
1614,1709,0
1614,1885,0
1616,1814,0
1621,1823,0
1623,1868,0
1628,2183,0
1630,1870,0
1638,1992,0
1641,1982,0
1644,2134,0
1650,1895,0
1660,1854,0
1662,1872,0
1662,2026,0
1665,1852,0
1666,2141,0
1668,2068,0
1674,1812,0
1676,1995,0
1681,1968,0
1681,2072,0
1684,2013,0
1690,1922,0
1693,2152,0
1701,1923,0
1701,1939,0
1704,1724,0
1704,1920,0
1707,1767,0
1713,2115,0
1718,2134,0
1726,1981,0
1729,1925,0
1736,2031,0
1744,1852,0
1754,1877,0
1755,1806,0
1768,1934,0
1771,2105,0
1773,1789,0
1787,1819,0
1792,2110,0
1794,2041,0
1795,1877,0
1825,2181,0
1849,2101,0
1858,1867,0
1874,1899,0
1884,2182,0
1885,2152,0
1889,2163,0
1896,2181,0
1902,1966,0
1910,1943,0
1933,2020,0
1935,2048,0
1939,1946,0
1957,2109,0
1991,2053,0
2000,2153,0
2016,2198,0
2039,2141,0
2041,2062,0
2049,2138,0
2116,2132,0
2131,2149,0
2144,2171,0
2145,2157,0
