0,0,2
0,7,2
0,10,1
0,25,1
0,27,1
0,28,1
0,43,1
0,91,1
0,100,1
0,111,1
0,152,1
0,175,1
0,176,1
0,177,1
0,178,1
0,179,1
0,180,1
0,181,1
0,182,1
0,183,1
0,184,1
0,185,1
0,186,1
0,187,1
0,188,1
0,189,1
0,190,1
0,191,1
0,192,1
0,193,1
0,194,1
0,195,1
0,196,1
0,197,1
0,198,1
0,199,1
0,200,1
0,201,1
0,202,1
0,203,1
0,204,1
0,205,1
0,206,1
0,207,1
0,208,1
0,209,1
0,210,1
0,211,1
0,212,1
0,213,1
0,214,1
0,215,1
0,216,1
0,217,1
0,218,1
0,219,1
0,220,1
0,221,1
0,222,1
0,223,1
0,224,1
0,225,1
0,226,1
0,227,1
0,228,1
0,229,1
0,230,1
0,231,1
0,232,1
0,233,1
0,234,1
0,235,1
0,236,1
0,237,1
0,238,1
0,239,1
0,240,1
0,241,1
0,242,1
0,243,1
0,244,1
0,245,1
0,246,1
0,247,1
0,248,1
0,249,1
0,250,1
0,251,1
0,252,1
0,253,1
0,254,1
0,255,1
0,256,1
0,257,1
0,258,1
0,259,1
0,260,1
0,261,1
0,262,1
0,263,1
0,264,1
0,265,1
0,266,1
0,267,1
0,268,1
0,269,1
0,270,1
0,271,1
0,272,1
0,273,1
0,274,1
0,275,1
0,276,1
0,277,1
0,278,1
0,279,1
0,280,1
0,281,1
0,282,1
0,283,1
0,284,1
0,285,1
0,286,1
0,287,1
0,288,1
0,289,1
0,290,1
0,291,1
0,292,1
0,293,1
0,294,1
0,295,1
0,296,1
0,297,1
0,298,1
0,299,1
0,300,1
0,301,1
0,302,1
0,303,1
0,304,1
0,305,1
0,306,1
0,307,1
0,308,1
0,309,1
0,310,1
0,311,1
0,312,1
0,313,1
0,314,1
0,315,1
0,316,1
0,317,1
0,318,1
0,319,1
0,320,1
0,321,1
0,322,1
0,323,1
0,324,1
0,325,1
0,326,1
0,327,1
0,328,1
0,329,1
0,330,1
0,331,1
0,332,1
0,333,1
0,334,1
0,335,1
0,336,1
0,337,1
0,338,1
0,339,1
0,340,1
0,341,1
0,342,1
0,343,1
0,344,1
0,345,1
0,346,1
0,347,1
0,348,1
0,349,1
0,350,1
0,351,1
0,352,1
0,353,1
0,354,1
0,355,1
0,356,1
0,357,1
0,358,1
0,359,1
0,360,1
0,361,1
0,362,1
0,363,1
0,364,1
0,365,1
0,366,1
0,367,1
0,368,1
0,369,1
0,370,1
0,371,1
0,372,1
0,373,1
0,374,1
0,375,1
0,376,1
0,377,1
0,378,1
0,379,1
0,380,1
0,381,1
0,382,1
0,383,1
0,384,1
0,385,1
0,386,1
0,387,1
0,388,1
0,389,1
0,390,1
0,391,1
0,392,1
0,836,3
0,1355,3
1,25,2
1,199,1
1,200,1
1,235,1
1,269,1
1,272,1
1,278,1
1,279,1
1,393,1
1,394,1
1,395,1
1,396,1
1,397,1
1,398,1
1,399,1
1,400,1
1,401,1
1,402,1
1,403,1
1,404,1
1,405,1
1,406,1
1,407,1
1,408,1
1,409,1
1,410,1
1,411,1
1,412,1
1,413,1
1,414,1
1,415,1
1,416,1
1,417,1
1,418,1
1,419,1
1,420,1
1,421,1
1,422,1
1,423,1
1,424,1
1,425,1
1,426,1
1,427,1
2,336,3
2,428,1
2,429,1
2,430,1
2,431,1
2,432,1
2,433,1
2,434,1
2,435,1
2,436,1
2,437,1
2,438,1
2,442,3
3,43,1
3,125,3
3,198,1
3,244,1
3,245,1
3,254,1
3,304,1
3,439,1
3,440,1
3,441,1
3,442,1
3,443,1
3,444,1
3,445,1
3,562,3
3,779,3
3,1274,3
3,1328,3
4,25,1
4,100,1
4,106,1
4,121,1
4,272,1
4,429,1
4,446,1
4,447,1
4,448,1
4,449,1
4,450,1
4,451,1
4,452,1
4,453,1
4,454,1
4,455,1
4,456,1
4,457,1
4,458,1
4,459,1
4,460,1
4,461,1
4,462,1
4,463,1
4,464,1
4,465,1
4,466,1
4,467,1
4,468,1
4,469,1
4,470,1
4,471,1
4,472,1
4,473,1
4,474,1
4,475,1
4,476,1
4,477,1
4,478,1
4,479,1
4,480,1
4,481,1
4,482,1
4,483,1
4,484,1
4,485,1
4,486,1
4,487,1
4,488,1
4,489,1
4,490,1
4,491,1
4,492,1
4,493,1
4,589,3
4,1027,3
4,1031,3
4,1586,3
5,33,1
5,191,1
5,192,1
5,195,1
5,197,1
5,494,1
5,495,1
5,496,1
5,497,1
5,498,1
5,499,1
5,500,1
5,501,1
5,502,1
5,503,1
5,504,1
5,505,1
5,506,1
5,507,1
5,508,1
5,509,1
5,510,1
5,511,1
5,512,1
5,513,1
5,514,1
5,515,1
5,516,1
5,517,1
5,518,1
5,519,1
5,520,1
5,521,1
5,522,1
5,523,1
5,524,1
5,525,1
5,526,1
5,527,1
5,528,1
5,529,1
5,530,1
5,531,1
5,637,3
5,2176,3
6,6,2
6,8,1
6,9,1
6,11,1
6,17,2
6,21,1
6,22,1
6,29,1
6,61,1
6,103,1
6,104,1
6,108,1
6,112,1
6,158,1
6,164,1
6,177,1
6,187,1
6,188,1
6,201,1
6,205,1
6,206,1
6,225,1
6,235,1
6,236,1
6,249,1
6,255,1
6,280,1
6,281,1
6,285,1
6,287,1
6,288,1
6,289,1
6,290,1
6,291,1
6,293,1
6,295,1
6,296,1
6,297,1
6,393,1
6,397,1
6,405,1
6,407,1
6,409,1
6,432,1
6,441,1
6,500,3
6,511,1
6,512,1
6,513,1
6,514,1
6,516,1
6,517,1
6,519,1
6,520,1
6,522,1
6,524,1
6,526,1
6,527,1
6,528,1
6,529,1
6,532,1
6,533,1
6,534,1
6,535,1
6,536,1
6,537,1
6,538,1
6,539,1
6,540,1
6,541,1
6,542,1
6,543,1
6,544,1
6,545,1
6,546,1
6,547,1
6,548,1
6,549,1
6,550,1
6,551,1
6,552,1
6,553,1
6,554,1
6,555,1
6,556,1
6,557,1
6,558,1
6,559,1
6,560,1
6,561,1
6,562,1
6,563,1
6,564,1
6,565,1
6,566,1
6,567,1
6,568,1
6,569,1
6,570,1
6,571,1
6,572,1
6,573,1
6,574,1
6,575,1
6,576,1
6,577,1
6,578,1
6,579,1
6,580,1
6,581,1
6,582,1
6,583,1
6,584,1
6,585,1
6,586,1
6,587,1
6,588,1
6,589,1
6,590,1
6,591,1
6,592,1
6,593,1
6,594,1
6,595,1
6,596,1
6,597,1
6,598,1
6,599,1
6,600,1
6,601,1
6,602,1
6,603,1
6,604,1
6,605,1
6,606,1
6,607,1
6,608,1
6,609,1
6,610,1
6,611,1
6,612,1
6,613,1
6,614,1
6,615,1
6,616,1
6,617,1
6,618,1
6,619,1
6,620,1
6,621,1
6,622,1
6,623,1
6,624,1
6,625,1
6,626,1
6,627,1
6,628,1
6,629,1
6,630,1
6,631,1
6,632,1
6,633,1
6,634,1
6,635,1
6,636,1
6,637,1
6,638,1
6,639,1
6,640,1
6,641,1
6,642,1
6,643,1
6,644,1
6,645,1
6,646,1
6,647,1
6,648,1
6,649,1
6,650,1
6,651,1
6,652,1
6,653,1
6,654,1
6,655,1
6,656,1
6,657,1
6,658,1
6,659,1
6,660,1
6,661,1
6,662,1
6,663,1
6,664,1
6,665,1
6,666,1
6,667,1
6,668,1
6,669,1
6,670,1
6,671,1
6,672,1
6,673,1
6,674,1
6,675,1
6,676,1
6,677,1
6,678,1
6,679,1
6,680,1
6,681,1
6,682,1
6,683,1
6,684,1
6,685,1
6,686,1
6,687,1
6,688,1
6,689,1
6,690,1
6,691,1
6,692,1
6,693,1
6,694,1
6,695,1
6,696,1
6,697,1
6,698,1
6,699,1
6,700,1
6,701,1
6,702,1
6,703,1
6,704,1
6,705,1
6,706,1
6,707,1
6,708,1
6,709,1
6,710,1
6,711,1
6,712,1
6,713,1
6,714,1
6,715,1
6,716,1
6,717,1
6,718,1
6,719,1
6,720,1
6,721,1
6,722,1
6,723,1
6,724,1
6,725,1
6,726,1
6,727,1
6,728,1
6,729,1
6,730,1
6,731,1
6,1184,3
6,2172,3
7,7,2
7,12,1
7,21,1
7,25,1
7,30,1
7,44,1
7,51,1
7,52,1
7,54,1
7,55,1
7,56,1
7,60,1
7,61,1
7,66,1
7,67,1
7,68,1
7,69,1
7,77,1
7,79,1
7,80,1
7,84,1
7,95,1
7,96,1
7,97,1
7,100,1
7,102,1
7,107,1
7,114,1
7,116,1
7,120,1
7,127,1
7,145,1
7,155,1
7,156,1
7,158,1
7,167,1
7,169,1
7,177,1
7,181,1
7,182,1
7,186,1
7,187,1
7,189,1
7,190,1
7,191,1
7,192,1
7,193,1
7,194,1
7,205,1
7,206,1
7,207,1
7,209,1
7,211,1
7,212,1
7,213,1
7,215,1
7,216,1
7,223,1
7,225,1
7,226,1
7,227,1
7,230,1
7,232,1
7,243,1
7,244,1
7,245,1
7,249,1
7,250,1
7,263,1
7,264,1
7,265,1
7,266,1
7,270,1
7,272,1
7,273,1
7,278,1
7,279,1
7,286,1
7,301,1
7,302,1
7,303,1
7,304,1
7,305,1
7,340,1
7,383,1
7,385,1
7,386,1
7,391,1
7,392,1
7,396,1
7,401,1
7,407,1
7,408,1
7,411,1
7,441,1
7,457,1
7,460,1
7,474,1
7,475,1
7,481,1
7,488,1
7,489,1
7,494,1
7,495,1
7,532,1
7,535,1
7,536,1
7,538,1
7,560,1
7,562,1
7,598,1
7,600,1
7,602,1
7,603,1
7,604,1
7,607,1
7,608,1
7,611,1
7,612,1
7,617,1
7,622,1
7,631,1
7,633,1
7,635,1
7,638,1
7,639,1
7,640,1
7,641,1
7,642,1
7,670,1
7,675,1
7,677,1
7,680,1
7,709,1
7,710,1
7,712,1
7,715,1
7,716,1
7,722,1
7,723,1
7,732,1
7,733,1
7,734,1
7,735,1
7,736,1
7,737,1
7,738,1
7,739,1
7,740,1
7,741,1
7,742,1
7,743,1
7,744,1
7,745,1
7,746,1
7,747,1
7,748,1
7,749,1
7,750,1
7,751,1
7,752,1
7,753,1
7,754,1
7,755,1
7,756,1
7,757,1
7,758,1
7,759,1
7,760,1
7,761,1
7,762,1
7,763,1
7,764,1
7,765,1
7,766,1
7,767,1
7,768,1
7,769,1
7,770,1
7,771,1
7,772,1
7,773,1
7,774,1
7,775,1
7,776,1
7,777,1
7,778,1
7,779,1
7,780,1
7,781,1
7,782,1
7,783,1
7,784,1
7,785,1
7,786,1
7,787,1
7,788,1
7,789,1
7,790,1
7,791,1
7,792,1
7,793,1
7,794,1
7,795,1
7,796,1
7,797,1
7,798,1
7,799,1
7,800,1
7,801,1
7,802,1
7,803,1
7,804,1
7,805,1
7,806,1
7,807,1
7,808,1
7,809,1
7,810,1
7,811,1
7,812,1
7,813,1
7,814,1
7,815,1
7,816,1
7,817,1
7,818,1
7,819,1
7,820,1
7,821,1
7,822,1
7,823,1
7,824,1
7,825,1
7,826,1
7,827,1
7,828,1
7,829,1
7,830,1
7,831,1
7,832,1
7,833,1
7,834,1
7,835,1
7,836,1
7,837,1
7,838,1
7,839,1
7,840,1
7,841,1
7,842,1
7,843,1
7,844,1
7,845,1
7,846,1
7,847,1
7,848,1
7,849,1
7,850,1
7,851,1
7,852,1
7,853,1
7,854,1
7,855,1
7,856,1
7,857,1
7,858,1
7,859,1
7,860,1
7,861,1
7,862,1
7,863,1
7,864,1
7,865,1
7,866,1
7,867,1
7,868,1
7,869,1
7,870,1
7,871,1
7,872,1
7,873,1
7,874,1
7,875,1
7,876,1
7,877,1
7,878,1
7,879,1
7,880,1
7,881,1
7,882,1
7,883,1
7,884,1
7,885,1
7,886,1
7,887,1
7,888,1
7,889,1
7,891,1
7,892,1
7,893,1
7,894,1
7,895,1
7,896,1
7,897,1
7,898,1
7,899,1
7,900,1
7,901,1
7,902,1
7,903,1
7,904,1
7,905,1
7,906,1
7,907,1
7,908,1
7,910,1
7,911,1
7,912,1
7,913,1
7,914,1
7,915,1
7,916,1
7,926,1
7,927,1
7,928,1
7,929,1
7,930,1
7,931,1
7,932,1
7,933,1
7,934,1
7,935,1
7,936,1
7,937,1
7,938,1
7,939,1
7,940,1
7,941,1
7,942,1
7,943,1
7,944,1
7,945,1
7,946,1
7,947,1
7,948,1
7,949,1
7,950,1
7,951,1
7,952,1
7,953,1
7,954,1
7,955,1
7,956,1
7,957,1
7,958,1
7,959,1
7,960,1
7,961,1
7,962,1
7,963,1
7,964,1
7,965,1
7,966,1
7,967,1
7,968,1
7,969,1
7,970,1
7,971,1
7,972,1
7,973,1
7,974,1
7,975,1
7,976,1
7,977,1
7,978,1
7,979,1
7,980,1
7,981,1
7,982,1
7,983,1
7,984,1
7,985,1
7,986,1
7,987,1
7,988,1
7,989,1
7,990,1
7,991,1
7,992,1
7,993,1
7,994,1
7,995,1
7,996,1
7,997,1
7,998,1
7,999,1
7,1000,1
7,1001,1
7,1002,1
7,1003,1
7,1004,1
7,1005,1
7,1006,1
7,1007,1
7,1008,1
7,1009,1
7,1010,1
7,1011,1
7,1012,1
7,1013,1
7,1014,1
7,1015,1
7,1016,1
7,1017,1
7,1018,1
7,1019,1
7,1020,1
7,1021,1
7,1022,1
7,1023,1
7,1024,1
7,1025,1
7,1026,1
7,1027,1
7,1028,1
7,1029,1
7,1030,1
7,1031,1
7,1032,1
7,1204,3
8,1033,1
8,1034,1
9,9,2
9,20,2
9,28,1
9,36,1
9,41,1
9,48,1
9,52,1
9,82,1
9,88,1
9,92,1
9,97,1
9,98,1
9,99,1
9,104,1
9,105,1
9,107,1
9,110,1
9,112,1
9,117,1
9,118,1
9,119,1
9,122,1
9,149,1
9,153,1
9,161,1
9,163,1
9,177,1
9,180,1
9,234,1
9,239,1
9,246,1
9,266,1
9,268,1
9,285,1
9,311,1
9,340,1
9,398,1
9,428,1
9,440,1
9,441,1
9,444,1
9,445,1
9,472,1
9,504,1
9,521,1
9,522,1
9,537,1
9,546,1
9,548,1
9,553,1
9,561,1
9,599,1
9,601,1
9,621,1
9,631,1
9,687,1
9,693,1
9,694,1
9,695,1
9,706,1
9,729,1
9,730,1
9,738,1
9,743,1
9,744,1
9,758,1
9,803,1
9,808,1
9,810,1
9,819,1
9,828,1
9,862,1
9,885,1
9,889,1
9,891,1
9,896,1
9,899,1
9,905,1
9,910,1
9,915,1
9,943,1
9,971,1
9,997,1
9,1014,1
9,1019,1
9,1035,1
9,1036,1
9,1037,1
9,1038,1
9,1039,1
9,1040,1
9,1041,1
9,1042,1
9,1043,1
9,1044,1
9,1045,1
9,1046,1
9,1047,1
9,1048,1
9,1049,1
9,1050,1
9,1051,1
9,1052,1
9,1053,1
9,1054,1
9,1055,1
9,1056,1
9,1057,1
9,1058,1
9,1059,1
9,1060,1
9,1061,1
9,1062,1
9,1063,1
9,1064,1
9,1065,1
9,1066,1
9,1067,1
9,1068,1
9,1069,1
9,1070,1
9,1071,1
9,1072,1
9,1073,1
9,1074,1
9,1075,1
9,1076,1
9,1077,1
9,1078,1
9,1079,1
9,1080,1
9,1081,1
9,1082,1
9,1083,1
9,1084,1
9,1085,1
9,1086,1
9,1087,1
9,1088,1
9,1089,1
9,1090,1
9,1091,1
9,1092,1
9,1093,1
9,1094,1
9,1095,1
9,1096,1
9,1097,1
9,1098,1
9,1099,1
9,1100,1
9,1101,1
9,1102,1
9,1103,1
9,1104,1
9,1105,1
9,1106,1
9,1107,1
9,1108,1
9,1109,1
9,1110,1
9,1111,1
9,1112,1
9,1113,1
9,1114,1
9,1115,1
9,1116,1
9,1117,1
9,1118,1
9,1119,1
9,1120,1
9,1121,1
9,1122,1
9,1123,1
9,1124,1
9,1125,1
9,1126,1
9,1127,1
9,1128,1
9,1129,1
9,1130,1
9,1131,1
9,1132,1
9,1133,1
9,1134,1
9,1135,1
9,1136,1
9,1137,1
9,1138,1
9,1139,1
9,1140,1
9,1141,1
9,1142,1
9,1143,1
9,1144,1
9,1145,1
9,1146,1
9,1147,1
9,1148,1
9,1149,1
9,1150,1
9,1151,1
9,1152,1
9,1153,1
9,1154,1
9,1155,1
9,1156,1
9,1157,1
9,1158,1
9,1159,1
9,1160,1
9,1161,1
9,1162,1
9,1163,1
9,1164,1
9,1165,1
9,1166,1
9,1167,1
9,1168,1
9,1169,1
9,1170,1
9,1171,1
9,1172,1
9,1173,1
9,1174,1
9,1175,1
9,1176,1
9,1177,1
9,1178,1
9,1179,1
9,1180,1
9,1181,1
9,1182,1
9,1183,1
9,1184,1
9,1185,1
9,1186,1
9,1187,1
9,1188,1
9,1189,1
9,1190,1
9,1191,1
9,1192,1
9,1193,1
9,1194,1
9,1195,1
9,1196,1
9,1197,1
9,1198,1
9,1199,1
9,1200,1
9,1201,1
9,1202,1
9,1203,1
9,1204,1
9,1205,1
9,1206,1
9,1207,1
9,1208,1
9,1209,1
9,1210,1
9,1211,1
9,1212,1
9,1213,1
9,1214,1
9,1215,1
9,1216,1
9,1217,1
9,1218,1
9,1219,1
9,1220,1
9,1221,1
9,1222,1
9,1223,1
9,1224,1
9,1225,1
9,1226,1
9,1227,1
9,1228,1
9,1229,1
9,1230,1
9,1231,1
9,1232,1
9,1233,1
9,1234,1
9,1235,1
9,1236,1
9,1237,1
9,1238,1
9,1239,1
9,1240,1
9,1241,1
9,1242,1
9,1243,1
9,1244,1
9,1245,1
9,1246,1
9,1247,1
9,1248,1
9,1249,1
9,1250,1
9,1251,1
9,1252,1
9,1253,1
9,1254,1
9,1255,1
9,1256,1
9,1257,1
9,1258,1
9,1259,1
9,1260,1
9,1261,1
9,1262,1
9,1263,1
9,1264,1
9,1265,1
9,1266,1
9,1267,1
9,1268,1
9,1269,1
9,1270,1
9,1271,1
9,1272,1
9,1273,1
9,1274,1
9,1275,1
9,1276,1
9,1277,1
9,1278,1
9,1279,1
9,1280,1
9,1281,1
9,1282,1
9,1283,1
9,1284,1
9,1285,1
9,1286,1
9,1287,1
9,1288,1
9,1289,1
9,1290,1
9,1291,1
9,1292,1
9,1293,1
9,1294,1
9,1295,1
9,1296,1
9,1297,1
9,1298,1
9,1299,1
9,1300,1
9,1301,1
9,1302,1
9,1303,1
9,1304,1
9,1305,1
9,1306,1
9,1307,1
9,1308,1
9,1309,1
9,1310,1
9,1311,1
9,1312,1
9,1313,1
9,1314,1
9,1315,1
9,1316,1
9,1317,1
9,1318,1
9,1319,1
9,1320,1
9,1321,1
9,1322,1
9,1323,1
9,1324,1
9,1325,1
9,1326,1
9,1327,1
9,1328,1
9,1329,1
9,1330,1
9,1331,1
9,1332,1
9,1333,1
9,1334,1
9,1335,1
9,1336,1
9,1337,1
9,1338,1
9,1339,1
9,1340,1
9,1341,1
9,1342,1
9,1343,1
9,1344,1
9,1345,1
9,1346,1
9,1347,1
9,1348,1
9,1349,1
9,1350,1
9,1351,1
9,1352,1
9,1353,1
9,1354,1
9,1355,1
9,1356,1
9,1357,1
9,1358,1
9,1359,1
9,1360,1
9,1361,1
9,1362,1
9,1363,1
9,1364,1
9,1365,1
9,1366,1
9,1367,1
9,1368,1
9,1369,1
9,1370,1
9,1371,1
9,1372,1
9,1373,1
9,1374,1
9,1375,1
9,1376,1
9,1377,1
9,1378,1
9,1379,1
9,1380,1
9,1381,1
9,1382,1
9,1383,1
9,1384,1
9,1385,1
9,1386,1
9,1387,1
9,2069,3
10,8,1
10,10,2
10,15,1
10,19,1
10,20,1
10,28,2
10,36,1
10,52,1
10,62,1
10,65,1
10,87,1
10,91,2
10,97,1
10,98,1
10,115,1
10,129,1
10,134,1
10,143,1
10,148,1
10,181,1
10,182,1
10,190,1
10,227,1
10,228,1
10,241,1
10,242,1
10,243,1
10,244,1
10,307,1
10,319,1
10,327,1
10,328,1
10,346,1
10,349,1
10,350,1
10,352,1
10,357,1
10,359,1
10,360,1
10,362,1
10,363,1
10,364,1
10,366,1
10,367,1
10,374,1
10,383,1
10,385,1
10,420,1
10,452,1
10,534,1
10,546,1
10,547,1
10,549,1
10,550,1
10,551,1
10,553,1
10,554,1
10,616,1
10,630,1
10,635,1
10,636,1
10,638,1
10,639,1
10,665,1
10,671,1
10,730,1
10,731,1
10,780,1
10,781,1
10,789,1
10,790,1
10,791,1
10,847,1
10,858,1
10,859,1
10,860,1
10,861,1
10,888,1
10,889,1
10,898,1
10,916,1
10,1024,1
10,1033,1
10,1051,1
10,1115,1
10,1181,1
10,1280,1
10,1367,1
10,1388,1
10,1389,1
10,1390,1
10,1391,1
10,1392,1
10,1393,1
10,1394,1
10,1395,1
10,1396,1
10,1397,1
10,1398,1
10,1399,1
10,1400,1
10,1401,1
10,1402,1
10,1403,1
10,1404,1
10,1405,1
10,1406,1
10,1407,1
10,1408,1
10,1409,1
10,1410,1
10,1411,1
10,1412,1
10,1413,1
10,1414,1
10,1415,1
10,1416,1
10,1417,1
10,1418,1
10,1419,1
10,1420,1
10,1421,1
10,1422,1
10,1423,1
10,1424,1
10,1425,1
10,1426,1
10,1427,1
10,1428,1
10,1429,1
10,1430,1
10,1431,1
10,1432,1
10,1433,1
10,1434,1
10,1435,1
10,1436,1
10,1437,1
10,1438,1
10,1439,1
10,1440,1
10,1441,1
10,1442,1
10,1443,1
10,1644,3
10,1856,3
11,1,1
11,11,2
11,69,3
11,100,1
11,156,2
11,251,1
11,272,1
11,393,1
11,395,1
11,397,1
11,398,1
11,400,1
11,409,1
11,410,1
11,412,1
11,413,1
11,420,1
11,422,1
11,575,1
11,611,1
11,945,3
11,1033,1
11,1271,1
11,1444,1
11,1445,1
11,1446,1
11,1447,1
11,1448,1
11,1449,1
11,1450,1
11,1451,1
11,1452,1
11,1467,3
12,156,1
12,166,3
12,400,1
12,406,1
12,422,1
12,425,1
12,575,1
12,682,1
12,816,3
12,875,1
12,952,1
12,1069,1
12,1118,1
12,1142,3
12,1241,1
12,1325,1
12,1453,1
12,1454,1
12,1455,1
12,1456,1
1457,12,0
1458,12,0
1459,12,0
1460,12,0
1461,12,0
1462,12,0
1463,12,0
1464,12,0
1465,12,0
1466,12,0
1467,12,0
1468,12,0
1469,12,0
1470,12,0
3,13,0
13,13,2
28,13,0
46,13,0
116,13,0
457,13,0
13,471,3
573,13,0
574,13,0
578,13,0
867,13,0
871,13,0
1014,13,0
1093,13,0
1144,13,0
1315,13,0
1429,13,0
1471,13,0
1472,13,0
1473,13,0
1474,13,0
1475,13,0
1476,13,0
1477,13,0
1478,13,0
1479,13,0
1480,13,0
1481,13,0
1482,13,0
1483,13,0
1484,13,0
1485,13,0
1486,13,0
1487,13,0
1488,13,0
1489,13,0
1490,13,0
1491,13,0
1492,13,0
1493,13,0
1494,13,0
1495,13,0
1496,13,0
1497,13,0
1498,13,0
109,14,0
14,512,3
661,14,0
685,14,0
686,14,0
14,1009,3
1389,14,0
1390,14,0
1391,14,0
1499,14,0
1500,14,0
1501,14,0
1502,14,0
1503,14,0
1504,14,0
1505,14,0
1506,14,0
1507,14,0
1508,14,0
1509,14,0
1510,14,0
1511,14,0
1512,14,0
14,1836,3
14,2139,3
65,15,0
15,226,3
270,15,0
15,365,3
383,15,0
386,15,0
474,15,0
488,15,0
15,586,3
1417,15,0
1419,15,0
1420,15,0
1513,15,0
1514,15,0
1515,15,0
1516,15,0
1517,15,0
1518,15,0
15,1752,3
16,16,2
98,16,0
16,645,3
17,17,2
27,17,0
38,17,0
50,17,0
87,17,0
90,17,0
113,17,0
133,17,0
183,17,0
185,17,0
199,17,0
200,17,0
201,17,0
206,17,0
218,17,0
220,17,0
221,17,0
225,17,0
240,17,0
266,17,0
275,17,0
276,17,0
287,17,0
288,17,0
290,17,0
292,17,0
293,17,0
294,17,0
296,17,0
297,17,0
303,17,0
383,17,0
393,17,0
396,17,0
397,17,0
401,17,0
411,17,0
505,17,0
506,17,0
507,17,0
532,17,0
533,17,0
535,17,0
545,17,0
546,17,0
547,17,0
559,17,0
564,17,0
583,17,0
584,17,0
585,17,0
586,17,0
591,17,0
592,17,0
596,17,0
597,17,0
598,17,0
599,17,0
601,17,0
602,17,0
603,17,0
604,17,0
609,17,0
617,17,0
622,17,0
628,17,0
629,17,0
635,17,0
637,17,0
638,17,0
674,17,0
675,17,0
677,17,0
678,17,0
679,17,0
680,17,0
681,17,0
688,17,0
689,17,0
690,17,0
733,17,0
734,17,0
735,17,0
798,17,0
799,17,0
803,17,0
824,17,0
837,17,0
841,17,0
17,873,3
886,17,0
890,17,0
900,17,0
909,17,0
930,17,0
931,17,0
954,17,0
956,17,0
969,17,0
970,17,0
995,17,0
1034,17,0
1077,17,0
1120,17,0
1140,17,0
1144,17,0
1145,17,0
1174,17,0
17,1451,3
1519,17,0
1520,17,0
1521,17,0
1522,17,0
1523,17,0
1524,17,0
1525,17,0
1526,17,0
1527,17,0
1528,17,0
1529,17,0
1530,17,0
1531,17,0
1532,17,0
1533,17,0
1534,17,0
1535,17,0
1536,17,0
1537,17,0
1538,17,0
1539,17,0
1540,17,0
1541,17,0
1542,17,0
1543,17,0
1544,17,0
1545,17,0
1546,17,0
1547,17,0
1548,17,0
1549,17,0
1550,17,0
1551,17,0
1552,17,0
1553,17,0
1554,17,0
1555,17,0
1556,17,0
1557,17,0
1558,17,0
1559,17,0
1560,17,0
1561,17,0
1562,17,0
1563,17,0
1564,17,0
1565,17,0
1566,17,0
1567,17,0
1568,17,0
1569,17,0
18,1192,3
1570,18,0
1571,18,0
18,1816,3
18,2036,3
19,889,3
1407,19,0
2,20,0
11,20,0
29,20,0
20,38,2
60,20,0
63,20,0
64,20,0
98,20,0
108,20,0
130,20,0
134,20,0
138,20,0
141,20,0
165,20,0
172,20,0
174,20,0
175,20,0
177,20,0
202,20,0
224,20,0
258,20,0
266,20,0
273,20,0
274,20,0
306,20,0
307,20,0
319,20,0
320,20,0
327,20,0
338,20,0
347,20,0
348,20,0
349,20,0
352,20,0
353,20,0
354,20,0
355,20,0
361,20,0
362,20,0
363,20,0
366,20,0
367,20,0
368,20,0
374,20,0
385,20,0
396,20,0
417,20,0
420,20,0
421,20,0
422,20,0
429,20,0
434,20,0
441,20,0
444,20,0
445,20,0
456,20,0
508,20,0
527,20,0
530,20,0
533,20,0
538,20,0
539,20,0
555,20,0
556,20,0
626,20,0
628,20,0
633,20,0
656,20,0
705,20,0
722,20,0
788,20,0
837,20,0
847,20,0
852,20,0
889,20,0
891,20,0
914,20,0
959,20,0
997,20,0
999,20,0
1033,20,0
1052,20,0
1064,20,0
1065,20,0
1066,20,0
1073,20,0
1077,20,0
1109,20,0
1128,20,0
1145,20,0
1164,20,0
1197,20,0
1198,20,0
1225,20,0
1227,20,0
1238,20,0
1261,20,0
1290,20,0
1366,20,0
1374,20,0
1378,20,0
1380,20,0
1394,20,0
1396,20,0
1400,20,0
1403,20,0
1417,20,0
1418,20,0
1443,20,0
1485,20,0
1516,20,0
1517,20,0
1537,20,0
1538,20,0
1551,20,0
1552,20,0
1572,20,0
1573,20,0
1574,20,0
1575,20,0
1576,20,0
1577,20,0
1578,20,0
1579,20,0
1580,20,0
1581,20,0
1582,20,0
1583,20,0
1584,20,0
1585,20,0
1586,20,0
1587,20,0
1588,20,0
1589,20,0
1590,20,0
1591,20,0
1592,20,0
1593,20,0
1594,20,0
1595,20,0
1596,20,0
1597,20,0
1598,20,0
1599,20,0
1600,20,0
1601,20,0
1602,20,0
1603,20,0
1604,20,0
1605,20,0
1606,20,0
1607,20,0
1608,20,0
1609,20,0
1610,20,0
1611,20,0
1612,20,0
1613,20,0
1614,20,0
1615,20,0
1616,20,0
1617,20,0
1618,20,0
1619,20,0
1620,20,0
1621,20,0
1622,20,0
1623,20,0
1624,20,0
1625,20,0
1626,20,0
1627,20,0
1628,20,0
1629,20,0
1630,20,0
1631,20,0
1632,20,0
1633,20,0
1634,20,0
1635,20,0
1636,20,0
1637,20,0
1638,20,0
1639,20,0
1640,20,0
1641,20,0
1642,20,0
1643,20,0
1644,20,0
1645,20,0
1646,20,0
1647,20,0
1648,20,0
1649,20,0
1650,20,0
1651,20,0
1652,20,0
1653,20,0
1654,20,0
1655,20,0
1656,20,0
1657,20,0
1658,20,0
1659,20,0
1660,20,0
1661,20,0
1662,20,0
1663,20,0
1664,20,0
1665,20,0
1666,20,0
1667,20,0
1668,20,0
1669,20,0
1670,20,0
1671,20,0
1672,20,0
1673,20,0
1674,20,0
1675,20,0
1676,20,0
1677,20,0
1678,20,0
1679,20,0
1680,20,0
1681,20,0
1682,20,0
1683,20,0
1684,20,0
1685,20,0
1686,20,0
1687,20,0
1688,20,0
1689,20,0
1690,20,0
1691,20,0
1692,20,0
1693,20,0
1694,20,0
1695,20,0
1696,20,0
1697,20,0
1698,20,0
1699,20,0
20,1785,3
21,21,2
612,21,0
624,21,0
708,21,0
710,21,0
712,21,0
714,21,0
715,21,0
716,21,0
21,1024,3
496,22,0
499,22,0
500,22,0
501,22,0
502,22,0
531,22,0
566,22,0
567,22,0
568,22,0
612,22,0
624,22,0
709,22,0
710,22,0
711,22,0
712,22,0
713,22,0
715,22,0
716,22,0
22,1245,3
1700,22,0
1701,22,0
1702,22,0
23,23,2
1703,23,0
1704,23,0
1705,23,0
1706,23,0
1707,23,0
890,24,0
909,24,0
24,2038,3
24,2177,3
50,25,0
25,100,2
272,25,0
393,25,0
395,25,0
399,25,0
402,25,0
403,25,0
404,25,0
405,25,0
407,25,0
409,25,0
410,25,0
413,25,0
420,25,0
422,25,0
427,25,0
575,25,0
813,25,0
814,25,0
876,25,0
1417,25,0
1418,25,0
1419,25,0
1423,25,0
1445,25,0
1450,25,0
1708,25,0
1709,25,0
1710,25,0
1711,25,0
217,26,0
218,26,0
219,26,0
220,26,0
524,26,0
526,26,0
527,26,0
528,26,0
1455,26,0
1465,26,0
1467,26,0
1712,26,0
1713,26,0
1714,26,0
1715,26,0
1716,26,0
1717,26,0
1718,26,0
1719,26,0
27,27,2
27,143,3
27,663,3
27,1341,3
1553,27,0
1563,27,0
1564,27,0
28,28,2
28,29,2
28,31,3
28,52,2
28,256,3
270,28,0
383,28,0
28,404,3
28,533,3
656,28,0
915,28,0
916,28,0
1288,28,0
28,1405,3
1417,28,0
1423,28,0
1516,28,0
1575,28,0
1679,28,0
1720,28,0
1721,28,0
1722,28,0
1723,28,0
1724,28,0
1725,28,0
29,52,2
270,29,0
915,29,0
916,29,0
1417,29,0
1419,29,0
1516,29,0
1026,30,0
1027,30,0
1028,30,0
30,1168,3
30,1608,3
30,1655,3
31,698,3
31,802,3
1726,31,0
1727,31,0
14,32,0
24,32,0
29,32,0
32,32,2
52,32,0
65,32,0
32,266,3
402,32,0
404,32,0
412,32,0
32,517,3
795,32,0
887,32,0
1280,32,0
1417,32,0
1418,32,0
1420,32,0
1487,32,0
1728,32,0
1729,32,0
1730,32,0
1731,32,0
1732,32,0
1733,32,0
1734,32,0
1735,32,0
1736,32,0
1737,32,0
1738,32,0
1739,32,0
1740,32,0
112,33,0
158,33,0
164,33,0
175,33,0
190,33,0
195,33,0
196,33,0
197,33,0
217,33,0
218,33,0
219,33,0
220,33,0
221,33,0
235,33,0
236,33,0
237,33,0
243,33,0
247,33,0
249,33,0
275,33,0
282,33,0
283,33,0
284,33,0
287,33,0
288,33,0
289,33,0
290,33,0
291,33,0
292,33,0
295,33,0
296,33,0
297,33,0
389,33,0
390,33,0
518,33,0
519,33,0
521,33,0
522,33,0
523,33,0
525,33,0
526,33,0
527,33,0
529,33,0
532,33,0
533,33,0
552,33,0
555,33,0
556,33,0
557,33,0
558,33,0
575,33,0
611,33,0
617,33,0
618,33,0
620,33,0
622,33,0
627,33,0
629,33,0
647,33,0
648,33,0
650,33,0
651,33,0
676,33,0
677,33,0
678,33,0
680,33,0
682,33,0
683,33,0
693,33,0
695,33,0
697,33,0
699,33,0
700,33,0
702,33,0
727,33,0
728,33,0
1150,33,0
1541,33,0
1542,33,0
1546,33,0
1547,33,0
1566,33,0
33,1717,3
1741,33,0
1742,33,0
190,34,0
217,34,0
218,34,0
219,34,0
220,34,0
221,34,0
222,34,0
241,34,0
242,34,0
277,34,0
280,34,0
281,34,0
282,34,0
284,34,0
34,347,3
390,34,0
516,34,0
517,34,0
518,34,0
520,34,0
523,34,0
524,34,0
526,34,0
528,34,0
529,34,0
618,34,0
620,34,0
683,34,0
699,34,0
702,34,0
703,34,0
717,34,0
728,34,0
34,1094,3
34,1572,3
34,1857,3
35,35,2
35,152,3
35,368,3
35,459,3
35,758,3
972,35,0
973,35,0
974,35,0
975,35,0
979,35,0
980,35,0
982,35,0
1743,35,0
65,36,0
446,36,0
672,36,0
915,36,0
916,36,0
36,1037,3
1280,36,0
1317,36,0
1323,36,0
1422,36,0
1744,36,0
1745,36,0
1746,36,0
37,37,2
412,37,0
832,37,0
37,1563,3
1747,37,0
1748,37,0
37,1862,3
37,2155,3
134,38,0
183,38,0
184,38,0
223,38,0
246,38,0
250,38,0
263,38,0
264,38,0
267,38,0
340,38,0
424,38,0
432,38,0
561,38,0
633,38,0
748,38,0
900,38,0
1075,38,0
1108,38,0
1364,38,0
1388,38,0
1425,38,0
1426,38,0
1538,38,0
1633,38,0
1686,38,0
1749,38,0
1750,38,0
1751,38,0
1752,38,0
1753,38,0
1754,38,0
1755,38,0
1756,38,0
1757,38,0
1758,38,0
1759,38,0
1760,38,0
1761,38,0
1762,38,0
1763,38,0
1764,38,0
1765,38,0
1766,38,0
1767,38,0
1768,38,0
1769,38,0
1770,38,0
456,39,0
42,40,0
157,40,0
199,40,0
411,40,0
40,590,3
956,40,0
1119,40,0
1557,40,0
1570,40,0
40,1648,3
40,1684,3
1771,40,0
1772,40,0
1773,40,0
1774,40,0
1775,40,0
1776,40,0
1777,40,0
1513,41,0
1514,41,0
1516,41,0
1587,41,0
733,42,0
42,1726,3
198,43,0
211,43,0
245,43,0
254,43,0
304,43,0
393,43,0
460,43,0
1078,43,0
43,1473,3
1778,43,0
1779,43,0
135,44,0
754,44,0
755,44,0
756,44,0
822,44,0
829,44,0
830,44,0
831,44,0
839,44,0
840,44,0
911,44,0
914,44,0
1280,44,0
44,1616,3
1620,44,0
1679,44,0
1724,44,0
1780,44,0
1781,44,0
1782,44,0
1783,44,0
1784,44,0
45,45,2
663,45,0
717,45,0
45,745,3
45,1212,3
46,46,2
185,46,0
186,46,0
187,46,0
46,1030,3
1492,46,0
1494,46,0
1496,46,0
1788,47,0
1789,47,0
48,48,2
534,48,0
48,1495,3
1790,48,0
1791,48,0
49,72,3
1304,49,0
1796,49,0
1797,49,0
50,50,2
841,50,0
50,924,3
753,51,0
754,51,0
756,51,0
51,2147,3
185,52,0
188,52,0
189,52,0
270,52,0
52,361,3
562,52,0
563,52,0
915,52,0
916,52,0
52,1000,3
1051,52,0
1082,52,0
1164,52,0
1418,52,0
1420,52,0
1645,52,0
1708,52,0
54,53,0
926,53,0
936,53,0
1015,53,0
1471,53,0
53,1781,3
1847,53,0
912,54,0
936,54,0
941,54,0
942,54,0
1015,54,0
54,1211,3
55,56,2
670,55,0
729,55,0
875,55,0
943,55,0
952,55,0
56,56,2
873,56,0
952,56,0
994,56,0
56,2182,3
873,57,0
994,57,0
57,1511,3
934,58,0
1010,58,0
1011,58,0
1012,58,0
1013,58,0
1848,58,0
59,59,2
430,59,0
431,59,0
434,59,0
1849,59,0
1850,59,0
1851,59,0
1852,59,0
1853,59,0
1854,59,0
1855,59,0
59,1981,3
226,60,0
227,60,0
60,438,3
60,446,3
571,60,0
572,60,0
815,60,0
817,60,0
1856,60,0
146,61,0
185,61,0
186,61,0
188,61,0
189,61,0
61,317,3
451,61,0
535,61,0
536,61,0
776,61,0
61,1165,3
1514,61,0
1553,61,0
1555,61,0
1563,61,0
1587,61,0
1802,61,0
1857,61,0
1858,61,0
1859,61,0
1860,61,0
1861,61,0
1862,61,0
1863,61,0
1864,61,0
1865,61,0
1866,61,0
61,2019,3
561,62,0
562,62,0
633,62,0
63,63,2
98,63,0
385,63,0
63,840,3
937,63,0
938,63,0
939,63,0
954,63,0
973,63,0
975,63,0
976,63,0
982,63,0
1020,63,0
1021,63,0
63,1076,3
1115,63,0
1145,63,0
1368,63,0
1434,63,0
1436,63,0
1437,63,0
1438,63,0
1439,63,0
1440,63,0
1867,63,0
1868,63,0
1869,63,0
64,64,2
127,64,0
780,64,0
781,64,0
1394,64,0
1397,64,0
1399,64,0
1424,64,0
1870,64,0
19,65,0
65,65,2
218,65,0
221,65,0
222,65,0
915,65,0
916,65,0
1423,65,0
1519,65,0
1532,65,0
1871,65,0
66,66,2
741,66,0
743,66,0
744,66,0
745,66,0
746,66,0
66,864,3
877,66,0
878,66,0
66,935,3
1679,66,0
1724,66,0
1872,66,0
1873,66,0
1874,66,0
1875,66,0
67,234,3
901,67,0
902,67,0
68,68,2
68,445,3
825,68,0
826,68,0
192,69,0
194,69,0
69,446,3
458,69,0
460,69,0
752,69,0
865,69,0
866,69,0
905,69,0
968,69,0
69,1451,3
69,2157,3
70,70,2
70,216,3
560,70,0
70,579,3
631,70,0
645,70,0
70,1014,3
1556,70,0
28,71,0
71,71,2
383,71,0
71,439,3
862,71,0
885,71,0
1417,71,0
1418,71,0
1741,71,0
1742,71,0
71,1932,3
944,72,0
1002,72,0
1204,72,0
1876,72,0
1877,72,0
1878,72,0
1879,72,0
1880,72,0
234,73,0
384,73,0
391,73,0
392,73,0
73,1266,3
1395,73,0
73,1934,3
141,74,0
74,498,3
1881,74,0
1882,74,0
75,1243,3
1883,75,0
1884,75,0
1885,75,0
1886,75,0
1887,75,0
191,76,0
193,76,0
194,76,0
833,76,0
865,76,0
76,1539,3
77,78,2
230,77,0
231,77,0
789,77,0
790,77,0
791,77,0
828,77,0
911,77,0
77,2025,3
231,78,0
789,78,0
791,78,0
205,79,0
206,79,0
207,79,0
208,79,0
79,527,3
798,79,0
894,79,0
79,1297,3
80,596,3
812,80,0
813,80,0
814,80,0
81,81,2
149,81,0
1221,81,0
1224,81,0
81,1234,3
1373,81,0
1513,81,0
1529,81,0
1587,81,0
1778,81,0
1779,81,0
1784,81,0
1857,81,0
1858,81,0
1859,81,0
1861,81,0
1862,81,0
1863,81,0
1864,81,0
1888,81,0
1889,81,0
1890,81,0
1891,81,0
1892,81,0
1893,81,0
1894,81,0
1895,81,0
1896,81,0
1897,81,0
1898,81,0
1899,81,0
1900,81,0
1901,81,0
1902,81,0
1903,81,0
1904,81,0
1905,81,0
1906,81,0
1907,81,0
1908,81,0
1909,81,0
1910,81,0
1911,81,0
1912,81,0
1913,81,0
1914,81,0
1915,81,0
82,82,2
1069,82,0
1598,82,0
1916,82,0
83,83,2
183,83,0
184,83,0
211,83,0
252,83,0
560,83,0
580,83,0
581,83,0
631,83,0
1111,83,0
1112,83,0
1639,83,0
1735,83,0
1916,83,0
1917,83,0
1918,83,0
1919,83,0
1920,83,0
1921,83,0
1922,83,0
1923,83,0
1924,83,0
1925,83,0
1926,83,0
1927,83,0
1928,83,0
84,84,2
84,2076,3
85,85,2
1929,85,0
13,86,0
1930,86,0
219,87,0
221,87,0
222,87,0
1532,87,0
1533,87,0
87,1987,3
88,88,2
88,964,3
1040,88,0
1101,88,0
88,1538,3
88,1815,3
89,1891,3
1931,89,0
1932,89,0
1933,89,0
1934,89,0
90,325,3
90,625,3
90,938,3
1521,90,0
1523,90,0
90,1756,3
213,91,0
91,1277,3
91,1432,3
91,1827,3
92,135,3
1043,92,0
1935,92,0
1936,92,0
93,93,2
763,93,0
93,986,3
93,1091,3
765,94,0
766,94,0
94,1969,3
94,2010,3
95,95,2
95,412,3
782,95,0
783,95,0
784,95,0
785,95,0
95,2033,3
96,96,2
96,97,2
96,675,3
858,96,0
859,96,0
1024,96,0
97,97,2
858,97,0
859,97,0
1024,97,0
97,1133,3
8,98,0
98,98,2
181,98,0
182,98,0
633,98,0
98,836,3
1109,98,0
1245,98,0
1356,98,0
98,1569,3
1621,98,0
98,1879,3
1950,98,0
1951,98,0
1952,98,0
1953,98,0
1954,98,0
99,99,2
99,305,3
442,99,0
99,822,3
99,1349,3
99,2037,3
100,100,2
272,100,0
837,101,0
1955,101,0
1956,101,0
1957,101,0
842,102,0
843,102,0
844,102,0
845,102,0
846,102,0
102,863,3
1734,102,0
1735,102,0
1958,102,0
1959,102,0
1960,102,0
102,1998,3
103,103,2
401,103,0
103,497,3
103,967,3
1165,103,0
104,104,2
608,104,0
614,104,0
724,104,0
725,104,0
104,2080,3
607,105,0
608,105,0
723,105,0
724,105,0
106,106,2
106,143,2
106,257,3
106,267,3
106,318,3
469,106,0
480,106,0
481,106,0
482,106,0
106,899,3
1416,106,0
1604,106,0
1803,106,0
1826,106,0
1961,106,0
1962,106,0
1963,106,0
1964,106,0
1965,106,0
1966,106,0
1967,106,0
1968,106,0
1969,106,0
1970,106,0
1971,106,0
107,107,2
818,107,0
819,107,0
107,1960,3
108,108,2
108,147,3
108,1629,3
108,1812,3
661,109,0
684,109,0
686,109,0
1230,109,0
1506,109,0
1507,109,0
109,1684,3
110,229,3
1972,110,0
1973,110,0
110,2165,3
66,111,0
300,111,0
305,111,0
878,111,0
111,1074,3
111,1831,3
636,112,0
637,112,0
639,112,0
640,112,0
643,112,0
665,112,0
112,1500,3
113,113,2
113,364,3
1548,113,0
1549,113,0
29,114,0
55,114,0
114,114,2
250,114,0
460,114,0
492,114,0
550,114,0
732,114,0
114,813,3
862,114,0
863,114,0
1416,114,0
1588,114,0
1975,114,0
1976,114,0
1977,114,0
1978,114,0
1979,114,0
1980,114,0
1981,114,0
1982,114,0
1983,114,0
28,115,0
270,115,0
383,115,0
386,115,0
115,517,3
562,115,0
633,115,0
115,1655,3
116,116,2
961,116,0
963,116,0
117,1532,3
1984,117,0
1985,117,0
1986,117,0
1987,117,0
118,1559,3
118,1743,3
1847,118,0
118,2036,3
1236,119,0
119,1727,3
1988,119,0
1989,119,0
1990,119,0
1991,119,0
1992,119,0
1993,119,0
986,120,0
987,120,0
988,120,0
989,120,0
990,120,0
120,1375,3
120,1652,3
414,121,0
485,121,0
486,121,0
487,121,0
621,121,0
121,1892,3
122,122,2
122,223,3
122,1542,3
1996,122,0
122,2179,3
11,123,0
25,123,0
100,123,0
272,123,0
123,369,3
420,123,0
123,1032,3
124,124,2
183,124,0
184,124,0
116,125,0
421,125,0
751,125,0
1056,125,0
847,126,0
956,126,0
2016,126,0
2017,126,0
2018,126,0
126,2047,3
127,339,3
1023,127,0
127,1217,3
127,1731,3
2019,127,0
128,128,2
2020,128,0
2021,128,0
2022,128,0
2023,128,0
2024,128,0
2025,128,0
2026,128,0
106,129,0
469,129,0
479,129,0
481,129,0
1755,129,0
2027,129,0
2028,129,0
2029,129,0
129,2199,3
130,130,2
130,673,3
131,131,2
2030,131,0
2031,131,0
132,132,2
132,235,3
132,333,3
132,673,3
132,692,3
1942,132,0
1946,132,0
2032,132,0
2033,132,0
235,133,0
236,133,0
237,133,0
238,133,0
457,133,0
479,133,0
480,133,0
481,133,0
133,933,3
133,1396,3
1429,133,0
98,134,0
134,134,2
180,134,0
226,134,0
227,134,0
228,134,0
134,597,3
134,1695,3
134,1733,3
134,2136,3
226,135,0
228,135,0
537,135,0
135,883,3
135,1248,3
1780,135,0
2037,135,0
2038,135,0
2039,135,0
2040,135,0
2041,135,0
2042,135,0
2043,135,0
2044,135,0
2045,135,0
135,2115,3
412,136,0
137,137,2
2046,137,0
2047,137,0
138,791,3
138,1321,3
139,219,3
1358,139,0
2049,139,0
8,140,0
106,140,0
481,140,0
1212,140,0
140,1228,3
140,1978,3
2050,140,0
2051,140,0
2052,140,0
141,141,2
141,1661,3
142,142,2
142,144,3
1216,142,0
52,143,0
266,143,0
270,143,0
386,143,0
469,143,0
479,143,0
480,143,0
481,143,0
482,143,0
915,143,0
1417,143,0
1643,143,0
50,144,0
64,144,0
106,144,0
387,144,0
451,144,0
479,144,0
481,144,0
1395,144,0
1452,144,0
144,1751,3
1870,144,0
2057,144,0
2058,144,0
689,145,0
737,145,0
900,145,0
145,945,3
969,145,0
970,145,0
145,1701,3
146,951,3
146,1389,3
1514,146,0
1587,146,0
1858,146,0
1859,146,0
1860,146,0
1862,146,0
1863,146,0
1864,146,0
1865,146,0
147,147,2
147,526,3
780,148,0
781,148,0
1332,148,0
1617,148,0
2072,148,0
872,149,0
955,149,0
1280,149,0
2073,149,0
2074,149,0
150,150,2
1657,150,0
150,1691,3
1694,150,0
2081,150,0
2082,150,0
2083,150,0
151,151,2
2093,151,0
2094,151,0
9,152,0
109,152,0
152,152,2
202,152,0
424,152,0
488,152,0
489,152,0
646,152,0
656,152,0
152,1147,3
1279,152,0
152,1320,3
1388,152,0
1402,152,0
1426,152,0
1538,152,0
1588,152,0
1662,152,0
1682,152,0
1766,152,0
1767,152,0
1768,152,0
1769,152,0
152,2063,3
152,2065,3
2084,152,0
2095,152,0
2096,152,0
2097,152,0
2098,152,0
2099,152,0
2100,152,0
2101,152,0
2102,152,0
2103,152,0
2104,152,0
2105,152,0
2106,152,0
1,153,0
8,153,0
61,153,0
123,153,0
153,191,3
402,153,0
481,153,0
652,153,0
781,153,0
1034,153,0
1557,153,0
2003,153,0
2150,153,0
2151,153,0
2152,153,0
2153,153,0
154,1189,3
1265,154,0
1266,154,0
154,2151,3
2158,154,0
2159,154,0
2160,154,0
2161,154,0
947,155,0
948,155,0
949,155,0
1025,155,0
155,2041,3
6,156,0
83,156,0
156,156,2
168,156,0
185,156,0
188,156,0
201,156,0
224,156,0
225,156,0
240,156,0
156,344,3
346,156,0
405,156,0
409,156,0
441,156,0
457,156,0
505,156,0
506,156,0
507,156,0
508,156,0
509,156,0
534,156,0
549,156,0
553,156,0
554,156,0
561,156,0
563,156,0
565,156,0
597,156,0
598,156,0
601,156,0
603,156,0
611,156,0
615,156,0
616,156,0
652,156,0
656,156,0
671,156,0
731,156,0
757,156,0
767,156,0
768,156,0
769,156,0
770,156,0
774,156,0
775,156,0
777,156,0
779,156,0
781,156,0
811,156,0
967,156,0
1115,156,0
1182,156,0
1325,156,0
1367,156,0
1385,156,0
156,1403,3
1433,156,0
1434,156,0
1435,156,0
1436,156,0
1438,156,0
1439,156,0
1455,156,0
1463,156,0
1465,156,0
1466,156,0
1467,156,0
1470,156,0
1598,156,0
1713,156,0
1714,156,0
1718,156,0
1719,156,0
1800,156,0
1867,156,0
1868,156,0
1923,156,0
1982,156,0
156,2024,3
2034,156,0
2166,156,0
2167,156,0
2168,156,0
2169,156,0
2170,156,0
2171,156,0
2172,156,0
2173,156,0
2174,156,0
2175,156,0
2176,156,0
2177,156,0
2178,156,0
157,157,2
157,1438,3
1772,157,0
532,158,0
555,158,0
556,158,0
557,158,0
558,158,0
835,158,0
946,158,0
158,1987,3
159,1574,3
1831,159,0
2179,159,0
2180,159,0
2181,159,0
2182,159,0
2183,159,0
2184,159,0
2185,159,0
2186,159,0
2187,159,0
1524,160,0
160,1551,3
2188,160,0
2189,160,0
2190,160,0
161,420,3
161,448,3
872,161,0
510,162,0
511,162,0
512,162,0
2191,162,0
2192,162,0
163,448,3
1462,163,0
164,164,2
647,164,0
648,164,0
649,164,0
165,2029,3
165,2115,3
2193,165,0
267,166,0
166,462,3
1325,166,0
2194,166,0
1007,167,0
1008,167,0
1009,167,0
167,1939,3
82,168,0
1069,168,0
1118,168,0
1456,168,0
1531,168,0
168,1591,3
168,1756,3
2053,168,0
2054,168,0
2055,168,0
2195,168,0
2196,168,0
2197,168,0
2198,168,0
169,371,3
1004,169,0
170,170,2
170,279,3
1086,170,0
1346,170,0
1545,170,0
2199,170,0
226,171,0
845,171,0
958,171,0
171,2021,3
2200,171,0
172,390,3
2201,172,0
173,599,3
173,1597,3
2147,173,0
2202,173,0
396,174,0
174,431,3
705,174,0
174,751,3
1300,174,0
174,1716,3
2056,174,0
174,2123,3
2203,174,0
2204,174,0
176,446,3
178,1106,3
178,1816,3
179,1302,3
180,339,3
180,1490,3
181,1755,3
183,2041,3
184,1153,3
185,686,3
185,939,3
185,1886,3
187,1657,3
188,333,3
188,1113,3
188,1385,3
191,2124,3
192,769,3
192,1203,3
193,775,3
195,718,3
196,1151,3
196,1704,3
197,212,3
197,292,3
197,800,3
199,1560,3
199,2117,3
200,538,3
201,1578,3
202,1071,3
202,1873,3
203,380,3
203,436,3
204,2089,3
204,2154,3
205,476,3
205,1412,3
206,523,3
206,1019,3
207,432,3
207,1444,3
207,1893,3
207,2025,3
208,1007,3
209,1377,3
209,1468,3
213,695,3
213,2070,3
214,698,3
215,434,3
215,565,3
216,542,3
216,939,3
216,1044,3
217,390,3
218,479,3
218,1534,3
218,1593,3
218,1665,3
221,271,3
221,1115,3
222,1267,3
223,2108,3
224,1636,3
225,584,3
225,1140,3
225,1545,3
226,419,3
226,523,3
227,442,3
228,1420,3
228,2134,3
230,1073,3
231,246,3
231,467,3
231,1306,3
232,690,3
233,1140,3
233,1631,3
234,1937,3
235,293,3
236,315,3
236,2187,3
240,2145,3
242,1534,3
243,1647,3
244,306,3
244,1592,3
245,607,3
246,1106,3
247,284,3
247,415,3
247,1195,3
248,1122,3
249,884,3
249,1138,3
250,1748,3
251,1492,3
251,1774,3
252,1949,3
255,2037,3
257,768,3
257,953,3
257,1683,3
258,264,3
258,854,3
258,1583,3
258,2107,3
261,456,3
261,1307,3
261,1404,3
261,1845,3
263,767,3
263,1008,3
264,466,3
264,1184,3
264,1948,3
265,371,3
265,1292,3
266,351,3
267,554,3
267,798,3
267,1061,3
268,1585,3
268,1599,3
269,1443,3
269,1533,3
270,1177,3
270,2031,3
271,812,3
271,1315,3
271,1892,3
272,2035,3
274,989,3
274,1276,3
277,1782,3
277,1955,3
279,725,3
280,328,3
280,376,3
281,1331,3
285,934,3
285,1020,3
286,2046,3
289,1375,3
290,397,3
290,994,3
290,2071,3
290,2082,3
291,521,3
292,2102,3
293,497,3
293,2204,3
296,315,3
296,650,3
298,1133,3
298,2009,3
300,762,3
300,1031,3
301,726,3
301,912,3
302,506,3
302,1362,3
302,1376,3
302,2108,3
303,990,3
303,1112,3
304,1271,3
304,1441,3
307,438,3
308,514,3
308,1611,3
309,1094,3
310,691,3
310,2097,3
311,2123,3
312,1035,3
312,2182,3
313,753,3
315,413,3
315,839,3
315,1342,3
315,1871,3
316,1858,3
316,2063,3
317,1098,3
317,1647,3
318,1199,3
320,1637,3
321,529,3
322,1437,3
322,1999,3
323,533,3
323,1157,3
323,1533,3
324,1074,3
325,571,3
325,788,3
325,1333,3
325,1511,3
326,1128,3
326,1637,3
328,2003,3
329,952,3
329,1840,3
329,1883,3
330,367,3
330,1430,3
331,1072,3
332,1535,3
333,889,3
333,1467,3
334,1371,3
334,1579,3
335,1561,3
337,662,3
337,848,3
337,1030,3
339,1147,3
339,1822,3
341,1107,3
342,1268,3
343,1954,3
344,1468,3
345,645,3
345,823,3
345,1367,3
346,492,3
346,970,3
347,455,3
347,668,3
347,1115,3
347,1890,3
347,2084,3
347,2113,3
348,463,3
348,680,3
348,1319,3
348,1418,3
348,1870,3
348,2146,3
349,570,3
352,1240,3
354,362,3
354,1010,3
354,1546,3
357,918,3
357,1754,3
358,458,3
358,604,3
358,1345,3
358,1470,3
360,482,3
360,1751,3
363,547,3
363,813,3
364,1580,3
365,446,3
366,865,3
366,1758,3
367,1272,3
368,1783,3
368,1945,3
368,2006,3
369,521,3
369,1954,3
370,1082,3
370,1330,3
371,583,3
371,900,3
373,683,3
373,872,3
373,987,3
373,1021,3
373,1745,3
374,1073,3
374,2050,3
375,838,3
376,1791,3
377,489,3
377,1823,3
381,1211,3
382,1177,3
383,686,3
383,1425,3
385,1417,3
386,1164,3
387,731,3
387,2155,3
388,1072,3
388,1761,3
389,1976,3
389,2078,3
390,1287,3
390,1586,3
390,1826,3
391,1352,3
392,565,3
392,1632,3
392,1730,3
392,1767,3
393,727,3
393,1470,3
394,672,3
394,879,3
395,1017,3
395,1831,3
396,1153,3
396,1174,3
397,587,3
397,1095,3
399,930,3
400,916,3
401,494,3
401,718,3
401,1249,3
401,1836,3
401,2045,3
402,1640,3
404,1773,3
405,1554,3
405,2032,3
406,1584,3
407,410,3
407,450,3
407,1370,3
407,1484,3
408,1581,3
408,1770,3
409,878,3
409,1020,3
409,1631,3
410,1059,3
411,1913,3
412,489,3
413,1961,3
413,2129,3
414,569,3
414,1060,3
414,2079,3
417,535,3
417,753,3
419,1767,3
420,1578,3
421,1004,3
421,1621,3
422,1070,3
422,1735,3
423,1161,3
423,2162,3
424,456,3
424,986,3
425,674,3
426,527,3
426,807,3
426,1463,3
428,1126,3
428,2044,3
430,1407,3
431,1886,3
432,818,3
432,1329,3
432,2061,3
433,524,3
434,999,3
434,1252,3
435,860,3
435,1005,3
437,2127,3
439,668,3
439,896,3
439,1796,3
440,523,3
440,1252,3
442,1339,3
443,1540,3
444,540,3
444,551,3
445,968,3
445,2049,3
446,483,3
447,1196,3
448,2038,3
449,692,3
449,1049,3
449,2027,3
451,912,3
452,1107,3
453,2044,3
455,1046,3
455,1665,3
455,1977,3
456,588,3
457,1356,3
457,1429,3
459,1504,3
459,1748,3
460,1985,3
461,1887,3
463,872,3
464,612,3
464,1844,3
466,951,3
467,687,3
467,2031,3
468,670,3
468,1488,3
469,1932,3
470,1180,3
471,1128,3
471,1735,3
472,1612,3
474,1058,3
475,1959,3
476,1030,3
477,848,3
477,1597,3
478,1805,3
478,2166,3
479,678,3
479,1260,3
481,648,3
482,1839,3
483,1795,3
484,699,3
484,1255,3
488,588,3
488,1417,3
490,1137,3
491,1843,3
492,585,3
492,1045,3
494,1008,3
494,1236,3
494,1885,3
495,616,3
495,1072,3
495,1881,3
496,1081,3
496,1156,3
496,2128,3
496,2155,3
498,1198,3
498,2119,3
499,662,3
499,1732,3
500,2101,3
502,523,3
503,1531,3
504,2158,3
506,1748,3
506,1881,3
508,697,3
510,1637,3
511,706,3
513,1857,3
514,1104,3
514,1131,3
516,1482,3
518,1005,3
519,637,3
519,1357,3
520,2150,3
523,871,3
523,1706,3
524,647,3
524,945,3
524,981,3
525,624,3
525,698,3
527,614,3
531,1574,3
531,1776,3
534,1179,3
534,1772,3
535,1579,3
538,1050,3
539,582,3
539,1585,3
540,782,3
541,836,3
541,1271,3
543,1560,3
543,2018,3
544,997,3
544,1087,3
544,1549,3
544,1565,3
544,1869,3
544,1965,3
545,853,3
545,1572,3
546,1320,3
547,871,3
548,1970,3
548,2072,3
549,873,3
549,1137,3
550,1890,3
551,639,3
551,726,3
552,832,3
554,1459,3
555,1493,3
556,1153,3
557,1537,3
557,1674,3
560,1540,3
563,1488,3
563,2150,3
564,995,3
564,1630,3
565,1195,3
565,1535,3
565,1583,3
565,1734,3
566,1886,3
567,1768,3
567,1890,3
568,1605,3
569,1215,3
569,1737,3
571,1666,3
572,1326,3
573,763,3
573,1102,3
574,766,3
577,685,3
577,958,3
577,1481,3
578,1106,3
578,1501,3
579,958,3
579,2107,3
580,1230,3
580,1684,3
580,1947,3
580,2086,3
581,1463,3
584,671,3
584,1889,3
585,1561,3
587,697,3
587,2093,3
589,675,3
589,1068,3
589,1220,3
589,1782,3
589,2044,3
590,928,3
590,1318,3
591,1685,3
592,963,3
593,1368,3
594,979,3
596,2128,3
598,1535,3
600,1457,3
600,2101,3
601,1982,3
603,2052,3
604,1591,3
605,1842,3
606,769,3
607,812,3
609,1421,3
609,1763,3
610,621,3
611,721,3
611,1433,3
612,2050,3
612,2072,3
613,1757,3
614,2147,3
615,1189,3
615,1277,3
615,1857,3
616,1872,3
616,2114,3
618,1096,3
618,1317,3
619,1560,3
620,1551,3
621,1645,3
622,2098,3
622,2183,3
624,1506,3
624,2186,3
625,701,3
625,2042,3
626,1392,3
626,2171,3
628,702,3
628,1878,3
630,713,3
631,739,3
632,1291,3
633,802,3
633,805,3
634,891,3
634,1315,3
634,1381,3
637,1093,3
639,1981,3
640,1338,3
641,2156,3
642,1574,3
643,1267,3
643,1301,3
645,1294,3
647,796,3
647,1045,3
648,1265,3
649,1425,3
649,1953,3
651,976,3
651,1064,3
651,1322,3
655,1326,3
655,1941,3
657,784,3
657,1030,3
658,2195,3
659,1192,3
660,1461,3
661,1821,3
662,1879,3
664,1394,3
665,1389,3
665,1848,3
667,1018,3
668,930,3
668,2148,3
669,1237,3
669,1910,3
671,751,3
671,959,3
671,1820,3
674,978,3
675,953,3
676,1152,3
676,1935,3
676,1937,3
676,2087,3
677,855,3
678,1514,3
679,997,3
679,1086,3
679,1322,3
679,1871,3
679,2096,3
680,1812,3
681,1462,3
681,1552,3
681,1808,3
683,1814,3
684,861,3
684,1001,3
685,1109,3
686,1718,3
687,1919,3
689,1480,3
689,1541,3
689,1809,3
689,1916,3
690,1710,3
692,866,3
693,781,3
694,711,3
694,2103,3
695,1553,3
695,1676,3
696,1983,3
696,2190,3
698,2057,3
699,1830,3
702,1031,3
702,1042,3
702,1709,3
703,1370,3
703,1886,3
704,1062,3
706,1158,3
707,1857,3
708,851,3
708,1242,3
708,1797,3
711,1638,3
713,1464,3
713,2147,3
715,1868,3
717,961,3
718,1396,3
720,815,3
721,1613,3
721,1873,3
723,819,3
724,894,3
727,1735,3
728,1314,3
728,1780,3
729,1538,3
730,1800,3
730,1912,3
732,1998,3
732,2029,3
733,930,3
733,1758,3
734,1245,3
734,1786,3
736,2042,3
738,837,3
738,1364,3
738,1471,3
739,1712,3
742,1427,3
743,1322,3
744,1171,3
744,1305,3
744,1467,3
744,1990,3
745,1618,3
745,1632,3
746,1422,3
747,1780,3
748,1993,3
750,1947,3
751,1287,3
752,835,3
753,1151,3
753,2094,3
755,798,3
755,942,3
756,978,3
756,2196,3
757,1117,3
761,1624,3
762,858,3
762,1418,3
762,1638,3
763,2053,3
764,1587,3
766,1762,3
767,858,3
768,2078,3
769,2021,3
771,1745,3
771,1980,3
772,1362,3
772,1397,3
772,2103,3
773,989,3
775,1102,3
775,1637,3
776,1370,3
777,1985,3
780,1501,3
782,1202,3
783,957,3
784,1303,3
784,1323,3
785,1483,3
785,1535,3
788,793,3
791,1875,3
792,828,3
793,1214,3
793,1767,3
794,1966,3
795,1778,3
796,1626,3
796,1904,3
797,1709,3
799,1270,3
799,1778,3
800,1676,3
804,1057,3
804,1327,3
804,1341,3
804,1421,3
805,2137,3
806,1743,3
809,1262,3
809,1347,3
809,1550,3
809,1978,3
811,1740,3
813,1237,3
813,1449,3
814,1260,3
815,2176,3
816,1227,3
819,936,3
819,1146,3
819,2126,3
820,1951,3
821,1857,3
821,2052,3
822,1016,3
823,1811,3
824,1468,3
824,1566,3
826,1684,3
827,1032,3
828,1091,3
829,1690,3
830,871,3
832,1447,3
833,1344,3
833,2061,3
833,2093,3
834,975,3
837,1727,3
841,1220,3
842,901,3
842,2112,3
843,2099,3
843,2110,3
845,1126,3
845,1239,3
845,1581,3
846,1733,3
847,1473,3
848,1962,3
849,968,3
849,1157,3
849,1367,3
849,1465,3
850,1502,3
850,1841,3
850,2111,3
852,1719,3
853,1331,3
856,1199,3
860,1072,3
861,1872,3
861,1972,3
862,1328,3
863,1581,3
865,1664,3
867,1020,3
867,1134,3
871,2056,3
873,2051,3
874,1151,3
874,1284,3
879,1084,3
882,1156,3
882,1273,3
882,1580,3
882,1786,3
885,1179,3
885,1302,3
887,905,3
890,905,3
890,1817,3
891,1388,3
891,1880,3
892,1698,3
894,1842,3
894,1937,3
897,2058,3
898,1253,3
899,1046,3
901,1490,3
901,1893,3
903,982,3
903,1745,3
907,1574,3
908,1331,3
909,1484,3
911,1418,3
914,2147,3
915,1126,3
915,1220,3
915,1771,3
918,973,3
924,1717,3
925,1156,3
925,2026,3
925,2179,3
926,1127,3
929,1233,3
929,1235,3
929,1572,3
929,1711,3
929,1802,3
931,1436,3
932,1392,3
932,1726,3
933,2176,3
935,1293,3
936,1249,3
936,1631,3
939,1508,3
943,1991,3
944,2184,3
945,1773,3
946,1278,3
946,1353,3
946,1809,3
947,1686,3
949,1634,3
949,1811,3
950,1795,3
953,2013,3
954,1281,3
954,1594,3
954,2107,3
955,1707,3
956,2166,3
961,1861,3
962,1723,3
967,1514,3
968,1089,3
968,1694,3
970,1550,3
970,1557,3
970,2159,3
971,1057,3
971,1201,3
971,1840,3
973,1307,3
974,2111,3
978,1163,3
978,1766,3
979,2104,3
980,1710,3
982,1108,3
983,1495,3
983,2033,3
984,1029,3
988,1963,3
989,1649,3
990,2036,3
991,1023,3
992,1115,3
992,1972,3
993,1119,3
993,1270,3
993,2187,3
994,1625,3
994,2183,3
996,1503,3
996,1718,3
998,2194,3
999,1074,3
999,1213,3
999,2045,3
1000,1148,3
1000,1456,3
1002,2007,3
1003,1100,3
1003,1731,3
1003,1852,3
1004,1077,3
1007,1102,3
1007,2122,3
1011,1730,3
1013,1628,3
1013,2178,3
1014,1106,3
1014,1204,3
1016,1272,3
1017,2051,3
1017,2106,3
1018,1469,3
1019,1501,3
1021,1593,3
1023,2060,3
1024,1337,3
1025,1520,3
1028,1237,3
1028,1896,3
1034,1106,3
1034,1990,3
1035,1140,3
1042,1854,3
1044,1734,3
1045,1466,3
1045,1799,3
1046,1285,3
1047,1593,3
1049,1212,3
1050,1643,3
1054,1228,3
1054,1399,3
1055,1497,3
1056,1846,3
1059,1467,3
1060,1204,3
1062,1521,3
1063,1189,3
1064,1758,3
1066,1392,3
1066,1797,3
1067,1137,3
1067,1505,3
1068,1759,3
1068,2027,3
1069,1706,3
1072,1200,3
1073,1671,3
1073,1818,3
1074,1171,3
1075,1606,3
1076,1705,3
1077,1697,3
1081,1101,3
1081,1593,3
1082,1217,3
1082,1680,3
1083,1894,3
1083,2014,3
1084,1982,3
1085,1520,3
1085,1947,3
1086,1431,3
1086,1800,3
1087,1945,3
1090,2123,3
1092,1721,3
1093,1853,3
1095,2167,3
1096,2093,3
1098,1351,3
1098,1992,3
1099,1949,3
1100,2047,3
1103,1284,3
1104,1598,3
1105,1644,3
1105,1715,3
1105,1759,3
1107,1363,3
1107,1885,3
1108,2002,3
1109,1219,3
1115,1547,3
1115,2123,3
1117,1265,3
1118,1179,3
1118,1267,3
1119,1730,3
1119,1784,3
1119,1873,3
1123,2171,3
1126,1999,3
1127,1753,3
1128,2101,3
1129,1316,3
1129,1369,3
1129,1734,3
1129,2119,3
1130,1943,3
1132,1462,3
1140,1760,3
1141,1755,3
1142,1668,3
1143,1332,3
1145,1208,3
1147,1154,3
1148,1712,3
1149,1377,3
1149,1837,3
1151,1155,3
1154,2090,3
1155,2014,3
1155,2102,3
1159,2121,3
1160,2154,3
1162,1588,3
1165,1888,3
1166,1615,3
1166,1774,3
1167,1675,3
1171,1395,3
1173,1665,3
1173,1790,3
1176,1503,3
1176,2073,3
1177,1777,3
1178,2197,3
1181,1828,3
1181,2136,3
1187,1239,3
1188,1717,3
1189,1799,3
1194,1390,3
1194,1884,3
1194,1974,3
1196,1857,3
1197,1632,3
1199,1375,3
1200,1245,3
1202,1430,3
1202,2186,3
1203,2036,3
1204,2114,3
1206,1541,3
1212,1859,3
1213,1583,3
1216,2165,3
1217,1322,3
1218,1910,3
1219,1371,3
1219,1944,3
1219,2007,3
1221,1971,3
1223,1405,3
1225,1399,3
1225,1795,3
1227,1430,3
1229,1266,3
1233,1701,3
1234,1797,3
1236,1619,3
1241,1414,3
1244,2004,3
1246,1375,3
1246,2067,3
1248,2069,3
1252,1990,3
1255,1862,3
1257,1533,3
1257,2119,3
1260,1671,3
1260,2080,3
1261,1316,3
1261,1880,3
1266,2000,3
1268,1806,3
1270,1998,3
1271,2141,3
1272,1401,3
1273,1877,3
1274,1355,3
1274,1886,3
1279,1533,3
1282,1302,3
1283,1533,3
1283,1906,3
1286,2050,3
1286,2186,3
1293,1494,3
1293,1513,3
1294,1655,3
1294,1991,3
1295,1715,3
1298,1362,3
1298,1686,3
1298,2153,3
1300,1479,3
1300,1903,3
1300,1906,3
1301,1478,3
1307,1910,3
1308,1647,3
1310,1423,3
1310,1546,3
1311,1404,3
1311,1954,3
1314,2195,3
1317,1627,3
1317,1900,3
1318,1747,3
1320,2054,3
1324,2167,3
1325,1981,3
1327,2136,3
1328,1631,3
1328,1692,3
1331,1930,3
1333,1647,3
1339,1985,3
1343,2182,3
1345,1870,3
1345,2145,3
1347,2079,3
1350,1822,3
1353,1391,3
1355,1996,3
1356,1738,3
1361,1567,3
1368,1783,3
1369,1779,3
1369,1851,3
1370,1611,3
1373,1410,3
1375,1675,3
1376,1889,3
1377,1530,3
1378,1391,3
1378,1542,3
1378,2049,3
1379,1449,3
1379,1564,3
1381,1923,3
1387,1502,3
1387,1919,3
1394,1623,3
1398,1581,3
1399,1818,3
1399,2168,3
1405,2009,3
1405,2185,3
1407,2012,3
1409,1587,3
1410,1791,3
1410,1913,3
1411,1734,3
1411,2064,3
1412,1562,3
1414,1879,3
1418,1843,3
1418,1852,3
1420,1785,3
1421,2009,3
1423,1543,3
1423,1925,3
1423,2105,3
1425,1850,3
1426,1703,3
1427,2069,3
1430,1933,3
1430,2119,3
1437,2020,3
1439,1487,3
1440,1860,3
1443,2174,3
1445,2181,3
1446,2121,3
1447,1688,3
1447,1979,3
1448,1743,3
1448,1855,3
1449,1520,3
1449,1587,3
1452,1757,3
1455,1563,3
1455,2024,3
1457,2147,3
1458,1645,3
1459,1861,3
1460,2158,3
1462,1645,3
1462,1808,3
1463,1779,3
1467,1594,3
1467,1932,3
1467,2090,3
1468,1652,3
1470,1977,3
1472,1613,3
1474,2124,3
1484,1669,3
1485,1511,3
1485,1528,3
1486,1522,3
1486,1848,3
1487,2183,3
1492,1497,3
1492,2017,3
1497,2171,3
1498,1604,3
1499,2198,3
1502,2053,3
1504,2164,3
1506,1916,3
1511,2086,3
1512,2181,3
1515,2165,3
1516,1826,3
1516,1934,3
1519,2114,3
1521,1610,3
1522,1880,3
1523,2131,3
1524,2127,3
1526,1918,3
1527,1884,3
1527,2141,3
1528,1615,3
1531,1735,3
1533,2043,3
1536,1857,3
1537,1792,3
1539,1902,3
1542,1560,3
1542,2105,3
1547,1628,3
1548,2009,3
1548,2187,3
1552,2021,3
1555,1679,3
1556,1908,3
1558,1597,3
1558,1991,3
1559,1977,3
1559,2145,3
1560,1817,3
1561,1752,3
1562,2086,3
1563,2009,3
1565,1595,3
1565,1739,3
1565,1945,3
1567,1637,3
1569,1635,3
1574,2035,3
1575,1658,3
1579,2043,3
1579,2097,3
1581,1590,3
1582,2115,3
1585,2103,3
1586,2064,3
1587,2019,3
1589,1609,3
1591,1596,3
1593,2194,3
1595,1810,3
1602,1689,3
1602,1714,3
1603,1805,3
1605,1795,3
1605,1908,3
1605,2033,3
1605,2115,3
1606,1978,3
1607,1947,3
1608,1773,3
1608,2110,3
1611,2183,3
1618,1730,3
1624,1688,3
1627,2109,3
1629,2090,3
1637,1964,3
1638,1748,3
1638,1866,3
1638,2000,3
1644,1711,3
1647,1989,3
1649,1703,3
1654,2173,3
1662,1691,3
1664,1938,3
1667,1796,3
1668,1888,3
1674,1883,3
1674,2115,3
1688,1809,3
1692,2104,3
1693,1845,3
1693,2188,3
1695,1999,3
1696,1711,3
1696,1783,3
1699,2108,3
1699,2162,3
1710,1750,3
1713,2049,3
1716,1786,3
1718,2003,3
1722,2167,3
1723,2122,3
1724,1975,3
1725,1770,3
1729,2059,3
1736,1832,3
1740,1830,3
1742,1878,3
1748,1918,3
1751,1850,3
1758,1777,3
1763,2013,3
1771,1886,3
1776,1806,3
1779,2151,3
1784,1984,3
1788,1905,3
1788,2145,3
1797,1910,3
1797,2140,3
1801,2083,3
1802,2108,3
1810,1938,3
1812,2199,3
1819,2112,3
1822,1828,3
1826,1965,3
1827,2175,3
1830,1925,3
1833,1870,3
1838,2004,3
1840,1901,3
1840,1923,3
1844,1919,3
1845,2079,3
1845,2127,3
1848,1992,3
1851,1868,3
1851,2085,3
1855,1895,3
1863,1960,3
1870,2009,3
1881,1998,3
1882,1932,3
1883,2065,3
1914,2032,3
1915,2164,3
1919,2150,3
1922,2187,3
1926,1958,3
1929,2117,3
1934,2066,3
1936,2059,3
1959,2053,3
1970,2107,3
1978,2198,3
1984,2006,3
1985,2121,3
1990,2134,3
1990,2142,3
2006,2097,3
2008,2135,3
2020,2029,3
2024,2187,3
2025,2187,3
2033,2174,3
2035,2152,3
2065,2092,3
2071,2125,3
2075,2122,3
2075,2125,3
2081,2091,3
2083,2112,3
2092,2199,3
2100,2166,3
2161,2193,3
