0,10,1
0,25,1
0,27,1
0,28,1
0,43,1
0,91,1
0,100,1
0,111,1
0,152,1
0,175,1
0,176,1
0,177,1
0,178,1
0,179,1
0,180,1
0,181,1
0,182,1
0,183,1
0,184,1
0,185,1
0,186,1
0,187,1
0,188,1
0,189,1
0,190,1
0,191,1
0,192,1
0,193,1
0,194,1
0,195,1
0,196,1
0,197,1
0,198,1
0,199,1
0,200,1
0,201,1
0,202,1
0,203,1
0,204,1
0,205,1
0,206,1
0,207,1
0,208,1
0,209,1
0,210,1
0,211,1
0,212,1
0,213,1
0,214,1
0,215,1
0,216,1
0,217,1
0,218,1
0,219,1
0,220,1
0,221,1
0,222,1
0,223,1
0,224,1
0,225,1
0,226,1
0,227,1
0,228,1
0,229,1
0,230,1
0,231,1
0,232,1
0,233,1
0,234,1
0,235,1
0,236,1
0,237,1
0,238,1
0,239,1
0,240,1
0,241,1
0,242,1
0,243,1
0,244,1
0,245,1
0,246,1
0,247,1
0,248,1
0,249,1
0,250,1
0,251,1
0,252,1
0,253,1
0,254,1
0,255,1
0,256,1
0,257,1
0,258,1
0,259,1
0,260,1
0,261,1
0,262,1
0,263,1
0,264,1
0,265,1
0,266,1
0,267,1
0,268,1
0,269,1
0,270,1
0,271,1
0,272,1
0,273,1
0,274,1
0,275,1
0,276,1
0,277,1
0,278,1
0,279,1
0,280,1
0,281,1
0,282,1
0,283,1
0,284,1
0,285,1
0,286,1
0,287,1
0,288,1
0,289,1
0,290,1
0,291,1
0,292,1
0,293,1
0,294,1
0,295,1
0,296,1
0,297,1
0,298,1
0,299,1
0,300,1
0,301,1
0,302,1
0,303,1
0,304,1
0,305,1
0,306,1
0,307,1
0,308,1
0,309,1
0,310,1
0,311,1
0,312,1
0,313,1
0,314,1
0,315,1
0,316,1
0,317,1
0,318,1
0,319,1
0,320,1
0,321,1
0,322,1
0,323,1
0,324,1
0,325,1
0,326,1
0,327,1
0,328,1
0,329,1
0,330,1
0,331,1
0,332,1
0,333,1
0,334,1
0,335,1
0,336,1
0,337,1
0,338,1
0,339,1
0,340,1
0,341,1
0,342,1
0,343,1
0,344,1
0,345,1
0,346,1
0,347,1
0,348,1
0,349,1
0,350,1
0,351,1
0,352,1
0,353,1
0,354,1
0,355,1
0,356,1
0,357,1
0,358,1
0,359,1
0,360,1
0,361,1
0,362,1
0,363,1
0,364,1
0,365,1
0,366,1
0,367,1
0,368,1
0,369,1
0,370,1
0,371,1
0,372,1
0,373,1
0,374,1
0,375,1
0,376,1
0,377,1
0,378,1
0,379,1
0,380,1
0,381,1
0,382,1
0,383,1
0,384,1
0,385,1
0,386,1
0,387,1
0,388,1
0,389,1
0,390,1
0,391,1
0,392,1
0,1194,3
0,1781,3
1,199,1
1,200,1
1,235,1
1,269,1
1,272,1
1,278,1
1,279,1
1,297,3
1,380,3
1,393,1
1,394,1
1,395,1
1,396,1
1,397,1
1,398,1
1,399,1
1,400,1
1,401,1
1,402,1
1,403,1
1,404,1
1,405,1
1,406,1
1,407,1
1,408,1
1,409,1
1,410,1
1,411,1
1,412,1
1,413,1
1,414,1
1,415,1
1,416,1
1,417,1
1,418,1
1,419,1
1,420,1
1,421,1
1,422,1
1,423,1
1,424,1
1,425,1
1,426,1
1,427,1
1,1235,3
1,1412,3
1,1840,3
2,282,3
2,428,1
2,429,1
2,430,1
2,431,1
2,432,1
2,433,1
2,434,1
2,435,1
2,436,1
2,437,1
2,438,1
2,743,3
2,949,3
2,1318,3
2,1379,3
3,43,1
3,198,1
3,244,1
3,245,1
3,254,1
3,304,1
3,400,3
3,439,1
3,440,1
3,441,1
3,442,1
3,443,1
3,444,1
3,445,1
3,1367,3
3,1668,3
3,2155,3
4,25,1
4,100,1
4,106,1
4,121,1
4,272,1
4,375,3
4,429,1
4,446,1
4,447,1
4,448,1
4,449,1
4,450,1
4,451,1
4,452,1
4,453,1
4,454,1
4,455,1
4,456,1
4,457,1
4,458,1
4,459,1
4,460,1
4,461,1
4,462,1
4,463,1
4,464,1
4,465,1
4,466,1
4,467,1
4,468,1
4,469,1
4,470,1
4,471,1
4,472,1
4,473,1
4,474,1
4,475,1
4,476,1
4,477,1
4,478,1
4,479,1
4,480,1
4,481,1
4,482,1
4,483,1
4,484,1
4,485,1
4,486,1
4,487,1
4,488,1
4,489,1
4,490,1
4,491,1
4,492,1
4,493,1
4,1058,3
4,1934,3
5,33,1
5,191,1
5,192,1
5,195,1
5,197,1
5,494,1
5,495,1
5,496,1
5,497,1
5,498,1
5,499,1
5,500,1
5,501,1
5,502,1
5,503,1
5,504,1
5,505,1
5,506,1
5,507,1
5,508,1
5,509,1
5,510,1
5,511,1
5,512,1
5,513,1
5,514,1
5,515,1
5,516,1
5,517,1
5,518,1
5,519,1
5,520,1
5,521,1
5,522,1
5,523,1
5,524,1
5,525,1
5,526,1
5,527,1
5,528,1
5,529,1
5,530,1
5,531,1
6,8,1
6,9,1
6,11,1
6,21,1
6,22,1
6,29,1
6,61,1
6,103,1
6,104,1
6,108,1
6,112,1
6,158,1
6,164,1
6,177,1
6,187,1
6,188,1
6,201,1
6,205,1
6,206,1
6,225,1
6,235,1
6,236,1
6,249,1
6,255,1
6,280,1
6,281,1
6,285,1
6,287,1
6,288,1
6,289,1
6,290,1
6,291,1
6,293,1
6,295,1
6,296,1
6,297,1
6,359,3
6,393,1
6,397,1
6,405,1
6,407,1
6,409,1
6,432,1
6,441,1
6,511,1
6,512,1
6,513,1
6,514,1
6,516,1
6,517,1
6,519,1
6,520,1
6,522,1
6,524,1
6,526,1
6,527,1
6,528,1
6,529,1
6,532,1
6,533,1
6,534,1
6,535,1
6,536,1
6,537,1
6,538,1
6,539,1
6,540,1
6,541,1
6,542,1
6,543,1
6,544,1
6,545,1
6,546,1
6,547,1
6,548,1
6,549,1
6,550,1
6,551,1
6,552,1
6,553,1
6,554,1
6,555,1
6,556,1
6,557,1
6,558,1
6,559,1
6,560,1
6,561,1
6,562,1
6,563,1
6,564,1
6,565,1
6,566,1
6,567,1
6,568,1
6,569,1
6,570,1
6,571,1
6,572,1
6,573,1
6,574,1
6,575,1
6,576,1
6,577,1
6,578,1
6,579,1
6,580,1
6,581,1
6,582,1
6,583,1
6,584,1
6,585,1
6,586,1
6,587,1
6,588,1
6,589,1
6,590,1
6,591,1
6,592,1
6,593,1
6,594,1
6,595,1
6,596,1
6,597,1
6,598,1
6,599,1
6,600,1
6,601,1
6,602,1
6,603,1
6,604,1
6,605,1
6,606,1
6,607,1
6,608,1
6,609,1
6,610,1
6,611,1
6,612,1
6,613,1
6,614,1
6,615,1
6,616,1
6,617,1
6,618,1
6,619,1
6,620,1
6,621,1
6,622,1
6,623,1
6,624,1
6,625,1
6,626,1
6,627,1
6,628,1
6,629,1
6,630,1
6,631,1
6,632,1
6,633,1
6,634,1
6,635,1
6,636,1
6,637,1
6,638,1
6,639,1
6,640,1
6,641,1
6,642,1
6,643,1
6,644,1
6,645,1
6,646,1
6,647,1
6,648,1
6,649,1
6,650,1
6,651,1
6,652,1
6,653,1
6,654,1
6,655,1
6,656,1
6,657,1
6,658,1
6,659,1
6,660,1
6,661,1
6,662,1
6,663,1
6,664,1
6,665,1
6,666,1
6,667,1
6,668,1
6,669,1
6,670,1
6,671,1
6,672,1
6,673,1
6,674,1
6,675,1
6,676,1
6,677,1
6,678,1
6,679,1
6,680,1
6,681,1
6,682,1
6,683,1
6,684,1
6,685,1
6,686,1
6,687,1
6,688,1
6,689,1
6,690,1
6,691,1
6,692,1
6,693,1
6,694,1
6,695,1
6,696,1
6,697,1
6,698,1
6,699,1
6,700,1
6,701,1
6,702,1
6,703,1
6,704,1
6,705,1
6,706,1
6,707,1
6,708,1
6,709,1
6,710,1
6,711,1
6,712,1
6,713,1
6,714,1
6,715,1
6,716,1
6,717,1
6,718,1
6,719,1
6,720,1
6,721,1
6,722,1
6,723,1
6,724,1
6,725,1
6,726,1
6,727,1
6,728,1
6,729,1
6,730,1
6,731,1
7,12,1
7,21,1
7,25,1
7,30,1
7,44,1
7,51,1
7,52,1
7,54,1
7,55,1
7,56,1
7,60,1
7,61,1
7,66,1
7,67,1
7,68,1
7,69,1
7,77,1
7,79,1
7,80,1
7,84,1
7,95,1
7,96,1
7,97,1
7,100,1
7,102,1
7,107,1
7,114,1
7,116,1
7,120,1
7,127,1
7,145,1
7,155,1
7,156,1
7,158,1
7,167,1
7,169,1
7,176,3
7,177,1
7,181,1
7,182,1
7,186,1
7,187,1
7,189,1
7,190,1
7,191,1
7,192,1
7,193,1
7,194,1
7,205,1
7,206,1
7,207,1
7,209,1
7,211,1
7,212,1
7,213,1
7,215,1
7,216,1
7,223,1
7,225,1
7,226,1
7,227,1
7,230,1
7,232,1
7,243,1
7,244,1
7,245,1
7,249,1
7,250,1
7,263,1
7,264,1
7,265,1
7,266,1
7,270,1
7,272,1
7,273,1
7,278,1
7,279,1
7,286,1
7,301,1
7,302,1
7,303,1
7,304,1
7,305,1
7,340,1
7,383,1
7,385,1
7,386,1
7,391,1
7,392,1
7,396,1
7,401,1
7,407,1
7,408,1
7,411,1
7,441,1
7,457,1
7,460,1
7,474,1
7,475,1
7,481,1
7,488,1
7,489,1
7,494,1
7,495,1
7,514,3
7,532,1
7,535,1
7,536,1
7,538,1
7,560,1
7,562,1
7,598,1
7,600,1
7,602,1
7,603,1
7,604,1
7,607,1
7,608,1
7,611,1
7,612,1
7,617,1
7,622,1
7,631,1
7,633,1
7,635,1
7,638,1
7,639,1
7,640,1
7,641,1
7,642,1
7,670,1
7,675,1
7,677,1
7,680,1
7,709,1
7,710,1
7,712,1
7,715,1
7,716,1
7,722,1
7,723,1
7,732,1
7,733,1
7,734,1
7,735,1
7,736,1
7,737,1
7,738,1
7,739,1
7,740,1
7,741,1
7,742,1
7,743,1
7,744,1
7,745,1
7,746,1
7,747,1
7,748,1
7,749,1
7,750,1
7,751,1
7,752,1
7,753,1
7,754,1
7,755,1
7,756,1
7,757,1
7,758,1
7,759,1
7,760,1
7,761,1
7,762,1
7,763,1
7,764,1
7,765,1
7,766,1
7,767,1
7,768,1
7,769,1
7,770,1
7,771,1
7,772,1
7,773,1
7,774,1
7,775,1
7,776,1
7,777,1
7,778,1
7,779,1
7,780,1
7,781,1
7,782,1
7,783,1
7,784,1
7,785,1
7,786,1
7,787,1
7,788,1
7,789,1
7,790,1
7,791,1
7,792,1
7,793,1
7,794,1
7,795,1
7,796,1
7,797,1
7,798,1
7,799,1
7,800,1
7,801,1
7,802,1
7,803,1
7,804,1
7,805,1
7,806,1
7,807,1
7,808,1
7,809,1
7,810,1
7,811,1
7,812,1
7,813,1
7,814,1
7,815,1
7,816,1
7,817,1
7,818,1
7,819,1
7,820,1
7,821,1
7,822,1
7,823,1
7,824,1
7,825,1
7,826,1
7,827,1
7,828,1
7,829,1
7,830,1
7,831,1
7,832,1
7,833,1
7,834,1
7,835,1
7,836,1
7,837,1
7,838,1
7,839,1
7,840,1
7,841,1
7,842,1
7,843,1
7,844,1
7,845,1
7,846,1
7,847,1
7,848,1
7,849,1
7,850,1
7,851,1
7,852,1
7,853,1
7,854,1
7,855,1
7,856,1
7,857,1
7,858,1
7,859,1
7,860,1
7,861,1
7,862,1
7,863,1
7,864,1
7,865,1
7,866,1
7,867,1
7,868,1
7,869,1
7,870,1
7,871,1
7,872,1
7,873,1
7,874,1
7,875,1
7,876,1
7,877,1
7,878,1
7,879,1
7,880,1
7,881,1
7,882,1
7,883,1
7,884,1
7,885,1
7,886,1
7,887,1
7,888,1
7,889,1
7,891,1
7,892,1
7,893,1
7,894,1
7,895,1
7,896,1
7,897,1
7,898,1
7,899,1
7,900,1
7,901,1
7,902,1
7,903,1
7,904,1
7,905,1
7,906,1
7,907,1
7,908,1
7,910,1
7,911,1
7,912,1
7,913,1
7,914,1
7,915,1
7,916,1
7,926,1
7,927,1
7,928,1
7,929,1
7,930,1
7,931,1
7,932,1
7,933,1
7,934,1
7,935,1
7,936,1
7,937,1
7,938,1
7,939,1
7,940,1
7,941,1
7,942,1
7,943,1
7,944,1
7,945,1
7,946,1
7,947,1
7,948,1
7,949,1
7,950,1
7,951,1
7,952,1
7,953,1
7,954,1
7,955,1
7,956,1
7,957,1
7,958,1
7,959,1
7,960,1
7,961,1
7,962,1
7,963,1
7,964,1
7,965,1
7,966,1
7,967,1
7,968,1
7,969,1
7,970,1
7,971,1
7,972,1
7,973,1
7,974,1
7,975,1
7,976,1
7,977,1
7,978,1
7,979,1
7,980,1
7,981,1
7,982,1
7,983,1
7,984,1
7,985,1
7,986,1
7,987,1
7,988,1
7,989,1
7,990,1
7,991,1
7,992,1
7,993,1
7,994,1
7,995,1
7,996,1
7,997,1
7,998,1
7,999,1
7,1000,1
7,1001,1
7,1002,1
7,1003,1
7,1004,1
7,1005,1
7,1006,1
7,1007,1
7,1008,1
7,1009,1
7,1010,1
7,1011,1
7,1012,1
7,1013,1
7,1014,1
7,1015,1
7,1016,1
7,1017,1
7,1018,1
7,1019,1
7,1020,1
7,1021,1
7,1022,1
7,1023,1
7,1024,1
7,1025,1
7,1026,1
7,1027,1
7,1028,1
7,1029,1
7,1030,1
7,1031,1
7,1032,1
7,2137,3
8,1033,1
8,1034,1
8,1759,3
9,28,1
9,36,1
9,41,1
9,45,3
9,48,1
9,52,1
9,82,1
9,88,1
9,92,1
9,97,1
9,98,1
9,99,1
9,104,1
9,105,1
9,107,1
9,110,1
9,112,1
9,117,1
9,118,1
9,119,1
9,122,1
9,149,1
9,153,1
9,161,1
9,163,1
9,177,1
9,180,1
9,234,1
9,239,1
9,246,1
9,266,1
9,268,1
9,285,1
9,311,1
9,340,1
9,398,1
9,428,1
9,440,1
9,441,1
9,444,1
9,445,1
9,472,1
9,504,1
9,521,1
9,522,1
9,537,1
9,546,1
9,548,1
9,553,1
9,561,1
9,599,1
9,601,1
9,621,1
9,631,1
9,687,1
9,693,1
9,694,1
9,695,1
9,706,1
9,729,1
9,730,1
9,738,1
9,743,1
9,744,1
9,758,1
9,803,1
9,808,1
9,810,1
9,819,1
9,828,1
9,862,1
9,885,1
9,889,1
9,891,1
9,896,1
9,899,1
9,905,1
9,910,1
9,915,1
9,943,1
9,971,1
9,997,1
9,1014,1
9,1019,1
9,1035,1
9,1036,1
9,1037,1
9,1038,1
9,1039,1
9,1040,1
9,1041,1
9,1042,1
9,1043,1
9,1044,1
9,1045,1
9,1046,1
9,1047,1
9,1048,1
9,1049,1
9,1050,1
9,1051,1
9,1052,1
9,1053,1
9,1054,1
9,1055,1
9,1056,1
9,1057,1
9,1058,1
9,1059,1
9,1060,1
9,1061,1
9,1062,1
9,1063,1
9,1064,1
9,1065,1
9,1066,1
9,1067,1
9,1068,1
9,1069,1
9,1070,1
9,1071,1
9,1072,1
9,1073,1
9,1074,1
9,1075,1
9,1076,1
9,1077,1
9,1078,1
9,1079,1
9,1080,1
9,1081,1
9,1082,1
9,1083,1
9,1084,1
9,1085,1
9,1086,1
9,1087,1
9,1088,1
9,1089,1
9,1090,1
9,1091,1
9,1092,1
9,1093,1
9,1094,1
9,1095,1
9,1096,1
9,1097,1
9,1098,1
9,1099,1
9,1100,1
9,1101,1
9,1102,1
9,1103,1
9,1104,1
9,1105,1
9,1106,1
9,1107,1
9,1108,1
9,1109,1
9,1110,1
9,1111,1
9,1112,1
9,1113,1
9,1114,1
9,1115,1
9,1116,1
9,1117,1
9,1118,1
9,1119,1
9,1120,1
9,1121,1
9,1122,1
9,1123,1
9,1124,1
9,1125,1
9,1126,1
9,1127,1
9,1128,1
9,1129,1
9,1130,1
9,1131,1
9,1132,1
9,1133,1
9,1134,1
9,1135,1
9,1136,1
9,1137,1
9,1138,1
9,1139,1
9,1140,1
9,1141,1
9,1142,1
9,1143,1
9,1144,1
9,1145,1
9,1146,1
9,1147,1
9,1148,1
9,1149,1
9,1150,1
9,1151,1
9,1152,1
9,1153,1
9,1154,1
9,1155,1
9,1156,1
9,1157,1
9,1158,1
9,1159,1
9,1160,1
9,1161,1
9,1162,1
9,1163,1
9,1164,1
9,1165,1
9,1166,1
9,1167,1
9,1168,1
9,1169,1
9,1170,1
9,1171,1
9,1172,1
9,1173,1
9,1174,1
9,1175,1
9,1176,1
9,1177,1
9,1178,1
9,1179,1
9,1180,1
9,1181,1
9,1182,1
9,1183,1
9,1184,1
9,1185,1
9,1186,1
9,1187,1
9,1188,1
9,1189,1
9,1190,1
9,1191,1
9,1192,1
9,1193,1
9,1194,1
9,1195,1
9,1196,1
9,1197,1
9,1198,1
9,1199,1
9,1200,1
9,1201,1
9,1202,1
9,1203,1
9,1204,1
9,1205,1
9,1206,1
9,1207,1
9,1208,1
9,1209,1
9,1210,1
9,1211,1
9,1212,1
9,1213,1
9,1214,1
9,1215,1
9,1216,1
9,1217,1
9,1218,1
9,1219,1
9,1220,1
9,1221,1
9,1222,1
9,1223,1
9,1224,1
9,1225,1
9,1226,1
9,1227,1
9,1228,1
9,1229,1
9,1230,1
9,1231,1
9,1232,1
9,1233,1
9,1234,1
9,1235,1
9,1236,1
9,1237,1
9,1238,1
9,1239,1
9,1240,1
9,1241,1
9,1242,1
9,1243,1
9,1244,1
9,1245,1
9,1246,1
9,1247,1
9,1248,1
9,1249,1
9,1250,1
9,1251,1
9,1252,1
9,1253,1
9,1254,1
9,1255,1
9,1256,1
9,1257,1
9,1258,1
9,1259,1
9,1260,1
9,1261,1
9,1262,1
9,1263,1
9,1264,1
9,1265,1
9,1266,1
9,1267,1
9,1268,1
9,1269,1
9,1270,1
9,1271,1
9,1272,1
9,1273,1
9,1274,1
9,1275,1
9,1276,1
9,1277,1
9,1278,1
9,1279,1
9,1280,1
9,1281,1
9,1282,1
9,1283,1
9,1284,1
9,1285,1
9,1286,1
9,1287,1
9,1288,1
9,1289,1
9,1290,1
9,1291,1
9,1292,1
9,1293,1
9,1294,1
9,1295,1
9,1296,1
9,1297,1
9,1298,1
9,1299,1
9,1300,1
9,1301,1
9,1302,1
9,1303,1
9,1304,1
9,1305,1
9,1306,1
9,1307,1
9,1308,1
9,1309,1
9,1310,1
9,1311,1
9,1312,1
9,1313,1
9,1314,1
9,1315,1
9,1316,1
9,1317,1
9,1318,1
9,1319,1
9,1320,1
9,1321,1
9,1322,1
9,1323,1
9,1324,1
9,1325,1
9,1326,1
9,1327,1
9,1328,1
9,1329,1
9,1330,1
9,1331,1
9,1332,1
9,1333,1
9,1334,1
9,1335,1
9,1336,1
9,1337,1
9,1338,1
9,1339,1
9,1340,1
9,1341,1
9,1342,1
9,1343,1
9,1344,1
9,1345,1
9,1346,1
9,1347,1
9,1348,1
9,1349,1
9,1350,1
9,1351,1
9,1352,1
9,1353,1
9,1354,1
9,1355,1
9,1356,1
9,1357,1
9,1358,1
9,1359,1
9,1360,1
9,1361,1
9,1362,1
9,1363,1
9,1364,1
9,1365,1
9,1366,1
9,1367,1
9,1368,1
9,1369,1
9,1370,1
9,1371,1
9,1372,1
9,1373,1
9,1374,1
9,1375,1
9,1376,1
9,1377,1
9,1378,1
9,1379,1
9,1380,1
9,1381,1
9,1382,1
9,1383,1
9,1384,1
9,1385,1
9,1386,1
9,1387,1
10,8,1
10,15,1
10,19,1
10,20,1
10,36,1
10,52,1
10,62,1
10,65,1
10,87,1
10,97,1
10,98,1
10,115,1
10,129,1
10,134,1
10,143,1
10,148,1
10,181,1
10,182,1
10,190,1
10,227,1
10,228,1
10,241,1
10,242,1
10,243,1
10,244,1
10,307,1
10,319,1
10,327,1
10,328,1
10,346,1
10,349,1
10,350,1
10,352,1
10,357,1
10,359,1
10,360,1
10,362,1
10,363,1
10,364,1
10,366,1
10,367,1
10,374,1
10,383,1
10,385,1
10,420,1
10,452,1
10,534,1
10,546,1
10,547,1
10,549,1
10,550,1
10,551,1
10,553,1
10,554,1
10,616,1
10,630,1
10,635,1
10,636,1
10,638,1
10,639,1
10,665,1
10,671,1
10,730,1
10,731,1
10,780,1
10,781,1
10,789,1
10,790,1
10,791,1
10,847,1
10,858,1
10,859,1
10,860,1
10,861,1
10,888,1
10,889,1
10,898,1
10,916,1
10,957,3
10,1024,1
10,1033,1
10,1051,1
10,1115,1
10,1181,1
10,1280,1
10,1367,1
10,1388,1
10,1389,1
10,1390,1
10,1391,1
10,1392,1
10,1393,1
10,1394,1
10,1395,1
10,1396,1
10,1397,1
10,1398,1
10,1399,1
10,1400,1
10,1401,1
10,1402,1
10,1403,1
10,1404,1
10,1405,1
10,1406,1
10,1407,1
10,1408,1
10,1409,1
10,1410,1
10,1411,1
10,1412,1
10,1413,1
10,1414,1
10,1415,1
10,1416,1
10,1417,1
10,1418,1
10,1419,1
10,1420,1
10,1421,1
10,1422,1
10,1423,1
10,1424,1
10,1425,1
10,1426,1
10,1427,1
10,1428,1
10,1429,1
10,1430,1
10,1431,1
10,1432,1
10,1433,1
10,1434,1
10,1435,1
10,1436,1
10,1437,1
10,1438,1
10,1439,1
10,1440,1
10,1441,1
10,1442,1
10,1443,1
11,1,1
11,100,1
11,251,1
11,272,1
11,341,3
11,393,1
11,395,1
11,397,1
11,398,1
11,400,1
11,409,1
11,410,1
11,412,1
11,413,1
11,420,1
11,422,1
11,575,1
11,611,1
11,1033,1
11,1271,1
11,1444,1
11,1445,1
11,1446,1
11,1447,1
11,1448,1
11,1449,1
11,1450,1
11,1451,1
11,1452,1
11,1638,3
12,156,1
12,400,1
12,406,1
12,422,1
12,425,1
12,575,1
12,682,1
12,875,1
12,952,1
12,1069,1
12,1118,1
12,1175,3
12,1241,1
12,1325,1
12,1453,1
12,1454,1
12,1455,1
12,1456,1
1457,12,0
1458,12,0
1459,12,0
1460,12,0
1461,12,0
1462,12,0
1463,12,0
1464,12,0
1465,12,0
1466,12,0
1467,12,0
1468,12,0
1469,12,0
1470,12,0
3,13,0
28,13,0
46,13,0
116,13,0
457,13,0
573,13,0
574,13,0
578,13,0
867,13,0
871,13,0
13,927,3
1014,13,0
13,1055,3
1093,13,0
1144,13,0
1315,13,0
1429,13,0
1471,13,0
1472,13,0
1473,13,0
1474,13,0
1475,13,0
1476,13,0
1477,13,0
1478,13,0
1479,13,0
1480,13,0
1481,13,0
1482,13,0
1483,13,0
1484,13,0
1485,13,0
1486,13,0
1487,13,0
1488,13,0
1489,13,0
1490,13,0
1491,13,0
1492,13,0
1493,13,0
1494,13,0
1495,13,0
1496,13,0
1497,13,0
1498,13,0
109,14,0
14,239,3
14,406,3
14,516,3
14,643,3
661,14,0
685,14,0
686,14,0
14,764,3
1389,14,0
1390,14,0
1391,14,0
1499,14,0
1500,14,0
1501,14,0
1502,14,0
1503,14,0
1504,14,0
1505,14,0
1506,14,0
1507,14,0
1508,14,0
1509,14,0
1510,14,0
1511,14,0
1512,14,0
14,1925,3
65,15,0
15,121,3
270,15,0
383,15,0
386,15,0
474,15,0
488,15,0
15,1177,3
15,1198,3
1417,15,0
1419,15,0
1420,15,0
1513,15,0
1514,15,0
1515,15,0
1516,15,0
1517,15,0
1518,15,0
98,16,0
16,1336,3
16,1370,3
16,1680,3
27,17,0
38,17,0
50,17,0
87,17,0
90,17,0
17,92,3
113,17,0
133,17,0
183,17,0
185,17,0
199,17,0
200,17,0
201,17,0
206,17,0
218,17,0
220,17,0
221,17,0
225,17,0
240,17,0
266,17,0
275,17,0
276,17,0
287,17,0
288,17,0
290,17,0
292,17,0
293,17,0
294,17,0
296,17,0
297,17,0
303,17,0
383,17,0
393,17,0
396,17,0
397,17,0
401,17,0
411,17,0
505,17,0
506,17,0
507,17,0
532,17,0
533,17,0
535,17,0
545,17,0
546,17,0
547,17,0
559,17,0
564,17,0
583,17,0
584,17,0
585,17,0
586,17,0
591,17,0
592,17,0
596,17,0
597,17,0
598,17,0
599,17,0
601,17,0
602,17,0
603,17,0
604,17,0
609,17,0
617,17,0
622,17,0
628,17,0
629,17,0
635,17,0
637,17,0
638,17,0
674,17,0
675,17,0
677,17,0
678,17,0
679,17,0
680,17,0
681,17,0
688,17,0
689,17,0
690,17,0
733,17,0
734,17,0
735,17,0
798,17,0
799,17,0
803,17,0
824,17,0
837,17,0
841,17,0
886,17,0
890,17,0
900,17,0
909,17,0
930,17,0
931,17,0
954,17,0
956,17,0
969,17,0
970,17,0
995,17,0
1034,17,0
1077,17,0
1120,17,0
1140,17,0
1144,17,0
1145,17,0
1174,17,0
1519,17,0
1520,17,0
1521,17,0
1522,17,0
1523,17,0
1524,17,0
1525,17,0
1526,17,0
1527,17,0
1528,17,0
1529,17,0
1530,17,0
1531,17,0
1532,17,0
1533,17,0
1534,17,0
1535,17,0
1536,17,0
1537,17,0
1538,17,0
1539,17,0
1540,17,0
1541,17,0
1542,17,0
1543,17,0
1544,17,0
1545,17,0
1546,17,0
1547,17,0
1548,17,0
1549,17,0
1550,17,0
1551,17,0
1552,17,0
1553,17,0
1554,17,0
1555,17,0
1556,17,0
1557,17,0
1558,17,0
1559,17,0
1560,17,0
1561,17,0
1562,17,0
1563,17,0
1564,17,0
1565,17,0
1566,17,0
1567,17,0
1568,17,0
1569,17,0
18,489,3
1570,18,0
1571,18,0
18,1676,3
19,702,3
1407,19,0
2,20,0
11,20,0
29,20,0
60,20,0
63,20,0
64,20,0
98,20,0
108,20,0
130,20,0
134,20,0
138,20,0
141,20,0
165,20,0
172,20,0
174,20,0
175,20,0
177,20,0
202,20,0
224,20,0
258,20,0
266,20,0
273,20,0
274,20,0
306,20,0
307,20,0
319,20,0
320,20,0
327,20,0
338,20,0
347,20,0
348,20,0
349,20,0
352,20,0
353,20,0
354,20,0
355,20,0
361,20,0
362,20,0
363,20,0
366,20,0
367,20,0
368,20,0
374,20,0
385,20,0
396,20,0
417,20,0
420,20,0
421,20,0
422,20,0
429,20,0
434,20,0
441,20,0
444,20,0
445,20,0
456,20,0
508,20,0
527,20,0
530,20,0
533,20,0
538,20,0
539,20,0
555,20,0
556,20,0
626,20,0
628,20,0
633,20,0
656,20,0
705,20,0
722,20,0
20,727,3
20,775,3
788,20,0
837,20,0
847,20,0
852,20,0
889,20,0
891,20,0
914,20,0
959,20,0
997,20,0
999,20,0
1033,20,0
1052,20,0
1064,20,0
1065,20,0
1066,20,0
1073,20,0
1077,20,0
1109,20,0
1128,20,0
1145,20,0
1164,20,0
1197,20,0
1198,20,0
1225,20,0
1227,20,0
1238,20,0
1261,20,0
1290,20,0
1366,20,0
1374,20,0
1378,20,0
1380,20,0
1394,20,0
1396,20,0
1400,20,0
1403,20,0
1417,20,0
1418,20,0
1443,20,0
1485,20,0
1516,20,0
1517,20,0
1537,20,0
1538,20,0
1551,20,0
1552,20,0
1572,20,0
1573,20,0
1574,20,0
1575,20,0
1576,20,0
1577,20,0
1578,20,0
1579,20,0
1580,20,0
1581,20,0
1582,20,0
1583,20,0
1584,20,0
1585,20,0
1586,20,0
1587,20,0
1588,20,0
1589,20,0
1590,20,0
1591,20,0
1592,20,0
1593,20,0
1594,20,0
1595,20,0
1596,20,0
1597,20,0
1598,20,0
1599,20,0
1600,20,0
1601,20,0
1602,20,0
1603,20,0
1604,20,0
1605,20,0
1606,20,0
1607,20,0
1608,20,0
1609,20,0
1610,20,0
1611,20,0
1612,20,0
1613,20,0
1614,20,0
1615,20,0
1616,20,0
1617,20,0
1618,20,0
1619,20,0
1620,20,0
1621,20,0
1622,20,0
1623,20,0
1624,20,0
1625,20,0
1626,20,0
1627,20,0
1628,20,0
1629,20,0
1630,20,0
1631,20,0
1632,20,0
1633,20,0
1634,20,0
1635,20,0
1636,20,0
1637,20,0
1638,20,0
1639,20,0
1640,20,0
1641,20,0
1642,20,0
1643,20,0
1644,20,0
1645,20,0
1646,20,0
1647,20,0
1648,20,0
1649,20,0
1650,20,0
1651,20,0
1652,20,0
1653,20,0
1654,20,0
1655,20,0
1656,20,0
1657,20,0
1658,20,0
1659,20,0
1660,20,0
1661,20,0
1662,20,0
1663,20,0
1664,20,0
1665,20,0
1666,20,0
1667,20,0
1668,20,0
1669,20,0
1670,20,0
1671,20,0
1672,20,0
1673,20,0
1674,20,0
1675,20,0
1676,20,0
1677,20,0
1678,20,0
1679,20,0
1680,20,0
1681,20,0
1682,20,0
1683,20,0
1684,20,0
1685,20,0
1686,20,0
1687,20,0
1688,20,0
1689,20,0
1690,20,0
1691,20,0
1692,20,0
1693,20,0
1694,20,0
1695,20,0
1696,20,0
1697,20,0
1698,20,0
1699,20,0
612,21,0
624,21,0
708,21,0
710,21,0
712,21,0
714,21,0
715,21,0
716,21,0
496,22,0
499,22,0
500,22,0
501,22,0
502,22,0
531,22,0
566,22,0
567,22,0
568,22,0
612,22,0
624,22,0
709,22,0
710,22,0
711,22,0
712,22,0
713,22,0
715,22,0
716,22,0
22,1065,3
22,1244,3
1700,22,0
1701,22,0
1702,22,0
23,371,3
1703,23,0
1704,23,0
1705,23,0
1706,23,0
1707,23,0
23,1726,3
23,1826,3
23,1966,3
890,24,0
909,24,0
24,999,3
50,25,0
272,25,0
393,25,0
395,25,0
399,25,0
402,25,0
403,25,0
404,25,0
405,25,0
407,25,0
409,25,0
410,25,0
413,25,0
420,25,0
422,25,0
427,25,0
575,25,0
25,771,3
813,25,0
814,25,0
876,25,0
1417,25,0
1418,25,0
1419,25,0
1423,25,0
1445,25,0
1450,25,0
1708,25,0
1709,25,0
1710,25,0
1711,25,0
217,26,0
218,26,0
219,26,0
220,26,0
26,378,3
524,26,0
526,26,0
527,26,0
528,26,0
1455,26,0
1465,26,0
1467,26,0
26,1660,3
1712,26,0
1713,26,0
1714,26,0
1715,26,0
1716,26,0
1717,26,0
1718,26,0
1719,26,0
27,47,3
27,1442,3
1553,27,0
1563,27,0
1564,27,0
27,1811,3
270,28,0
28,319,3
383,28,0
656,28,0
915,28,0
916,28,0
28,1176,3
1288,28,0
1417,28,0
1423,28,0
1516,28,0
1575,28,0
1679,28,0
1720,28,0
1721,28,0
1722,28,0
1723,28,0
1724,28,0
1725,28,0
270,29,0
915,29,0
916,29,0
1417,29,0
1419,29,0
1516,29,0
1026,30,0
1027,30,0
1028,30,0
31,669,3
1726,31,0
1727,31,0
31,1744,3
14,32,0
24,32,0
29,32,0
52,32,0
65,32,0
402,32,0
404,32,0
412,32,0
795,32,0
887,32,0
1280,32,0
1417,32,0
1418,32,0
1420,32,0
1487,32,0
32,1720,3
1728,32,0
1729,32,0
1730,32,0
1731,32,0
1732,32,0
1733,32,0
1734,32,0
1735,32,0
1736,32,0
1737,32,0
1738,32,0
1739,32,0
1740,32,0
112,33,0
158,33,0
164,33,0
175,33,0
190,33,0
195,33,0
196,33,0
197,33,0
217,33,0
218,33,0
219,33,0
220,33,0
221,33,0
235,33,0
236,33,0
237,33,0
243,33,0
247,33,0
249,33,0
275,33,0
282,33,0
283,33,0
284,33,0
287,33,0
288,33,0
289,33,0
290,33,0
291,33,0
292,33,0
295,33,0
296,33,0
297,33,0
33,316,3
389,33,0
390,33,0
518,33,0
519,33,0
521,33,0
522,33,0
523,33,0
525,33,0
526,33,0
527,33,0
529,33,0
532,33,0
533,33,0
552,33,0
555,33,0
556,33,0
557,33,0
558,33,0
575,33,0
611,33,0
617,33,0
618,33,0
620,33,0
622,33,0
627,33,0
629,33,0
647,33,0
648,33,0
650,33,0
651,33,0
676,33,0
677,33,0
678,33,0
680,33,0
682,33,0
683,33,0
693,33,0
695,33,0
697,33,0
699,33,0
700,33,0
702,33,0
727,33,0
728,33,0
33,1068,3
1150,33,0
1541,33,0
1542,33,0
1546,33,0
1547,33,0
1566,33,0
1741,33,0
1742,33,0
34,120,3
190,34,0
217,34,0
218,34,0
219,34,0
220,34,0
221,34,0
222,34,0
241,34,0
242,34,0
277,34,0
280,34,0
281,34,0
282,34,0
284,34,0
34,342,3
390,34,0
34,478,3
516,34,0
517,34,0
518,34,0
520,34,0
523,34,0
524,34,0
526,34,0
528,34,0
529,34,0
618,34,0
620,34,0
683,34,0
699,34,0
702,34,0
703,34,0
717,34,0
728,34,0
34,739,3
35,959,3
972,35,0
973,35,0
974,35,0
975,35,0
979,35,0
980,35,0
982,35,0
1743,35,0
65,36,0
446,36,0
672,36,0
915,36,0
916,36,0
1280,36,0
1317,36,0
1323,36,0
1422,36,0
1744,36,0
1745,36,0
1746,36,0
37,54,3
412,37,0
37,667,3
832,37,0
1747,37,0
1748,37,0
37,1874,3
134,38,0
183,38,0
184,38,0
223,38,0
246,38,0
250,38,0
263,38,0
264,38,0
267,38,0
340,38,0
424,38,0
432,38,0
561,38,0
633,38,0
748,38,0
900,38,0
1075,38,0
1108,38,0
1364,38,0
1388,38,0
1425,38,0
1426,38,0
1538,38,0
1633,38,0
1686,38,0
1749,38,0
1750,38,0
1751,38,0
1752,38,0
1753,38,0
1754,38,0
1755,38,0
1756,38,0
1757,38,0
1758,38,0
1759,38,0
1760,38,0
1761,38,0
1762,38,0
1763,38,0
1764,38,0
1765,38,0
1766,38,0
1767,38,0
1768,38,0
1769,38,0
1770,38,0
456,39,0
42,40,0
157,40,0
199,40,0
411,40,0
956,40,0
1119,40,0
40,1128,3
1557,40,0
1570,40,0
1771,40,0
1772,40,0
1773,40,0
1774,40,0
1775,40,0
1776,40,0
1777,40,0
40,1943,3
41,91,3
1513,41,0
1514,41,0
1516,41,0
1587,41,0
733,42,0
42,1448,3
198,43,0
211,43,0
245,43,0
254,43,0
304,43,0
43,387,3
393,43,0
460,43,0
1078,43,0
1778,43,0
1779,43,0
43,1832,3
135,44,0
754,44,0
755,44,0
756,44,0
822,44,0
829,44,0
830,44,0
831,44,0
839,44,0
840,44,0
911,44,0
914,44,0
1280,44,0
44,1539,3
1620,44,0
1679,44,0
1724,44,0
1780,44,0
1781,44,0
1782,44,0
1783,44,0
1784,44,0
44,2001,3
663,45,0
717,45,0
45,2148,3
185,46,0
186,46,0
187,46,0
1492,46,0
1494,46,0
1496,46,0
1788,47,0
1789,47,0
48,167,3
534,48,0
48,709,3
1790,48,0
1791,48,0
49,490,3
1304,49,0
49,1632,3
1796,49,0
1797,49,0
49,1962,3
50,538,3
841,50,0
50,1657,3
51,152,3
753,51,0
754,51,0
756,51,0
52,91,3
185,52,0
188,52,0
189,52,0
270,52,0
562,52,0
563,52,0
915,52,0
916,52,0
1051,52,0
1082,52,0
1164,52,0
1418,52,0
1420,52,0
52,1628,3
1645,52,0
1708,52,0
54,53,0
926,53,0
936,53,0
1015,53,0
1471,53,0
1847,53,0
912,54,0
936,54,0
941,54,0
942,54,0
1015,54,0
55,660,3
670,55,0
729,55,0
55,757,3
875,55,0
943,55,0
952,55,0
55,1424,3
56,149,3
56,624,3
873,56,0
952,56,0
994,56,0
57,606,3
873,57,0
994,57,0
58,601,3
934,58,0
1010,58,0
1011,58,0
1012,58,0
1013,58,0
58,1686,3
1848,58,0
430,59,0
431,59,0
434,59,0
1849,59,0
1850,59,0
1851,59,0
1852,59,0
1853,59,0
1854,59,0
1855,59,0
226,60,0
227,60,0
60,511,3
571,60,0
572,60,0
60,593,3
815,60,0
817,60,0
1856,60,0
146,61,0
185,61,0
186,61,0
188,61,0
189,61,0
451,61,0
535,61,0
536,61,0
776,61,0
61,920,3
1514,61,0
1553,61,0
1555,61,0
1563,61,0
1587,61,0
1802,61,0
1857,61,0
1858,61,0
1859,61,0
1860,61,0
1861,61,0
1862,61,0
1863,61,0
1864,61,0
1865,61,0
1866,61,0
561,62,0
562,62,0
633,62,0
98,63,0
385,63,0
937,63,0
938,63,0
939,63,0
954,63,0
973,63,0
975,63,0
976,63,0
982,63,0
1020,63,0
1021,63,0
63,1095,3
1115,63,0
1145,63,0
1368,63,0
1434,63,0
1436,63,0
1437,63,0
1438,63,0
1439,63,0
1440,63,0
1867,63,0
1868,63,0
1869,63,0
127,64,0
780,64,0
781,64,0
1394,64,0
1397,64,0
1399,64,0
1424,64,0
64,1628,3
1870,64,0
19,65,0
218,65,0
221,65,0
222,65,0
915,65,0
916,65,0
1423,65,0
1519,65,0
1532,65,0
1871,65,0
65,2052,3
66,527,3
741,66,0
743,66,0
744,66,0
745,66,0
746,66,0
877,66,0
878,66,0
66,1037,3
1679,66,0
1724,66,0
66,1752,3
1872,66,0
1873,66,0
1874,66,0
1875,66,0
901,67,0
902,67,0
67,1669,3
825,68,0
826,68,0
68,2134,3
192,69,0
194,69,0
458,69,0
460,69,0
69,537,3
752,69,0
865,69,0
866,69,0
905,69,0
968,69,0
70,528,3
560,70,0
631,70,0
645,70,0
1556,70,0
70,1948,3
28,71,0
71,139,3
383,71,0
862,71,0
885,71,0
1417,71,0
1418,71,0
71,1655,3
1741,71,0
1742,71,0
944,72,0
1002,72,0
1204,72,0
1876,72,0
1877,72,0
1878,72,0
1879,72,0
1880,72,0
234,73,0
384,73,0
391,73,0
392,73,0
73,739,3
1395,73,0
141,74,0
74,364,3
1881,74,0
1882,74,0
75,1316,3
75,1382,3
1883,75,0
1884,75,0
1885,75,0
1886,75,0
1887,75,0
191,76,0
193,76,0
194,76,0
833,76,0
865,76,0
76,893,3
230,77,0
231,77,0
77,743,3
789,77,0
790,77,0
791,77,0
828,77,0
911,77,0
231,78,0
789,78,0
791,78,0
205,79,0
206,79,0
207,79,0
208,79,0
798,79,0
894,79,0
812,80,0
813,80,0
814,80,0
80,1236,3
149,81,0
1221,81,0
1224,81,0
1373,81,0
1513,81,0
1529,81,0
1587,81,0
1778,81,0
1779,81,0
1784,81,0
1857,81,0
1858,81,0
1859,81,0
1861,81,0
1862,81,0
1863,81,0
1864,81,0
1888,81,0
1889,81,0
1890,81,0
1891,81,0
1892,81,0
1893,81,0
1894,81,0
1895,81,0
1896,81,0
1897,81,0
1898,81,0
1899,81,0
1900,81,0
1901,81,0
1902,81,0
1903,81,0
1904,81,0
1905,81,0
1906,81,0
1907,81,0
1908,81,0
1909,81,0
1910,81,0
1911,81,0
1912,81,0
1913,81,0
1914,81,0
1915,81,0
82,702,3
1069,82,0
1598,82,0
1916,82,0
183,83,0
184,83,0
211,83,0
252,83,0
560,83,0
580,83,0
581,83,0
631,83,0
83,719,3
1111,83,0
1112,83,0
83,1132,3
83,1327,3
83,1491,3
1639,83,0
1735,83,0
1916,83,0
1917,83,0
1918,83,0
1919,83,0
1920,83,0
1921,83,0
1922,83,0
1923,83,0
1924,83,0
1925,83,0
1926,83,0
1927,83,0
1928,83,0
84,1400,3
84,1568,3
84,1846,3
1929,85,0
13,86,0
86,268,3
86,1762,3
86,1785,3
1930,86,0
219,87,0
221,87,0
222,87,0
87,783,3
87,899,3
1532,87,0
1533,87,0
1040,88,0
1101,88,0
88,1763,3
88,1786,3
89,1435,3
89,1522,3
89,1550,3
1931,89,0
1932,89,0
1933,89,0
1934,89,0
90,265,3
90,1099,3
1521,90,0
1523,90,0
213,91,0
91,1531,3
92,997,3
1043,92,0
92,1171,3
92,1625,3
1935,92,0
1936,92,0
92,2053,3
763,93,0
93,1550,3
93,2071,3
765,94,0
766,94,0
94,1330,3
782,95,0
783,95,0
784,95,0
785,95,0
858,96,0
859,96,0
1024,96,0
858,97,0
859,97,0
1024,97,0
8,98,0
181,98,0
182,98,0
633,98,0
98,747,3
1109,98,0
1245,98,0
1356,98,0
1621,98,0
98,1855,3
1950,98,0
1951,98,0
1952,98,0
1953,98,0
1954,98,0
442,99,0
99,802,3
272,100,0
100,600,3
837,101,0
1955,101,0
1956,101,0
1957,101,0
102,759,3
842,102,0
843,102,0
844,102,0
845,102,0
846,102,0
102,1433,3
1734,102,0
1735,102,0
102,1948,3
1958,102,0
1959,102,0
1960,102,0
102,1964,3
401,103,0
1165,103,0
103,2123,3
608,104,0
614,104,0
724,104,0
725,104,0
607,105,0
608,105,0
723,105,0
724,105,0
469,106,0
480,106,0
481,106,0
482,106,0
106,1001,3
1416,106,0
106,1569,3
1604,106,0
106,1710,3
1803,106,0
1826,106,0
106,1932,3
1961,106,0
1962,106,0
1963,106,0
1964,106,0
1965,106,0
1966,106,0
1967,106,0
1968,106,0
1969,106,0
1970,106,0
1971,106,0
818,107,0
819,107,0
107,1189,3
108,1112,3
661,109,0
684,109,0
686,109,0
109,1067,3
1230,109,0
109,1276,3
1506,109,0
1507,109,0
109,1509,3
110,1961,3
1972,110,0
1973,110,0
66,111,0
300,111,0
305,111,0
111,753,3
878,111,0
112,332,3
636,112,0
637,112,0
639,112,0
640,112,0
643,112,0
665,112,0
113,1483,3
1548,113,0
1549,113,0
113,1972,3
29,114,0
55,114,0
250,114,0
460,114,0
492,114,0
550,114,0
732,114,0
862,114,0
863,114,0
1416,114,0
1588,114,0
1975,114,0
1976,114,0
1977,114,0
1978,114,0
1979,114,0
1980,114,0
1981,114,0
1982,114,0
1983,114,0
28,115,0
270,115,0
383,115,0
386,115,0
562,115,0
633,115,0
115,1764,3
115,2146,3
116,631,3
961,116,0
963,116,0
116,1461,3
116,1488,3
117,1432,3
1984,117,0
1985,117,0
1986,117,0
1987,117,0
118,604,3
1847,118,0
1236,119,0
1988,119,0
1989,119,0
1990,119,0
1991,119,0
1992,119,0
1993,119,0
120,952,3
986,120,0
987,120,0
988,120,0
989,120,0
990,120,0
120,1413,3
414,121,0
485,121,0
486,121,0
487,121,0
621,121,0
121,2084,3
122,970,3
122,1330,3
1996,122,0
122,2060,3
11,123,0
25,123,0
100,123,0
272,123,0
420,123,0
183,124,0
184,124,0
124,1972,3
124,2076,3
116,125,0
421,125,0
751,125,0
125,842,3
1056,125,0
125,1198,3
847,126,0
956,126,0
2016,126,0
2017,126,0
2018,126,0
127,180,3
127,419,3
1023,127,0
2019,127,0
2020,128,0
2021,128,0
2022,128,0
2023,128,0
2024,128,0
2025,128,0
2026,128,0
106,129,0
469,129,0
479,129,0
481,129,0
129,1584,3
1755,129,0
129,1909,3
2027,129,0
2028,129,0
2029,129,0
130,1148,3
130,1224,3
2030,131,0
2031,131,0
1942,132,0
1946,132,0
2032,132,0
2033,132,0
133,188,3
235,133,0
236,133,0
237,133,0
238,133,0
457,133,0
479,133,0
480,133,0
481,133,0
133,717,3
1429,133,0
133,1493,3
98,134,0
180,134,0
226,134,0
227,134,0
228,134,0
134,1596,3
134,1725,3
226,135,0
228,135,0
537,135,0
135,1256,3
1780,135,0
135,1826,3
2037,135,0
2038,135,0
2039,135,0
2040,135,0
2041,135,0
2042,135,0
2043,135,0
2044,135,0
2045,135,0
412,136,0
136,758,3
136,1816,3
2046,137,0
2047,137,0
139,235,3
1358,139,0
139,1978,3
2049,139,0
8,140,0
106,140,0
481,140,0
140,613,3
1212,140,0
2050,140,0
2051,140,0
2052,140,0
140,2189,3
141,407,3
141,750,3
141,1052,3
1216,142,0
52,143,0
266,143,0
270,143,0
386,143,0
469,143,0
479,143,0
480,143,0
481,143,0
482,143,0
915,143,0
1417,143,0
1643,143,0
50,144,0
64,144,0
106,144,0
387,144,0
451,144,0
479,144,0
481,144,0
1395,144,0
1452,144,0
1870,144,0
2057,144,0
2058,144,0
145,488,3
689,145,0
737,145,0
900,145,0
145,947,3
969,145,0
970,145,0
146,465,3
1514,146,0
1587,146,0
1858,146,0
1859,146,0
1860,146,0
1862,146,0
1863,146,0
1864,146,0
1865,146,0
147,614,3
147,1252,3
147,2005,3
780,148,0
781,148,0
1332,148,0
1617,148,0
2072,148,0
872,149,0
955,149,0
1280,149,0
149,1615,3
2073,149,0
2074,149,0
1657,150,0
1694,150,0
2081,150,0
2082,150,0
2083,150,0
151,235,3
151,529,3
151,1935,3
151,2014,3
151,2048,3
2093,151,0
2094,151,0
9,152,0
109,152,0
202,152,0
424,152,0
488,152,0
489,152,0
646,152,0
656,152,0
1279,152,0
1388,152,0
1402,152,0
1426,152,0
1538,152,0
1588,152,0
1662,152,0
1682,152,0
1766,152,0
1767,152,0
1768,152,0
1769,152,0
2084,152,0
2095,152,0
2096,152,0
2097,152,0
2098,152,0
2099,152,0
2100,152,0
2101,152,0
2102,152,0
2103,152,0
2104,152,0
2105,152,0
2106,152,0
1,153,0
8,153,0
61,153,0
123,153,0
402,153,0
481,153,0
652,153,0
781,153,0
1034,153,0
1557,153,0
2003,153,0
2150,153,0
2151,153,0
2152,153,0
2153,153,0
1265,154,0
1266,154,0
154,1378,3
2158,154,0
2159,154,0
2160,154,0
2161,154,0
155,351,3
947,155,0
948,155,0
949,155,0
1025,155,0
155,1121,3
6,156,0
83,156,0
168,156,0
185,156,0
188,156,0
201,156,0
224,156,0
225,156,0
240,156,0
346,156,0
405,156,0
409,156,0
441,156,0
457,156,0
505,156,0
506,156,0
507,156,0
508,156,0
509,156,0
534,156,0
549,156,0
553,156,0
554,156,0
561,156,0
563,156,0
565,156,0
597,156,0
598,156,0
601,156,0
603,156,0
611,156,0
615,156,0
616,156,0
652,156,0
656,156,0
671,156,0
731,156,0
757,156,0
767,156,0
768,156,0
769,156,0
770,156,0
774,156,0
775,156,0
777,156,0
779,156,0
781,156,0
811,156,0
967,156,0
1115,156,0
156,1137,3
1182,156,0
1325,156,0
1367,156,0
1385,156,0
1433,156,0
1434,156,0
1435,156,0
1436,156,0
1438,156,0
1439,156,0
1455,156,0
1463,156,0
1465,156,0
1466,156,0
1467,156,0
1470,156,0
1598,156,0
1713,156,0
1714,156,0
1718,156,0
1719,156,0
1800,156,0
156,1865,3
1867,156,0
1868,156,0
1923,156,0
1982,156,0
2034,156,0
2166,156,0
2167,156,0
2168,156,0
2169,156,0
2170,156,0
2171,156,0
2172,156,0
2173,156,0
2174,156,0
2175,156,0
2176,156,0
2177,156,0
2178,156,0
157,1590,3
1772,157,0
157,1894,3
532,158,0
555,158,0
556,158,0
557,158,0
558,158,0
835,158,0
946,158,0
158,2106,3
1831,159,0
159,2127,3
2179,159,0
2180,159,0
2181,159,0
2182,159,0
2183,159,0
2184,159,0
2185,159,0
2186,159,0
2187,159,0
160,972,3
1524,160,0
160,2079,3
160,2121,3
2188,160,0
2189,160,0
2190,160,0
872,161,0
510,162,0
511,162,0
512,162,0
162,713,3
2191,162,0
2192,162,0
1462,163,0
647,164,0
648,164,0
649,164,0
2193,165,0
267,166,0
166,1178,3
1325,166,0
166,1352,3
166,2129,3
2194,166,0
1007,167,0
1008,167,0
1009,167,0
82,168,0
1069,168,0
1118,168,0
1456,168,0
1531,168,0
2053,168,0
2054,168,0
2055,168,0
2195,168,0
2196,168,0
2197,168,0
2198,168,0
169,838,3
1004,169,0
169,1598,3
169,2155,3
1086,170,0
1346,170,0
1545,170,0
170,1730,3
2199,170,0
226,171,0
845,171,0
958,171,0
171,1465,3
2200,171,0
172,2000,3
2201,172,0
173,1681,3
2147,173,0
2202,173,0
396,174,0
705,174,0
174,809,3
1300,174,0
2056,174,0
2203,174,0
2204,174,0
175,337,3
175,401,3
175,956,3
175,1951,3
175,1993,3
177,344,3
179,1366,3
179,2129,3
182,692,3
183,245,3
183,523,3
183,1720,3
185,674,3
185,1059,3
188,314,3
188,733,3
189,1257,3
192,271,3
192,1181,3
193,563,3
193,1572,3
196,1458,3
196,1459,3
196,1595,3
197,245,3
198,908,3
199,1146,3
199,1705,3
199,1803,3
199,1823,3
200,423,3
201,1337,3
201,1392,3
201,1490,3
203,348,3
203,1924,3
203,2000,3
204,374,3
204,413,3
204,2107,3
205,341,3
205,401,3
205,1057,3
206,944,3
206,1371,3
206,2175,3
206,2177,3
207,466,3
207,1015,3
208,303,3
208,1390,3
208,1619,3
212,401,3
212,842,3
212,1726,3
213,929,3
213,979,3
214,1090,3
214,1115,3
215,670,3
215,1708,3
216,1383,3
217,1222,3
217,1252,3
217,1498,3
219,1364,3
219,2145,3
220,886,3
221,280,3
221,2133,3
222,693,3
222,1612,3
222,1894,3
222,1948,3
223,273,3
223,1902,3
224,1986,3
225,382,3
227,1389,3
228,807,3
228,916,3
228,1752,3
230,266,3
230,1908,3
231,1006,3
231,1730,3
231,1967,3
233,1874,3
234,1334,3
237,681,3
238,1821,3
239,841,3
240,1644,3
241,953,3
241,1113,3
242,1384,3
242,1541,3
243,851,3
244,852,3
245,389,3
245,1855,3
246,1144,3
247,1031,3
248,514,3
248,1120,3
248,2028,3
252,1578,3
253,2080,3
254,641,3
254,1030,3
255,267,3
255,1326,3
256,816,3
256,856,3
257,1930,3
258,772,3
259,697,3
259,1891,3
260,1767,3
260,2066,3
262,1388,3
263,1156,3
263,1564,3
263,1637,3
263,1852,3
264,897,3
265,601,3
265,1475,3
266,419,3
267,943,3
267,1312,3
268,1070,3
268,1100,3
269,738,3
269,1110,3
269,2178,3
270,1132,3
270,1362,3
271,1338,3
271,2009,3
271,2022,3
275,1851,3
276,495,3
276,1866,3
277,500,3
277,840,3
278,1835,3
280,1546,3
280,1772,3
282,362,3
284,1896,3
284,2100,3
285,1276,3
285,1989,3
286,355,3
286,878,3
287,1131,3
287,1223,3
288,415,3
290,368,3
290,978,3
292,1866,3
293,987,3
293,1763,3
294,722,3
294,2170,3
295,679,3
295,1195,3
295,1196,3
295,1305,3
296,987,3
296,1671,3
296,1875,3
297,1504,3
297,1689,3
299,873,3
299,1654,3
299,2131,3
301,1221,3
302,788,3
304,2174,3
306,1229,3
306,1660,3
306,2080,3
307,1562,3
309,555,3
309,1219,3
309,1319,3
309,2170,3
312,549,3
312,609,3
313,634,3
313,789,3
314,549,3
314,2064,3
315,2037,3
316,1280,3
316,1939,3
317,365,3
317,517,3
317,1671,3
319,618,3
319,1240,3
319,1393,3
319,1709,3
320,1250,3
321,446,3
321,537,3
323,1811,3
323,2169,3
324,1776,3
325,877,3
325,1692,3
326,1339,3
328,993,3
328,1628,3
329,861,3
329,1920,3
331,361,3
331,769,3
332,717,3
333,1595,3
333,2158,3
334,813,3
335,1382,3
335,2070,3
336,922,3
337,1451,3
338,817,3
338,2041,3
339,826,3
339,1255,3
340,364,3
340,1196,3
340,1371,3
341,1627,3
342,781,3
342,996,3
343,966,3
343,1062,3
343,1274,3
343,1676,3
343,1717,3
343,2078,3
343,2090,3
344,383,3
344,961,3
344,1112,3
348,1327,3
350,2192,3
351,1285,3
351,1550,3
353,2130,3
354,469,3
354,1799,3
355,987,3
355,2119,3
356,1140,3
357,899,3
357,2144,3
359,718,3
359,969,3
360,1283,3
360,1460,3
363,1046,3
364,1578,3
365,713,3
365,2183,3
366,740,3
366,1057,3
366,2041,3
367,983,3
368,659,3
368,1002,3
368,1571,3
368,1689,3
369,852,3
369,1183,3
369,1385,3
369,1595,3
370,1366,3
371,1755,3
372,843,3
372,1588,3
373,1418,3
373,1456,3
374,594,3
376,1314,3
376,2051,3
377,1785,3
378,933,3
379,1827,3
380,1174,3
380,1687,3
380,2174,3
381,533,3
381,1061,3
382,939,3
382,1285,3
382,2194,3
383,1595,3
383,1601,3
383,1775,3
384,556,3
385,956,3
385,1228,3
385,1505,3
387,773,3
387,975,3
387,1366,3
387,1372,3
388,1816,3
389,651,3
389,1336,3
389,1341,3
390,2043,3
390,2197,3
392,1401,3
394,1265,3
395,1305,3
395,1554,3
395,1639,3
396,882,3
396,924,3
397,1082,3
402,949,3
403,546,3
404,846,3
404,2000,3
405,681,3
405,895,3
406,2138,3
406,2156,3
408,873,3
408,997,3
409,741,3
409,1772,3
410,540,3
412,1173,3
413,1857,3
414,779,3
415,1728,3
416,1192,3
416,1224,3
417,811,3
418,725,3
420,494,3
420,1939,3
423,1203,3
423,2167,3
424,2149,3
425,503,3
425,1358,3
426,1659,3
427,1322,3
427,1825,3
428,738,3
428,1726,3
429,1465,3
430,2102,3
431,1234,3
431,1490,3
433,1744,3
433,1861,3
434,513,3
436,2105,3
437,1257,3
438,570,3
438,1906,3
439,994,3
440,2054,3
441,670,3
442,929,3
442,1084,3
443,2015,3
444,658,3
444,1269,3
444,2137,3
445,538,3
445,1820,3
447,1029,3
448,1782,3
449,1017,3
449,1552,3
450,1756,3
452,1006,3
452,1600,3
454,1758,3
456,543,3
456,1060,3
456,1136,3
457,651,3
458,558,3
458,1546,3
459,1795,3
460,715,3
460,808,3
460,1305,3
460,1919,3
462,489,3
462,576,3
465,1541,3
465,1729,3
466,1399,3
466,1492,3
467,1556,3
469,1517,3
470,706,3
470,1871,3
471,2002,3
472,1694,3
473,581,3
473,1402,3
474,1324,3
474,1492,3
475,1611,3
476,505,3
476,1659,3
478,954,3
479,692,3
479,1891,3
480,1130,3
480,1342,3
482,522,3
482,1879,3
482,2166,3
483,1492,3
483,2019,3
484,1810,3
485,1943,3
486,892,3
486,1610,3
488,2202,3
490,839,3
492,2021,3
494,1305,3
494,1486,3
494,1553,3
495,2002,3
495,2113,3
496,603,3
497,536,3
497,755,3
497,2173,3
498,1996,3
499,1014,3
499,1220,3
499,1721,3
500,1737,3
501,515,3
501,553,3
501,1983,3
502,1626,3
503,1367,3
505,1252,3
506,735,3
507,855,3
507,1589,3
510,1442,3
512,2038,3
513,579,3
514,1683,3
515,605,3
515,1035,3
517,988,3
519,1245,3
519,1716,3
520,1519,3
523,618,3
524,2203,3
525,1043,3
526,597,3
526,676,3
526,1543,3
527,845,3
527,877,3
530,1516,3
534,1577,3
534,1990,3
538,683,3
538,1002,3
538,1280,3
540,1792,3
541,2031,3
542,1024,3
542,1043,3
543,1097,3
543,1161,3
545,692,3
545,1936,3
545,2030,3
546,1473,3
547,596,3
547,729,3
547,913,3
547,967,3
548,816,3
549,816,3
549,1508,3
550,2113,3
552,1745,3
552,2106,3
553,1397,3
554,1105,3
555,1465,3
555,1527,3
555,2050,3
556,1895,3
558,1511,3
559,1949,3
561,1044,3
562,1804,3
563,930,3
564,1752,3
568,1178,3
568,1866,3
568,1899,3
569,1380,3
570,715,3
570,1119,3
570,1674,3
571,594,3
573,655,3
573,1970,3
574,805,3
574,1557,3
574,1892,3
575,1063,3
577,1420,3
577,1826,3
578,1329,3
579,754,3
579,2171,3
581,1868,3
581,2009,3
583,2008,3
583,2169,3
584,1831,3
585,690,3
585,1674,3
585,2144,3
586,2041,3
587,770,3
587,1469,3
587,1520,3
589,915,3
590,1202,3
591,976,3
591,1523,3
591,1815,3
592,1616,3
592,1923,3
593,603,3
593,1673,3
593,1781,3
594,2198,3
595,1091,3
597,1106,3
598,629,3
600,924,3
600,1730,3
602,1982,3
606,817,3
608,1961,3
609,1566,3
611,712,3
613,1123,3
613,1189,3
614,868,3
614,1574,3
615,1154,3
616,1555,3
616,1576,3
616,2133,3
618,1014,3
618,1490,3
618,1681,3
618,1979,3
619,1975,3
620,2083,3
621,716,3
621,932,3
621,975,3
621,1546,3
621,1590,3
623,1500,3
623,2086,3
624,897,3
625,758,3
626,933,3
628,637,3
628,686,3
629,2112,3
630,1271,3
630,1488,3
631,1446,3
631,1784,3
632,938,3
633,1827,3
633,2162,3
635,1325,3
637,1369,3
638,1518,3
638,2183,3
639,1077,3
639,1230,3
639,1698,3
639,2184,3
642,1879,3
645,1014,3
645,1149,3
646,669,3
646,1903,3
647,1744,3
647,1776,3
648,1591,3
649,2171,3
650,796,3
650,1340,3
651,864,3
651,1883,3
652,1565,3
652,1840,3
653,1113,3
655,1600,3
656,850,3
657,825,3
657,1513,3
658,1331,3
658,1371,3
660,1328,3
661,1544,3
661,2018,3
664,1156,3
664,1820,3
664,1880,3
667,801,3
667,1574,3
668,1403,3
668,2023,3
668,2063,3
670,695,3
670,1119,3
670,1342,3
673,1243,3
674,1427,3
674,1719,3
675,984,3
675,1674,3
675,1776,3
675,2107,3
677,1334,3
678,679,3
678,2164,3
679,998,3
679,1485,3
680,1960,3
681,1056,3
681,1618,3
681,2068,3
682,940,3
684,782,3
684,822,3
684,1365,3
685,1314,3
686,1337,3
687,914,3
689,1004,3
689,1929,3
690,1057,3
690,1144,3
691,1980,3
692,1495,3
693,1747,3
694,1041,3
695,873,3
695,1774,3
695,2126,3
696,1028,3
696,1258,3
697,1232,3
698,2190,3
701,1340,3
702,787,3
702,1290,3
702,1868,3
703,1841,3
703,2160,3
706,1032,3
707,1167,3
707,1457,3
707,1921,3
708,2186,3
710,2148,3
713,1975,3
714,1892,3
716,1366,3
718,769,3
719,1624,3
720,1008,3
721,1472,3
722,997,3
724,2048,3
726,1230,3
728,1109,3
728,1993,3
728,2188,3
730,1125,3
731,2094,3
732,870,3
736,976,3
736,1697,3
737,915,3
737,1668,3
737,1973,3
738,2116,3
740,1719,3
740,1949,3
741,958,3
741,1456,3
742,1420,3
743,2139,3
745,1533,3
746,1204,3
746,1595,3
746,1863,3
746,2025,3
747,1150,3
747,1158,3
748,1602,3
750,809,3
750,1089,3
751,1009,3
751,1088,3
751,2013,3
753,1431,3
753,1933,3
755,1960,3
755,1985,3
756,1183,3
758,1557,3
758,1768,3
762,1596,3
763,1421,3
763,1564,3
763,1742,3
765,1449,3
767,1720,3
768,1846,3
769,1460,3
770,2169,3
772,1722,3
772,2196,3
773,878,3
773,1721,3
773,2076,3
774,860,3
774,1047,3
777,2055,3
778,1305,3
779,1546,3
779,2066,3
781,1124,3
783,1367,3
783,1727,3
784,1596,3
784,1948,3
786,802,3
786,911,3
787,1784,3
792,1612,3
792,1788,3
793,2097,3
795,1004,3
796,1823,3
797,1881,3
799,1737,3
800,1172,3
801,2165,3
804,990,3
804,2173,3
805,1891,3
809,2116,3
810,887,3
810,911,3
810,1014,3
811,2140,3
812,1291,3
815,1848,3
815,1933,3
816,1184,3
817,2004,3
819,1775,3
820,2056,3
820,2113,3
821,1215,3
823,852,3
823,941,3
824,945,3
824,1377,3
824,2045,3
824,2204,3
825,1893,3
826,885,3
826,1108,3
828,2071,3
830,860,3
830,1898,3
832,1463,3
832,1707,3
834,1418,3
834,2172,3
835,1765,3
840,1520,3
841,1480,3
841,1570,3
841,1702,3
841,1968,3
844,1396,3
847,1667,3
849,916,3
850,2107,3
852,1025,3
852,1065,3
852,1276,3
853,962,3
854,1096,3
855,1933,3
856,1965,3
857,1833,3
858,1735,3
858,2020,3
859,1814,3
859,1870,3
860,1046,3
860,1120,3
860,1298,3
860,1687,3
862,894,3
867,1748,3
870,897,3
872,1573,3
872,1598,3
872,2049,3
873,1570,3
874,1238,3
877,1092,3
877,1165,3
878,1891,3
879,2048,3
880,1386,3
880,1905,3
884,1680,3
886,1997,3
886,2157,3
887,1140,3
888,983,3
890,2065,3
891,892,3
892,1009,3
894,1707,3
894,2108,3
895,1138,3
895,1185,3
895,1549,3
898,1163,3
898,1579,3
900,1639,3
900,1685,3
902,1433,3
905,1010,3
906,1309,3
907,1320,3
907,1581,3
912,1189,3
912,1584,3
914,917,3
916,1384,3
919,1214,3
919,1856,3
919,2155,3
920,1341,3
922,1401,3
929,1251,3
929,1537,3
931,1654,3
931,1676,3
932,963,3
934,960,3
934,1029,3
934,1443,3
934,1872,3
935,1167,3
937,1073,3
937,1757,3
937,1888,3
938,1560,3
941,1602,3
943,1090,3
943,1140,3
946,1040,3
950,951,3
950,1688,3
951,1287,3
952,1920,3
952,1976,3
953,1201,3
954,1029,3
955,1920,3
956,1960,3
957,1102,3
960,2053,3
961,1369,3
961,1422,3
961,1712,3
961,2035,3
963,1347,3
966,1347,3
966,1545,3
972,2071,3
973,2001,3
974,1018,3
975,1121,3
975,1649,3
976,1354,3
976,1526,3
976,1804,3
977,1436,3
979,1044,3
980,1215,3
981,2029,3
982,1090,3
984,1236,3
985,1436,3
985,2119,3
986,1337,3
986,1525,3
986,1881,3
989,1218,3
990,1801,3
992,1085,3
992,1715,3
993,1381,3
994,2059,3
995,1326,3
995,1394,3
996,1152,3
996,1967,3
997,1663,3
997,1683,3
998,1240,3
999,1643,3
999,2010,3
1000,1755,3
1000,2202,3
1001,1359,3
1001,2187,3
1003,1150,3
1003,1944,3
1003,2083,3
1004,2065,3
1005,1900,3
1008,2017,3
1010,1029,3
1012,1430,3
1013,1480,3
1013,2063,3
1014,1079,3
1015,1674,3
1017,1481,3
1018,1044,3
1018,1045,3
1018,1717,3
1019,1405,3
1021,2179,3
1022,2012,3
1023,1229,3
1023,2161,3
1024,2150,3
1025,2176,3
1029,2186,3
1030,2037,3
1031,1177,3
1039,1368,3
1040,1996,3
1042,1382,3
1042,1492,3
1042,2193,3
1043,2032,3
1045,1950,3
1046,1778,3
1050,1442,3
1050,1989,3
1051,1340,3
1053,1127,3
1056,1773,3
1056,2033,3
1059,1112,3
1059,1486,3
1060,1462,3
1060,1822,3
1062,1343,3
1063,1258,3
1063,1528,3
1064,1676,3
1064,1749,3
1066,1197,3
1068,1528,3
1070,1644,3
1070,2043,3
1071,1123,3
1071,1702,3
1072,1505,3
1073,1759,3
1077,1132,3
1077,1713,3
1078,1558,3
1079,1870,3
1081,2060,3
1082,1698,3
1083,1874,3
1084,1527,3
1084,1534,3
1085,2053,3
1086,1368,3
1086,1407,3
1088,1556,3
1090,1936,3
1091,2087,3
1093,1639,3
1095,1695,3
1095,1935,3
1096,1233,3
1097,1101,3
1097,2036,3
1099,1347,3
1099,2020,3
1101,1114,3
1101,1188,3
1101,1652,3
1104,1220,3
1104,2099,3
1106,1362,3
1107,1454,3
1115,1191,3
1115,2026,3
1117,1777,3
1117,1963,3
1117,2169,3
1119,1126,3
1119,1299,3
1119,1488,3
1123,1453,3
1124,1968,3
1125,1481,3
1126,1201,3
1126,1217,3
1126,1231,3
1127,1768,3
1128,1156,3
1128,1641,3
1131,1572,3
1137,1166,3
1137,1799,3
1139,1493,3
1141,1654,3
1144,1437,3
1148,1637,3
1150,1208,3
1150,1282,3
1150,1939,3
1151,1479,3
1155,1259,3
1157,1680,3
1157,1693,3
1159,1525,3
1159,2065,3
1161,1280,3
1165,2032,3
1166,1427,3
1166,2124,3
1167,1613,3
1171,1612,3
1171,1938,3
1171,2110,3
1173,1587,3
1173,1688,3
1174,2023,3
1176,1918,3
1178,1723,3
1179,1892,3
1183,1334,3
1184,1357,3
1185,1262,3
1187,2044,3
1188,2179,3
1189,1322,3
1190,1254,3
1191,1311,3
1192,1953,3
1194,1983,3
1196,1926,3
1198,1344,3
1199,2059,3
1200,1794,3
1201,2028,3
1205,1352,3
1205,1866,3
1209,1436,3
1209,1962,3
1214,1524,3
1214,1841,3
1214,2182,3
1215,1850,3
1218,1784,3
1219,1686,3
1221,1939,3
1222,1240,3
1223,1262,3
1224,1927,3
1228,1438,3
1228,1590,3
1229,1910,3
1231,1366,3
1235,2001,3
1236,1288,3
1236,1733,3
1238,1343,3
1242,1329,3
1245,1359,3
1245,1982,3
1246,1901,3
1248,1553,3
1248,1974,3
1249,1877,3
1250,1637,3
1253,1843,3
1254,1620,3
1254,1832,3
1255,2178,3
1256,1578,3
1257,1771,3
1259,1524,3
1259,2041,3
1263,1295,3
1263,1478,3
1265,1315,3
1265,1558,3
1266,1324,3
1267,1851,3
1272,2191,3
1273,1452,3
1273,1645,3
1273,1713,3
1273,2161,3
1274,2175,3
1275,1693,3
1275,1855,3
1276,1980,3
1277,1617,3
1278,1388,3
1278,1784,3
1285,1424,3
1285,1988,3
1289,2087,3
1290,1419,3
1291,1461,3
1291,1533,3
1292,1941,3
1293,2076,3
1293,2110,3
1293,2180,3
1297,1463,3
1299,1842,3
1300,1524,3
1302,2059,3
1303,1800,3
1303,1956,3
1307,1629,3
1307,1797,3
1312,1418,3
1312,2088,3
1316,1476,3
1316,1491,3
1317,2008,3
1321,1502,3
1324,2038,3
1326,1582,3
1326,1643,3
1334,1680,3
1338,2164,3
1341,1545,3
1341,1930,3
1342,1969,3
1345,2078,3
1349,1601,3
1349,1855,3
1349,2095,3
1350,1663,3
1350,1677,3
1350,2154,3
1351,1651,3
1351,1790,3
1354,1933,3
1358,1621,3
1359,1403,3
1363,1842,3
1365,1496,3
1366,2141,3
1367,1860,3
1376,1783,3
1377,1593,3
1378,2196,3
1380,1960,3
1382,1433,3
1382,1443,3
1382,1749,3
1382,1799,3
1382,1838,3
1383,1931,3
1388,1506,3
1388,1686,3
1392,1647,3
1392,2138,3
1395,1444,3
1396,1819,3
1397,1551,3
1398,2098,3
1399,2130,3
1403,1721,3
1404,1882,3
1404,2085,3
1407,1601,3
1407,2085,3
1408,1753,3
1413,2128,3
1414,2057,3
1415,1630,3
1416,1680,3
1416,1683,3
1416,1922,3
1416,2007,3
1417,1741,3
1417,2136,3
1421,1873,3
1423,2037,3
1424,2033,3
1426,2176,3
1427,1611,3
1427,1635,3
1428,1439,3
1429,1880,3
1430,1491,3
1430,1735,3
1432,1503,3
1432,2035,3
1433,1562,3
1434,1993,3
1437,2033,3
1441,1720,3
1446,2109,3
1456,1624,3
1457,1890,3
1457,1991,3
1458,2176,3
1459,1744,3
1460,1875,3
1464,1484,3
1464,1503,3
1468,1776,3
1468,2022,3
1470,1927,3
1472,1738,3
1474,1637,3
1475,1641,3
1479,1698,3
1482,1592,3
1485,1535,3
1486,1924,3
1486,2162,3
1489,1547,3
1490,1533,3
1490,2056,3
1491,1686,3
1491,2181,3
1492,1737,3
1493,1955,3
1494,1885,3
1495,2074,3
1497,1785,3
1500,1862,3
1502,1516,3
1502,1857,3
1503,1727,3
1504,1621,3
1504,2011,3
1511,1895,3
1515,1985,3
1515,2033,3
1520,1684,3
1521,2020,3
1524,1944,3
1525,1656,3
1526,1942,3
1526,2150,3
1529,1664,3
1529,1805,3
1529,1854,3
1529,2168,3
1530,1733,3
1531,1586,3
1531,1655,3
1531,1738,3
1533,2043,3
1536,1872,3
1540,1710,3
1541,1870,3
1545,1599,3
1545,1792,3
1545,1833,3
1546,1658,3
1549,1555,3
1549,1918,3
1549,2122,3
1551,2033,3
1554,1938,3
1557,1724,3
1560,2066,3
1564,1749,3
1564,1761,3
1564,1814,3
1564,2181,3
1565,1904,3
1566,1652,3
1566,2001,3
1567,1789,3
1570,1637,3
1571,1742,3
1571,2150,3
1574,1688,3
1577,1603,3
1581,2191,3
1586,1781,3
1586,2200,3
1596,2022,3
1597,1814,3
1597,2028,3
1599,2110,3
1602,2132,3
1605,1996,3
1607,2132,3
1621,2191,3
1631,1784,3
1631,2033,3
1632,1681,3
1633,2137,3
1637,2040,3
1638,2190,3
1649,2006,3
1655,1750,3
1655,1790,3
1656,1730,3
1656,1938,3
1659,1961,3
1660,2032,3
1662,2170,3
1663,1686,3
1667,1962,3
1669,1708,3
1671,2187,3
1675,1849,3
1676,1738,3
1676,2054,3
1678,1817,3
1678,2033,3
1685,1937,3
1692,2114,3
1694,1863,3
1700,2143,3
1703,1753,3
1706,2142,3
1714,2035,3
1718,1896,3
1728,1879,3
1729,2000,3
1731,1976,3
1737,1858,3
1738,1866,3
1739,2046,3
1748,2162,3
1751,1821,3
1755,2083,3
1757,1908,3
1761,2147,3
1769,1853,3
1773,2016,3
1774,2120,3
1782,1957,3
1783,1849,3
1784,1879,3
1786,2058,3
1789,2089,3
1793,2026,3
1794,2124,3
1796,2107,3
1797,1892,3
1797,1959,3
1799,1981,3
1800,2118,3
1801,2110,3
1809,2201,3
1821,2021,3
1830,2173,3
1844,1889,3
1844,2149,3
1848,2122,3
1877,1984,3
1880,2013,3
1883,1908,3
1890,2080,3
1892,1960,3
1895,2025,3
1900,2033,3
1901,2096,3
1928,2096,3
1936,1954,3
1944,2141,3
1953,1954,3
1955,1974,3
1960,1976,3
1960,2121,3
1970,2027,3
1971,2157,3
1980,2083,3
1986,2012,3
1986,2193,3
1992,2082,3
1995,2194,3
2008,2026,3
2013,2090,3
2019,2077,3
2019,2192,3
2023,2058,3
2025,2131,3
2042,2098,3
2065,2112,3
2123,2137,3
