0,0,2
0,7,2
0,10,1
0,25,1
0,27,1
0,28,1
0,43,1
0,44,3
0,91,1
0,100,1
0,111,1
0,152,1
0,175,1
0,176,1
0,177,1
0,178,1
0,179,1
0,180,1
0,181,1
0,182,1
0,183,1
0,184,1
0,185,1
0,186,1
0,187,1
0,188,1
0,189,1
0,190,1
0,191,1
0,192,1
0,193,1
0,194,1
0,195,1
0,196,1
0,197,1
0,198,1
0,199,1
0,200,1
0,201,1
0,202,1
0,203,1
0,204,1
0,205,1
0,206,1
0,207,1
0,208,1
0,209,1
0,210,1
0,211,1
0,212,1
0,213,1
0,214,1
0,215,1
0,216,1
0,217,1
0,218,1
0,219,1
0,220,1
0,221,1
0,222,1
0,223,1
0,224,1
0,225,1
0,226,1
0,227,1
0,228,1
0,229,1
0,230,1
0,231,1
0,232,1
0,233,1
0,234,1
0,235,1
0,236,1
0,237,1
0,238,1
0,239,1
0,240,1
0,241,1
0,242,1
0,243,1
0,244,1
0,245,1
0,246,1
0,247,1
0,248,1
0,249,1
0,250,1
0,251,1
0,252,1
0,253,1
0,254,1
0,255,1
0,256,1
0,257,1
0,258,1
0,259,1
0,260,1
0,261,1
0,262,1
0,263,1
0,264,1
0,265,1
0,266,1
0,267,1
0,268,1
0,269,1
0,270,1
0,271,1
0,272,1
0,273,1
0,274,1
0,275,1
0,276,1
0,277,1
0,278,1
0,279,1
0,280,1
0,281,1
0,282,1
0,283,1
0,284,1
0,285,1
0,286,1
0,287,1
0,288,1
0,289,1
0,290,1
0,291,1
0,292,1
0,293,1
0,294,1
0,295,1
0,296,1
0,297,1
0,298,1
0,299,1
0,300,1
0,301,1
0,302,1
0,303,1
0,304,1
0,305,1
0,306,1
0,307,1
0,308,1
0,309,1
0,310,1
0,311,1
0,312,1
0,313,1
0,314,1
0,315,1
0,316,1
0,317,1
0,318,1
0,319,1
0,320,1
0,321,1
0,322,1
0,323,1
0,324,1
0,325,1
0,326,1
0,327,1
0,328,1
0,329,1
0,330,1
0,331,1
0,332,1
0,333,1
0,334,1
0,335,1
0,336,1
0,337,1
0,338,1
0,339,1
0,340,1
0,341,1
0,342,1
0,343,1
0,344,1
0,345,1
0,346,1
0,347,1
0,348,1
0,349,1
0,350,1
0,351,1
0,352,1
0,353,1
0,354,1
0,355,1
0,356,1
0,357,1
0,358,1
0,359,1
0,360,1
0,361,1
0,362,1
0,363,1
0,364,1
0,365,1
0,366,1
0,367,1
0,368,1
0,369,1
0,370,1
0,371,1
0,372,1
0,373,1
0,374,1
0,375,1
0,376,1
0,377,1
0,378,1
0,379,1
0,380,1
0,381,1
0,382,1
0,383,1
0,384,1
0,385,1
0,386,1
0,387,1
0,388,1
0,389,1
0,390,1
0,391,1
0,392,1
0,744,3
1,1,2
1,25,2
1,199,1
1,200,1
1,235,1
1,269,1
1,272,1
1,278,1
1,279,1
1,393,1
1,394,1
1,395,1
1,396,1
1,397,1
1,398,1
1,399,1
1,400,1
1,401,1
1,402,1
1,403,1
1,404,1
1,405,1
1,406,1
1,407,1
1,408,1
1,409,1
1,410,1
1,411,1
1,412,1
1,413,1
1,414,1
1,415,1
1,416,1
1,417,1
1,418,1
1,419,1
1,420,1
1,421,1
1,422,1
1,423,1
1,424,1
1,425,1
1,426,1
1,427,1
1,799,3
1,1087,3
2,2,2
2,428,1
2,429,1
2,430,1
2,431,1
2,432,1
2,433,1
2,434,1
2,435,1
2,436,1
2,437,1
2,438,1
2,687,3
2,1036,3
2,1956,3
3,3,2
3,43,1
3,245,1
3,254,1
3,304,1
3,395,1
3,439,1
3,440,1
3,441,1
3,442,1
3,443,1
3,444,1
3,445,1
3,946,3
3,1308,3
3,1596,3
4,25,1
4,73,3
4,100,1
4,106,1
4,121,1
4,272,1
4,281,3
4,414,1
4,429,1
4,446,1
4,447,1
4,448,1
4,449,1
4,450,1
4,451,1
4,452,1
4,453,1
4,454,1
4,455,1
4,456,1
4,457,1
4,458,1
4,459,1
4,460,1
4,461,1
4,462,1
4,463,1
4,464,1
4,465,1
4,466,1
4,467,1
4,468,1
4,469,1
4,470,1
4,471,1
4,472,1
4,473,1
4,474,1
4,475,1
4,476,1
4,477,1
4,478,1
4,479,1
4,480,1
4,481,1
4,482,1
4,483,1
4,484,1
4,485,1
4,486,1
4,487,1
4,488,1
4,489,1
4,490,1
4,491,1
4,492,1
4,493,1
4,1256,3
4,2095,3
5,33,1
5,191,1
5,194,1
5,494,1
5,495,1
5,496,1
5,497,1
5,498,1
5,499,1
5,500,1
5,501,1
5,502,1
5,503,1
5,504,1
5,505,1
5,506,1
5,507,1
5,508,1
5,509,1
5,510,1
5,511,1
5,512,1
5,513,1
5,514,1
5,515,1
5,516,1
5,517,1
5,518,1
5,519,1
5,520,1
5,521,1
5,522,1
5,523,1
5,524,1
5,525,1
5,526,1
5,527,1
5,528,1
5,529,1
5,530,1
5,531,1
5,1047,3
5,1423,3
5,1550,3
6,8,1
6,9,1
6,11,1
6,17,2
6,21,1
6,22,1
6,29,1
6,61,1
6,103,1
6,104,1
6,108,1
6,112,1
6,158,1
6,164,1
6,175,1
6,177,1
6,185,1
6,188,1
6,189,1
6,190,1
6,196,1
6,197,1
6,205,1
6,206,1
6,225,1
6,237,1
6,238,1
6,239,1
6,240,1
6,241,1
6,242,1
6,243,1
6,249,1
6,255,1
6,276,1
6,281,1
6,282,1
6,283,1
6,284,1
6,287,1
6,290,1
6,291,1
6,292,1
6,293,1
6,294,1
6,295,1
6,296,1
6,346,1
6,383,1
6,385,1
6,397,1
6,401,1
6,405,1
6,409,1
6,432,1
6,464,1
6,511,1
6,512,1
6,514,1
6,515,1
6,519,1
6,520,1
6,522,1
6,523,1
6,524,1
6,525,1
6,526,1
6,527,1
6,528,1
6,529,1
6,532,1
6,533,1
6,534,1
6,535,1
6,536,1
6,537,1
6,538,1
6,539,1
6,540,1
6,541,1
6,542,1
6,543,1
6,544,1
6,545,1
6,546,1
6,547,1
6,548,1
6,549,1
6,550,1
6,551,1
6,552,1
6,553,1
6,554,1
6,555,1
6,556,1
6,557,1
6,558,1
6,559,1
6,560,1
6,561,1
6,562,1
6,563,1
6,564,1
6,565,1
6,566,1
6,567,1
6,568,1
6,569,1
6,570,1
6,571,1
6,572,1
6,573,1
6,574,1
6,575,1
6,576,1
6,577,1
6,578,1
6,579,1
6,580,1
6,581,1
6,582,1
6,583,1
6,584,1
6,585,1
6,586,1
6,587,1
6,588,1
6,589,1
6,590,1
6,591,1
6,592,1
6,593,1
6,594,1
6,595,1
6,596,1
6,597,1
6,598,1
6,599,1
6,600,1
6,601,1
6,602,1
6,603,1
6,604,1
6,605,1
6,606,1
6,607,1
6,608,1
6,609,1
6,610,1
6,611,1
6,612,1
6,613,1
6,614,1
6,615,1
6,616,1
6,617,1
6,618,1
6,619,1
6,620,1
6,621,1
6,622,1
6,623,1
6,624,1
6,625,1
6,626,1
6,627,1
6,628,1
6,629,1
6,630,1
6,631,1
6,632,1
6,633,1
6,634,1
6,635,1
6,636,1
6,637,1
6,638,1
6,639,1
6,640,1
6,641,1
6,642,1
6,643,1
6,644,1
6,645,1
6,646,1
6,647,1
6,648,1
6,649,1
6,650,1
6,651,1
6,652,1
6,653,1
6,654,1
6,655,1
6,656,1
6,657,1
6,658,1
6,659,1
6,660,1
6,661,1
6,662,1
6,663,1
6,664,1
6,665,1
6,666,1
6,667,1
6,668,1
6,669,1
6,670,1
6,671,1
6,672,1
6,673,1
6,674,1
6,675,1
6,676,1
6,677,1
6,678,1
6,679,1
6,680,1
6,681,1
6,682,1
6,683,1
6,684,1
6,685,1
6,686,1
6,687,1
6,688,1
6,689,1
6,690,1
6,691,1
6,692,1
6,693,1
6,694,1
6,695,1
6,696,1
6,697,1
6,698,1
6,699,1
6,700,1
6,701,1
6,702,1
6,703,1
6,704,1
6,705,1
6,706,1
6,707,1
6,708,1
6,709,1
6,710,1
6,711,1
6,712,1
6,713,1
6,714,1
6,715,1
6,716,1
6,717,1
6,718,1
6,719,1
6,720,1
6,721,1
6,722,1
6,723,1
6,724,1
6,725,1
6,726,1
6,727,1
6,728,1
6,729,1
6,730,1
6,731,1
6,795,3
7,7,2
7,12,1
7,30,1
7,44,1
7,51,1
7,52,1
7,54,1
7,55,1
7,56,1
7,60,1
7,61,1
7,66,1
7,67,1
7,68,1
7,69,1
7,77,1
7,79,1
7,80,1
7,84,1
7,95,1
7,96,1
7,97,1
7,100,1
7,102,1
7,104,1
7,106,1
7,107,1
7,112,1
7,114,1
7,116,1
7,120,1
7,127,1
7,145,1
7,153,1
7,155,1
7,158,1
7,167,1
7,169,1
7,177,1
7,180,1
7,181,1
7,187,1
7,188,1
7,190,1
7,192,1
7,193,1
7,205,1
7,209,1
7,211,1
7,212,1
7,213,1
7,223,1
7,226,1
7,227,1
7,230,1
7,231,1
7,234,1
7,244,1
7,246,1
7,251,1
7,256,1
7,257,1
7,260,1
7,263,1
7,265,1
7,266,1
7,269,1
7,273,1
7,278,1
7,300,1
7,301,1
7,302,1
7,304,1
7,384,1
7,386,1
7,392,1
7,393,1
7,396,1
7,407,1
7,408,1
7,411,1
7,421,1
7,457,1
7,460,1
7,479,1
7,480,1
7,481,1
7,488,1
7,489,1
7,530,1
7,535,1
7,538,1
7,559,1
7,560,1
7,597,1
7,599,1
7,600,1
7,601,1
7,602,1
7,603,1
7,604,1
7,607,1
7,608,1
7,611,1
7,612,1
7,617,1
7,624,1
7,633,1
7,636,1
7,637,1
7,639,1
7,640,1
7,643,1
7,645,1
7,665,1
7,675,1
7,676,1
7,677,1
7,708,1
7,710,1
7,712,1
7,713,1
7,714,1
7,716,1
7,724,1
7,725,1
7,729,1
7,732,1
7,733,1
7,734,1
7,735,1
7,736,1
7,737,1
7,738,1
7,739,1
7,740,1
7,741,1
7,742,1
7,743,1
7,744,1
7,745,1
7,746,1
7,747,1
7,748,1
7,749,1
7,750,1
7,751,1
7,752,1
7,753,1
7,754,1
7,755,1
7,756,1
7,757,1
7,758,1
7,759,1
7,760,1
7,761,1
7,762,1
7,763,1
7,764,1
7,765,1
7,766,1
7,767,1
7,768,1
7,769,1
7,770,1
7,771,1
7,772,1
7,773,1
7,774,1
7,775,1
7,776,1
7,777,1
7,778,1
7,779,1
7,780,1
7,781,1
7,782,1
7,783,1
7,784,1
7,785,1
7,786,1
7,787,1
7,788,1
7,789,1
7,790,1
7,791,1
7,792,1
7,793,1
7,794,1
7,795,1
7,796,1
7,797,1
7,798,1
7,799,1
7,800,1
7,801,1
7,802,1
7,803,1
7,804,1
7,805,1
7,806,1
7,807,1
7,808,1
7,809,1
7,810,1
7,811,1
7,812,1
7,813,1
7,814,1
7,815,1
7,816,1
7,817,1
7,818,1
7,819,1
7,820,1
7,821,1
7,822,1
7,823,1
7,824,1
7,825,1
7,826,1
7,827,1
7,828,1
7,829,1
7,830,1
7,831,1
7,832,1
7,833,1
7,834,1
7,835,1
7,836,1
7,837,1
7,838,1
7,839,1
7,840,1
7,841,1
7,842,1
7,843,1
7,844,1
7,845,1
7,846,1
7,847,1
7,848,1
7,849,1
7,850,1
7,851,1
7,852,1
7,853,1
7,854,1
7,855,1
7,856,1
7,857,1
7,858,1
7,859,1
7,860,1
7,861,1
7,862,1
7,863,1
7,864,1
7,865,1
7,866,1
7,867,1
7,868,1
7,869,1
7,870,1
7,871,1
7,872,1
7,873,1
7,874,1
7,875,1
7,876,1
7,877,1
7,878,1
7,879,1
7,880,1
7,881,1
7,882,1
7,883,1
7,884,1
7,885,1
7,886,1
7,887,1
7,888,1
7,889,1
7,891,1
7,892,1
7,893,1
7,894,1
7,895,1
7,896,1
7,897,1
7,898,1
7,899,1
7,900,1
7,901,1
7,902,1
7,903,1
7,904,1
7,905,1
7,906,1
7,907,1
7,908,1
7,910,1
7,911,1
7,912,1
7,913,1
7,914,1
7,915,1
7,916,1
7,926,1
7,927,1
7,928,1
7,929,1
7,930,1
7,931,1
7,932,1
7,933,1
7,934,1
7,935,1
7,936,1
7,937,1
7,938,1
7,939,1
7,940,1
7,941,1
7,942,1
7,943,1
7,944,1
7,945,1
7,946,1
7,947,1
7,948,1
7,949,1
7,950,1
7,951,1
7,952,1
7,953,1
7,954,1
7,955,1
7,956,1
7,957,1
7,958,1
7,959,1
7,960,1
7,961,1
7,962,1
7,963,1
7,964,1
7,965,1
7,966,1
7,967,1
7,968,1
7,969,1
7,970,1
7,971,1
7,972,1
7,973,1
7,974,1
7,975,1
7,976,1
7,977,1
7,978,1
7,979,1
7,980,1
7,981,1
7,982,1
7,983,1
7,984,1
7,985,1
7,986,1
7,987,1
7,988,1
7,989,1
7,990,1
7,991,1
7,992,1
7,993,1
7,994,1
7,995,1
7,996,1
7,997,1
7,998,1
7,999,1
7,1000,1
7,1001,1
7,1002,1
7,1003,1
7,1004,1
7,1005,1
7,1006,1
7,1007,1
7,1008,1
7,1009,1
7,1010,1
7,1011,1
7,1012,1
7,1013,1
7,1014,1
7,1015,1
7,1016,1
7,1017,1
7,1018,1
7,1019,1
7,1020,1
7,1021,1
7,1022,1
7,1023,1
7,1024,1
7,1025,1
7,1026,1
7,1027,1
7,1028,1
7,1029,1
7,1030,1
7,1031,1
7,1032,1
7,1266,3
8,8,2
8,1033,1
8,1034,1
9,9,2
9,13,1
9,20,2
9,36,1
9,41,1
9,48,1
9,52,1
9,82,1
9,88,1
9,92,1
9,99,1
9,100,1
9,105,1
9,107,1
9,110,1
9,112,1
9,117,1
9,118,1
9,119,1
9,122,1
9,149,1
9,161,1
9,163,1
9,177,1
9,180,1
9,266,1
9,268,1
9,284,1
9,285,1
9,304,1
9,311,1
9,440,1
9,441,1
9,442,1
9,444,1
9,445,1
9,447,1
9,457,1
9,472,1
9,504,1
9,505,1
9,507,1
9,520,1
9,522,1
9,523,1
9,537,1
9,546,1
9,548,1
9,550,1
9,562,1
9,573,1
9,599,1
9,621,1
9,631,1
9,633,1
9,642,3
9,687,1
9,693,1
9,694,1
9,695,1
9,719,1
9,729,1
9,734,1
9,738,1
9,743,1
9,744,1
9,788,1
9,808,1
9,810,1
9,828,1
9,834,1
9,852,1
9,863,1
9,885,1
9,888,1
9,889,1
9,891,1
9,896,1
9,899,1
9,905,1
9,910,1
9,915,1
9,928,1
9,943,1
9,953,1
9,1014,1
9,1023,1
9,1035,1
9,1036,1
9,1037,1
9,1038,1
9,1039,1
9,1040,1
9,1041,1
9,1042,1
9,1043,1
9,1044,1
9,1045,1
9,1046,1
9,1047,1
9,1048,1
9,1049,1
9,1050,1
9,1051,1
9,1052,1
9,1053,1
9,1054,1
9,1055,1
9,1056,1
9,1057,1
9,1058,1
9,1059,1
9,1060,1
9,1061,1
9,1062,1
9,1063,1
9,1064,1
9,1065,1
9,1066,1
9,1067,1
9,1068,1
9,1069,1
9,1070,1
9,1071,1
9,1072,1
9,1073,1
9,1074,1
9,1075,1
9,1076,1
9,1077,1
9,1078,1
9,1079,1
9,1080,1
9,1081,1
9,1082,1
9,1083,1
9,1084,1
9,1085,1
9,1086,1
9,1087,1
9,1088,1
9,1089,1
9,1090,1
9,1091,1
9,1092,1
9,1093,1
9,1094,1
9,1095,1
9,1096,1
9,1097,1
9,1098,1
9,1099,1
9,1100,1
9,1101,1
9,1102,1
9,1103,1
9,1104,1
9,1105,1
9,1106,1
9,1107,1
9,1108,1
9,1109,1
9,1110,1
9,1111,1
9,1112,1
9,1113,1
9,1114,1
9,1115,1
9,1116,1
9,1117,1
9,1118,1
9,1119,1
9,1120,1
9,1121,1
9,1122,1
9,1123,1
9,1124,1
9,1125,1
9,1126,1
9,1127,1
9,1128,1
9,1129,1
9,1130,1
9,1131,1
9,1132,1
9,1133,1
9,1134,1
9,1135,1
9,1136,1
9,1137,1
9,1138,1
9,1139,1
9,1140,1
9,1141,1
9,1142,1
9,1143,1
9,1144,1
9,1145,1
9,1146,1
9,1147,1
9,1148,1
9,1149,1
9,1150,1
9,1151,1
9,1152,1
9,1153,1
9,1154,1
9,1155,1
9,1156,1
9,1157,1
9,1158,1
9,1159,1
9,1160,1
9,1161,1
9,1162,1
9,1163,1
9,1164,1
9,1165,1
9,1166,1
9,1167,1
9,1168,1
9,1169,1
9,1170,1
9,1171,1
9,1172,1
9,1173,1
9,1174,1
9,1175,1
9,1176,1
9,1177,1
9,1178,1
9,1179,1
9,1180,1
9,1181,1
9,1182,1
9,1183,1
9,1184,1
9,1185,1
9,1186,1
9,1187,1
9,1188,1
9,1189,1
9,1190,1
9,1191,1
9,1192,1
9,1193,1
9,1194,1
9,1195,1
9,1196,1
9,1197,1
9,1198,1
9,1199,1
9,1200,1
9,1201,1
9,1202,1
9,1203,1
9,1204,1
9,1205,1
9,1206,1
9,1207,1
9,1208,1
9,1209,1
9,1210,1
9,1211,1
9,1212,1
9,1213,1
9,1214,1
9,1215,1
9,1216,1
9,1217,1
9,1218,1
9,1219,1
9,1220,1
9,1221,1
9,1222,1
9,1223,1
9,1224,1
9,1225,1
9,1226,1
9,1227,1
9,1228,1
9,1229,1
9,1230,1
9,1231,1
9,1232,1
9,1233,1
9,1234,1
9,1235,1
9,1236,1
9,1237,1
9,1238,1
9,1239,1
9,1240,1
9,1241,1
9,1242,1
9,1243,1
9,1244,1
9,1245,1
9,1246,1
9,1247,1
9,1248,1
9,1249,1
9,1250,1
9,1251,1
9,1252,1
9,1253,1
9,1254,1
9,1255,1
9,1256,1
9,1257,1
9,1258,1
9,1259,1
9,1260,1
9,1261,1
9,1262,1
9,1263,1
9,1264,1
9,1265,1
9,1266,1
9,1267,1
9,1268,1
9,1269,1
9,1270,1
9,1271,1
9,1272,1
9,1273,1
9,1274,1
9,1275,1
9,1276,1
9,1277,1
9,1278,1
9,1279,1
9,1280,1
9,1281,1
9,1282,1
9,1283,1
9,1284,1
9,1285,1
9,1286,1
9,1287,1
9,1288,1
9,1289,1
9,1290,1
9,1291,1
9,1292,1
9,1293,1
9,1294,1
9,1295,1
9,1296,1
9,1297,1
9,1298,1
9,1299,1
9,1300,1
9,1301,1
9,1302,1
9,1303,1
9,1304,1
9,1305,1
9,1306,1
9,1307,1
9,1308,1
9,1309,1
9,1310,1
9,1311,1
9,1312,1
9,1313,1
9,1314,1
9,1315,1
9,1316,1
9,1317,1
9,1318,1
9,1319,1
9,1320,1
9,1321,1
9,1322,1
9,1323,1
9,1324,1
9,1325,1
9,1326,1
9,1327,1
9,1328,1
9,1329,1
9,1330,1
9,1331,1
9,1332,1
9,1333,1
9,1334,1
9,1335,1
9,1336,1
9,1337,1
9,1338,1
9,1339,1
9,1340,1
9,1341,1
9,1342,1
9,1343,1
9,1344,1
9,1345,1
9,1346,1
9,1347,1
9,1348,1
9,1349,1
9,1350,1
9,1351,1
9,1352,1
9,1353,1
9,1354,1
9,1355,1
9,1356,1
9,1357,1
9,1358,1
9,1359,1
9,1360,1
9,1361,1
9,1362,1
9,1363,1
9,1364,1
9,1365,1
9,1366,1
9,1367,1
9,1368,1
9,1369,1
9,1370,1
9,1371,1
9,1372,1
9,1373,1
9,1374,1
9,1375,1
9,1376,1
9,1377,1
9,1378,1
9,1379,1
9,1380,1
9,1381,1
9,1382,1
9,1383,1
9,1384,1
9,1385,1
9,1386,1
9,1387,1
10,8,1
10,10,2
10,15,1
10,19,1
10,36,1
10,62,1
10,65,1
10,87,1
10,96,1
10,97,1
10,98,1
10,106,1
10,112,1
10,115,1
10,129,1
10,134,1
10,143,1
10,148,1
10,180,1
10,182,1
10,227,1
10,228,1
10,242,1
10,243,1
10,244,1
10,245,1
10,267,1
10,276,3
10,304,1
10,308,1
10,319,1
10,320,1
10,327,1
10,349,1
10,352,1
10,353,1
10,355,1
10,356,1
10,357,1
10,359,1
10,362,1
10,366,1
10,367,1
10,368,1
10,371,1
10,385,1
10,420,1
10,479,1
10,481,1
10,534,1
10,549,1
10,550,1
10,551,1
10,553,1
10,554,1
10,630,1
10,635,1
10,636,1
10,637,1
10,639,1
10,665,1
10,731,1
10,780,1
10,781,1
10,789,1
10,791,1
10,812,1
10,814,1
10,859,1
10,860,1
10,997,1
10,1024,1
10,1034,1
10,1082,1
10,1306,1
10,1367,1
10,1388,1
10,1389,1
10,1390,1
10,1391,1
10,1392,1
10,1393,1
10,1394,1
10,1395,1
10,1396,1
10,1397,1
10,1398,1
10,1399,1
10,1400,1
10,1401,1
10,1402,1
10,1403,1
10,1404,1
10,1405,1
10,1406,1
10,1407,1
10,1408,1
10,1409,1
10,1410,1
10,1411,1
10,1412,1
10,1413,1
10,1414,1
10,1415,1
10,1416,1
10,1417,1
10,1418,1
10,1419,1
10,1420,1
10,1421,1
10,1422,1
10,1423,1
10,1424,1
10,1425,1
10,1426,1
10,1427,1
10,1428,1
10,1429,1
10,1430,1
10,1431,1
10,1432,1
10,1433,1
10,1434,1
10,1435,1
10,1436,1
10,1437,1
10,1438,1
10,1439,1
10,1440,1
10,1441,1
10,1442,1
10,1443,1
10,1636,3
11,1,1
11,100,1
11,156,2
11,251,1
11,272,1
11,393,1
11,397,1
11,398,1
11,400,1
11,401,1
11,402,1
11,403,1
11,404,1
11,405,1
11,407,1
11,409,1
11,410,1
11,412,1
11,418,1
11,419,1
11,420,1
11,575,1
11,611,1
11,1033,1
11,1271,1
11,1444,1
11,1445,1
11,1446,1
11,1447,1
11,1448,1
11,1449,1
11,1450,1
11,1451,1
11,1452,1
11,1966,3
12,12,2
12,156,1
12,267,1
12,419,1
12,425,1
12,490,3
12,500,3
12,575,1
12,875,1
12,952,1
12,1055,1
12,1069,1
12,1453,1
12,1454,1
12,1455,1
12,1456,1
12,1457,1
12,1458,1
12,1459,1
12,1460,1
12,1461,1
12,1462,1
12,1463,1
12,1464,1
12,1465,1
12,1466,1
1467,12,0
1468,12,0
1469,12,0
1470,12,0
12,2133,3
3,13,0
13,13,2
28,13,0
29,13,0
46,13,0
116,13,0
573,13,0
574,13,0
578,13,0
13,687,3
868,13,0
869,13,0
1014,13,0
1093,13,0
1206,13,0
1315,13,0
1429,13,0
1471,13,0
1472,13,0
1473,13,0
1474,13,0
1475,13,0
1476,13,0
1477,13,0
1478,13,0
1479,13,0
1480,13,0
1481,13,0
1482,13,0
1483,13,0
1484,13,0
1485,13,0
1486,13,0
1487,13,0
1488,13,0
1489,13,0
1490,13,0
1491,13,0
1492,13,0
1493,13,0
1494,13,0
1495,13,0
1496,13,0
1497,13,0
1498,13,0
109,14,0
14,229,3
661,14,0
674,14,0
684,14,0
685,14,0
686,14,0
687,14,0
1230,14,0
1389,14,0
1390,14,0
1391,14,0
1393,14,0
1499,14,0
1500,14,0
1501,14,0
1502,14,0
1503,14,0
1504,14,0
1505,14,0
1506,14,0
1507,14,0
1508,14,0
1509,14,0
1510,14,0
1511,14,0
1512,14,0
14,2169,3
383,15,0
386,15,0
474,15,0
475,15,0
476,15,0
488,15,0
1074,15,0
1407,15,0
1417,15,0
1418,15,0
1419,15,0
1513,15,0
1514,15,0
1515,15,0
1516,15,0
1517,15,0
1518,15,0
15,2127,3
16,16,2
98,16,0
16,275,3
16,423,3
16,648,3
16,656,3
780,16,0
781,16,0
16,1225,3
16,1949,3
17,17,2
27,17,0
38,17,0
50,17,0
52,17,0
87,17,0
90,17,0
113,17,0
133,17,0
145,17,0
185,17,0
186,17,0
188,17,0
189,17,0
199,17,0
200,17,0
206,17,0
207,17,0
217,17,0
218,17,0
221,17,0
222,17,0
225,17,0
240,17,0
249,17,0
251,17,0
266,17,0
275,17,0
276,17,0
288,17,0
292,17,0
295,17,0
296,17,0
393,17,0
396,17,0
401,17,0
407,17,0
411,17,0
505,17,0
506,17,0
509,17,0
532,17,0
535,17,0
536,17,0
547,17,0
548,17,0
559,17,0
564,17,0
584,17,0
585,17,0
589,17,0
590,17,0
592,17,0
593,17,0
595,17,0
596,17,0
597,17,0
598,17,0
599,17,0
601,17,0
602,17,0
603,17,0
604,17,0
609,17,0
611,17,0
617,17,0
629,17,0
636,17,0
637,17,0
638,17,0
639,17,0
17,641,3
652,17,0
665,17,0
677,17,0
678,17,0
679,17,0
680,17,0
690,17,0
733,17,0
735,17,0
799,17,0
803,17,0
820,17,0
824,17,0
841,17,0
886,17,0
890,17,0
900,17,0
909,17,0
928,17,0
929,17,0
930,17,0
931,17,0
932,17,0
946,17,0
954,17,0
956,17,0
969,17,0
970,17,0
995,17,0
1033,17,0
1058,17,0
1077,17,0
1120,17,0
1140,17,0
1145,17,0
1174,17,0
1454,17,0
1519,17,0
1520,17,0
1521,17,0
1522,17,0
1523,17,0
1524,17,0
1525,17,0
1526,17,0
1527,17,0
1528,17,0
1529,17,0
1530,17,0
1531,17,0
1532,17,0
1533,17,0
1534,17,0
1535,17,0
1536,17,0
1537,17,0
1538,17,0
1539,17,0
1540,17,0
1541,17,0
1542,17,0
1543,17,0
1544,17,0
1545,17,0
1546,17,0
1547,17,0
1548,17,0
1549,17,0
1550,17,0
1551,17,0
1552,17,0
1553,17,0
1554,17,0
1555,17,0
1556,17,0
1557,17,0
1558,17,0
1559,17,0
1560,17,0
1561,17,0
1562,17,0
1563,17,0
1564,17,0
1565,17,0
1566,17,0
1567,17,0
1568,17,0
1569,17,0
17,1839,3
18,1410,3
1570,18,0
1571,18,0
18,1868,3
19,19,2
1407,19,0
19,1410,3
19,1591,3
2,20,0
16,20,0
29,20,0
20,38,2
63,20,0
64,20,0
98,20,0
108,20,0
130,20,0
134,20,0
138,20,0
141,20,0
165,20,0
172,20,0
174,20,0
175,20,0
177,20,0
203,20,0
204,20,0
224,20,0
287,20,0
306,20,0
308,20,0
320,20,0
321,20,0
326,20,0
328,20,0
338,20,0
349,20,0
350,20,0
351,20,0
352,20,0
353,20,0
354,20,0
355,20,0
357,20,0
358,20,0
359,20,0
360,20,0
361,20,0
362,20,0
363,20,0
364,20,0
365,20,0
367,20,0
368,20,0
374,20,0
417,20,0
421,20,0
422,20,0
424,20,0
429,20,0
434,20,0
437,20,0
444,20,0
445,20,0
456,20,0
475,20,0
506,20,0
508,20,0
533,20,0
538,20,0
539,20,0
548,20,0
556,20,0
559,20,0
560,20,0
561,20,0
580,20,0
626,20,0
628,20,0
631,20,0
656,20,0
705,20,0
734,20,0
788,20,0
796,20,0
820,20,0
827,20,0
20,834,3
837,20,0
847,20,0
852,20,0
853,20,0
888,20,0
891,20,0
892,20,0
914,20,0
959,20,0
997,20,0
999,20,0
1014,20,0
1034,20,0
1052,20,0
1060,20,0
1064,20,0
1065,20,0
1066,20,0
1067,20,0
1072,20,0
1073,20,0
1077,20,0
1078,20,0
1107,20,0
1125,20,0
1128,20,0
1144,20,0
1198,20,0
1227,20,0
1231,20,0
1238,20,0
1255,20,0
1261,20,0
1290,20,0
1366,20,0
1374,20,0
1378,20,0
1394,20,0
1396,20,0
1397,20,0
1398,20,0
1399,20,0
1400,20,0
1401,20,0
1404,20,0
1407,20,0
1416,20,0
1417,20,0
1418,20,0
1424,20,0
1485,20,0
1520,20,0
1535,20,0
1537,20,0
1538,20,0
1551,20,0
1572,20,0
1573,20,0
1574,20,0
1575,20,0
1576,20,0
1577,20,0
1578,20,0
1579,20,0
1580,20,0
1581,20,0
1582,20,0
1583,20,0
1584,20,0
1585,20,0
1586,20,0
1587,20,0
1588,20,0
1589,20,0
1590,20,0
1591,20,0
1592,20,0
1593,20,0
1594,20,0
1595,20,0
1596,20,0
1597,20,0
1598,20,0
1599,20,0
1600,20,0
1601,20,0
1602,20,0
1603,20,0
1604,20,0
1605,20,0
1606,20,0
1607,20,0
1608,20,0
1609,20,0
1610,20,0
1611,20,0
1612,20,0
1613,20,0
1614,20,0
1615,20,0
1616,20,0
1617,20,0
1618,20,0
1619,20,0
1620,20,0
1621,20,0
1622,20,0
1623,20,0
1624,20,0
1625,20,0
1626,20,0
1627,20,0
1628,20,0
1629,20,0
1630,20,0
1631,20,0
1632,20,0
1633,20,0
1634,20,0
1635,20,0
1636,20,0
1637,20,0
1638,20,0
1639,20,0
1640,20,0
1641,20,0
1642,20,0
1643,20,0
1644,20,0
1645,20,0
1646,20,0
1647,20,0
1648,20,0
1649,20,0
1650,20,0
1651,20,0
1652,20,0
1653,20,0
1654,20,0
1655,20,0
1656,20,0
1657,20,0
1658,20,0
1659,20,0
1660,20,0
1661,20,0
1662,20,0
1663,20,0
1664,20,0
1665,20,0
1666,20,0
1667,20,0
1668,20,0
1669,20,0
1670,20,0
1671,20,0
1672,20,0
1673,20,0
1674,20,0
1675,20,0
1676,20,0
1677,20,0
1678,20,0
1679,20,0
1680,20,0
1681,20,0
1682,20,0
1683,20,0
1684,20,0
1685,20,0
1686,20,0
1687,20,0
1688,20,0
1689,20,0
1690,20,0
1691,20,0
1692,20,0
1693,20,0
1694,20,0
1695,20,0
1696,20,0
1697,20,0
1698,20,0
1699,20,0
20,1915,3
21,21,2
709,21,0
712,21,0
713,21,0
21,22,0
22,22,2
496,22,0
499,22,0
501,22,0
502,22,0
503,22,0
566,22,0
567,22,0
568,22,0
569,22,0
612,22,0
624,22,0
709,22,0
712,22,0
713,22,0
715,22,0
22,1070,3
1700,22,0
1701,22,0
1702,22,0
22,1810,3
23,567,3
1703,23,0
1704,23,0
1705,23,0
1706,23,0
1707,23,0
890,24,0
24,1944,3
50,25,0
25,100,2
272,25,0
393,25,0
395,25,0
397,25,0
398,25,0
399,25,0
400,25,0
405,25,0
406,25,0
409,25,0
410,25,0
412,25,0
413,25,0
419,25,0
420,25,0
575,25,0
812,25,0
813,25,0
876,25,0
1419,25,0
1445,25,0
1449,25,0
1450,25,0
1561,25,0
1708,25,0
1709,25,0
1710,25,0
1711,25,0
26,26,2
26,139,3
217,26,0
219,26,0
220,26,0
221,26,0
522,26,0
523,26,0
524,26,0
526,26,0
527,26,0
26,755,3
1465,26,0
1467,26,0
1712,26,0
1713,26,0
1714,26,0
1715,26,0
1716,26,0
1717,26,0
1718,26,0
1719,26,0
27,27,2
1553,27,0
1564,27,0
1565,27,0
28,28,2
270,28,0
656,28,0
28,738,3
916,28,0
1034,28,0
1288,28,0
1420,28,0
1423,28,0
1575,28,0
28,1580,3
1679,28,0
1720,28,0
1721,28,0
1722,28,0
1723,28,0
1724,28,0
1725,28,0
29,255,3
270,29,0
383,29,0
386,29,0
29,469,3
29,795,3
915,29,0
29,1107,3
1417,29,0
1516,29,0
1030,30,0
30,1846,3
1726,31,0
1727,31,0
31,1903,3
14,32,0
29,32,0
52,32,0
65,32,0
396,32,0
403,32,0
404,32,0
412,32,0
413,32,0
795,32,0
797,32,0
32,800,3
829,32,0
887,32,0
1280,32,0
1418,32,0
1419,32,0
1452,32,0
1487,32,0
1675,32,0
1728,32,0
1729,32,0
1730,32,0
1731,32,0
1732,32,0
1733,32,0
1734,32,0
1735,32,0
1736,32,0
1737,32,0
1738,32,0
1739,32,0
1740,32,0
32,1984,3
112,33,0
158,33,0
175,33,0
190,33,0
201,33,0
218,33,0
220,33,0
221,33,0
235,33,0
236,33,0
237,33,0
238,33,0
239,33,0
242,33,0
243,33,0
247,33,0
249,33,0
275,33,0
277,33,0
280,33,0
281,33,0
282,33,0
283,33,0
285,33,0
287,33,0
288,33,0
289,33,0
290,33,0
293,33,0
295,33,0
296,33,0
389,33,0
390,33,0
515,33,0
517,33,0
519,33,0
522,33,0
523,33,0
525,33,0
526,33,0
528,33,0
532,33,0
538,33,0
544,33,0
545,33,0
552,33,0
555,33,0
557,33,0
617,33,0
618,33,0
619,33,0
620,33,0
622,33,0
628,33,0
629,33,0
647,33,0
650,33,0
651,33,0
663,33,0
675,33,0
677,33,0
678,33,0
679,33,0
680,33,0
682,33,0
683,33,0
695,33,0
697,33,0
698,33,0
699,33,0
700,33,0
702,33,0
717,33,0
1150,33,0
1542,33,0
1543,33,0
1544,33,0
1546,33,0
1547,33,0
1566,33,0
1741,33,0
1742,33,0
190,34,0
218,34,0
221,34,0
222,34,0
242,34,0
243,34,0
277,34,0
280,34,0
281,34,0
282,34,0
283,34,0
284,34,0
285,34,0
389,34,0
390,34,0
34,478,3
516,34,0
517,34,0
519,34,0
520,34,0
521,34,0
522,34,0
523,34,0
526,34,0
528,34,0
529,34,0
552,34,0
575,34,0
618,34,0
619,34,0
620,34,0
682,34,0
683,34,0
34,697,3
698,34,0
699,34,0
700,34,0
701,34,0
702,34,0
703,34,0
728,34,0
972,35,0
974,35,0
975,35,0
980,35,0
981,35,0
1743,35,0
35,1956,3
36,36,2
65,36,0
446,36,0
706,36,0
915,36,0
916,36,0
1280,36,0
1323,36,0
36,1358,3
1744,36,0
1745,36,0
1746,36,0
37,37,2
412,37,0
413,37,0
37,571,3
832,37,0
37,1412,3
1747,37,0
1748,37,0
38,38,2
134,38,0
246,38,0
250,38,0
257,38,0
264,38,0
38,428,3
38,439,3
562,38,0
633,38,0
748,38,0
900,38,0
1052,38,0
1075,38,0
1108,38,0
1306,38,0
1364,38,0
1388,38,0
1402,38,0
1415,38,0
1425,38,0
1426,38,0
1514,38,0
1538,38,0
1634,38,0
1686,38,0
1749,38,0
1750,38,0
1751,38,0
1752,38,0
1753,38,0
1754,38,0
1755,38,0
1756,38,0
1757,38,0
1758,38,0
1759,38,0
1760,38,0
1761,38,0
1762,38,0
1763,38,0
1764,38,0
1765,38,0
1766,38,0
1767,38,0
1768,38,0
1769,38,0
1770,38,0
456,39,0
39,714,3
39,844,3
39,2043,3
40,40,2
42,40,0
157,40,0
199,40,0
40,766,3
956,40,0
1557,40,0
1570,40,0
1771,40,0
1772,40,0
1773,40,0
1774,40,0
1775,40,0
1776,40,0
1777,40,0
29,41,0
41,739,3
954,41,0
41,980,3
41,1117,3
1513,41,0
1514,41,0
1516,41,0
1587,41,0
42,42,2
734,42,0
735,42,0
43,43,2
198,43,0
211,43,0
212,43,0
254,43,0
393,43,0
1078,43,0
1778,43,0
1779,43,0
51,44,0
135,44,0
753,44,0
754,44,0
755,44,0
821,44,0
823,44,0
831,44,0
840,44,0
914,44,0
44,955,3
1280,44,0
44,1407,3
1620,44,0
1679,44,0
1780,44,0
1781,44,0
1782,44,0
1783,44,0
1784,44,0
44,1887,3
45,45,2
663,45,0
717,45,0
46,46,2
186,46,0
187,46,0
189,46,0
46,915,3
1492,46,0
1494,46,0
1495,46,0
1496,46,0
1497,46,0
46,1928,3
46,2019,3
47,47,2
47,60,3
1788,47,0
1789,47,0
47,2021,3
48,48,2
48,117,3
534,48,0
671,48,0
48,1159,3
1345,48,0
1790,48,0
1791,48,0
1304,49,0
1460,49,0
1468,49,0
1796,49,0
1797,49,0
49,1970,3
50,50,2
50,364,3
841,50,0
51,51,2
753,51,0
754,51,0
756,51,0
914,51,0
52,52,2
185,52,0
186,52,0
187,52,0
188,52,0
189,52,0
270,52,0
453,52,0
52,456,3
467,52,0
52,476,3
561,52,0
562,52,0
563,52,0
915,52,0
52,1315,3
1417,52,0
1443,52,0
1645,52,0
1708,52,0
54,53,0
936,53,0
941,53,0
1015,53,0
1016,53,0
1471,53,0
53,1838,3
1847,53,0
54,54,2
54,511,3
54,907,3
912,54,0
936,54,0
942,54,0
55,97,3
670,55,0
729,55,0
55,734,3
875,55,0
952,55,0
55,1996,3
56,623,3
875,56,0
897,56,0
994,56,0
57,57,2
873,57,0
57,1094,3
57,1752,3
58,243,3
58,854,3
934,58,0
935,58,0
1011,58,0
1013,58,0
1848,58,0
59,59,2
59,387,3
430,59,0
438,59,0
59,1133,3
1849,59,0
1850,59,0
1851,59,0
1852,59,0
1853,59,0
1854,59,0
1855,59,0
59,1967,3
227,60,0
228,60,0
60,528,3
572,60,0
815,60,0
816,60,0
817,60,0
887,60,0
1856,60,0
146,61,0
186,61,0
188,61,0
451,61,0
535,61,0
536,61,0
774,61,0
775,61,0
776,61,0
777,61,0
61,1163,3
1514,61,0
1553,61,0
1555,61,0
1564,61,0
1587,61,0
1731,61,0
1802,61,0
1857,61,0
1858,61,0
1859,61,0
1860,61,0
1861,61,0
1862,61,0
1863,61,0
1864,61,0
1865,61,0
1866,61,0
562,62,0
780,62,0
63,63,2
98,63,0
937,63,0
939,63,0
972,63,0
975,63,0
976,63,0
979,63,0
980,63,0
981,63,0
982,63,0
1020,63,0
1115,63,0
1433,63,0
1434,63,0
1435,63,0
1436,63,0
1438,63,0
1439,63,0
1867,63,0
1868,63,0
1869,63,0
64,64,2
127,64,0
64,343,3
64,588,3
1394,64,0
1396,64,0
1399,64,0
1401,64,0
1424,64,0
64,1698,3
1870,64,0
64,2081,3
52,65,0
217,65,0
218,65,0
219,65,0
220,65,0
221,65,0
222,65,0
916,65,0
1532,65,0
1533,65,0
1871,65,0
741,66,0
746,66,0
747,66,0
66,849,3
878,66,0
882,66,0
66,1659,3
1679,66,0
1724,66,0
1872,66,0
1873,66,0
1874,66,0
1875,66,0
66,2180,3
902,67,0
903,67,0
68,68,2
68,255,3
825,68,0
826,68,0
68,2175,3
69,69,2
69,121,3
191,69,0
192,69,0
458,69,0
460,69,0
752,69,0
833,69,0
865,69,0
866,69,0
905,69,0
968,69,0
70,70,2
560,70,0
631,70,0
645,70,0
1556,70,0
70,2043,3
28,71,0
71,71,2
383,71,0
863,71,0
1150,71,0
1419,71,0
71,1484,3
1742,71,0
72,72,2
72,635,3
944,72,0
1001,72,0
72,1442,3
1876,72,0
1877,72,0
1878,72,0
1879,72,0
1880,72,0
234,73,0
384,73,0
391,73,0
392,73,0
73,1204,3
1395,73,0
74,74,2
141,74,0
74,1174,3
1881,74,0
1882,74,0
75,265,3
75,1838,3
1883,75,0
1884,75,0
1885,75,0
1886,75,0
1887,75,0
191,76,0
192,76,0
193,76,0
865,76,0
76,2147,3
77,78,2
77,425,3
789,77,0
791,77,0
911,77,0
77,1361,3
78,105,3
230,78,0
789,78,0
790,78,0
791,78,0
828,78,0
205,79,0
208,79,0
798,79,0
894,79,0
812,80,0
813,80,0
814,80,0
81,81,2
149,81,0
81,825,3
904,81,0
1221,81,0
1222,81,0
1373,81,0
1514,81,0
1529,81,0
1778,81,0
1779,81,0
1802,81,0
1857,81,0
1860,81,0
1861,81,0
1862,81,0
1863,81,0
1865,81,0
1888,81,0
1889,81,0
1890,81,0
1891,81,0
1892,81,0
1893,81,0
1894,81,0
1895,81,0
1896,81,0
1897,81,0
1898,81,0
1899,81,0
1900,81,0
1901,81,0
1902,81,0
1903,81,0
1904,81,0
1905,81,0
1906,81,0
1907,81,0
1908,81,0
1909,81,0
1910,81,0
1911,81,0
1912,81,0
1913,81,0
1914,81,0
1915,81,0
82,242,3
1069,82,0
1598,82,0
1916,82,0
82,2017,3
183,83,0
211,83,0
560,83,0
580,83,0
581,83,0
631,83,0
645,83,0
1111,83,0
1112,83,0
1639,83,0
1708,83,0
1735,83,0
1754,83,0
1916,83,0
1917,83,0
1918,83,0
1919,83,0
1920,83,0
1921,83,0
1922,83,0
1923,83,0
1924,83,0
1925,83,0
1926,83,0
1927,83,0
1928,83,0
67,84,0
84,84,2
84,2001,3
85,85,2
1929,85,0
13,86,0
86,786,3
86,1262,3
1488,86,0
86,1504,3
86,1824,3
1930,86,0
218,87,0
219,87,0
220,87,0
221,87,0
222,87,0
87,977,3
87,1442,3
1519,87,0
87,1596,3
88,88,2
88,308,3
88,551,3
88,979,3
1101,88,0
88,1607,3
89,1313,3
1931,89,0
1932,89,0
1933,89,0
1934,89,0
90,492,3
90,1313,3
90,1408,3
1521,90,0
1522,90,0
1523,90,0
91,307,3
91,1190,3
91,1616,3
91,2060,3
92,193,3
1043,92,0
1935,92,0
1936,92,0
93,93,2
93,449,3
93,518,3
93,727,3
763,93,0
764,93,0
93,894,3
765,94,0
94,1979,3
783,95,0
784,95,0
785,95,0
787,95,0
95,1044,3
95,1842,3
95,2180,3
96,96,2
96,97,2
96,143,3
96,694,3
96,698,3
858,96,0
859,96,0
860,96,0
861,96,0
1024,96,0
97,97,2
97,519,3
97,685,3
858,97,0
1024,97,0
97,1673,3
8,98,0
148,98,0
180,98,0
181,98,0
182,98,0
98,581,3
633,98,0
98,794,3
1109,98,0
1356,98,0
1442,98,0
1621,98,0
1950,98,0
1951,98,0
1952,98,0
1953,98,0
1954,98,0
99,99,2
99,886,3
100,100,2
272,100,0
100,1610,3
837,101,0
1955,101,0
1956,101,0
1957,101,0
102,102,2
842,102,0
843,102,0
844,102,0
845,102,0
846,102,0
102,950,3
1735,102,0
1958,102,0
1959,102,0
1960,102,0
103,365,3
401,103,0
435,103,0
1165,103,0
103,1423,3
1452,103,0
104,293,3
608,104,0
614,104,0
723,104,0
724,104,0
725,104,0
104,925,3
607,105,0
614,105,0
724,105,0
105,2051,3
105,2194,3
106,106,2
106,143,2
479,106,0
106,1013,3
1803,106,0
1826,106,0
106,1941,3
106,1947,3
106,1957,3
1961,106,0
1962,106,0
1963,106,0
1964,106,0
1965,106,0
1966,106,0
1967,106,0
1968,106,0
1969,106,0
1970,106,0
1971,106,0
107,107,2
819,107,0
107,1614,3
108,108,2
108,234,3
108,1539,3
661,109,0
684,109,0
685,109,0
686,109,0
1230,109,0
1506,109,0
109,1839,3
109,1908,3
109,2009,3
109,2028,3
110,574,3
110,1003,3
1972,110,0
1973,110,0
111,111,2
111,132,3
301,111,0
305,111,0
877,111,0
878,111,0
879,111,0
635,112,0
636,112,0
638,112,0
639,112,0
640,112,0
641,112,0
113,113,2
113,389,3
113,683,3
1548,113,0
1549,113,0
55,114,0
202,114,0
250,114,0
460,114,0
492,114,0
550,114,0
862,114,0
1416,114,0
1975,114,0
1976,114,0
1977,114,0
1978,114,0
1979,114,0
1980,114,0
1981,114,0
1982,114,0
1983,114,0
114,2016,3
28,115,0
386,115,0
561,115,0
562,115,0
633,115,0
1421,115,0
961,116,0
963,116,0
964,116,0
117,1237,3
117,1678,3
1984,117,0
1985,117,0
1986,117,0
1987,117,0
1847,118,0
1235,119,0
1236,119,0
1988,119,0
1989,119,0
1990,119,0
1991,119,0
1992,119,0
1993,119,0
120,120,2
984,120,0
985,120,0
987,120,0
988,120,0
989,120,0
990,120,0
120,1045,3
120,2156,3
121,121,2
446,121,0
484,121,0
485,121,0
621,121,0
121,1663,3
122,122,2
1261,122,0
1996,122,0
11,123,0
103,123,0
123,123,2
412,123,0
413,123,0
780,123,0
123,1577,3
124,156,3
183,124,0
124,1582,3
116,125,0
125,653,3
750,125,0
751,125,0
1056,125,0
126,126,2
126,619,3
847,126,0
2016,126,0
2017,126,0
2018,126,0
1023,127,0
2019,127,0
128,621,3
128,1559,3
2020,128,0
2021,128,0
2022,128,0
2023,128,0
2024,128,0
2025,128,0
2026,128,0
106,129,0
469,129,0
479,129,0
480,129,0
481,129,0
129,753,3
1071,129,0
1401,129,0
129,1494,3
2027,129,0
2028,129,0
2029,129,0
130,130,2
131,131,2
131,1938,3
2030,131,0
2031,131,0
131,2100,3
131,2186,3
132,132,2
132,516,3
1942,132,0
1946,132,0
2032,132,0
2033,132,0
106,133,0
235,133,0
457,133,0
480,133,0
481,133,0
1429,133,0
98,134,0
180,134,0
181,134,0
226,134,0
228,134,0
371,134,0
134,794,3
134,1198,3
134,1415,3
134,2083,3
226,135,0
227,135,0
228,135,0
537,135,0
135,1722,3
1780,135,0
2037,135,0
2038,135,0
2039,135,0
2040,135,0
2041,135,0
2042,135,0
2043,135,0
2044,135,0
2045,135,0
135,2175,3
412,136,0
413,136,0
136,1355,3
137,137,2
137,487,3
137,1805,3
2046,137,0
2047,137,0
138,200,3
138,394,3
138,407,3
139,1034,3
139,1097,3
1358,139,0
2049,139,0
8,140,0
106,140,0
479,140,0
481,140,0
1212,140,0
140,1853,3
140,2018,3
2050,140,0
2051,140,0
2052,140,0
141,141,2
141,1472,3
142,142,2
1216,142,0
52,143,0
266,143,0
270,143,0
386,143,0
480,143,0
481,143,0
781,143,0
143,809,3
915,143,0
1419,143,0
143,1604,3
1643,143,0
50,144,0
64,144,0
106,144,0
144,198,3
387,144,0
451,144,0
479,144,0
480,144,0
481,144,0
144,829,3
144,966,3
1395,144,0
1452,144,0
144,2034,3
2057,144,0
2058,144,0
145,145,2
969,145,0
970,145,0
146,146,2
1101,146,0
1513,146,0
1514,146,0
1587,146,0
1857,146,0
1858,146,0
1860,146,0
1861,146,0
1863,146,0
1864,146,0
1865,146,0
456,148,0
780,148,0
781,148,0
1332,148,0
1617,148,0
2072,148,0
872,149,0
149,1584,3
2073,149,0
2074,149,0
150,150,2
150,218,3
150,691,3
150,1305,3
150,1626,3
1657,150,0
2081,150,0
2082,150,0
2083,150,0
151,151,2
2093,151,0
2094,151,0
9,152,0
152,152,2
202,152,0
203,152,0
204,152,0
424,152,0
152,470,3
474,152,0
488,152,0
489,152,0
656,152,0
847,152,0
152,1191,3
1279,152,0
1388,152,0
1402,152,0
1425,152,0
1426,152,0
1520,152,0
1538,152,0
1662,152,0
1682,152,0
152,1720,3
1766,152,0
1768,152,0
1769,152,0
152,1795,3
2084,152,0
2095,152,0
2096,152,0
2097,152,0
2098,152,0
2099,152,0
2100,152,0
2101,152,0
2102,152,0
2103,152,0
2104,152,0
2105,152,0
2106,152,0
1,153,0
8,153,0
123,153,0
129,153,0
271,153,0
396,153,0
402,153,0
457,153,0
479,153,0
480,153,0
153,533,3
652,153,0
654,153,0
781,153,0
832,153,0
1033,153,0
1178,153,0
1552,153,0
153,1780,3
2003,153,0
2150,153,0
2151,153,0
2152,153,0
2153,153,0
154,179,3
154,401,3
154,789,3
1265,154,0
2158,154,0
2159,154,0
2160,154,0
2161,154,0
155,155,2
948,155,0
949,155,0
155,1236,3
6,156,0
9,156,0
103,156,0
156,156,2
185,156,0
186,156,0
187,156,0
189,156,0
201,156,0
240,156,0
346,156,0
397,156,0
405,156,0
409,156,0
441,156,0
457,156,0
506,156,0
508,156,0
534,156,0
539,156,0
549,156,0
553,156,0
554,156,0
561,156,0
563,156,0
565,156,0
570,156,0
597,156,0
599,156,0
600,156,0
601,156,0
604,156,0
615,156,0
616,156,0
646,156,0
652,156,0
653,156,0
656,156,0
671,156,0
731,156,0
768,156,0
770,156,0
771,156,0
777,156,0
779,156,0
780,156,0
156,919,3
967,156,0
1115,156,0
1182,156,0
1285,156,0
1367,156,0
1368,156,0
1433,156,0
1436,156,0
1438,156,0
1439,156,0
1440,156,0
1463,156,0
1464,156,0
1465,156,0
1466,156,0
1467,156,0
1470,156,0
1586,156,0
1598,156,0
1713,156,0
1718,156,0
1800,156,0
1867,156,0
1982,156,0
2034,156,0
2166,156,0
2167,156,0
2168,156,0
2169,156,0
2170,156,0
2171,156,0
2172,156,0
2173,156,0
2174,156,0
2175,156,0
2176,156,0
2177,156,0
2178,156,0
157,157,2
157,1491,3
1772,157,0
201,158,0
158,430,3
556,158,0
558,158,0
158,719,3
835,158,0
946,158,0
158,2114,3
159,839,3
159,1571,3
1831,159,0
159,1908,3
2179,159,0
2180,159,0
2181,159,0
2182,159,0
2183,159,0
2184,159,0
2185,159,0
2186,159,0
2187,159,0
1524,160,0
160,1691,3
2188,160,0
2189,160,0
2190,160,0
872,161,0
161,1252,3
510,162,0
511,162,0
512,162,0
513,162,0
2191,162,0
2192,162,0
1469,163,0
163,1545,3
163,1920,3
163,2158,3
164,164,2
647,164,0
648,164,0
649,164,0
650,164,0
651,164,0
2193,165,0
166,188,3
267,166,0
1325,166,0
166,1637,3
166,1709,3
2194,166,0
167,379,3
167,917,3
945,167,0
1007,167,0
1008,167,0
82,168,0
827,168,0
1069,168,0
1118,168,0
168,1386,3
1456,168,0
1531,168,0
1733,168,0
2053,168,0
2054,168,0
2055,168,0
168,2139,3
2195,168,0
2196,168,0
2197,168,0
2198,168,0
1004,169,0
170,170,2
170,996,3
1086,170,0
1346,170,0
1545,170,0
1896,170,0
2199,170,0
226,171,0
845,171,0
171,884,3
958,171,0
2200,171,0
172,641,3
172,664,3
172,828,3
2201,172,0
173,1351,3
173,2017,3
2147,173,0
2202,173,0
396,174,0
705,174,0
1300,174,0
2056,174,0
2203,174,0
2204,174,0
176,1282,3
177,691,3
177,1504,3
178,544,3
178,1738,3
179,540,3
180,315,3
182,603,3
182,1872,3
184,709,3
184,1570,3
186,1909,3
187,2156,3
188,1710,3
188,1854,3
191,379,3
192,356,3
192,581,3
194,1215,3
194,1605,3
195,1087,3
195,1280,3
195,1460,3
195,1721,3
196,1349,3
198,632,3
198,639,3
198,1047,3
198,1754,3
200,1000,3
201,698,3
201,850,3
201,1018,3
202,383,3
202,951,3
202,1124,3
202,1988,3
204,515,3
204,2156,3
205,505,3
205,1329,3
205,1835,3
206,1376,3
208,1012,3
209,1009,3
209,1469,3
209,2111,3
210,301,3
210,968,3
210,1019,3
210,1207,3
211,1843,3
212,1382,3
213,825,3
213,889,3
213,2061,3
215,553,3
215,1248,3
215,2115,3
217,735,3
217,2102,3
218,662,3
218,1201,3
218,1232,3
218,1284,3
219,2111,3
220,931,3
221,1855,3
222,1135,3
223,246,3
223,1079,3
224,485,3
225,484,3
225,808,3
225,2154,3
226,558,3
226,888,3
228,594,3
229,1207,3
230,1181,3
232,662,3
233,846,3
237,1566,3
238,420,3
238,495,3
238,1156,3
238,1700,3
239,1803,3
242,577,3
242,831,3
242,2050,3
243,979,3
244,638,3
245,2196,3
249,1483,3
249,1970,3
250,1526,3
251,538,3
251,1570,3
252,1328,3
254,372,3
254,2093,3
255,1086,3
255,1679,3
256,897,3
257,1500,3
257,1668,3
257,1925,3
259,826,3
259,957,3
259,2012,3
260,763,3
261,331,3
261,719,3
261,1441,3
261,1457,3
263,1018,3
263,1821,3
264,1062,3
264,1592,3
264,1936,3
264,2148,3
269,309,3
269,626,3
269,1955,3
270,421,3
271,2046,3
273,1881,3
274,1005,3
275,2113,3
276,1267,3
277,521,3
277,1350,3
278,1772,3
279,927,3
279,1808,3
280,966,3
280,1038,3
280,1463,3
280,2177,3
283,511,3
284,985,3
285,1010,3
286,1599,3
286,1819,3
287,1614,3
289,849,3
289,1727,3
289,1976,3
290,1639,3
290,1887,3
290,2147,3
291,648,3
291,806,3
292,593,3
292,1572,3
294,682,3
294,1036,3
294,1263,3
295,995,3
295,1514,3
295,2033,3
296,619,3
297,1045,3
297,2169,3
298,392,3
298,1644,3
298,1679,3
299,1541,3
304,1766,3
305,2011,3
307,761,3
307,2097,3
308,1063,3
309,1137,3
310,1493,3
311,1239,3
312,1713,3
313,1270,3
314,1288,3
315,1213,3
316,1773,3
317,425,3
317,1466,3
317,2121,3
317,2138,3
318,1341,3
319,1697,3
321,1598,3
322,907,3
322,1658,3
322,1687,3
322,2093,3
323,2148,3
325,1433,3
326,1127,3
326,1343,3
327,1028,3
327,1239,3
327,1676,3
328,1121,3
330,420,3
331,835,3
331,1055,3
331,1727,3
331,1997,3
333,1019,3
333,1554,3
334,564,3
334,1947,3
335,1275,3
336,1205,3
337,537,3
337,1061,3
337,1470,3
337,1922,3
337,2128,3
338,1527,3
339,1624,3
339,1653,3
339,2047,3
340,812,3
340,1311,3
340,1785,3
341,428,3
341,723,3
341,1035,3
344,936,3
344,1485,3
344,2162,3
346,1507,3
347,1350,3
347,1732,3
348,967,3
348,1521,3
349,1874,3
351,410,3
351,556,3
351,1867,3
352,515,3
353,1032,3
353,1181,3
355,1107,3
356,1408,3
357,1138,3
357,2039,3
359,1280,3
360,428,3
361,877,3
363,2073,3
364,1196,3
364,1575,3
366,792,3
367,1523,3
367,1928,3
368,1180,3
370,1033,3
370,1359,3
370,1551,3
370,1980,3
371,1255,3
371,1680,3
371,2196,3
372,598,3
372,1113,3
373,802,3
374,650,3
375,1341,3
375,1763,3
378,1325,3
379,1501,3
380,1217,3
382,543,3
382,656,3
382,991,3
383,1216,3
383,1394,3
384,434,3
384,1289,3
384,2076,3
385,1670,3
385,1950,3
386,719,3
386,871,3
386,1002,3
387,601,3
387,1826,3
387,2197,3
388,1144,3
389,1259,3
389,1835,3
389,2114,3
390,1872,3
391,1717,3
391,1884,3
393,599,3
394,1941,3
396,1214,3
396,2088,3
397,1867,3
402,1130,3
403,1431,3
403,1593,3
405,1357,3
407,725,3
407,731,3
407,2107,3
407,2147,3
409,632,3
410,1973,3
412,654,3
412,1807,3
412,1856,3
412,2158,3
414,2007,3
414,2094,3
416,1968,3
417,501,3
417,746,3
417,1728,3
419,1424,3
419,2176,3
422,1569,3
423,631,3
423,824,3
423,903,3
424,869,3
425,1222,3
425,1480,3
425,1561,3
427,1225,3
431,815,3
431,1451,3
431,2128,3
432,950,3
433,582,3
434,2044,3
435,829,3
435,1248,3
436,575,3
436,631,3
437,709,3
437,1906,3
437,2120,3
439,993,3
439,1410,3
440,1215,3
441,848,3
442,1800,3
443,1913,3
444,1187,3
445,477,3
446,1834,3
447,1906,3
450,699,3
450,712,3
450,1277,3
452,1361,3
453,1478,3
454,1466,3
455,1660,3
455,1743,3
455,2200,3
456,2017,3
457,1326,3
457,1760,3
458,715,3
460,1899,3
461,973,3
462,658,3
462,979,3
462,1194,3
462,2006,3
463,765,3
463,2199,3
464,886,3
467,478,3
467,1743,3
468,489,3
468,987,3
469,789,3
469,1454,3
469,1972,3
470,1918,3
471,933,3
472,715,3
473,523,3
473,1299,3
477,1984,3
479,1936,3
479,2187,3
480,642,3
481,2165,3
483,1110,3
483,2114,3
484,713,3
484,1645,3
486,1445,3
486,1788,3
488,1791,3
489,522,3
489,1328,3
491,1271,3
492,595,3
492,1159,3
493,789,3
494,682,3
496,541,3
496,1760,3
498,828,3
499,1673,3
501,933,3
502,1193,3
504,1093,3
504,1101,3
505,591,3
507,1255,3
507,1590,3
509,1021,3
509,2075,3
510,632,3
511,610,3
511,736,3
513,671,3
513,1015,3
515,998,3
519,821,3
520,1188,3
520,1199,3
521,2129,3
522,1822,3
523,571,3
523,1793,3
526,2140,3
527,671,3
527,1750,3
528,1116,3
528,1303,3
528,1343,3
529,1176,3
531,1689,3
531,1760,3
531,1937,3
531,2026,3
532,1762,3
533,1642,3
535,1121,3
535,1348,3
536,1920,3
537,2204,3
538,1454,3
538,1532,3
539,611,3
539,1033,3
539,2036,3
540,547,3
540,2068,3
541,756,3
544,1607,3
547,948,3
549,625,3
549,1079,3
549,1868,3
551,1081,3
551,2001,3
552,985,3
553,2007,3
554,998,3
555,1270,3
556,758,3
556,989,3
556,1167,3
556,1624,3
559,931,3
559,1080,3
559,1122,3
560,838,3
560,939,3
564,1730,3
566,1003,3
568,1292,3
569,761,3
571,1534,3
571,2046,3
573,636,3
575,1317,3
575,2184,3
576,821,3
576,1871,3
577,682,3
577,1333,3
578,688,3
578,1627,3
578,1926,3
579,727,3
581,1691,3
583,1151,3
583,1653,3
585,776,3
585,1056,3
585,2201,3
587,663,3
587,1301,3
589,1285,3
590,630,3
590,1988,3
593,930,3
593,2077,3
594,849,3
594,923,3
594,1328,3
594,1340,3
596,1072,3
596,1666,3
597,668,3
597,1445,3
598,1746,3
598,2116,3
599,1146,3
599,1485,3
600,1447,3
600,1705,3
600,1826,3
602,1810,3
603,641,3
603,2194,3
604,1441,3
605,1727,3
607,1028,3
607,1637,3
609,944,3
609,1083,3
609,1726,3
612,1509,3
612,1629,3
615,988,3
615,1973,3
618,1437,3
619,628,3
619,2042,3
619,2165,3
621,1375,3
622,1042,3
623,1219,3
624,1557,3
625,1066,3
625,1120,3
626,869,3
626,1408,3
626,1964,3
627,1365,3
628,1005,3
628,1233,3
628,1467,3
630,818,3
630,1205,3
630,1920,3
631,664,3
632,1247,3
632,1264,3
633,682,3
633,2031,3
634,1352,3
640,1340,3
640,1909,3
640,2076,3
641,733,3
643,732,3
644,1744,3
646,1248,3
648,820,3
649,1411,3
649,1580,3
649,1955,3
651,1166,3
652,1283,3
652,1294,3
653,1561,3
653,2108,3
654,1214,3
654,1239,3
658,1782,3
660,940,3
661,1625,3
661,1848,3
662,1565,3
663,2071,3
664,729,3
664,746,3
664,753,3
665,950,3
665,1275,3
666,722,3
666,1028,3
666,1635,3
667,2150,3
668,730,3
669,1062,3
670,1240,3
670,2115,3
670,2145,3
671,880,3
673,1116,3
673,1793,3
673,2028,3
674,1143,3
674,1297,3
674,1378,3
675,1406,3
675,1461,3
678,831,3
678,1215,3
678,1290,3
679,1530,3
681,1243,3
682,899,3
682,1117,3
682,2090,3
682,2120,3
684,859,3
685,1926,3
687,1811,3
688,1767,3
689,1539,3
690,1206,3
691,1428,3
692,1516,3
693,936,3
694,1560,3
695,927,3
696,1565,3
698,1699,3
698,1750,3
698,1763,3
700,961,3
700,1433,3
701,2042,3
701,2169,3
703,2190,3
704,1044,3
704,1361,3
704,1839,3
707,1455,3
707,1894,3
708,1594,3
709,767,3
709,778,3
712,1408,3
713,2094,3
715,1762,3
718,1742,3
719,1955,3
720,2079,3
721,1541,3
721,2129,3
723,875,3
724,1245,3
725,1599,3
725,1622,3
728,1030,3
729,1351,3
729,1433,3
729,1759,3
730,738,3
730,1016,3
730,2087,3
731,1483,3
733,953,3
735,1222,3
735,2179,3
737,809,3
737,1898,3
737,2052,3
738,1546,3
739,2060,3
740,801,3
740,1644,3
740,1906,3
742,1058,3
743,875,3
743,1505,3
743,1958,3
745,1171,3
745,1716,3
746,1321,3
746,1940,3
746,2157,3
747,2031,3
747,2177,3
748,1049,3
748,1533,3
749,884,3
749,1866,3
751,883,3
754,1018,3
755,1940,3
756,1132,3
756,1275,3
757,1455,3
757,2095,3
758,910,3
761,1361,3
761,2101,3
764,1481,3
765,1738,3
765,2111,3
766,2171,3
767,828,3
769,1482,3
770,1211,3
775,950,3
777,871,3
777,1045,3
778,1087,3
778,1100,3
779,1762,3
779,1895,3
780,1189,3
780,1214,3
781,1548,3
781,1597,3
781,1637,3
781,1777,3
787,2088,3
788,1904,3
790,2198,3
791,1306,3
793,1076,3
793,2055,3
794,1399,3
794,1400,3
795,1973,3
797,824,3
797,899,3
797,2186,3
800,1038,3
802,1432,3
802,1813,3
804,1150,3
804,1215,3
805,1530,3
805,1928,3
805,2164,3
808,947,3
809,1500,3
809,1830,3
809,2042,3
809,2145,3
813,1816,3
814,909,3
814,2152,3
815,873,3
816,1209,3
818,1696,3
819,1143,3
819,1220,3
819,1266,3
819,1882,3
821,1370,3
821,1940,3
826,2054,3
829,1879,3
829,2117,3
830,2094,3
831,1022,3
831,2155,3
832,1442,3
833,1590,3
833,1641,3
834,1052,3
835,1054,3
835,1459,3
835,1683,3
839,903,3
839,1904,3
840,1059,3
841,1819,3
843,1070,3
843,2081,3
843,2159,3
845,1244,3
845,1438,3
845,2049,3
848,1318,3
849,1062,3
851,1249,3
851,1526,3
851,1829,3
851,1876,3
852,1053,3
852,1572,3
852,1787,3
853,2057,3
854,1192,3
858,1253,3
858,2004,3
860,926,3
863,1539,3
865,1937,3
865,1974,3
867,917,3
867,1854,3
868,971,3
869,1674,3
869,1783,3
873,1580,3
874,1593,3
874,1760,3
875,1478,3
877,1608,3
878,1579,3
882,2091,3
883,1555,3
883,1713,3
885,1342,3
888,1369,3
888,1698,3
888,1903,3
889,1481,3
891,1593,3
894,1664,3
895,1052,3
895,1058,3
895,1194,3
896,1911,3
898,1593,3
899,1287,3
899,1962,3
902,937,3
903,1854,3
906,1150,3
906,2169,3
907,2124,3
909,2146,3
910,1237,3
910,1791,3
913,1314,3
918,1344,3
918,1857,3
919,1059,3
919,2071,3
920,1192,3
922,1011,3
924,1138,3
924,2172,3
926,1334,3
927,1579,3
928,967,3
930,2002,3
932,1041,3
933,994,3
934,1539,3
936,1055,3
939,1400,3
939,1906,3
943,1707,3
944,1589,3
946,1242,3
946,1831,3
947,2161,3
948,1270,3
950,2141,3
951,1249,3
952,1342,3
954,1031,3
954,1503,3
955,1756,3
956,1435,3
957,984,3
958,1676,3
961,1380,3
962,1711,3
964,2062,3
965,1951,3
965,2050,3
967,1204,3
967,1996,3
968,1011,3
968,1984,3
971,977,3
971,1103,3
971,1940,3
971,2017,3
972,1880,3
973,1245,3
977,1120,3
977,1922,3
978,1808,3
980,1021,3
980,2032,3
984,1308,3
985,1068,3
985,1100,3
985,1488,3
985,1508,3
986,1348,3
986,2082,3
987,1581,3
988,1467,3
989,1368,3
989,1440,3
989,1641,3
989,2056,3
990,1507,3
990,1715,3
991,1184,3
993,1872,3
994,1280,3
994,1494,3
995,2080,3
996,2112,3
998,1496,3
999,1262,3
1000,1506,3
1003,1940,3
1004,1153,3
1004,1648,3
1004,2160,3
1005,1105,3
1005,1329,3
1010,1238,3
1011,1866,3
1013,1237,3
1013,1716,3
1015,1326,3
1017,1348,3
1017,1879,3
1017,2203,3
1018,2077,3
1019,1046,3
1020,1522,3
1020,2012,3
1021,2118,3
1024,1797,3
1026,1817,3
1028,1357,3
1031,1304,3
1031,1889,3
1034,1328,3
1035,1860,3
1036,1250,3
1037,1905,3
1038,1618,3
1038,1979,3
1040,1343,3
1041,1844,3
1043,2136,3
1044,2160,3
1045,2117,3
1047,1268,3
1051,1808,3
1051,1889,3
1051,1949,3
1053,2154,3
1056,1480,3
1057,2171,3
1057,2202,3
1059,1383,3
1059,1524,3
1059,1700,3
1060,1388,3
1060,1577,3
1061,1507,3
1063,1904,3
1067,1152,3
1067,2111,3
1069,1196,3
1070,1214,3
1070,1279,3
1070,2039,3
1071,1152,3
1071,2128,3
1075,1748,3
1076,1748,3
1078,1412,3
1078,1696,3
1079,1563,3
1079,1678,3
1081,1305,3
1081,1947,3
1081,2197,3
1082,1584,3
1085,1330,3
1087,1338,3
1088,1470,3
1088,1474,3
1089,1493,3
1092,1587,3
1093,1624,3
1095,1500,3
1097,1377,3
1098,1227,3
1098,1365,3
1098,1552,3
1098,2041,3
1099,2084,3
1100,2134,3
1101,1183,3
1104,1436,3
1104,1977,3
1106,1990,3
1106,2011,3
1107,1867,3
1107,2005,3
1109,1486,3
1109,2135,3
1110,1478,3
1110,1915,3
1114,1368,3
1115,1817,3
1115,1850,3
1115,1985,3
1121,1435,3
1121,1542,3
1122,1791,3
1122,1799,3
1124,1273,3
1125,1148,3
1125,2045,3
1126,2022,3
1127,1466,3
1129,2078,3
1130,1272,3
1131,1342,3
1131,2024,3
1132,1412,3
1135,2094,3
1136,1408,3
1136,1571,3
1138,1354,3
1140,1431,3
1143,2101,3
1145,1811,3
1147,1745,3
1148,1915,3
1148,1954,3
1149,2014,3
1150,2013,3
1152,1230,3
1154,1533,3
1155,1243,3
1156,1828,3
1159,1648,3
1161,2040,3
1161,2097,3
1162,1768,3
1165,1842,3
1171,2161,3
1172,1332,3
1174,1434,3
1174,1616,3
1175,1707,3
1179,1597,3
1179,2172,3
1181,1681,3
1182,1450,3
1184,2078,3
1184,2081,3
1185,1476,3
1187,1428,3
1187,1837,3
1188,1695,3
1189,1218,3
1189,1592,3
1193,1738,3
1195,2071,3
1196,1776,3
1196,1894,3
1198,1486,3
1201,1766,3
1202,1715,3
1203,1322,3
1203,1416,3
1203,1696,3
1203,2197,3
1204,2105,3
1205,1873,3
1207,1483,3
1208,1790,3
1209,1932,3
1210,1745,3
1211,1334,3
1213,1965,3
1214,1490,3
1216,1431,3
1217,2068,3
1218,1654,3
1218,1842,3
1223,1773,3
1225,1390,3
1226,1416,3
1230,1582,3
1230,2165,3
1233,1309,3
1234,1330,3
1236,2032,3
1239,1409,3
1239,1688,3
1239,2067,3
1240,1578,3
1240,1919,3
1240,1971,3
1246,1541,3
1249,2129,3
1253,1533,3
1253,1977,3
1255,1609,3
1256,1710,3
1257,1674,3
1258,1333,3
1258,2109,3
1259,1461,3
1261,1680,3
1263,2090,3
1265,1783,3
1266,1486,3
1268,1405,3
1269,1928,3
1269,2183,3
1276,1397,3
1276,1482,3
1276,1620,3
1277,1865,3
1277,2076,3
1278,1448,3
1280,1633,3
1281,1441,3
1282,1673,3
1283,1695,3
1283,1887,3
1286,1800,3
1286,2052,3
1289,1299,3
1291,1918,3
1293,2178,3
1294,1592,3
1296,1484,3
1296,1538,3
1296,1740,3
1297,1464,3
1297,1840,3
1301,1687,3
1302,2056,3
1305,2068,3
1306,1315,3
1308,1456,3
1310,1471,3
1312,1405,3
1314,2129,3
1315,2033,3
1318,1830,3
1319,2052,3
1321,1637,3
1321,2109,3
1325,1900,3
1329,1702,3
1330,1456,3
1333,2006,3
1335,1537,3
1337,1544,3
1337,1710,3
1339,1986,3
1340,2043,3
1341,2097,3
1343,1368,3
1343,2191,3
1344,1357,3
1344,1735,3
1345,1374,3
1346,1938,3
1349,1714,3
1349,1928,3
1353,1594,3
1356,1380,3
1356,2174,3
1357,1475,3
1358,1994,3
1359,2153,3
1359,2190,3
1363,1776,3
1364,1779,3
1367,1512,3
1367,1674,3
1367,1949,3
1368,1495,3
1370,1615,3
1370,2048,3
1371,1392,3
1374,1587,3
1378,2039,3
1379,1686,3
1381,1907,3
1384,1434,3
1387,1456,3
1389,1856,3
1391,1537,3
1392,1542,3
1393,1799,3
1394,1850,3
1394,2170,3
1399,2124,3
1400,1658,3
1401,1984,3
1402,2159,3
1403,1679,3
1404,1840,3
1406,1835,3
1408,1863,3
1410,1869,3
1412,1656,3
1412,1821,3
1415,1522,3
1417,1755,3
1422,1432,3
1422,1661,3
1422,1682,3
1423,2144,3
1426,2153,3
1428,1508,3
1431,1780,3
1432,1810,3
1445,1803,3
1445,2154,3
1447,1692,3
1448,2014,3
1452,1940,3
1452,2103,3
1456,1484,3
1458,1570,3
1459,1576,3
1460,1685,3
1463,1685,3
1463,1718,3
1465,1902,3
1467,1559,3
1468,1927,3
1469,2101,3
1473,1805,3
1474,2012,3
1476,1809,3
1484,2026,3
1485,1503,3
1486,2183,3
1492,1955,3
1493,2053,3
1495,2190,3
1500,1740,3
1504,2048,3
1504,2132,3
1505,2058,3
1506,1545,3
1506,1745,3
1506,1958,3
1508,1583,3
1509,1595,3
1509,1971,3
1511,1540,3
1511,1940,3
1513,1693,3
1514,2186,3
1515,1880,3
1516,1816,3
1521,1669,3
1525,2130,3
1527,1689,3
1528,1774,3
1531,1749,3
1531,1881,3
1535,1811,3
1537,1962,3
1539,1737,3
1539,1880,3
1542,1796,3
1543,2106,3
1543,2148,3
1543,2170,3
1553,1877,3
1555,1989,3
1556,1597,3
1558,2035,3
1560,1587,3
1560,1805,3
1560,1938,3
1562,1801,3
1563,1748,3
1566,1698,3
1566,1892,3
1569,2087,3
1572,1739,3
1573,1914,3
1575,1780,3
1581,2156,3
1586,1771,3
1586,1823,3
1587,1936,3
1588,1833,3
1588,1990,3
1588,2075,3
1589,2074,3
1591,2115,3
1593,1880,3
1596,2144,3
1598,2021,3
1599,2036,3
1601,1919,3
1605,2149,3
1606,1930,3
1614,1961,3
1617,2100,3
1620,1870,3
1623,1640,3
1623,1819,3
1630,1830,3
1631,2158,3
1632,1800,3
1637,1766,3
1637,2119,3
1639,2067,3
1642,2126,3
1649,2180,3
1652,1729,3
1663,1702,3
1668,2105,3
1673,1951,3
1674,2059,3
1675,1715,3
1677,1685,3
1680,1739,3
1681,1700,3
1682,1887,3
1685,2164,3
1686,2156,3
1688,1954,3
1688,2096,3
1689,1743,3
1691,1925,3
1691,1983,3
1694,2083,3
1696,1786,3
1700,1904,3
1700,1921,3
1702,1917,3
1703,2138,3
1704,1957,3
1716,1947,3
1719,1726,3
1728,1843,3
1729,2026,3
1733,2115,3
1733,2192,3
1736,1832,3
1736,2045,3
1741,1908,3
1742,2083,3
1743,1810,3
1744,1892,3
1745,2182,3
1758,1907,3
1763,1886,3
1763,2126,3
1764,2192,3
1765,2080,3
1765,2085,3
1767,1960,3
1769,1984,3
1770,2117,3
1772,2100,3
1773,1800,3
1773,1855,3
1774,1818,3
1777,1850,3
1777,2009,3
1795,1983,3
1796,1804,3
1798,2059,3
1798,2101,3
1810,2092,3
1814,2058,3
1822,1879,3
1824,2186,3
1827,1948,3
1830,2015,3
1840,2097,3
1845,2104,3
1848,2069,3
1854,2133,3
1862,2036,3
1866,1902,3
1875,2068,3
1881,2203,3
1890,2045,3
1892,2029,3
1892,2034,3
1907,2164,3
1911,2046,3
1921,1967,3
1928,2173,3
1928,2180,3
1928,2192,3
1929,2150,3
1942,2063,3
1946,2043,3
1946,2098,3
1951,2049,3
1964,2195,3
1970,2145,3
1974,2036,3
1983,2105,3
1985,2001,3
1988,2078,3
1989,2152,3
1995,2182,3
2014,2183,3
2019,2089,3
2021,2119,3
2030,2091,3
2057,2064,3
2091,2127,3
2106,2191,3
2136,2157,3
2173,2186,3
