0,0,1
0,7,1
0,10,1
0,25,1
0,27,1
0,28,1
0,43,1
0,91,1
100,0,0
111,0,0
0,152,1
0,175,1
0,176,1
0,177,1
0,178,1
0,179,1
180,0,0
0,181,1
182,0,0
0,183,1
0,184,1
0,185,1
0,186,1
0,187,1
0,188,1
0,189,1
0,190,1
0,191,1
0,192,1
0,193,1
194,0,0
195,0,0
0,196,1
0,197,1
0,198,1
0,199,1
0,200,1
0,201,1
202,0,0
0,203,1
0,204,1
0,205,1
206,0,0
0,207,1
0,208,1
209,0,0
0,210,1
211,0,0
0,212,1
0,213,1
0,214,1
0,215,1
0,216,1
0,217,1
0,218,1
219,0,0
220,0,0
0,221,1
0,222,1
0,223,1
224,0,0
225,0,0
0,226,1
227,0,0
228,0,0
229,0,0
230,0,0
0,231,1
0,232,1
233,0,0
0,234,1
235,0,0
0,236,1
0,237,1
0,238,1
0,239,1
0,240,1
0,241,1
242,0,0
243,0,0
244,0,0
0,245,1
0,246,1
0,247,1
248,0,0
249,0,0
0,250,1
0,251,1
0,252,1
0,253,1
254,0,0
255,0,0
256,0,0
257,0,0
0,258,1
259,0,0
0,260,1
0,261,1
0,262,1
0,263,1
0,264,1
0,265,1
266,0,0
0,267,1
0,268,1
0,269,1
0,270,1
0,271,1
0,272,1
0,273,1
0,274,1
275,0,0
0,276,1
0,277,1
0,278,1
0,279,1
0,280,1
0,281,1
282,0,0
0,283,1
284,0,0
0,285,1
0,286,1
0,287,1
0,288,1
289,0,0
0,290,1
0,291,1
292,0,0
0,293,1
0,294,1
0,295,1
0,296,1
0,297,1
0,298,1
0,299,1
300,0,0
0,301,1
0,302,1
0,303,1
0,304,1
0,305,1
306,0,0
307,0,0
0,308,1
309,0,0
310,0,0
0,311,1
0,312,1
0,313,1
0,314,1
0,315,1
316,0,0
0,317,1
318,0,0
319,0,0
0,320,1
321,0,0
0,322,1
0,323,1
0,324,1
325,0,0
0,326,1
327,0,0
0,328,1
0,329,1
0,330,1
331,0,0
0,332,1
0,333,1
334,0,0
335,0,0
0,336,1
337,0,0
0,338,1
0,339,1
340,0,0
341,0,0
0,342,1
0,343,1
0,344,1
345,0,0
0,346,1
0,347,1
0,348,1
0,349,1
350,0,0
351,0,0
0,352,1
353,0,0
0,354,1
355,0,0
0,356,1
357,0,0
0,358,1
359,0,0
360,0,0
0,361,1
0,362,1
363,0,0
0,364,1
365,0,0
0,366,1
0,367,1
0,368,1
0,369,1
0,370,1
371,0,0
0,372,1
0,373,1
0,374,1
0,375,1
376,0,0
0,377,1
0,378,1
0,379,1
0,380,1
0,381,1
0,382,1
0,383,1
0,384,1
0,385,1
0,386,1
387,0,0
388,0,0
389,0,0
0,390,1
391,0,0
0,392,1
1,1,1
1,25,1
1,199,1
200,1,0
1,235,1
1,269,1
272,1,0
278,1,0
1,279,1
1,393,1
394,1,0
1,395,1
1,396,1
397,1,0
1,398,1
1,399,1
1,400,1
1,401,1
1,402,1
1,403,1
404,1,0
1,405,1
1,406,1
1,407,1
408,1,0
1,409,1
1,410,1
1,411,1
412,1,0
413,1,0
1,414,1
1,415,1
416,1,0
1,417,1
418,1,0
1,419,1
1,420,1
1,421,1
1,422,1
1,423,1
1,424,1
425,1,0
1,426,1
1,427,1
1,1227,0
1,1815,0
2,2,1
2,428,1
429,2,0
2,430,1
431,2,0
432,2,0
2,433,1
2,434,1
2,435,1
2,436,1
2,437,1
2,438,1
3,3,1
43,3,0
245,3,0
3,254,1
304,3,0
3,395,1
3,439,1
3,440,1
3,441,1
3,442,1
3,443,1
3,444,1
3,445,1
3,1235,0
4,25,1
4,100,1
4,106,1
4,121,1
4,272,1
4,414,1
4,429,1
4,446,1
4,447,1
4,448,1
449,4,0
4,450,1
451,4,0
452,4,0
4,453,1
4,454,1
4,455,1
4,456,1
4,457,1
458,4,0
4,459,1
4,460,1
461,4,0
4,462,1
463,4,0
464,4,0
4,465,1
466,4,0
467,4,0
4,468,1
4,469,1
470,4,0
471,4,0
472,4,0
4,473,1
4,474,1
4,475,1
4,476,1
4,477,1
4,478,1
4,479,1
4,480,1
481,4,0
4,482,1
483,4,0
484,4,0
4,485,1
4,486,1
4,487,1
4,488,1
4,489,1
4,490,1
491,4,0
492,4,0
4,493,1
4,742,0
4,2113,0
5,33,1
191,5,0
5,194,1
5,494,1
495,5,0
5,496,1
5,497,1
498,5,0
5,499,1
5,500,1
501,5,0
5,502,1
5,503,1
504,5,0
5,505,1
506,5,0
5,507,1
508,5,0
5,509,1
510,5,0
511,5,0
512,5,0
513,5,0
5,514,1
5,515,1
516,5,0
517,5,0
5,518,1
5,519,1
5,520,1
521,5,0
5,522,1
523,5,0
5,524,1
5,525,1
5,526,1
5,527,1
5,528,1
529,5,0
530,5,0
5,531,1
8,6,0
6,9,1
6,11,1
6,17,1
6,21,1
6,22,1
6,29,1
61,6,0
6,103,1
104,6,0
6,108,1
6,112,1
6,158,1
164,6,0
6,175,1
6,177,1
6,185,1
6,188,1
189,6,0
6,190,1
6,196,1
6,197,1
6,205,1
206,6,0
6,225,1
6,237,1
238,6,0
6,239,1
6,240,1
6,241,1
242,6,0
6,243,1
6,249,1
6,255,1
6,276,1
6,281,1
282,6,0
283,6,0
284,6,0
6,287,1
290,6,0
6,291,1
292,6,0
6,293,1
294,6,0
295,6,0
296,6,0
6,346,1
6,383,1
6,385,1
397,6,0
6,401,1
6,405,1
6,409,1
432,6,0
6,464,1
6,511,1
6,512,1
6,514,1
6,515,1
6,519,1
520,6,0
6,522,1
6,523,1
6,524,1
525,6,0
6,526,1
6,527,1
6,528,1
6,529,1
6,532,1
6,533,1
6,534,1
6,535,1
536,6,0
537,6,0
6,538,1
539,6,0
6,540,1
6,541,1
6,542,1
6,543,1
6,544,1
6,545,1
546,6,0
547,6,0
6,548,1
6,549,1
6,550,1
551,6,0
6,552,1
553,6,0
6,554,1
555,6,0
556,6,0
6,557,1
6,558,1
6,559,1
6,560,1
561,6,0
6,562,1
563,6,0
6,564,1
6,565,1
566,6,0
567,6,0
568,6,0
6,569,1
6,570,1
6,571,1
6,572,1
573,6,0
574,6,0
6,575,1
6,576,1
6,577,1
578,6,0
6,579,1
6,580,1
581,6,0
6,582,1
583,6,0
584,6,0
6,585,1
6,586,1
587,6,0
588,6,0
6,589,1
6,590,1
591,6,0
592,6,0
593,6,0
6,594,1
595,6,0
6,596,1
597,6,0
6,598,1
6,599,1
6,600,1
6,601,1
6,602,1
6,603,1
604,6,0
6,605,1
6,606,1
6,607,1
6,608,1
6,609,1
6,610,1
611,6,0
6,612,1
6,613,1
6,614,1
615,6,0
6,616,1
617,6,0
6,618,1
619,6,0
620,6,0
6,621,1
6,622,1
6,623,1
6,624,1
6,625,1
6,626,1
6,627,1
6,628,1
629,6,0
6,630,1
6,631,1
6,632,1
633,6,0
634,6,0
635,6,0
6,636,1
6,637,1
6,638,1
6,639,1
6,640,1
6,641,1
6,642,1
6,643,1
6,644,1
6,645,1
6,646,1
6,647,1
6,648,1
649,6,0
6,650,1
6,651,1
6,652,1
653,6,0
6,654,1
6,655,1
6,656,1
6,657,1
6,658,1
6,659,1
6,660,1
661,6,0
6,662,1
663,6,0
664,6,0
6,665,1
6,666,1
667,6,0
668,6,0
669,6,0
670,6,0
671,6,0
672,6,0
673,6,0
6,674,1
6,675,1
6,676,1
6,677,1
6,678,1
679,6,0
6,680,1
6,681,1
682,6,0
683,6,0
684,6,0
6,685,1
6,686,1
687,6,0
688,6,0
689,6,0
6,690,1
6,691,1
6,692,1
6,693,1
6,694,1
695,6,0
6,696,1
6,697,1
6,698,1
6,699,1
700,6,0
6,701,1
6,702,1
6,703,1
6,704,1
6,705,1
706,6,0
6,707,1
6,708,1
709,6,0
6,710,1
711,6,0
6,712,1
6,713,1
714,6,0
6,715,1
6,716,1
717,6,0
6,718,1
719,6,0
720,6,0
6,721,1
6,722,1
6,723,1
6,724,1
6,725,1
6,726,1
6,727,1
728,6,0
6,729,1
730,6,0
6,731,1
7,7,1
7,12,1
7,30,1
7,44,1
51,7,0
7,52,1
7,54,1
7,55,1
7,56,1
60,7,0
7,61,1
66,7,0
67,7,0
7,68,1
69,7,0
7,77,1
7,79,1
80,7,0
7,84,1
7,95,1
7,96,1
7,97,1
7,100,1
7,102,1
7,104,1
7,106,1
7,107,1
7,112,1
114,7,0
7,116,1
120,7,0
7,127,1
7,145,1
7,153,1
7,155,1
158,7,0
167,7,0
169,7,0
7,177,1
7,180,1
181,7,0
7,187,1
7,188,1
190,7,0
192,7,0
7,193,1
7,205,1
7,209,1
7,211,1
7,212,1
7,213,1
223,7,0
7,226,1
227,7,0
7,230,1
231,7,0
7,234,1
7,244,1
7,246,1
251,7,0
7,256,1
257,7,0
7,260,1
7,263,1
265,7,0
7,266,1
7,269,1
273,7,0
7,278,1
7,300,1
301,7,0
7,302,1
7,304,1
7,384,1
7,386,1
392,7,0
7,393,1
7,396,1
7,407,1
7,408,1
7,411,1
7,421,1
7,457,1
460,7,0
479,7,0
7,480,1
7,481,1
488,7,0
7,489,1
530,7,0
535,7,0
7,538,1
559,7,0
560,7,0
597,7,0
7,599,1
7,600,1
601,7,0
7,602,1
7,603,1
604,7,0
7,607,1
608,7,0
611,7,0
7,612,1
7,617,1
624,7,0
7,633,1
636,7,0
7,637,1
7,639,1
640,7,0
643,7,0
7,645,1
7,665,1
7,675,1
676,7,0
677,7,0
708,7,0
710,7,0
7,712,1
7,713,1
714,7,0
7,716,1
7,724,1
725,7,0
7,729,1
732,7,0
7,733,1
7,734,1
735,7,0
736,7,0
737,7,0
7,738,1
7,739,1
740,7,0
7,741,1
742,7,0
7,743,1
7,744,1
7,745,1
7,746,1
7,747,1
7,748,1
749,7,0
7,750,1
7,751,1
7,752,1
7,753,1
754,7,0
7,755,1
7,756,1
7,757,1
7,758,1
7,759,1
7,760,1
7,761,1
7,762,1
7,763,1
7,764,1
765,7,0
766,7,0
767,7,0
7,768,1
7,769,1
770,7,0
771,7,0
7,772,1
7,773,1
774,7,0
7,775,1
7,776,1
777,7,0
778,7,0
7,779,1
7,780,1
7,781,1
7,782,1
7,783,1
784,7,0
785,7,0
7,786,1
7,787,1
788,7,0
7,789,1
7,790,1
7,791,1
7,792,1
7,793,1
7,794,1
7,795,1
796,7,0
797,7,0
7,798,1
7,799,1
800,7,0
7,801,1
7,802,1
7,803,1
804,7,0
7,805,1
806,7,0
7,807,1
7,808,1
809,7,0
7,810,1
811,7,0
7,812,1
7,813,1
7,814,1
7,815,1
7,816,1
7,817,1
818,7,0
819,7,0
7,820,1
7,821,1
7,822,1
823,7,0
7,824,1
7,825,1
7,826,1
7,827,1
7,828,1
7,829,1
7,830,1
831,7,0
7,832,1
833,7,0
7,834,1
835,7,0
836,7,0
7,837,1
7,838,1
7,839,1
7,840,1
841,7,0
842,7,0
7,843,1
7,844,1
7,845,1
7,846,1
7,847,1
848,7,0
849,7,0
7,850,1
7,851,1
7,852,1
7,853,1
854,7,0
855,7,0
856,7,0
7,857,1
858,7,0
7,859,1
7,860,1
7,861,1
862,7,0
863,7,0
864,7,0
7,865,1
7,866,1
867,7,0
7,868,1
869,7,0
870,7,0
7,871,1
7,872,1
7,873,1
874,7,0
7,875,1
876,7,0
877,7,0
7,878,1
7,879,1
7,880,1
7,881,1
7,882,1
883,7,0
7,884,1
885,7,0
886,7,0
7,887,1
7,888,1
7,889,1
7,891,1
7,892,1
893,7,0
7,894,1
7,895,1
896,7,0
7,897,1
7,898,1
7,899,1
900,7,0
901,7,0
7,902,1
7,903,1
7,904,1
7,905,1
7,906,1
7,907,1
7,908,1
910,7,0
911,7,0
7,912,1
7,913,1
7,914,1
7,915,1
916,7,0
926,7,0
7,927,1
928,7,0
7,929,1
7,930,1
7,931,1
932,7,0
7,933,1
7,934,1
7,935,1
936,7,0
937,7,0
7,938,1
939,7,0
7,940,1
7,941,1
942,7,0
7,943,1
944,7,0
7,945,1
946,7,0
7,947,1
948,7,0
7,949,1
7,950,1
7,951,1
7,952,1
7,953,1
954,7,0
7,955,1
956,7,0
957,7,0
7,958,1
959,7,0
7,960,1
961,7,0
7,962,1
963,7,0
964,7,0
7,965,1
7,966,1
967,7,0
7,968,1
7,969,1
970,7,0
7,971,1
7,972,1
7,973,1
7,974,1
975,7,0
976,7,0
7,977,1
7,978,1
979,7,0
7,980,1
7,981,1
982,7,0
983,7,0
7,984,1
7,985,1
986,7,0
7,987,1
988,7,0
7,989,1
7,990,1
7,991,1
7,992,1
7,993,1
994,7,0
7,995,1
7,996,1
7,997,1
7,998,1
7,999,1
1000,7,0
7,1001,1
7,1002,1
7,1003,1
1004,7,0
7,1005,1
7,1006,1
7,1007,1
1008,7,0
7,1009,1
7,1010,1
1011,7,0
7,1012,1
7,1013,1
1014,7,0
1015,7,0
7,1016,1
7,1017,1
1018,7,0
1019,7,0
7,1020,1
7,1021,1
1022,7,0
7,1023,1
7,1024,1
1025,7,0
7,1026,1
1027,7,0
7,1028,1
7,1029,1
7,1030,1
1031,7,0
1032,7,0
7,1939,0
8,8,1
8,1033,1
1034,8,0
9,9,1
9,13,1
9,20,1
9,36,1
9,41,1
48,9,0
9,52,1
82,9,0
9,88,1
92,9,0
9,99,1
9,100,1
105,9,0
9,107,1
9,110,1
9,112,1
9,117,1
9,118,1
9,119,1
9,122,1
9,149,1
9,161,1
9,163,1
9,177,1
9,180,1
9,266,1
9,268,1
9,284,1
285,9,0
9,301,0
9,304,1
9,311,1
9,440,1
441,9,0
442,9,0
444,9,0
9,445,1
447,9,0
457,9,0
472,9,0
9,504,1
505,9,0
507,9,0
9,520,1
9,522,1
9,523,1
9,537,1
9,546,1
548,9,0
9,550,1
9,562,1
9,573,1
599,9,0
9,621,1
9,631,1
633,9,0
687,9,0
9,693,1
9,694,1
9,695,1
9,719,1
729,9,0
734,9,0
738,9,0
743,9,0
9,744,1
9,788,1
9,808,1
9,810,1
9,828,1
834,9,0
852,9,0
863,9,0
885,9,0
9,888,1
889,9,0
9,891,1
896,9,0
899,9,0
9,905,1
9,910,1
9,915,1
9,928,1
9,943,1
9,953,1
9,1014,1
1023,9,0
9,1035,1
1036,9,0
1037,9,0
9,1038,1
9,1039,1
9,1040,1
9,1041,1
1042,9,0
1043,9,0
1044,9,0
1045,9,0
9,1046,1
9,1047,1
9,1048,1
1049,9,0
9,1050,1
9,1051,1
9,1052,1
1053,9,0
9,1054,1
9,1055,1
9,1056,1
9,1057,1
9,1058,1
9,1059,1
9,1060,1
1061,9,0
1062,9,0
9,1063,1
1064,9,0
1065,9,0
1066,9,0
1067,9,0
1068,9,0
9,1069,1
9,1070,1
9,1071,1
1072,9,0
9,1073,1
9,1074,1
9,1075,1
9,1076,1
1077,9,0
9,1078,1
9,1079,1
9,1080,1
9,1081,1
1082,9,0
1083,9,0
9,1084,1
1085,9,0
9,1086,1
9,1087,1
9,1088,1
1089,9,0
9,1090,1
1091,9,0
9,1092,1
9,1093,1
1094,9,0
1095,9,0
9,1096,1
1097,9,0
1098,9,0
1099,9,0
1100,9,0
9,1101,1
1102,9,0
9,1103,1
1104,9,0
1105,9,0
1106,9,0
9,1107,1
9,1108,1
1109,9,0
9,1110,1
9,1111,1
9,1112,1
9,1113,1
1114,9,0
9,1115,1
9,1116,1
1117,9,0
9,1118,1
1119,9,0
9,1120,1
9,1121,1
1122,9,0
1123,9,0
9,1124,1
1125,9,0
9,1126,1
9,1127,1
9,1128,1
9,1129,1
9,1130,1
1131,9,0
9,1132,1
9,1133,1
1134,9,0
9,1135,1
9,1136,1
9,1137,1
9,1138,1
9,1139,1
9,1140,1
9,1141,1
9,1142,1
1143,9,0
9,1144,1
9,1145,1
9,1146,1
9,1147,1
1148,9,0
9,1149,1
9,1150,1
9,1151,1
9,1152,1
1153,9,0
1154,9,0
9,1155,1
9,1156,1
1157,9,0
1158,9,0
9,1159,1
9,1160,1
1161,9,0
9,1162,1
9,1163,1
9,1164,1
9,1165,1
9,1166,1
9,1167,1
9,1168,1
9,1169,1
1170,9,0
1171,9,0
1172,9,0
1173,9,0
9,1174,1
1175,9,0
1176,9,0
9,1177,1
1178,9,0
1179,9,0
9,1180,1
1181,9,0
1182,9,0
9,1183,1
1184,9,0
9,1185,1
9,1186,1
9,1187,1
1188,9,0
9,1189,1
9,1190,1
9,1191,1
9,1192,1
9,1193,1
9,1194,1
9,1195,1
1196,9,0
9,1197,1
9,1198,1
9,1199,1
1200,9,0
9,1201,1
9,1202,1
1203,9,0
9,1204,1
9,1205,1
9,1206,1
1207,9,0
9,1208,1
1209,9,0
1210,9,0
1211,9,0
9,1212,1
1213,9,0
9,1214,1
9,1215,1
9,1216,1
1217,9,0
9,1218,1
1219,9,0
1220,9,0
9,1221,1
9,1222,1
9,1223,1
9,1224,1
9,1225,1
9,1226,1
9,1227,1
1228,9,0
9,1229,1
1230,9,0
9,1231,1
1232,9,0
9,1233,1
1234,9,0
9,1235,1
9,1236,1
1237,9,0
1238,9,0
9,1239,1
1240,9,0
9,1241,1
9,1242,1
9,1243,1
9,1244,1
1245,9,0
9,1246,1
9,1247,1
1248,9,0
9,1249,1
1250,9,0
9,1251,1
1252,9,0
1253,9,0
9,1254,1
9,1255,1
9,1256,1
1257,9,0
9,1258,1
9,1259,1
9,1260,1
9,1261,1
9,1262,1
9,1263,1
9,1264,1
9,1265,1
9,1266,1
1267,9,0
1268,9,0
9,1269,1
9,1270,1
9,1271,1
9,1272,1
9,1273,1
9,1274,1
9,1275,1
9,1276,1
9,1277,1
9,1278,1
1279,9,0
1280,9,0
1281,9,0
9,1282,1
9,1283,1
9,1284,1
9,1285,1
1286,9,0
1287,9,0
1288,9,0
9,1289,1
1290,9,0
1291,9,0
9,1292,1
9,1293,1
1294,9,0
9,1295,1
9,1296,1
1297,9,0
9,1298,1
9,1299,1
9,1300,1
9,1301,1
9,1302,1
1303,9,0
9,1304,1
1305,9,0
1306,9,0
9,1307,1
1308,9,0
1309,9,0
1310,9,0
9,1311,1
1312,9,0
1313,9,0
9,1314,1
9,1315,1
9,1316,1
1317,9,0
9,1318,1
9,1319,1
1320,9,0
9,1321,1
9,1322,1
9,1323,1
9,1324,1
1325,9,0
9,1326,1
9,1327,1
1328,9,0
1329,9,0
1330,9,0
9,1331,1
9,1332,1
9,1333,1
1334,9,0
9,1335,1
9,1336,1
9,1337,1
9,1338,1
9,1339,1
9,1340,1
1341,9,0
1342,9,0
9,1343,1
9,1344,1
9,1345,1
9,1346,1
1347,9,0
9,1348,1
9,1349,1
1350,9,0
9,1351,1
9,1352,1
9,1353,1
9,1354,1
1355,9,0
1356,9,0
1357,9,0
1358,9,0
9,1359,1
1360,9,0
1361,9,0
9,1362,1
9,1363,1
9,1364,1
9,1365,1
9,1366,1
1367,9,0
9,1368,1
9,1369,1
9,1370,1
9,1371,1
9,1372,1
1373,9,0
9,1374,1
9,1375,1
9,1376,1
9,1377,1
9,1378,1
9,1379,1
9,1380,1
1381,9,0
9,1382,1
9,1383,1
9,1384,1
9,1385,1
1386,9,0
9,1387,1
10,8,1
10,10,1
10,15,1
10,19,1
36,10,0
10,62,1
65,10,0
10,87,1
10,96,1
10,97,1
10,98,1
106,10,0
112,10,0
115,10,0
10,129,1
134,10,0
10,143,1
148,10,0
10,180,1
10,182,1
10,227,1
10,228,1
10,242,1
243,10,0
10,244,1
10,245,1
10,267,1
304,10,0
308,10,0
10,319,1
320,10,0
10,327,1
10,349,1
352,10,0
10,353,1
10,355,1
10,356,1
10,357,1
10,359,1
10,362,1
10,366,1
10,367,1
368,10,0
371,10,0
10,385,1
10,420,1
10,479,1
10,481,1
10,534,1
10,549,1
10,550,1
551,10,0
10,553,1
10,554,1
10,630,1
10,635,1
10,636,1
637,10,0
10,639,1
10,665,1
10,731,1
10,780,1
10,781,1
10,789,1
10,791,1
812,10,0
10,814,1
10,859,1
10,860,1
10,997,1
10,1024,1
1034,10,0
1082,10,0
10,1306,1
1367,10,0
1388,10,0
10,1389,1
1390,10,0
10,1391,1
10,1392,1
10,1393,1
1394,10,0
1395,10,0
1396,10,0
10,1397,1
1398,10,0
10,1399,1
10,1400,1
1401,10,0
10,1402,1
1403,10,0
1404,10,0
10,1405,1
10,1406,1
10,1407,1
10,1408,1
10,1409,1
1410,10,0
10,1411,1
10,1412,1
10,1413,1
10,1414,1
10,1415,1
10,1416,1
10,1417,1
10,1418,1
10,1419,1
10,1420,1
1421,10,0
10,1422,1
1423,10,0
10,1424,1
10,1425,1
10,1426,1
10,1427,1
10,1428,1
10,1429,1
10,1430,1
10,1431,1
1432,10,0
1433,10,0
1434,10,0
10,1435,1
1436,10,0
10,1437,1
10,1438,1
10,1439,1
10,1440,1
1441,10,0
1442,10,0
1443,10,0
11,1,1
100,11,0
11,156,1
251,11,0
11,272,1
11,393,1
11,397,1
11,398,1
400,11,0
401,11,0
11,402,1
403,11,0
11,404,1
11,405,1
407,11,0
11,409,1
410,11,0
11,412,1
418,11,0
419,11,0
420,11,0
11,575,1
611,11,0
11,1033,1
11,1271,1
11,1444,1
11,1445,1
11,1446,1
11,1447,1
1448,11,0
1449,11,0
11,1450,1
11,1451,1
11,1452,1
12,12,1
156,12,0
12,267,1
12,419,1
12,425,1
575,12,0
12,875,1
12,939,0
12,952,1
12,1055,1
12,1069,1
1453,12,0
12,1454,1
12,1455,1
1456,12,0
1457,12,0
1458,12,0
1459,12,0
12,1460,1
12,1461,1
12,1462,1
12,1463,1
1464,12,0
12,1465,1
12,1466,1
12,1467,1
1468,12,0
1469,12,0
1470,12,0
13,3,1
13,13,1
13,28,1
29,13,0
13,46,1
13,116,1
13,573,1
574,13,0
13,578,1
13,645,0
868,13,0
13,869,1
13,1014,1
13,1093,1
13,1206,1
13,1315,1
13,1429,1
1471,13,0
13,1472,1
13,1473,1
1474,13,0
13,1475,1
13,1476,1
13,1477,1
13,1478,1
1479,13,0
13,1480,1
1481,13,0
13,1482,1
1483,13,0
13,1484,1
13,1485,1
1486,13,0
1487,13,0
1488,13,0
13,1489,1
1490,13,0
13,1491,1
13,1492,1
13,1493,1
1494,13,0
13,1495,1
1496,13,0
1497,13,0
13,1498,1
14,109,1
14,661,1
674,14,0
14,684,1
14,685,1
14,686,1
687,14,0
14,1230,1
14,1389,1
14,1390,1
1391,14,0
1393,14,0
1499,14,0
14,1500,1
1501,14,0
14,1502,1
14,1503,1
14,1504,1
1505,14,0
14,1506,1
14,1507,1
1508,14,0
14,1509,1
1510,14,0
1511,14,0
14,1512,1
15,89,0
15,356,0
15,383,1
15,386,1
474,15,0
475,15,0
476,15,0
15,488,1
1074,15,0
15,1407,1
1417,15,0
15,1418,1
15,1419,1
1513,15,0
1514,15,0
1515,15,0
1516,15,0
15,1517,1
1518,15,0
16,16,1
98,16,0
780,16,0
781,16,0
16,1040,0
17,17,1
17,27,1
17,38,1
17,50,1
17,52,1
17,87,1
17,90,1
113,17,0
17,133,1
145,17,0
17,185,1
17,186,1
188,17,0
189,17,0
17,199,1
17,200,1
17,206,1
17,207,1
17,217,1
17,218,1
221,17,0
222,17,0
17,225,1
240,17,0
17,249,1
17,251,1
17,266,1
17,275,1
276,17,0
288,17,0
17,292,1
295,17,0
17,296,1
17,393,1
396,17,0
17,401,1
17,407,1
411,17,0
505,17,0
506,17,0
509,17,0
17,532,1
17,535,1
17,536,1
17,547,1
17,548,1
559,17,0
564,17,0
584,17,0
17,585,1
17,589,1
590,17,0
17,592,1
17,593,1
17,595,1
596,17,0
17,597,1
598,17,0
599,17,0
17,601,1
17,602,1
17,603,1
17,604,1
609,17,0
611,17,0
17,617,1
629,17,0
17,636,1
637,17,0
17,638,1
17,639,1
652,17,0
665,17,0
17,677,1
17,678,1
17,679,1
680,17,0
690,17,0
733,17,0
17,735,1
17,799,1
803,17,0
17,820,1
17,824,1
17,841,1
17,886,1
17,890,1
17,900,1
909,17,0
928,17,0
17,929,1
930,17,0
931,17,0
932,17,0
17,946,1
954,17,0
17,956,1
17,969,1
17,970,1
17,995,1
17,1033,1
1058,17,0
17,1077,1
17,1120,1
17,1140,1
17,1145,1
17,1174,1
17,1454,1
1519,17,0
17,1520,1
17,1521,1
17,1522,1
17,1523,1
1524,17,0
17,1525,1
1526,17,0
17,1527,1
1528,17,0
17,1529,1
1530,17,0
1531,17,0
17,1532,1
1533,17,0
1534,17,0
1535,17,0
17,1536,1
17,1537,1
17,1538,1
17,1539,1
17,1540,1
17,1541,1
17,1542,1
17,1543,1
17,1544,1
1545,17,0
17,1546,1
17,1547,1
1548,17,0
17,1549,1
17,1550,1
1551,17,0
17,1552,1
1553,17,0
17,1554,1
17,1555,1
17,1556,1
17,1557,1
17,1558,1
1559,17,0
17,1560,1
17,1561,1
17,1562,1
17,1563,1
1564,17,0
1565,17,0
1566,17,0
17,1567,1
17,1568,1
17,1569,1
18,1570,1
1571,18,0
18,1813,0
19,19,1
19,787,0
1407,19,0
19,1639,0
19,1693,0
19,1893,0
19,1940,0
19,2080,0
2,20,0
20,16,1
29,20,0
20,38,1
20,63,1
20,64,1
20,98,1
20,108,1
20,130,1
20,134,1
20,138,1
20,141,1
20,165,1
20,172,1
174,20,0
175,20,0
20,177,1
20,203,1
20,204,1
20,224,1
287,20,0
20,306,1
20,308,1
20,320,1
321,20,0
326,20,0
328,20,0
338,20,0
349,20,0
20,350,1
351,20,0
20,352,1
353,20,0
20,354,1
20,355,1
20,357,1
20,358,1
359,20,0
20,360,1
20,361,1
20,362,1
20,363,1
364,20,0
365,20,0
367,20,0
368,20,0
20,374,1
20,417,1
421,20,0
20,422,1
424,20,0
429,20,0
434,20,0
20,437,1
20,444,1
445,20,0
20,456,1
475,20,0
20,506,1
508,20,0
20,533,1
538,20,0
20,539,1
548,20,0
556,20,0
559,20,0
20,560,1
20,561,1
20,580,1
20,626,1
628,20,0
20,631,1
20,656,1
20,662,0
705,20,0
734,20,0
788,20,0
20,796,1
20,820,1
20,827,1
20,837,1
20,847,1
20,852,1
20,853,1
20,888,1
20,891,1
20,892,1
914,20,0
20,959,1
20,997,1
20,999,1
20,1014,1
20,1034,1
1052,20,0
20,1060,1
20,1064,1
20,1065,1
20,1066,1
20,1067,1
20,1072,1
20,1073,1
20,1077,1
20,1078,1
1107,20,0
20,1125,1
20,1128,1
1144,20,0
20,1198,1
20,1227,1
20,1231,1
1238,20,0
1255,20,0
1261,20,0
20,1290,1
20,1366,1
20,1374,1
20,1378,1
20,1394,1
20,1396,1
1397,20,0
20,1398,1
20,1399,1
20,1400,1
20,1401,1
20,1404,1
20,1407,1
1416,20,0
20,1417,1
20,1418,1
20,1424,1
20,1485,1
1520,20,0
20,1535,1
20,1537,1
1538,20,0
20,1551,1
20,1572,1
20,1573,1
1574,20,0
1575,20,0
1576,20,0
20,1577,1
20,1578,1
20,1579,1
20,1580,1
1581,20,0
1582,20,0
20,1583,1
1584,20,0
1585,20,0
20,1586,1
20,1587,1
20,1588,1
20,1589,1
20,1590,1
20,1591,1
20,1592,1
20,1593,1
20,1594,1
1595,20,0
20,1596,1
20,1597,1
20,1598,1
20,1599,1
20,1600,1
20,1601,1
1602,20,0
1603,20,0
1604,20,0
20,1605,1
1606,20,0
20,1607,1
20,1608,1
20,1609,1
20,1610,1
1611,20,0
1612,20,0
1613,20,0
1614,20,0
20,1615,1
1616,20,0
1617,20,0
20,1618,1
1619,20,0
1620,20,0
20,1621,1
20,1622,1
20,1623,1
1624,20,0
20,1625,1
20,1626,1
20,1627,1
1628,20,0
20,1629,1
20,1630,1
20,1631,1
20,1632,1
1633,20,0
20,1634,1
1635,20,0
20,1636,1
1637,20,0
20,1638,1
1639,20,0
20,1640,1
1641,20,0
1642,20,0
20,1643,1
20,1644,1
20,1645,1
20,1646,1
20,1647,1
20,1648,1
20,1649,1
20,1650,1
20,1651,1
1652,20,0
20,1653,1
1654,20,0
1655,20,0
1656,20,0
20,1657,1
20,1658,1
20,1659,1
20,1660,1
20,1661,1
20,1662,1
1663,20,0
20,1664,1
20,1665,1
1666,20,0
20,1667,1
20,1668,1
1669,20,0
1670,20,0
20,1671,1
20,1672,1
1673,20,0
20,1674,1
20,1675,1
20,1676,1
20,1677,1
1678,20,0
20,1679,1
1680,20,0
1681,20,0
20,1682,1
1683,20,0
20,1684,1
20,1685,1
20,1686,1
20,1687,1
20,1688,1
20,1689,1
20,1690,1
1691,20,0
20,1692,1
20,1693,1
1694,20,0
20,1695,1
1696,20,0
1697,20,0
20,1698,1
1699,20,0
21,21,1
709,21,0
712,21,0
21,713,1
21,1196,0
21,1668,0
22,21,1
22,22,1
496,22,0
22,499,1
22,501,1
22,502,1
22,503,1
22,566,1
22,567,1
568,22,0
22,569,1
612,22,0
22,624,1
22,709,1
712,22,0
22,713,1
22,715,1
22,1597,0
22,1700,1
1701,22,0
22,1702,1
23,1703,1
1704,23,0
23,1705,1
1706,23,0
23,1707,1
24,890,1
24,2180,0
50,25,0
25,100,1
25,272,1
25,393,1
395,25,0
25,397,1
25,398,1
399,25,0
25,400,1
405,25,0
25,406,1
25,409,1
410,25,0
25,412,1
25,413,1
25,419,1
25,420,1
25,575,1
25,583,0
25,812,1
25,813,1
876,25,0
1419,25,0
1445,25,0
1449,25,0
25,1450,1
1561,25,0
25,1707,0
1708,25,0
25,1709,1
1710,25,0
25,1711,1
26,26,1
26,217,1
219,26,0
220,26,0
26,221,1
26,522,1
26,523,1
26,524,1
526,26,0
26,527,1
26,1166,0
26,1465,1
26,1467,1
26,1712,1
26,1713,1
1714,26,0
1715,26,0
26,1716,1
26,1717,1
1718,26,0
1719,26,0
27,27,1
27,186,0
27,769,0
1553,27,0
27,1564,1
27,1565,1
27,1571,0
28,28,1
28,270,1
28,379,0
28,616,0
28,656,1
916,28,0
1034,28,0
28,1288,1
1420,28,0
1423,28,0
1575,28,0
28,1679,1
1720,28,0
28,1721,1
1722,28,0
28,1723,1
28,1724,1
1725,28,0
29,270,1
29,383,1
29,386,1
29,915,1
29,1417,1
1516,29,0
29,1693,0
30,626,0
30,1030,1
31,1176,0
31,1615,0
1726,31,0
31,1727,1
32,14,1
29,32,0
52,32,0
32,65,1
32,396,1
32,403,1
32,404,1
412,32,0
32,413,1
795,32,0
32,797,1
32,829,1
32,887,1
32,1280,1
32,1418,1
32,1419,1
32,1452,1
32,1487,1
32,1675,1
1728,32,0
32,1729,1
1730,32,0
32,1731,1
32,1732,1
32,1733,1
32,1734,1
32,1735,1
1736,32,0
32,1737,1
32,1738,1
32,1739,1
1740,32,0
112,33,0
33,158,1
175,33,0
33,190,1
201,33,0
33,218,1
220,33,0
33,221,1
33,235,1
33,236,1
33,237,1
33,238,1
239,33,0
33,242,1
243,33,0
33,247,1
33,249,1
275,33,0
33,277,1
33,280,1
33,281,1
33,282,1
33,283,1
33,285,1
33,287,1
288,33,0
33,289,1
33,290,1
33,293,1
295,33,0
296,33,0
33,389,1
33,390,1
33,515,1
517,33,0
33,519,1
33,522,1
523,33,0
33,525,1
33,526,1
528,33,0
532,33,0
33,538,1
544,33,0
545,33,0
33,552,1
33,555,1
557,33,0
33,617,1
618,33,0
33,619,1
620,33,0
33,622,1
628,33,0
33,629,1
647,33,0
33,650,1
33,651,1
33,663,1
675,33,0
677,33,0
33,678,1
33,679,1
33,680,1
33,682,1
33,683,1
33,695,1
33,697,1
33,698,1
699,33,0
700,33,0
33,702,1
33,717,1
33,1150,1
1542,33,0
1543,33,0
1544,33,0
33,1546,1
33,1547,1
33,1566,1
33,1741,1
1742,33,0
34,190,1
34,218,1
221,34,0
34,222,1
34,242,1
34,243,1
34,277,1
280,34,0
34,281,1
282,34,0
34,283,1
34,284,1
285,34,0
34,389,1
34,390,1
516,34,0
517,34,0
519,34,0
34,520,1
521,34,0
522,34,0
34,523,1
34,526,1
34,528,1
34,529,1
34,552,1
575,34,0
618,34,0
619,34,0
620,34,0
34,682,1
683,34,0
698,34,0
34,699,1
700,34,0
34,701,1
702,34,0
34,703,1
728,34,0
34,852,0
972,35,0
35,974,1
35,975,1
35,980,1
35,981,1
35,1743,1
36,36,1
36,64,0
65,36,0
36,446,1
36,706,1
36,915,1
36,916,1
36,1280,1
1323,36,0
36,1744,1
1745,36,0
36,1746,1
37,37,1
412,37,0
37,413,1
37,832,1
37,893,0
37,1123,0
1747,37,0
1748,37,0
38,38,1
134,38,0
38,246,1
38,250,1
257,38,0
264,38,0
562,38,0
38,633,1
38,748,1
38,900,1
38,1052,1
1075,38,0
38,1108,1
1306,38,0
1364,38,0
1388,38,0
38,1402,1
38,1415,1
1425,38,0
38,1426,1
38,1514,1
38,1538,1
38,1634,1
38,1686,1
38,1749,1
38,1750,1
38,1751,1
38,1752,1
38,1753,1
1754,38,0
1755,38,0
38,1756,1
38,1757,1
38,1758,1
38,1759,1
1760,38,0
38,1761,1
38,1762,1
38,1763,1
1764,38,0
38,1765,1
38,1766,1
1767,38,0
38,1768,1
38,1769,1
38,1770,1
38,1900,0
39,456,1
39,2014,0
40,40,1
40,42,1
40,157,1
40,199,1
40,956,1
40,1557,1
40,1570,1
1771,40,0
1772,40,0
40,1773,1
1774,40,0
40,1775,1
40,1776,1
40,1777,1
29,41,0
41,954,1
41,1513,1
41,1514,1
41,1516,1
1587,41,0
42,42,1
42,734,1
42,735,1
43,43,1
198,43,0
211,43,0
212,43,0
43,254,1
43,393,1
43,1078,1
1778,43,0
43,1779,1
44,51,1
44,135,1
44,753,1
44,754,1
44,755,1
821,44,0
823,44,0
831,44,0
44,840,1
44,914,1
44,1280,1
44,1620,1
44,1679,1
44,1780,1
1781,44,0
44,1782,1
44,1783,1
44,1784,1
44,2177,0
45,45,1
663,45,0
717,45,0
45,831,0
46,46,1
186,46,0
187,46,0
189,46,0
1492,46,0
46,1494,1
46,1495,1
1496,46,0
46,1497,1
47,47,1
47,762,0
47,1788,1
47,1789,1
48,48,1
48,534,1
48,671,1
48,1345,1
48,1790,1
1791,48,0
49,1304,1
49,1460,1
49,1468,1
1796,49,0
49,1797,1
50,50,1
50,199,0
841,50,0
50,1628,0
51,51,1
753,51,0
51,754,1
51,756,1
51,914,1
51,1137,0
51,2074,0
52,52,1
52,185,1
52,186,1
52,187,1
52,188,1
52,189,1
52,270,1
453,52,0
52,467,1
561,52,0
52,562,1
52,563,1
52,915,1
1417,52,0
1443,52,0
52,1645,1
52,1708,1
52,1866,0
52,1981,0
53,54,1
53,936,1
941,53,0
53,1015,1
53,1016,1
53,1471,1
1847,53,0
54,54,1
54,912,1
936,54,0
54,942,1
54,1035,0
55,670,1
729,55,0
55,875,1
55,952,1
56,126,0
56,875,1
56,897,1
56,994,1
57,57,1
57,420,0
57,873,1
58,905,0
58,934,1
935,58,0
58,1011,1
58,1013,1
1848,58,0
59,59,1
59,430,1
59,438,1
1849,59,0
59,1850,1
1851,59,0
59,1852,1
59,1853,1
59,1854,1
59,1855,1
60,227,1
60,228,1
60,514,0
572,60,0
60,815,1
60,816,1
60,817,1
60,887,1
60,1368,0
60,1856,1
146,61,0
186,61,0
188,61,0
451,61,0
535,61,0
61,536,1
61,774,1
61,775,1
776,61,0
777,61,0
61,1514,1
1553,61,0
61,1555,1
61,1564,1
1587,61,0
1731,61,0
61,1802,1
61,1857,1
61,1858,1
61,1859,1
1860,61,0
61,1861,1
61,1862,1
1863,61,0
61,1864,1
61,1865,1
1866,61,0
62,365,0
562,62,0
62,780,1
62,2122,0
63,63,1
98,63,0
63,937,1
939,63,0
972,63,0
63,975,1
63,976,1
63,979,1
63,980,1
981,63,0
982,63,0
63,1020,1
63,1115,1
63,1433,1
63,1434,1
63,1435,1
63,1436,1
63,1438,1
1439,63,0
63,1867,1
1868,63,0
1869,63,0
64,64,1
64,127,1
64,971,0
64,1394,1
64,1396,1
64,1399,1
64,1401,1
1424,64,0
1870,64,0
65,52,1
65,217,1
65,218,1
65,219,1
65,220,1
65,221,1
222,65,0
65,783,0
65,916,1
65,1532,1
65,1533,1
1871,65,0
65,2192,0
66,741,1
66,746,1
66,747,1
66,878,1
882,66,0
66,1679,1
1724,66,0
1872,66,0
1873,66,0
1874,66,0
1875,66,0
66,2172,0
67,902,1
903,67,0
67,1762,0
68,68,1
68,825,1
826,68,0
68,1182,0
69,69,1
69,191,1
192,69,0
69,458,1
69,460,1
752,69,0
833,69,0
865,69,0
69,866,1
69,905,1
69,968,1
70,70,1
70,560,1
70,631,1
645,70,0
70,1140,0
70,1556,1
70,1580,0
28,71,0
71,71,1
71,383,1
71,776,0
71,863,1
1150,71,0
1419,71,0
71,1742,1
72,72,1
72,740,0
72,944,1
72,1001,1
72,1876,1
1877,72,0
72,1878,1
72,1879,1
1880,72,0
72,2079,0
73,234,1
384,73,0
73,391,1
73,392,1
1395,73,0
74,74,1
74,141,1
74,1881,1
74,1882,1
1883,75,0
75,1884,1
1885,75,0
1886,75,0
1887,75,0
75,1950,0
191,76,0
76,192,1
76,193,1
76,865,1
77,78,1
789,77,0
77,791,1
911,77,0
77,1581,0
77,1877,0
78,230,1
78,279,0
789,78,0
78,790,1
78,791,1
78,828,1
78,2116,0
79,205,1
79,208,1
798,79,0
894,79,0
80,812,1
80,813,1
814,80,0
80,1142,0
81,81,1
149,81,0
904,81,0
81,1054,0
1221,81,0
81,1222,1
1373,81,0
81,1514,1
1529,81,0
81,1778,1
81,1779,1
81,1802,1
81,1857,1
1860,81,0
81,1861,1
81,1862,1
81,1863,1
81,1865,1
81,1888,1
81,1889,1
81,1890,1
81,1891,1
1892,81,0
81,1893,1
81,1894,1
1895,81,0
1896,81,0
1897,81,0
1898,81,0
1899,81,0
1900,81,0
81,1901,1
81,1902,1
1903,81,0
1904,81,0
1905,81,0
81,1906,1
81,1907,1
81,1908,1
81,1909,1
81,1910,1
1911,81,0
81,1912,1
1913,81,0
1914,81,0
81,1915,1
82,803,0
1069,82,0
82,1598,1
82,1916,1
183,83,0
83,211,1
560,83,0
580,83,0
83,581,1
83,631,1
83,645,1
83,1111,1
83,1112,1
83,1639,1
83,1708,1
1735,83,0
1754,83,0
83,1916,1
83,1917,1
1918,83,0
1919,83,0
1920,83,0
1921,83,0
83,1922,1
1923,83,0
83,1924,1
1925,83,0
83,1926,1
1927,83,0
83,1928,1
67,84,0
84,84,1
84,1173,0
85,85,1
85,1284,0
85,1748,0
85,1929,1
86,13,1
86,300,0
86,1488,1
86,1802,0
86,1813,0
1930,86,0
218,87,0
219,87,0
87,220,1
87,221,1
87,222,1
87,1519,1
88,88,1
1101,88,0
89,1677,0
89,1931,1
89,1932,1
89,1933,1
89,1934,1
90,594,0
90,1048,0
1521,90,0
1522,90,0
90,1523,1
1043,92,0
92,1935,1
92,1936,1
93,93,1
93,294,0
93,763,1
764,93,0
94,765,1
94,977,0
783,95,0
95,784,1
95,785,1
787,95,0
96,96,1
96,97,1
96,112,0
96,328,0
858,96,0
859,96,0
96,860,1
96,861,1
96,1024,1
96,1696,0
97,97,1
97,856,0
97,858,1
1024,97,0
98,8,1
98,148,1
98,180,1
181,98,0
182,98,0
98,448,0
98,633,1
1109,98,0
98,1246,0
98,1356,1
98,1442,1
98,1621,1
1950,98,0
98,1951,1
1952,98,0
98,1953,1
98,1954,1
99,99,1
99,142,0
100,100,1
100,272,1
837,101,0
101,1207,0
1955,101,0
101,1956,1
1957,101,0
102,102,1
842,102,0
843,102,0
844,102,0
845,102,0
846,102,0
102,1193,0
102,1735,1
102,1958,1
102,1959,1
102,1960,1
103,401,1
103,435,1
1165,103,0
103,1452,1
104,608,1
104,614,1
104,723,1
724,104,0
104,725,1
104,969,0
607,105,0
105,614,1
105,724,1
105,1337,0
106,106,1
106,143,1
479,106,0
106,1700,0
106,1803,1
106,1826,1
106,1961,1
106,1962,1
1963,106,0
1964,106,0
106,1965,1
106,1966,1
106,1967,1
106,1968,1
106,1969,1
1970,106,0
106,1971,1
107,107,1
107,819,1
108,108,1
109,219,0
109,661,1
109,684,1
109,685,1
686,109,0
109,1230,1
109,1506,1
110,970,0
110,1972,1
1973,110,0
110,2171,0
111,111,1
301,111,0
111,305,1
111,877,1
878,111,0
879,111,0
112,635,1
636,112,0
638,112,0
112,639,1
112,640,1
641,112,0
112,1843,0
113,113,1
113,469,0
113,1201,0
1548,113,0
1549,113,0
114,55,1
114,202,1
250,114,0
114,460,1
492,114,0
114,550,1
114,862,1
114,1416,1
1975,114,0
114,1976,1
1977,114,0
1978,114,0
114,1979,1
114,1980,1
114,1981,1
1982,114,0
114,1983,1
28,115,0
115,386,1
115,561,1
115,562,1
115,633,1
115,864,0
1421,115,0
116,715,0
116,961,1
116,963,1
116,964,1
117,485,0
117,1328,0
1984,117,0
1985,117,0
117,1986,1
117,1987,1
1847,118,0
119,1235,1
1236,119,0
119,1365,0
119,1988,1
119,1989,1
1990,119,0
119,1991,1
119,1992,1
119,1993,1
120,120,1
120,984,1
120,985,1
120,987,1
120,988,1
120,989,1
120,990,1
120,1864,0
121,121,1
121,446,1
121,484,1
121,485,1
621,121,0
121,697,0
121,1452,0
122,122,1
122,1064,0
122,1261,1
1996,122,0
123,11,1
123,103,1
123,123,1
123,412,1
123,413,1
123,780,1
183,124,0
124,1205,0
125,116,1
125,750,1
125,751,1
1056,125,0
125,2164,0
126,126,1
126,847,1
126,2016,1
126,2017,1
126,2018,1
127,1023,1
2019,127,0
128,761,0
128,2020,1
128,2021,1
2022,128,0
128,2023,1
128,2024,1
128,2025,1
2026,128,0
129,106,1
129,469,1
479,129,0
480,129,0
481,129,0
1071,129,0
1401,129,0
2027,129,0
129,2028,1
129,2029,1
130,130,1
130,1753,0
131,131,1
131,2030,1
131,2031,1
132,132,1
132,519,0
132,970,0
132,1942,1
132,1946,1
132,2032,1
2033,132,0
132,2137,0
133,106,1
133,235,1
133,457,1
133,480,1
481,133,0
133,730,0
133,878,0
1429,133,0
133,1971,0
133,2183,0
134,98,1
134,180,1
134,181,1
226,134,0
134,228,1
134,371,1
134,2044,0
226,135,0
135,227,1
135,228,1
537,135,0
135,883,0
135,1147,0
135,1779,0
135,1780,1
2037,135,0
135,2038,1
135,2039,1
135,2040,1
135,2041,1
135,2042,1
135,2043,1
2044,135,0
135,2045,1
412,136,0
136,413,1
137,137,1
137,1332,0
137,2046,1
137,2047,1
138,1891,0
139,762,0
139,953,0
139,1358,1
139,2049,1
8,140,0
140,106,1
479,140,0
481,140,0
140,1212,1
140,2050,1
2051,140,0
2052,140,0
141,141,1
142,142,1
142,1216,1
143,52,1
143,266,1
270,143,0
143,386,1
143,480,1
143,481,1
143,665,0
143,781,1
143,915,1
143,941,0
143,1006,0
143,1419,1
1643,143,0
143,1986,0
143,2142,0
144,50,1
144,64,1
106,144,0
144,335,0
387,144,0
144,451,1
144,479,1
144,480,1
144,481,1
144,902,0
1395,144,0
144,1452,1
144,1563,0
144,2057,1
2058,144,0
145,145,1
145,467,0
145,572,0
969,145,0
145,970,1
145,1150,0
145,1632,0
146,146,1
146,396,0
146,1101,1
146,1513,1
146,1514,1
146,1587,1
146,1857,1
146,1858,1
1860,146,0
146,1861,1
146,1863,1
146,1864,1
146,1865,1
147,573,0
148,450,0
148,456,1
780,148,0
148,781,1
148,1332,1
148,1617,1
148,2060,0
148,2072,1
149,449,0
149,872,1
149,1505,0
149,2073,1
149,2074,1
150,150,1
150,1657,1
2081,150,0
150,2082,1
150,2083,1
151,151,1
151,940,0
151,2093,1
151,2094,1
152,9,1
152,152,1
152,202,1
152,203,1
152,204,1
152,424,1
474,152,0
152,488,1
152,489,1
152,589,0
152,656,1
152,847,1
152,1173,0
152,1279,1
1388,152,0
152,1402,1
1425,152,0
152,1426,1
152,1520,1
152,1538,1
1662,152,0
152,1682,1
152,1766,1
1768,152,0
1769,152,0
152,2084,1
152,2095,1
152,2096,1
152,2097,1
2098,152,0
152,2099,1
2100,152,0
2101,152,0
2102,152,0
2103,152,0
2104,152,0
152,2105,1
152,2106,1
153,1,1
153,8,1
153,123,1
129,153,0
153,271,1
153,396,1
153,402,1
153,457,1
479,153,0
153,480,1
652,153,0
654,153,0
153,781,1
153,832,1
153,1033,1
153,1178,1
1552,153,0
153,2003,1
153,2150,1
153,2151,1
153,2152,1
153,2153,1
154,1265,1
154,2158,1
2159,154,0
154,2160,1
154,2161,1
155,155,1
155,948,1
949,155,0
6,156,0
9,156,0
103,156,0
156,156,1
156,185,1
156,186,1
156,187,1
189,156,0
201,156,0
156,229,0
156,240,1
346,156,0
156,397,1
156,405,1
409,156,0
441,156,0
156,457,1
506,156,0
156,508,1
156,534,1
156,539,1
156,549,1
156,553,1
156,554,1
156,561,1
156,563,1
156,565,1
570,156,0
156,597,1
156,599,1
600,156,0
156,601,1
156,604,1
156,615,1
156,616,1
156,645,0
156,646,1
156,652,1
156,653,1
656,156,0
156,671,1
156,731,1
768,156,0
156,770,1
156,771,1
777,156,0
779,156,0
156,780,1
967,156,0
156,1115,1
156,1182,1
156,1285,1
1367,156,0
1368,156,0
156,1433,1
156,1436,1
1438,156,0
156,1439,1
1440,156,0
156,1463,1
1464,156,0
1465,156,0
1466,156,0
156,1467,1
156,1470,1
1586,156,0
156,1598,1
156,1713,1
156,1718,1
156,1800,1
1867,156,0
156,1982,1
2034,156,0
156,2166,1
156,2167,1
156,2168,1
2169,156,0
2170,156,0
156,2171,1
156,2172,1
156,2173,1
2174,156,0
156,2175,1
2176,156,0
2177,156,0
156,2178,1
157,157,1
157,795,0
1772,157,0
201,158,0
158,556,1
158,558,1
158,835,1
158,946,1
158,1015,0
158,1279,0
159,1298,0
159,1320,0
159,1831,1
159,2179,1
159,2180,1
2181,159,0
159,2182,1
159,2183,1
159,2184,1
159,2185,1
159,2186,1
159,2187,1
160,1524,1
2188,160,0
160,2189,1
2190,160,0
161,872,1
162,510,1
162,511,1
512,162,0
513,162,0
162,675,0
162,898,0
162,1157,0
162,2142,0
162,2191,1
2192,162,0
163,1469,1
164,164,1
164,647,1
164,648,1
649,164,0
650,164,0
651,164,0
165,2193,1
166,267,1
166,1325,1
2194,166,0
945,167,0
167,1007,1
167,1008,1
168,82,1
168,171,0
168,827,1
1069,168,0
168,1118,1
168,1456,1
168,1531,1
168,1733,1
168,2053,1
168,2054,1
168,2055,1
168,2111,0
2195,168,0
168,2196,1
2197,168,0
168,2198,1
1004,169,0
170,170,1
170,1086,1
170,1346,1
170,1545,1
1896,170,0
170,2199,1
171,226,1
171,845,1
171,958,1
171,2200,1
172,2131,0
172,2201,1
173,1316,0
173,2147,1
173,2202,1
174,396,1
174,679,0
174,705,1
174,768,0
174,1005,0
174,1300,1
2056,174,0
2203,174,0
174,2204,1
175,390,0
175,490,0
175,897,0
176,660,0
176,1553,0
176,1809,0
177,1015,0
178,362,0
180,729,0
181,896,0
181,2002,0
183,2042,0
186,1327,0
186,1419,0
186,1875,0
188,1323,0
189,1053,0
189,1243,0
189,1711,0
190,1467,0
191,762,0
191,1654,0
191,2163,0
192,1050,0
193,1138,0
193,1372,0
196,307,0
196,1482,0
197,228,0
197,904,0
198,1696,0
199,2069,0
200,423,0
201,562,0
203,378,0
204,419,0
204,886,0
207,558,0
207,585,0
208,1283,0
208,1455,0
209,1329,0
209,1876,0
210,989,0
211,1400,0
212,607,0
213,1082,0
213,1476,0
215,1663,0
217,451,0
217,904,0
217,2134,0
218,2126,0
218,2173,0
224,1195,0
226,1297,0
226,1372,0
228,1265,0
229,1119,0
230,2165,0
233,894,0
235,300,0
237,252,0
237,449,0
238,1286,0
239,2060,0
242,1178,0
242,1960,0
246,1733,0
246,1997,0
246,2078,0
250,872,0
250,1437,0
252,1321,0
254,1689,0
256,1953,0
256,1970,0
259,1203,0
260,1223,0
261,385,0
263,371,0
263,670,0
263,848,0
264,1926,0
265,1441,0
265,1753,0
267,1406,0
269,608,0
270,304,0
271,1445,0
273,1001,0
274,2026,0
275,1244,0
275,1438,0
275,1621,0
276,1855,0
277,1351,0
277,1861,0
277,1957,0
278,1321,0
282,979,0
283,1745,0
283,1910,0
289,1063,0
289,1367,0
290,2077,0
291,626,0
292,1603,0
292,1839,0
293,1660,0
294,539,0
294,556,0
294,1838,0
297,1271,0
298,824,0
299,2107,0
300,418,0
301,2092,0
302,467,0
303,424,0
303,492,0
304,792,0
305,740,0
305,2158,0
307,424,0
307,497,0
308,1817,0
309,830,0
309,1481,0
309,1734,0
311,1619,0
312,1352,0
312,1376,0
314,409,0
315,1200,0
317,1882,0
318,1078,0
318,1616,0
319,1804,0
320,1491,0
320,1759,0
321,777,0
321,1517,0
322,1963,0
323,991,0
323,1037,0
323,1124,0
326,330,0
326,423,0
327,942,0
329,1938,0
331,651,0
333,719,0
334,936,0
334,1154,0
336,892,0
339,1867,0
340,588,0
344,830,0
346,488,0
346,1999,0
348,1659,0
348,1860,0
350,1660,0
351,752,0
354,963,0
355,1000,0
355,1182,0
359,544,0
360,1874,0
361,1536,0
361,1978,0
364,1020,0
365,751,0
367,654,0
367,1054,0
367,1676,0
368,1151,0
368,1814,0
369,2039,0
369,2165,0
372,960,0
372,1657,0
373,484,0
374,1532,0
374,2018,0
375,1180,0
376,778,0
379,552,0
380,847,0
381,766,0
382,2055,0
383,597,0
383,1393,0
384,1233,0
384,1632,0
385,787,0
385,1729,0
387,933,0
387,1972,0
388,1060,0
388,1484,0
389,809,0
391,782,0
391,2113,0
393,972,0
393,1330,0
393,2102,0
396,1356,0
398,685,0
399,866,0
400,1332,0
401,1961,0
402,1959,0
404,1317,0
404,2151,0
406,694,0
406,1504,0
408,635,0
409,1368,0
411,2158,0
413,446,0
413,973,0
413,1524,0
414,431,0
415,1351,0
416,1121,0
418,1006,0
418,1084,0
418,1777,0
419,1842,0
420,520,0
421,528,0
423,1536,0
424,1276,0
426,1578,0
427,803,0
427,1210,0
428,1771,0
429,1377,0
430,985,0
430,1054,0
430,1095,0
430,1576,0
431,461,0
433,845,0
434,1218,0
435,762,0
435,979,0
438,1891,0
439,725,0
439,1347,0
439,1493,0
440,937,0
440,1021,0
441,1673,0
442,748,0
443,1374,0
448,1316,0
453,1893,0
455,1751,0
455,1781,0
457,2111,0
459,1900,0
459,1935,0
460,741,0
462,532,0
462,723,0
463,971,0
464,1667,0
464,2041,0
465,848,0
465,1987,0
467,1363,0
469,2052,0
471,597,0
472,1468,0
473,1766,0
476,1702,0
477,1081,0
478,606,0
478,1431,0
478,2139,0
479,852,0
480,1359,0
483,2017,0
489,1527,0
489,1808,0
490,1162,0
490,2110,0
492,1135,0
492,2146,0
494,1362,0
494,1403,0
497,840,0
497,1424,0
497,1727,0
499,1087,0
501,1388,0
501,2122,0
503,1390,0
505,743,0
505,789,0
505,1008,0
507,1009,0
507,1242,0
507,1501,0
507,2039,0
510,1460,0
512,1457,0
513,1703,0
515,1661,0
515,2125,0
516,743,0
516,1299,0
517,674,0
517,843,0
518,997,0
521,1436,0
521,2117,0
522,1974,0
526,819,0
526,1007,0
526,1068,0
527,665,0
527,1067,0
528,1352,0
528,1863,0
528,1909,0
528,2017,0
530,1317,0
531,1362,0
531,1566,0
531,1982,0
533,710,0
533,1423,0
534,704,0
534,1354,0
535,610,0
536,852,0
537,1038,0
538,1902,0
539,1976,0
540,1507,0
540,1934,0
541,545,0
542,1096,0
543,1075,0
546,2182,0
547,957,0
547,1441,0
548,936,0
549,1650,0
551,1499,0
554,1914,0
555,2043,0
557,1725,0
560,1129,0
560,2084,0
561,906,0
566,1143,0
566,1257,0
566,1525,0
567,717,0
567,1349,0
567,1749,0
568,1294,0
572,1146,0
577,1309,0
579,969,0
580,1648,0
582,1195,0
583,1600,0
583,1742,0
583,1780,0
584,975,0
584,1052,0
584,2086,0
588,1681,0
589,1370,0
589,1810,0
595,705,0
595,713,0
598,708,0
598,2113,0
599,777,0
601,1328,0
601,1362,0
602,706,0
604,2007,0
605,843,0
605,1442,0
607,1806,0
609,1229,0
611,1035,0
614,1922,0
618,1176,0
618,1899,0
620,888,0
620,1837,0
620,2148,0
621,1982,0
621,2155,0
626,1567,0
627,2090,0
630,1474,0
630,1614,0
630,2182,0
631,1423,0
632,1299,0
635,2109,0
636,1171,0
638,1329,0
642,1534,0
643,1188,0
643,2095,0
644,757,0
644,1613,0
646,1288,0
649,946,0
650,1399,0
650,1623,0
651,1703,0
653,675,0
657,1127,0
657,1396,0
658,1177,0
659,1775,0
660,1784,0
664,1700,0
664,2137,0
666,1701,0
667,982,0
668,1317,0
669,1598,0
670,835,0
670,1602,0
676,943,0
676,1096,0
676,1927,0
677,2026,0
679,1041,0
683,1328,0
683,1468,0
683,1861,0
687,1956,0
692,752,0
693,1527,0
694,698,0
694,1479,0
694,1708,0
695,2001,0
696,1749,0
699,1566,0
699,1971,0
700,730,0
702,755,0
704,1535,0
705,772,0
706,1854,0
707,2175,0
709,1266,0
710,874,0
711,1046,0
711,1431,0
712,799,0
715,831,0
715,1439,0
715,1794,0
716,1049,0
717,897,0
718,1935,0
724,1213,0
724,1698,0
725,758,0
725,762,0
725,1860,0
726,821,0
728,847,0
729,1647,0
730,1506,0
732,1017,0
735,2080,0
742,1210,0
745,1569,0
745,1605,0
746,1095,0
746,1914,0
751,1452,0
751,2108,0
752,1325,0
752,1406,0
753,810,0
753,1428,0
755,792,0
755,1467,0
757,1758,0
758,1675,0
759,895,0
759,1482,0
760,1397,0
762,997,0
764,1015,0
764,1258,0
765,1421,0
772,1316,0
773,880,0
773,1552,0
773,1986,0
776,944,0
777,2104,0
780,1076,0
780,1614,0
782,2151,0
783,903,0
783,1367,0
783,2040,0
786,1379,0
788,1395,0
789,1207,0
790,911,0
792,1271,0
794,2156,0
798,1031,0
799,1237,0
799,1759,0
800,1468,0
800,1693,0
803,947,0
803,1151,0
804,1815,0
804,1916,0
806,1139,0
807,1608,0
809,1895,0
813,2186,0
816,1883,0
818,1341,0
819,1348,0
820,1018,0
820,1726,0
820,1825,0
822,905,0
823,965,0
823,1340,0
823,1861,0
823,1918,0
824,1857,0
825,1636,0
828,1021,0
828,2107,0
829,1971,0
830,831,0
830,1747,0
831,1217,0
832,2115,0
833,1522,0
833,1581,0
833,1599,0
835,1659,0
843,1685,0
847,1599,0
851,1764,0
851,1941,0
851,1948,0
857,1075,0
862,1055,0
862,1162,0
863,2120,0
864,1891,0
866,1032,0
866,1795,0
866,2107,0
868,1518,0
869,1514,0
874,1661,0
874,1851,0
874,2103,0
880,1089,0
881,1329,0
884,1721,0
885,964,0
885,1961,0
892,1803,0
892,1866,0
893,1854,0
900,1894,0
903,1113,0
904,1979,0
905,1206,0
906,1504,0
907,1758,0
909,1033,0
915,1825,0
918,2165,0
920,1696,0
921,1810,0
925,1655,0
926,928,0
927,1394,0
927,2086,0
928,1750,0
928,1844,0
929,1462,0
930,1333,0
930,2072,0
934,1848,0
935,1822,0
936,1848,0
937,2138,0
938,1990,0
942,1223,0
943,1119,0
943,1487,0
944,1851,0
948,975,0
950,1525,0
951,1125,0
952,1027,0
952,1836,0
954,1485,0
958,1188,0
959,2076,0
964,1508,0
964,1905,0
965,989,0
966,1176,0
966,1253,0
969,1623,0
969,2161,0
970,1918,0
971,2080,0
972,1049,0
972,1086,0
974,2105,0
976,1313,0
976,1494,0
976,1797,0
980,1890,0
982,1222,0
984,1357,0
984,2106,0
985,2056,0
987,1635,0
987,2164,0
988,1420,0
988,1556,0
988,1570,0
989,1481,0
990,1339,0
991,1903,0
997,1509,0
1000,1522,0
1001,1118,0
1001,1508,0
1002,1420,0
1006,1208,0
1007,1704,0
1011,1367,0
1012,1149,0
1012,1512,0
1013,1939,0
1018,1267,0
1018,1318,0
1019,1942,0
1021,1932,0
1024,1597,0
1025,1624,0
1026,1504,0
1027,1156,0
1027,1727,0
1029,1906,0
1031,1455,0
1032,2109,0
1033,1333,0
1034,2115,0
1037,1521,0
1038,2157,0
1039,1207,0
1042,1837,0
1045,1660,0
1045,1689,0
1047,1408,0
1048,2191,0
1054,1211,0
1056,1112,0
1057,1515,0
1057,1801,0
1057,2121,0
1059,1196,0
1059,2064,0
1060,1454,0
1062,1285,0
1064,1659,0
1064,1855,0
1070,1238,0
1070,1263,0
1080,1927,0
1082,2105,0
1084,1379,0
1084,1773,0
1084,1888,0
1086,1363,0
1089,1383,0
1090,1744,0
1094,1423,0
1099,2159,0
1100,1150,0
1101,1227,0
1102,1333,0
1104,1368,0
1104,1840,0
1105,2095,0
1108,1548,0
1115,1351,0
1118,1382,0
1120,1854,0
1121,2009,0
1123,1348,0
1124,2150,0
1126,1360,0
1126,1431,0
1130,1306,0
1131,1337,0
1134,1539,0
1135,1792,0
1136,1833,0
1136,2040,0
1140,1391,0
1140,1825,0
1140,2198,0
1141,1234,0
1141,1396,0
1141,1660,0
1142,1669,0
1149,1902,0
1152,1463,0
1152,1749,0
1154,2167,0
1159,1486,0
1160,2076,0
1167,1287,0
1168,1871,0
1170,2183,0
1171,1667,0
1174,1658,0
1176,1835,0
1178,2009,0
1179,1623,0
1182,1956,0
1184,1458,0
1184,1603,0
1191,1699,0
1191,2082,0
1192,1670,0
1192,1942,0
1193,2006,0
1195,2087,0
1200,1279,0
1201,1536,0
1202,2106,0
1208,1515,0
1209,2141,0
1210,1557,0
1214,1246,0
1218,1737,0
1219,1730,0
1222,2132,0
1225,1717,0
1225,2079,0
1231,1676,0
1232,1278,0
1232,1795,0
1232,2132,0
1233,2143,0
1234,1412,0
1237,1576,0
1239,1651,0
1252,1790,0
1254,2119,0
1261,1927,0
1262,2186,0
1263,1305,0
1264,1711,0
1273,2190,0
1281,1922,0
1285,2007,0
1288,1749,0
1289,1932,0
1291,2153,0
1294,1564,0
1295,1573,0
1296,1706,0
1297,2049,0
1301,1717,0
1301,1785,0
1305,1439,0
1312,1582,0
1313,1685,0
1314,1945,0
1316,2099,0
1321,1503,0
1321,1642,0
1330,1331,0
1335,1496,0
1335,2126,0
1336,1347,0
1338,1849,0
1346,1810,0
1348,1798,0
1349,1913,0
1351,1429,0
1352,2066,0
1353,1540,0
1356,1839,0
1358,1766,0
1361,1434,0
1363,1462,0
1366,1380,0
1368,1477,0
1373,1440,0
1376,1382,0
1381,1968,0
1387,1917,0
1389,1506,0
1390,1460,0
1391,1943,0
1392,1562,0
1393,2125,0
1398,1634,0
1403,1881,0
1403,2117,0
1404,1890,0
1409,1709,0
1409,1833,0
1412,1449,0
1412,1965,0
1413,1830,0
1414,1702,0
1422,1783,0
1424,1547,0
1425,1997,0
1429,1532,0
1432,2132,0
1434,1876,0
1440,1479,0
1440,1846,0
1441,1518,0
1441,1546,0
1441,2158,0
1444,2088,0
1446,1651,0
1447,1625,0
1448,1852,0
1451,1465,0
1459,1696,0
1460,2163,0
1462,2176,0
1473,1804,0
1479,1643,0
1481,1508,0
1483,1487,0
1483,1592,0
1488,1687,0
1492,1643,0
1493,1590,0
1493,1786,0
1497,1571,0
1503,1651,0
1511,1901,0
1515,1892,0
1515,2057,0
1516,1699,0
1519,1962,0
1525,2138,0
1526,1918,0
1527,1634,0
1528,1842,0
1528,2149,0
1533,2011,0
1539,2193,0
1546,2114,0
1550,2146,0
1555,1734,0
1558,1656,0
1558,1724,0
1559,2053,0
1559,2113,0
1560,1676,0
1562,2070,0
1563,2037,0
1564,1813,0
1564,1885,0
1575,2082,0
1576,1621,0
1587,1885,0
1587,1911,0
1596,1983,0
1597,1707,0
1605,1763,0
1612,1728,0
1613,1671,0
1614,1998,0
1616,1712,0
1616,2137,0
1626,1725,0
1626,2069,0
1627,1821,0
1628,1824,0
1629,2020,0
1631,1743,0
1632,2141,0
1634,1800,0
1639,2100,0
1642,1702,0
1648,1691,0
1650,2161,0
1656,1667,0
1656,1986,0
1657,1705,0
1657,1981,0
1661,2190,0
1662,1932,0
1664,1959,0
1669,1756,0
1675,1791,0
1681,1900,0
1682,2018,0
1687,2044,0
1691,1728,0
1691,1749,0
1692,2094,0
1694,1987,0
1702,2122,0
1706,2119,0
1707,1900,0
1709,1721,0
1711,1995,0
1718,1768,0
1721,1745,0
1724,1764,0
1727,1867,0
1731,1829,0
1732,2106,0
1735,2015,0
1738,2022,0
1762,2138,0
1763,1961,0
1765,1982,0
1787,1928,0
1789,2108,0
1790,1907,0
1799,2092,0
1801,1946,0
1809,2050,0
1811,1848,0
1814,2061,0
1833,1995,0
1845,2061,0
1851,1879,0
1866,2004,0
1886,1972,0
1887,2135,0
1904,1986,0
1928,2151,0
1937,2164,0
1943,2120,0
1950,2089,0
1952,1983,0
1958,2022,0
1960,2148,0
1966,1967,0
1974,1993,0
1978,2078,0
1996,2066,0
2022,2068,0
2049,2104,0
2049,2185,0
2053,2095,0
2055,2071,0
2064,2164,0
2076,2152,0
2098,2100,0
2102,2154,0
2106,2131,0
2124,2201,0
2126,2191,0
