1,987,0
2,64,1
2,654,1
2,707,0
2,720,1
2,781,1
2,833,1
2,1026,1
1587,2,0
2,1950,1
2,2055,1
2,2095,1
2,2202,0
2222,2,0
2,2244,1
2,2291,1
2310,2,0
2,2317,1
2,2319,1
2,2320,1
2,2376,1
2,2384,1
2,2393,1
2,2401,1
2409,2,0
2,2428,1
3,1793,0
3,1833,0
4,156,0
4,1747,0
4,2461,0
6,946,0
6,2343,0
7,2046,0
9,1074,0
9,1369,0
9,1884,0
9,1976,0
11,694,0
12,1457,0
2425,12,0
13,29,1
13,203,1
221,13,0
250,13,0
13,251,1
305,13,0
13,308,0
13,339,1
13,341,1
386,13,0
408,13,0
13,426,1
13,448,1
13,452,1
13,459,1
13,563,1
13,599,1
13,628,1
13,634,1
13,654,1
13,656,1
661,13,0
13,664,1
13,690,1
13,706,1
800,13,0
13,819,1
13,857,1
13,935,1
13,939,1
951,13,0
13,1048,1
13,1072,1
13,1143,1
1265,13,0
1307,13,0
13,1318,1
13,1322,1
13,1425,1
13,1458,1
13,1488,1
13,1489,1
13,1510,1
1529,13,0
13,1530,1
1576,13,0
13,1602,1
13,1612,1
13,1712,1
13,1836,1
1879,13,0
13,1921,1
13,1925,1
13,1938,1
13,1964,1
13,1993,1
2183,13,0
2203,13,0
13,2342,1
13,2425,1
13,2462,1
14,1954,0
15,402,0
16,990,0
17,406,0
17,1513,0
19,1035,0
19,1625,0
19,1651,0
23,314,0
23,590,0
23,805,0
23,2086,0
24,661,0
24,977,0
24,1430,0
24,1613,0
24,2110,0
25,454,0
25,1913,0
25,2396,0
26,2146,0
27,1686,0
28,1257,0
28,1427,0
28,2236,0
29,552,0
29,756,0
29,1083,0
29,1596,0
554,30,0
30,571,1
30,640,1
30,813,1
881,30,0
30,985,0
30,995,0
30,1246,1
30,1277,1
1696,30,0
30,1996,1
30,2426,1
31,63,1
31,215,1
31,326,1
470,31,0
31,635,1
638,31,0
31,687,1
31,833,1
31,861,0
31,1215,1
1298,31,0
31,1535,0
31,1644,0
31,1820,1
31,2081,1
32,80,0
32,1644,0
32,1683,0
33,1840,0
414,34,0
34,512,1
653,34,0
34,662,0
1994,34,0
35,230,0
583,36,0
629,36,0
36,1121,0
36,1772,0
2076,36,0
37,391,0
38,292,0
38,710,0
38,1284,0
39,471,0
39,939,1
39,1103,1
39,1219,0
39,2461,0
40,45,0
40,1269,0
41,313,0
41,448,0
41,782,0
41,790,0
41,1115,0
41,2190,0
42,146,0
42,234,1
42,1361,1
42,2447,1
43,1392,0
44,236,0
46,1728,0
47,59,1
47,76,0
105,47,0
124,47,0
47,142,1
168,47,0
47,313,1
47,340,1
47,359,1
47,620,1
654,47,0
47,690,1
47,743,1
47,781,1
47,814,1
899,47,0
47,939,1
1145,47,0
47,1150,1
47,1182,1
47,1185,1
1239,47,0
47,1404,1
1450,47,0
1459,47,0
1585,47,0
1664,47,0
1682,47,0
47,1744,0
47,1831,1
1881,47,0
47,1992,1
47,2014,1
47,2145,1
2245,47,0
47,2276,1
47,2358,1
48,161,0
48,521,0
48,1586,0
48,1648,0
48,2033,0
49,440,0
16,50,0
50,46,1
50,75,1
50,209,1
50,212,1
50,619,1
690,50,0
50,815,1
50,915,0
50,950,1
50,1081,1
1381,50,0
1525,50,0
1674,50,0
50,1793,1
1863,50,0
50,1905,1
50,1955,1
50,2166,1
50,2426,1
51,599,0
52,684,0
52,2160,0
53,635,1
54,1097,0
54,1196,1
54,1305,0
54,1369,0
54,1504,0
54,2265,0
57,273,1
57,723,0
58,1273,0
58,1983,0
58,2000,0
59,2222,0
60,67,0
60,88,1
60,195,1
215,60,0
60,269,1
60,304,1
60,326,1
60,433,1
60,519,1
563,60,0
60,620,1
60,709,1
1591,60,0
60,1771,1
60,1799,0
61,1480,0
61,2207,0
62,289,0
62,744,0
63,81,1
99,63,0
63,152,1
63,412,1
429,63,0
63,585,1
63,621,1
63,659,1
891,63,0
1514,63,0
63,1683,1
63,2331,1
64,2337,0
65,2049,0
66,950,0
67,228,0
67,1298,0
67,2385,0
68,8,1
146,68,0
68,236,1
68,392,1
429,68,0
452,68,0
68,560,1
663,68,0
68,725,1
939,68,0
68,1167,1
68,1215,1
1326,68,0
68,1375,1
68,1483,1
1505,68,0
1568,68,0
68,1620,1
68,1628,1
68,1688,1
68,1741,1
68,1803,1
1990,68,0
2087,68,0
68,2093,1
68,2240,1
68,2357,1
69,2138,0
70,176,0
70,922,0
72,1280,1
73,331,0
75,218,0
75,1513,0
76,160,1
76,586,1
76,864,1
76,1882,1
77,497,0
78,204,1
78,257,0
78,296,0
78,510,0
635,78,0
78,1128,1
1176,78,0
78,1215,1
78,1549,0
78,1582,1
78,1717,1
1940,78,0
79,411,0
79,478,0
79,1286,0
80,95,0
80,1612,0
80,1849,0
80,1927,0
81,1026,0
81,2204,0
82,1991,1
83,1653,0
84,1127,0
84,1686,0
84,1792,1
85,494,0
85,1813,0
85,2242,1
86,563,1
86,757,0
86,2022,0
86,2072,0
87,1382,0
87,1653,0
87,2296,0
88,1100,0
329,89,0
89,382,0
89,985,1
89,1388,1
89,1425,1
2144,89,0
90,1610,0
91,419,0
91,1644,0
92,440,0
92,1249,0
93,1519,0
93,1932,0
94,1586,0
94,2136,0
95,291,0
95,1238,0
95,1746,0
96,1701,0
97,525,0
97,2132,0
99,344,0
99,1025,0
99,1389,0
101,929,0
101,1725,0
103,809,0
103,2240,1
104,450,0
104,995,0
104,2315,0
105,2183,0
106,2417,0
107,1654,0
108,8,1
108,105,1
108,181,1
340,108,0
108,417,0
481,108,0
108,498,0
108,619,1
108,877,1
108,916,0
1234,108,0
108,1311,1
1406,108,0
108,1427,1
1622,108,0
108,1697,1
1770,108,0
1933,108,0
1955,108,0
109,214,0
109,552,0
109,829,0
110,1995,0
725,111,0
111,734,0
111,1274,1
112,467,0
113,642,0
113,1520,0
114,243,0
114,1978,0
115,1933,0
115,2417,0
47,116,0
116,561,0
116,625,1
116,1147,1
1344,116,0
116,2115,1
116,2339,0
117,2446,0
118,29,1
118,529,1
118,646,1
700,118,0
118,732,1
118,780,1
118,959,1
1196,118,0
1468,118,0
118,1573,1
118,1824,1
118,1828,1
118,1830,1
118,1847,1
2198,118,0
118,2385,1
2412,118,0
119,1081,0
119,1898,0
119,2365,0
120,141,0
120,2149,1
121,399,1
121,1617,0
121,1939,1
121,2357,0
122,1509,0
124,558,0
124,1614,1
124,1706,0
124,2160,0
125,676,0
125,1218,0
125,1531,0
126,1851,0
127,2430,0
128,469,0
128,906,0
128,2261,0
129,324,0
130,1171,1
1215,130,0
130,1983,1
130,2058,1
131,1022,0
131,1272,0
132,933,1
132,1214,0
132,1346,0
132,2213,1
132,2243,0
133,727,0
133,1165,0
133,1334,0
134,1268,0
135,836,0
135,1691,1
135,1926,1
137,102,1
427,137,0
137,432,1
624,137,0
628,137,0
137,634,1
137,690,1
137,737,1
137,787,0
137,839,0
864,137,0
900,137,0
935,137,0
137,963,1
137,1072,1
137,1094,1
137,1307,1
137,1351,1
137,1383,1
1415,137,0
1416,137,0
137,1441,1
1466,137,0
1488,137,0
137,1601,1
1724,137,0
137,1783,1
1868,137,0
137,1912,1
1921,137,0
137,1965,1
137,2015,1
2035,137,0
137,2053,1
137,2183,1
137,2278,0
2293,137,0
137,2342,1
2426,137,0
137,2462,1
138,647,0
138,1985,0
139,474,0
139,1878,0
181,140,0
140,273,1
340,140,0
399,140,0
140,777,1
140,939,1
140,1047,1
1062,140,0
140,1220,0
140,1285,1
140,1761,1
141,840,0
142,772,0
142,2219,0
143,157,0
144,689,0
145,730,0
145,2079,0
145,2124,0
146,653,0
146,1693,0
147,399,0
147,1170,1
147,2187,0
148,224,0
148,1733,0
33,149,0
149,79,1
149,273,1
149,399,1
149,690,1
149,939,1
150,561,0
150,997,1
64,151,0
151,1485,0
151,1700,0
151,2222,1
151,2244,1
151,2317,1
2320,151,0
151,2384,1
2401,151,0
151,2409,1
152,1661,0
152,2298,0
152,2349,0
153,153,1
153,659,1
153,695,1
153,940,0
1132,153,0
1200,153,0
153,1933,1
153,2436,1
154,939,1
154,1607,1
154,2234,0
155,668,0
155,846,0
155,1774,0
156,676,0
156,700,1
156,2165,0
156,2173,0
157,1770,0
157,2237,0
158,844,0
159,509,1
159,582,0
159,1505,0
159,1661,0
159,1705,0
160,431,0
160,1152,0
160,1442,0
160,1696,0
161,920,0
161,1513,0
706,162,0
162,1838,1
163,1267,0
163,1934,0
164,66,1
164,80,1
123,164,0
158,164,0
164,293,1
397,164,0
164,435,1
680,164,0
164,713,0
164,769,1
164,802,1
164,929,1
1126,164,0
164,1183,1
1234,164,0
164,1316,1
1391,164,0
164,1945,1
164,2019,1
164,2091,1
164,2152,0
165,194,0
165,1051,0
165,1911,0
64,166,0
166,654,1
166,833,1
1026,166,0
166,1621,0
166,2055,1
166,2222,1
166,2291,1
2310,166,0
166,2317,1
2319,166,0
166,2320,1
2376,166,0
166,2384,1
166,2393,1
2401,166,0
2409,166,0
167,228,0
167,1893,0
168,1785,0
169,320,1
377,169,0
413,169,0
169,449,1
169,457,1
603,169,0
169,707,1
169,718,1
779,169,0
169,840,1
169,850,1
908,169,0
1024,169,0
169,1114,1
169,1209,1
169,1217,0
169,1297,1
169,1463,1
169,1569,0
169,1580,1
1591,169,0
169,1636,1
169,1646,1
169,1723,1
169,1845,1
169,1857,1
169,1868,1
169,1874,1
169,2059,1
169,2093,1
2172,169,0
169,2381,1
170,293,1
170,1921,1
170,2106,0
171,1272,0
1159,172,0
172,2377,0
172,2409,0
173,29,1
173,91,1
173,434,1
173,939,1
173,1315,1
1354,173,0
1629,173,0
173,1700,1
173,2225,0
173,2338,1
173,2371,1
174,1031,0
174,1456,0
174,1591,0
175,47,1
175,727,0
175,2158,0
175,2454,0
176,773,0
176,843,0
150,178,0
181,178,0
178,213,1
273,178,0
777,178,0
827,178,0
178,939,1
178,943,1
178,1205,1
178,1234,1
178,1427,1
1566,178,0
178,1626,1
178,2029,1
178,2035,1
178,2128,1
178,2362,1
179,807,0
179,2085,0
180,1979,0
181,221,0
181,564,1
181,819,0
181,985,0
181,997,1
1759,181,0
181,1761,1
1795,181,0
181,2043,0
2086,181,0
182,916,0
182,2111,0
183,430,1
183,1521,0
184,192,1
269,184,0
184,482,0
184,2086,0
199,185,0
185,295,0
185,725,1
185,943,1
185,1056,0
1414,185,0
185,1568,1
185,1595,0
185,1691,1
185,1732,0
1773,185,0
1810,185,0
185,2035,1
2276,185,0
186,466,1
186,467,1
186,468,1
186,619,1
186,646,1
186,700,1
186,1196,1
186,1205,1
1404,186,0
186,1707,0
186,1824,1
186,1912,0
187,391,0
187,2099,0
188,673,1
188,674,1
982,188,0
188,994,1
188,1121,1
188,1258,1
188,1313,0
188,2042,0
188,2186,1
188,2470,0
190,1149,0
190,1331,0
190,1864,0
190,2254,0
192,844,0
192,1807,0
192,2372,0
193,430,0
193,1026,0
194,2426,0
195,494,0
195,2081,0
196,1893,0
197,479,0
197,743,0
198,99,1
198,194,1
198,269,0
198,546,1
198,797,1
198,845,1
198,911,1
939,198,0
198,1215,1
198,1939,0
198,1979,1
198,2098,1
198,2331,1
199,1497,0
200,311,0
200,479,1
200,520,0
200,1365,0
202,300,1
605,202,0
1086,202,0
202,1239,1
1415,202,0
202,1441,1
202,1503,1
202,1686,0
2075,202,0
202,2224,1
202,2308,1
202,2309,1
202,2324,1
203,573,0
80,204,0
204,234,1
204,364,1
204,553,1
636,204,0
204,921,1
204,935,1
204,1040,1
204,1071,1
204,1081,1
204,1200,0
204,1387,1
204,1817,0
204,1837,1
204,1852,1
204,1913,1
204,2161,1
204,2470,1
205,213,1
205,214,1
205,242,1
205,268,1
205,274,1
342,205,0
205,361,1
625,205,0
660,205,0
205,674,1
205,706,1
205,783,1
814,205,0
205,878,1
205,908,1
994,205,0
205,1147,1
1176,205,0
1205,205,0
205,1229,1
1259,205,0
205,1567,1
205,1585,1
205,1638,0
205,1661,1
205,1695,1
205,1847,1
1941,205,0
205,2057,1
205,2385,1
206,2155,0
207,1887,0
208,1646,0
208,2341,0
210,234,0
210,1061,0
210,1563,0
210,1852,0
210,2369,0
211,304,1
211,758,1
211,1208,1
211,1855,0
211,1893,0
211,2214,0
2240,211,0
361,214,0
584,214,0
214,660,1
214,707,1
214,991,0
214,1299,1
214,1838,1
214,1983,0
2104,214,0
214,2115,1
214,2174,1
6,215,0
80,215,0
215,99,1
141,215,0
215,215,1
225,215,0
215,294,1
215,419,1
215,473,1
555,215,0
215,596,1
215,649,1
652,215,0
677,215,0
724,215,0
215,752,1
215,789,1
804,215,0
215,877,1
215,947,1
215,953,1
215,969,1
215,1136,1
215,1155,1
215,1188,1
215,1366,1
215,1502,1
215,1512,1
1518,215,0
215,1563,1
215,1630,0
215,1685,1
215,1855,1
215,1921,1
2109,215,0
2140,215,0
215,2159,1
215,2180,0
215,2197,1
215,2344,1
215,2348,0
2368,215,0
216,95,1
216,190,1
216,592,0
216,725,1
1181,216,0
1316,216,0
216,1377,1
1672,216,0
216,1702,1
216,1835,0
216,1856,0
216,1886,0
1969,216,0
2052,216,0
216,2202,1
216,2215,1
2277,216,0
217,63,1
217,215,1
217,326,1
217,470,1
217,635,1
217,638,1
217,687,1
217,993,0
1298,217,0
1820,217,0
1131,218,0
218,1404,1
219,792,0
220,2178,0
221,1132,0
221,1215,1
221,1308,0
221,1819,0
222,1752,0
222,1889,0
222,1941,0
222,2338,0
223,865,0
223,1301,0
224,1421,0
225,577,0
227,11,1
29,227,0
47,227,0
452,227,0
457,227,0
823,227,0
227,1066,1
227,1352,1
227,1414,0
227,1925,1
227,1999,1
227,2023,0
2115,227,0
227,2239,1
227,2435,1
229,1311,1
230,2154,0
231,605,0
231,2073,0
233,2351,0
234,402,0
234,960,0
234,1119,0
234,2365,0
236,2381,0
237,1413,0
237,2025,0
238,998,0
238,1177,0
238,1199,0
238,1940,0
238,2076,0
239,239,1
239,2277,0
240,655,0
240,738,0
240,1568,1
240,1683,0
241,17,1
241,29,1
74,241,0
79,241,0
81,241,0
241,127,1
241,213,1
241,235,1
277,241,0
241,328,1
241,413,1
241,422,1
439,241,0
241,455,1
241,468,0
508,241,0
546,241,0
241,585,1
241,625,1
635,241,0
241,638,1
241,785,1
822,241,0
241,833,1
241,993,1
1066,241,0
1068,241,0
241,1148,1
1216,241,0
241,1250,1
241,1634,0
241,1635,1
241,1684,1
241,1801,1
1921,241,0
1925,241,0
241,1947,1
1978,241,0
241,1990,1
241,2080,1
2209,241,0
241,2256,1
241,2380,1
242,926,0
243,421,0
244,260,0
245,478,0
245,1580,0
246,2101,0
246,2475,0
247,255,0
247,342,0
247,507,0
247,1142,1
247,1333,0
247,1425,1
247,1834,1
247,1959,1
248,494,0
238,250,0
250,619,1
758,250,0
250,1306,0
250,1488,0
250,1955,1
250,2451,0
251,285,0
251,1451,0
304,252,0
252,939,1
253,519,1
939,253,0
253,1122,0
253,1315,1
1691,253,0
254,620,0
254,1846,0
254,1891,0
254,1972,1
254,2402,0
1159,256,0
256,1412,0
256,1957,0
257,1435,0
257,1654,0
258,1065,0
258,1435,0
259,479,0
259,1303,0
259,2025,0
260,1622,0
260,2393,0
260,2409,0
261,326,0
261,1413,0
261,1772,1
261,2022,0
262,438,0
263,389,0
263,934,0
263,1327,1
263,1541,0
264,216,1
264,785,0
1138,264,0
264,2321,1
265,824,0
265,1940,0
265,2227,0
266,47,1
1215,266,0
266,1389,1
266,1902,0
266,2077,0
266,2284,1
266,2308,0
268,1011,0
268,1162,0
270,1647,0
270,1817,0
270,2158,0
271,63,1
271,635,1
638,271,0
669,271,0
271,687,1
271,1215,1
1230,271,0
271,1298,1
1820,271,0
271,2081,1
271,2088,0
272,2464,0
273,385,0
273,1101,0
273,1482,0
273,1759,1
1795,273,0
273,2035,1
273,2251,0
2342,273,0
274,753,1
274,754,1
274,759,0
274,890,0
274,1453,0
275,116,1
275,200,1
213,275,0
275,430,1
275,855,1
947,275,0
275,1205,1
1239,275,0
275,1316,1
1620,275,0
1789,275,0
275,1870,0
275,1921,1
275,1955,1
276,1648,0
276,1881,0
277,278,0
277,1781,0
278,1006,0
278,2074,1
279,876,0
279,1909,0
280,250,1
280,581,0
280,1652,0
280,1736,0
281,441,0
282,706,0
282,959,0
282,1381,0
282,1626,0
283,803,0
283,2336,0
284,22,1
284,222,1
284,289,1
284,365,1
284,423,1
284,497,1
284,670,1
743,284,0
284,865,0
284,1082,1
284,1203,0
284,1271,1
284,1399,1
1570,284,0
1689,284,0
284,2017,1
2064,284,0
284,2079,1
284,2117,1
284,2256,0
2392,284,0
284,2434,1
285,1550,0
286,1555,0
286,1908,0
287,1092,0
288,21,1
288,347,1
288,595,1
597,288,0
288,604,1
288,648,1
288,669,1
939,288,0
288,979,1
288,1009,1
288,1048,1
288,1073,1
288,1074,1
1077,288,0
288,1419,1
288,1641,1
288,1794,1
288,1902,1
288,1903,1
288,1904,1
288,1905,1
1906,288,0
288,1908,1
1909,288,0
288,1921,1
1975,288,0
288,2025,0
288,2170,1
288,2171,1
288,2176,1
2178,288,0
288,2185,1
2248,288,0
2252,288,0
2336,288,0
288,2337,1
289,368,0
290,1308,0
291,2205,1
291,2346,1
292,1772,0
293,364,0
293,2221,0
294,2061,0
295,789,0
295,1408,0
296,1103,0
296,1476,0
297,1377,0
297,2084,0
298,216,1
299,680,0
300,464,0
300,861,0
300,1652,0
301,804,0
301,1425,0
302,1274,0
303,2074,0
304,1717,0
305,746,0
305,896,0
305,2055,0
306,831,0
306,1659,0
306,2456,0
307,827,0
700,308,0
308,1824,1
308,1918,0
340,310,0
310,617,1
310,712,0
939,310,0
1345,310,0
310,1349,1
310,2386,1
311,1859,0
311,1877,0
313,1658,0
314,1556,0
316,1445,0
316,1920,0
317,2183,0
317,2415,0
318,819,0
318,2048,0
319,1363,0
319,1774,0
320,1219,0
320,2091,0
321,1071,0
321,1427,1
321,1571,0
321,1946,0
1993,321,0
321,2007,0
321,2444,1
323,570,0
1182,324,0
324,1992,1
324,2064,0
325,1309,0
326,484,0
326,1764,0
326,2148,0
327,2008,0
328,1057,0
328,1121,0
330,369,0
330,939,1
330,985,0
330,1182,1
330,1476,0
1528,330,0
330,1742,1
331,731,0
331,925,0
331,1333,0
331,2403,0
332,2449,0
333,1376,0
333,1983,0
335,2127,0
337,1407,0
337,2328,0
339,2196,0
21,340,0
340,197,1
260,340,0
347,340,0
484,340,0
505,340,0
340,561,1
564,340,0
340,635,1
340,648,1
340,669,1
340,690,1
730,340,0
740,340,0
340,809,0
340,833,0
340,939,1
340,996,1
340,1005,1
1009,340,0
340,1065,1
340,1070,0
1073,340,0
1074,340,0
340,1077,1
340,1215,1
340,1293,1
340,1300,1
340,1311,1
340,1315,1
340,1395,1
340,1416,1
1419,340,0
340,1575,1
1585,340,0
340,1632,0
1641,340,0
1691,340,0
340,1743,1
340,1768,1
340,1794,1
340,1802,1
1891,340,0
340,1899,1
340,1903,1
1904,340,0
340,1905,1
340,1906,1
340,1908,1
340,1921,1
2074,340,0
2102,340,0
340,2173,0
340,2176,1
340,2178,1
340,2185,1
340,2190,1
340,2226,1
2239,340,0
340,2248,1
2252,340,0
2258,340,0
340,2336,1
2337,340,0
2419,340,0
340,2454,1
341,1650,0
342,501,0
342,517,0
342,1384,0
342,2354,0
169,343,0
343,449,1
343,1329,0
344,1487,0
345,1731,0
346,411,0
346,840,0
346,1440,0
346,2070,0
347,1063,0
347,1540,0
347,1544,0
348,422,0
349,474,0
349,1895,0
350,800,0
350,1190,0
350,2104,0
352,600,0
688,352,0
352,705,0
352,807,1
352,855,0
352,1556,0
353,687,0
353,973,0
353,1100,0
353,1255,0
353,1918,0
353,2326,0
357,470,0
535,357,0
357,625,1
357,809,1
819,357,0
357,875,1
357,1070,0
357,1577,1
357,1589,1
357,1868,1
2137,357,0
357,2256,0
2302,357,0
357,2458,1
358,1463,0
359,0,1
8,359,0
30,359,0
359,293,1
359,328,1
359,399,1
359,412,1
483,359,0
359,508,0
359,565,1
359,635,1
847,359,0
359,877,1
359,925,1
939,359,0
359,1017,1
359,1163,1
1184,359,0
1311,359,0
359,1351,1
359,1435,1
359,1451,1
1517,359,0
1519,359,0
1548,359,0
359,1562,1
359,1705,1
359,1729,1
1802,359,0
359,1868,1
359,2051,1
359,2134,1
359,2189,0
2233,359,0
2360,359,0
361,753,1
362,304,1
362,718,1
826,362,0
362,945,0
362,1219,1
362,1921,1
362,1985,0
362,2035,1
362,2119,1
363,845,0
364,1180,0
364,1741,0
365,2086,0
307,366,0
366,518,0
366,601,1
366,1038,0
366,1328,1
366,1618,0
366,1691,1
366,1723,0
367,1380,0
368,827,0
368,1641,0
369,607,0
370,661,0
371,1044,0
371,1867,0
372,81,1
372,1323,0
372,1391,0
374,377,0
375,1500,0
375,2122,0
375,2457,0
376,785,0
376,1143,0
377,29,1
377,45,1
213,377,0
377,273,1
307,377,0
377,323,1
377,412,1
377,427,1
377,429,1
377,529,1
377,635,1
646,377,0
690,377,0
377,853,0
377,907,1
377,959,1
377,989,1
1176,377,0
1196,377,0
377,1468,1
377,1573,1
377,1724,1
1828,377,0
377,1830,1
1847,377,0
1868,377,0
1921,377,0
377,2035,1
377,2385,1
377,2412,1
379,1193,0
1668,379,0
379,1744,0
379,2357,0
379,2382,0
380,2283,0
380,2393,0
381,416,0
381,895,0
381,1739,1
381,1850,1
381,2030,0
381,2183,1
381,2316,1
381,2440,1
382,755,0
382,920,0
382,1210,0
382,1638,0
105,384,0
384,322,1
340,384,0
384,2422,1
385,2189,0
386,532,0
387,676,0
387,1212,0
390,99,1
391,1046,0
391,1625,0
393,681,0
393,1579,0
393,2369,0
394,29,1
50,394,0
122,394,0
394,134,1
394,203,1
394,213,1
251,394,0
394,253,1
394,299,1
341,394,0
394,386,1
394,412,1
394,426,1
394,448,1
394,452,1
394,459,1
512,394,0
394,563,1
394,577,1
599,394,0
634,394,0
394,654,1
394,660,1
394,661,1
394,700,1
394,800,1
857,394,0
394,1048,1
394,1064,1
1081,394,0
394,1088,1
1094,394,0
394,1143,1
1215,394,0
1265,394,0
394,1307,1
394,1318,1
394,1322,1
394,1405,1
394,1425,1
394,1458,1
394,1488,1
1489,394,0
394,1510,1
1529,394,0
394,1530,1
394,1612,1
394,1626,1
394,1712,1
394,1756,1
1836,394,0
394,1879,1
394,1938,1
394,1993,1
394,2044,1
394,2128,1
394,2462,1
395,1959,0
395,2351,0
395,2447,1
635,396,0
396,833,1
396,1192,1
396,1215,1
396,1678,1
396,1745,1
396,1829,1
396,1913,1
396,2193,1
396,2287,1
397,821,0
397,1991,0
398,1304,0
399,29,1
399,55,1
92,399,0
399,171,1
399,174,1
188,399,0
399,203,1
221,399,0
399,268,1
293,399,0
399,304,1
399,307,1
399,339,1
399,346,1
386,399,0
391,399,0
399,406,1
399,426,1
399,448,1
399,452,1
399,459,1
399,496,1
399,520,1
399,554,1
399,577,1
399,599,1
635,399,0
654,399,0
664,399,0
399,681,1
399,690,1
399,692,1
399,696,1
399,792,1
399,800,1
843,399,0
399,844,1
399,857,1
399,859,0
399,891,1
399,902,1
903,399,0
918,399,0
399,939,1
399,981,1
399,1043,1
399,1048,1
399,1055,1
399,1101,1
399,1143,1
399,1169,1
399,1193,1
399,1259,1
1265,399,0
399,1318,1
399,1382,1
399,1433,1
1458,399,0
1466,399,0
1489,399,0
399,1493,1
399,1519,1
399,1529,1
1530,399,0
399,1557,1
399,1576,1
1577,399,0
399,1591,1
399,1602,1
399,1664,1
1691,399,0
399,1706,1
1712,399,0
399,1724,1
399,1834,1
399,1879,1
1901,399,0
1928,399,0
1965,399,0
399,1984,1
399,1993,1
2011,399,0
399,2026,0
399,2083,1
399,2098,0
2203,399,0
399,2329,1
399,2346,0
399,2379,1
2400,399,0
400,1426,0
401,1351,0
402,1650,0
403,988,0
403,1215,1
403,1336,0
404,743,0
404,1143,0
405,3,1
13,405,0
405,58,1
105,405,0
468,405,0
405,489,1
528,405,0
405,660,1
405,706,1
405,782,1
405,799,1
405,877,1
405,891,1
405,924,1
405,992,1
405,1107,1
405,1157,1
1215,405,0
405,1220,1
1311,405,0
405,1368,1
405,1385,1
1404,405,0
405,1431,1
405,1432,1
1566,405,0
405,1571,1
405,1598,1
405,1624,1
405,1890,1
405,1891,0
405,2026,1
2059,405,0
405,2242,1
406,512,0
406,535,1
406,603,1
619,406,0
406,1253,0
406,1490,1
406,2030,1
406,2053,1
407,1994,1
408,1756,0
409,29,1
80,409,0
328,409,0
409,416,0
409,517,1
548,409,0
409,619,1
409,807,0
889,409,0
409,959,1
409,1955,1
2279,409,0
409,2453,1
213,410,0
410,268,1
342,410,0
410,692,0
783,410,0
908,410,0
410,1229,1
410,1259,1
410,1567,1
410,1661,1
410,1664,1
1847,410,0
1941,410,0
410,2057,1
410,2385,1
411,943,0
411,1050,0
411,1416,0
411,2073,0
412,1284,0
412,1620,0
412,2447,0
413,700,1
1215,414,0
56,415,0
415,258,1
415,269,1
415,383,1
415,408,1
415,445,0
415,811,1
415,935,1
415,957,0
415,998,1
415,1023,1
1040,415,0
415,1072,1
1215,415,0
415,1230,1
1244,415,0
415,1247,1
415,1248,1
415,1267,1
1307,415,0
415,1369,0
415,1370,1
415,1381,1
415,1388,1
415,1654,1
415,1845,1
415,2328,0
2377,415,0
415,2436,1
416,116,1
214,416,0
416,242,1
268,416,0
274,416,0
342,416,0
584,416,0
416,625,1
416,660,1
416,674,1
416,706,1
783,416,0
416,878,1
416,908,1
416,994,1
416,1176,1
1182,416,0
416,1258,1
416,1593,1
416,1664,1
416,1695,1
2057,416,0
416,2385,1
417,99,1
250,417,0
417,806,0
417,1057,0
417,1436,1
417,1797,1
417,2346,0
418,673,0
418,1096,0
419,540,0
419,1666,0
419,1966,0
419,2046,0
420,635,1
420,1512,0
420,1646,0
1802,420,0
421,786,1
421,989,0
424,2154,0
425,867,0
425,983,0
425,1006,1
426,844,0
427,926,0
427,991,0
427,1974,0
428,646,0
429,1123,0
430,10,1
430,26,1
430,47,1
48,430,0
430,91,1
430,105,1
430,131,1
430,208,1
245,430,0
430,253,1
430,293,1
430,301,1
311,430,0
430,316,1
430,326,1
414,430,0
430,431,1
430,475,1
511,430,0
430,512,1
430,519,1
430,538,1
430,603,0
635,430,0
430,690,1
702,430,0
430,855,1
430,864,1
874,430,0
948,430,0
1051,430,0
1058,430,0
430,1075,1
430,1082,0
430,1085,1
1094,430,0
1099,430,0
430,1104,1
430,1157,1
1190,430,0
430,1225,1
430,1236,1
1257,430,0
430,1280,1
1294,430,0
430,1311,1
1333,430,0
430,1351,1
1357,430,0
430,1374,1
1385,430,0
1389,430,0
430,1412,1
1427,430,0
1449,430,0
1450,430,0
430,1538,1
1690,430,0
430,1691,1
430,1716,1
430,1767,1
1781,430,0
1785,430,0
430,1831,1
430,1865,1
1921,430,0
430,1924,1
430,1944,1
430,1994,1
430,2006,1
430,2011,1
2024,430,0
430,2042,1
430,2066,1
430,2113,1
2130,430,0
430,2165,1
430,2194,1
430,2218,1
430,2219,1
2262,430,0
2283,430,0
430,2294,1
2345,430,0
430,2383,1
430,2463,1
430,2472,1
432,1534,0
433,520,1
573,433,0
433,939,1
433,1215,1
433,1425,1
433,1644,0
2178,433,0
434,442,0
435,991,0
435,1516,0
435,1674,0
436,1474,0
437,627,0
437,978,0
437,2124,0
438,637,0
438,889,0
439,971,0
440,2167,0
441,552,0
441,1584,0
442,412,1
442,936,0
1311,442,0
1847,442,0
442,2375,1
443,81,1
443,1237,0
1427,443,0
443,1482,0
443,1949,0
99,444,0
444,1198,0
445,448,0
445,1931,0
445,1959,0
446,576,0
448,540,0
448,1240,0
448,1852,0
449,27,1
449,177,1
449,312,1
331,449,0
449,348,1
449,402,1
449,449,1
449,803,1
449,898,1
449,1044,1
1048,449,0
449,1198,0
449,1211,1
449,1320,0
449,1526,1
449,1560,1
449,1663,1
449,1687,1
1723,449,0
449,1851,1
449,2059,1
449,2128,1
2172,449,0
449,2187,1
2306,449,0
2424,449,0
449,2466,1
450,2364,0
451,835,0
451,885,0
451,2029,0
451,2125,0
451,2245,0
451,2349,0
453,79,1
99,453,0
453,521,0
742,453,0
453,1106,1
1537,453,0
1880,453,0
454,1249,0
455,1108,0
455,1741,0
455,1837,0
455,2061,0
456,326,1
456,399,1
456,635,1
891,456,0
456,1084,0
456,1126,1
456,1227,1
456,1435,1
1591,456,0
456,2022,0
459,1225,0
459,2092,0
1971,460,0
461,1669,0
462,1241,1
462,1426,0
463,29,1
213,463,0
463,273,1
307,463,0
463,323,1
463,412,1
463,427,1
429,463,0
463,529,1
635,463,0
463,646,1
690,463,0
463,700,1
463,732,1
463,870,1
463,907,1
959,463,0
1176,463,0
1196,463,0
463,1466,1
1468,463,0
463,1716,0
1824,463,0
463,1847,1
463,1868,1
463,1921,1
463,2035,1
463,2113,0
463,2198,1
463,2209,0
2412,463,0
464,1254,0
464,1797,0
464,1928,0
465,603,1
465,1598,0
466,531,0
468,30,1
468,718,1
830,468,0
468,1215,1
468,1324,1
468,1691,1
468,2380,0
471,1236,0
471,1746,0
471,1809,0
472,753,0
472,1810,0
472,1943,0
474,831,0
475,768,0
475,1231,0
475,2049,0
47,476,0
476,314,1
476,1647,0
218,477,0
477,608,0
477,826,0
477,1134,0
1537,477,0
477,1728,0
1985,477,0
477,2238,1
478,800,0
478,2099,0
479,903,0
479,1162,0
479,2363,0
481,1093,0
481,1215,0
483,1846,0
484,1466,0
485,2101,0
485,2188,0
29,486,0
486,618,0
486,637,0
486,1626,1
487,809,0
487,1612,0
489,1451,0
490,1421,0
492,943,1
493,1302,0
493,2027,0
494,830,0
494,1524,0
494,1970,0
495,2051,0
495,2243,0
496,1060,0
496,1668,0
498,1170,0
498,1249,0
498,1778,0
498,1791,0
499,1925,1
499,2223,0
500,2255,0
501,17,1
501,81,1
501,328,1
413,501,0
455,501,0
501,585,1
625,501,0
501,788,0
822,501,0
959,501,0
1066,501,0
501,1147,1
501,1196,1
1216,501,0
501,1250,1
1630,501,0
1801,501,0
1824,501,0
1913,501,0
501,2080,1
2209,501,0
501,2380,1
502,631,0
503,522,0
503,774,0
503,2209,0
503,2387,0
304,504,0
504,831,0
504,1137,1
504,1311,1
504,1921,1
504,2046,0
505,1031,0
506,619,1
506,743,0
506,1543,1
506,1625,0
507,2391,0
508,1880,0
509,1684,0
509,2438,0
510,1658,0
510,1759,0
510,1841,0
513,1834,1
514,1252,0
514,2331,0
514,2402,0
515,1133,0
516,1425,1
516,2055,0
2144,516,0
517,1412,0
517,1564,0
517,1777,0
518,1028,0
519,862,1
519,1311,1
519,2467,0
520,1398,0
520,2475,1
521,1514,0
523,710,0
523,1153,0
523,1450,0
523,1831,0
524,447,1
524,1614,0
524,1673,1
524,1799,1
524,2446,1
524,2471,1
525,1905,0
525,2250,0
525,2285,0
526,1244,0
527,1219,0
2153,528,0
529,1305,0
529,2135,0
530,1210,1
530,1600,1
530,1793,1
531,1134,0
531,1556,0
532,1350,0
534,928,0
534,1384,1
534,1607,0
535,800,0
535,1861,0
536,399,1
536,1075,0
536,1602,0
536,1755,0
536,2081,0
536,2128,0
537,1821,0
538,1539,0
538,1910,0
538,2069,0
539,304,1
430,539,0
539,883,0
540,628,1
541,970,0
541,1397,0
541,1617,0
542,1832,0
542,2028,0
542,2472,0
543,258,1
543,346,1
543,386,1
543,445,1
543,520,1
543,523,1
543,618,0
786,543,0
543,814,1
891,543,0
543,910,1
543,1236,1
543,1239,1
1487,543,0
1630,543,0
543,1663,1
543,1691,1
1762,543,0
543,1842,0
1968,543,0
543,2026,1
543,2072,1
543,2095,1
2111,543,0
543,2253,1
544,959,1
545,841,0
1497,545,0
1544,545,0
1933,545,0
545,1955,0
546,2382,0
547,2138,0
547,2210,0
549,641,0
549,662,0
549,939,1
549,1556,1
549,2317,0
549,2400,1
187,550,0
550,718,0
550,1005,1
550,1055,1
550,1316,1
550,1955,1
87,551,0
551,581,0
551,1215,1
551,1694,0
551,2161,1
552,1054,0
552,1822,0
553,566,0
553,679,0
554,926,0
555,813,0
555,1329,0
555,2311,0
556,635,1
556,646,0
556,859,0
556,1921,1
557,238,1
275,557,0
552,557,0
557,2035,0
558,865,0
558,1124,1
559,2011,0
560,2143,0
562,738,1
562,2149,0
2426,562,0
70,564,0
564,233,1
564,445,1
564,849,1
564,978,1
564,983,1
564,1026,1
564,1736,1
63,565,0
565,68,1
99,565,0
565,124,1
565,319,1
320,565,0
512,565,0
565,598,1
565,635,1
775,565,0
939,565,0
1094,565,0
565,1160,1
1215,565,0
565,1281,1
1516,565,0
1532,565,0
565,1566,1
565,1720,1
565,1784,1
565,1841,1
1966,565,0
565,1990,0
565,2058,1
2094,565,0
565,2106,0
2164,565,0
565,2228,0
565,2259,1
566,1611,0
567,758,0
567,1301,0
567,1789,0
567,1822,0
568,145,1
568,577,1
568,654,1
568,769,0
568,1094,1
568,1111,1
568,1243,1
1263,568,0
1293,568,0
568,2404,1
569,6,1
569,143,1
569,419,1
569,555,1
569,569,1
596,569,0
569,649,1
569,652,1
569,677,1
569,724,1
569,732,0
569,752,1
569,789,1
569,953,1
1012,569,0
569,1136,1
1188,569,0
1366,569,0
569,1502,1
569,1512,1
1563,569,0
569,1620,1
569,1685,1
569,1941,0
569,2109,1
569,2159,1
569,2197,1
569,2333,1
570,144,1
628,570,0
1764,570,0
2010,570,0
571,2283,0
572,153,1
572,1851,0
1933,572,0
573,1860,0
574,2184,0
575,2017,0
576,429,1
576,610,0
576,861,0
576,1552,0
576,1710,0
578,685,0
578,1340,0
579,102,1
579,408,1
579,427,1
579,432,1
624,579,0
579,635,1
579,864,1
579,891,1
900,579,0
579,935,1
1094,579,0
1322,579,0
579,1351,1
579,1383,1
1415,579,0
579,1416,1
1441,579,0
579,1466,1
579,1542,0
579,1601,1
579,1724,1
579,1783,1
1836,579,0
579,1847,1
579,1868,1
579,1921,1
579,1965,1
579,2015,1
579,2183,1
579,2293,1
579,2342,1
579,2462,1
580,1080,1
581,638,0
582,1723,0
583,603,0
583,801,0
584,99,1
584,124,1
584,142,1
242,584,0
584,274,1
361,584,0
451,584,0
584,584,1
584,605,1
584,697,1
584,707,1
584,857,1
584,895,1
1048,584,0
1253,584,0
584,1299,1
584,1348,1
1490,584,0
1506,584,0
584,1543,1
584,1664,1
584,1838,1
584,2144,1
584,2297,0
584,2410,1
586,29,1
586,646,1
586,700,1
732,586,0
586,780,1
586,959,1
1573,586,0
1824,586,0
1828,586,0
586,1830,1
1847,586,0
586,2198,1
2412,586,0
839,588,0
588,1215,1
589,1164,0
590,1180,1
590,1622,0
590,1748,0
2064,590,0
590,2291,0
591,695,0
591,2315,0
591,2347,0
939,592,0
592,2400,0
594,943,0
594,1656,0
596,2324,0
597,1876,0
597,1985,0
598,1455,0
599,1463,0
600,2112,0
603,2039,0
604,2309,0
606,234,1
606,1361,1
47,607,0
608,2127,0
608,2222,0
609,662,0
150,610,0
181,610,0
273,610,0
610,405,1
610,781,0
610,1259,1
1386,610,0
610,2086,1
610,2128,1
2362,610,0
611,1051,0
611,1132,0
611,2110,0
612,456,1
612,973,0
530,613,0
613,1568,1
613,2376,0
614,2299,0
615,1987,1
616,739,1
924,616,0
616,1637,1
616,1894,1
617,1421,0
618,796,0
619,3,1
619,8,1
10,619,0
17,619,0
619,29,1
619,32,1
619,51,1
69,619,0
71,619,0
619,74,1
619,79,1
619,80,1
619,95,1
619,99,1
116,619,0
619,127,1
619,213,1
619,214,1
619,235,1
619,241,1
242,619,0
619,259,1
619,268,1
619,277,1
619,285,1
619,293,1
619,301,1
619,307,1
619,309,1
619,323,1
326,619,0
619,339,1
361,619,0
619,369,1
399,619,0
405,619,0
619,413,1
619,422,1
619,439,1
619,452,1
467,619,0
468,619,0
619,482,1
619,505,1
619,508,1
515,619,0
517,619,0
547,619,0
619,563,1
619,583,1
619,584,1
619,585,1
619,589,1
619,625,1
635,619,0
619,638,1
646,619,0
619,660,1
619,672,1
619,676,1
619,690,1
619,702,0
619,719,1
619,727,1
619,732,1
619,742,1
762,619,0
619,781,1
619,785,1
619,793,1
808,619,0
619,809,1
619,813,1
619,822,1
619,828,1
619,833,1
619,843,1
619,848,1
619,853,1
619,858,1
619,859,1
870,619,0
883,619,0
619,888,1
889,619,0
619,891,1
619,907,1
916,619,0
936,619,0
619,939,1
619,969,1
619,981,1
619,1007,0
1042,619,0
619,1064,1
619,1066,1
619,1068,1
619,1097,1
1147,619,0
619,1161,1
1176,619,0
619,1184,0
619,1196,1
619,1205,1
619,1206,1
619,1217,1
619,1221,1
619,1228,1
1234,619,0
619,1239,1
1250,619,0
619,1259,1
619,1270,1
1278,619,0
619,1287,1
619,1325,1
1327,619,0
619,1394,1
1404,619,0
1424,619,0
619,1426,1
619,1428,1
1433,619,0
619,1434,1
619,1448,1
619,1466,1
619,1468,1
1501,619,0
1504,619,0
1507,619,0
1537,619,0
619,1579,1
619,1583,1
1585,619,0
1593,619,0
619,1626,1
619,1635,1
619,1647,1
619,1658,1
619,1661,1
619,1684,1
619,1690,1
619,1695,1
1708,619,0
1712,619,0
619,1724,1
1748,619,0
619,1762,1
1778,619,0
1801,619,0
1824,619,0
619,1827,1
1839,619,0
619,1846,1
619,1856,1
1899,619,0
619,1913,1
619,1921,1
1925,619,0
619,1926,1
1932,619,0
619,1935,1
619,1947,1
619,1957,1
1990,619,0
619,1997,1
2012,619,0
619,2023,1
619,2044,1
2072,619,0
619,2092,1
619,2107,1
2108,619,0
2110,619,0
619,2119,1
619,2125,1
619,2131,1
2133,619,0
619,2145,1
2167,619,0
2173,619,0
619,2204,1
619,2209,1
619,2223,1
2238,619,0
619,2241,1
619,2263,1
2276,619,0
619,2279,1
619,2296,1
2299,619,0
619,2319,0
619,2323,1
619,2341,1
2352,619,0
619,2363,1
2380,619,0
619,2382,1
2388,619,0
619,2390,1
2391,619,0
619,2426,0
619,2427,1
619,2453,1
619,2464,1
619,2465,1
619,2469,1
621,1226,0
621,2247,0
622,29,1
622,529,1
622,646,1
622,700,1
622,732,1
622,780,1
622,939,0
622,1196,1
622,1468,1
622,1500,0
1573,622,0
622,1596,0
622,1758,0
622,1847,1
2198,622,0
623,857,1
623,1300,0
623,1727,1
625,1164,0
625,2427,0
626,503,1
626,898,0
626,1018,0
626,1061,0
626,1242,0
626,1390,0
626,1967,0
627,996,0
627,2467,0
93,628,0
408,628,0
628,564,1
593,628,0
628,634,1
636,628,0
637,628,0
628,778,1
935,628,0
628,1072,1
628,1165,0
628,1210,1
628,1307,1
628,1442,0
628,1793,1
628,2086,1
628,2141,0
628,2402,0
629,1507,0
630,307,1
630,771,0
630,829,1
630,1189,0
55,631,0
631,661,0
631,891,1
631,1092,0
1273,631,0
631,1389,1
631,1756,1
631,1972,1
632,1701,0
633,1561,0
633,1619,0
635,673,0
635,1274,0
637,786,0
638,678,0
638,2233,0
638,2343,0
639,385,1
1236,639,0
639,2431,0
640,1214,0
640,1521,0
641,635,1
641,939,1
641,1176,1
1311,641,0
641,1389,1
641,1434,0
1802,641,0
642,112,1
642,241,1
642,568,1
1585,642,0
642,2045,0
642,2193,0
2226,642,0
110,643,0
643,1792,1
643,2018,0
643,2309,0
643,2323,0
644,2251,0
645,1197,0
646,1443,0
646,1975,0
647,779,0
649,6,1
649,80,1
649,141,1
649,294,1
649,419,1
485,649,0
649,555,1
649,596,1
652,649,0
649,677,1
649,724,1
752,649,0
649,789,1
649,804,1
649,877,1
649,908,1
649,912,1
920,649,0
649,947,1
649,1136,1
649,1502,1
649,1512,1
649,1620,1
1921,649,0
649,2009,0
2140,649,0
649,2159,1
650,1827,0
650,1952,0
651,1878,0
651,2215,0
2269,651,0
652,683,0
652,851,0
652,1249,0
653,424,1
653,908,0
653,1126,1
653,1215,1
653,1427,1
1575,653,0
1826,653,0
653,1834,1
653,1915,1
654,2293,0
654,2442,0
656,950,0
656,1046,0
656,2180,0
658,759,0
658,1379,0
658,1695,0
62,659,0
659,99,1
488,659,0
625,659,0
659,996,1
659,1109,1
1196,659,0
1205,659,0
1304,659,0
659,1402,1
1404,659,0
659,1405,1
659,1490,1
659,1547,1
659,1600,1
1721,659,0
659,1793,1
659,1847,1
659,1858,1
1870,659,0
659,1874,1
2102,659,0
659,2419,0
659,2425,1
660,328,1
1067,660,0
660,2207,1
662,521,1
662,1055,0
662,1103,0
213,663,0
304,663,0
663,635,1
663,654,1
663,829,1
663,939,1
663,1139,1
663,1311,1
1379,663,0
663,1391,1
663,1847,1
1921,663,0
663,2080,0
663,2288,1
665,734,0
665,1390,0
666,764,0
667,226,1
667,257,1
269,667,0
667,334,1
667,546,1
667,1170,1
667,1202,1
1309,667,0
667,1335,1
667,1675,1
1733,667,0
2008,667,0
2056,667,0
667,2100,1
667,2321,0
667,2331,1
667,2350,1
668,144,1
668,997,1
668,1764,1
668,2010,1
669,10,1
302,669,0
669,452,1
624,669,0
634,669,0
669,741,1
669,885,1
886,669,0
669,1039,1
1207,669,0
669,1303,1
1321,669,0
1470,669,0
669,1540,0
669,1610,1
669,1754,1
1790,669,0
1809,669,0
669,2012,1
669,2342,1
2365,669,0
670,1237,0
670,1742,0
671,29,1
646,671,0
671,732,1
671,1137,0
1221,671,0
671,1225,0
671,1348,1
1664,671,0
671,1824,1
671,1847,1
671,1900,0
671,2385,1
672,741,0
672,1126,0
673,766,0
673,2263,0
674,1003,0
674,1782,0
675,826,0
675,873,0
676,1342,0
676,1804,0
677,1069,0
677,1128,0
384,678,0
678,828,0
679,1252,0
680,1273,0
680,1773,0
680,1785,0
311,681,0
414,681,0
653,681,0
681,939,1
681,1213,0
681,1994,1
2472,681,0
1877,682,0
682,2061,0
683,1005,0
683,1564,0
683,1937,0
685,1417,0
686,1771,0
686,1885,0
324,688,0
688,1196,1
688,1921,1
688,2196,1
688,2242,1
67,689,0
307,689,0
689,563,1
594,689,0
689,819,1
897,689,0
689,908,1
1456,689,0
689,1773,0
689,1868,1
689,1930,1
1999,689,0
690,1192,0
690,1999,0
690,2359,0
691,1528,0
692,1340,0
692,2291,0
693,2038,0
696,2382,0
697,1150,0
698,1720,0
698,2445,0
699,1813,0
700,1458,0
700,2065,0
701,774,0
702,1704,0
703,923,0
703,1237,0
706,1416,0
706,2183,0
708,1977,0
709,1945,0
710,4,1
47,710,0
710,546,1
710,619,1
710,687,1
710,743,1
765,710,0
905,710,0
710,989,1
1159,710,0
710,1176,1
710,1336,1
710,1914,0
2025,710,0
710,2147,0
2404,710,0
710,2406,1
711,1057,0
711,2244,0
758,712,0
796,712,0
974,712,0
712,1059,1
713,2342,0
714,1176,0
714,1638,0
714,1733,0
714,1990,0
715,213,1
715,1085,1
715,1094,1
715,1356,0
716,2373,0
717,1892,0
140,718,0
718,201,1
718,384,1
508,718,0
619,718,0
718,718,1
769,718,0
718,833,1
883,718,0
939,718,0
718,1215,1
718,1221,1
1425,718,0
1455,718,0
718,1902,0
718,2216,1
719,1921,0
720,1822,0
721,1266,0
722,512,1
722,1215,1
722,1481,0
722,1681,0
654,723,0
723,920,1
723,939,1
723,1280,1
1314,723,0
723,1436,1
723,2128,0
723,2145,1
26,725,0
725,43,1
725,246,1
725,583,1
725,939,1
725,1183,0
725,1215,1
1274,725,0
1316,725,0
725,1976,0
726,700,1
726,1824,1
726,1963,0
726,2244,0
727,2102,0
728,2068,0
731,1079,0
732,2194,0
734,401,1
734,1222,1
734,1820,0
736,1965,0
739,906,0
739,1834,0
740,1084,0
741,1585,0
741,1805,0
742,1911,0
743,3,1
29,743,0
49,743,0
743,50,1
743,52,1
126,743,0
743,180,1
213,743,0
743,214,1
743,251,1
743,265,1
743,274,1
743,318,1
743,328,1
743,340,1
743,343,1
743,360,1
743,386,1
743,413,1
743,502,1
743,608,1
743,657,1
658,743,0
660,743,0
670,743,0
743,690,1
743,700,1
743,705,1
728,743,0
743,833,1
743,843,1
743,864,1
872,743,0
743,939,1
743,951,1
959,743,0
743,1009,1
743,1164,1
1168,743,0
743,1173,1
743,1196,1
743,1219,1
743,1224,1
743,1242,1
743,1251,1
743,1262,1
1282,743,0
743,1292,1
743,1302,1
743,1311,1
1385,743,0
743,1466,1
743,1513,1
743,1545,1
743,1639,1
743,1654,1
1669,743,0
743,1690,1
1705,743,0
1724,743,0
743,1839,1
1840,743,0
743,1885,1
743,1897,1
743,1898,1
743,1913,1
743,1921,1
743,1925,1
1941,743,0
1951,743,0
743,1965,1
2055,743,0
743,2063,1
743,2064,1
2110,743,0
743,2124,1
2125,743,0
743,2140,1
2144,743,0
2145,743,0
743,2179,1
2192,743,0
743,2244,1
2270,743,0
743,2276,1
2291,743,0
743,2317,1
743,2319,1
743,2320,1
743,2376,1
2394,743,0
743,2401,1
2409,743,0
743,2426,1
743,2427,1
743,2456,1
744,1140,0
744,1213,0
744,1722,0
745,1539,0
746,1575,0
746,1622,0
746,1799,1
747,1720,0
747,2087,0
747,2187,0
624,748,0
748,778,0
748,1060,0
748,1720,0
749,144,1
997,749,0
749,1018,0
749,1764,1
2010,749,0
750,1714,0
752,1011,0
753,880,0
754,1473,0
754,1627,0
754,2436,0
755,635,1
654,755,0
755,939,1
755,2119,0
756,1462,0
756,2133,0
757,1632,0
758,2284,0
759,2264,0
760,138,1
760,231,1
760,1160,1
760,1625,0
760,2058,0
760,2468,0
761,1534,0
761,2277,0
761,2283,0
761,2421,0
763,1263,0
635,764,0
764,687,1
764,833,1
764,1192,1
764,1215,1
764,1329,0
1745,764,0
764,1913,1
764,1928,0
764,2193,1
764,2287,1
765,102,1
765,307,1
765,328,1
765,432,1
487,765,0
765,507,1
765,531,1
603,765,0
765,628,1
635,765,0
765,637,1
660,765,0
765,690,1
765,700,1
765,732,1
747,765,0
864,765,0
765,900,1
765,959,1
963,765,0
765,1072,1
1196,765,0
1307,765,0
1322,765,0
1351,765,0
765,1383,1
1415,765,0
765,1416,1
1441,765,0
1466,765,0
1488,765,0
1629,765,0
1724,765,0
1839,765,0
765,1847,1
1925,765,0
765,1955,1
2053,765,0
765,2293,1
2342,765,0
765,2385,1
765,2453,1
765,2462,1
766,817,0
766,1954,0
766,2249,0
767,346,1
767,391,1
767,459,1
520,767,0
563,767,0
767,577,1
690,767,0
767,800,1
767,843,1
844,767,0
981,767,0
1466,767,0
767,1537,1
1641,767,0
1724,767,0
767,1965,1
767,2046,1
768,1292,1
769,1688,0
769,1823,0
769,1824,0
769,2163,0
770,1,1
770,3,1
770,37,1
770,47,1
770,161,1
770,295,1
770,374,1
770,392,1
770,906,0
1055,770,0
770,1116,1
770,1130,1
1133,770,0
1134,770,0
1207,770,0
770,1321,1
770,1341,1
1442,770,0
770,1605,1
770,1642,1
770,1822,1
770,1888,1
770,1900,1
770,1977,1
770,2021,1
770,2044,1
770,2074,1
2097,770,0
770,2121,1
770,2176,1
2272,770,0
2290,770,0
770,2354,1
2416,770,0
2417,770,0
772,1263,0
773,1366,0
773,1791,0
773,2127,0
774,1313,0
775,63,1
775,68,1
775,74,1
81,775,0
775,105,1
775,213,1
239,775,0
775,290,1
775,293,1
775,299,1
328,775,0
775,355,1
775,412,1
480,775,0
775,625,1
775,635,1
833,775,0
775,870,1
775,903,1
939,775,0
775,1014,1
775,1278,1
775,1287,1
775,1369,1
775,1405,1
775,1555,1
1585,775,0
775,1603,1
775,1654,0
775,1705,1
775,1775,1
1868,775,0
2087,775,0
775,2214,1
775,2447,1
775,2452,1
775,2455,1
776,852,0
776,1257,0
776,1542,0
776,1770,1
776,1890,0
776,2156,1
777,997,1
1795,777,0
1874,777,0
777,2035,1
778,1985,0
779,1108,0
780,1457,0
780,1574,0
780,1607,0
782,1021,0
782,1385,0
939,784,0
784,1425,1
784,2050,0
786,1649,0
102,787,0
787,756,1
787,1380,0
787,1626,0
787,1940,0
788,306,1
788,788,1
788,1244,1
788,1415,1
1601,788,0
788,2068,0
789,851,0
789,1476,0
790,619,1
790,1571,0
791,1405,0
793,2329,0
793,2378,0
794,654,1
911,794,0
794,1425,1
795,942,0
795,1118,0
795,1348,0
796,198,1
796,964,0
797,1976,0
797,1977,0
798,824,0
798,1343,0
798,2224,0
799,2037,0
800,1595,0
800,2228,0
800,2364,0
801,2255,0
802,1736,0
803,1728,0
805,399,1
805,1134,0
805,1939,1
805,2397,0
806,996,0
806,1717,0
807,213,1
688,807,0
807,1218,0
807,1381,1
809,1894,0
809,1968,0
809,2130,0
810,1543,0
810,2049,0
810,2342,0
811,1511,0
812,933,0
813,512,1
813,515,1
654,813,0
813,660,1
813,793,1
902,813,0
813,957,0
813,1035,1
813,1381,1
1793,813,0
814,2035,0
815,1411,0
815,2404,0
654,816,0
816,911,1
816,977,0
816,1425,1
816,1427,1
816,1932,0
817,1637,0
817,2085,0
458,818,0
498,818,0
818,1081,1
818,1115,1
818,1163,0
818,1277,1
818,1686,1
818,1982,0
2096,818,0
2398,818,0
819,11,1
819,64,1
102,819,0
819,113,1
819,146,1
213,819,0
264,819,0
267,819,0
819,386,1
408,819,0
819,427,1
819,432,1
457,819,0
819,487,1
819,506,1
819,624,1
819,635,1
660,819,0
819,690,1
708,819,0
788,819,0
819,790,1
864,819,0
819,900,1
819,933,1
819,935,1
939,819,0
819,963,1
819,976,1
819,988,1
819,1089,1
1094,819,0
1205,819,0
819,1237,1
819,1239,1
1307,819,0
1322,819,0
819,1351,1
819,1352,1
819,1367,1
819,1373,1
1383,819,0
1385,819,0
819,1415,1
819,1416,1
819,1441,1
819,1488,1
819,1528,1
819,1581,1
819,1601,1
819,1748,1
1783,819,0
819,1836,1
819,1868,1
1912,819,0
1965,819,0
819,1996,1
819,2003,1
2015,819,0
819,2035,1
2051,819,0
2053,819,0
819,2055,1
819,2222,1
819,2244,1
2291,819,0
819,2302,0
2320,819,0
819,2342,1
819,2376,1
819,2384,1
819,2393,1
2401,819,0
819,2409,1
2435,819,0
2462,819,0
820,1425,0
820,2118,0
821,337,1
821,792,1
822,1540,0
822,2035,1
43,823,0
823,328,1
823,491,1
823,532,1
823,608,1
823,840,1
823,1032,1
823,1130,1
823,1171,1
823,1215,1
823,1684,1
823,1705,1
823,1792,1
823,1921,1
2093,823,0
823,2098,1
823,2128,1
824,989,0
824,2466,0
825,2108,0
825,2440,0
826,90,1
826,131,1
826,243,1
826,476,1
826,629,1
632,826,0
826,635,1
653,826,0
826,654,1
826,718,1
781,826,0
826,809,1
826,833,1
826,889,1
826,935,1
972,826,0
826,991,1
1028,826,0
826,1072,1
826,1126,1
826,1263,1
826,1269,1
826,1305,1
826,1307,1
1330,826,0
826,1392,1
1397,826,0
826,1407,1
826,1413,1
1450,826,0
826,1488,1
826,1501,1
1532,826,0
826,1541,1
826,1755,1
1767,826,0
826,1821,1
826,1834,1
826,1864,1
826,1892,1
826,1958,1
1974,826,0
826,1989,1
2325,826,0
2326,826,0
826,2327,1
826,2359,1
826,2447,1
828,1179,0
830,1771,0
830,2440,0
832,1220,1
832,1334,0
832,1631,0
832,1933,1
832,2145,0
833,2314,0
834,2467,0
835,211,1
952,835,0
836,514,1
836,1315,1
838,1803,0
1085,839,0
840,1939,0
840,2363,0
840,2438,0
454,841,0
841,1604,0
841,2183,1
842,2009,0
843,1593,0
844,1016,0
844,1244,0
844,2038,0
703,846,0
846,1405,1
846,1869,0
846,2194,0
846,2400,0
848,1011,0
848,1067,0
848,1789,0
849,903,0
850,2469,0
851,1215,1
851,2070,0
852,1397,0
853,2229,0
854,1524,0
854,2240,1
856,1020,0
856,1321,1
856,1880,1
856,1921,1
856,2406,1
857,2178,0
858,953,0
858,1918,0
859,2394,0
860,1631,0
861,921,0
861,1130,0
863,1357,0
864,940,0
864,1613,0
864,1962,0
865,857,1
865,1024,1
1371,865,0
865,1480,1
865,2059,1
865,2266,0
866,758,1
866,796,1
974,866,0
1059,866,0
866,1934,1
867,1786,0
868,2052,0
869,624,1
869,1067,0
35,870,0
870,45,1
870,51,1
80,870,0
870,119,1
870,167,1
870,213,1
870,248,1
870,293,1
391,870,0
394,870,0
870,398,1
870,399,1
870,476,1
870,500,1
508,870,0
870,635,1
690,870,0
870,727,1
870,742,1
870,823,1
870,829,1
871,870,0
870,889,1
870,939,1
870,970,1
870,1030,1
1040,870,0
870,1049,1
870,1196,1
870,1259,1
870,1321,1
870,1327,1
870,1390,1
870,1404,1
870,1433,1
870,1490,1
1537,870,0
870,1577,1
1620,870,0
870,1629,1
870,1694,1
1707,870,0
1714,870,0
1769,870,0
1779,870,0
870,1780,1
870,1834,1
870,1847,1
870,1926,1
870,2016,1
2240,870,0
2261,870,0
870,2453,1
871,2202,0
872,2075,0
873,64,1
873,654,1
873,1021,1
873,1026,1
873,2222,1
873,2244,1
873,2291,1
873,2310,1
873,2317,1
873,2319,1
873,2320,1
2376,873,0
874,2085,0
875,1018,0
875,1045,0
875,1394,0
875,1487,0
875,1510,0
876,1723,0
876,1854,0
876,2064,0
877,2219,0
878,1485,0
879,654,1
939,880,0
880,944,0
880,1427,1
880,1498,0
882,153,1
883,1466,0
884,919,0
884,1342,0
885,1194,0
885,2149,0
886,1637,0
886,1813,0
887,1779,1
887,1816,0
887,1984,1
887,2177,0
888,1021,0
888,1447,0
888,1669,0
889,973,0
889,2410,0
399,890,0
890,1892,0
891,2188,0
892,1852,0
892,2053,0
893,1141,0
893,1624,0
893,2068,0
893,2178,0
1484,894,0
894,1977,0
894,2126,0
896,481,1
897,950,0
897,1034,0
898,922,0
899,1776,0
79,901,0
2171,901,0
902,81,1
902,99,1
902,158,1
902,164,1
377,902,0
902,418,1
902,438,1
452,902,0
902,463,1
902,476,1
902,515,1
902,742,1
774,902,0
902,823,1
902,943,1
1049,902,0
902,1450,1
902,1461,1
902,1476,1
902,1808,1
902,1868,1
902,1922,1
902,2003,1
902,2077,1
902,2242,1
902,2280,1
902,2348,1
902,2474,1
905,1220,0
905,2218,0
906,30,1
906,562,1
842,906,0
968,906,0
1632,906,0
908,1786,0
908,2094,0
909,1133,0
909,2369,1
910,1833,0
912,231,1
912,635,1
912,2361,0
913,1732,0
914,573,1
914,2040,1
915,1154,0
915,2277,0
916,1964,0
916,1997,0
917,3,1
917,346,1
1205,917,0
917,1301,1
917,1373,1
1800,917,0
918,92,1
918,307,1
918,430,1
918,654,1
918,721,1
737,918,0
918,1415,1
918,1441,1
918,1550,1
918,1601,1
2053,918,0
918,2309,1
918,2385,1
169,919,0
1987,919,0
920,1160,0
921,2002,0
923,1859,0
923,1955,0
924,1120,0
924,1838,0
924,2457,0
924,2464,0
926,1081,0
926,1809,0
927,1696,0
928,1033,0
929,1518,0
929,1520,0
931,582,1
21,932,0
932,275,1
347,932,0
932,595,1
597,932,0
932,604,1
635,932,0
648,932,0
932,669,1
814,932,0
979,932,0
932,1009,1
932,1048,1
932,1074,1
932,1661,0
932,1761,1
932,1794,1
932,1903,1
932,1904,1
932,1905,1
932,1906,1
1908,932,0
932,1909,1
932,1921,1
932,2170,1
932,2176,1
2185,932,0
932,2252,1
932,2336,1
932,2337,1
933,99,1
933,696,1
1236,933,0
933,1550,0
933,1725,1
934,68,1
190,934,0
934,214,1
934,584,1
934,706,1
934,797,1
1181,934,0
934,1215,1
1377,934,0
934,1672,1
934,1702,1
1918,934,0
934,1969,1
934,2202,1
2277,934,0
935,1774,0
413,937,0
937,510,1
883,937,0
937,1063,1
937,2175,1
45,938,0
938,99,1
938,567,1
938,904,1
938,1605,1
938,1651,1
938,2299,1
939,2372,0
1408,940,0
940,1448,1
941,1327,1
941,1482,0
942,983,1
942,1249,0
942,1528,0
942,1756,0
942,1921,1
63,943,0
943,87,1
943,307,1
690,943,0
943,1083,1
2154,943,0
2266,943,0
94,944,0
944,1182,0
944,1490,1
1404,945,0
945,1714,0
946,1048,0
946,1631,0
947,1134,0
948,1108,0
949,1065,0
949,2290,0
950,1896,0
951,126,1
951,413,1
512,951,0
581,951,0
951,660,1
951,823,1
850,951,0
951,872,1
951,889,1
951,920,1
951,939,1
951,1126,1
951,1176,1
1205,951,0
1482,951,0
951,1723,1
1741,951,0
1810,951,0
1811,951,0
951,1824,1
951,1839,1
951,1921,1
951,1925,1
951,2140,1
951,2257,1
951,2276,1
2347,951,0
951,2388,1
2399,951,0
951,2413,0
952,1317,0
953,1066,0
954,1332,0
954,1530,0
381,955,0
505,955,0
955,725,1
955,939,1
955,1105,1
955,1212,1
955,1270,1
955,1292,0
1799,955,0
1834,955,0
955,2123,1
2155,955,0
955,2188,1
955,2316,1
955,2440,1
956,102,1
957,939,1
958,1142,0
958,1240,0
958,2086,1
958,2451,0
960,102,1
960,430,1
960,1245,1
1311,960,0
960,1448,1
960,1730,1
960,2128,1
961,311,1
961,526,1
961,1039,0
961,1303,0
961,1386,0
962,1546,0
963,11,1
452,963,0
457,963,0
619,963,0
860,963,0
1066,963,0
1196,963,0
963,1352,1
963,1556,0
963,1713,1
963,1955,1
963,2435,1
964,1978,0
966,3,1
966,30,1
966,756,1
788,966,0
966,811,1
885,966,0
966,1230,1
966,1277,1
966,1352,0
966,1717,1
1825,966,0
967,2425,1
967,2430,0
968,571,1
968,1579,0
968,1686,0
1993,968,0
968,2021,0
2426,968,0
968,2457,0
969,1442,0
972,2465,0
973,546,1
973,635,1
973,759,1
973,929,1
1176,973,0
973,1332,0
1962,973,0
974,1438,0
974,1565,0
1670,974,0
650,975,0
779,975,0
1779,975,0
975,1815,1
976,1497,0
976,1748,0
977,1260,0
977,1946,0
977,2033,0
979,1002,0
979,2437,0
980,216,1
980,811,1
953,980,0
980,1138,1
1620,980,0
980,1802,1
1980,980,0
980,2012,0
980,2040,0
980,2269,1
2292,980,0
980,2321,1
981,1144,0
981,1737,0
981,2325,0
982,1121,1
984,75,1
984,317,1
984,389,1
984,413,1
428,984,0
984,719,1
984,858,1
984,859,1
984,872,1
1007,984,0
1008,984,0
984,1044,1
984,1087,1
984,1217,1
984,1262,1
1428,984,0
984,1600,0
984,1684,1
984,2023,1
2060,984,0
2135,984,0
984,2157,1
984,2188,0
984,2311,1
984,2363,1
984,2385,1
984,2388,1
2390,984,0
984,2391,1
2396,984,0
2415,984,0
984,2420,1
986,116,1
986,126,1
986,242,1
986,340,1
986,446,1
986,571,1
986,584,1
986,625,1
635,986,0
986,660,1
986,687,1
986,705,1
986,706,1
986,728,1
769,986,0
986,833,1
864,986,0
986,872,1
986,939,1
986,1064,1
986,1168,1
986,1215,1
1219,986,0
1224,986,0
986,1242,1
986,1251,1
986,1282,1
986,1351,1
986,1605,0
986,1898,1
1921,986,0
2063,986,0
986,2064,1
2125,986,0
986,2426,1
987,1411,0
988,1499,0
989,74,1
989,264,1
989,292,1
299,989,0
989,565,1
635,989,0
989,638,1
989,833,1
989,1016,0
1999,989,0
99,990,0
990,1252,0
990,1466,1
991,2307,0
992,1934,0
993,1220,0
993,2220,0
994,2454,0
1311,995,0
995,2419,0
29,997,0
285,997,0
997,323,1
374,997,0
386,997,0
997,392,1
997,891,1
1055,997,0
997,1085,1
997,1130,1
1133,997,0
997,1134,1
1341,997,0
1442,997,0
997,1598,1
997,1605,1
1642,997,0
1703,997,0
1758,997,0
1822,997,0
997,1898,0
997,2074,1
997,2097,1
997,2354,1
2416,997,0
997,2417,1
998,1685,0
81,999,0
999,99,1
999,292,1
999,635,1
828,999,0
999,939,1
999,1215,0
999,1427,1
999,1587,0
1000,1709,0
1000,1834,1
1001,603,1
1001,1925,1
1001,2453,1
1003,700,1
1003,1824,1
1004,165,1
1004,399,1
1004,1196,1
1004,1277,0
1464,1004,0
1004,1562,0
1847,1004,0
1006,102,1
1006,105,1
1006,131,1
1006,195,1
1006,267,1
1006,359,1
1006,408,1
427,1006,0
1006,531,1
1006,628,1
635,1006,0
1006,690,1
1006,737,1
1006,864,1
1006,900,1
1006,907,1
935,1006,0
1006,939,1
1006,963,1
1006,1019,1
1006,1041,1
1006,1165,1
1301,1006,0
1006,1307,1
1006,1322,1
1351,1006,0
1006,1406,1
1006,1416,1
1006,1429,1
1006,1441,1
1006,1488,1
1601,1006,0
1006,1614,1
1006,1627,1
1006,1629,1
1006,1707,0
1006,1724,1
1006,1805,1
1006,1836,1
1006,1847,1
1921,1006,0
1935,1006,0
1006,1992,1
1006,2015,1
1006,2142,1
1006,2145,1
2342,1006,0
1006,2426,1
1006,2462,1
1007,2221,0
1008,1137,0
1010,1098,0
1010,1826,0
1011,45,1
1011,438,1
554,1011,0
1011,1197,1
1011,1252,0
1981,1011,0
1011,2234,0
1013,700,1
959,1013,0
1013,1124,0
1013,1196,1
1013,1847,1
1013,2249,1
2276,1013,0
2385,1013,0
1013,2465,1
1013,2469,1
1015,1015,1
1015,1089,0
1015,1172,0
1015,1368,0
1018,1102,0
1019,1326,0
1020,696,1
1020,1062,0
1020,1637,0
1022,430,1
1022,1070,0
1022,1118,0
1022,1782,0
1023,1364,0
1023,2094,0
1023,2187,0
1023,2190,0
1025,2002,0
1026,1334,0
1027,326,1
1027,907,1
1027,1158,1
1027,2320,1
1028,1062,0
1028,1228,0
3,1029,0
287,1029,0
1029,811,1
1029,1042,0
1029,1178,1
1029,1717,1
1826,1029,0
1029,1921,1
1029,2032,1
1029,2181,0
1029,2242,1
2274,1029,0
187,1030,0
1030,293,1
1427,1030,0
1030,1835,0
1031,1673,1
1031,2446,1
2471,1031,0
1033,1491,0
1033,1534,0
1034,654,1
911,1034,0
1034,1425,1
1034,1427,1
1034,1937,0
1034,2239,0
1034,2347,0
1034,2447,0
1035,1693,0
1036,939,1
1036,1268,0
1037,1268,0
1037,1295,0
1037,1389,0
1038,1058,0
1038,2298,1
1040,2011,0
1041,1471,0
1041,1579,0
1041,1793,0
1042,1252,0
1042,1728,0
1044,1393,0
1046,1513,0
1046,1865,0
1047,2254,0
1050,11,1
1050,29,1
1050,193,1
213,1050,0
1050,635,1
718,1050,0
1050,781,1
940,1050,0
1050,1182,1
1050,1255,1
1050,1352,1
1050,1613,1
1050,1925,1
1050,2115,1
2406,1050,0
1050,2435,1
1051,1468,0
1051,1864,0
1052,1524,0
1052,1880,0
1053,1440,0
1884,1053,0
1056,681,1
1056,1950,0
1057,1487,0
1058,41,1
1058,99,1
349,1058,0
385,1058,0
690,1058,0
1058,877,1
1058,891,1
1058,969,1
1058,1280,1
1058,1397,0
1427,1058,0
1058,1691,1
1058,1694,1
1058,1900,0
1059,1512,0
1059,1811,0
1060,1968,0
1060,2402,0
1062,1341,0
1063,1108,0
1063,2170,0
1064,2364,0
1065,1869,0
1066,11,1
1066,213,1
1066,214,1
1066,242,1
268,1066,0
1066,274,1
328,1066,0
1066,342,1
1066,361,1
457,1066,0
1066,625,1
1066,673,1
674,1066,0
707,1066,0
783,1066,0
1066,1052,1
1066,1147,1
1176,1066,0
1066,1258,1
1259,1066,0
1066,1352,1
1066,1567,1
1066,1593,1
1661,1066,0
1664,1066,0
1066,1695,1
1066,1768,0
1066,1838,1
1066,1941,1
1066,2057,1
2077,1066,0
1066,2149,1
1066,2385,1
1067,1316,0
1067,1876,0
1069,1571,0
1582,1070,0
1070,1646,0
1070,1817,0
1070,1862,0
1070,1940,1
1072,1731,0
1073,1530,0
1076,2442,0
1077,116,1
1077,239,1
1077,300,1
1077,328,1
1077,343,1
1077,364,1
1077,611,1
631,1077,0
1077,1077,1
1077,1104,1
1114,1077,0
1077,1215,1
1077,1227,1
1077,1273,1
1077,1287,1
1343,1077,0
1077,1511,1
1077,1594,1
1077,1774,0
1077,2044,1
2368,1077,0
1077,2445,1
1078,917,1
1078,1425,1
1078,2007,0
2144,1078,0
1079,144,1
628,1079,0
1079,997,1
1079,1764,1
1080,1250,0
1081,286,1
400,1081,0
408,1081,0
1081,430,1
1081,666,1
1149,1081,0
1793,1081,0
1081,2099,0
1081,2343,1
1082,2419,0
1084,1094,1
1215,1084,0
1084,1705,1
1772,1084,0
1085,4,1
1085,8,1
18,1085,0
1085,73,1
1085,102,1
1085,182,1
1085,213,1
1085,224,1
1085,239,1
259,1085,0
1085,327,1
328,1085,0
1085,354,1
364,1085,0
1085,408,1
1085,450,1
1085,478,1
1085,512,1
535,1085,0
624,1085,0
1085,634,1
809,1085,0
930,1085,0
1039,1085,0
1045,1085,0
1085,1046,1
1085,1167,1
1189,1085,0
1085,1340,1
1367,1085,0
1085,1387,1
1085,1404,1
1085,1421,1
1085,1423,1
1085,1481,1
1693,1085,0
1726,1085,0
1085,1730,1
1764,1085,0
1085,1776,1
1085,1786,1
1085,1790,1
1085,1867,1
1868,1085,0
1085,1913,1
1085,1926,1
1085,1963,1
1085,1997,1
1085,2058,1
1085,2076,1
1085,2086,1
2126,1085,0
1085,2232,1
2238,1085,0
2254,1085,0
2278,1085,0
1085,2301,1
1085,2323,1
1085,2342,1
2366,1085,0
2402,1085,0
1089,63,1
1089,902,1
1089,2117,0
1089,2254,0
1090,144,1
1090,628,1
1090,997,1
1090,1638,0
1090,1764,1
2010,1090,0
1090,2376,0
1091,1102,0
1095,1172,0
1096,1415,0
1096,2324,0
1097,1296,0
1099,1346,0
1099,1852,0
1100,1120,0
1100,1815,0
1100,2416,0
1101,1384,0
1102,1303,0
1103,2337,0
1104,1762,0
1106,2127,0
1108,64,1
1108,1120,0
1108,1949,0
1108,2055,1
2244,1108,0
1108,2317,1
1108,2319,1
1108,2376,1
1108,2384,1
1109,1268,0
1110,1155,0
1111,1587,0
1111,2207,0
1111,2418,0
1112,1668,0
1113,1592,0
1114,2374,0
1117,1304,0
1119,1135,0
1120,414,1
1120,653,1
1120,1215,1
38,1121,0
1121,113,1
1121,884,1
1121,912,1
1121,1089,1
1121,1128,1
1121,1348,1
2051,1121,0
1121,2271,0
1121,2305,1
1123,146,1
1123,654,1
1123,911,1
1123,1050,1
1427,1123,0
1691,1123,0
1123,2124,1
1124,1138,0
1125,285,1
1126,2388,0
203,1127,0
341,1127,0
399,1127,0
618,1127,0
654,1127,0
1127,690,1
698,1127,0
891,1127,0
1127,1035,1
1127,1136,0
1127,1290,1
1127,1500,1
1127,1834,1
1128,1332,0
1128,1560,0
1128,1746,0
1129,2247,0
1132,1613,0
1133,1368,0
1133,1642,0
1133,1645,0
1135,2375,0
1136,1169,0
1136,1449,0
1136,2008,0
1137,2442,0
1138,95,1
1138,190,1
1138,725,1
1138,1181,1
1138,1377,1
1138,1672,1
1138,1702,1
1138,1969,1
2202,1138,0
1138,2277,1
1138,2328,0
1139,2359,0
1140,1773,0
1140,1955,0
1141,1562,0
1141,1651,0
1141,1861,0
1142,81,1
117,1142,0
1142,148,1
1142,157,1
210,1142,0
1142,230,1
293,1142,0
304,1142,0
1142,388,1
1142,414,1
472,1142,0
490,1142,0
495,1142,0
1142,614,1
675,1142,0
1142,814,1
1142,851,1
1142,876,1
1142,939,1
1142,971,1
1142,1096,1
1142,1140,1
1311,1142,0
1142,1391,1
1760,1142,0
1142,1808,1
1142,2237,1
1142,2288,1
1143,2429,0
1146,1971,0
1148,1275,0
1148,1391,0
1148,2331,0
672,1150,0
1150,1921,1
1151,2074,0
1151,2092,0
1152,249,1
1152,1562,0
1152,2230,1
1152,2412,0
1154,38,1
113,1154,0
547,1154,0
1154,884,1
912,1154,0
982,1154,0
1154,1128,1
1154,1415,1
1956,1154,0
1154,2051,1
2305,1154,0
1156,1278,0
1156,1565,0
1156,1879,0
1158,2316,0
1159,27,1
1159,100,1
293,1159,0
307,1159,0
1159,336,1
1159,341,1
1159,393,1
412,1159,0
1159,577,1
1159,625,1
1159,635,1
1159,690,1
1159,795,1
1159,823,1
840,1159,0
843,1159,0
870,1159,0
962,1159,0
976,1159,0
1159,1176,1
1159,1182,1
1159,1234,1
1159,1235,1
1159,1365,1
1159,1385,1
1159,1427,1
1480,1159,0
1506,1159,0
1159,1521,1
1159,1543,1
1159,1648,1
1159,1650,1
1159,1691,1
1159,1724,1
1159,1765,1
1159,1773,1
1159,1847,1
1159,1868,1
1159,1933,1
1965,1159,0
1159,1999,1
2098,1159,0
1159,2353,1
2423,1159,0
1160,29,1
1160,824,1
1160,1058,1
1160,1174,1
1215,1160,0
1160,1325,1
1162,255,1
1162,415,1
761,1162,0
1162,861,1
1162,1457,1
1162,1710,1
1859,1162,0
1883,1162,0
1900,1162,0
1162,2103,0
1162,2132,1
1162,2188,0
1162,2211,0
1162,2268,0
1162,2274,1
2404,1162,0
2407,1162,0
1162,2408,1
667,1163,0
1163,2116,0
1163,2178,0
1164,1950,0
1165,2000,0
1165,2362,0
1166,1871,0
1168,1330,0
1168,2004,0
1169,1734,0
1171,99,1
1171,1066,1
1171,1178,0
1171,1259,1
1171,1264,1
1436,1171,0
1171,1543,1
1171,1862,1
1172,1401,1
1172,1449,0
1848,1172,0
30,1177,0
339,1177,0
1177,1732,0
1178,1403,0
1178,1448,0
1178,1767,0
1178,2134,0
1178,2464,0
1179,1801,0
241,1181,0
1181,587,1
1181,939,1
1181,1202,1
1181,1215,1
1309,1181,0
1181,1316,1
1182,700,1
1182,1824,1
1185,1326,0
891,1186,0
1913,1186,0
1186,2183,1
1189,2283,0
1192,1814,0
1193,1414,0
1194,2006,0
1196,2259,0
1197,815,1
1197,1739,1
1197,1826,1
1197,1888,0
1198,619,1
1198,2324,0
1199,1694,1
1199,1966,0
1199,2246,0
1201,2076,0
1201,2382,0
108,1202,0
1202,128,1
1202,329,1
1202,542,1
732,1202,0
1202,881,1
1202,1307,0
1202,1316,1
1202,1712,1
1202,1828,0
1203,433,1
1203,1443,1
1203,2437,0
1204,1643,0
1204,2318,0
1205,1689,0
1206,1417,0
1208,99,1
1208,122,1
1208,257,1
434,1208,0
1208,654,1
759,1208,0
1208,959,1
1049,1208,0
1208,1077,1
1208,1126,1
1208,1196,1
1285,1208,0
1311,1208,0
1208,1319,1
1208,1338,1
1208,1629,1
1208,1643,1
1208,1812,1
1208,1902,1
1208,2044,1
1208,2061,1
2205,1208,0
2346,1208,0
1208,2405,0
700,1209,0
1209,1465,1
1209,2385,1
1210,1390,0
1210,1817,0
1212,283,1
500,1212,0
1212,1383,1
1212,1415,1
1441,1212,0
1212,1601,1
1212,1842,1
1212,2053,1
1212,2079,0
2127,1212,0
1212,2137,1
2151,1212,0
1212,2309,1
1214,71,1
1214,270,1
1214,2154,0
1215,8,1
9,1215,0
1215,40,1
44,1215,0
174,1215,0
1215,203,1
1215,279,1
1215,307,1
1215,330,1
367,1215,0
1215,378,1
412,1215,0
1215,485,1
490,1215,0
1215,512,1
1215,518,1
1215,522,1
1215,546,1
1215,591,1
1215,633,1
1215,635,1
1215,690,1
1215,744,1
1215,759,1
1215,801,1
833,1215,0
1215,843,1
877,1215,0
1215,891,1
899,1215,0
922,1215,0
929,1215,0
1215,939,1
1215,977,1
1215,1119,1
1143,1215,0
1215,1175,1
1215,1176,1
1215,1179,1
1215,1202,1
1431,1215,0
1455,1215,0
1215,1466,1
1215,1529,1
1215,1553,1
1215,1569,1
1602,1215,0
1215,1654,1
1215,1691,1
1706,1215,0
1215,1729,1
1746,1215,0
1808,1215,0
1215,1847,1
1215,1896,1
1215,1962,1
1215,1965,1
1215,1966,1
1986,1215,0
1215,2050,0
1215,2113,1
1215,2153,0
2236,1215,0
1215,2237,1
2238,1215,0
2276,1215,0
1215,2330,1
1215,2332,1
1215,2333,1
1215,2334,1
1215,2340,1
1215,2347,1
1215,2378,1
2389,1215,0
1215,2422,1
1217,2030,0
1218,531,1
624,1218,0
1219,1938,0
65,1220,0
1220,129,1
237,1220,0
290,1220,0
1220,303,1
1220,412,1
450,1220,0
469,1220,0
605,1220,0
617,1220,0
1220,629,1
1220,704,1
1220,745,1
1220,939,1
1349,1220,0
1220,1385,1
1220,1511,1
1877,1220,0
1220,1921,1
1926,1220,0
1220,1968,1
1220,2047,1
1220,2057,0
1220,2163,1
1220,2268,1
1221,508,1
1221,2106,0
1221,2464,0
1222,843,1
1222,1393,0
1222,1490,1
1222,2335,0
1223,355,1
1223,585,1
1223,1552,1
1223,1612,0
1853,1223,0
1223,2289,1
1223,2373,1
1223,2423,0
1224,1485,0
47,1225,0
81,1225,0
1225,99,1
136,1225,0
1225,153,1
213,1225,0
902,1225,0
1225,1110,1
1213,1225,0
1225,1394,0
1225,1675,1
1895,1225,0
1225,2292,0
512,1226,0
1226,1376,0
1226,1683,0
1227,1351,0
1228,1387,0
1465,1228,0
1228,2385,1
1229,1932,0
1230,1293,0
63,1231,0
1231,269,1
326,1231,0
1231,433,1
470,1231,0
1231,563,1
1231,620,1
1231,635,1
1231,638,1
1231,687,1
1231,709,1
758,1231,0
1231,833,1
1231,974,1
1591,1231,0
1231,1700,0
1231,2468,0
1233,1575,0
1234,1479,0
1234,1946,0
1237,1335,0
1237,2457,0
1238,1383,0
1238,2321,0
1239,2437,0
1241,1940,0
1241,2266,0
1242,1446,0
1244,1936,0
1245,1539,0
1245,2418,0
1248,2333,0
1250,1713,0
1250,1939,0
1250,2104,0
1250,2133,0
1251,1640,0
1251,2334,0
340,1252,0
1252,1987,0
1252,2356,0
1253,126,1
1253,274,1
1253,625,1
1253,635,1
687,1253,0
833,1253,0
872,1253,0
1253,939,1
1215,1253,0
1253,1224,1
1251,1253,0
1351,1253,0
1253,1885,1
1898,1253,0
1253,1913,1
1253,2063,1
2068,1253,0
1253,2225,1
1253,2456,1
1254,334,1
1254,1453,0
1254,1973,1
1255,1666,0
1255,1832,0
1256,1678,0
1256,1717,0
1258,1365,0
1258,2138,0
1259,2212,0
1260,2001,0
1262,2229,0
1264,63,1
282,1264,0
1264,333,1
470,1264,0
1264,479,1
1264,635,1
1264,638,1
1264,687,1
1215,1264,0
1264,1230,1
1264,1298,1
1264,1555,1
1728,1264,0
1820,1264,0
1987,1264,0
1264,1999,1
2035,1264,0
1264,2081,1
1264,2183,1
2266,1264,0
1264,2364,1
1265,2298,0
1266,1499,0
1267,1757,0
1267,2134,0
1267,2146,0
1267,2179,0
1268,519,1
745,1268,0
1268,1434,0
1268,1445,1
1268,1682,1
1268,1976,0
1269,1570,0
1269,2177,0
1270,1298,0
1270,2162,0
1271,1910,0
1271,2345,0
1272,2418,0
1273,1969,0
1273,2104,0
591,1274,0
1021,1274,0
1274,1779,1
1275,1766,0
1276,2334,0
415,1277,0
1277,571,1
1277,788,1
1277,1503,0
1277,1657,1
2426,1277,0
1279,1722,0
1279,2336,0
1280,34,1
1280,47,1
245,1280,0
1280,801,1
1280,939,1
1280,1094,1
1280,1118,1
1280,1215,1
1280,1280,1
1280,1868,1
2284,1280,0
1281,2233,0
1282,21,1
275,1282,0
1282,347,1
1282,597,1
1282,604,1
1282,635,1
1282,648,1
1282,669,1
1282,814,1
1282,939,1
1282,1073,1
1282,1074,1
1077,1282,0
1282,1215,1
1282,1288,0
1416,1282,0
1282,1419,1
1282,1895,1
1282,1903,1
1282,1904,1
1282,1905,1
1282,1908,1
1282,1909,1
1282,1921,1
2170,1282,0
1282,2171,1
1282,2176,1
2178,1282,0
2248,1282,0
2252,1282,0
1282,2336,1
1282,2337,1
1629,1283,0
1992,1283,0
1283,2145,0
1284,99,1
1285,2045,0
1286,1386,0
1568,1286,0
1286,2292,0
21,1288,0
595,1288,0
1288,597,1
1288,814,1
979,1288,0
1009,1288,0
1288,1073,1
1288,1074,1
1288,1077,1
1419,1288,0
1288,1434,0
1288,1585,1
1794,1288,0
1288,1834,1
1288,1855,0
1902,1288,0
1903,1288,0
1904,1288,0
1288,1905,1
1288,1909,1
1288,1975,1
1288,2170,1
1288,2176,1
1288,2178,1
2185,1288,0
2336,1288,0
1288,2337,1
1289,2110,0
1290,1405,0
1290,2054,0
1290,2244,0
1290,2294,0
149,1292,0
1292,304,1
1292,394,1
631,1292,0
1292,635,1
889,1292,0
893,1292,0
918,1292,0
939,1292,0
1292,1077,1
1287,1292,0
1292,1292,1
1384,1292,0
1292,1404,1
1523,1292,0
1972,1292,0
1292,2075,0
2090,1292,0
1294,1529,0
1294,1567,0
1296,1592,0
1296,1963,0
1296,2251,0
1298,2426,0
269,1300,0
1300,1874,0
1300,2368,1
1301,2261,0
1302,700,1
779,1302,0
1302,959,1
1302,1024,1
1445,1302,0
1302,1690,1
1302,1723,1
1302,2242,1
1302,2298,0
1304,63,1
927,1304,0
1304,1405,1
1304,1834,1
1305,1633,1
1305,2187,0
625,1306,0
1306,1374,0
1306,1384,0
1306,2184,0
1307,2205,0
1307,2209,0
1308,1478,0
1308,1574,0
1309,526,1
1309,553,1
1309,907,1
1291,1309,0
1500,1309,0
1309,1562,0
1310,2175,0
7,1311,0
1311,47,1
55,1311,0
1311,80,1
97,1311,0
1311,101,1
1311,106,1
1311,109,1
1311,149,1
1311,155,1
1311,179,1
1311,186,1
1311,223,1
1311,253,1
262,1311,0
1311,279,1
1311,285,1
1311,290,1
1311,293,1
1311,304,1
307,1311,0
332,1311,0
1311,358,1
1311,369,1
1311,415,1
1311,459,1
1311,471,1
493,1311,0
494,1311,0
1311,496,1
1311,503,1
553,1311,0
1311,563,1
1311,629,1
653,1311,0
681,1311,0
1311,683,1
1311,690,1
1311,701,1
1311,714,1
1311,720,1
735,1311,0
1311,736,1
1311,781,1
1311,814,1
1311,838,1
1311,855,1
862,1311,0
874,1311,0
877,1311,0
1311,892,1
1311,920,1
1311,939,1
1311,997,1
1311,1033,1
1311,1039,1
1049,1311,0
1057,1311,0
1311,1058,1
1311,1069,1
1311,1078,1
1311,1088,1
1311,1098,1
1311,1150,1
1311,1236,1
1311,1263,1
1278,1311,0
1311,1290,1
1311,1292,1
1311,1310,1
1311,1315,1
1325,1311,0
1311,1329,1
1311,1342,1
1311,1404,1
1311,1439,1
1311,1447,1
1311,1454,1
1311,1455,1
1311,1471,1
1541,1311,0
1311,1592,1
1311,1629,1
1311,1653,1
1311,1665,1
1677,1311,0
1311,1691,1
1311,1700,1
1729,1311,0
1311,1744,1
1760,1311,0
1311,1798,1
1311,1802,1
1812,1311,0
1311,1865,1
1311,1873,1
1311,1887,1
1311,1924,1
1311,1946,1
2005,1311,0
1311,2032,1
1311,2034,1
2067,1311,0
2085,1311,0
1311,2113,1
2130,1311,0
1311,2221,1
1311,2231,1
1311,2238,1
1311,2251,0
1311,2303,1
2340,1311,0
1311,2345,1
1311,2353,1
1311,2463,1
1312,939,1
1312,2468,0
1313,51,1
1302,1313,0
1350,1313,0
1313,1873,1
100,1314,0
1314,188,1
1314,254,1
1314,355,1
361,1314,0
1314,433,1
1314,563,1
1314,796,1
1314,939,1
974,1314,0
1314,1215,1
1348,1314,0
1621,1314,0
1314,1679,1
1747,1314,0
1314,1934,1
1315,2214,0
1317,603,1
679,1317,0
1317,923,1
928,1317,0
1317,1293,1
1441,1317,0
1317,1547,1
1317,1611,1
1317,1618,1
1317,2220,1
1318,2134,0
1319,1656,0
1321,2042,0
1323,1275,1
1323,1597,0
1323,2119,0
1324,1677,0
1327,1663,0
1328,2204,0
1330,2062,0
1330,2456,0
1331,2376,0
1332,300,1
605,1332,0
1086,1332,0
1239,1332,0
1415,1332,0
1441,1332,0
1332,1503,1
1332,1713,0
2075,1332,0
1332,2308,1
1333,2250,0
47,1334,0
1334,419,1
1092,1334,0
1334,2039,0
1336,2460,0
1337,1882,1
1338,1551,0
78,1339,0
1339,116,1
139,1339,0
1339,163,1
302,1339,0
1339,354,1
364,1339,0
1339,408,1
1339,411,1
624,1339,0
1339,636,1
1339,717,1
1339,741,1
1339,773,1
1339,791,1
1339,817,1
1339,886,1
1339,930,1
1339,935,1
1339,1045,1
1046,1339,0
1339,1135,1
1339,1153,1
1167,1339,0
1339,1189,1
1339,1387,1
1339,1470,1
1481,1339,0
1339,1522,1
1535,1339,0
1561,1339,0
1339,1610,1
1339,1615,1
1339,1655,1
1339,1693,1
1339,1776,1
1339,1786,1
1793,1339,0
1339,1836,1
1339,1867,1
1339,1997,1
1339,2024,0
1339,2065,1
2076,1339,0
1339,2180,1
1339,2232,1
2254,1339,0
1339,2301,1
2366,1339,0
1340,63,1
635,1340,0
1340,644,1
1340,706,1
761,1340,0
1340,781,1
1340,902,1
1340,1580,1
1340,1626,1
1340,1682,1
1340,1792,1
1340,1900,1
1340,1920,1
2361,1340,0
1343,2261,1
1343,2461,0
1345,1461,0
1345,1701,0
1346,79,1
80,1346,0
1346,750,1
1346,2189,0
1347,1431,0
1347,1497,0
1347,1595,0
673,1348,0
674,1348,0
1348,994,1
1258,1348,0
1349,1358,0
1349,1686,0
1349,1790,0
1349,2445,0
1351,1769,0
1352,1919,0
1353,64,1
1353,2068,0
1353,2222,1
1353,2243,0
2244,1353,0
2319,1353,0
1353,2320,1
1353,2384,1
1353,2401,1
2409,1353,0
1354,1412,0
1354,1701,0
29,1355,0
1355,203,1
1355,221,1
1355,251,1
339,1355,0
1355,386,1
399,1355,0
1355,448,1
1355,452,1
459,1355,0
563,1355,0
599,1355,0
1355,654,1
1355,656,1
661,1355,0
1355,664,1
1355,690,1
1355,800,1
1355,857,1
1355,920,1
939,1355,0
1355,1048,1
1355,1143,1
1355,1243,1
1355,1265,1
1293,1355,0
1355,1318,1
1458,1355,0
1355,1489,1
1355,1510,1
1355,1529,1
1355,1530,1
1355,1602,1
1355,1624,0
1355,1712,1
1868,1355,0
1355,1879,1
1355,1921,1
1355,2203,1
1356,1577,0
1358,1959,0
1358,1980,1
1359,102,1
1359,408,1
628,1359,0
634,1359,0
1359,635,1
690,1359,0
737,1359,0
1359,900,1
1359,935,1
1359,939,1
1359,963,1
1359,1094,1
1307,1359,0
1322,1359,0
1359,1351,1
1359,1383,1
1359,1416,1
1359,1441,1
1359,1466,1
1359,1488,1
1359,1724,1
1783,1359,0
1359,1836,1
1359,1847,1
1359,1868,1
1912,1359,0
1921,1359,0
1965,1359,0
1359,2015,1
1359,2035,1
1359,2053,1
1359,2183,1
1359,2293,1
1359,2296,0
1359,2426,1
1359,2462,1
1158,1360,0
1360,2416,0
1363,1584,0
1363,2000,0
1364,1634,0
1365,79,1
1365,99,1
1365,430,1
1365,933,1
1365,1091,1
1365,1278,1
1365,1921,1
1365,2039,1
1365,2044,1
1366,2196,0
1367,1745,0
1367,2027,0
1369,2131,0
1370,2212,0
1663,1371,0
1372,1907,0
1373,2338,0
1375,1676,0
1274,1377,0
1378,539,1
1379,1804,0
1379,2309,0
1380,399,1
1381,23,1
1381,173,1
537,1381,0
1381,559,1
1381,603,1
645,1381,0
1381,1205,1
1381,1473,1
1381,1600,1
1381,1778,1
1846,1381,0
1381,1913,1
1381,1921,1
1381,1955,1
1381,1999,1
1381,2404,1
1382,1406,0
1382,1884,0
1382,2060,0
1383,2431,0
1387,1579,0
1387,2020,0
1390,1675,0
399,1393,0
1393,1939,1
1393,2160,0
1394,1469,0
1394,1598,0
1394,2137,0
1395,2329,0
1395,2357,0
1396,206,1
370,1396,0
1396,619,1
913,1396,0
1396,1113,1
1396,1122,1
1347,1396,0
1450,1396,0
1953,1396,0
1396,2102,0
1397,2063,0
1397,2377,0
1400,654,1
939,1400,0
1400,1196,1
1215,1400,0
1400,1954,0
1401,1889,0
1402,1458,0
1402,1646,0
102,1403,0
1403,133,1
1403,189,1
408,1403,0
1403,427,1
432,1403,0
1403,602,1
1403,624,1
1403,634,1
635,1403,0
716,1403,0
729,1403,0
1403,737,1
1403,743,1
864,1403,0
1403,935,1
939,1403,0
963,1403,0
1072,1403,0
1403,1232,1
1307,1403,0
1322,1403,0
1351,1403,0
1403,1383,1
1403,1441,1
1403,1495,1
1513,1403,0
1545,1403,0
1601,1403,0
1711,1403,0
1783,1403,0
1403,1836,1
1403,1847,1
1403,1868,1
1912,1403,0
1403,1921,1
1403,1965,1
1403,2015,1
1403,2035,1
2053,1403,0
1403,2293,1
2342,1403,0
2411,1403,0
1403,2426,1
1403,2462,1
1404,213,1
1404,1549,0
1406,1433,0
1409,939,1
1409,1787,0
1409,1834,1
1409,1863,0
1409,2041,0
1409,2081,0
1411,107,1
1411,870,1
1411,1050,1
1411,1539,1
1411,1868,1
1411,1889,0
1411,1899,1
1999,1411,0
1411,2447,1
1413,1483,0
1413,1938,0
1413,2169,0
1413,2466,0
1414,1925,0
1415,1581,0
1415,1774,0
1416,2248,0
1417,1461,0
1417,1924,0
1417,2331,1
1419,1659,0
1420,1451,0
1420,1878,0
1421,1575,0
1421,2224,0
939,1422,0
1422,2281,1
1423,1839,0
1423,2010,0
1425,1670,0
1427,1616,0
1430,1948,0
1431,1763,0
1431,1810,0
1432,1445,0
1432,1966,0
1433,1730,0
1433,2410,0
1435,95,1
1435,1181,1
1435,1316,1
1435,1377,1
1435,1672,1
1969,1435,0
1435,2052,1
1435,2202,1
1435,2277,1
1436,99,1
281,1436,0
1436,718,1
1436,848,1
1436,1514,1
1436,1848,1
2118,1436,0
2144,1436,0
1436,2331,1
1437,1993,1
1437,2157,0
629,1438,0
991,1438,0
1321,1438,0
1438,1561,0
1438,1958,1
1438,2325,1
2326,1438,0
1438,2327,1
63,1439,0
283,1439,0
326,1439,0
1439,470,1
1439,635,1
1439,638,1
669,1439,0
684,1439,0
1439,833,1
1439,1215,1
1439,1230,1
1439,1820,1
1999,1439,0
1439,2081,1
1440,2360,0
1441,1886,0
1441,2062,0
1443,1540,0
1443,1569,0
1445,1649,0
1448,1635,0
1450,8,1
1450,207,1
653,1450,0
1450,690,1
781,1450,0
800,1450,0
855,1450,0
1450,877,1
1315,1450,0
1450,1351,1
1418,1450,0
1921,1450,0
1450,2149,1
2356,1450,0
99,1452,0
1886,1452,0
1452,1935,0
1453,1561,0
1454,1955,0
1454,2141,0
1456,1809,0
1458,1748,0
1459,99,1
1459,1662,0
1459,2316,1
1460,1479,0
1461,2045,0
1462,1785,0
1463,1497,0
1464,2408,0
1465,1670,0
1469,90,1
1469,131,1
1469,369,1
1469,408,1
1469,476,1
1469,634,1
1469,654,1
1469,672,1
1469,718,1
1469,781,1
1469,809,1
885,1469,0
889,1469,0
1469,891,1
1469,939,1
1469,972,1
1469,997,1
1469,1028,1
1469,1042,1
1060,1469,0
1469,1080,1
1469,1126,1
1196,1469,0
1469,1263,1
1469,1269,1
1307,1469,0
1330,1469,0
1392,1469,0
1406,1469,0
1469,1413,1
1469,1425,1
1469,1450,1
1469,1488,1
1469,1501,1
1469,1532,1
1469,1541,1
1469,1574,1
1469,1722,1
1469,1755,1
1469,1767,1
1469,1821,1
1469,1834,1
1469,1836,1
1469,1864,1
1469,1867,1
1469,1892,1
1469,1974,1
1469,2099,0
2342,1469,0
2447,1469,0
1471,2059,0
1472,399,1
635,1472,0
1170,1472,0
1472,1202,1
1472,1215,1
1472,1567,1
1472,1620,1
1472,1980,1
1472,2269,1
1472,2292,1
1472,2413,0
265,1474,0
1474,635,1
1475,61,1
1475,191,1
1475,376,1
1475,413,1
1475,437,1
1475,527,1
655,1475,0
1475,685,1
1475,1025,1
1095,1475,0
1233,1475,0
1336,1475,0
1475,1404,1
1475,1462,1
1475,1598,1
1475,1644,1
1475,1766,1
1475,1813,1
1475,2256,0
1478,2113,0
1480,312,1
1480,449,1
1480,653,1
1480,758,1
1480,803,1
1480,1205,1
1480,1272,1
1480,1480,1
1480,1543,1
1480,1551,1
1480,1625,0
1480,1691,1
1705,1480,0
1480,1851,1
1480,2238,1
1480,2349,1
1481,1575,0
1484,1875,0
1485,265,1
1485,2339,0
213,1486,0
1486,838,1
954,1486,0
1486,2455,0
1491,63,1
1491,326,1
1491,470,1
635,1491,0
638,1491,0
669,1491,0
1491,687,1
1491,1215,1
1491,1230,1
1298,1491,0
1491,1820,1
1491,2035,1
2081,1491,0
1491,2183,1
628,1492,0
1494,1536,0
1494,2144,0
1496,415,1
1496,535,1
1497,1585,0
1498,373,1
1498,1050,1
1498,1446,1
1498,1631,0
1498,2249,0
1501,1549,0
1501,1978,0
1501,2158,0
1501,2287,0
834,1503,0
1503,2053,1
1503,2238,1
1505,304,1
939,1505,0
1505,1311,1
1688,1505,0
1505,1872,0
1506,2195,0
1507,2248,0
1511,2289,0
1512,1645,0
1512,1855,0
1512,2124,0
1509,1515,0
1515,1602,0
1517,2120,0
1518,1552,0
1519,560,1
1519,1477,1
1519,1540,1
1519,2377,0
245,1520,0
351,1520,0
1520,563,1
812,1520,0
1520,939,1
1520,1533,1
1521,1689,0
1521,2037,0
1522,2157,0
1524,2233,0
1526,386,1
2238,1526,0
1528,2122,0
1528,2131,0
1529,1746,0
1529,1868,0
1530,1583,0
29,1531,0
1531,188,1
1531,646,1
1531,700,1
1531,959,1
1196,1531,0
1531,1221,1
1531,1348,1
1531,1468,1
1664,1531,0
1824,1531,0
1531,1847,1
2385,1531,0
1532,1702,0
1536,2103,0
1538,2051,0
1538,2132,0
1539,2139,0
1540,1762,0
1540,2183,0
1540,2260,0
1541,1608,0
1541,1746,0
1541,1940,0
1541,2307,0
1541,2369,0
1542,635,1
939,1542,0
1542,1469,1
2122,1542,0
1543,79,1
1543,276,1
1543,294,1
1543,328,1
350,1543,0
1543,353,1
1543,575,1
1543,1219,1
1516,1543,0
1543,1543,1
1543,1725,0
1754,1543,0
1543,1847,1
1543,1966,0
1543,2387,0
98,1544,0
1544,328,1
1544,600,1
1544,707,1
840,1544,0
870,1544,0
1544,1170,1
1544,1182,1
1480,1544,0
1544,1543,1
1544,1695,1
1544,1765,1
1544,1847,1
1544,1868,1
1544,1913,0
1544,1999,1
1544,2163,0
1545,2109,0
1545,2268,0
102,1546,0
1546,427,1
1546,432,1
1546,624,1
1546,634,1
1546,690,1
1546,737,1
1546,763,1
1546,864,1
1546,935,1
963,1546,0
1546,1094,1
1546,1307,1
1546,1383,1
1416,1546,0
1546,1441,1
1546,1466,1
1546,1724,1
1783,1546,0
1836,1546,0
1546,1847,1
1546,1868,1
1546,1912,1
1546,1921,1
1965,1546,0
1546,2035,1
2053,1546,0
1546,2155,0
1546,2183,1
1546,2293,1
2426,1546,0
2462,1546,0
1547,2409,0
1548,1954,0
755,1549,0
1182,1549,0
1549,1658,0
1550,1824,0
1550,2273,0
1551,2097,0
1552,1926,0
1553,1725,0
1554,1707,0
1558,870,1
1558,1868,1
1558,1999,1
1558,2197,0
1559,213,1
1559,386,1
1559,520,1
1559,523,1
1559,563,1
571,1559,0
1559,583,1
1559,636,1
1559,686,1
786,1559,0
814,1559,0
1559,891,1
1559,1054,1
1559,1160,1
1239,1559,0
1331,1559,0
1559,1630,1
1559,1663,1
1691,1559,0
1717,1559,0
1559,1762,1
1559,1968,1
1559,2058,1
1559,2095,1
1559,2111,1
1559,2188,0
1559,2279,1
1562,1569,0
1564,1991,1
2240,1566,0
1566,2279,0
1567,1823,0
1568,19,1
1568,169,1
1568,292,1
1568,690,1
1568,964,1
1102,1568,0
1348,1568,0
1448,1568,0
1568,1637,0
1568,1663,1
1568,1682,1
1568,1694,1
1568,1715,1
1568,1736,0
1568,1972,1
1568,1976,1
1568,2035,1
2138,1568,0
2242,1568,0
1568,2469,1
1569,1604,0
1570,2254,0
1572,1621,0
1572,1688,1
1921,1572,0
1572,2141,0
1575,1327,1
1575,1985,1
47,1578,0
1578,1278,1
2087,1578,0
1579,1613,0
1580,2099,0
1581,1242,1
1584,1982,0
1585,2194,0
1586,441,1
665,1586,0
1588,1607,0
1588,1847,1
1592,2095,0
1595,1798,0
1596,1839,0
1596,2125,1
1597,408,1
1597,628,1
634,1597,0
935,1597,0
1597,1307,1
1322,1597,0
1597,1488,1
1836,1597,0
1597,2123,0
1597,2342,1
2462,1597,0
1603,1898,0
1603,2371,0
1834,1604,0
1604,2247,0
1605,1816,0
23,1606,0
190,1606,0
1606,214,1
584,1606,0
706,1606,0
1606,725,1
1606,1702,1
1606,1969,1
1606,2124,0
1606,2161,0
1606,2277,1
1608,1847,1
546,1609,0
1609,619,1
1609,974,1
1459,1609,0
1609,1819,1
1609,1970,1
2035,1609,0
1609,2182,0
2183,1609,0
1609,2443,1
1611,1963,0
1613,1762,0
1613,1816,0
1613,2233,0
1615,2312,0
1616,619,1
823,1616,0
1018,1616,0
1543,1616,0
1616,1823,0
1976,1616,0
144,1617,0
1617,628,1
997,1617,0
1617,1764,1
2010,1617,0
1618,2061,0
1622,2367,0
939,1623,0
1623,1863,0
1625,304,1
647,1625,0
1625,2365,0
1629,28,1
1629,32,1
1629,660,1
1040,1629,0
1629,1574,1
1992,1629,0
1630,1894,0
1631,32,1
1631,74,1
1631,603,1
672,1631,0
1631,822,1
1631,939,1
1631,959,1
1113,1631,0
1147,1631,0
1631,1196,1
1287,1631,0
1631,1565,1
1631,2179,0
1632,571,1
881,1632,0
1632,2426,1
1633,2408,0
1634,1497,1
1637,216,1
1637,2148,1
1638,1647,0
1640,2350,0
1643,2335,0
1645,385,1
1848,1645,0
1875,1645,0
1645,1976,0
2405,1645,0
1645,2442,0
1650,2467,0
1651,2107,0
1652,673,1
1652,810,1
1652,1205,1
1652,2465,0
1653,328,1
1653,1215,1
1653,1896,0
1653,2420,0
1654,1744,0
1656,2364,0
1664,1795,0
1667,1871,0
1667,2332,0
79,1670,0
1670,1460,1
1670,2310,1
1671,1613,1
1671,1673,1
1671,1935,0
1671,2159,0
2446,1671,0
1672,241,1
635,1672,0
1672,939,1
1215,1672,0
1672,1316,1
1672,1834,1
1673,2366,0
1674,1806,0
1674,1829,0
1675,2243,0
1676,1838,0
1677,1680,0
1679,574,1
1679,1264,1
1679,1414,1
1680,1738,1
1680,2385,1
1681,924,1
1681,1731,1
1681,2436,0
1685,1825,0
1686,2105,0
1686,2133,0
1687,2031,0
1689,1940,0
1690,1915,0
1690,2008,0
1692,690,1
1692,847,1
1692,1420,1
1692,1512,1
1692,1787,0
1692,2011,0
1695,2090,0
1696,2068,0
1234,1697,0
1699,2280,0
1700,92,1
1700,176,1
1700,196,1
380,1700,0
1700,1126,1
1700,1195,1
1700,1215,1
1700,1467,1
1865,1700,0
1700,2105,1
2225,1700,0
1701,187,1
1701,2372,0
1702,241,1
635,1702,0
939,1702,0
1702,1005,1
1702,1202,1
1702,1215,1
1702,1309,1
1316,1702,0
1702,1728,0
1702,2092,0
2273,1702,0
1705,1996,0
1706,2163,0
1707,1887,0
1707,2403,0
1709,415,1
465,1709,0
1709,713,1
1709,742,1
1709,1331,1
1709,2112,1
1710,269,1
1710,383,1
1710,2000,0
1714,2290,0
1718,889,1
1718,2278,0
1719,300,1
605,1719,0
1239,1719,0
1719,1415,1
1441,1719,0
1719,2075,1
1719,2224,1
1719,2309,1
1719,2324,1
1721,2363,0
1723,1837,0
1725,2133,0
1726,1772,0
1730,2362,0
1731,739,1
1733,3,1
213,1733,0
255,1733,0
1733,315,1
1733,325,1
1733,464,1
693,1733,0
761,1733,0
861,1733,0
1733,939,1
1131,1733,0
1733,1160,1
1733,1208,1
1733,1405,1
1733,1583,1
1733,1704,1
1733,1802,0
1820,1733,0
1733,2020,1
1733,2274,0
1733,2299,1
1733,2408,1
1733,2446,0
1734,30,1
1734,59,1
244,1734,0
311,1734,0
1734,1263,1
1734,1799,1
1734,2456,0
1737,1981,0
1738,273,1
1738,2398,0
1739,2321,0
1744,430,1
681,1746,0
1860,1746,0
1746,1989,0
1746,2318,1
1747,1840,0
1747,2102,0
1748,2102,0
1749,706,1
1750,1233,1
1751,296,1
1717,1751,0
1660,1753,0
1755,1967,0
1756,2089,0
1756,2296,0
1534,1757,0
1607,1757,0
1757,2037,0
1759,213,1
1759,635,1
1759,989,1
1760,1771,0
1763,2001,0
1764,1914,0
1764,2191,0
1766,2123,0
1768,2367,0
119,1769,0
476,1769,0
1770,25,1
1770,32,1
1770,176,1
1770,213,1
1770,242,1
335,1770,0
584,1770,0
608,1770,0
1770,625,1
1770,635,1
687,1770,0
1770,706,1
1770,728,1
1770,743,1
1770,751,1
1770,820,1
1770,833,1
1770,939,1
1770,1064,1
1770,1209,1
1770,1215,1
1219,1770,0
1770,1351,1
1770,1612,1
1770,1885,1
1898,1770,0
1770,1913,1
1770,1921,1
1932,1770,0
1770,1978,1
2063,1770,0
1770,2125,1
1770,2140,1
1771,99,1
1771,100,1
1771,116,1
144,1771,0
1771,188,1
1771,270,1
1771,309,1
355,1771,0
361,1771,0
1771,412,1
520,1771,0
1771,563,1
1771,608,1
1771,637,1
659,1771,0
1145,1771,0
1771,1156,1
1348,1771,0
1441,1771,0
1771,1621,1
1771,1679,1
1691,1771,0
1771,1793,1
1817,1771,0
1832,1771,0
1771,2010,1
1771,2189,1
2200,1771,0
1771,2267,1
1772,1794,0
1772,2262,0
1773,635,1
1290,1773,0
1773,1633,1
1773,1834,1
1773,1868,1
1773,2462,0
1659,1774,0
258,1777,0
300,1777,0
314,1777,0
1777,412,1
846,1777,0
1779,2426,0
1780,2246,0
1781,1846,0
654,1782,0
1782,1425,1
1782,2417,0
1782,2430,0
1783,2267,0
1784,2313,0
1786,2362,0
220,1787,0
1788,1872,0
1790,1921,0
1790,2299,0
1794,1893,0
1794,2447,0
1796,1389,1
1800,1956,0
1800,1962,0
79,1802,0
1802,228,1
1802,283,1
635,1802,0
1802,690,1
1802,819,1
1802,833,1
1230,1802,0
1537,1802,0
1802,1728,1
2035,1802,0
505,1804,0
526,1804,0
1804,711,1
1804,2137,1
1806,68,1
190,1806,0
214,1806,0
508,1806,0
584,1806,0
725,1806,0
1806,1181,1
1806,1215,1
1377,1806,0
1806,1672,1
1806,1918,1
1926,1806,0
1806,1969,1
2052,1806,0
1806,2202,1
1806,2277,1
1807,3,1
1808,1691,1
1810,82,1
891,1810,0
1810,1482,1
1810,1811,1
1925,1810,0
1810,2085,0
1810,2272,0
1811,2324,0
1814,1822,0
1814,1846,0
1814,1963,1
1816,1196,1
1816,1953,0
1818,1234,1
1818,1921,1
1819,65,1
114,1819,0
1819,126,1
130,1819,0
1819,188,1
1819,211,1
1819,213,1
1819,307,1
1819,318,1
326,1819,0
1819,361,1
375,1819,0
1819,404,1
1819,412,1
1819,417,1
1819,436,1
1819,446,1
452,1819,0
1819,520,1
1819,525,1
542,1819,0
1819,561,1
1819,602,1
603,1819,0
628,1819,0
1819,634,1
635,1819,0
1819,659,1
1819,660,1
665,1819,0
1819,667,1
1819,670,1
673,1819,0
1819,674,1
1819,687,1
1819,690,1
1819,705,1
1819,709,1
1819,718,1
1819,728,1
1819,743,1
1819,798,1
1819,806,1
843,1819,0
864,1819,0
877,1819,0
1819,939,1
951,1819,0
1819,994,1
1004,1819,0
1819,1009,1
1819,1062,1
1066,1819,0
1819,1078,1
1819,1097,1
1819,1103,1
1168,1819,0
1819,1173,1
1819,1176,1
1819,1186,1
1819,1205,1
1819,1206,1
1819,1208,1
1819,1215,1
1224,1819,0
1230,1819,0
1242,1819,0
1251,1819,0
1258,1819,0
1819,1259,1
1268,1819,0
1819,1282,1
1320,1819,0
1819,1348,1
1819,1351,1
1819,1385,1
1819,1404,1
1819,1466,1
1621,1819,0
1819,1638,1
1654,1819,0
1819,1658,1
1691,1819,0
1819,1704,1
1705,1819,0
1819,1724,1
1824,1819,0
1819,1836,1
1819,1882,1
1892,1819,0
1819,1898,1
1819,1899,1
1819,1913,1
1819,1914,1
1819,1915,0
1819,1929,1
1819,1932,1
1819,1965,1
1819,1992,1
1819,1998,1
1819,2063,1
2064,1819,0
2077,1819,0
2124,1819,0
2140,1819,0
1819,2144,1
2191,1819,0
1819,2329,1
1819,2342,1
1819,2395,1
1819,2411,1
1819,2427,1
1819,2456,1
2475,1819,0
1821,1828,0
1823,939,1
1823,1825,0
1825,1891,0
1826,2364,0
1827,2471,0
1831,874,1
1831,1763,1
1833,340,1
1833,1014,1
1833,1585,1
2214,1833,0
24,1834,0
1834,79,1
1834,99,1
1834,158,1
1834,213,1
1834,272,1
1834,284,1
348,1834,0
386,1834,0
1834,439,1
1834,471,1
1834,690,1
1834,766,1
1834,825,1
939,1834,0
1834,1117,1
1834,1327,1
1363,1834,0
1834,1416,1
1834,1527,1
1834,1641,1
1667,1834,0
1737,1834,0
1834,1758,1
1834,1802,1
1834,1877,1
1834,1880,1
1907,1834,0
1948,1834,0
1834,1955,1
1834,1967,1
1834,2035,1
1834,2054,1
1834,2064,1
1834,2116,1
1834,2144,1
1834,2197,1
1834,2224,1
1834,2345,1
2351,1834,0
687,1835,0
1835,819,1
1835,1921,1
1835,2261,1
1837,2273,0
1840,2196,0
1841,1911,0
1842,50,1
1842,323,1
505,1842,0
1239,1842,0
1842,1676,1
1842,1904,0
1844,430,1
1327,1844,0
1845,2187,0
1848,2169,0
1849,79,1
99,1849,0
1849,566,1
1611,1849,0
2331,1849,0
1850,1888,0
757,1854,0
1854,906,1
1854,1277,1
2459,1854,0
1855,2082,0
1856,2087,0
1856,2285,0
1859,2046,0
1861,1040,1
1862,2109,0
2035,1866,0
1868,11,1
1868,29,1
1868,32,1
1868,80,1
213,1868,0
1868,214,1
232,1868,0
1868,242,1
1868,251,1
1868,268,1
1868,274,1
1868,307,1
345,1868,0
361,1868,0
1868,391,1
1868,412,1
1868,457,1
1868,584,1
1868,603,1
1868,619,1
1868,635,1
660,1868,0
669,1868,0
1868,690,1
732,1868,0
1868,809,1
1868,843,1
867,1868,0
1868,949,1
959,1868,0
1100,1868,0
1868,1147,1
1868,1161,1
1868,1165,1
1176,1868,0
1196,1868,0
1205,1868,0
1868,1259,1
1868,1311,1
1466,1868,0
1626,1868,0
1868,1661,1
1664,1868,0
1868,1695,1
1868,1724,1
1868,1788,1
1868,1824,1
1868,1838,1
1868,1847,1
1868,1868,1
1893,1868,0
1992,1868,0
2000,1868,0
1868,2182,1
2263,1868,0
1868,2385,1
2435,1868,0
1868,2453,1
2464,1868,0
2465,1868,0
1868,2468,1
1868,2469,1
1869,758,1
1869,796,1
1869,1059,1
1869,2246,0
1872,2316,1
38,1876,0
1876,113,1
1876,884,1
1876,912,1
1089,1876,0
1348,1876,0
1876,2051,1
2305,1876,0
1878,430,1
567,1878,0
1880,2266,0
1881,29,1
213,1881,0
318,1881,0
635,1881,0
1881,657,1
1881,658,1
1881,687,1
1881,728,1
1881,833,1
1881,1064,1
1215,1881,0
1881,1219,1
1881,1224,1
1881,1251,1
1881,1351,1
1545,1881,0
1881,1839,1
1885,1881,0
1881,1921,1
1881,1941,1
1881,1951,1
1881,2063,1
1881,2125,1
2140,1881,0
2192,1881,0
1883,2256,0
1884,863,1
1886,1957,0
1888,2115,0
1888,2471,0
1889,1209,1
1889,2097,0
1890,2270,0
1892,1988,0
1895,1993,0
2036,1895,0
1896,2251,0
1897,2337,0
1899,11,1
1899,290,1
1352,1899,0
1899,1404,1
1899,1925,1
1899,2307,1
1900,2082,0
1903,1972,0
1903,2043,0
1903,2436,0
1904,2435,0
1905,2408,0
1910,2005,0
1910,2187,0
1911,1362,1
1868,1911,0
399,1917,0
1917,1939,1
1918,1963,0
1919,51,1
1919,307,1
1919,891,1
1919,1215,1
1919,1427,1
1919,2035,1
2276,1919,0
1919,2286,0
1920,2318,0
1922,2399,0
1923,304,1
939,1923,0
1182,1923,0
1924,1939,0
1924,2186,0
1925,2028,0
1927,2038,0
1927,2068,0
1928,99,1
2426,1929,0
1930,1981,0
1931,2036,0
1933,2352,0
47,1934,0
1935,130,1
1935,213,1
1935,293,1
384,1935,0
1935,408,1
840,1935,0
926,1935,0
939,1935,0
1935,959,1
1935,1049,1
1935,1097,1
1935,1118,1
1935,1144,1
1935,1196,1
1221,1935,0
1935,1239,1
1296,1935,0
1935,1444,1
1565,1935,0
1640,1935,0
1895,1935,0
1935,2073,1
1935,2264,0
1935,2432,1
2473,1935,0
1377,1936,0
1936,2299,1
1937,2017,0
1937,2062,0
1937,2458,0
1938,1125,1
1941,2284,0
1942,635,1
1942,714,1
1942,1802,1
1943,430,1
1943,2339,1
1943,2354,0
1944,2144,0
1945,2454,0
1948,2412,0
1949,328,1
1949,2406,1
1950,65,1
1950,116,1
178,1950,0
179,1950,0
188,1950,0
301,1950,0
1950,306,1
1950,405,1
1950,533,1
1950,609,1
1950,670,1
1950,696,1
1950,771,1
1950,868,1
1950,915,1
939,1950,0
1142,1950,0
1161,1950,0
1187,1950,0
1189,1950,0
1950,1191,1
1270,1950,0
1950,1327,1
1950,1405,1
1950,1499,1
1584,1950,0
1950,1585,1
1950,1619,1
1950,1712,1
1717,1950,0
1950,1934,1
1950,1937,1
1950,1955,1
1950,1997,1
2129,1950,0
1950,2307,1
1950,2310,1
2316,1950,0
1951,268,1
700,1951,0
1951,859,1
1951,959,1
1951,1196,1
1217,1951,0
1426,1951,0
1951,1661,1
1951,1664,1
1847,1951,0
1925,1951,0
1951,2173,1
1951,2204,1
1951,2363,1
2382,1951,0
1951,2385,1
1951,2388,1
1951,2391,1
1952,48,1
1660,1952,0
1819,1952,0
1952,2339,0
1954,1991,0
3,1955,0
4,1955,0
8,1955,0
1955,10,1
17,1955,0
1955,29,1
32,1955,0
1955,45,1
51,1955,0
1955,79,1
1955,80,1
95,1955,0
99,1955,0
1955,100,1
1955,116,1
1955,127,1
1955,186,1
213,1955,0
1955,214,1
235,1955,0
1955,241,1
251,1955,0
258,1955,0
1955,268,1
1955,277,1
1955,285,1
293,1955,0
1955,301,1
1955,304,1
307,1955,0
1955,309,1
326,1955,0
1955,328,1
1955,339,1
1955,361,1
1955,369,1
1955,405,1
412,1955,0
1955,413,1
1955,422,1
1955,425,1
439,1955,0
1955,452,1
1955,466,1
505,1955,0
1955,517,1
546,1955,0
1955,563,1
1955,584,1
1955,589,1
603,1955,0
619,1955,0
1955,625,1
638,1955,0
660,1955,0
1955,669,1
672,1955,0
676,1955,0
688,1955,0
1955,690,1
696,1955,0
700,1955,0
706,1955,0
1955,719,1
733,1955,0
785,1955,0
1955,809,1
1955,813,1
1955,823,1
1955,828,1
1955,833,1
843,1955,0
848,1955,0
859,1955,0
870,1955,0
1955,877,1
883,1955,0
888,1955,0
1955,891,1
1955,916,1
1955,933,1
1955,936,1
1955,939,1
951,1955,0
1955,959,1
1955,965,1
1955,981,1
1042,1955,0
1955,1064,1
1955,1066,1
1955,1126,1
1148,1955,0
1161,1955,0
1955,1176,1
1206,1955,0
1215,1955,0
1955,1221,1
1955,1228,1
1955,1234,1
1239,1955,0
1240,1955,0
1250,1955,0
1955,1259,1
1278,1955,0
1325,1955,0
1955,1351,1
1955,1394,1
1404,1955,0
1426,1955,0
1428,1955,0
1955,1448,1
1466,1955,0
1955,1468,1
1955,1501,1
1955,1504,1
1537,1955,0
1955,1583,1
1585,1955,0
1955,1626,1
1635,1955,0
1647,1955,0
1658,1955,0
1661,1955,0
1955,1664,1
1955,1695,1
1955,1705,1
1955,1708,1
1955,1712,1
1955,1724,1
1764,1955,0
1801,1955,0
1955,1824,1
1955,1827,1
1838,1955,0
1955,1846,1
1955,1847,1
1856,1955,0
1955,1899,1
1955,1913,1
1955,1921,1
1955,1925,1
1955,1926,1
1955,1957,1
1965,1955,0
1955,1990,1
1997,1955,0
2011,1955,0
1955,2012,1
1955,2023,1
1955,2044,1
1955,2072,1
1955,2073,1
1955,2092,1
1955,2110,1
1955,2119,1
2125,1955,0
1955,2131,1
2133,1955,0
1955,2145,1
2167,1955,0
1955,2173,1
1955,2238,1
2263,1955,0
1955,2276,1
1955,2279,1
2296,1955,0
1955,2299,1
1955,2323,1
1955,2341,1
1955,2352,1
2382,1955,0
2385,1955,0
2388,1955,0
2441,1955,0
1955,2453,1
2458,1955,0
2464,1955,0
1955,2469,1
1956,2319,0
1957,2039,0
1960,946,1
1961,63,1
1961,933,1
1961,1239,1
2003,1961,0
2066,1961,0
1961,2373,0
1962,2418,0
1965,1979,0
1970,59,1
1970,116,1
126,1970,0
446,1970,0
571,1970,0
1970,625,1
705,1970,0
718,1970,0
728,1970,0
1970,864,1
1970,872,1
1970,939,1
1970,1147,1
1168,1970,0
1970,1173,1
1970,1224,1
1970,1242,1
1970,1282,1
1970,1351,1
1654,1970,0
1885,1970,0
1970,1898,1
1970,1913,1
1970,1921,1
1970,2063,1
2064,1970,0
2125,1970,0
1970,2140,1
1971,2200,0
635,1972,0
1972,669,1
1972,1215,1
1975,2150,0
1975,2380,0
1976,2080,0
1977,2018,0
1982,1316,1
1983,2054,0
1987,2019,0
690,1990,0
1992,131,1
184,1992,0
1992,359,1
1992,425,1
1992,765,1
877,1992,0
1196,1992,0
1992,1301,1
1437,1992,0
1992,2422,1
1995,99,1
1995,270,1
1995,361,1
1995,433,1
1995,563,1
587,1995,0
1995,608,1
1156,1995,0
1995,1215,1
1995,1348,1
1995,1621,1
1679,1995,0
1995,1705,1
1995,1817,1
1832,1995,0
1995,2010,1
1995,2189,1
1995,2200,1
1995,2267,1
1995,2277,0
1995,2472,0
1997,2303,0
1998,2463,0
1999,11,1
1999,1066,1
1999,1196,1
1999,1925,1
2000,2331,0
2001,2153,0
2002,234,1
807,2003,0
2003,1242,1
2003,1267,1
2003,1441,1
2003,2335,0
1311,2004,0
2004,2211,0
79,2006,0
687,2006,0
2006,833,1
2006,1316,1
2006,1382,1
2006,1385,1
1537,2006,0
1691,2006,0
2006,2085,0
2006,2268,0
2007,939,1
2210,2007,0
2009,939,1
2009,2095,0
2010,2149,0
2011,2167,0
2012,2063,0
2013,953,1
2014,2015,0
2015,2155,0
2015,2470,0
2017,2216,0
70,2018,0
2021,2367,0
2039,2022,0
2027,359,1
1215,2027,0
2027,1329,1
1376,2027,0
1421,2027,0
2027,1536,1
2027,1819,1
2028,1921,1
563,2029,0
2029,1151,1
2031,1242,1
2031,2200,0
2032,2272,0
725,2033,0
2033,1274,1
2033,2217,1
2035,11,1
17,2035,0
29,2035,0
32,2035,0
45,2035,0
46,2035,0
2035,79,1
2035,81,1
2035,83,1
2035,98,1
100,2035,0
2035,213,1
2035,239,1
2035,242,1
251,2035,0
2035,268,1
2035,275,1
293,2035,0
2035,307,1
2035,341,1
357,2035,0
361,2035,0
2035,391,1
2035,412,1
2035,413,1
2035,433,1
2035,457,1
2035,487,1
2035,508,1
2035,547,1
552,2035,0
2035,584,1
586,2035,0
603,2035,0
619,2035,0
2035,625,1
635,2035,0
2035,637,1
659,2035,0
2035,660,1
2035,669,1
687,2035,0
2035,690,1
2035,700,1
2035,706,1
2035,707,1
2035,732,1
2035,809,1
812,2035,0
2035,833,1
2035,860,1
939,2035,0
959,2035,0
2035,987,1
1037,2035,0
1066,2035,0
2035,1112,1
1143,2035,0
2035,1159,1
2035,1176,1
2035,1196,1
2035,1215,1
2035,1239,1
2035,1250,1
2035,1259,1
1289,2035,0
2035,1352,1
1460,2035,0
1466,2035,0
2035,1494,1
2035,1501,1
2035,1629,1
2035,1661,1
2035,1695,1
2035,1702,1
2035,1713,1
2035,1824,1
2035,1827,1
2035,1838,1
2035,1839,1
2035,1847,1
2035,1848,1
2035,1893,1
2035,1949,1
2035,1955,1
2035,1992,1
2035,2035,1
2035,2044,1
2119,2035,0
2035,2176,1
2035,2182,1
2209,2035,0
2035,2238,1
2035,2263,1
2035,2307,1
2035,2385,1
2035,2427,1
2435,2035,0
2035,2453,1
2035,2464,1
2035,2465,1
2035,2469,1
2037,2097,0
2041,242,1
706,2041,0
1147,2041,0
2041,1234,1
2041,1279,1
63,2043,0
2043,902,1
2045,269,1
2045,512,1
2045,1389,1
116,2046,0
2046,307,1
660,2046,0
1147,2046,0
2046,1205,1
1656,2046,0
2046,1675,1
2046,1760,1
2046,2178,0
2046,2345,0
2048,1637,1
2049,136,1
2049,171,1
174,2049,0
2049,1215,1
1427,2049,0
2049,1868,1
2049,2066,0
2050,2111,0
2050,2130,0
2051,304,1
2051,382,1
2051,1921,1
2055,2296,0
169,2056,0
1085,2056,0
1453,2056,0
1712,2056,0
2056,1723,1
2056,2059,1
2056,2128,1
2056,2172,1
2056,2195,1
2057,809,1
2057,885,1
2057,1769,1
2058,305,1
359,2058,0
412,2058,0
706,2058,0
2058,1705,1
2055,2058,0
2058,2222,1
2058,2320,1
2058,2347,1
2058,2376,1
2058,2384,1
2389,2058,0
2401,2058,0
2061,2300,0
2065,2188,0
2066,1276,1
2066,2333,0
2069,852,1
2070,852,1
2070,2403,0
2075,2421,0
2076,2417,0
665,2078,0
1182,2078,0
1356,2078,0
2078,1835,1
2081,30,1
2081,57,1
2081,79,1
2081,226,1
2081,337,1
338,2081,0
580,2081,0
2081,591,1
611,2081,0
667,2081,0
953,2081,0
1295,2081,0
1440,2081,0
1460,2081,0
1891,2081,0
2081,1910,1
2431,2081,0
2081,2434,1
939,2082,0
1182,2082,0
2082,1364,1
20,2084,0
2084,337,1
2084,1779,1
2085,2230,0
144,2088,0
2088,628,1
997,2088,0
2010,2088,0
2089,102,1
2089,408,1
2089,427,1
2089,624,1
634,2089,0
737,2089,0
2089,864,1
2089,900,1
2089,935,1
939,2089,0
2089,963,1
2089,1072,1
1094,2089,0
2089,1322,1
1351,2089,0
1383,2089,0
1415,2089,0
1416,2089,0
2089,1441,1
1466,2089,0
1488,2089,0
2089,1601,1
1724,2089,0
2089,1783,1
1836,2089,0
2089,1847,1
2089,1868,1
1912,2089,0
2089,2015,1
2089,2035,1
2089,2053,1
2089,2183,1
2089,2342,1
2089,2426,1
2090,2469,0
169,2094,0
2094,584,1
2094,698,1
2094,706,1
2094,1176,1
1440,2094,0
2094,1723,1
2094,2360,1
2096,1277,1
1967,2096,0
2099,1272,1
2099,1650,1
2099,2183,1
2101,29,1
63,2101,0
2101,99,1
132,2101,0
340,2101,0
433,2101,0
2101,1308,1
2101,1329,1
1404,2101,0
2101,1427,1
1478,2101,0
2101,1913,1
1926,2101,0
2101,2206,1
273,2103,0
2103,1202,1
1699,2103,0
2103,1735,1
2106,1301,1
2114,359,1
2114,833,1
2114,1239,1
2114,1291,1
2114,2275,0
190,2120,0
584,2120,0
2120,1181,1
2120,1672,1
2120,2202,1
2277,2120,0
2120,2333,0
2122,90,1
369,2122,0
2122,399,1
2122,408,1
635,2122,0
654,2122,0
2122,672,1
781,2122,0
2122,819,1
885,2122,0
2122,935,1
2122,939,1
2122,972,1
2122,997,1
2122,1028,1
1042,2122,0
2122,1072,1
1263,2122,0
2122,1307,1
2122,1330,1
2122,1397,1
2122,1407,1
2122,1413,1
2122,1425,1
2122,1450,1
2122,1501,1
1532,2122,0
2122,1541,1
1767,2122,0
1821,2122,0
2122,1864,1
2122,1974,1
2123,1261,1
2123,1414,1
2127,541,1
2127,955,1
27,2128,0
2128,59,1
99,2128,0
229,2128,0
2128,474,1
503,2128,0
2128,505,1
512,2128,0
2128,690,1
2128,846,1
2128,915,1
2128,1010,1
2128,1146,1
2128,1239,1
1290,2128,0
2128,1297,1
2128,1302,1
2128,1372,1
2128,1404,1
2128,1676,1
2128,1691,1
2128,1740,1
2128,1771,1
2128,1834,1
2128,1916,1
2128,2127,1
2130,2360,0
2131,2155,0
2134,77,1
2134,104,1
2134,632,1
892,2134,0
2134,939,1
2134,959,1
2134,991,1
2134,1143,1
1484,2134,0
2134,1907,1
2265,2134,0
2134,2326,1
2134,2328,1
2134,2329,1
2135,80,1
2135,1094,1
2135,1834,1
2142,2449,0
2143,29,1
188,2143,0
2143,646,1
2143,700,1
2143,1196,1
1221,2143,0
2143,1348,1
2143,1468,1
2143,1664,1
2143,1847,1
2143,2385,1
2144,2265,0
2145,660,1
2145,858,1
2145,859,1
2145,883,1
2145,1217,1
2145,1424,1
1426,2145,0
1684,2145,0
1925,2145,0
2023,2145,0
2145,2131,1
2145,2157,1
2145,2173,1
2145,2276,1
2311,2145,0
2145,2363,1
2145,2382,1
2145,2385,1
2388,2145,0
2390,2145,0
1568,2146,0
2146,2191,0
1220,2147,0
2147,2331,1
2149,1,1
5,2149,0
2149,14,1
15,2149,0
26,2149,0
2149,45,1
2149,51,1
58,2149,0
2149,65,1
2149,80,1
81,2149,0
96,2149,0
2149,100,1
2149,178,1
188,2149,0
2149,204,1
2149,219,1
2149,222,1
275,2149,0
2149,285,1
293,2149,0
2149,297,1
300,2149,0
2149,306,1
309,2149,0
2149,314,1
344,2149,0
2149,345,1
2149,357,1
2149,368,1
2149,371,1
385,2149,0
405,2149,0
2149,406,1
2149,412,1
2149,439,1
2149,445,1
2149,464,1
496,2149,0
520,2149,0
2149,546,1
2149,554,1
2149,563,1
2149,575,1
2149,577,1
601,2149,0
2149,609,1
2149,619,1
2149,627,1
635,2149,0
2149,653,1
2149,669,1
2149,670,1
672,2149,0
690,2149,0
696,2149,0
727,2149,0
731,2149,0
2149,772,1
2149,809,1
2149,831,1
833,2149,0
2149,846,1
2149,870,1
2149,877,1
2149,903,1
2149,910,1
915,2149,0
2149,935,1
2149,939,1
962,2149,0
998,2149,0
2149,1001,1
1002,2149,0
1005,2149,0
1013,2149,0
2149,1030,1
2149,1040,1
2149,1048,1
2149,1058,1
1061,2149,0
1076,2149,0
2149,1093,1
2149,1142,1
2149,1152,1
1161,2149,0
1166,2149,0
1182,2149,0
1196,2149,0
2149,1205,1
2149,1215,1
1225,2149,0
2149,1228,1
2149,1238,1
2149,1243,1
1249,2149,0
2149,1255,1
2149,1256,1
1260,2149,0
2149,1266,1
2149,1270,1
2149,1316,1
1321,2149,0
1327,2149,0
1328,2149,0
2149,1354,1
1383,2149,0
1389,2149,0
1391,2149,0
1398,2149,0
1404,2149,0
2149,1405,1
1415,2149,0
2149,1425,1
2149,1427,1
2149,1430,1
1441,2149,0
1479,2149,0
2149,1497,1
1524,2149,0
2149,1528,1
2149,1537,1
1554,2149,0
2149,1580,1
2149,1601,1
1603,2149,0
2149,1611,1
2149,1613,1
2149,1662,1
2149,1691,1
2149,1700,1
2149,1712,1
2149,1732,1
2149,1752,1
2149,1779,1
2149,1791,1
2149,1827,1
1834,2149,0
2149,1877,1
1895,2149,0
2149,1897,1
1927,2149,0
2149,1937,1
1950,2149,0
2149,1954,1
2149,1955,1
2149,1968,1
2149,1980,1
1984,2149,0
2149,1985,1
2149,2001,1
2037,2149,0
2149,2038,1
2044,2149,0
2149,2047,1
2149,2076,1
2149,2101,1
2149,2117,1
2149,2124,1
2149,2128,1
2149,2129,1
2136,2149,0
2140,2149,0
2150,2149,0
2161,2149,0
2149,2163,1
2149,2167,1
2178,2149,0
2187,2149,0
2149,2255,1
2149,2260,1
2264,2149,0
2283,2149,0
2149,2286,1
2149,2299,1
2307,2149,0
2316,2149,0
2149,2328,1
2345,2149,0
2149,2370,1
2149,2385,1
2400,2149,0
2149,2410,1
2419,2149,0
2149,2435,1
2149,2439,1
2149,2457,1
2149,2473,1
2151,667,1
2151,1383,1
1415,2151,0
1441,2151,0
1727,2151,0
2152,690,1
2156,2304,0
1599,2158,0
2160,1761,1
2160,2164,0
2160,2187,0
2160,2378,0
180,2162,0
878,2162,0
2167,2294,0
78,2169,0
116,2169,0
2169,139,1
2169,163,1
2169,300,1
2169,302,1
2169,364,1
2169,411,1
2169,611,1
2169,624,1
634,2169,0
635,2169,0
636,2169,0
2169,637,1
2169,717,1
741,2169,0
2169,773,1
2169,791,1
2169,811,1
2169,817,1
935,2169,0
2169,1046,1
1135,2169,0
1147,2169,0
1167,2169,0
2169,1176,1
2169,1189,1
2169,1215,1
2169,1303,1
1387,2169,0
2169,1410,1
1423,2169,0
2169,1470,1
2169,1522,1
2169,1535,1
2169,1594,1
2169,1655,1
2169,1693,1
2169,1717,1
2169,1726,1
1754,2169,0
2169,1764,1
2169,1786,1
1790,2169,0
1793,2169,0
2169,1836,1
2169,1867,1
2169,1963,1
2169,1997,1
2169,2065,1
2076,2169,0
2169,2180,1
2238,2169,0
2169,2345,0
2169,2366,1
2169,2378,1
2173,2245,0
635,2177,0
2179,10,1
78,2179,0
2179,163,1
182,2179,0
287,2179,0
2179,306,1
364,2179,0
408,2179,0
2179,411,1
478,2179,0
2179,624,1
2179,634,1
2179,635,1
2179,636,1
2179,637,1
717,2179,0
2179,773,1
2179,791,1
817,2179,0
2179,930,1
935,2179,0
2179,1045,1
1046,2179,0
2179,1072,1
1153,2179,0
2179,1247,1
1293,2179,0
1307,2179,0
1535,2179,0
2179,1561,1
2179,1596,1
2179,1615,1
1693,2179,0
1776,2179,0
2179,1790,1
2179,1809,1
2179,1997,1
2065,2179,0
2179,2180,1
2304,2179,0
2342,2179,0
2179,2402,1
2180,2229,0
2181,63,1
2181,215,1
2181,326,1
2181,461,1
2181,470,1
2181,687,1
2181,833,1
1215,2181,0
2181,1820,1
2181,2081,1
2141,2181,0
244,2183,0
2183,260,1
399,2183,0
2183,479,1
578,2183,0
628,2183,0
1091,2183,0
2183,1129,1
1194,2183,0
2183,1287,1
2183,1352,1
2183,1539,1
2183,1799,1
2184,125,1
2184,239,1
2184,829,1
2183,2184,0
2184,2380,0
2190,1067,1
2190,2207,1
2190,2296,0
2190,2397,1
29,2199,0
2199,188,1
646,2199,0
700,2199,0
2199,732,1
959,2199,0
2199,1196,1
2199,1221,1
1348,2199,0
2199,1468,1
2199,1824,1
1847,2199,0
2199,2442,0
2201,2035,1
2201,2334,0
2204,2396,0
2208,1,1
387,2208,0
2208,1321,1
2208,2220,0
1585,2211,0
2211,2381,0
2212,939,1
2215,2388,0
130,2221,0
2221,304,1
2221,384,1
2221,452,1
2221,521,1
554,2221,0
635,2221,0
2221,755,1
2221,939,1
1142,2221,0
2221,1201,1
1691,2221,0
2238,2221,0
2222,2278,0
115,2227,0
2228,654,1
911,2228,0
2228,1425,1
2228,1427,1
833,2229,0
1834,2234,0
2235,193,1
2235,1613,1
2235,2406,1
2236,2365,0
2237,51,1
2237,63,1
2237,99,1
2237,512,1
889,2237,0
902,2237,0
1058,2237,0
1208,2237,0
2237,1555,1
2237,1650,1
2237,1705,1
2237,2149,1
79,2240,0
228,2240,0
2240,684,1
690,2240,0
2240,1981,1
2062,2240,0
2240,2139,1
2240,2183,1
2285,2240,0
269,2242,0
1215,2242,0
2242,1311,1
2242,1868,1
190,2246,0
214,2246,0
584,2246,0
725,2246,0
2246,1181,1
1672,2246,0
2246,1702,1
2246,1969,1
2052,2246,0
2202,2246,0
2246,2470,0
2247,2446,1
2250,654,1
2250,1427,1
2251,837,1
2266,2401,0
1405,2271,0
2236,2271,0
63,2275,0
215,2275,0
2275,326,1
2275,470,1
2275,635,1
687,2275,0
2275,690,1
2275,833,1
2275,1298,1
1820,2275,0
2277,241,1
2277,939,1
2277,1316,1
2277,2354,0
2282,755,1
2282,2412,0
2284,414,1
2284,1094,1
1215,2284,0
2284,1311,1
2284,1781,1
2284,1865,1
2284,2019,1
2284,2066,1
2383,2284,0
2292,2412,0
2295,1868,1
198,2297,0
2300,188,1
2300,1221,1
1348,2300,0
2302,2353,0
15,2304,0
2304,56,1
2304,363,1
2304,415,1
2304,548,1
2304,699,1
921,2304,0
1040,2304,0
2304,1244,1
2304,1267,1
2304,1717,1
2312,90,1
2312,369,1
2312,408,1
2312,476,1
635,2312,0
654,2312,0
2312,672,1
2312,718,1
2312,781,1
2312,885,1
2312,889,1
935,2312,0
2312,972,1
1042,2312,0
2312,1072,1
2312,1263,1
1269,2312,0
2312,1307,1
2312,1397,1
2312,1407,1
2312,1413,1
2312,1425,1
1450,2312,0
2312,1501,1
2312,1541,1
2312,1767,1
2312,1821,1
2312,1864,1
2312,1892,1
1989,2312,0
2312,2011,1
1490,2313,0
2314,1590,1
2315,78,1
2315,116,1
2315,302,1
354,2315,0
2315,364,1
2315,408,1
2315,478,1
2315,624,1
2315,634,1
2315,636,1
637,2315,0
2315,741,1
2315,773,1
817,2315,0
2315,935,1
2315,1046,1
1153,2315,0
2315,1189,1
1387,2315,0
2315,1423,1
2315,1470,1
2315,1481,1
2315,1522,1
1610,2315,0
2315,1615,1
2315,1693,1
2315,1726,1
1754,2315,0
2315,1776,1
1786,2315,0
2315,1793,1
1809,2315,0
1836,2315,0
1867,2315,0
1963,2315,0
2315,1997,1
2315,2180,1
2315,2232,1
2315,2238,1
2315,2254,1
2366,2315,0
2321,95,1
2321,190,1
2321,725,1
2321,1181,1
1316,2321,0
1672,2321,0
1702,2321,0
2202,2321,0
2321,2277,1
2322,1663,1
1871,2322,0
68,2324,0
2231,2324,0
2330,939,1
591,2331,0
694,2331,0
2331,758,1
939,2331,0
2331,953,1
1204,2331,0
2331,1309,1
2331,1508,1
1649,2331,0
1698,2331,0
1733,2331,0
2050,2331,0
2403,2331,0
2331,2413,1
939,2332,0
2333,939,1
2334,939,1
2337,2354,0
47,2339,0
2339,157,1
653,2339,0
2339,691,1
2339,1085,1
1622,2339,0
1666,2339,0
1763,2339,0
1767,2339,0
2347,939,1
2350,2081,1
2353,2418,0
2353,2450,0
2355,102,1
2355,635,1
690,2355,0
737,2355,0
864,2355,0
2355,939,1
2355,963,1
1351,2355,0
2355,1383,1
2355,1415,1
2355,1416,1
2355,1441,1
2355,1466,1
2355,1601,1
2355,1724,1
2355,1847,1
1868,2355,0
2355,2015,1
2355,2053,1
2293,2355,0
2426,2355,0
2358,126,1
2358,172,1
2358,299,1
2358,318,1
654,2358,0
2358,657,1
2358,658,1
2358,833,1
2358,939,1
2358,1016,1
2358,1141,1
2358,1448,1
2358,1545,1
2358,1595,1
2358,1931,1
2358,1941,1
2358,2145,1
2358,2157,1
2358,2192,1
2311,2358,0
2358,2364,0
2362,997,1
2367,1355,1
2367,1575,1
2372,646,1
2372,733,1
2372,926,1
2372,1085,1
2372,1239,1
2372,1664,1
2331,2372,0
2374,79,1
2374,1988,1
2381,2431,0
2385,32,1
2385,328,1
2385,1626,1
81,2387,0
2387,158,1
307,2387,0
2387,418,1
438,2387,0
2387,476,1
2387,742,1
2387,774,1
2387,943,1
2387,1450,1
2387,1476,1
1868,2387,0
2387,1880,1
2387,1922,1
2003,2387,0
2387,2077,1
2348,2387,0
2474,2387,0
2388,2416,0
2389,939,1
2414,939,1
2418,328,1
2421,1847,1
2422,59,1
440,2422,0
2422,542,1
603,2422,0
811,2422,0
2422,1089,1
1415,2422,0
2422,1882,1
2422,1895,1
1921,2422,0
2422,1984,1
2125,2422,0
2422,2266,1
2425,344,1
2425,356,1
758,2425,0
2425,836,1
2425,1142,1
2425,1311,1
2425,1684,1
2425,1871,1
2425,2071,1
2429,108,1
1459,2430,0
2430,2335,1
2433,724,1
1723,2433,0
2437,307,1
654,2437,0
2437,690,1
724,2437,0
2437,1259,1
2437,1404,1
2168,2437,0
2243,2437,0
2437,2263,1
2438,1702,1
2438,2446,0
2442,105,1
2442,359,1
2448,1650,1
2449,1327,1
659,2450,0
2450,1458,1
2451,413,1
1843,2459,0
2460,304,1
2460,1215,1
1847,2461,0
2463,293,1
2463,1280,1
901,2467,0
1436,2467,0
2467,1849,1
