0,0,2
0,7,2
0,10,1
0,25,1
0,27,1
0,28,1
0,43,1
0,91,1
0,100,1
0,111,1
0,152,1
0,175,1
0,176,1
0,177,1
0,178,1
0,179,1
0,180,1
0,181,1
0,182,1
0,183,1
0,184,1
0,185,1
0,186,1
0,187,1
0,188,1
0,189,1
0,190,1
0,191,1
0,192,1
0,193,1
0,194,1
0,195,1
0,196,1
0,197,1
0,198,1
0,199,1
0,200,1
0,201,1
0,202,1
0,203,1
0,204,1
0,205,1
0,206,1
0,207,1
0,208,1
0,209,1
0,210,1
0,211,1
0,212,1
0,213,1
0,214,1
0,215,1
0,216,1
0,217,1
0,218,1
0,219,1
0,220,1
0,221,1
0,222,1
0,223,1
0,224,1
0,225,1
0,226,1
0,227,1
0,228,1
0,229,1
0,230,1
0,231,1
0,232,1
0,233,1
0,234,1
0,235,1
0,236,1
0,237,1
0,238,1
0,239,1
0,240,1
0,241,1
0,242,1
0,243,1
0,244,1
0,245,1
0,246,1
0,247,1
0,248,1
0,249,1
0,250,1
0,251,1
0,252,1
0,253,1
0,254,1
0,255,1
0,256,1
0,257,1
0,258,1
0,259,1
0,260,1
0,261,1
0,262,1
0,263,1
0,264,1
0,265,1
0,266,1
0,267,1
0,268,1
0,269,1
0,270,1
0,271,1
0,272,1
0,273,1
0,274,1
0,275,1
0,276,1
0,277,1
0,278,1
0,279,1
0,280,1
0,281,1
0,282,1
0,283,1
0,284,1
0,285,1
0,286,1
0,287,1
0,288,1
0,289,1
0,290,1
0,291,1
0,292,1
0,293,1
0,294,1
0,295,1
0,296,1
0,297,1
0,298,1
0,299,1
0,300,1
0,301,1
0,302,1
0,303,1
0,304,1
0,305,1
0,306,1
0,307,1
0,308,1
0,309,1
0,310,1
0,311,1
0,312,1
0,313,1
0,314,1
0,315,1
0,316,1
0,317,1
0,318,1
0,319,1
0,320,1
0,321,1
0,322,1
0,323,1
0,324,1
0,325,1
0,326,1
0,327,1
0,328,1
0,329,1
0,330,1
0,331,1
0,332,1
0,333,1
0,334,1
0,335,1
0,336,1
0,337,1
0,338,1
0,339,1
0,340,1
0,341,1
0,342,1
0,343,1
0,344,1
0,345,1
0,346,1
0,347,1
0,348,1
0,349,1
0,350,1
0,351,1
0,352,1
0,353,1
0,354,1
0,355,1
0,356,1
0,357,1
0,358,1
0,359,1
0,360,1
0,361,1
0,362,1
0,363,1
0,364,1
0,365,1
0,366,1
0,367,1
0,368,1
0,369,1
0,370,1
0,371,1
0,372,1
0,373,1
0,374,1
0,375,1
0,376,1
0,377,1
0,378,1
0,379,1
0,380,1
0,381,1
0,382,1
0,383,1
0,384,1
0,385,1
0,386,1
0,387,1
0,388,1
0,389,1
0,390,1
0,391,1
0,392,1
0,800,3
0,964,3
0,2187,3
1,25,2
1,100,1
1,199,1
1,235,1
1,278,1
1,279,1
1,393,1
1,394,1
1,395,1
1,396,1
1,397,1
1,398,1
1,399,1
1,400,1
1,401,1
1,402,1
1,403,1
1,404,1
1,405,1
1,406,1
1,407,1
1,408,1
1,409,1
1,410,1
1,411,1
1,412,1
1,413,1
1,414,1
1,415,1
1,416,1
1,417,1
1,418,1
1,419,1
1,420,1
1,421,1
1,422,1
1,423,1
1,424,1
1,425,1
1,426,1
1,427,1
1,1246,3
2,2,2
2,428,1
2,429,1
2,430,1
2,431,1
2,432,1
2,433,1
2,434,1
2,435,1
2,436,1
2,437,1
2,438,1
2,692,3
2,1106,3
2,1525,3
3,43,1
3,198,1
3,244,1
3,245,1
3,254,1
3,395,1
3,439,1
3,440,1
3,441,1
3,442,1
3,443,1
3,444,1
3,445,1
3,1310,3
3,1552,3
3,1877,3
4,4,2
4,25,1
4,100,1
4,106,1
4,121,1
4,272,1
4,281,3
4,414,1
4,429,1
4,446,1
4,447,1
4,448,1
4,449,1
4,450,1
4,451,1
4,452,1
4,453,1
4,454,1
4,455,1
4,456,1
4,457,1
4,458,1
4,459,1
4,460,1
4,461,1
4,462,1
4,463,1
4,464,1
4,465,1
4,466,1
4,467,1
4,468,1
4,469,1
4,470,1
4,471,1
4,472,1
4,473,1
4,474,1
4,475,1
4,476,1
4,477,1
4,478,1
4,479,1
4,480,1
4,481,1
4,482,1
4,483,1
4,484,1
4,485,1
4,486,1
4,487,1
4,488,1
4,489,1
4,490,1
4,491,1
4,492,1
4,493,1
4,943,3
4,1531,3
5,33,1
5,55,3
5,191,1
5,192,1
5,193,1
5,194,1
5,195,1
5,196,1
5,197,1
5,494,1
5,495,1
5,496,1
5,497,1
5,498,1
5,499,1
5,500,1
5,501,1
5,502,1
5,503,1
5,504,1
5,505,1
5,506,1
5,507,1
5,508,1
5,509,1
5,510,1
5,511,1
5,512,1
5,513,1
5,514,1
5,515,1
5,516,1
5,517,1
5,518,1
5,519,1
5,520,1
5,521,1
5,522,1
5,523,1
5,524,1
5,525,1
5,526,1
5,527,1
5,528,1
5,529,1
5,530,1
5,531,1
5,2024,3
6,6,2
6,8,1
6,9,1
6,11,1
6,17,2
6,21,1
6,22,1
6,29,1
6,61,1
6,103,1
6,104,1
6,108,1
6,112,1
6,158,1
6,164,1
6,175,1
6,177,1
6,186,1
6,189,1
6,196,1
6,201,1
6,205,1
6,206,1
6,207,1
6,208,1
6,225,1
6,236,1
6,238,1
6,240,1
6,242,1
6,243,1
6,249,1
6,255,1
6,256,1
6,275,1
6,276,1
6,277,1
6,281,1
6,282,1
6,283,1
6,287,1
6,289,1
6,290,1
6,291,1
6,293,1
6,294,1
6,295,1
6,297,1
6,333,3
6,346,1
6,359,3
6,383,1
6,393,1
6,397,1
6,401,1
6,405,1
6,407,1
6,409,1
6,441,1
6,464,1
6,504,1
6,511,1
6,512,1
6,513,1
6,517,1
6,519,1
6,521,1
6,524,1
6,525,1
6,526,1
6,528,1
6,529,1
6,532,1
6,533,1
6,534,1
6,535,1
6,536,1
6,537,1
6,538,1
6,539,1
6,540,1
6,541,1
6,542,1
6,543,1
6,544,1
6,545,1
6,546,1
6,547,1
6,548,1
6,549,1
6,550,1
6,551,1
6,552,1
6,553,1
6,554,1
6,555,1
6,556,1
6,557,1
6,558,1
6,559,1
6,560,1
6,561,1
6,562,1
6,563,1
6,564,1
6,565,1
6,566,1
6,567,1
6,568,1
6,569,1
6,570,1
6,571,1
6,572,1
6,573,1
6,574,1
6,575,1
6,576,1
6,577,1
6,578,1
6,579,1
6,580,1
6,581,1
6,582,1
6,583,1
6,584,1
6,585,1
6,586,1
6,587,1
6,588,1
6,589,1
6,590,1
6,591,1
6,592,1
6,593,1
6,594,1
6,595,1
6,596,1
6,597,1
6,598,1
6,599,1
6,600,1
6,601,1
6,602,1
6,603,1
6,604,1
6,605,1
6,606,1
6,607,1
6,608,1
6,609,1
6,610,1
6,611,1
6,612,1
6,613,1
6,614,1
6,615,1
6,616,1
6,617,1
6,618,1
6,619,1
6,620,1
6,621,1
6,622,1
6,623,1
6,624,1
6,625,1
6,626,1
6,627,1
6,628,1
6,629,1
6,630,1
6,631,1
6,632,1
6,633,1
6,634,1
6,635,1
6,636,1
6,637,1
6,638,1
6,639,1
6,640,1
6,641,1
6,642,1
6,643,1
6,644,1
6,645,1
6,646,1
6,647,1
6,648,1
6,649,1
6,650,1
6,651,1
6,652,1
6,653,1
6,654,1
6,655,1
6,656,1
6,657,1
6,658,1
6,659,1
6,660,1
6,661,1
6,662,1
6,663,1
6,664,1
6,665,1
6,666,1
6,667,1
6,668,1
6,669,1
6,670,1
6,671,1
6,672,1
6,673,1
6,674,1
6,675,1
6,676,1
6,677,1
6,678,1
6,679,1
6,680,1
6,681,1
6,682,1
6,683,1
6,684,1
6,685,1
6,686,1
6,687,1
6,688,1
6,689,1
6,690,1
6,691,1
6,692,1
6,693,1
6,694,1
6,695,1
6,696,1
6,697,1
6,698,1
6,699,1
6,700,1
6,701,1
6,702,1
6,703,1
6,704,1
6,705,1
6,706,1
6,707,1
6,708,1
6,709,1
6,710,1
6,711,1
6,712,1
6,713,1
6,714,1
6,715,1
6,716,1
6,717,1
6,718,1
6,719,1
6,720,1
6,721,1
6,722,1
6,723,1
6,724,1
6,725,1
6,726,1
6,727,1
6,728,1
6,729,1
6,730,1
6,731,1
6,964,3
7,12,1
7,21,1
7,25,1
7,28,1
7,30,1
7,44,1
7,51,1
7,52,1
7,54,1
7,55,1
7,56,1
7,60,1
7,61,1
7,66,1
7,67,1
7,68,1
7,69,1
7,77,1
7,79,1
7,80,1
7,84,1
7,95,1
7,96,1
7,97,1
7,100,1
7,102,1
7,106,1
7,107,1
7,111,1
7,112,1
7,114,1
7,116,1
7,120,1
7,127,1
7,145,1
7,152,1
7,153,1
7,155,1
7,167,1
7,169,1
7,177,1
7,180,1
7,181,1
7,182,1
7,185,1
7,186,1
7,188,1
7,190,1
7,191,1
7,192,1
7,194,1
7,202,1
7,205,1
7,206,1
7,208,1
7,212,1
7,213,1
7,215,1
7,225,1
7,226,1
7,227,1
7,230,1
7,231,1
7,232,1
7,233,1
7,241,1
7,242,1
7,243,1
7,245,1
7,246,1
7,250,1
7,251,1
7,255,1
7,256,1
7,257,1
7,263,1
7,264,1
7,265,1
7,266,1
7,269,1
7,278,1
7,279,1
7,301,1
7,302,1
7,303,1
7,305,1
7,316,3
7,340,1
7,384,1
7,386,1
7,391,1
7,396,1
7,407,1
7,408,1
7,421,1
7,458,1
7,460,1
7,474,1
7,475,1
7,480,1
7,481,1
7,489,1
7,494,1
7,495,1
7,530,1
7,532,1
7,535,1
7,536,1
7,538,1
7,561,1
7,598,1
7,599,1
7,607,1
7,608,1
7,611,1
7,612,1
7,614,1
7,617,1
7,622,1
7,624,1
7,631,1
7,633,1
7,637,1
7,638,1
7,640,1
7,641,1
7,643,1
7,645,1
7,665,1
7,670,1
7,675,1
7,677,1
7,678,1
7,679,1
7,680,1
7,708,1
7,712,1
7,714,1
7,715,1
7,716,1
7,724,1
7,725,1
7,732,1
7,733,1
7,734,1
7,735,1
7,736,1
7,737,1
7,738,1
7,739,1
7,740,1
7,741,1
7,742,1
7,743,1
7,744,1
7,745,1
7,746,1
7,747,1
7,748,1
7,749,1
7,750,1
7,751,1
7,752,1
7,753,1
7,754,1
7,755,1
7,756,1
7,757,1
7,758,1
7,759,1
7,760,1
7,761,1
7,762,1
7,763,1
7,764,1
7,765,1
7,766,1
7,767,1
7,768,1
7,769,1
7,770,1
7,771,1
7,772,1
7,773,1
7,774,1
7,775,1
7,776,1
7,777,1
7,778,1
7,779,1
7,780,1
7,781,1
7,782,1
7,783,1
7,784,1
7,785,1
7,786,1
7,787,1
7,788,1
7,789,1
7,790,1
7,791,1
7,792,1
7,793,1
7,794,1
7,795,1
7,796,1
7,797,1
7,798,1
7,799,1
7,800,1
7,801,1
7,802,1
7,803,1
7,804,1
7,805,1
7,806,1
7,807,1
7,808,1
7,809,1
7,810,1
7,811,1
7,812,1
7,813,1
7,814,1
7,815,1
7,816,1
7,817,1
7,818,1
7,819,1
7,820,1
7,821,1
7,822,1
7,823,1
7,824,1
7,825,1
7,826,1
7,827,1
7,828,1
7,829,1
7,830,1
7,831,1
7,832,1
7,833,1
7,834,1
7,835,1
7,836,1
7,837,1
7,838,1
7,839,1
7,840,1
7,841,1
7,842,1
7,843,1
7,844,1
7,845,1
7,846,1
7,847,1
7,848,1
7,849,1
7,850,1
7,851,1
7,852,1
7,853,1
7,854,1
7,855,1
7,856,1
7,857,1
7,858,1
7,859,1
7,860,1
7,861,1
7,862,1
7,863,1
7,864,1
7,865,1
7,866,1
7,867,1
7,868,1
7,869,1
7,870,1
7,871,1
7,872,1
7,873,1
7,874,1
7,875,1
7,876,1
7,877,1
7,878,1
7,879,1
7,880,1
7,881,1
7,882,1
7,883,1
7,884,1
7,885,1
7,886,1
7,887,1
7,888,1
7,889,1
7,891,1
7,892,1
7,893,1
7,894,1
7,895,1
7,896,1
7,897,1
7,898,1
7,899,1
7,900,1
7,901,1
7,902,1
7,903,1
7,904,1
7,905,1
7,906,1
7,907,1
7,908,1
7,910,1
7,911,1
7,912,1
7,913,1
7,914,1
7,915,1
7,916,1
7,926,1
7,927,1
7,928,1
7,929,1
7,930,1
7,931,1
7,932,1
7,933,1
7,934,1
7,935,1
7,936,1
7,937,1
7,938,1
7,939,1
7,940,1
7,941,1
7,942,1
7,943,1
7,944,1
7,945,1
7,946,1
7,947,1
7,948,1
7,949,1
7,950,1
7,951,1
7,952,1
7,953,1
7,954,1
7,955,1
7,956,1
7,957,1
7,958,1
7,959,1
7,960,1
7,961,1
7,962,1
7,963,1
7,964,1
7,965,1
7,966,1
7,967,1
7,968,1
7,969,1
7,970,1
7,971,1
7,972,1
7,973,1
7,974,1
7,975,1
7,976,1
7,977,1
7,978,1
7,979,1
7,980,1
7,981,1
7,982,1
7,983,1
7,984,1
7,985,1
7,986,1
7,987,1
7,988,1
7,989,1
7,990,1
7,991,1
7,992,1
7,993,1
7,994,1
7,995,1
7,996,1
7,997,1
7,998,1
7,999,1
7,1000,1
7,1001,1
7,1002,1
7,1003,1
7,1004,1
7,1005,1
7,1006,1
7,1007,1
7,1008,1
7,1009,1
7,1010,1
7,1011,1
7,1012,1
7,1013,1
7,1014,1
7,1015,1
7,1016,1
7,1017,1
7,1018,1
7,1019,1
7,1020,1
7,1021,1
7,1022,1
7,1023,1
7,1024,1
7,1025,1
7,1026,1
7,1027,1
7,1028,1
7,1029,1
7,1030,1
7,1031,1
7,1032,1
8,8,2
8,1033,1
8,1034,1
8,1273,3
9,9,2
9,20,2
9,28,1
9,36,1
9,41,1
9,43,1
9,48,1
9,52,1
9,82,1
9,88,1
9,92,1
9,97,1
9,98,1
9,99,1
9,104,1
9,105,1
9,110,1
9,117,1
9,118,1
9,119,1
9,122,1
9,149,1
9,153,1
9,161,1
9,163,1
9,177,1
9,180,1
9,239,1
9,246,1
9,266,1
9,284,1
9,391,1
9,428,1
9,440,1
9,441,1
9,444,1
9,445,1
9,447,1
9,468,1
9,472,1
9,502,3
9,504,1
9,505,1
9,507,1
9,515,1
9,521,1
9,522,1
9,523,1
9,544,1
9,546,1
9,548,1
9,570,1
9,573,1
9,579,1
9,628,1
9,631,1
9,633,1
9,687,1
9,719,1
9,729,1
9,730,1
9,734,1
9,738,1
9,743,1
9,744,1
9,758,1
9,788,1
9,808,1
9,819,1
9,834,1
9,852,1
9,863,1
9,885,1
9,889,1
9,896,1
9,905,1
9,910,1
9,953,1
9,1019,1
9,1023,1
9,1035,1
9,1036,1
9,1037,1
9,1038,1
9,1039,1
9,1040,1
9,1041,1
9,1042,1
9,1043,1
9,1044,1
9,1045,1
9,1046,1
9,1047,1
9,1048,1
9,1049,1
9,1050,1
9,1051,1
9,1052,1
9,1053,1
9,1054,1
9,1055,1
9,1056,1
9,1057,1
9,1058,1
9,1059,1
9,1060,1
9,1061,1
9,1062,1
9,1063,1
9,1064,1
9,1065,1
9,1066,1
9,1067,1
9,1068,1
9,1069,1
9,1070,1
9,1071,1
9,1072,1
9,1073,1
9,1074,1
9,1075,1
9,1076,1
9,1077,1
9,1078,1
9,1079,1
9,1080,1
9,1081,1
9,1082,1
9,1083,1
9,1084,1
9,1085,1
9,1086,1
9,1087,1
9,1088,1
9,1089,1
9,1090,1
9,1091,1
9,1092,1
9,1093,1
9,1094,1
9,1095,1
9,1096,1
9,1097,1
9,1098,1
9,1099,1
9,1100,1
9,1101,1
9,1102,1
9,1103,1
9,1104,1
9,1105,1
9,1106,1
9,1107,1
9,1108,1
9,1109,1
9,1110,1
9,1111,1
9,1112,1
9,1113,1
9,1114,1
9,1115,1
9,1116,1
9,1117,1
9,1118,1
9,1119,1
9,1120,1
9,1121,1
9,1122,1
9,1123,1
9,1124,1
9,1125,1
9,1126,1
9,1127,1
9,1128,1
9,1129,1
9,1130,1
9,1131,1
9,1132,1
9,1133,1
9,1134,1
9,1135,1
9,1136,1
9,1137,1
9,1138,1
9,1139,1
9,1140,1
9,1141,1
9,1142,1
9,1143,1
9,1144,1
9,1145,1
9,1146,1
9,1147,1
9,1148,1
9,1149,1
9,1150,1
9,1151,1
9,1152,1
9,1153,1
9,1154,1
9,1155,1
9,1156,1
9,1157,1
9,1158,1
9,1159,1
9,1160,1
9,1161,1
9,1162,1
9,1163,1
9,1164,1
9,1165,1
9,1166,1
9,1167,1
9,1168,1
9,1169,1
9,1170,1
9,1171,1
9,1172,1
9,1173,1
9,1174,1
9,1175,1
9,1176,1
9,1177,1
9,1178,1
9,1179,1
9,1180,1
9,1181,1
9,1182,1
9,1183,1
9,1184,1
9,1185,1
9,1186,1
9,1187,1
9,1188,1
9,1189,1
9,1190,1
9,1191,1
9,1192,1
9,1193,1
9,1194,1
9,1195,1
9,1196,1
9,1197,1
9,1198,1
9,1199,1
9,1200,1
9,1201,1
9,1202,1
9,1203,1
9,1204,1
9,1205,1
9,1206,1
9,1207,1
9,1208,1
9,1209,1
9,1210,1
9,1211,1
9,1212,1
9,1213,1
9,1214,1
9,1215,1
9,1216,1
9,1217,1
9,1218,1
9,1219,1
9,1220,1
9,1221,1
9,1222,1
9,1223,1
9,1224,1
9,1225,1
9,1226,1
9,1227,1
9,1228,1
9,1229,1
9,1230,1
9,1231,1
9,1232,1
9,1233,1
9,1234,1
9,1235,1
9,1236,1
9,1237,1
9,1238,1
9,1239,1
9,1240,1
9,1241,1
9,1242,1
9,1243,1
9,1244,1
9,1245,1
9,1246,1
9,1247,1
9,1248,1
9,1249,1
9,1250,1
9,1251,1
9,1252,1
9,1253,1
9,1254,1
9,1255,1
9,1256,1
9,1257,1
9,1258,1
9,1259,1
9,1260,1
9,1261,1
9,1262,1
9,1263,1
9,1264,1
9,1265,1
9,1266,1
9,1267,1
9,1268,1
9,1269,1
9,1270,1
9,1271,1
9,1272,1
9,1273,1
9,1274,1
9,1275,1
9,1276,1
9,1277,1
9,1278,1
9,1279,1
9,1280,1
9,1281,1
9,1282,1
9,1283,1
9,1284,1
9,1285,1
9,1286,1
9,1287,1
9,1288,1
9,1289,1
9,1290,1
9,1291,1
9,1292,1
9,1293,1
9,1294,1
9,1295,1
9,1296,1
9,1297,1
9,1298,1
9,1299,1
9,1300,1
9,1301,1
9,1302,1
9,1303,1
9,1304,1
9,1305,1
9,1306,1
9,1307,1
9,1308,1
9,1309,1
9,1310,1
9,1311,1
9,1312,1
9,1313,1
9,1314,1
9,1315,1
9,1316,1
9,1317,1
9,1318,1
9,1319,1
9,1320,1
9,1321,1
9,1322,1
9,1323,1
9,1324,1
9,1325,1
9,1326,1
9,1327,1
9,1328,1
9,1329,1
9,1330,1
9,1331,1
9,1332,1
9,1333,1
9,1334,1
9,1335,1
9,1336,1
9,1337,1
9,1338,1
9,1339,1
9,1340,1
9,1341,1
9,1342,1
9,1343,1
9,1344,1
9,1345,1
9,1346,1
9,1347,1
9,1348,1
9,1349,1
9,1350,1
9,1351,1
9,1352,1
9,1353,1
9,1354,1
9,1355,1
9,1356,1
9,1357,1
9,1358,1
9,1359,1
9,1360,1
9,1361,1
9,1362,1
9,1363,1
9,1364,1
9,1365,1
9,1366,1
9,1367,1
9,1368,1
9,1369,1
9,1370,1
9,1371,1
9,1372,1
9,1373,1
9,1374,1
9,1375,1
9,1376,1
9,1377,1
9,1378,1
9,1379,1
9,1380,1
9,1381,1
9,1382,1
9,1383,1
9,1384,1
9,1385,1
9,1386,1
9,1387,1
9,1708,3
10,8,1
10,15,1
10,19,1
10,20,1
10,28,2
10,29,1
10,62,1
10,65,1
10,87,1
10,96,1
10,97,1
10,98,1
10,112,1
10,115,1
10,129,1
10,134,1
10,143,1
10,148,1
10,180,1
10,181,1
10,190,1
10,227,1
10,228,1
10,241,1
10,242,1
10,243,1
10,244,1
10,304,1
10,307,1
10,319,1
10,322,1
10,327,1
10,346,1
10,350,1
10,352,1
10,353,1
10,355,1
10,356,1
10,357,1
10,359,1
10,362,1
10,363,1
10,364,1
10,366,1
10,367,1
10,368,1
10,374,1
10,383,1
10,420,1
10,452,1
10,479,1
10,480,1
10,484,3
10,546,1
10,547,1
10,549,1
10,551,1
10,553,1
10,615,1
10,616,1
10,635,1
10,636,1
10,637,1
10,638,1
10,639,1
10,665,1
10,671,1
10,780,1
10,781,1
10,790,1
10,791,1
10,812,1
10,813,1
10,814,1
10,859,1
10,860,1
10,861,1
10,888,1
10,915,1
10,916,1
10,1034,1
10,1082,1
10,1115,1
10,1142,3
10,1181,1
10,1306,1
10,1388,1
10,1389,1
10,1390,1
10,1391,1
10,1392,1
10,1393,1
10,1394,1
10,1395,1
10,1396,1
10,1397,1
10,1398,1
10,1399,1
10,1400,1
10,1401,1
10,1402,1
10,1403,1
10,1404,1
10,1405,1
10,1406,1
10,1407,1
10,1408,1
10,1409,1
10,1410,1
10,1411,1
10,1412,1
10,1413,1
10,1414,1
10,1415,1
10,1416,1
10,1417,1
10,1418,1
10,1419,1
10,1420,1
10,1421,1
10,1422,1
10,1423,1
10,1424,1
10,1425,1
10,1426,1
10,1427,1
10,1428,1
10,1429,1
10,1430,1
10,1431,1
10,1432,1
10,1433,1
10,1434,1
10,1435,1
10,1436,1
10,1437,1
10,1438,1
10,1439,1
10,1440,1
10,1441,1
10,1442,1
10,1443,1
10,1489,3
11,1,1
11,25,1
11,100,1
11,156,2
11,272,1
11,395,1
11,397,1
11,398,1
11,399,1
11,404,1
11,405,1
11,406,1
11,407,1
11,419,1
11,422,1
11,574,3
11,575,1
11,1271,1
11,1444,1
11,1445,1
11,1446,1
11,1447,1
11,1448,1
11,1449,1
11,1450,1
11,1451,1
11,1452,1
12,82,1
12,156,1
12,406,1
12,419,1
12,422,1
12,425,1
12,570,1
12,575,1
12,682,1
12,875,1
12,940,1
12,952,1
12,1003,3
12,1053,1
1055,12,0
1069,12,0
12,1209,3
1241,12,0
1304,12,0
1385,12,0
1453,12,0
1454,12,0
1455,12,0
1456,12,0
1457,12,0
1458,12,0
1459,12,0
1460,12,0
1461,12,0
1462,12,0
1463,12,0
1464,12,0
1465,12,0
1466,12,0
1467,12,0
1468,12,0
1469,12,0
1470,12,0
3,13,0
13,13,2
13,22,3
28,13,0
46,13,0
457,13,0
573,13,0
574,13,0
577,13,0
579,13,0
13,791,3
13,801,3
13,849,3
867,13,0
868,13,0
870,13,0
871,13,0
1014,13,0
1036,13,0
1093,13,0
13,1255,3
1315,13,0
1429,13,0
1471,13,0
1472,13,0
1473,13,0
1474,13,0
1475,13,0
1476,13,0
1477,13,0
1478,13,0
1479,13,0
1480,13,0
1481,13,0
1482,13,0
1483,13,0
1484,13,0
1485,13,0
1486,13,0
1487,13,0
1488,13,0
1489,13,0
1490,13,0
1491,13,0
1492,13,0
1493,13,0
1494,13,0
1495,13,0
1496,13,0
1497,13,0
1498,13,0
14,40,3
109,14,0
661,14,0
685,14,0
686,14,0
687,14,0
14,796,3
1044,14,0
1230,14,0
1389,14,0
1392,14,0
1393,14,0
1499,14,0
1500,14,0
1501,14,0
1502,14,0
1503,14,0
1504,14,0
1505,14,0
1506,14,0
1507,14,0
1508,14,0
1509,14,0
1510,14,0
1511,14,0
1512,14,0
14,1525,3
14,1925,3
28,15,0
65,15,0
270,15,0
383,15,0
386,15,0
488,15,0
15,640,3
1407,15,0
1417,15,0
1419,15,0
1420,15,0
1513,15,0
1514,15,0
1515,15,0
1516,15,0
1517,15,0
1518,15,0
15,2133,3
16,16,2
98,16,0
16,445,3
780,16,0
781,16,0
1398,16,0
17,17,2
27,17,0
28,17,0
38,17,0
50,17,0
52,17,0
90,17,0
111,17,0
113,17,0
133,17,0
145,17,0
186,17,0
188,17,0
189,17,0
199,17,0
201,17,0
205,17,0
207,17,0
218,17,0
219,17,0
220,17,0
221,17,0
222,17,0
249,17,0
251,17,0
266,17,0
275,17,0
17,282,3
287,17,0
288,17,0
292,17,0
293,17,0
294,17,0
296,17,0
383,17,0
393,17,0
396,17,0
397,17,0
407,17,0
411,17,0
420,17,0
506,17,0
507,17,0
536,17,0
544,17,0
546,17,0
548,17,0
564,17,0
576,17,0
583,17,0
584,17,0
586,17,0
589,17,0
591,17,0
592,17,0
595,17,0
596,17,0
597,17,0
598,17,0
600,17,0
601,17,0
602,17,0
603,17,0
604,17,0
611,17,0
617,17,0
622,17,0
627,17,0
628,17,0
629,17,0
635,17,0
636,17,0
637,17,0
638,17,0
639,17,0
662,17,0
676,17,0
677,17,0
680,17,0
689,17,0
690,17,0
17,716,3
733,17,0
734,17,0
798,17,0
799,17,0
803,17,0
820,17,0
837,17,0
841,17,0
886,17,0
890,17,0
900,17,0
909,17,0
931,17,0
932,17,0
946,17,0
954,17,0
969,17,0
970,17,0
1058,17,0
1076,17,0
1140,17,0
1144,17,0
1174,17,0
1186,17,0
1454,17,0
1519,17,0
1520,17,0
1521,17,0
1522,17,0
1523,17,0
1524,17,0
1525,17,0
1526,17,0
1527,17,0
1528,17,0
1529,17,0
1530,17,0
1531,17,0
1532,17,0
1533,17,0
1534,17,0
1535,17,0
1536,17,0
1537,17,0
1538,17,0
1539,17,0
1540,17,0
1541,17,0
1542,17,0
1543,17,0
1544,17,0
1545,17,0
1546,17,0
1547,17,0
1548,17,0
1549,17,0
1550,17,0
1551,17,0
1552,17,0
1553,17,0
1554,17,0
1555,17,0
1556,17,0
1557,17,0
1558,17,0
1559,17,0
1560,17,0
1561,17,0
1562,17,0
1563,17,0
1564,17,0
1565,17,0
1566,17,0
1567,17,0
1568,17,0
1569,17,0
17,1710,3
18,156,3
1570,18,0
1571,18,0
19,1021,3
1406,19,0
2,20,0
11,20,0
14,20,0
20,20,2
60,20,0
63,20,0
64,20,0
98,20,0
108,20,0
109,20,0
130,20,0
134,20,0
138,20,0
141,20,0
165,20,0
172,20,0
174,20,0
175,20,0
177,20,0
204,20,0
224,20,0
258,20,0
273,20,0
274,20,0
287,20,0
306,20,0
308,20,0
319,20,0
321,20,0
327,20,0
328,20,0
347,20,0
348,20,0
350,20,0
351,20,0
353,20,0
354,20,0
356,20,0
357,20,0
359,20,0
360,20,0
361,20,0
363,20,0
365,20,0
366,20,0
367,20,0
385,20,0
417,20,0
420,20,0
421,20,0
422,20,0
423,20,0
424,20,0
429,20,0
437,20,0
444,20,0
445,20,0
456,20,0
505,20,0
506,20,0
509,20,0
530,20,0
538,20,0
555,20,0
556,20,0
559,20,0
560,20,0
561,20,0
628,20,0
631,20,0
633,20,0
645,20,0
656,20,0
749,20,0
788,20,0
820,20,0
827,20,0
837,20,0
852,20,0
888,20,0
889,20,0
891,20,0
914,20,0
997,20,0
999,20,0
1033,20,0
1040,20,0
1060,20,0
1064,20,0
1065,20,0
1066,20,0
1067,20,0
1070,20,0
1073,20,0
1077,20,0
1078,20,0
1088,20,0
1109,20,0
1125,20,0
1134,20,0
1144,20,0
1186,20,0
1197,20,0
1227,20,0
1231,20,0
1238,20,0
1255,20,0
1290,20,0
1299,20,0
1366,20,0
1378,20,0
1398,20,0
1399,20,0
1400,20,0
1403,20,0
1416,20,0
1417,20,0
1424,20,0
1443,20,0
1485,20,0
1516,20,0
1520,20,0
1537,20,0
1538,20,0
1552,20,0
1572,20,0
1573,20,0
1574,20,0
1575,20,0
1576,20,0
1577,20,0
1578,20,0
1579,20,0
1580,20,0
1581,20,0
1582,20,0
1583,20,0
1584,20,0
1585,20,0
1586,20,0
1587,20,0
1588,20,0
1589,20,0
1590,20,0
1591,20,0
1592,20,0
1593,20,0
1594,20,0
1595,20,0
1596,20,0
1597,20,0
1598,20,0
1599,20,0
1600,20,0
1601,20,0
1602,20,0
1603,20,0
1604,20,0
1605,20,0
1606,20,0
1607,20,0
1608,20,0
1609,20,0
1610,20,0
1611,20,0
1612,20,0
1613,20,0
1614,20,0
1615,20,0
1616,20,0
1617,20,0
1618,20,0
1619,20,0
1620,20,0
1621,20,0
1622,20,0
1623,20,0
1624,20,0
1625,20,0
1626,20,0
1627,20,0
1628,20,0
1629,20,0
1630,20,0
1631,20,0
1632,20,0
1633,20,0
1634,20,0
1635,20,0
1636,20,0
1637,20,0
1638,20,0
1639,20,0
1640,20,0
1641,20,0
1642,20,0
1643,20,0
1644,20,0
1645,20,0
1646,20,0
1647,20,0
1648,20,0
1649,20,0
1650,20,0
1651,20,0
1652,20,0
1653,20,0
1654,20,0
1655,20,0
1656,20,0
1657,20,0
1658,20,0
1659,20,0
1660,20,0
1661,20,0
1662,20,0
1663,20,0
1664,20,0
1665,20,0
1666,20,0
1667,20,0
1668,20,0
1669,20,0
1670,20,0
1671,20,0
1672,20,0
1673,20,0
1674,20,0
1675,20,0
1676,20,0
1677,20,0
1678,20,0
1679,20,0
1680,20,0
1681,20,0
1682,20,0
1683,20,0
1684,20,0
1685,20,0
1686,20,0
1687,20,0
1688,20,0
1689,20,0
1690,20,0
1691,20,0
1692,20,0
1693,20,0
1694,20,0
1695,20,0
1696,20,0
1697,20,0
1698,20,0
1699,20,0
20,1895,3
612,21,0
708,21,0
709,21,0
710,21,0
711,21,0
712,21,0
713,21,0
714,21,0
715,21,0
716,21,0
21,1065,3
21,22,0
22,22,2
496,22,0
497,22,0
498,22,0
503,22,0
552,22,0
566,22,0
568,22,0
710,22,0
711,22,0
716,22,0
1700,22,0
1701,22,0
1702,22,0
23,23,2
23,155,3
23,198,3
1703,23,0
1704,23,0
1705,23,0
1706,23,0
1707,23,0
24,822,3
24,889,3
890,24,0
909,24,0
50,25,0
25,221,3
272,25,0
393,25,0
397,25,0
398,25,0
399,25,0
401,25,0
403,25,0
404,25,0
405,25,0
406,25,0
407,25,0
412,25,0
419,25,0
420,25,0
422,25,0
427,25,0
575,25,0
25,706,3
813,25,0
25,1231,3
1418,25,0
1419,25,0
1423,25,0
1445,25,0
1450,25,0
1561,25,0
1708,25,0
1709,25,0
1710,25,0
1711,25,0
217,26,0
218,26,0
220,26,0
221,26,0
222,26,0
26,380,3
523,26,0
524,26,0
526,26,0
527,26,0
528,26,0
26,1144,3
1455,26,0
1463,26,0
1464,26,0
1465,26,0
1466,26,0
1712,26,0
1713,26,0
1714,26,0
1715,26,0
1716,26,0
1717,26,0
1718,26,0
1719,26,0
1553,27,0
1563,27,0
1564,27,0
1565,27,0
27,1736,3
28,29,2
28,52,2
270,28,0
383,28,0
386,28,0
646,28,0
915,28,0
916,28,0
1033,28,0
1034,28,0
1288,28,0
1417,28,0
1418,28,0
1423,28,0
1516,28,0
1622,28,0
28,1677,3
1679,28,0
1720,28,0
1721,28,0
1722,28,0
1723,28,0
1724,28,0
1725,28,0
29,29,2
29,52,2
270,29,0
383,29,0
386,29,0
29,435,3
916,29,0
29,1331,3
1417,29,0
1419,29,0
29,1965,3
30,238,3
1026,30,0
1027,30,0
1028,30,0
1030,30,0
30,2100,3
31,328,3
1726,31,0
1727,31,0
14,32,0
24,32,0
29,32,0
65,32,0
402,32,0
404,32,0
795,32,0
796,32,0
797,32,0
887,32,0
1073,32,0
1238,32,0
1418,32,0
1675,32,0
1728,32,0
1729,32,0
1730,32,0
1731,32,0
1732,32,0
1733,32,0
1734,32,0
1735,32,0
1736,32,0
1737,32,0
1738,32,0
1739,32,0
1740,32,0
158,33,0
175,33,0
190,33,0
196,33,0
201,33,0
217,33,0
219,33,0
221,33,0
222,33,0
235,33,0
236,33,0
237,33,0
239,33,0
241,33,0
242,33,0
249,33,0
275,33,0
276,33,0
280,33,0
282,33,0
285,33,0
289,33,0
290,33,0
291,33,0
292,33,0
294,33,0
295,33,0
296,33,0
297,33,0
389,33,0
390,33,0
515,33,0
516,33,0
517,33,0
518,33,0
519,33,0
522,33,0
523,33,0
525,33,0
526,33,0
529,33,0
532,33,0
533,33,0
538,33,0
544,33,0
545,33,0
555,33,0
556,33,0
558,33,0
575,33,0
611,33,0
617,33,0
618,33,0
619,33,0
620,33,0
622,33,0
647,33,0
651,33,0
663,33,0
676,33,0
677,33,0
679,33,0
680,33,0
682,33,0
693,33,0
694,33,0
695,33,0
698,33,0
699,33,0
700,33,0
701,33,0
702,33,0
703,33,0
717,33,0
1541,33,0
1546,33,0
1566,33,0
1741,33,0
1742,33,0
34,100,3
190,34,0
217,34,0
218,34,0
219,34,0
222,34,0
241,34,0
242,34,0
243,34,0
280,34,0
281,34,0
282,34,0
283,34,0
284,34,0
285,34,0
515,34,0
516,34,0
517,34,0
518,34,0
519,34,0
520,34,0
522,34,0
523,34,0
524,34,0
527,34,0
528,34,0
529,34,0
618,34,0
620,34,0
663,34,0
683,34,0
699,34,0
701,34,0
702,34,0
703,34,0
728,34,0
34,1156,3
35,35,2
35,841,3
972,35,0
978,35,0
979,35,0
980,35,0
981,35,0
982,35,0
1743,35,0
35,2055,3
36,36,2
52,36,0
65,36,0
36,538,3
916,36,0
1280,36,0
1317,36,0
1324,36,0
1744,36,0
1745,36,0
1746,36,0
37,344,3
412,37,0
37,1109,3
37,1147,3
37,1176,3
1747,37,0
1748,37,0
183,38,0
223,38,0
246,38,0
250,38,0
257,38,0
264,38,0
267,38,0
340,38,0
561,38,0
562,38,0
633,38,0
900,38,0
1306,38,0
1388,38,0
38,1410,3
1415,38,0
1425,38,0
1426,38,0
1538,38,0
1573,38,0
1633,38,0
1634,38,0
1686,38,0
1728,38,0
1749,38,0
1750,38,0
1751,38,0
1752,38,0
1753,38,0
1754,38,0
1755,38,0
1756,38,0
1757,38,0
1758,38,0
1759,38,0
1760,38,0
1761,38,0
1762,38,0
1763,38,0
1764,38,0
1765,38,0
1766,38,0
1767,38,0
1768,38,0
1769,38,0
1770,38,0
456,39,0
457,39,0
39,694,3
39,1151,3
39,2028,3
42,40,0
157,40,0
199,40,0
200,40,0
396,40,0
411,40,0
956,40,0
1119,40,0
1557,40,0
1570,40,0
1771,40,0
1772,40,0
1773,40,0
1774,40,0
1775,40,0
1776,40,0
1777,40,0
29,41,0
954,41,0
41,1491,3
42,42,2
42,559,3
733,42,0
735,42,0
42,771,3
43,43,2
212,43,0
245,43,0
254,43,0
460,43,0
43,921,3
43,1262,3
1778,43,0
1779,43,0
44,44,2
51,44,0
135,44,0
753,44,0
754,44,0
756,44,0
821,44,0
822,44,0
829,44,0
830,44,0
839,44,0
914,44,0
1280,44,0
1679,44,0
1724,44,0
1780,44,0
1781,44,0
1782,44,0
1783,44,0
1784,44,0
44,1785,3
45,45,2
45,582,3
663,45,0
717,45,0
45,1302,3
46,46,2
186,46,0
187,46,0
1494,46,0
1496,46,0
1497,46,0
46,1895,3
47,47,2
1788,47,0
1789,47,0
48,48,2
534,48,0
615,48,0
616,48,0
664,48,0
48,1162,3
1790,48,0
1791,48,0
48,1962,3
49,1194,3
1304,49,0
1460,49,0
1468,49,0
1796,49,0
1797,49,0
50,50,2
50,406,3
50,614,3
50,997,3
51,705,3
754,51,0
756,51,0
914,51,0
51,2199,3
20,52,0
52,52,2
185,52,0
187,52,0
188,52,0
189,52,0
270,52,0
386,52,0
467,52,0
561,52,0
633,52,0
1051,52,0
1164,52,0
1417,52,0
1418,52,0
1420,52,0
1443,52,0
1645,52,0
1708,52,0
54,53,0
912,53,0
936,53,0
941,53,0
942,53,0
53,1323,3
1471,53,0
1847,53,0
54,54,2
912,54,0
941,54,0
942,54,0
1015,54,0
54,1634,3
55,55,2
55,56,2
670,55,0
874,55,0
875,56,0
940,56,0
952,56,0
994,56,0
56,1488,3
56,1655,3
56,2019,3
873,57,0
57,1137,3
57,1532,3
58,103,3
934,58,0
935,58,0
1010,58,0
1011,58,0
1848,58,0
59,59,2
430,59,0
431,59,0
438,59,0
59,557,3
59,625,3
1849,59,0
1850,59,0
1851,59,0
1852,59,0
1853,59,0
1854,59,0
1855,59,0
228,60,0
571,60,0
815,60,0
817,60,0
887,60,0
1856,60,0
61,61,2
146,61,0
185,61,0
186,61,0
188,61,0
189,61,0
225,61,0
240,61,0
451,61,0
535,61,0
536,61,0
774,61,0
775,61,0
776,61,0
777,61,0
1513,61,0
1514,61,0
1553,61,0
1563,61,0
1564,61,0
1565,61,0
61,1567,3
1587,61,0
61,1677,3
1731,61,0
1802,61,0
1857,61,0
1858,61,0
1859,61,0
1860,61,0
1861,61,0
1862,61,0
1863,61,0
1864,61,0
1865,61,0
1866,61,0
62,360,3
562,62,0
633,62,0
780,62,0
98,63,0
385,63,0
937,63,0
938,63,0
954,63,0
976,63,0
977,63,0
979,63,0
980,63,0
982,63,0
1020,63,0
1021,63,0
1022,63,0
1115,63,0
1145,63,0
1367,63,0
1368,63,0
1434,63,0
1436,63,0
1437,63,0
1438,63,0
63,1519,3
1867,63,0
1868,63,0
1869,63,0
43,64,0
127,64,0
781,64,0
1394,64,0
1396,64,0
1397,64,0
1399,64,0
1401,64,0
1424,64,0
1870,64,0
19,65,0
29,65,0
52,65,0
217,65,0
218,65,0
220,65,0
915,65,0
916,65,0
65,1362,3
1423,65,0
1519,65,0
1532,65,0
1871,65,0
66,66,2
744,66,0
745,66,0
882,66,0
1679,66,0
1724,66,0
1872,66,0
1873,66,0
1874,66,0
1875,66,0
66,2156,3
903,67,0
67,1311,3
67,1807,3
67,2022,3
68,68,2
825,68,0
826,68,0
68,1359,3
69,69,2
192,69,0
193,69,0
458,69,0
460,69,0
69,650,3
833,69,0
866,69,0
905,69,0
70,70,2
560,70,0
631,70,0
645,70,0
70,888,3
1556,70,0
28,71,0
71,71,2
383,71,0
863,71,0
1417,71,0
1419,71,0
1741,71,0
1742,71,0
72,761,3
944,72,0
1001,72,0
1002,72,0
1003,72,0
72,1385,3
1876,72,0
1877,72,0
1878,72,0
1879,72,0
1880,72,0
73,229,3
234,73,0
391,73,0
1395,73,0
74,74,2
141,74,0
74,1772,3
1881,74,0
1882,74,0
75,207,3
1883,75,0
1884,75,0
1885,75,0
1886,75,0
1887,75,0
191,76,0
76,1245,3
76,2132,3
77,77,2
77,78,2
230,77,0
231,77,0
77,636,3
790,77,0
791,77,0
828,77,0
898,77,0
911,77,0
78,78,2
231,78,0
789,78,0
790,78,0
828,78,0
898,78,0
911,78,0
78,932,3
207,79,0
208,79,0
209,79,0
79,663,3
800,79,0
802,79,0
894,79,0
812,80,0
813,80,0
814,80,0
149,81,0
904,81,0
1222,81,0
1223,81,0
1224,81,0
81,1250,3
1373,81,0
1513,81,0
1514,81,0
1529,81,0
1530,81,0
1587,81,0
1778,81,0
1779,81,0
1784,81,0
1802,81,0
1862,81,0
1866,81,0
1888,81,0
1889,81,0
1890,81,0
1891,81,0
1892,81,0
1893,81,0
1894,81,0
1895,81,0
1896,81,0
1897,81,0
1898,81,0
1899,81,0
1900,81,0
1901,81,0
1902,81,0
1903,81,0
1904,81,0
1905,81,0
1906,81,0
1907,81,0
1908,81,0
1909,81,0
1910,81,0
1911,81,0
1912,81,0
1913,81,0
1914,81,0
1915,81,0
82,82,2
82,1027,3
1069,82,0
1916,82,0
83,83,2
183,83,0
212,83,0
252,83,0
83,484,3
560,83,0
580,83,0
581,83,0
631,83,0
645,83,0
83,876,3
1111,83,0
1112,83,0
83,1310,3
1639,83,0
1708,83,0
1917,83,0
1918,83,0
1919,83,0
1920,83,0
1921,83,0
1922,83,0
1923,83,0
1924,83,0
1925,83,0
1926,83,0
1927,83,0
1928,83,0
67,84,0
84,84,2
84,1651,3
1929,85,0
13,86,0
86,263,3
86,296,3
86,1383,3
1930,86,0
218,87,0
220,87,0
221,87,0
1533,87,0
87,1772,3
88,88,2
1101,88,0
88,1861,3
88,1881,3
89,1299,3
89,1378,3
1931,89,0
1932,89,0
1933,89,0
1934,89,0
90,90,2
1522,90,0
1523,90,0
213,91,0
91,579,3
91,705,3
92,92,2
92,1010,3
1043,92,0
92,1149,3
1935,92,0
1936,92,0
93,222,3
763,93,0
764,93,0
93,2016,3
765,94,0
766,94,0
94,994,3
95,95,2
782,95,0
783,95,0
784,95,0
785,95,0
786,95,0
95,1998,3
96,96,2
858,96,0
859,96,0
861,96,0
1024,96,0
96,1331,3
96,1504,3
96,1933,3
97,97,2
97,336,3
858,97,0
859,97,0
861,97,0
97,972,3
97,1559,3
8,98,0
98,98,2
98,128,3
148,98,0
181,98,0
633,98,0
1109,98,0
1245,98,0
1356,98,0
1442,98,0
1621,98,0
1950,98,0
1951,98,0
1952,98,0
1953,98,0
1954,98,0
99,99,2
442,99,0
100,100,2
101,318,3
837,101,0
1955,101,0
1956,101,0
1957,101,0
102,102,2
102,708,3
102,788,3
842,102,0
844,102,0
846,102,0
1734,102,0
1735,102,0
1958,102,0
1959,102,0
1960,102,0
102,2087,3
11,103,0
103,103,2
397,103,0
428,103,0
435,103,0
1452,103,0
607,104,0
608,104,0
723,104,0
725,104,0
104,1938,3
607,105,0
608,105,0
723,105,0
724,105,0
105,1092,3
105,1796,3
106,106,2
106,143,2
106,342,3
482,106,0
1129,106,0
1416,106,0
1604,106,0
1803,106,0
1826,106,0
1961,106,0
1962,106,0
1963,106,0
1964,106,0
1965,106,0
1966,106,0
1967,106,0
1968,106,0
1969,106,0
1970,106,0
1971,106,0
107,172,3
819,107,0
108,108,2
108,1104,3
108,1764,3
109,507,3
661,109,0
685,109,0
686,109,0
687,109,0
109,801,3
109,1178,3
1230,109,0
1506,109,0
110,417,3
1972,110,0
1973,110,0
66,111,0
111,111,2
300,111,0
111,346,3
111,665,3
877,111,0
879,111,0
111,1512,3
635,112,0
636,112,0
640,112,0
642,112,0
643,112,0
665,112,0
112,1231,3
113,113,2
113,288,3
1548,113,0
1549,113,0
113,1598,3
29,114,0
250,114,0
460,114,0
492,114,0
550,114,0
732,114,0
862,114,0
863,114,0
1416,114,0
1588,114,0
1975,114,0
1976,114,0
1977,114,0
1978,114,0
1979,114,0
1980,114,0
1981,114,0
1982,114,0
1983,114,0
270,115,0
383,115,0
386,115,0
561,115,0
562,115,0
115,699,3
1421,115,0
115,1977,3
116,116,2
964,116,0
117,1121,3
1386,117,0
1984,117,0
1985,117,0
1986,117,0
1987,117,0
118,1339,3
1471,118,0
118,1568,3
1847,118,0
119,913,3
119,1128,3
1235,119,0
1236,119,0
1988,119,0
1989,119,0
1990,119,0
1991,119,0
1992,119,0
1993,119,0
120,120,2
120,972,3
120,980,3
984,120,0
985,120,0
986,120,0
987,120,0
989,120,0
121,121,2
414,121,0
446,121,0
470,121,0
484,121,0
485,121,0
621,121,0
121,1278,3
122,1494,3
1996,122,0
11,123,0
100,123,0
412,123,0
413,123,0
123,1023,3
123,1591,3
123,1973,3
124,124,2
183,124,0
124,772,3
116,125,0
751,125,0
1056,125,0
126,126,2
126,473,3
847,126,0
126,908,3
126,1500,3
126,1519,3
2016,126,0
2017,126,0
2018,126,0
1023,127,0
2019,127,0
128,128,2
128,1408,3
128,1898,3
2020,128,0
2021,128,0
2022,128,0
2023,128,0
2024,128,0
2025,128,0
2026,128,0
106,129,0
479,129,0
480,129,0
481,129,0
1071,129,0
1755,129,0
2027,129,0
2028,129,0
2029,129,0
130,130,2
130,2042,3
130,2138,3
131,131,2
131,1062,3
131,1531,3
2030,131,0
2031,131,0
132,132,2
132,1387,3
1942,132,0
1946,132,0
2032,132,0
2033,132,0
106,133,0
236,133,0
238,133,0
133,389,3
479,133,0
480,133,0
481,133,0
1429,133,0
133,1660,3
134,134,2
181,134,0
228,134,0
134,710,3
134,1148,3
134,2014,3
226,135,0
227,135,0
228,135,0
135,255,3
135,831,3
135,1496,3
1780,135,0
2037,135,0
2038,135,0
2039,135,0
2040,135,0
2041,135,0
2042,135,0
2043,135,0
2044,135,0
2045,135,0
412,136,0
136,1647,3
137,188,3
137,1995,3
2046,137,0
2047,137,0
138,1746,3
139,176,3
1358,139,0
139,1980,3
2049,139,0
8,140,0
479,140,0
480,140,0
481,140,0
140,1071,3
2050,140,0
2051,140,0
2052,140,0
141,141,2
142,1114,3
1216,142,0
52,143,0
140,143,0
266,143,0
270,143,0
469,143,0
479,143,0
480,143,0
481,143,0
780,143,0
143,881,3
915,143,0
916,143,0
1417,143,0
1418,143,0
1419,143,0
1643,143,0
143,1650,3
50,144,0
64,144,0
106,144,0
479,144,0
480,144,0
481,144,0
144,916,3
1132,144,0
1452,144,0
144,1498,3
1870,144,0
2057,144,0
2058,144,0
688,145,0
900,145,0
970,145,0
145,1302,3
146,146,2
1101,146,0
1513,146,0
1514,146,0
1802,146,0
1857,146,0
1859,146,0
1861,146,0
1862,146,0
1864,146,0
1866,146,0
146,1973,3
147,147,2
456,148,0
148,478,3
148,556,3
780,148,0
781,148,0
1332,148,0
148,1569,3
2072,148,0
148,2143,3
149,429,3
1280,149,0
2073,149,0
2074,149,0
150,1312,3
1657,150,0
1694,150,0
150,2037,3
2081,150,0
2082,150,0
2083,150,0
151,151,2
151,1390,3
2093,151,0
2094,151,0
109,152,0
202,152,0
203,152,0
424,152,0
474,152,0
475,152,0
488,152,0
489,152,0
646,152,0
656,152,0
152,1009,3
1279,152,0
1388,152,0
1425,152,0
1426,152,0
1538,152,0
1588,152,0
152,1673,3
1682,152,0
1767,152,0
1769,152,0
2084,152,0
2095,152,0
2096,152,0
2097,152,0
2098,152,0
2099,152,0
2100,152,0
2101,152,0
2102,152,0
2103,152,0
2104,152,0
2105,152,0
2106,152,0
1,153,0
8,153,0
61,153,0
129,153,0
271,153,0
396,153,0
402,153,0
420,153,0
456,153,0
479,153,0
480,153,0
652,153,0
653,153,0
654,153,0
832,153,0
153,983,3
1178,153,0
1217,153,0
1552,153,0
1557,153,0
153,1564,3
2003,153,0
2150,153,0
2151,153,0
2152,153,0
2153,153,0
1265,154,0
1266,154,0
2158,154,0
2159,154,0
2160,154,0
2161,154,0
155,155,2
948,155,0
155,1012,3
6,156,0
9,156,0
83,156,0
156,156,2
168,156,0
187,156,0
189,156,0
201,156,0
224,156,0
397,156,0
401,156,0
409,156,0
441,156,0
506,156,0
508,156,0
509,156,0
539,156,0
549,156,0
554,156,0
563,156,0
565,156,0
570,156,0
597,156,0
600,156,0
602,156,0
603,156,0
604,156,0
611,156,0
615,156,0
616,156,0
646,156,0
652,156,0
653,156,0
656,156,0
671,156,0
731,156,0
757,156,0
767,156,0
769,156,0
770,156,0
771,156,0
775,156,0
777,156,0
156,844,3
967,156,0
1115,156,0
1181,156,0
1182,156,0
1285,156,0
1325,156,0
1368,156,0
1435,156,0
1437,156,0
1438,156,0
1439,156,0
1440,156,0
1464,156,0
1466,156,0
1470,156,0
1586,156,0
156,1606,3
1714,156,0
1718,156,0
1719,156,0
1800,156,0
1867,156,0
1982,156,0
2034,156,0
2166,156,0
2167,156,0
2168,156,0
2169,156,0
2170,156,0
2171,156,0
2172,156,0
2173,156,0
2174,156,0
2175,156,0
2176,156,0
2177,156,0
2178,156,0
157,761,3
157,1135,3
1772,157,0
201,158,0
538,158,0
558,158,0
617,158,0
946,158,0
158,1484,3
1831,159,0
2179,159,0
2180,159,0
2181,159,0
2182,159,0
2183,159,0
2184,159,0
2185,159,0
2186,159,0
2187,159,0
1524,160,0
2188,160,0
2189,160,0
2190,160,0
161,816,3
872,161,0
161,991,3
161,1693,3
510,162,0
511,162,0
512,162,0
514,162,0
2191,162,0
2192,162,0
163,780,3
163,1315,3
1462,163,0
163,2091,3
164,164,2
164,498,3
647,164,0
649,164,0
650,164,0
651,164,0
164,1079,3
2193,165,0
267,166,0
1325,166,0
2194,166,0
167,240,3
167,670,3
1007,167,0
1008,167,0
1009,167,0
82,168,0
827,168,0
1069,168,0
1118,168,0
1456,168,0
1531,168,0
168,1886,3
2053,168,0
2054,168,0
2055,168,0
2195,168,0
2196,168,0
2197,168,0
2198,168,0
169,1986,3
170,170,2
170,266,3
170,916,3
1086,170,0
1346,170,0
1545,170,0
1896,170,0
2199,170,0
226,171,0
171,539,3
845,171,0
171,978,3
2200,171,0
172,896,3
1496,172,0
2201,172,0
2147,173,0
2202,173,0
174,603,3
174,644,3
2056,174,0
2203,174,0
2204,174,0
175,671,3
175,2188,3
176,1173,3
176,2187,3
178,2097,3
179,680,3
180,1268,3
180,1803,3
181,1461,3
183,1957,3
183,2140,3
184,1418,3
184,1616,3
187,1952,3
187,2151,3
188,312,3
188,1230,3
189,1736,3
191,472,3
191,721,3
191,1401,3
191,1486,3
191,2150,3
193,1036,3
193,1138,3
193,1313,3
195,1232,3
197,284,3
197,1309,3
197,1533,3
198,268,3
199,541,3
199,1265,3
199,1699,3
200,1853,3
201,1163,3
201,1914,3
202,1654,3
202,1745,3
202,1816,3
203,350,3
203,1108,3
203,1590,3
203,1959,3
205,1643,3
206,820,3
206,1453,3
207,1310,3
207,1864,3
208,815,3
208,1338,3
208,1964,3
209,681,3
209,2018,3
210,1339,3
210,1368,3
210,1446,3
213,494,3
213,1774,3
214,2061,3
215,1642,3
216,712,3
216,1040,3
216,2129,3
217,726,3
217,757,3
217,876,3
218,1265,3
220,1215,3
220,1427,3
222,2114,3
223,1595,3
223,1634,3
223,1985,3
225,272,3
227,389,3
227,700,3
229,1019,3
229,1556,3
231,1158,3
232,1323,3
235,485,3
236,732,3
236,1926,3
237,987,3
237,2179,3
238,1224,3
239,933,3
239,1049,3
239,1423,3
240,851,3
240,1749,3
241,2141,3
242,1506,3
242,2124,3
243,852,3
243,1591,3
244,575,3
247,1056,3
248,550,3
248,1469,3
249,661,3
249,2143,3
250,1263,3
250,1429,3
250,1813,3
251,807,3
251,1787,3
252,601,3
252,1914,3
255,257,3
255,1295,3
256,1412,3
256,2144,3
257,1390,3
257,1522,3
257,2110,3
257,2175,3
258,1885,3
258,2119,3
259,819,3
259,1716,3
259,1772,3
260,1803,3
261,603,3
261,1547,3
262,682,3
262,1406,3
263,351,3
263,680,3
264,831,3
264,1306,3
264,1391,3
267,1062,3
267,1107,3
268,574,3
268,1159,3
268,1683,3
270,2067,3
272,2069,3
273,565,3
274,372,3
277,1087,3
277,1183,3
277,1666,3
278,300,3
278,1154,3
278,1910,3
280,978,3
280,1839,3
281,938,3
282,2196,3
283,1081,3
285,1333,3
285,1952,3
286,1069,3
286,1953,3
287,1046,3
287,1389,3
287,1818,3
287,1856,3
288,528,3
288,1602,3
289,534,3
289,858,3
290,512,3
290,769,3
291,1379,3
293,1120,3
293,1944,3
294,1658,3
294,2125,3
296,2123,3
298,348,3
298,1694,3
299,312,3
299,806,3
300,1465,3
301,1041,3
301,1613,3
301,2049,3
303,423,3
303,885,3
303,1916,3
304,952,3
305,653,3
307,778,3
308,788,3
312,524,3
312,2176,3
313,2090,3
314,703,3
314,1592,3
315,1776,3
315,2114,3
316,608,3
316,1235,3
316,1851,3
317,1120,3
317,1358,3
321,638,3
321,2003,3
322,1552,3
322,1561,3
323,489,3
323,1877,3
324,1729,3
325,964,3
325,2030,3
326,804,3
326,1913,3
327,1353,3
328,1375,3
330,2197,3
331,523,3
331,767,3
332,1039,3
332,1735,3
333,1960,3
335,579,3
336,586,3
336,1820,3
337,477,3
337,1249,3
337,2059,3
338,436,3
338,546,3
338,1983,3
338,2186,3
339,495,3
339,1618,3
339,1753,3
340,836,3
340,1267,3
340,1331,3
340,1831,3
341,708,3
341,1287,3
341,1968,3
341,2036,3
346,945,3
349,384,3
349,1499,3
349,1647,3
352,695,3
352,1569,3
352,1815,3
353,389,3
353,1435,3
355,461,3
355,1898,3
357,496,3
359,559,3
359,595,3
359,1594,3
360,1131,3
362,1585,3
364,1355,3
365,1481,3
366,1712,3
367,446,3
367,1132,3
367,1261,3
367,1925,3
368,440,3
368,1216,3
368,1658,3
368,1792,3
370,1582,3
370,1921,3
370,2097,3
370,2164,3
371,806,3
371,2000,3
372,2171,3
373,1033,3
374,1919,3
375,385,3
376,1258,3
379,1763,3
380,1024,3
381,505,3
382,2194,3
383,2172,3
384,1414,3
385,1505,3
385,1629,3
385,2107,3
386,1397,3
387,1482,3
387,1651,3
389,1000,3
389,1408,3
389,1874,3
389,2101,3
391,1961,3
392,1093,3
392,1556,3
392,1767,3
396,1017,3
396,1083,3
396,1762,3
396,1864,3
397,1947,3
398,1454,3
398,1954,3
399,1315,3
399,1712,3
399,1863,3
400,1747,3
401,2010,3
402,1441,3
402,1626,3
402,1706,3
403,445,3
403,720,3
404,906,3
407,779,3
408,844,3
408,900,3
409,1333,3
409,1822,3
410,926,3
411,461,3
411,465,3
412,797,3
412,973,3
413,1782,3
414,807,3
414,1062,3
415,1622,3
418,610,3
418,772,3
419,2010,3
420,500,3
420,1072,3
420,1915,3
421,639,3
422,2026,3
423,690,3
426,438,3
426,1609,3
428,1397,3
428,1476,3
428,1956,3
429,1056,3
429,1745,3
430,772,3
430,1694,3
430,1868,3
431,2025,3
432,856,3
432,984,3
432,1539,3
433,1951,3
433,2054,3
434,865,3
436,2122,3
437,853,3
437,1194,3
438,2169,3
439,622,3
440,558,3
440,710,3
440,1724,3
441,614,3
443,1271,3
443,1770,3
444,1065,3
444,1319,3
445,1533,3
446,1166,3
447,1174,3
448,709,3
448,1141,3
448,1146,3
449,1471,3
450,922,3
450,927,3
451,1420,3
452,881,3
452,1290,3
452,1292,3
453,1596,3
454,599,3
454,2046,3
455,1927,3
456,731,3
456,1200,3
456,1209,3
457,472,3
458,965,3
458,1297,3
461,870,3
461,884,3
462,1603,3
462,1976,3
464,1658,3
465,1304,3
466,673,3
466,1541,3
466,2148,3
467,1630,3
468,1457,3
468,2083,3
470,1363,3
471,838,3
471,1232,3
472,1006,3
473,712,3
473,1653,3
474,1740,3
475,1356,3
475,1454,3
475,2152,3
476,616,3
476,1004,3
476,1060,3
476,1067,3
478,1303,3
478,2012,3
479,710,3
480,611,3
480,1111,3
480,1339,3
482,969,3
483,1069,3
484,1157,3
484,1796,3
484,2041,3
484,2122,3
486,1624,3
486,1670,3
486,1886,3
487,1535,3
488,709,3
488,2024,3
489,1361,3
489,2007,3
490,1428,3
490,1486,3
492,994,3
492,1006,3
492,1073,3
492,1622,3
494,715,3
495,605,3
496,2180,3
498,1364,3
500,1053,3
502,759,3
503,1506,3
504,1500,3
504,1776,3
505,2139,3
506,1902,3
506,2069,3
510,1192,3
512,721,3
512,1347,3
513,680,3
514,966,3
516,1333,3
517,1323,3
518,1235,3
518,1754,3
519,853,3
519,1827,3
520,684,3
523,1650,3
527,1371,3
527,1616,3
530,630,3
530,880,3
530,1679,3
532,1516,3
532,1917,3
533,1142,3
533,1194,3
533,1739,3
533,1929,3
536,981,3
536,1695,3
537,555,3
537,560,3
537,692,3
537,777,3
537,1051,3
537,1973,3
538,908,3
538,1996,3
539,1270,3
540,576,3
540,2039,3
541,543,3
541,946,3
541,989,3
541,1868,3
541,1915,3
541,1941,3
542,1361,3
543,1611,3
544,1658,3
545,1517,3
546,1155,3
546,1750,3
547,1402,3
550,1845,3
550,2099,3
550,2145,3
551,2076,3
553,1958,3
554,655,3
554,1097,3
554,1788,3
556,1100,3
556,1969,3
557,585,3
557,1378,3
557,1410,3
558,570,3
560,1183,3
560,1858,3
561,1057,3
562,860,3
562,1760,3
564,1044,3
564,1064,3
565,1076,3
566,991,3
566,2146,3
567,712,3
567,732,3
567,898,3
567,2124,3
568,1900,3
569,2113,3
570,823,3
571,617,3
572,1853,3
574,1959,3
575,935,3
575,1095,3
575,2138,3
575,2151,3
576,641,3
576,1231,3
576,1765,3
577,623,3
577,688,3
578,1229,3
578,1979,3
580,1097,3
580,1897,3
582,1334,3
584,810,3
586,1239,3
586,1460,3
589,1263,3
590,1594,3
590,1629,3
591,1207,3
591,1658,3
592,594,3
594,1363,3
594,1446,3
594,2103,3
596,1907,3
597,1121,3
597,1240,3
597,1252,3
598,926,3
600,844,3
600,1153,3
600,1919,3
600,2071,3
601,1807,3
601,1987,3
602,1528,3
602,1560,3
604,713,3
604,1608,3
607,618,3
609,1742,3
609,2183,3
611,890,3
611,1701,3
611,1910,3
612,1597,3
613,647,3
615,629,3
616,1256,3
616,1620,3
617,1973,3
618,1495,3
619,1808,3
620,930,3
620,1236,3
621,634,3
621,874,3
621,2185,3
624,2021,3
627,897,3
627,1059,3
628,720,3
629,877,3
629,2187,3
630,658,3
631,731,3
632,1884,3
633,1744,3
633,2064,3
635,658,3
635,1721,3
636,1739,3
636,2070,3
637,1730,3
641,1477,3
641,1657,3
642,882,3
642,1564,3
643,1735,3
643,1945,3
644,2125,3
645,1792,3
647,1220,3
648,1284,3
648,2060,3
649,1359,3
650,2098,3
651,1280,3
652,1082,3
652,2138,3
653,1014,3
654,1435,3
654,1444,3
654,1692,3
656,667,3
657,738,3
657,1258,3
657,2021,3
658,665,3
658,977,3
658,1011,3
659,1920,3
659,2158,3
660,1627,3
661,1169,3
661,2175,3
663,1449,3
663,1511,3
665,954,3
665,1801,3
665,1845,3
667,1150,3
667,1192,3
667,1259,3
668,751,3
669,1817,3
671,782,3
672,1558,3
673,917,3
673,1145,3
673,1297,3
673,2125,3
674,1413,3
675,1152,3
675,1571,3
676,1196,3
676,1768,3
676,1872,3
676,2168,3
677,941,3
678,1690,3
680,1561,3
682,2066,3
682,2092,3
683,1013,3
683,1897,3
684,944,3
684,1610,3
687,1563,3
689,1107,3
689,1381,3
689,1881,3
690,1380,3
692,1268,3
694,1488,3
694,2151,3
695,2113,3
697,1247,3
699,2150,3
700,1556,3
701,848,3
701,1608,3
703,1793,3
705,883,3
706,2174,3
707,2153,3
708,1768,3
710,751,3
711,1315,3
711,1744,3
715,1555,3
715,1589,3
716,1753,3
716,1969,3
717,1010,3
717,1607,3
719,1078,3
719,1189,3
720,2095,3
720,2132,3
722,755,3
722,1939,3
723,1006,3
723,1732,3
723,1914,3
724,1388,3
724,1624,3
725,1004,3
725,1233,3
726,1068,3
727,1573,3
728,1152,3
729,1554,3
730,1624,3
731,1581,3
733,1242,3
735,1411,3
735,1956,3
735,1965,3
736,1717,3
739,1377,3
739,1616,3
743,1161,3
744,1183,3
744,1922,3
745,893,3
747,981,3
748,1021,3
751,1194,3
751,2020,3
753,1962,3
755,937,3
756,971,3
756,1173,3
756,2133,3
757,1496,3
757,1702,3
758,926,3
759,1863,3
760,1281,3
760,1913,3
761,1639,3
763,1472,3
764,1931,3
765,1298,3
766,1288,3
766,1799,3
768,844,3
768,883,3
770,1704,3
774,1351,3
774,1488,3
774,1931,3
775,1234,3
776,1623,3
778,1720,3
779,997,3
779,1521,3
782,2168,3
785,1044,3
785,1242,3
786,1734,3
789,887,3
789,1117,3
789,1310,3
789,1850,3
790,1662,3
791,1061,3
792,856,3
792,1368,3
792,2018,3
793,1920,3
796,1761,3
797,1448,3
797,1587,3
798,1079,3
798,1556,3
798,1698,3
799,1794,3
800,1059,3
800,1633,3
801,1458,3
802,1074,3
802,1848,3
804,1334,3
806,846,3
806,2049,3
806,2057,3
807,1661,3
808,1036,3
809,2015,3
811,1470,3
811,2110,3
814,1030,3
814,1979,3
814,2160,3
815,1679,3
815,1794,3
818,1516,3
822,918,3
823,1631,3
824,879,3
825,1371,3
825,1394,3
825,1463,3
825,2096,3
826,1755,3
828,2031,3
829,1550,3
831,2196,3
833,1328,3
833,1842,3
833,1984,3
834,1422,3
834,1938,3
835,1384,3
836,1026,3
837,875,3
837,1090,3
843,1382,3
845,1640,3
848,1099,3
848,1583,3
848,2184,3
850,1995,3
852,1673,3
854,1210,3
854,1280,3
858,880,3
860,2169,3
861,1155,3
861,1174,3
866,1458,3
869,2115,3
870,1051,3
870,1247,3
871,1636,3
873,1985,3
873,2186,3
874,1534,3
875,1361,3
875,1750,3
875,2049,3
875,2111,3
876,2173,3
879,1679,3
879,1846,3
882,1026,3
882,1030,3
883,887,3
885,1649,3
885,2001,3
886,1750,3
888,2012,3
891,896,3
891,1813,3
892,1370,3
893,2057,3
897,1091,3
897,1755,3
898,1130,3
898,1445,3
900,1265,3
903,1923,3
904,1089,3
905,1057,3
905,1113,3
905,1309,3
906,2113,3
907,1080,3
907,1471,3
907,2159,3
908,981,3
910,1110,3
911,1568,3
911,1647,3
912,1479,3
914,1135,3
914,1906,3
915,1250,3
916,2160,3
921,1376,3
921,2020,3
922,1110,3
922,1532,3
922,1598,3
923,1590,3
924,1089,3
925,1231,3
925,2201,3
926,1899,3
930,1206,3
931,1152,3
931,2133,3
932,1539,3
933,964,3
934,1451,3
938,1121,3
938,1821,3
944,2056,3
944,2169,3
945,1126,3
945,1912,3
945,2058,3
946,1127,3
946,1469,3
946,1610,3
947,1112,3
948,1662,3
949,2052,3
951,2177,3
952,1379,3
955,1841,3
956,1339,3
957,1682,3
957,1793,3
958,1242,3
958,1747,3
959,2113,3
962,1112,3
963,1034,3
963,1329,3
963,1929,3
966,1004,3
966,1115,3
966,1259,3
966,1742,3
968,1292,3
968,1984,3
969,1871,3
969,2080,3
970,1664,3
970,1803,3
970,1979,3
971,1181,3
971,1418,3
972,1122,3
973,1023,3
973,1604,3
973,2010,3
974,1265,3
976,1090,3
979,1065,3
980,1554,3
983,1833,3
985,1620,3
986,1548,3
986,1568,3
987,1104,3
988,1343,3
988,2204,3
989,1037,3
990,2029,3
991,1284,3
992,1767,3
993,1698,3
994,1444,3
995,1099,3
996,2043,3
998,1694,3
1002,1677,3
1003,1693,3
1003,1697,3
1008,2000,3
1010,1173,3
1010,1853,3
1011,1083,3
1012,1138,3
1012,1950,3
1016,1306,3
1016,1347,3
1021,1132,3
1021,1449,3
1022,1293,3
1023,1689,3
1027,1417,3
1027,1998,3
1029,1439,3
1030,1218,3
1031,1527,3
1032,1487,3
1034,1352,3
1034,1473,3
1034,1728,3
1036,1373,3
1036,2091,3
1037,1247,3
1040,1981,3
1045,1125,3
1045,1214,3
1045,2064,3
1047,1863,3
1048,1868,3
1049,1621,3
1053,2182,3
1055,1833,3
1056,1068,3
1056,1963,3
1057,1911,3
1057,2069,3
1061,1705,3
1062,1794,3
1062,1857,3
1063,2084,3
1064,1410,3
1064,1656,3
1067,1078,3
1067,1769,3
1069,2016,3
1070,1551,3
1071,1309,3
1072,1224,3
1072,1393,3
1073,1074,3
1074,1366,3
1076,1564,3
1077,1468,3
1078,1961,3
1078,2065,3
1079,1252,3
1081,1457,3
1082,1112,3
1082,1746,3
1082,1923,3
1087,1843,3
1088,1095,3
1088,2098,3
1089,1389,3
1089,2048,3
1092,1133,3
1092,1354,3
1093,1312,3
1093,2062,3
1095,1377,3
1095,1516,3
1096,2049,3
1097,1522,3
1098,1378,3
1099,1691,3
1101,1254,3
1101,2119,3
1105,1338,3
1109,1307,3
1109,1456,3
1110,1742,3
1112,1422,3
1114,1541,3
1117,1392,3
1118,1574,3
1119,1180,3
1119,1848,3
1120,1498,3
1126,1234,3
1127,2175,3
1128,1351,3
1131,1336,3
1132,2059,3
1134,1318,3
1140,1649,3
1142,1150,3
1142,1663,3
1143,2028,3
1147,1788,3
1148,1336,3
1148,1450,3
1149,2100,3
1150,1212,3
1152,1386,3
1154,1408,3
1156,2052,3
1157,1542,3
1164,2024,3
1167,1253,3
1167,1631,3
1174,1670,3
1175,1361,3
1175,1405,3
1176,1361,3
1177,1539,3
1180,1610,3
1183,2004,3
1184,1815,3
1185,1498,3
1185,1793,3
1186,1386,3
1188,1668,3
1192,2139,3
1194,1580,3
1196,2037,3
1196,2106,3
1198,1785,3
1198,2000,3
1199,2021,3
1199,2148,3
1205,1511,3
1206,1259,3
1206,2019,3
1207,1548,3
1208,1765,3
1210,1634,3
1213,1499,3
1213,1787,3
1214,1514,3
1216,2101,3
1220,1796,3
1221,1623,3
1221,2116,3
1222,1680,3
1227,1377,3
1229,1399,3
1230,1723,3
1230,2076,3
1233,2103,3
1234,1746,3
1235,1380,3
1236,1311,3
1238,1812,3
1241,1380,3
1242,1356,3
1243,1396,3
1244,1593,3
1245,1585,3
1246,1345,3
1247,1761,3
1249,2094,3
1250,1268,3
1254,1288,3
1254,2084,3
1255,2082,3
1256,1551,3
1260,1300,3
1261,1304,3
1263,1297,3
1263,1459,3
1263,2174,3
1265,2040,3
1266,2120,3
1267,1296,3
1270,1314,3
1270,1419,3
1270,1958,3
1271,1325,3
1279,1624,3
1281,1705,3
1282,1446,3
1282,1661,3
1283,1639,3
1283,1665,3
1285,2164,3
1287,1741,3
1287,1785,3
1288,1666,3
1292,1717,3
1296,1545,3
1297,1771,3
1298,1848,3
1300,1312,3
1301,1672,3
1306,1623,3
1307,1701,3
1311,1383,3
1315,1992,3
1320,1349,3
1320,1689,3
1322,1858,3
1324,1715,3
1327,1654,3
1328,1851,3
1328,2040,3
1332,1937,3
1338,1904,3
1341,1630,3
1341,2167,3
1344,2124,3
1347,1658,3
1349,2127,3
1350,1543,3
1350,1862,3
1351,1768,3
1351,1932,3
1351,2045,3
1352,1394,3
1352,1843,3
1357,1411,3
1358,1773,3
1358,1880,3
1364,1993,3
1366,2124,3
1369,1711,3
1369,2086,3
1377,1739,3
1378,1493,3
1378,2134,3
1379,2098,3
1380,1860,3
1380,1929,3
1381,1394,3
1381,2152,3
1382,1410,3
1382,2147,3
1388,1553,3
1388,1777,3
1396,1876,3
1397,1667,3
1398,1860,3
1400,1546,3
1401,1720,3
1402,1734,3
1403,1653,3
1408,1897,3
1409,2082,3
1409,2162,3
1412,2132,3
1413,1423,3
1414,1760,3
1417,2178,3
1419,1524,3
1419,1777,3
1419,2076,3
1420,2071,3
1420,2154,3
1421,1556,3
1422,1436,3
1425,1429,3
1427,1477,3
1428,1600,3
1429,1435,3
1431,1471,3
1432,1932,3
1432,2106,3
1433,1756,3
1435,1453,3
1435,1659,3
1436,1853,3
1440,1501,3
1440,1604,3
1440,1820,3
1441,1567,3
1444,1871,3
1446,1555,3
1450,1897,3
1458,2027,3
1459,1739,3
1460,1492,3
1463,1741,3
1463,1799,3
1466,1518,3
1470,2000,3
1471,1723,3
1478,2106,3
1479,2194,3
1484,1858,3
1485,2199,3
1489,1654,3
1490,2136,3
1496,2057,3
1498,2039,3
1504,1535,3
1505,1963,3
1506,1593,3
1507,1954,3
1508,1538,3
1509,1755,3
1511,1553,3
1511,1861,3
1511,2004,3
1515,2014,3
1517,2039,3
1517,2068,3
1519,2014,3
1523,1620,3
1524,1949,3
1525,1718,3
1527,1542,3
1528,1625,3
1529,1583,3
1534,2066,3
1535,2147,3
1536,1550,3
1541,2196,3
1542,1876,3
1544,1979,3
1548,2068,3
1550,1705,3
1550,2106,3
1551,1949,3
1553,1729,3
1553,1929,3
1554,1707,3
1554,1733,3
1554,2173,3
1555,1560,3
1555,1602,3
1557,1817,3
1562,1997,3
1566,1981,3
1566,2010,3
1571,1918,3
1571,1922,3
1572,1772,3
1573,1816,3
1575,1704,3
1576,1610,3
1577,2107,3
1579,1792,3
1583,2014,3
1585,1901,3
1590,1836,3
1597,1709,3
1597,1987,3
1597,2109,3
1599,1990,3
1600,1965,3
1601,2111,3
1602,1779,3
1602,2013,3
1606,2091,3
1607,1826,3
1607,1857,3
1610,1734,3
1612,1905,3
1619,1831,3
1622,2130,3
1624,1632,3
1632,1666,3
1632,1722,3
1632,1866,3
1632,2015,3
1636,1772,3
1639,1672,3
1639,2071,3
1651,2067,3
1657,1901,3
1657,1907,3
1657,2083,3
1659,1702,3
1665,1861,3
1666,2137,3
1674,1765,3
1679,1685,3
1679,1793,3
1680,1784,3
1681,1683,3
1682,1875,3
1684,2154,3
1689,2138,3
1690,1783,3
1696,1903,3
1700,2024,3
1703,2118,3
1705,2099,3
1706,1879,3
1706,2165,3
1707,1954,3
1708,2098,3
1714,1826,3
1721,2108,3
1723,1956,3
1725,1726,3
1727,1822,3
1731,2044,3
1737,2007,3
1740,2034,3
1745,2074,3
1751,2141,3
1755,1835,3
1759,2061,3
1763,1838,3
1763,2149,3
1775,1954,3
1776,1842,3
1778,1891,3
1780,1874,3
1786,2187,3
1791,1932,3
1804,2085,3
1808,2043,3
1812,1994,3
1812,2112,3
1818,2127,3
1823,2153,3
1826,1922,3
1828,1886,3
1829,1934,3
1830,1978,3
1830,2132,3
1831,1885,3
1833,1876,3
1834,1908,3
1837,2076,3
1842,2204,3
1855,2179,3
1870,2000,3
1884,2048,3
1885,2133,3
1889,2152,3
1908,2196,3
1915,2121,3
1917,1952,3
1925,1942,3
1928,1940,3
1930,1990,3
1939,2090,3
1944,2092,3
1962,2146,3
1978,2044,3
1987,2055,3
1988,2093,3
1989,2077,3
1991,2007,3
1991,2070,3
2006,2188,3
2012,2100,3
2027,2121,3
2033,2137,3
2035,2037,3
2040,2064,3
2041,2081,3
2056,2148,3
2058,2186,3
2060,2141,3
2062,2145,3
2071,2169,3
2074,2099,3
2094,2159,3
2110,2172,3
