0,0,1
0,7,1
0,10,1
0,25,1
0,27,1
0,28,1
0,43,1
0,91,1
100,0,0
111,0,0
0,152,1
0,175,1
0,176,1
0,177,1
0,178,1
0,179,1
180,0,0
0,181,1
182,0,0
0,183,1
0,184,1
0,185,1
0,186,1
0,187,1
0,188,1
0,189,1
0,190,1
0,191,1
0,192,1
0,193,1
194,0,0
195,0,0
0,196,1
0,197,1
0,198,1
0,199,1
0,200,1
0,201,1
202,0,0
0,203,1
0,204,1
0,205,1
206,0,0
0,207,1
0,208,1
209,0,0
0,210,1
211,0,0
0,212,1
0,213,1
0,214,1
0,215,1
0,216,1
0,217,1
0,218,1
219,0,0
220,0,0
0,221,1
0,222,1
0,223,1
224,0,0
225,0,0
0,226,1
227,0,0
228,0,0
229,0,0
230,0,0
0,231,1
0,232,1
233,0,0
0,234,1
235,0,0
0,236,1
0,237,1
0,238,1
0,239,1
0,240,1
0,241,1
242,0,0
0,243,1
244,0,0
0,245,1
0,246,1
0,247,1
248,0,0
249,0,0
0,250,1
0,251,1
0,252,1
0,253,1
254,0,0
0,255,1
256,0,0
257,0,0
0,258,1
259,0,0
0,260,1
0,261,1
0,262,1
0,263,1
0,264,1
0,265,1
266,0,0
0,267,1
0,268,1
0,269,1
0,270,1
0,271,1
0,272,1
0,273,1
0,274,1
275,0,0
0,276,1
0,277,1
0,278,1
0,279,1
0,280,1
0,281,1
282,0,0
0,283,1
284,0,0
0,285,1
0,286,1
0,287,1
0,288,1
0,289,1
290,0,0
0,291,1
292,0,0
0,293,1
0,294,1
0,295,1
0,296,1
0,297,1
0,298,1
0,299,1
300,0,0
0,301,1
0,302,1
0,303,1
0,304,1
0,305,1
0,306,1
307,0,0
0,308,1
309,0,0
310,0,0
0,311,1
0,312,1
0,313,1
0,314,1
0,315,1
316,0,0
317,0,0
318,0,0
319,0,0
0,320,1
321,0,0
0,322,1
0,323,1
0,324,1
325,0,0
0,326,1
327,0,0
0,328,1
0,329,1
0,330,1
331,0,0
0,332,1
0,333,1
334,0,0
335,0,0
0,336,1
337,0,0
0,338,1
0,339,1
340,0,0
341,0,0
0,342,1
0,343,1
0,344,1
0,345,1
346,0,0
0,347,1
0,348,1
0,349,1
350,0,0
351,0,0
352,0,0
353,0,0
0,354,1
355,0,0
0,356,1
357,0,0
0,358,1
359,0,0
360,0,0
0,361,1
0,362,1
363,0,0
364,0,0
365,0,0
366,0,0
0,367,1
0,368,1
0,369,1
0,370,1
371,0,0
0,372,1
0,373,1
0,374,1
0,375,1
376,0,0
0,377,1
0,378,1
0,379,1
0,380,1
0,381,1
0,382,1
0,383,1
0,384,1
0,385,1
0,386,1
387,0,0
0,388,1
389,0,0
0,390,1
391,0,0
0,392,1
1,25,1
1,100,1
199,1,0
1,235,1
1,278,1
279,1,0
393,1,0
1,394,1
1,395,1
1,396,1
397,1,0
1,398,1
399,1,0
400,1,0
1,401,1
1,402,1
1,403,1
1,404,1
1,405,1
406,1,0
1,407,1
1,408,1
1,409,1
1,410,1
411,1,0
1,412,1
1,413,1
414,1,0
1,415,1
416,1,0
1,417,1
418,1,0
419,1,0
420,1,0
1,421,1
1,422,1
1,423,1
1,424,1
1,425,1
1,426,1
427,1,0
2,2,1
428,2,0
2,429,1
2,430,1
431,2,0
2,432,1
433,2,0
434,2,0
2,435,1
2,436,1
2,437,1
2,438,1
2,646,0
2,2045,0
3,43,1
3,198,1
3,244,1
245,3,0
254,3,0
3,395,1
439,3,0
3,440,1
3,441,1
3,442,1
3,443,1
3,444,1
3,445,1
4,4,1
4,25,1
4,100,1
4,106,1
4,121,1
4,272,1
4,414,1
4,429,1
4,446,1
4,447,1
4,448,1
4,449,1
450,4,0
451,4,0
452,4,0
453,4,0
4,454,1
4,455,1
4,456,1
4,457,1
4,458,1
459,4,0
4,460,1
4,461,1
4,462,1
463,4,0
464,4,0
465,4,0
4,466,1
467,4,0
468,4,0
469,4,0
4,470,1
471,4,0
472,4,0
4,473,1
474,4,0
4,475,1
4,476,1
4,477,1
4,478,1
4,479,1
4,480,1
4,481,1
4,482,1
483,4,0
484,4,0
4,485,1
486,4,0
4,487,1
4,488,1
4,489,1
4,490,1
4,491,1
4,492,1
493,4,0
5,33,1
5,191,1
5,192,1
193,5,0
5,194,1
5,195,1
196,5,0
5,197,1
5,494,1
495,5,0
5,496,1
5,497,1
498,5,0
5,499,1
5,500,1
501,5,0
502,5,0
5,503,1
504,5,0
5,505,1
506,5,0
507,5,0
5,508,1
509,5,0
510,5,0
5,511,1
512,5,0
5,513,1
514,5,0
5,515,1
5,516,1
517,5,0
518,5,0
519,5,0
5,520,1
5,521,1
5,522,1
5,523,1
5,524,1
5,525,1
526,5,0
527,5,0
528,5,0
529,5,0
5,530,1
5,531,1
5,751,0
5,1570,0
6,6,1
6,8,1
6,9,1
6,11,1
6,17,1
21,6,0
6,22,1
29,6,0
6,61,1
6,103,1
6,104,1
108,6,0
6,112,1
6,158,1
6,164,1
6,175,1
177,6,0
6,186,1
6,189,1
6,196,1
6,201,1
205,6,0
6,206,1
6,207,1
208,6,0
6,225,1
6,236,1
6,238,1
240,6,0
6,242,1
6,243,1
6,249,1
6,255,1
6,256,1
275,6,0
276,6,0
277,6,0
6,281,1
282,6,0
283,6,0
6,287,1
6,289,1
290,6,0
291,6,0
6,293,1
6,294,1
6,295,1
6,297,1
346,6,0
6,383,1
6,393,1
6,397,1
401,6,0
6,405,1
6,407,1
6,409,1
6,441,1
6,464,1
6,504,1
511,6,0
6,512,1
6,513,1
6,517,1
519,6,0
6,521,1
6,524,1
6,525,1
6,526,1
6,528,1
6,529,1
6,532,1
533,6,0
6,534,1
535,6,0
536,6,0
6,537,1
6,538,1
6,539,1
6,540,1
6,541,1
6,542,1
543,6,0
544,6,0
6,545,1
6,546,1
6,547,1
6,548,1
549,6,0
6,550,1
551,6,0
6,552,1
553,6,0
6,554,1
6,555,1
6,556,1
6,557,1
6,558,1
559,6,0
6,560,1
561,6,0
6,562,1
6,563,1
564,6,0
565,6,0
566,6,0
6,567,1
6,568,1
6,569,1
6,570,1
571,6,0
6,572,1
6,573,1
6,574,1
6,575,1
576,6,0
6,577,1
6,578,1
579,6,0
6,580,1
581,6,0
582,6,0
6,583,1
584,6,0
6,585,1
586,6,0
6,587,1
6,588,1
589,6,0
590,6,0
591,6,0
6,592,1
593,6,0
6,594,1
595,6,0
6,596,1
6,597,1
6,598,1
6,599,1
6,600,1
6,601,1
602,6,0
6,603,1
6,604,1
6,605,1
6,606,1
6,607,1
6,608,1
609,6,0
6,610,1
6,611,1
6,612,1
613,6,0
6,614,1
615,6,0
6,616,1
617,6,0
618,6,0
6,619,1
6,620,1
6,621,1
6,622,1
6,623,1
6,624,1
6,625,1
626,6,0
6,627,1
6,628,1
6,629,1
6,630,1
631,6,0
632,6,0
633,6,0
6,634,1
6,635,1
6,636,1
6,637,1
6,638,1
6,639,1
6,640,1
6,641,1
6,642,1
6,643,1
6,644,1
6,645,1
6,646,1
647,6,0
6,648,1
6,649,1
6,650,1
651,6,0
6,652,1
6,653,1
6,654,1
6,655,1
6,656,1
6,657,1
6,658,1
659,6,0
6,660,1
661,6,0
662,6,0
6,663,1
664,6,0
665,6,0
666,6,0
6,667,1
668,6,0
669,6,0
670,6,0
671,6,0
6,672,1
6,673,1
6,674,1
6,675,1
6,676,1
677,6,0
6,678,1
6,679,1
680,6,0
681,6,0
682,6,0
6,683,1
6,684,1
685,6,0
686,6,0
687,6,0
6,688,1
6,689,1
6,690,1
6,691,1
6,692,1
693,6,0
6,694,1
6,695,1
6,696,1
6,697,1
698,6,0
6,699,1
6,700,1
6,701,1
6,702,1
6,703,1
704,6,0
6,705,1
6,706,1
707,6,0
6,708,1
709,6,0
6,710,1
6,711,1
712,6,0
6,713,1
6,714,1
715,6,0
716,6,0
6,717,1
6,718,1
719,6,0
6,720,1
6,721,1
6,722,1
6,723,1
6,724,1
6,725,1
726,6,0
6,727,1
728,6,0
6,729,1
6,730,1
6,731,1
6,2182,0
7,12,1
21,7,0
7,25,1
7,28,1
7,30,1
7,44,1
51,7,0
7,52,1
54,7,0
55,7,0
7,56,1
60,7,0
7,61,1
66,7,0
67,7,0
7,68,1
7,69,1
7,77,1
7,79,1
7,80,1
7,84,1
7,95,1
7,96,1
7,97,1
7,100,1
102,7,0
7,106,1
107,7,0
7,111,1
7,112,1
7,114,1
7,116,1
120,7,0
127,7,0
145,7,0
7,152,1
7,153,1
155,7,0
7,167,1
7,169,1
177,7,0
180,7,0
7,181,1
7,182,1
7,185,1
7,186,1
7,188,1
7,190,1
191,7,0
7,192,1
194,7,0
7,202,1
205,7,0
7,206,1
7,208,1
7,212,1
213,7,0
7,215,1
225,7,0
7,226,1
7,227,1
230,7,0
7,231,1
7,232,1
233,7,0
7,241,1
242,7,0
7,243,1
7,245,1
7,246,1
7,250,1
7,251,1
255,7,0
7,256,1
7,257,1
7,263,1
7,264,1
7,265,1
7,266,1
7,269,1
7,278,1
279,7,0
7,301,1
7,302,1
303,7,0
7,305,1
340,7,0
384,7,0
7,386,1
391,7,0
396,7,0
407,7,0
7,408,1
421,7,0
458,7,0
7,460,1
7,474,1
475,7,0
7,480,1
481,7,0
489,7,0
7,494,1
7,495,1
530,7,0
7,532,1
535,7,0
536,7,0
7,538,1
561,7,0
598,7,0
7,599,1
7,607,1
7,608,1
611,7,0
612,7,0
614,7,0
617,7,0
7,622,1
7,624,1
631,7,0
7,633,1
7,637,1
638,7,0
7,640,1
7,641,1
643,7,0
7,645,1
665,7,0
670,7,0
675,7,0
7,677,1
7,678,1
679,7,0
7,680,1
708,7,0
7,712,1
7,714,1
7,715,1
7,716,1
7,724,1
7,725,1
7,732,1
733,7,0
7,734,1
7,735,1
7,736,1
737,7,0
7,738,1
7,739,1
7,740,1
7,741,1
7,742,1
7,743,1
7,744,1
7,745,1
7,746,1
7,747,1
748,7,0
749,7,0
750,7,0
7,751,1
7,752,1
753,7,0
754,7,0
7,755,1
7,756,1
757,7,0
7,758,1
7,759,1
760,7,0
761,7,0
7,762,1
7,763,1
7,764,1
7,765,1
7,766,1
767,7,0
768,7,0
7,769,1
7,770,1
771,7,0
7,772,1
7,773,1
7,774,1
7,775,1
7,776,1
7,777,1
7,778,1
7,779,1
780,7,0
7,781,1
7,782,1
7,783,1
784,7,0
7,785,1
7,786,1
787,7,0
7,788,1
789,7,0
7,790,1
7,791,1
7,792,1
793,7,0
794,7,0
7,795,1
7,796,1
7,797,1
7,798,1
7,799,1
7,800,1
801,7,0
802,7,0
7,803,1
7,804,1
7,805,1
806,7,0
7,807,1
7,808,1
7,809,1
7,810,1
7,811,1
7,812,1
7,813,1
814,7,0
7,815,1
7,816,1
817,7,0
818,7,0
7,819,1
820,7,0
7,821,1
7,822,1
7,823,1
824,7,0
825,7,0
7,826,1
7,827,1
7,828,1
7,829,1
7,830,1
7,831,1
832,7,0
7,833,1
7,834,1
7,835,1
7,836,1
837,7,0
838,7,0
839,7,0
7,840,1
841,7,0
7,842,1
7,843,1
7,844,1
7,845,1
846,7,0
7,847,1
848,7,0
7,849,1
850,7,0
7,851,1
852,7,0
853,7,0
7,854,1
7,855,1
7,856,1
857,7,0
858,7,0
7,859,1
860,7,0
861,7,0
7,862,1
7,863,1
7,864,1
7,865,1
7,866,1
867,7,0
868,7,0
869,7,0
7,870,1
7,871,1
7,872,1
7,873,1
7,874,1
875,7,0
7,876,1
7,877,1
878,7,0
7,879,1
7,880,1
7,881,1
7,882,1
883,7,0
884,7,0
7,885,1
7,886,1
7,887,1
7,888,1
7,889,1
7,891,1
892,7,0
893,7,0
7,894,1
7,895,1
7,896,1
7,897,1
898,7,0
7,899,1
900,7,0
901,7,0
7,902,1
7,903,1
7,904,1
905,7,0
7,906,1
7,907,1
7,908,1
7,910,1
911,7,0
912,7,0
913,7,0
7,914,1
7,915,1
916,7,0
926,7,0
927,7,0
7,928,1
929,7,0
930,7,0
931,7,0
7,932,1
7,933,1
7,934,1
7,935,1
7,936,1
7,937,1
938,7,0
939,7,0
940,7,0
941,7,0
942,7,0
7,943,1
944,7,0
7,945,1
946,7,0
947,7,0
7,948,1
7,949,1
7,950,1
951,7,0
7,952,1
7,953,1
954,7,0
7,955,1
7,956,1
7,957,1
958,7,0
959,7,0
7,960,1
7,961,1
7,962,1
963,7,0
7,964,1
965,7,0
966,7,0
967,7,0
7,968,1
969,7,0
7,970,1
971,7,0
7,972,1
7,973,1
7,974,1
7,975,1
7,976,1
977,7,0
7,978,1
7,979,1
7,980,1
7,981,1
7,982,1
983,7,0
7,984,1
7,985,1
7,986,1
987,7,0
7,988,1
7,989,1
7,990,1
7,991,1
992,7,0
7,993,1
994,7,0
995,7,0
7,996,1
997,7,0
998,7,0
7,999,1
7,1000,1
1001,7,0
1002,7,0
7,1003,1
7,1004,1
7,1005,1
1006,7,0
7,1007,1
1008,7,0
7,1009,1
7,1010,1
1011,7,0
7,1012,1
7,1013,1
1014,7,0
1015,7,0
7,1016,1
7,1017,1
1018,7,0
7,1019,1
7,1020,1
7,1021,1
1022,7,0
1023,7,0
7,1024,1
7,1025,1
1026,7,0
7,1027,1
7,1028,1
1029,7,0
7,1030,1
7,1031,1
7,1032,1
8,8,1
8,1033,1
8,1034,1
9,9,1
9,20,1
9,28,1
9,36,1
9,41,1
9,43,1
9,48,1
9,52,1
9,82,1
9,88,1
9,92,1
9,97,1
98,9,0
9,99,1
9,104,1
105,9,0
110,9,0
117,9,0
118,9,0
9,119,1
122,9,0
9,149,1
153,9,0
161,9,0
9,163,1
177,9,0
9,180,1
9,239,1
9,246,1
9,266,1
9,284,1
391,9,0
9,428,1
9,440,1
9,441,1
444,9,0
9,445,1
9,447,1
468,9,0
472,9,0
9,504,1
9,505,1
9,507,1
515,9,0
9,521,1
522,9,0
523,9,0
544,9,0
9,546,1
9,548,1
9,570,1
9,573,1
9,579,1
628,9,0
631,9,0
633,9,0
687,9,0
9,719,1
729,9,0
9,730,1
734,9,0
738,9,0
9,743,1
9,744,1
9,758,1
9,788,1
9,808,1
9,819,1
834,9,0
9,852,1
863,9,0
885,9,0
9,889,1
9,896,1
9,905,1
9,910,1
953,9,0
9,1019,1
1023,9,0
1035,9,0
1036,9,0
9,1037,1
9,1038,1
9,1039,1
1040,9,0
9,1041,1
9,1042,1
1043,9,0
1044,9,0
9,1045,1
9,1046,1
9,1047,1
9,1048,1
9,1049,1
9,1050,1
1051,9,0
1052,9,0
1053,9,0
9,1054,1
1055,9,0
1056,9,0
1057,9,0
9,1058,1
1059,9,0
9,1060,1
9,1061,1
9,1062,1
1063,9,0
9,1064,1
9,1065,1
9,1066,1
9,1067,1
1068,9,0
9,1069,1
9,1070,1
9,1071,1
9,1072,1
1073,9,0
1074,9,0
9,1075,1
1076,9,0
9,1077,1
9,1078,1
9,1079,1
1080,9,0
9,1081,1
1082,9,0
9,1083,1
9,1084,1
1085,9,0
1086,9,0
1087,9,0
1088,9,0
1089,9,0
1090,9,0
1091,9,0
9,1092,1
1093,9,0
1094,9,0
9,1095,1
1096,9,0
1097,9,0
9,1098,1
9,1099,1
1100,9,0
9,1101,1
9,1102,1
9,1103,1
9,1104,1
1105,9,0
1106,9,0
1107,9,0
9,1108,1
9,1109,1
1110,9,0
9,1111,1
1112,9,0
9,1113,1
1114,9,0
9,1115,1
1116,9,0
9,1117,1
9,1118,1
9,1119,1
9,1120,1
9,1121,1
1122,9,0
9,1123,1
1124,9,0
1125,9,0
9,1126,1
9,1127,1
9,1128,1
9,1129,1
9,1130,1
9,1131,1
9,1132,1
9,1133,1
1134,9,0
9,1135,1
9,1136,1
9,1137,1
9,1138,1
1139,9,0
9,1140,1
9,1141,1
9,1142,1
9,1143,1
1144,9,0
1145,9,0
9,1146,1
9,1147,1
1148,9,0
1149,9,0
9,1150,1
1151,9,0
9,1152,1
9,1153,1
9,1154,1
9,1155,1
9,1156,1
9,1157,1
9,1158,1
9,1159,1
9,1160,1
1161,9,0
1162,9,0
1163,9,0
9,1164,1
9,1165,1
1166,9,0
1167,9,0
9,1168,1
1169,9,0
1170,9,0
9,1171,1
1172,9,0
1173,9,0
9,1174,1
1175,9,0
9,1176,1
9,1177,1
9,1178,1
1179,9,0
9,1180,1
9,1181,1
9,1182,1
9,1183,1
9,1184,1
9,1185,1
9,1186,1
1187,9,0
9,1188,1
9,1189,1
1190,9,0
1191,9,0
9,1192,1
1193,9,0
9,1194,1
9,1195,1
9,1196,1
9,1197,1
1198,9,0
9,1199,1
1200,9,0
1201,9,0
9,1202,1
9,1203,1
1204,9,0
9,1205,1
9,1206,1
1207,9,0
9,1208,1
9,1209,1
1210,9,0
9,1211,1
1212,9,0
9,1213,1
9,1214,1
9,1215,1
9,1216,1
9,1217,1
9,1218,1
9,1219,1
1220,9,0
1221,9,0
9,1222,1
1223,9,0
1224,9,0
9,1225,1
9,1226,1
9,1227,1
1228,9,0
9,1229,1
9,1230,1
1231,9,0
9,1232,1
9,1233,1
9,1234,1
9,1235,1
1236,9,0
9,1237,1
9,1238,1
1239,9,0
9,1240,1
1241,9,0
9,1242,1
1243,9,0
1244,9,0
9,1245,1
9,1246,1
9,1247,1
1248,9,0
9,1249,1
9,1250,1
9,1251,1
9,1252,1
9,1253,1
9,1254,1
9,1255,1
9,1256,1
9,1257,1
1258,9,0
1259,9,0
9,1260,1
9,1261,1
9,1262,1
9,1263,1
9,1264,1
9,1265,1
9,1266,1
9,1267,1
9,1268,1
9,1269,1
1270,9,0
1271,9,0
1272,9,0
1273,9,0
9,1274,1
9,1275,1
9,1276,1
1277,9,0
1278,9,0
9,1279,1
1280,9,0
1281,9,0
1282,9,0
1283,9,0
9,1284,1
1285,9,0
1286,9,0
9,1287,1
1288,9,0
9,1289,1
9,1290,1
9,1291,1
9,1292,1
9,1293,1
1294,9,0
9,1295,1
1296,9,0
1297,9,0
9,1298,1
1299,9,0
1300,9,0
1301,9,0
1302,9,0
9,1303,1
1304,9,0
9,1305,1
9,1306,1
9,1307,1
1308,9,0
9,1309,1
9,1310,1
1311,9,0
9,1312,1
9,1313,1
9,1314,1
9,1315,1
1316,9,0
1317,9,0
9,1318,1
9,1319,1
1320,9,0
9,1321,1
1322,9,0
9,1323,1
1324,9,0
9,1325,1
9,1326,1
9,1327,1
9,1328,1
9,1329,1
9,1330,1
9,1331,1
1332,9,0
1333,9,0
9,1334,1
9,1335,1
9,1336,1
9,1337,1
1338,9,0
9,1339,1
9,1340,1
1341,9,0
9,1342,1
9,1343,1
9,1344,1
9,1345,1
1346,9,0
9,1347,1
1348,9,0
1349,9,0
9,1350,1
1351,9,0
9,1352,1
1353,9,0
9,1354,1
9,1355,1
9,1356,1
9,1357,1
1358,9,0
9,1359,1
9,1360,1
9,1361,1
9,1362,1
9,1363,1
9,1364,1
1365,9,0
9,1366,1
9,1367,1
9,1368,1
9,1369,1
9,1370,1
9,1371,1
1372,9,0
9,1373,1
9,1374,1
9,1375,1
9,1376,1
1377,9,0
9,1378,1
9,1379,1
9,1380,1
9,1381,1
1382,9,0
1383,9,0
1384,9,0
9,1385,1
9,1386,1
9,1387,1
9,1416,0
10,8,1
15,10,0
19,10,0
10,20,1
10,28,1
29,10,0
62,10,0
10,65,1
87,10,0
10,96,1
10,97,1
10,98,1
10,112,1
10,115,1
129,10,0
10,134,1
10,143,1
10,148,1
180,10,0
181,10,0
10,190,1
227,10,0
10,228,1
10,241,1
242,10,0
10,243,1
10,244,1
10,304,1
10,307,1
10,319,1
10,322,1
10,327,1
10,346,1
350,10,0
10,352,1
353,10,0
10,355,1
10,356,1
10,357,1
10,359,1
10,362,1
10,363,1
364,10,0
10,366,1
10,367,1
10,368,1
10,374,1
10,383,1
10,420,1
452,10,0
10,479,1
10,480,1
10,546,1
10,547,1
10,549,1
10,551,1
553,10,0
10,615,1
10,616,1
10,635,1
10,636,1
10,637,1
10,638,1
639,10,0
665,10,0
671,10,0
780,10,0
10,781,1
790,10,0
10,791,1
10,812,1
10,813,1
814,10,0
10,859,1
860,10,0
10,861,1
888,10,0
915,10,0
10,916,1
1034,10,0
10,1082,1
1115,10,0
1181,10,0
10,1306,1
10,1388,1
10,1389,1
10,1390,1
10,1391,1
10,1392,1
1393,10,0
10,1394,1
10,1395,1
10,1396,1
10,1397,1
10,1398,1
10,1399,1
10,1400,1
10,1401,1
10,1402,1
10,1403,1
1404,10,0
1405,10,0
10,1406,1
10,1407,1
10,1408,1
10,1409,1
10,1410,1
10,1411,1
10,1412,1
10,1413,1
10,1414,1
1415,10,0
1416,10,0
10,1417,1
1418,10,0
10,1419,1
10,1420,1
10,1421,1
10,1422,1
1423,10,0
1424,10,0
1425,10,0
1426,10,0
1427,10,0
10,1428,1
1429,10,0
10,1430,1
10,1431,1
10,1432,1
1433,10,0
10,1434,1
1435,10,0
10,1436,1
1437,10,0
10,1438,1
10,1439,1
1440,10,0
10,1441,1
1442,10,0
10,1443,1
10,1776,0
1,11,0
11,25,1
100,11,0
11,156,1
11,272,1
395,11,0
11,397,1
11,398,1
11,399,1
11,404,1
11,405,1
11,406,1
407,11,0
11,419,1
11,422,1
575,11,0
11,1271,1
11,1444,1
11,1445,1
11,1446,1
1447,11,0
11,1448,1
11,1449,1
11,1450,1
11,1451,1
1452,11,0
12,82,1
12,156,1
406,12,0
12,419,1
422,12,0
12,425,1
570,12,0
12,575,1
12,682,1
12,875,1
12,940,1
952,12,0
12,1053,1
12,1055,1
1069,12,0
12,1241,1
1304,12,0
1385,12,0
12,1453,1
1454,12,0
12,1455,1
12,1456,1
12,1457,1
12,1458,1
1459,12,0
1460,12,0
1461,12,0
12,1462,1
12,1463,1
12,1464,1
12,1465,1
12,1466,1
12,1467,1
1468,12,0
12,1469,1
12,1470,1
3,13,0
13,13,1
13,28,1
13,46,1
13,457,1
13,573,1
574,13,0
13,577,1
579,13,0
13,867,1
868,13,0
13,870,1
13,871,1
1014,13,0
1036,13,0
13,1093,1
13,1315,1
1429,13,0
13,1471,1
13,1472,1
1473,13,0
13,1474,1
1475,13,0
1476,13,0
13,1477,1
13,1478,1
13,1479,1
1480,13,0
13,1481,1
13,1482,1
13,1483,1
1484,13,0
13,1485,1
13,1486,1
13,1487,1
13,1488,1
1489,13,0
1490,13,0
13,1491,1
1492,13,0
13,1493,1
13,1494,1
13,1495,1
13,1496,1
1497,13,0
13,1498,1
109,14,0
14,159,0
14,661,1
685,14,0
14,686,1
687,14,0
14,1044,1
14,1230,1
1389,14,0
14,1392,1
1393,14,0
1499,14,0
14,1500,1
1501,14,0
14,1502,1
1503,14,0
14,1504,1
14,1505,1
1506,14,0
1507,14,0
1508,14,0
1509,14,0
14,1510,1
1511,14,0
1512,14,0
28,15,0
65,15,0
15,270,1
15,383,1
15,386,1
15,488,1
15,1407,1
15,1417,1
1419,15,0
15,1420,1
1513,15,0
15,1514,1
15,1515,1
1516,15,0
1517,15,0
15,1518,1
15,1894,0
16,16,1
16,98,1
16,780,1
16,781,1
16,1398,1
17,17,1
27,17,0
28,17,0
38,17,0
50,17,0
17,52,1
17,70,0
17,90,1
17,111,1
17,113,1
17,116,0
133,17,0
17,145,1
186,17,0
17,188,1
189,17,0
17,199,1
201,17,0
17,205,1
17,207,1
17,218,1
219,17,0
220,17,0
221,17,0
17,222,1
17,249,1
17,251,1
17,266,1
17,275,1
287,17,0
288,17,0
17,292,1
293,17,0
17,294,1
17,296,1
383,17,0
17,393,1
17,396,1
17,397,1
407,17,0
17,411,1
420,17,0
506,17,0
17,507,1
17,536,1
17,544,1
546,17,0
17,548,1
564,17,0
576,17,0
17,583,1
17,584,1
586,17,0
17,589,1
17,591,1
592,17,0
17,595,1
17,596,1
17,597,1
17,598,1
600,17,0
17,601,1
602,17,0
17,603,1
604,17,0
17,611,1
17,617,1
17,622,1
17,627,1
17,628,1
17,629,1
17,635,1
636,17,0
637,17,0
638,17,0
17,639,1
662,17,0
676,17,0
17,677,1
680,17,0
17,689,1
17,690,1
17,733,1
17,734,1
17,798,1
17,799,1
803,17,0
17,820,1
17,837,1
17,841,1
17,886,1
17,890,1
900,17,0
17,909,1
17,931,1
17,932,1
17,946,1
954,17,0
969,17,0
17,970,1
17,1058,1
1076,17,0
1140,17,0
17,1144,1
1174,17,0
1186,17,0
17,1454,1
1519,17,0
1520,17,0
17,1521,1
17,1522,1
17,1523,1
17,1524,1
17,1525,1
17,1526,1
17,1527,1
17,1528,1
1529,17,0
17,1530,1
17,1531,1
17,1532,1
1533,17,0
17,1534,1
17,1535,1
1536,17,0
17,1537,1
1538,17,0
17,1539,1
17,1540,1
17,1541,1
17,1542,1
1543,17,0
1544,17,0
1545,17,0
17,1546,1
17,1547,1
17,1548,1
1549,17,0
17,1550,1
1551,17,0
17,1552,1
17,1553,1
17,1554,1
17,1555,1
1556,17,0
17,1557,1
1558,17,0
1559,17,0
1560,17,0
17,1561,1
17,1562,1
17,1563,1
17,1564,1
17,1565,1
17,1566,1
17,1567,1
17,1568,1
17,1569,1
1570,18,0
18,1571,1
1406,19,0
19,2050,0
20,2,1
20,11,1
20,14,1
20,20,1
60,20,0
20,63,1
20,64,1
20,98,1
20,108,1
20,109,1
130,20,0
134,20,0
138,20,0
141,20,0
20,165,1
172,20,0
20,174,1
20,175,1
177,20,0
20,204,1
20,224,1
20,258,1
273,20,0
20,274,1
20,287,1
20,306,1
308,20,0
20,319,1
321,20,0
327,20,0
20,328,1
20,347,1
20,348,1
350,20,0
20,351,1
353,20,0
20,354,1
356,20,0
20,357,1
20,359,1
360,20,0
361,20,0
20,363,1
365,20,0
366,20,0
20,367,1
385,20,0
20,417,1
420,20,0
20,421,1
422,20,0
20,423,1
20,424,1
20,429,1
20,437,1
444,20,0
20,445,1
20,456,1
505,20,0
506,20,0
20,509,1
20,530,1
20,538,1
20,555,1
20,556,1
20,559,1
20,560,1
20,561,1
20,628,1
20,631,1
633,20,0
20,645,1
20,656,1
20,749,1
20,788,1
20,820,1
20,827,1
837,20,0
852,20,0
20,888,1
20,889,1
20,891,1
20,914,1
20,997,1
20,999,1
20,1033,1
20,1040,1
20,1060,1
1064,20,0
20,1065,1
1066,20,0
20,1067,1
20,1070,1
20,1073,1
1077,20,0
1078,20,0
1088,20,0
20,1109,1
20,1125,1
20,1134,1
20,1144,1
20,1186,1
1197,20,0
1227,20,0
20,1231,1
20,1238,1
20,1255,1
20,1290,1
20,1299,1
20,1366,1
1378,20,0
20,1398,1
20,1399,1
20,1400,1
20,1403,1
1416,20,0
20,1417,1
20,1424,1
1443,20,0
20,1485,1
20,1516,1
20,1520,1
1537,20,0
1538,20,0
1552,20,0
20,1572,1
20,1573,1
20,1574,1
20,1575,1
1576,20,0
1577,20,0
20,1578,1
20,1579,1
1580,20,0
20,1581,1
20,1582,1
20,1583,1
20,1584,1
20,1585,1
20,1586,1
20,1587,1
20,1588,1
20,1589,1
1590,20,0
20,1591,1
20,1592,1
20,1593,1
20,1594,1
20,1595,1
20,1596,1
1597,20,0
1598,20,0
1599,20,0
20,1600,1
1601,20,0
1602,20,0
20,1603,1
20,1604,1
20,1605,1
20,1606,1
1607,20,0
1608,20,0
1609,20,0
20,1610,1
1611,20,0
1612,20,0
1613,20,0
20,1614,1
1615,20,0
20,1616,1
20,1617,1
20,1618,1
1619,20,0
20,1620,1
20,1621,1
20,1622,1
1623,20,0
1624,20,0
20,1625,1
20,1626,1
20,1627,1
1628,20,0
20,1629,1
1630,20,0
20,1631,1
1632,20,0
20,1633,1
20,1634,1
1635,20,0
20,1636,1
1637,20,0
20,1638,1
20,1639,1
20,1640,1
20,1641,1
20,1642,1
20,1643,1
20,1644,1
20,1645,1
1646,20,0
20,1647,1
20,1648,1
1649,20,0
1650,20,0
1651,20,0
20,1652,1
20,1653,1
20,1654,1
20,1655,1
20,1656,1
20,1657,1
1658,20,0
20,1659,1
20,1660,1
1661,20,0
20,1662,1
20,1663,1
1664,20,0
1665,20,0
20,1666,1
20,1667,1
1668,20,0
20,1669,1
20,1670,1
20,1671,1
20,1672,1
1673,20,0
20,1674,1
1675,20,0
1676,20,0
20,1677,1
20,1678,1
1679,20,0
20,1680,1
20,1681,1
20,1682,1
20,1683,1
20,1684,1
20,1685,1
20,1686,1
1687,20,0
20,1688,1
20,1689,1
1690,20,0
1691,20,0
1692,20,0
20,1693,1
20,1694,1
1695,20,0
20,1696,1
1697,20,0
20,1698,1
1699,20,0
21,612,1
21,708,1
21,709,1
21,710,1
21,711,1
21,712,1
21,713,1
714,21,0
715,21,0
21,716,1
21,1470,0
21,2149,0
22,21,1
22,22,1
496,22,0
22,497,1
22,498,1
22,503,1
22,552,1
566,22,0
22,568,1
710,22,0
22,711,1
716,22,0
22,1700,1
1701,22,0
22,1702,1
22,1777,0
23,23,1
23,257,0
23,992,0
23,1124,0
23,1335,0
1703,23,0
1704,23,0
23,1705,1
23,1706,1
23,1707,1
24,156,0
24,890,1
909,24,0
50,25,0
25,272,1
25,393,1
397,25,0
25,398,1
25,399,1
25,401,1
25,403,1
25,404,1
25,405,1
25,406,1
407,25,0
412,25,0
25,419,1
420,25,0
25,422,1
427,25,0
25,465,0
575,25,0
813,25,0
25,845,0
25,1418,1
25,1419,1
25,1423,1
25,1445,1
1450,25,0
1561,25,0
25,1708,1
25,1709,1
25,1710,1
1711,25,0
26,171,0
26,217,1
26,218,1
26,220,1
26,221,1
26,222,1
523,26,0
524,26,0
526,26,0
26,527,1
26,528,1
1455,26,0
1463,26,0
1464,26,0
26,1465,1
26,1466,1
26,1712,1
26,1713,1
1714,26,0
26,1715,1
26,1716,1
1717,26,0
1718,26,0
26,1719,1
27,1507,0
1553,27,0
27,1563,1
1564,27,0
27,1565,1
28,29,1
28,52,1
28,270,1
28,383,1
386,28,0
28,400,0
28,646,1
28,915,1
28,916,1
28,1033,1
1034,28,0
28,1087,0
28,1288,1
28,1417,1
28,1418,1
28,1423,1
1516,28,0
28,1622,1
1679,28,0
28,1720,1
28,1721,1
28,1722,1
28,1723,1
1724,28,0
28,1725,1
29,29,1
29,52,1
270,29,0
29,383,1
29,386,1
29,916,1
29,1225,0
29,1417,1
29,1419,1
30,469,0
30,1026,1
30,1027,1
30,1028,1
1030,30,0
30,1248,0
31,275,0
31,1726,1
1727,31,0
32,14,1
32,24,1
32,29,1
32,65,1
32,239,0
32,402,1
32,404,1
32,744,0
795,32,0
32,796,1
32,797,1
32,887,1
1073,32,0
1238,32,0
1418,32,0
32,1675,1
32,1728,1
1729,32,0
32,1730,1
1731,32,0
32,1732,1
32,1733,1
32,1734,1
32,1735,1
32,1736,1
1737,32,0
32,1738,1
1739,32,0
1740,32,0
33,158,1
175,33,0
33,190,1
33,196,1
33,201,1
33,217,1
33,219,1
33,221,1
222,33,0
33,235,1
33,236,1
33,237,1
239,33,0
241,33,0
33,242,1
33,249,1
33,275,1
276,33,0
33,280,1
33,282,1
285,33,0
289,33,0
33,290,1
291,33,0
33,292,1
294,33,0
295,33,0
296,33,0
297,33,0
33,389,1
33,390,1
515,33,0
516,33,0
33,517,1
33,518,1
519,33,0
522,33,0
33,523,1
525,33,0
33,526,1
33,529,1
33,532,1
533,33,0
538,33,0
33,544,1
33,545,1
33,555,1
33,556,1
33,558,1
33,575,1
33,611,1
33,617,1
618,33,0
619,33,0
33,620,1
33,622,1
33,647,1
651,33,0
33,663,1
676,33,0
33,677,1
33,679,1
33,680,1
33,682,1
693,33,0
694,33,0
33,695,1
33,698,1
699,33,0
33,700,1
33,701,1
33,702,1
703,33,0
33,717,1
1541,33,0
33,1546,1
33,1566,1
33,1741,1
1742,33,0
34,190,1
34,217,1
218,34,0
219,34,0
34,222,1
241,34,0
34,242,1
243,34,0
34,280,1
34,281,1
34,282,1
34,283,1
34,284,1
285,34,0
515,34,0
34,516,1
517,34,0
34,518,1
519,34,0
520,34,0
522,34,0
34,523,1
34,524,1
527,34,0
528,34,0
529,34,0
34,618,1
34,620,1
34,663,1
34,683,1
34,699,1
34,701,1
702,34,0
34,703,1
34,728,1
35,35,1
35,972,1
35,978,1
979,35,0
35,980,1
981,35,0
35,982,1
1743,35,0
35,1805,0
35,2092,0
36,36,1
36,52,1
36,65,1
916,36,0
1280,36,0
36,1317,1
1324,36,0
36,1744,1
36,1745,1
1746,36,0
37,206,0
412,37,0
37,600,0
37,1525,0
37,1747,1
37,1748,1
38,183,1
223,38,0
38,246,1
250,38,0
257,38,0
38,264,1
267,38,0
340,38,0
38,561,1
562,38,0
38,633,1
38,900,1
38,1306,1
38,1388,1
1415,38,0
38,1425,1
38,1426,1
38,1538,1
38,1573,1
38,1633,1
38,1634,1
1686,38,0
38,1728,1
38,1749,1
38,1750,1
38,1751,1
1752,38,0
38,1753,1
38,1754,1
38,1755,1
38,1756,1
1757,38,0
38,1758,1
38,1759,1
1760,38,0
38,1761,1
38,1762,1
1763,38,0
1764,38,0
38,1765,1
38,1766,1
38,1767,1
38,1768,1
38,1769,1
38,1770,1
39,456,1
457,39,0
39,1665,0
40,42,1
157,40,0
40,199,1
40,200,1
40,396,1
411,40,0
40,956,1
40,1119,1
40,1557,1
1570,40,0
40,1771,1
40,1772,1
1773,40,0
40,1774,1
1775,40,0
1776,40,0
40,1777,1
41,29,1
954,41,0
41,1946,0
42,42,1
42,733,1
42,735,1
43,43,1
43,212,1
43,245,1
254,43,0
43,460,1
1778,43,0
1779,43,0
43,2060,0
44,44,1
51,44,0
135,44,0
44,519,0
753,44,0
44,754,1
44,756,1
44,821,1
44,822,1
44,829,1
830,44,0
44,839,1
44,914,1
44,1280,1
1679,44,0
1724,44,0
1780,44,0
1781,44,0
1782,44,0
1783,44,0
44,1784,1
44,1956,0
45,45,1
45,663,1
45,717,1
46,46,1
46,186,1
187,46,0
46,1236,0
46,1494,1
46,1496,1
46,1497,1
47,47,1
47,1788,1
1789,47,0
48,48,1
48,534,1
48,615,1
48,616,1
48,664,1
1790,48,0
48,1791,1
1304,49,0
1460,49,0
49,1468,1
49,1796,1
49,1797,1
50,50,1
50,1404,0
51,754,1
51,756,1
51,914,1
51,961,0
52,20,1
52,52,1
52,185,1
187,52,0
188,52,0
52,189,1
270,52,0
386,52,0
52,467,1
52,561,1
52,629,0
633,52,0
52,1051,1
52,1164,1
52,1417,1
52,1418,1
52,1420,1
1443,52,0
52,1645,1
52,1708,1
53,54,1
53,912,1
53,936,1
53,941,1
53,942,1
53,1471,1
53,1847,1
54,54,1
54,912,1
54,941,1
54,942,1
54,1015,1
54,2005,0
55,55,1
55,56,1
55,670,1
55,874,1
56,698,0
56,875,1
56,940,1
56,952,1
994,56,0
56,1250,0
56,2143,0
873,57,0
58,934,1
935,58,0
58,1010,1
58,1011,1
58,1081,0
58,1103,0
1848,58,0
59,59,1
59,430,1
59,431,1
59,438,1
59,1817,0
59,1849,1
59,1850,1
59,1851,1
1852,59,0
59,1853,1
59,1854,1
59,1855,1
60,228,1
571,60,0
815,60,0
817,60,0
887,60,0
1856,60,0
61,61,1
61,146,1
61,185,1
61,186,1
188,61,0
61,189,1
225,61,0
61,240,1
451,61,0
61,535,1
536,61,0
61,774,1
775,61,0
61,776,1
61,777,1
61,1513,1
61,1514,1
1553,61,0
61,1563,1
61,1564,1
1565,61,0
61,1587,1
61,1731,1
1802,61,0
1857,61,0
61,1858,1
1859,61,0
61,1860,1
61,1861,1
1862,61,0
61,1863,1
61,1864,1
61,1865,1
1866,61,0
62,547,0
62,562,1
633,62,0
780,62,0
62,1439,0
63,98,1
63,385,1
63,937,1
63,938,1
63,950,0
63,954,1
976,63,0
977,63,0
979,63,0
63,980,1
63,982,1
1020,63,0
63,1021,1
63,1022,1
63,1115,1
63,1145,1
1367,63,0
1368,63,0
63,1434,1
63,1436,1
63,1437,1
63,1438,1
63,1867,1
63,1868,1
1869,63,0
64,43,1
64,127,1
64,781,1
1394,64,0
64,1396,1
1397,64,0
64,1399,1
64,1401,1
1424,64,0
64,1870,1
64,2163,0
64,2179,0
19,65,0
29,65,0
52,65,0
65,217,1
218,65,0
220,65,0
915,65,0
916,65,0
65,1411,0
65,1423,1
65,1519,1
1532,65,0
65,1871,1
66,66,1
744,66,0
745,66,0
66,882,1
1679,66,0
66,1724,1
66,1872,1
66,1873,1
66,1874,1
66,1875,1
67,213,0
903,67,0
68,68,1
825,68,0
826,68,0
68,1594,0
69,69,1
69,192,1
69,193,1
458,69,0
460,69,0
69,798,0
69,833,1
69,866,1
905,69,0
70,70,1
70,137,0
560,70,0
70,631,1
70,645,1
70,1556,1
28,71,0
71,71,1
71,383,1
863,71,0
71,957,0
71,1417,1
1419,71,0
71,1741,1
71,1742,1
72,819,0
72,944,1
72,1001,1
72,1002,1
72,1003,1
72,1144,0
72,1876,1
1877,72,0
1878,72,0
72,1879,1
72,1880,1
73,234,1
73,391,1
73,1103,0
73,1395,1
73,1442,0
74,74,1
74,141,1
74,191,0
1881,74,0
74,1882,1
74,2065,0
75,853,0
75,1883,1
75,1884,1
75,1885,1
75,1886,1
75,1887,1
76,191,1
76,2066,0
77,77,1
77,78,1
230,77,0
231,77,0
77,790,1
791,77,0
77,828,1
898,77,0
77,911,1
77,1739,0
78,78,1
231,78,0
78,789,1
790,78,0
78,828,1
898,78,0
78,911,1
78,1529,0
78,1719,0
79,207,1
79,208,1
209,79,0
79,787,0
800,79,0
79,802,1
79,894,1
80,812,1
80,813,1
80,814,1
80,1286,0
149,81,0
81,859,0
81,904,1
1222,81,0
81,1223,1
81,1224,1
81,1373,1
1513,81,0
1514,81,0
1529,81,0
81,1530,1
81,1587,1
1778,81,0
81,1779,1
81,1784,1
1802,81,0
81,1862,1
81,1866,1
81,1888,1
81,1889,1
81,1890,1
81,1891,1
81,1892,1
1893,81,0
81,1894,1
1895,81,0
1896,81,0
81,1897,1
81,1898,1
81,1899,1
81,1900,1
1901,81,0
1902,81,0
1903,81,0
81,1904,1
1905,81,0
81,1906,1
81,1907,1
81,1908,1
81,1909,1
81,1910,1
81,1911,1
1912,81,0
1913,81,0
81,1914,1
81,1915,1
82,82,1
1069,82,0
82,1757,0
1916,82,0
83,83,1
183,83,0
83,212,1
83,252,1
560,83,0
83,580,1
581,83,0
83,631,1
645,83,0
83,1111,1
1112,83,0
83,1639,1
83,1708,1
83,1917,1
1918,83,0
83,1919,1
1920,83,0
83,1921,1
83,1922,1
83,1923,1
83,1924,1
83,1925,1
83,1926,1
83,1927,1
1928,83,0
83,2069,0
84,67,1
84,84,1
84,1853,0
85,784,0
85,1145,0
85,1358,0
85,1542,0
1929,85,0
13,86,0
86,1930,1
218,87,0
87,220,1
87,221,1
87,1533,1
88,88,1
1101,88,0
89,669,0
89,1931,1
89,1932,1
89,1933,1
89,1934,1
89,1937,0
89,1984,0
90,90,1
1522,90,0
1523,90,0
91,213,1
91,754,0
92,92,1
92,918,0
92,1043,1
92,1935,1
92,1936,1
93,763,1
764,93,0
94,626,0
94,765,1
94,766,1
94,1246,0
94,1348,0
95,95,1
95,782,1
95,783,1
784,95,0
95,785,1
786,95,0
95,1183,0
95,1486,0
96,96,1
96,858,1
96,859,1
96,861,1
1024,96,0
96,1279,0
97,97,1
97,518,0
97,858,1
859,97,0
861,97,0
98,8,1
98,98,1
98,148,1
98,181,1
633,98,0
98,1109,1
1245,98,0
1356,98,0
1442,98,0
98,1621,1
1950,98,0
1951,98,0
98,1952,1
98,1953,1
98,1954,1
98,2152,0
99,99,1
99,442,1
100,100,1
101,371,0
101,837,1
1955,101,0
1956,101,0
101,1957,1
102,102,1
102,754,0
102,842,1
102,844,1
102,846,1
1734,102,0
1735,102,0
102,1958,1
102,1959,1
102,1960,1
11,103,0
103,103,1
103,397,1
103,428,1
103,435,1
103,1452,1
103,2110,0
607,104,0
608,104,0
104,723,1
104,725,1
104,1374,0
105,607,1
608,105,0
105,723,1
105,724,1
106,106,1
106,143,1
106,314,0
106,482,1
106,1129,1
1416,106,0
106,1604,1
106,1803,1
1826,106,0
106,1961,1
106,1962,1
106,1963,1
1964,106,0
1965,106,0
106,1966,1
1967,106,0
106,1968,1
1969,106,0
1970,106,0
106,1971,1
819,107,0
108,108,1
109,661,1
685,109,0
109,686,1
687,109,0
1230,109,0
109,1485,0
1506,109,0
110,1972,1
1973,110,0
110,2196,0
111,66,1
111,111,1
111,132,0
300,111,0
111,877,1
111,879,1
111,1650,0
635,112,0
112,636,1
112,640,1
642,112,0
112,643,1
112,665,1
112,1623,0
113,113,1
113,349,0
113,1548,1
113,1549,1
29,114,0
114,195,0
114,250,1
460,114,0
114,492,1
114,550,1
114,732,1
862,114,0
114,863,1
114,956,0
114,1416,1
114,1588,1
114,1975,1
1976,114,0
114,1977,1
1978,114,0
114,1979,1
1980,114,0
114,1981,1
1982,114,0
114,1983,1
115,270,1
383,115,0
115,386,1
115,561,1
115,562,1
115,676,0
115,1421,1
115,1797,0
116,116,1
116,964,1
117,1386,1
117,1984,1
117,1985,1
117,1986,1
117,1987,1
118,139,0
118,1471,1
118,1847,1
119,130,0
119,572,0
1235,119,0
119,1236,1
1988,119,0
119,1989,1
1990,119,0
119,1991,1
119,1992,1
119,1993,1
119,2158,0
120,120,1
984,120,0
120,985,1
120,986,1
120,987,1
989,120,0
120,1523,0
121,121,1
121,414,1
121,446,1
121,470,1
121,484,1
121,485,1
621,121,0
121,1079,0
121,1269,0
122,1996,1
11,123,0
100,123,0
123,412,1
123,413,1
124,124,1
124,183,1
124,1952,0
116,125,0
125,751,1
125,1056,1
126,126,1
126,847,1
126,1230,0
2016,126,0
126,2017,1
126,2018,1
127,1023,1
2019,127,0
128,128,1
128,474,0
128,2020,1
128,2021,1
128,2022,1
128,2023,1
128,2024,1
128,2025,1
128,2026,1
106,129,0
129,479,1
129,480,1
129,481,1
129,777,0
129,814,0
129,1071,1
129,1550,0
1755,129,0
2027,129,0
129,2028,1
129,2029,1
130,130,1
130,426,0
130,698,0
131,131,1
131,138,0
131,1963,0
131,2030,1
2031,131,0
132,132,1
132,357,0
132,607,0
132,1942,1
132,1946,1
2032,132,0
132,2033,1
133,106,1
236,133,0
133,238,1
479,133,0
480,133,0
481,133,0
133,1429,1
134,134,1
134,181,1
134,228,1
135,226,1
135,227,1
135,228,1
135,578,0
1780,135,0
135,2037,1
2038,135,0
135,2039,1
135,2040,1
135,2041,1
135,2042,1
135,2043,1
2044,135,0
2045,135,0
136,412,1
137,2046,1
2047,137,0
138,1493,0
138,1808,0
138,2093,0
139,1358,1
139,2049,1
140,8,1
479,140,0
140,480,1
140,481,1
140,2050,1
2051,140,0
140,2052,1
141,141,1
1216,142,0
143,52,1
140,143,0
143,266,1
143,270,1
143,469,1
479,143,0
143,480,1
143,481,1
780,143,0
143,898,0
143,915,1
143,916,1
1417,143,0
143,1418,1
143,1419,1
1643,143,0
143,1905,0
144,50,1
144,64,1
144,106,1
144,422,0
144,479,1
144,480,1
144,481,1
144,1132,1
1452,144,0
144,1760,0
144,1870,1
144,2057,1
144,2058,1
145,331,0
145,688,1
145,840,0
145,900,1
970,145,0
145,997,0
146,146,1
146,808,0
146,1101,1
146,1513,1
146,1514,1
146,1802,1
1857,146,0
146,1859,1
146,1861,1
146,1862,1
1864,146,0
146,1866,1
147,147,1
147,968,0
147,1165,0
147,1536,0
147,1564,0
147,1824,0
148,456,1
780,148,0
148,781,1
148,1332,1
148,2072,1
149,254,0
149,1280,1
149,1787,0
149,2073,1
149,2074,1
150,514,0
1657,150,0
150,1694,1
150,1715,0
150,2081,1
150,2082,1
2083,150,0
151,151,1
151,241,0
151,1342,0
151,2093,1
2094,151,0
109,152,0
152,202,1
152,203,1
152,424,1
152,474,1
152,475,1
152,488,1
152,489,1
646,152,0
656,152,0
152,1279,1
152,1388,1
1425,152,0
152,1426,1
152,1538,1
152,1588,1
152,1682,1
152,1767,1
1769,152,0
152,2084,1
2095,152,0
152,2096,1
152,2097,1
152,2098,1
152,2099,1
2100,152,0
152,2101,1
152,2102,1
2103,152,0
152,2104,1
2105,152,0
152,2106,1
153,1,1
8,153,0
153,61,1
129,153,0
153,271,1
153,396,1
153,402,1
420,153,0
153,456,1
153,479,1
153,480,1
153,652,1
153,653,1
153,654,1
153,832,1
153,1178,1
153,1217,1
1552,153,0
153,1557,1
2003,153,0
2150,153,0
2151,153,0
153,2152,1
153,2153,1
154,1265,1
1266,154,0
154,2158,1
154,2159,1
154,2160,1
2161,154,0
155,155,1
155,603,0
948,155,0
155,2134,0
6,156,0
9,156,0
83,156,0
156,156,1
156,168,1
156,187,1
156,189,1
156,201,1
156,224,1
156,397,1
156,401,1
156,409,1
156,441,1
506,156,0
156,508,1
156,509,1
156,539,1
156,549,1
554,156,0
156,563,1
156,565,1
570,156,0
597,156,0
156,600,1
156,602,1
156,603,1
604,156,0
156,611,1
156,615,1
616,156,0
156,646,1
156,652,1
653,156,0
156,656,1
156,671,1
731,156,0
156,757,1
156,767,1
156,769,1
770,156,0
771,156,0
156,775,1
777,156,0
967,156,0
1115,156,0
1181,156,0
156,1182,1
1285,156,0
1325,156,0
1368,156,0
156,1435,1
156,1437,1
1438,156,0
156,1439,1
156,1440,1
156,1464,1
1466,156,0
1470,156,0
156,1586,1
156,1714,1
156,1718,1
1719,156,0
1800,156,0
156,1867,1
1982,156,0
156,2034,1
156,2166,1
156,2167,1
156,2168,1
156,2169,1
156,2170,1
2171,156,0
156,2172,1
156,2173,1
156,2174,1
156,2175,1
156,2176,1
2177,156,0
2178,156,0
157,1772,1
201,158,0
158,538,1
158,558,1
158,617,1
158,661,0
158,946,1
158,1956,0
159,1831,1
159,2079,0
159,2179,1
159,2180,1
2181,159,0
159,2182,1
2183,159,0
159,2184,1
159,2185,1
2186,159,0
159,2187,1
160,622,0
1524,160,0
160,2188,1
2189,160,0
160,2190,1
872,161,0
162,510,1
162,511,1
512,162,0
514,162,0
162,2191,1
2192,162,0
163,247,0
163,397,0
163,1462,1
164,164,1
164,647,1
164,649,1
650,164,0
164,651,1
165,239,0
165,537,0
165,2193,1
267,166,0
166,1325,1
166,2194,1
167,1007,1
1008,167,0
167,1009,1
168,82,1
168,827,1
168,1069,1
168,1118,1
168,1337,0
168,1456,1
1531,168,0
168,2053,1
2054,168,0
168,2055,1
2195,168,0
168,2196,1
168,2197,1
2198,168,0
169,1863,0
170,170,1
170,1086,1
170,1346,1
170,1545,1
170,1896,1
170,2199,1
171,226,1
845,171,0
171,2200,1
1496,172,0
172,2201,1
2147,173,0
2202,173,0
174,551,0
174,1454,0
174,2056,1
174,2203,1
174,2204,1
175,209,0
175,836,0
175,1343,0
175,1730,0
176,238,0
176,319,0
176,1194,0
176,1457,0
176,1716,0
177,2052,0
178,319,0
179,1130,0
180,1221,0
181,1035,0
184,1861,0
186,647,0
186,925,0
186,963,0
188,566,0
189,989,0
189,2117,0
190,492,0
190,2018,0
191,2108,0
194,317,0
194,542,0
194,696,0
194,2130,0
196,480,0
196,493,0
199,231,0
199,1039,0
200,1625,0
200,1897,0
203,659,0
203,1819,0
204,1137,0
205,1063,0
207,1796,0
209,1050,0
209,2078,0
212,736,0
212,1148,0
214,1402,0
214,1971,0
216,1457,0
216,1502,0
216,1948,0
218,1646,0
219,1793,0
220,1953,0
220,2157,0
222,630,0
223,2190,0
224,2076,0
225,1347,0
227,772,0
227,1154,0
233,1560,0
234,1487,0
236,948,0
236,2132,0
237,1101,0
239,1004,0
241,499,0
242,2074,0
243,609,0
245,288,0
245,610,0
246,1771,0
250,1230,0
250,2004,0
252,532,0
252,1324,0
256,569,0
256,798,0
256,2099,0
259,411,0
261,367,0
262,1433,0
263,974,0
263,2063,0
266,319,0
266,410,0
266,846,0
267,1078,0
267,1838,0
267,1917,0
269,966,0
270,1323,0
270,1584,0
271,1713,0
273,1843,0
273,2095,0
274,2050,0
275,1576,0
275,1597,0
276,1497,0
277,2162,0
278,386,0
278,1386,0
278,2112,0
280,2116,0
284,1470,0
284,1575,0
290,1831,0
290,1975,0
293,315,0
293,1776,0
296,412,0
296,896,0
296,1863,0
297,1059,0
297,1383,0
299,343,0
301,375,0
301,1660,0
303,1044,0
303,2006,0
303,2130,0
305,2201,0
306,1997,0
307,482,0
307,1684,0
307,1790,0
308,516,0
308,2074,0
309,1367,0
311,1280,0
311,1468,0
311,1726,0
312,1353,0
313,971,0
313,2080,0
313,2153,0
314,1633,0
316,391,0
319,885,0
319,1031,0
320,560,0
321,1123,0
322,571,0
322,1368,0
322,1772,0
323,760,0
323,2010,0
324,797,0
324,1028,0
324,1529,0
327,2009,0
329,1024,0
332,392,0
334,627,0
338,428,0
338,2108,0
339,389,0
341,1269,0
344,505,0
344,890,0
348,802,0
349,1513,0
349,2061,0
350,1968,0
350,2142,0
353,359,0
353,1154,0
355,748,0
355,1969,0
356,974,0
360,843,0
360,1273,0
360,2087,0
361,1367,0
364,1015,0
365,1848,0
367,1111,0
367,2193,0
369,1533,0
370,2031,0
370,2059,0
372,653,0
372,667,0
374,789,0
374,889,0
374,1157,0
376,995,0
376,1818,0
378,424,0
378,1306,0
379,2131,0
380,1795,0
381,1989,0
386,1742,0
387,642,0
387,2122,0
388,1613,0
389,1080,0
390,1100,0
390,1629,0
392,851,0
392,2054,0
393,1413,0
394,1267,0
395,842,0
396,1192,0
397,1193,0
398,658,0
398,1048,0
398,1461,0
401,1912,0
402,2182,0
405,615,0
406,776,0
407,1851,0
408,781,0
409,640,0
409,1157,0
410,450,0
410,1496,0
411,722,0
411,778,0
412,1850,0
414,693,0
415,1076,0
416,835,0
416,1923,0
417,578,0
417,1397,0
419,1742,0
420,960,0
422,1173,0
422,1369,0
424,1711,0
424,1728,0
425,2059,0
427,818,0
427,2184,0
428,1604,0
428,1673,0
429,1687,0
429,1981,0
431,1014,0
431,1184,0
433,493,0
433,625,0
433,1264,0
433,1428,0
435,1853,0
437,1189,0
437,1563,0
437,1730,0
441,457,0
441,1228,0
441,1415,0
441,2129,0
443,572,0
443,581,0
443,1556,0
443,2191,0
444,1470,0
448,1257,0
453,896,0
454,511,0
454,512,0
455,1024,0
456,1715,0
457,1789,0
458,1351,0
460,598,0
460,1148,0
462,618,0
463,611,0
463,1342,0
464,1101,0
465,2045,0
470,832,0
470,2159,0
471,1684,0
472,2149,0
473,1740,0
475,931,0
476,594,0
477,957,0
477,1213,0
477,1650,0
478,674,0
479,691,0
479,1704,0
480,2049,0
484,529,0
484,1391,0
484,2179,0
485,584,0
485,2192,0
486,1522,0
487,781,0
489,803,0
489,1137,0
491,772,0
492,1205,0
492,1575,0
494,1043,0
494,1930,0
495,1438,0
499,916,0
499,1601,0
499,1713,0
500,868,0
500,1912,0
501,1523,0
502,570,0
504,1463,0
506,583,0
507,1669,0
508,1931,0
508,2134,0
509,1346,0
509,1649,0
510,522,0
510,1966,0
515,1595,0
515,1775,0
517,1073,0
522,2062,0
523,575,0
523,1225,0
524,625,0
525,662,0
526,1325,0
527,1635,0
528,1378,0
530,1034,0
531,1654,0
531,2024,0
532,1789,0
533,1772,0
534,1415,0
536,1066,0
536,1244,0
537,542,0
538,1575,0
538,2018,0
541,1789,0
542,607,0
542,1715,0
543,1651,0
543,2061,0
544,695,0
546,709,0
546,1278,0
549,659,0
549,1447,0
549,1707,0
550,832,0
550,1966,0
553,1156,0
556,2118,0
558,1080,0
559,787,0
562,1650,0
564,663,0
564,1951,0
569,1541,0
570,620,0
570,722,0
570,1268,0
570,1603,0
570,1822,0
571,1415,0
573,1215,0
575,1128,0
576,1200,0
577,927,0
578,1909,0
580,1192,0
580,1585,0
580,1647,0
581,1938,0
583,650,0
585,929,0
585,1214,0
585,2130,0
590,1600,0
590,1695,0
593,1170,0
594,1180,0
594,1476,0
596,1211,0
596,1445,0
598,1156,0
599,678,0
599,1380,0
601,969,0
602,993,0
603,1048,0
606,2160,0
612,956,0
612,1193,0
613,753,0
613,1495,0
613,1820,0
614,1875,0
614,2055,0
619,1816,0
621,2013,0
624,1203,0
624,1966,0
625,1536,0
626,1547,0
626,2112,0
628,1533,0
629,896,0
630,1282,0
634,1705,0
636,843,0
636,1650,0
637,890,0
638,905,0
639,1974,0
641,756,0
642,2079,0
643,1032,0
643,1283,0
644,949,0
646,1602,0
649,1091,0
649,1696,0
650,1162,0
654,1888,0
655,1417,0
656,1223,0
657,1773,0
658,1644,0
660,953,0
660,1279,0
660,1538,0
665,1091,0
665,1492,0
665,2045,0
666,1453,0
668,2140,0
672,1768,0
672,2133,0
676,1170,0
678,1849,0
678,2164,0
680,1300,0
681,1309,0
681,1793,0
682,1360,0
683,1908,0
685,1346,0
687,1293,0
687,2203,0
688,1418,0
691,749,0
695,1652,0
695,1812,0
697,819,0
700,917,0
701,1883,0
702,1079,0
702,2072,0
703,1944,0
704,2066,0
706,1267,0
706,1301,0
708,1478,0
708,1631,0
709,1778,0
712,1302,0
714,1757,0
717,2017,0
718,1004,0
720,885,0
720,995,0
721,1362,0
721,1524,0
723,1610,0
724,1741,0
725,1070,0
726,1301,0
733,885,0
737,1912,0
739,1699,0
739,1933,0
740,1673,0
742,1044,0
745,1364,0
745,1915,0
747,855,0
748,1719,0
749,1892,0
750,1397,0
750,2122,0
752,2144,0
753,1426,0
753,2143,0
754,1342,0
755,1689,0
757,1144,0
758,2196,0
759,1629,0
760,1568,0
768,1440,0
768,2183,0
769,846,0
769,924,0
770,954,0
772,870,0
772,1590,0
774,1040,0
775,1940,0
777,1181,0
778,1277,0
778,1721,0
779,1784,0
782,998,0
783,1443,0
787,921,0
787,1668,0
788,1481,0
792,2095,0
794,1209,0
794,1376,0
794,1448,0
795,1002,0
795,1004,0
796,1819,0
796,2071,0
798,922,0
798,1465,0
799,920,0
799,1200,0
801,2155,0
806,2164,0
810,1835,0
813,1605,0
814,1526,0
814,2136,0
815,935,0
815,1025,0
816,1877,0
818,1769,0
819,958,0
819,1686,0
820,1234,0
820,1693,0
820,1752,0
820,1954,0
825,1648,0
827,1196,0
827,2119,0
828,1432,0
829,1683,0
830,1770,0
834,885,0
834,1155,0
835,921,0
836,1985,0
842,1392,0
847,1926,0
849,2035,0
850,1391,0
850,1659,0
856,2000,0
861,1024,0
861,1351,0
865,1315,0
865,1317,0
866,1489,0
867,1237,0
867,1554,0
867,1946,0
867,2175,0
868,878,0
873,1845,0
873,1917,0
879,2198,0
881,1966,0
884,1749,0
884,1891,0
885,1058,0
891,1844,0
892,1002,0
893,1665,0
903,1723,0
905,1422,0
905,2093,0
906,1249,0
907,1238,0
907,1647,0
908,1783,0
909,1580,0
913,1524,0
917,1614,0
918,2120,0
919,1380,0
921,2111,0
922,1031,0
923,1387,0
924,1457,0
924,2113,0
925,1638,0
926,1847,0
928,1648,0
929,1654,0
932,1721,0
934,1474,0
934,2164,0
937,1287,0
937,1628,0
939,1567,0
940,1476,0
941,1000,0
941,2057,0
942,2139,0
943,1289,0
948,2125,0
950,1597,0
951,1600,0
951,1973,0
952,2071,0
953,977,0
954,1582,0
955,1727,0
958,1707,0
961,1054,0
963,2042,0
964,1632,0
964,2164,0
966,1080,0
966,2068,0
967,1953,0
968,1534,0
970,1044,0
970,1530,0
971,1194,0
971,1386,0
973,1262,0
974,1697,0
974,1951,0
975,1327,0
976,2174,0
977,1069,0
978,1210,0
978,1834,0
979,1641,0
981,1243,0
981,1456,0
982,1155,0
983,1004,0
983,1215,0
984,1268,0
986,1019,0
988,1271,0
988,1463,0
993,1842,0
994,1161,0
994,1523,0
996,1007,0
996,1065,0
998,1457,0
999,1486,0
1005,1964,0
1006,1485,0
1007,1631,0
1008,1338,0
1010,2157,0
1013,1375,0
1013,1756,0
1014,1930,0
1017,1750,0
1018,1576,0
1019,1733,0
1021,1365,0
1024,1939,0
1025,1906,0
1026,1327,0
1026,1611,0
1027,1484,0
1027,1703,0
1030,1990,0
1032,1172,0
1035,1598,0
1035,1949,0
1036,2060,0
1039,1086,0
1039,1626,0
1039,1714,0
1040,1901,0
1044,1257,0
1045,1861,0
1046,1241,0
1046,1789,0
1049,1735,0
1051,1967,0
1052,1300,0
1053,1825,0
1057,1622,0
1057,2169,0
1061,1733,0
1061,1766,0
1067,1557,0
1068,2186,0
1071,1361,0
1071,1829,0
1073,1322,0
1077,1661,0
1079,1496,0
1082,1097,0
1089,1782,0
1091,1737,0
1092,2193,0
1094,1366,0
1094,1867,0
1095,1365,0
1096,1190,0
1097,2132,0
1103,1745,0
1106,1875,0
1110,1738,0
1112,1704,0
1114,1586,0
1114,2168,0
1115,1884,0
1115,1949,0
1119,2121,0
1120,1518,0
1120,2182,0
1121,1235,0
1121,1826,0
1122,1955,0
1125,1260,0
1125,1364,0
1125,1946,0
1126,1273,0
1126,1490,0
1127,1582,0
1127,1804,0
1128,1540,0
1131,2077,0
1133,1663,0
1134,1634,0
1134,2163,0
1138,1728,0
1139,1802,0
1143,1657,0
1144,1878,0
1147,1409,0
1147,2111,0
1149,2002,0
1150,1325,0
1152,1184,0
1153,1903,0
1154,2085,0
1155,1583,0
1156,2182,0
1166,1902,0
1168,1967,0
1169,1973,0
1170,1466,0
1172,1657,0
1173,1870,0
1176,1498,0
1177,1945,0
1181,1278,0
1189,2128,0
1190,1961,0
1190,2060,0
1192,1851,0
1196,1376,0
1196,1991,0
1198,1921,0
1202,2125,0
1203,1876,0
1204,1553,0
1208,2204,0
1209,1517,0
1209,1736,0
1209,1830,0
1210,1543,0
1212,1490,0
1215,1485,0
1227,2162,0
1234,1376,0
1241,1762,0
1241,1898,0
1242,1409,0
1242,1895,0
1251,1699,0
1259,1984,0
1263,2067,0
1265,2103,0
1266,1996,0
1267,1885,0
1269,2048,0
1272,1867,0
1274,1855,0
1274,2131,0
1277,1410,0
1278,1533,0
1278,1905,0
1283,2204,0
1284,1604,0
1290,1634,0
1292,2065,0
1292,2191,0
1293,1321,0
1296,1652,0
1296,2007,0
1297,1433,0
1301,1795,0
1307,2031,0
1307,2190,0
1308,1403,0
1308,2046,0
1315,1602,0
1317,1932,0
1319,1887,0
1320,1644,0
1323,1905,0
1323,1918,0
1325,2134,0
1326,1465,0
1326,1585,0
1327,2081,0
1331,2009,0
1336,1848,0
1338,1845,0
1341,1898,0
1341,1978,0
1348,1566,0
1351,1390,0
1356,1584,0
1361,1700,0
1362,1644,0
1362,1833,0
1363,1384,0
1363,1975,0
1365,1559,0
1367,1914,0
1371,2027,0
1372,1590,0
1372,1834,0
1379,1742,0
1380,1470,0
1381,1400,0
1381,1957,0
1381,1968,0
1382,1794,0
1383,1966,0
1386,1903,0
1391,1911,0
1392,1701,0
1395,2119,0
1402,2141,0
1403,2184,0
1405,1924,0
1413,1492,0
1413,1534,0
1414,2084,0
1414,2128,0
1415,1534,0
1417,1796,0
1417,1883,0
1419,1952,0
1430,1531,0
1432,1746,0
1434,1893,0
1436,1501,0
1441,2154,0
1446,2084,0
1452,1633,0
1452,1888,0
1452,2021,0
1455,2194,0
1468,1720,0
1468,2136,0
1469,1488,0
1469,1649,0
1476,1927,0
1480,1810,0
1485,2202,0
1489,1510,0
1489,2183,0
1491,1649,0
1493,1981,0
1499,1582,0
1499,1841,0
1500,1548,0
1500,1620,0
1503,1511,0
1504,1641,0
1514,2062,0
1517,1843,0
1518,1627,0
1525,1756,0
1528,1815,0
1535,1601,0
1538,1981,0
1542,1593,0
1542,1744,0
1543,1741,0
1546,1587,0
1546,2141,0
1547,2194,0
1548,2029,0
1552,1910,0
1552,2183,0
1560,1973,0
1571,1752,0
1573,1817,0
1583,1683,0
1584,1777,0
1589,1975,0
1596,2130,0
1600,1665,0
1600,1840,0
1601,2008,0
1612,1902,0
1613,1836,0
1614,2025,0
1617,1910,0
1619,1823,0
1619,2178,0
1622,2078,0
1628,1652,0
1628,2127,0
1634,2103,0
1638,2190,0
1640,1693,0
1644,1769,0
1644,1934,0
1647,2116,0
1652,1735,0
1662,1959,0
1664,2155,0
1668,2080,0
1669,2145,0
1670,1955,0
1677,1902,0
1679,1845,0
1682,1901,0
1692,2004,0
1696,1899,0
1700,1984,0
1705,1984,0
1722,2193,0
1735,2049,0
1739,1872,0
1746,2199,0
1747,1965,0
1754,2034,0
1767,2181,0
1772,1799,0
1774,2178,0
1778,1950,0
1789,2113,0
1797,2019,0
1800,2015,0
1803,2006,0
1811,2135,0
1811,2171,0
1820,1833,0
1823,2057,0
1824,1891,0
1860,2055,0
1865,1890,0
1865,2017,0
1894,2151,0
1911,2127,0
1913,2064,0
1932,2107,0
1939,2008,0
1946,2160,0
1951,1958,0
1970,1994,0
1973,2132,0
1975,2151,0
2000,2179,0
2006,2178,0
2017,2164,0
2019,2056,0
2022,2158,0
2036,2118,0
2048,2142,0
2050,2161,0
2058,2150,0
2093,2151,0
2095,2198,0
2107,2159,0
