0,166,1
0,200,1
0,290,1
0,498,1
0,806,3
0,848,1
0,918,1
0,935,1
0,987,1
0,988,1
0,1118,3
0,1124,1
0,1129,1
0,1161,1
0,1301,1
0,1362,1
0,1426,1
1,26,1
1,46,3
1,326,3
1,662,1
1,701,1
1,1069,1
1,1152,1
1,1176,1
1,1220,1
1,1233,3
1,1262,1
1,1277,1
1,1352,1
1,1414,1
1,1599,1
2,452,3
2,509,1
2,548,1
2,670,3
2,827,1
2,1118,3
2,1198,3
2,1251,1
2,1287,1
2,1490,1
2,1491,1
2,1535,1
3,191,3
3,222,1
3,249,1
3,258,1
3,301,3
3,319,1
3,687,1
3,920,3
3,1322,1
3,1340,1
3,1475,3
4,116,1
4,122,3
4,234,1
4,428,3
4,580,3
4,819,1
5,495,1
5,1042,1
5,1231,1
5,1400,1
5,1583,3
6,326,1
6,997,3
6,1207,1
6,1536,1
7,22,1
7,145,3
7,179,1
7,204,1
7,284,1
7,345,1
7,399,1
7,484,1
7,555,1
7,562,1
7,581,1
7,590,1
7,772,1
7,776,1
7,778,1
7,822,1
7,842,1
7,936,1
7,940,1
7,973,1
7,1122,1
7,1159,1
7,1180,1
7,1268,3
7,1394,1
7,1458,1
7,1503,1
9,210,1
9,298,1
9,497,1
9,994,1
9,1084,1
9,1252,3
9,1311,1
9,1447,3
10,60,3
10,175,1
10,279,1
10,314,1
10,316,1
10,318,1
10,381,1
10,389,1
10,390,1
10,437,1
10,464,1
10,489,1
10,516,1
10,529,1
10,642,1
10,683,1
10,698,1
10,705,1
10,743,3
10,746,1
10,772,3
10,814,3
10,828,1
10,866,1
10,895,1
10,906,1
10,925,1
10,951,1
10,969,1
10,981,1
10,996,1
10,1008,1
10,1022,1
10,1028,1
10,1047,1
10,1054,1
10,1134,1
10,1143,1
10,1221,1
10,1226,1
10,1234,1
10,1235,1
10,1237,1
10,1325,3
10,1427,1
10,1462,3
10,1469,1
10,1504,1
10,1532,1
10,1553,1
10,1554,1
10,1560,1
10,1580,1
10,1628,1
11,77,1
11,243,1
11,319,1
11,460,1
11,475,1
11,496,1
11,628,1
11,632,1
11,680,1
11,716,1
11,726,1
11,745,1
11,805,1
11,836,1
11,858,1
11,1188,1
11,1191,1
11,1204,1
11,1213,1
11,1225,1
11,1242,1
11,1476,3
11,1532,3
11,1571,3
11,1585,1
12,22,1
12,34,1
12,211,1
12,241,1
12,242,1
12,300,1
12,338,3
12,370,1
12,386,1
12,404,1
12,409,1
12,431,1
12,458,1
12,490,1
12,583,1
12,644,1
12,645,1
12,654,1
12,673,1
12,721,1
12,748,1
12,749,1
12,753,1
12,804,1
12,832,1
12,869,1
12,930,1
12,976,1
12,1095,1
12,1123,1
12,1180,1
12,1260,1
12,1266,1
12,1288,1
12,1314,1
12,1326,1
12,1349,1
12,1355,1
12,1366,1
12,1373,1
12,1443,1
12,1463,1
12,1517,1
12,1527,1
12,1543,1
12,1571,1
12,1573,3
12,1589,1
12,1609,1
12,1642,1
13,65,1
13,122,3
13,294,1
13,349,1
13,350,3
13,488,1
13,747,1
13,1597,1
14,215,1
14,289,1
14,914,1
14,932,1
14,1085,1
14,1401,1
15,108,1
15,114,1
15,118,1
15,307,1
15,315,1
15,328,1
15,444,1
15,525,1
15,686,1
15,697,3
15,757,1
15,824,1
15,852,1
15,887,1
15,1011,1
15,1048,3
15,1063,1
15,1133,1
15,1228,1
15,1229,3
15,1240,1
15,1280,1
15,1282,1
15,1367,1
15,1377,1
15,1379,1
15,1439,1
15,1608,1
16,236,1
16,455,1
16,811,3
16,887,3
16,1462,3
17,103,2
18,309,1
18,479,1
18,572,1
18,614,1
18,732,1
18,851,3
18,1007,3
18,1112,1
18,1272,1
18,1369,1
19,135,1
19,844,1
19,860,1
19,1170,1
20,17,1
20,475,1
20,612,1
20,829,1
20,1446,1
20,1606,1
21,101,3
21,252,1
21,310,3
21,333,1
21,375,1
21,513,1
21,714,3
21,903,3
21,1251,1
21,1366,3
21,1474,3
22,45,3
22,399,1
22,555,1
22,776,1
22,778,1
22,973,1
22,993,3
22,1106,1
22,1122,1
22,1159,1
22,1220,1
22,1503,1
23,214,1
23,283,3
23,483,1
23,589,3
23,761,1
23,788,3
23,1255,1
23,1436,1
23,1596,1
24,192,3
24,473,3
24,1029,1
24,1181,1
24,1453,1
25,329,1
25,500,1
25,543,1
25,622,1
25,646,1
25,740,1
25,1298,1
25,1447,3
25,1603,1
26,56,2
26,330,3
26,376,3
26,772,3
26,1072,3
26,1367,3
27,364,1
27,531,3
27,802,1
27,849,3
27,887,1
27,1182,1
27,1240,1
27,1249,1
27,1408,3
27,1431,1
28,284,3
29,394,1
29,689,1
29,1068,3
29,1122,1
29,1307,1
29,1377,3
30,125,1
30,454,1
30,823,1
30,1167,1
30,1368,1
31,205,1
31,250,1
31,423,1
31,554,1
31,729,1
31,816,3
31,1013,1
31,1168,1
31,1210,1
31,1308,1
31,1315,1
31,1335,1
31,1341,1
31,1353,1
32,16,1
32,171,3
32,841,1
32,1248,1
32,1292,3
32,1296,1
33,86,3
33,240,1
33,321,3
33,826,3
33,869,3
33,874,1
33,875,3
33,886,1
33,1157,1
33,1187,1
33,1342,1
34,89,1
34,226,1
34,475,3
34,501,1
34,563,1
34,794,1
34,815,1
34,931,1
34,1194,1
34,1305,1
34,1323,1
34,1565,1
35,78,1
35,319,1
35,442,1
35,647,1
35,746,1
35,789,1
35,853,1
35,1148,1
35,1195,3
35,1618,1
36,164,2
36,178,1
36,247,1
36,248,1
36,263,1
36,301,1
36,421,1
36,542,1
36,635,1
36,795,1
36,815,1
36,841,1
36,950,1
36,955,1
36,974,1
36,1018,1
36,1308,1
36,1363,1
37,197,1
37,285,1
37,341,1
37,483,3
37,526,1
37,787,1
37,840,1
37,1036,3
37,1060,1
37,1182,3
37,1233,1
37,1263,1
37,1344,3
37,1451,1
38,57,1
38,66,3
38,171,3
38,249,1
38,391,1
38,602,1
38,666,1
38,793,1
38,943,1
38,1033,1
38,1038,3
38,1046,1
38,1261,1
38,1570,1
39,1550,3
40,168,1
40,273,1
40,683,1
40,715,3
40,861,3
40,1007,1
40,1047,3
40,1065,1
40,1221,1
40,1349,1
40,1591,3
41,187,1
41,277,1
41,318,1
41,607,1
41,821,1
41,841,1
41,1114,1
42,4,1
42,202,1
42,234,1
42,240,1
42,244,1
42,342,1
42,498,1
42,522,1
42,567,1
42,602,1
42,643,1
42,666,1
42,687,1
42,693,1
42,710,1
42,793,1
42,819,1
42,882,1
42,890,1
42,933,1
42,942,1
42,943,1
42,1002,1
42,1033,1
42,1113,1
42,1201,1
42,1202,1
42,1222,1
42,1238,1
42,1330,1
42,1378,1
42,1383,1
42,1402,1
42,1500,1
42,1584,1
42,1588,1
42,1600,1
42,1614,1
43,155,3
43,160,1
43,207,1
43,313,1
43,327,1
43,367,1
43,383,1
43,392,1
43,485,1
43,518,1
43,574,1
43,596,1
43,616,1
43,637,1
43,649,1
43,747,1
43,820,1
43,856,1
43,867,1
43,942,1
43,946,1
43,953,1
43,993,1
43,994,3
43,1004,1
43,1014,1
43,1032,1
43,1044,1
43,1192,1
43,1289,1
43,1307,3
43,1324,1
43,1392,1
43,1479,1
43,1481,1
43,1489,1
43,1492,1
43,1511,1
43,1568,1
43,1630,1
44,456,1
44,623,1
44,729,1
44,739,1
44,1138,1
44,1139,1
44,1406,1
44,1588,3
44,1590,1
44,1591,1
45,274,3
47,61,3
47,201,1
47,252,1
47,295,1
47,305,1
47,354,1
47,397,1
47,441,1
47,461,1
47,517,1
47,533,3
47,536,1
47,584,1
47,592,1
47,599,1
47,604,1
47,658,1
47,697,1
47,699,1
47,715,1
47,718,1
47,834,1
47,839,1
47,846,1
47,887,1
47,954,1
47,964,1
47,971,1
47,980,1
47,1005,1
47,1015,1
47,1087,1
47,1098,1
47,1102,1
47,1119,1
47,1177,1
47,1183,1
47,1250,1
47,1316,1
47,1318,1
47,1360,1
47,1365,1
47,1390,1
47,1397,1
47,1410,1
47,1418,1
47,1487,1
47,1528,1
47,1534,1
47,1552,1
47,1556,1
47,1575,1
47,1587,1
48,118,1
48,281,1
48,674,1
48,883,1
48,977,1
48,1204,3
48,1239,1
48,1362,1
48,1470,1
48,1502,1
49,128,1
49,233,1
49,783,1
49,1146,1
49,1205,1
49,1345,1
49,1361,1
49,1384,1
49,1465,1
49,1594,1
49,1617,1
50,70,3
50,141,1
50,287,1
50,334,1
50,428,1
50,606,1
50,619,1
50,641,1
50,851,1
50,855,1
50,942,1
50,1459,1
50,1548,1
50,1614,1
50,1615,3
51,77,1
51,178,1
51,247,1
51,261,3
51,363,1
51,391,1
51,432,1
51,462,1
51,478,1
51,576,1
51,617,3
51,635,1
51,690,1
51,766,1
51,836,1
51,841,1
51,950,1
51,955,1
51,997,1
51,1018,1
51,1061,1
51,1203,1
51,1211,1
51,1264,1
51,1296,1
51,1363,1
51,1462,1
51,1611,1
52,310,1
52,382,3
52,408,3
52,559,1
52,703,1
52,813,3
52,1068,1
52,1274,1
53,229,3
53,942,1
53,1266,3
53,1469,1
54,914,1
54,932,1
54,1085,1
55,413,3
56,161,3
56,209,1
56,223,1
56,730,1
56,1143,3
56,1320,1
56,1423,1
56,1557,1
57,236,3
57,255,1
57,318,1
57,358,1
57,365,1
57,438,1
57,466,1
57,701,3
57,713,1
57,773,3
57,897,1
57,1110,1
57,1164,1
57,1315,1
57,1422,1
57,1576,1
58,117,1
58,229,1
58,293,1
58,369,1
58,443,1
58,451,1
58,604,1
58,712,1
58,798,1
58,1021,1
58,1156,1
58,1380,1
58,1516,1
59,242,3
59,1085,3
60,301,3
60,843,3
61,359,1
61,493,1
61,816,1
61,901,1
61,925,3
61,1093,3
61,1431,3
61,1500,3
62,185,2
62,351,1
62,402,1
62,833,1
62,910,1
62,1065,1
62,1117,1
62,1149,1
62,1158,1
62,1275,1
62,1449,1
63,117,1
63,548,3
63,614,1
63,630,1
63,662,3
63,802,1
63,1441,3
64,200,1
64,432,3
64,576,3
64,900,1
64,1305,1
65,249,1
65,520,1
65,549,1
65,744,1
65,800,1
65,888,1
65,1085,3
65,1086,1
65,1131,3
65,1218,1
65,1249,1
65,1417,1
66,297,3
66,1333,3
67,253,1
67,397,1
67,470,1
67,510,1
67,844,1
67,908,1
67,975,1
67,1022,3
67,1126,1
67,1180,3
67,1268,1
67,1452,1
68,254,1
68,678,1
68,892,1
68,1219,1
68,1490,1
68,1505,1
68,1620,1
69,114,1
69,118,1
69,244,1
69,427,3
69,902,3
69,1340,3
69,1415,1
70,44,1
70,207,1
70,363,3
70,406,3
70,459,1
70,755,1
70,935,1
70,945,1
70,987,1
70,989,1
70,1273,1
70,1301,1
70,1419,1
70,1529,1
70,1597,3
71,247,1
71,357,1
71,493,3
71,945,1
71,971,3
72,402,1
72,457,1
72,532,1
72,800,3
72,960,1
72,979,3
72,1368,3
72,1428,3
72,1604,1
73,51,1
73,620,1
73,897,1
73,947,1
73,974,1
73,1226,3
74,102,1
74,221,1
74,235,1
74,335,1
74,645,1
74,725,3
74,904,3
74,949,1
74,956,1
74,1294,1
74,1523,1
74,1537,1
74,1538,1
74,1545,1
74,1639,1
75,194,1
75,195,1
75,312,1
75,440,1
75,548,3
75,896,1
75,1006,1
75,1471,1
75,1497,1
76,114,1
76,118,1
76,1331,3
76,1564,1
77,82,1
77,91,1
77,114,1
77,118,1
77,200,1
77,237,1
77,239,1
77,243,1
77,257,1
77,261,1
77,291,1
77,369,1
77,384,1
77,412,1
77,414,1
77,446,1
77,451,1
77,475,1
77,510,1
77,512,1
77,519,1
77,538,1
77,539,1
77,557,1
77,564,1
77,585,1
77,587,1
77,593,1
77,618,1
77,628,1
77,639,1
77,650,1
77,675,1
77,688,1
77,691,1
77,696,1
77,728,3
77,767,1
77,858,1
77,868,1
77,892,1
77,893,1
77,912,1
77,914,3
77,923,1
77,948,1
77,1000,1
77,1001,3
77,1010,1
77,1012,1
77,1021,1
77,1045,1
77,1061,1
77,1067,1
77,1093,1
77,1097,1
77,1153,1
77,1156,1
77,1191,1
77,1212,1
77,1284,1
77,1293,1
77,1310,1
77,1321,1
77,1332,1
77,1335,1
77,1356,1
77,1385,1
77,1398,1
77,1455,1
77,1519,1
77,1525,1
77,1526,1
77,1539,1
77,1558,1
77,1579,1
77,1582,1
77,1615,1
77,1616,1
78,84,2
78,93,1
78,557,3
78,956,1
78,1198,1
79,155,1
79,433,1
79,506,1
79,651,1
79,934,3
79,1018,3
79,1224,1
79,1414,1
79,1506,1
80,169,1
80,774,3
80,1162,1
81,229,1
81,477,3
81,803,1
81,810,1
81,1037,3
81,1357,1
81,1411,1
82,67,1
82,218,1
82,246,1
82,552,1
82,704,1
82,773,1
82,818,1
82,884,1
82,908,1
82,975,1
82,1213,1
82,1270,1
82,1453,1
82,1454,1
82,1626,1
83,2,1
83,31,1
83,33,1
83,71,1
83,98,1
83,100,1
83,120,2
83,128,1
83,138,1
83,149,1
83,152,1
83,155,1
83,175,1
83,183,1
83,216,1
83,219,1
83,224,1
83,227,1
83,251,1
83,260,1
83,265,1
83,267,1
83,269,1
83,275,1
83,279,1
83,283,1
83,286,1
83,289,1
83,291,1
83,292,1
83,314,1
83,330,1
83,336,1
83,341,1
83,342,1
83,347,1
83,349,1
83,353,1
83,362,1
83,368,1
83,371,1
83,376,1
83,387,1
83,393,1
83,410,1
83,417,1
83,423,1
83,426,1
83,430,1
83,437,1
83,440,1
83,446,1
83,453,1
83,463,1
83,464,1
83,466,1
83,472,1
83,473,1
83,489,1
83,492,1
83,502,1
83,504,1
83,505,1
83,510,1
83,522,1
83,523,1
83,533,1
83,539,1
83,540,1
83,541,1
83,544,1
83,555,1
83,560,1
83,564,1
83,568,1
83,589,1
83,591,1
83,598,1
83,601,1
83,613,1
83,615,1
83,627,1
83,643,1
83,650,1
83,656,1
83,659,1
83,661,1
83,663,1
83,675,1
83,684,1
83,691,1
83,694,1
83,696,1
83,722,1
83,724,1
83,728,1
83,731,1
83,735,1
83,765,1
83,767,1
83,770,1
83,774,1
83,777,1
83,778,1
83,781,1
83,783,1
83,792,1
83,807,1
83,811,1
83,813,1
83,817,1
83,822,1
83,828,1
83,838,1
83,843,1
83,849,1
83,850,1
83,859,1
83,862,1
83,866,1
83,871,1
83,880,1
83,885,1
83,889,1
83,891,1
83,894,1
83,895,1
83,925,1
83,933,1
83,934,1
83,938,1
83,951,1
83,952,1
83,963,1
83,965,1
83,978,1
83,984,1
83,1008,1
83,1009,1
83,1013,1
83,1016,1
83,1032,1
83,1042,1
83,1043,1
83,1050,1
83,1054,1
83,1055,1
83,1071,1
83,1075,1
83,1077,1
83,1079,1
83,1103,1
83,1106,1
83,1116,1
83,1122,1
83,1130,1
83,1143,1
83,1144,1
83,1159,1
83,1171,1
83,1187,1
83,1194,1
83,1202,1
83,1204,1
83,1210,1
83,1220,1
83,1226,1
83,1229,1
83,1232,1
83,1235,1
83,1237,1
83,1243,1
83,1244,1
83,1245,1
83,1249,1
83,1251,1
83,1274,1
83,1281,1
83,1283,1
83,1290,1
83,1303,1
83,1305,1
83,1306,1
83,1309,1
83,1321,1
83,1324,1
83,1325,1
83,1327,1
83,1329,1
83,1331,1
83,1342,1
83,1346,1
83,1348,1
83,1353,1
83,1356,1
83,1357,1
83,1363,1
83,1367,1
83,1374,1
83,1375,1
83,1376,1
83,1389,1
83,1406,1
83,1412,1
83,1413,1
83,1420,1
83,1445,1
83,1448,1
83,1460,1
83,1461,1
83,1468,1
83,1469,3
83,1470,1
83,1477,1
83,1481,1
83,1484,1
83,1489,1
83,1491,1
83,1496,1
83,1508,1
83,1510,1
83,1515,1
83,1518,1
83,1539,1
83,1542,1
83,1547,1
83,1555,1
83,1557,1
83,1558,1
83,1569,1
83,1576,1
83,1578,1
83,1580,1
83,1582,1
83,1599,1
83,1600,1
83,1601,1
83,1613,1
83,1615,1
83,1623,1
83,1625,1
83,1630,1
83,1632,1
84,567,3
84,813,1
84,1341,3
85,112,1
85,216,3
85,238,1
85,835,1
85,854,1
85,862,1
85,1128,1
85,1282,1
86,251,3
86,419,1
86,538,1
86,851,3
86,864,3
86,902,1
86,1013,3
86,1062,1
86,1109,3
86,1183,1
86,1332,1
86,1359,1
86,1382,3
87,79,1
87,160,1
87,268,1
87,415,1
87,433,1
87,506,1
87,508,1
87,602,1
87,638,1
87,743,1
87,793,1
87,847,1
87,943,1
87,947,1
87,1107,1
87,1125,1
87,1181,1
87,1350,1
87,1414,1
87,1506,1
87,1570,1
88,320,3
88,502,3
88,997,3
89,815,1
89,1090,1
89,1120,1
89,1247,1
89,1314,1
89,1506,3
89,1535,3
89,1554,3
89,1585,1
90,142,1
90,228,3
90,306,1
90,322,1
90,324,1
90,553,1
90,617,1
90,783,3
90,799,1
90,863,1
90,1133,1
90,1236,1
90,1263,1
90,1291,1
90,1391,1
90,1475,1
90,1633,1
91,340,1
91,355,1
91,357,1
91,360,1
91,405,1
91,422,1
91,430,1
91,435,1
91,468,3
91,507,1
91,527,1
91,553,1
91,629,3
91,737,1
91,779,1
91,810,1
91,864,1
91,983,1
91,991,1
91,1038,1
91,1059,1
91,1120,1
91,1140,1
91,1228,3
91,1268,1
91,1286,1
91,1295,1
91,1357,1
91,1429,1
91,1524,1
91,1549,1
91,1595,1
91,1606,1
92,916,1
92,1142,1
92,1636,1
93,1295,1
93,1549,1
94,198,1
94,199,1
94,220,1
94,234,1
94,306,1
94,374,1
94,401,1
94,458,1
94,469,1
94,470,3
94,551,1
94,749,1
94,844,1
94,995,1
94,1019,1
94,1025,1
94,1051,1
94,1061,3
94,1072,1
94,1105,1
94,1106,1
94,1123,1
94,1132,1
94,1155,1
94,1169,1
94,1194,1
94,1217,1
94,1223,1
94,1295,1
94,1305,1
94,1380,3
94,1430,1
94,1443,1
94,1549,1
94,1609,1
95,109,1
95,134,2
95,281,1
95,494,1
95,512,3
95,781,3
95,883,1
95,1115,1
95,1201,3
95,1239,1
95,1480,1
96,419,1
96,471,1
96,903,1
96,1017,1
96,1063,1
96,1092,1
96,1160,1
96,1175,1
96,1189,1
96,1522,1
96,1566,1
97,15,1
97,439,1
97,458,3
97,530,1
97,709,1
97,762,1
97,1119,3
97,1166,1
97,1514,1
98,125,2
98,128,2
98,506,1
98,783,1
98,812,3
98,823,1
98,1040,1
98,1388,1
98,1396,1
98,1440,1
98,1465,1
98,1533,1
99,5,1
99,115,1
99,263,1
99,301,1
99,370,1
99,409,1
99,474,1
99,516,1
99,588,1
99,603,1
99,605,1
99,672,1
99,773,1
99,779,1
99,791,1
99,832,1
99,841,1
99,901,1
99,947,1
99,1018,1
99,1101,1
99,1164,1
99,1270,1
99,1284,1
99,1349,1
99,1425,1
99,1593,1
100,183,1
100,316,1
100,372,1
100,376,1
100,389,1
100,746,1
100,770,1
100,909,1
100,963,1
100,969,1
100,1071,1
100,1079,1
100,1134,1
100,1222,1
100,1296,3
100,1445,1
100,1477,1
100,1484,1
100,1569,1
101,172,2
101,313,3
101,1188,1
101,1196,3
102,496,3
102,1505,3
102,1584,1
103,1126,3
103,1441,1
104,392,1
104,405,1
104,510,1
104,1246,1
105,543,1
105,784,1
105,879,3
105,1395,1
106,380,3
106,432,3
106,511,1
106,558,1
106,629,1
106,1087,3
106,1510,1
106,1622,1
107,826,1
107,1588,1
107,1610,1
108,210,1
108,483,1
108,548,1
108,797,1
108,945,1
108,1108,1
108,1254,1
108,1280,1
108,1405,1
109,107,1
109,177,1
109,180,1
109,186,1
109,196,1
109,217,1
109,228,1
109,243,1
109,275,1
109,276,1
109,318,1
109,331,1
109,336,1
109,378,1
109,389,1
109,393,1
109,410,1
109,420,1
109,454,1
109,505,1
109,510,1
109,526,1
109,565,1
109,566,1
109,598,1
109,628,1
109,631,1
109,653,1
109,681,1
109,746,1
109,752,1
109,753,1
109,765,1
109,780,1
109,813,1
109,826,3
109,850,1
109,876,1
109,885,1
109,906,1
109,917,1
109,958,1
109,963,1
109,968,1
109,969,1
109,1020,1
109,1073,1
109,1082,1
109,1103,1
109,1134,1
109,1144,1
109,1191,1
109,1192,1
109,1241,1
109,1279,1
109,1312,1
109,1328,1
109,1350,1
109,1387,1
109,1393,1
109,1420,1
109,1444,1
109,1472,1
109,1494,1
109,1498,1
109,1509,1
109,1512,1
109,1531,1
109,1554,1
109,1623,1
109,1624,1
109,1631,1
110,128,3
110,314,1
110,380,1
110,437,1
110,547,1
110,698,1
110,817,1
110,828,1
110,1107,3
110,1509,3
110,1585,3
110,1628,1
111,163,1
111,269,1
111,602,3
111,878,1
111,882,3
111,1145,1
111,1289,3
111,1292,1
112,299,1
112,846,3
112,1069,1
112,1521,1
112,1570,3
113,792,3
113,1427,3
114,265,1
114,296,1
114,348,1
114,373,1
114,377,1
114,393,1
114,406,1
114,448,1
114,464,1
114,488,1
114,489,1
114,494,1
114,521,1
114,537,1
114,556,1
114,584,3
114,586,1
114,597,1
114,640,1
114,648,1
114,664,1
114,668,1
114,708,1
114,768,1
114,808,1
114,813,1
114,850,1
114,856,1
114,865,1
114,895,1
114,910,1
114,951,1
114,996,1
114,1026,1
114,1041,1
114,1054,1
114,1074,1
114,1078,1
114,1115,1
114,1127,1
114,1136,1
114,1141,1
114,1151,1
114,1152,1
114,1172,1
114,1198,1
114,1220,1
114,1222,1
114,1229,1
114,1237,1
114,1317,1
114,1339,1
114,1359,1
114,1374,1
114,1393,1
114,1409,1
114,1437,1
114,1446,1
114,1472,1
114,1480,1
114,1498,1
114,1512,1
114,1529,1
114,1573,1
114,1635,1
114,1637,1
114,1638,1
115,108,1
115,315,1
115,382,1
115,444,1
115,656,1
115,856,1
115,1124,1
115,1518,1
116,486,1
116,577,1
116,1094,1
116,1179,3
116,1206,1
116,1371,1
116,1447,3
116,1495,1
117,363,3
117,789,1
117,791,1
117,1148,1
117,1618,1
118,200,1
118,265,1
118,296,1
118,373,1
118,393,1
118,406,1
118,464,1
118,488,1
118,521,1
118,537,1
118,586,1
118,648,1
118,664,1
118,668,1
118,708,1
118,768,1
118,813,1
118,850,1
118,865,1
118,866,1
118,885,1
118,895,1
118,951,1
118,1008,1
118,1026,1
118,1041,1
118,1054,1
118,1074,1
118,1078,1
118,1127,1
118,1136,1
118,1141,1
118,1151,1
118,1198,1
118,1220,1
118,1222,1
118,1229,1
118,1234,1
118,1235,1
118,1237,1
118,1317,1
118,1339,1
118,1374,1
118,1380,3
118,1393,1
118,1409,1
118,1420,1
118,1427,1
118,1437,1
118,1446,1
118,1480,1
118,1498,1
118,1504,1
118,1529,1
118,1573,1
118,1635,1
118,1637,1
118,1638,1
119,1,1
119,2,1
119,4,1
119,11,1
119,12,1
119,18,1
119,26,1
119,38,1
119,48,1
119,56,1
119,57,1
119,61,1
119,72,1
119,77,1
119,87,1
119,90,1
119,96,1
119,108,1
119,112,1
119,114,1
119,116,1
119,118,1
119,121,1
119,128,1
119,134,1
119,136,1
119,141,1
119,149,1
119,151,1
119,155,1
119,163,1
119,164,1
119,168,1
119,170,2
119,178,1
119,180,1
119,185,1
119,188,1
119,192,1
119,194,1
119,195,1
119,199,1
119,202,1
119,209,1
119,230,1
119,231,1
119,233,1
119,237,1
119,238,1
119,240,1
119,244,1
119,250,1
119,253,1
119,255,1
119,256,1
119,273,1
119,281,1
119,291,1
119,299,1
119,302,1
119,320,1
119,324,1
331,119,0
334,119,0
336,119,0
342,119,0
344,119,0
349,119,0
358,119,0
361,119,0
365,119,0
385,119,0
391,119,0
395,119,0
402,119,0
405,119,0
411,119,0
414,119,0
419,119,0
423,119,0
433,119,0
444,119,0
446,119,0
454,119,0
457,119,0
467,119,0
471,119,0
477,119,0
481,119,0
491,119,0
495,119,0
500,119,0
503,119,0
505,119,0
508,119,0
509,119,0
515,119,0
528,119,0
531,119,0
532,119,0
538,119,0
539,119,0
543,119,0
546,119,0
570,119,0
576,119,0
577,119,0
578,119,0
600,119,0
606,119,0
609,119,0
611,119,0
614,119,0
617,119,0
626,119,0
630,119,0
641,119,0
642,119,0
647,119,0
652,119,0
655,119,0
658,119,0
119,663,3
666,119,0
669,119,0
675,119,0
676,119,0
677,119,0
683,119,0
685,119,0
696,119,0
701,119,0
705,119,0
711,119,0
713,119,0
714,119,0
721,119,0
723,119,0
727,119,0
730,119,0
738,119,0
754,119,0
756,119,0
764,119,0
769,119,0
770,119,0
783,119,0
788,119,0
793,119,0
794,119,0
798,119,0
807,119,0
812,119,0
818,119,0
819,119,0
823,119,0
827,119,0
830,119,0
833,119,0
835,119,0
844,119,0
848,119,0
851,119,0
853,119,0
854,119,0
857,119,0
859,119,0
860,119,0
861,119,0
863,119,0
877,119,0
879,119,0
886,119,0
898,119,0
900,119,0
901,119,0
903,119,0
912,119,0
914,119,0
920,119,0
923,119,0
927,119,0
928,119,0
929,119,0
931,119,0
932,119,0
933,119,0
943,119,0
944,119,0
957,119,0
959,119,0
960,119,0
962,119,0
966,119,0
970,119,0
979,119,0
984,119,0
986,119,0
990,119,0
995,119,0
1003,119,0
1006,119,0
1007,119,0
1010,119,0
1017,119,0
1023,119,0
1029,119,0
1034,119,0
1040,119,0
1046,119,0
1065,119,0
1069,119,0
1071,119,0
1080,119,0
1085,119,0
1092,119,0
1100,119,0
1106,119,0
1109,119,0
1110,119,0
1115,119,0
1117,119,0
1121,119,0
1132,119,0
1138,119,0
1139,119,0
1142,119,0
1146,119,0
1148,119,0
1149,119,0
1152,119,0
1153,119,0
1158,119,0
1160,119,0
1163,119,0
1164,119,0
1169,119,0
1175,119,0
1176,119,0
1185,119,0
1186,119,0
1187,119,0
1193,119,0
1196,119,0
1197,119,0
1200,119,0
1206,119,0
1217,119,0
1221,119,0
1239,119,0
1246,119,0
1251,119,0
1262,119,0
1263,119,0
1274,119,0
1277,119,0
1280,119,0
1291,119,0
1293,119,0
1303,119,0
1305,119,0
1306,119,0
1307,119,0
1310,119,0
1319,119,0
1321,119,0
1323,119,0
1331,119,0
1334,119,0
1341,119,0
1350,119,0
1353,119,0
1356,119,0
1363,119,0
1368,119,0
1382,119,0
1384,119,0
1391,119,0
1396,119,0
1398,119,0
1400,119,0
1413,119,0
1414,119,0
1421,119,0
1438,119,0
1442,119,0
1454,119,0
1456,119,0
1457,119,0
1459,119,0
1464,119,0
1475,119,0
1477,119,0
1478,119,0
1480,119,0
1495,119,0
1497,119,0
1500,119,0
1506,119,0
1513,119,0
1515,119,0
1516,119,0
1517,119,0
1521,119,0
1522,119,0
1526,119,0
1535,119,0
1543,119,0
1544,119,0
1545,119,0
1546,119,0
1548,119,0
1551,119,0
1553,119,0
1555,119,0
1565,119,0
1566,119,0
1568,119,0
1569,119,0
1570,119,0
1579,119,0
1582,119,0
1584,119,0
1591,119,0
1599,119,0
1600,119,0
1604,119,0
1607,119,0
1610,119,0
1612,119,0
1616,119,0
1618,119,0
1621,119,0
1629,119,0
1633,119,0
1638,119,0
1640,119,0
1641,119,0
9,120,0
105,120,0
128,120,0
130,120,0
151,120,0
202,120,0
211,120,0
216,120,0
221,120,0
235,120,0
249,120,0
250,120,0
253,120,0
267,120,0
270,120,0
271,120,0
309,120,0
330,120,0
335,120,0
336,120,0
347,120,0
362,120,0
366,120,0
387,120,0
409,120,0
414,120,0
422,120,0
440,120,0
442,120,0
446,120,0
453,120,0
473,120,0
479,120,0
495,120,0
514,120,0
520,120,0
523,120,0
539,120,0
549,120,0
568,120,0
572,120,0
580,120,0
592,120,0
657,120,0
661,120,0
662,120,0
663,120,0
675,120,0
687,120,0
693,120,0
696,120,0
730,120,0
744,120,0
759,120,0
765,120,0
774,120,0
777,120,0
783,120,0
784,120,0
789,120,0
807,120,0
849,120,0
862,120,0
888,120,0
954,120,0
972,120,0
974,120,0
981,120,0
1013,120,0
1016,120,0
1028,120,0
1042,120,0
1043,120,0
1047,120,0
1050,120,0
1058,120,0
1064,120,0
1113,120,0
1116,120,0
1153,120,0
1168,120,0
1208,120,0
1210,120,0
1214,120,0
1231,120,0
1232,120,0
1281,120,0
1303,120,0
1306,120,0
1309,120,0
1315,120,0
1321,120,0
1331,120,0
1341,120,0
1346,120,0
1349,120,0
1363,120,0
1369,120,0
1376,120,0
1378,120,0
1395,120,0
1400,120,0
1412,120,0
1416,120,0
1417,120,0
1454,120,0
1476,120,0
1539,120,0
1542,120,0
1545,120,0
1557,120,0
1558,120,0
1560,120,0
1582,120,0
1601,120,0
1616,120,0
1618,120,0
1619,120,0
1632,120,0
1639,120,0
108,121,0
114,121,0
118,121,0
161,121,0
315,121,0
757,121,0
784,121,0
795,121,0
121,955,3
1062,121,0
1112,121,0
1190,121,0
1216,121,0
1280,121,0
1581,121,0
1639,121,0
415,122,0
515,122,0
122,697,3
926,122,0
122,1041,3
1546,122,0
1629,122,0
123,284,3
123,325,3
620,124,0
682,124,0
124,711,3
124,813,3
124,842,3
1124,124,0
15,125,0
125,128,2
186,125,0
396,125,0
125,483,3
671,125,0
702,125,0
783,125,0
922,125,0
930,125,0
948,125,0
991,125,0
1049,125,0
1106,125,0
1194,125,0
1205,125,0
1265,125,0
125,1267,3
1305,125,0
1321,125,0
1368,125,0
1396,125,0
1476,125,0
1539,125,0
1617,125,0
1620,125,0
259,126,0
126,295,3
126,340,3
352,126,0
438,126,0
465,126,0
651,126,0
1218,126,0
30,127,0
125,127,0
251,127,0
326,127,0
426,127,0
442,127,0
525,127,0
623,127,0
670,127,0
823,127,0
1258,127,0
127,1292,3
1466,127,0
289,128,0
414,128,0
454,128,0
624,128,0
751,128,0
783,128,0
823,128,0
874,128,0
1040,128,0
1083,128,0
1128,128,0
1202,128,0
1205,128,0
1265,128,0
1266,128,0
1388,128,0
1465,128,0
1476,128,0
1533,128,0
1617,128,0
129,215,3
270,129,0
436,129,0
643,129,0
129,706,3
129,1152,3
270,130,0
1208,130,0
1241,130,0
130,1430,3
1619,130,0
61,131,0
482,131,0
131,542,3
830,131,0
963,131,0
1082,131,0
1163,131,0
1583,131,0
13,132,0
370,132,0
409,132,0
132,457,3
132,683,3
690,132,0
132,794,3
832,132,0
892,132,0
985,132,0
1110,132,0
132,1248,3
132,1494,3
1549,132,0
14,133,0
84,133,0
133,305,3
400,133,0
425,133,0
914,133,0
932,133,0
998,133,0
1024,133,0
1352,133,0
1541,133,0
494,134,0
134,504,3
883,134,0
1115,134,0
1480,134,0
14,135,0
15,135,0
31,135,0
54,135,0
62,135,0
98,135,0
118,135,0
133,135,0
239,135,0
241,135,0
269,135,0
272,135,0
281,135,0
317,135,0
320,135,0
338,135,0
342,135,0
379,135,0
398,135,0
403,135,0
416,135,0
424,135,0
430,135,0
447,135,0
468,135,0
480,135,0
522,135,0
564,135,0
607,135,0
610,135,0
620,135,0
650,135,0
655,135,0
657,135,0
674,135,0
702,135,0
720,135,0
725,135,0
738,135,0
742,135,0
745,135,0
749,135,0
767,135,0
772,135,0
783,135,0
790,135,0
802,135,0
824,135,0
831,135,0
833,135,0
881,135,0
883,135,0
898,135,0
902,135,0
905,135,0
931,135,0
932,135,0
940,135,0
1027,135,0
1085,135,0
1088,135,0
1091,135,0
1095,135,0
1111,135,0
1113,135,0
1117,135,0
1118,135,0
1131,135,0
1147,135,0
1150,135,0
1158,135,0
1187,135,0
1202,135,0
1205,135,0
1207,135,0
1257,135,0
1260,135,0
1265,135,0
1271,135,0
1297,135,0
1299,135,0
1327,135,0
1348,135,0
1351,135,0
1352,135,0
1370,135,0
1372,135,0
1406,135,0
1441,135,0
1449,135,0
1458,135,0
1465,135,0
1472,135,0
1476,135,0
1478,135,0
1483,135,0
1486,135,0
1496,135,0
1498,135,0
1499,135,0
1507,135,0
1508,135,0
1510,135,0
1536,135,0
1550,135,0
1561,135,0
1562,135,0
1563,135,0
1600,135,0
1617,135,0
1,136,0
273,136,0
683,136,0
705,136,0
754,136,0
1007,136,0
1221,136,0
1532,136,0
137,206,3
214,137,0
230,137,0
481,137,0
619,137,0
877,137,0
1080,137,0
1186,137,0
1319,137,0
1382,137,0
1513,137,0
1640,137,0
138,728,3
1367,138,0
1468,138,0
138,1612,3
675,139,0
858,139,0
900,139,0
988,139,0
139,1282,3
139,1390,3
1393,139,0
1404,139,0
1532,139,0
2,140,0
78,140,0
84,140,0
100,140,0
114,140,0
121,140,0
170,140,0
140,193,2
216,140,0
243,140,0
250,140,0
275,140,0
277,140,0
282,140,0
290,140,0
292,140,0
302,140,0
304,140,0
309,140,0
316,140,0
318,140,0
324,140,0
333,140,0
342,140,0
376,140,0
393,140,0
429,140,0
446,140,0
474,140,0
480,140,0
481,140,0
484,140,0
504,140,0
509,140,0
529,140,0
539,140,0
545,140,0
555,140,0
591,140,0
617,140,0
619,140,0
628,140,0
645,140,0
656,140,0
678,140,0
696,140,0
711,140,0
719,140,0
722,140,0
728,140,0
731,140,0
745,140,0
746,140,0
754,140,0
757,140,0
765,140,0
771,140,0
774,140,0
777,140,0
817,140,0
822,140,0
845,140,0
849,140,0
850,140,0
865,140,0
868,140,0
872,140,0
877,140,0
885,140,0
886,140,0
900,140,0
909,140,0
913,140,0
925,140,0
959,140,0
963,140,0
969,140,0
976,140,0
987,140,0
988,140,0
1003,140,0
1009,140,0
1013,140,0
1032,140,0
1043,140,0
1056,140,0
1063,140,0
1075,140,0
1080,140,0
1088,140,0
1106,140,0
1121,140,0
1122,140,0
1130,140,0
1134,140,0
1144,140,0
1147,140,0
1154,140,0
1159,140,0
1168,140,0
1180,140,0
1186,140,0
1188,140,0
1191,140,0
1193,140,0
1194,140,0
1195,140,0
1210,140,0
1225,140,0
1228,140,0
1229,140,0
1232,140,0
1236,140,0
1251,140,0
1263,140,0
1272,140,0
1282,140,0
1287,140,0
1295,140,0
1297,140,0
1300,140,0
1305,140,0
1309,140,0
1314,140,0
1319,140,0
1324,140,0
1331,140,0
1332,140,0
1341,140,0
1351,140,0
1362,140,0
1363,140,0
1374,140,0
1382,140,0
1391,140,0
1403,140,0
1404,140,0
1420,140,0
1457,140,0
1460,140,0
1464,140,0
1469,140,0
1475,140,0
1481,140,0
1490,140,0
1513,140,0
1518,140,0
1535,140,0
1536,140,0
1549,140,0
1554,140,0
1557,140,0
1584,140,0
1585,140,0
1599,140,0
1601,140,0
1620,140,0
1633,140,0
1640,140,0
1641,140,0
72,141,0
334,141,0
442,141,0
606,141,0
141,623,3
728,141,0
141,944,3
141,1090,3
34,142,0
266,142,0
325,142,0
142,583,3
747,142,0
1084,142,0
1267,142,0
1493,142,0
243,143,0
249,143,0
279,143,0
549,143,0
550,143,0
569,143,0
628,143,0
693,143,0
743,143,0
744,143,0
888,143,0
895,143,0
941,143,0
965,143,0
1086,143,0
1188,143,0
1191,143,0
1234,143,0
1417,143,0
1427,143,0
1434,143,0
143,1453,3
1585,143,0
144,174,2
355,144,0
144,394,3
144,486,3
144,575,3
613,144,0
809,144,0
144,853,3
434,145,0
475,145,0
676,145,0
857,145,0
898,145,0
145,993,3
146,404,3
146,766,3
1015,146,0
196,148,0
775,148,0
875,148,0
1334,148,0
1337,148,0
291,149,0
149,358,3
463,149,0
508,149,0
149,556,3
894,149,0
149,1070,3
1196,149,0
1200,149,0
1547,149,0
337,150,0
150,454,3
760,150,0
829,150,0
150,950,3
150,1558,3
1605,150,0
151,305,3
471,151,0
863,151,0
151,889,3
918,151,0
1189,151,0
1438,151,0
152,1197,3
152,1332,3
1476,152,0
153,444,3
771,153,0
845,153,0
1300,153,0
350,154,0
351,154,0
841,154,0
1296,154,0
311,155,0
336,155,0
505,155,0
765,155,0
807,155,0
948,155,0
155,1180,3
1273,155,0
1284,155,0
1321,155,0
1523,155,0
1526,155,0
1539,155,0
1558,155,0
1572,155,0
156,1524,3
3,157,0
294,157,0
382,157,0
490,157,0
695,157,0
750,157,0
1081,157,0
1096,157,0
1135,157,0
1358,157,0
1433,157,0
114,158,0
118,158,0
158,291,3
158,621,3
692,158,0
158,1476,3
249,159,0
368,159,0
371,159,0
393,159,0
464,159,0
472,159,0
159,479,3
159,483,3
489,159,0
504,159,0
549,159,0
598,159,0
159,645,3
684,159,0
744,159,0
792,159,0
813,159,0
850,159,0
866,159,0
885,159,0
888,159,0
159,943,3
951,159,0
159,984,3
996,159,0
1008,159,0
1054,159,0
1077,159,0
1086,159,0
1103,159,0
1143,159,0
1229,159,0
1234,159,0
1237,159,0
1283,159,0
1374,159,0
1420,159,0
1427,159,0
1509,159,0
159,1593,3
1600,159,0
191,160,0
293,160,0
329,160,0
481,160,0
160,591,3
625,160,0
706,160,0
1035,160,0
1248,160,0
1259,160,0
1516,160,0
161,489,3
624,161,0
665,161,0
952,161,0
161,1322,3
162,270,3
303,162,0
310,162,0
407,162,0
733,162,0
941,162,0
1061,162,0
1089,162,0
162,1401,3
314,163,0
714,163,0
861,163,0
928,163,0
1034,163,0
1197,163,0
1612,163,0
163,1623,3
24,164,0
164,178,2
247,164,0
263,164,0
164,438,3
513,164,0
635,164,0
164,652,3
766,164,0
950,164,0
955,164,0
974,164,0
982,164,0
991,164,0
1203,164,0
1205,164,0
1211,164,0
1363,164,0
1440,164,0
1617,164,0
165,736,3
165,795,3
165,960,3
165,983,3
278,166,0
430,166,0
445,166,0
814,166,0
1137,166,0
166,1344,3
1348,166,0
166,1428,3
1508,166,0
2,167,0
509,167,0
167,568,3
827,167,0
167,1210,3
1251,167,0
1491,167,0
281,168,0
883,168,0
977,168,0
987,168,0
1239,168,0
1502,168,0
168,1518,3
15,169,0
114,169,0
118,169,0
169,203,3
315,169,0
444,169,0
757,169,0
824,169,0
852,169,0
887,169,0
1011,169,0
1063,169,0
1133,169,0
1228,169,0
1282,169,0
1377,169,0
169,1431,3
1439,169,0
1608,169,0
4,170,0
18,170,0
48,170,0
128,170,0
135,170,0
168,170,0
199,170,0
212,170,0
218,170,0
232,170,0
255,170,0
264,170,0
269,170,0
291,170,0
292,170,0
293,170,0
297,170,0
302,170,0
320,170,0
332,170,0
339,170,0
342,170,0
346,170,0
356,170,0
358,170,0
374,170,0
381,170,0
387,170,0
388,170,0
393,170,0
398,170,0
170,401,3
408,170,0
424,170,0
427,170,0
450,170,0
454,170,0
487,170,0
511,170,0
529,170,0
549,170,0
561,170,0
575,170,0
576,170,0
579,170,0
580,170,0
610,170,0
620,170,0
634,170,0
636,170,0
656,170,0
660,170,0
683,170,0
692,170,0
721,170,0
722,170,0
723,170,0
734,170,0
742,170,0
758,170,0
763,170,0
765,170,0
774,170,0
783,170,0
790,170,0
796,170,0
798,170,0
801,170,0
813,170,0
819,170,0
825,170,0
831,170,0
849,170,0
850,170,0
860,170,0
863,170,0
881,170,0
885,170,0
897,170,0
899,170,0
907,170,0
914,170,0
915,170,0
916,170,0
919,170,0
925,170,0
932,170,0
933,170,0
939,170,0
950,170,0
970,170,0
990,170,0
995,170,0
999,170,0
1001,170,0
1023,170,0
1036,170,0
1040,170,0
1043,170,0
1048,170,0
1057,170,0
1066,170,0
1086,170,0
1094,170,0
1104,170,0
1115,170,0
1120,170,0
1131,170,0
1132,170,0
1150,170,0
1152,170,0
1169,170,0
1178,170,0
1184,170,0
1187,170,0
1199,170,0
1202,170,0
1207,170,0
1221,170,0
1229,170,0
1232,170,0
1247,170,0
1249,170,0
1269,170,0
1309,170,0
1313,170,0
1326,170,0
1333,170,0
1338,170,0
1343,170,0
1370,170,0
1374,170,0
1396,170,0
1407,170,0
1411,170,0
1417,170,0
1420,170,0
1424,170,0
1432,170,0
1435,170,0
1438,170,0
1441,170,0
1442,170,0
1454,170,0
1467,170,0
1478,170,0
1482,170,0
1483,170,0
1516,170,0
1543,170,0
1546,170,0
1550,170,0
1557,170,0
170,1558,3
1562,170,0
1563,170,0
1580,170,0
1592,170,0
1598,170,0
1599,170,0
1600,170,0
1601,170,0
1629,170,0
1641,170,0
171,837,3
591,172,0
172,690,3
172,739,3
172,1157,3
1238,172,0
1291,172,0
321,173,0
1256,173,0
173,1372,3
1473,173,0
173,1505,3
174,196,3
174,239,3
174,394,3
174,463,3
174,559,3
174,621,3
809,174,0
31,175,0
138,175,0
227,175,0
249,175,0
279,175,0
291,175,0
292,175,0
330,175,0
368,175,0
371,175,0
422,175,0
463,175,0
464,175,0
472,175,0
489,175,0
502,175,0
514,175,0
529,175,0
598,175,0
615,175,0
643,175,0
663,175,0
684,175,0
694,175,0
701,175,0
722,175,0
735,175,0
774,175,0
777,175,0
781,175,0
175,782,3
792,175,0
175,818,3
850,175,0
888,175,0
894,175,0
925,175,0
939,175,0
996,175,0
1009,175,0
1043,175,0
1054,175,0
1058,175,0
1077,175,0
1079,175,0
1086,175,0
1103,175,0
1116,175,0
1143,175,0
1171,175,0
1202,175,0
1231,175,0
1232,175,0
1235,175,0
1237,175,0
1249,175,0
1274,175,0
1283,175,0
1309,175,0
1329,175,0
1331,175,0
1345,175,0
1361,175,0
1367,175,0
1374,175,0
175,1386,3
1389,175,0
1401,175,0
1413,175,0
1416,175,0
1417,175,0
1420,175,0
1468,175,0
1504,175,0
1509,175,0
1515,175,0
1518,175,0
175,1545,3
1547,175,0
1557,175,0
1580,175,0
1594,175,0
1601,175,0
146,176,0
795,176,0
841,176,0
1235,176,0
1296,176,0
176,1396,3
504,177,0
177,750,3
887,177,0
1434,177,0
224,178,0
403,178,0
178,1536,3
179,282,3
179,509,3
179,711,3
777,179,0
179,1225,3
1254,179,0
179,1310,3
1537,179,0
1538,179,0
180,194,3
180,608,3
180,1075,3
1157,180,0
31,181,0
37,181,0
108,181,0
225,181,0
285,181,0
308,181,0
311,181,0
315,181,0
323,181,0
343,181,0
396,181,0
443,181,0
444,181,0
499,181,0
548,181,0
571,181,0
573,181,0
608,181,0
609,181,0
621,181,0
633,181,0
741,181,0
786,181,0
787,181,0
797,181,0
838,181,0
840,181,0
876,181,0
918,181,0
922,181,0
930,181,0
181,948,3
992,181,0
1027,181,0
1052,181,0
1060,181,0
1062,181,0
1108,181,0
1209,181,0
1227,181,0
1233,181,0
1276,181,0
1280,181,0
1302,181,0
1354,181,0
1364,181,0
1408,181,0
1447,181,0
1451,181,0
181,1465,3
1474,181,0
1567,181,0
1572,181,0
182,302,3
449,182,0
521,182,0
785,182,0
659,183,0
770,183,0
859,183,0
1079,183,0
1477,183,0
183,1499,3
1569,183,0
434,184,0
464,184,0
184,659,3
678,184,0
1537,184,0
184,1610,3
820,185,0
833,185,0
185,1001,3
1117,185,0
1149,185,0
1158,185,0
1449,185,0
54,186,0
229,186,0
186,248,3
262,186,0
297,186,0
304,186,0
379,186,0
381,186,0
390,186,0
403,186,0
424,186,0
480,186,0
482,186,0
499,186,0
511,186,0
610,186,0
614,186,0
620,186,0
629,186,0
685,186,0
733,186,0
736,186,0
742,186,0
758,186,0
761,186,0
802,186,0
824,186,0
872,186,0
881,186,0
913,186,0
921,186,0
924,186,0
931,186,0
966,186,0
1028,186,0
1035,186,0
1047,186,0
1062,186,0
1106,186,0
1111,186,0
1131,186,0
1194,186,0
1195,186,0
1205,186,0
1225,186,0
1253,186,0
1322,186,0
1323,186,0
1338,186,0
1351,186,0
1357,186,0
1370,186,0
1372,186,0
1403,186,0
1415,186,0
1429,186,0
1441,186,0
1456,186,0
1465,186,0
1486,186,0
1550,186,0
1560,186,0
1563,186,0
1565,186,0
1577,186,0
1598,186,0
1617,186,0
1641,186,0
187,193,3
799,187,0
873,187,0
937,187,0
187,938,3
1381,187,0
1447,187,0
1488,187,0
765,188,0
879,188,0
188,1607,3
189,658,3
189,976,3
245,190,0
288,190,0
190,380,3
744,190,0
190,924,3
951,190,0
961,190,0
190,1162,3
190,1168,3
1347,190,0
1596,190,0
553,191,0
625,191,0
754,191,0
806,191,0
914,191,0
1035,191,0
1248,191,0
1252,191,0
1303,191,0
1516,191,0
192,740,3
1207,192,0
1607,192,0
2,193,0
71,193,0
78,193,0
84,193,0
90,193,0
100,193,0
114,193,0
118,193,0
121,193,0
170,193,0
202,193,0
209,193,0
216,193,0
243,193,0
250,193,0
275,193,0
277,193,0
282,193,0
290,193,0
292,193,0
193,296,3
302,193,0
304,193,0
309,193,0
318,193,0
322,193,0
324,193,0
328,193,0
333,193,0
342,193,0
347,193,0
376,193,0
387,193,0
389,193,0
446,193,0
484,193,0
503,193,0
504,193,0
509,193,0
545,193,0
555,193,0
562,193,0
572,193,0
612,193,0
617,193,0
656,193,0
696,193,0
719,193,0
726,193,0
728,193,0
731,193,0
732,193,0
745,193,0
757,193,0
765,193,0
771,193,0
774,193,0
798,193,0
813,193,0
817,193,0
821,193,0
822,193,0
827,193,0
845,193,0
850,193,0
868,193,0
871,193,0
872,193,0
902,193,0
906,193,0
909,193,0
913,193,0
925,193,0
949,193,0
969,193,0
976,193,0
988,193,0
990,193,0
1009,193,0
1013,193,0
1032,193,0
1043,193,0
1056,193,0
1062,193,0
1080,193,0
1088,193,0
1121,193,0
1122,193,0
1134,193,0
1137,193,0
1144,193,0
1153,193,0
1159,193,0
1168,193,0
1180,193,0
1186,193,0
1188,193,0
1191,193,0
1194,193,0
1202,193,0
1210,193,0
1219,193,0
1225,193,0
1228,193,0
1229,193,0
1232,193,0
1236,193,0
1249,193,0
1251,193,0
1263,193,0
1275,193,0
1277,193,0
1287,193,0
1295,193,0
1300,193,0
1309,193,0
1314,193,0
1315,193,0
1324,193,0
1326,193,0
1331,193,0
1332,193,0
1341,193,0
1362,193,0
1369,193,0
1374,193,0
1382,193,0
1464,193,0
1469,193,0
1475,193,0
1490,193,0
1491,193,0
1518,193,0
1535,193,0
1536,193,0
1585,193,0
1599,193,0
1600,193,0
1601,193,0
1630,193,0
1632,193,0
1633,193,0
1640,193,0
1641,193,0
35,194,0
234,194,0
238,194,0
411,194,0
466,194,0
194,676,3
776,194,0
835,194,0
854,194,0
1006,194,0
194,1453,3
1519,194,0
195,723,3
195,739,3
195,952,3
196,1081,3
197,783,3
197,1624,3
198,1566,3
199,1315,3
199,1590,3
200,993,3
201,1062,3
201,1229,3
203,438,3
204,661,3
204,793,3
205,1298,3
205,1586,3
206,455,3
206,644,3
206,808,3
206,1016,3
206,1156,3
207,1591,3
208,616,3
209,310,3
209,968,3
209,1569,3
210,316,3
210,1003,3
211,272,3
212,986,3
213,852,3
214,339,3
214,775,3
214,967,3
216,278,3
217,626,3
219,306,3
219,372,3
220,242,3
220,1282,3
222,379,3
222,903,3
223,1202,3
224,805,3
224,1159,3
225,286,3
226,1556,3
228,1119,3
228,1166,3
228,1434,3
228,1477,3
229,474,3
229,1513,3
230,981,3
230,1575,3
231,773,3
231,1206,3
232,875,3
232,1070,3
233,557,3
233,857,3
234,271,3
235,287,3
235,1118,3
236,664,3
237,886,3
237,1526,3
238,323,3
238,1018,3
238,1223,3
238,1479,3
238,1532,3
241,986,3
241,1211,3
242,1408,3
242,1452,3
243,829,3
244,828,3
244,918,3
244,945,3
246,823,3
246,1001,3
246,1523,3
247,508,3
248,679,3
249,419,3
249,527,3
249,837,3
249,908,3
249,985,3
249,1160,3
250,487,3
251,269,3
251,443,3
251,1068,3
252,1413,3
252,1564,3
254,787,3
255,623,3
256,342,3
258,1514,3
259,281,3
260,627,3
260,733,3
261,395,3
261,509,3
262,749,3
262,1388,3
262,1642,3
263,367,3
263,1240,3
263,1524,3
264,316,3
264,645,3
264,829,3
264,1328,3
264,1483,3
264,1569,3
265,1269,3
266,452,3
266,1121,3
266,1216,3
267,289,3
268,1108,3
268,1553,3
269,381,3
269,413,3
269,763,3
269,1275,3
269,1581,3
270,440,3
270,1509,3
271,944,3
271,1560,3
273,555,3
274,1126,3
274,1496,3
274,1581,3
275,363,3
276,1511,3
277,1127,3
277,1613,3
280,583,3
280,1490,3
281,397,3
281,739,3
281,1620,3
283,562,3
283,692,3
284,1550,3
285,1272,3
287,862,3
288,304,3
289,1444,3
290,1564,3
290,1597,3
291,1453,3
292,737,3
293,431,3
293,1028,3
293,1221,3
295,902,3
295,1078,3
295,1162,3
295,1482,3
296,328,3
299,1570,3
302,846,3
302,1289,3
303,466,3
304,619,3
308,470,3
309,1349,3
309,1503,3
309,1622,3
310,850,3
310,1065,3
312,336,3
312,820,3
312,844,3
312,973,3
313,1417,3
313,1542,3
314,1289,3
315,1461,3
316,914,3
316,988,3
316,1454,3
316,1517,3
317,501,3
317,923,3
317,980,3
317,1003,3
317,1029,3
317,1033,3
317,1269,3
317,1313,3
317,1539,3
319,1001,3
322,701,3
326,430,3
326,675,3
328,1164,3
329,1270,3
329,1429,3
330,891,3
330,1091,3
331,1280,3
333,1166,3
334,349,3
334,1394,3
334,1494,3
335,774,3
336,493,3
336,921,3
336,1254,3
336,1406,3
337,1237,3
339,1057,3
339,1076,3
340,812,3
340,1141,3
341,959,3
341,1628,3
342,377,3
342,1293,3
343,767,3
343,1219,3
344,1204,3
345,795,3
345,862,3
345,1308,3
346,358,3
346,1182,3
348,1311,3
349,737,3
349,919,3
350,1228,3
350,1294,3
351,935,3
352,412,3
352,496,3
352,527,3
352,1571,3
353,667,3
355,669,3
356,422,3
357,1181,3
358,1426,3
358,1582,3
360,1077,3
360,1203,3
361,453,3
361,606,3
362,772,3
363,864,3
363,1464,3
364,791,3
365,527,3
365,1134,3
366,858,3
366,1160,3
367,568,3
367,1300,3
368,1253,3
370,523,3
370,1030,3
372,542,3
372,754,3
372,923,3
374,1180,3
375,1034,3
376,924,3
378,422,3
378,976,3
378,1514,3
379,872,3
379,934,3
380,872,3
381,1190,3
382,1578,3
383,412,3
383,906,3
383,1637,3
384,1112,3
384,1124,3
384,1416,3
384,1518,3
386,455,3
387,740,3
388,1117,3
388,1381,3
388,1424,3
389,932,3
389,1332,3
390,644,3
390,828,3
391,689,3
391,760,3
391,816,3
391,936,3
391,997,3
391,1488,3
392,1034,3
393,831,3
393,1175,3
393,1604,3
395,487,3
395,720,3
397,1337,3
398,706,3
398,800,3
399,485,3
399,505,3
400,412,3
401,760,3
401,1287,3
402,1612,3
403,1408,3
403,1539,3
404,1390,3
405,439,3
405,1468,3
407,596,3
407,1206,3
409,509,3
409,1471,3
411,1110,3
411,1586,3
412,650,3
412,672,3
414,1508,3
415,1341,3
417,735,3
417,1583,3
418,486,3
419,1325,3
423,876,3
423,1376,3
424,749,3
424,1086,3
424,1500,3
424,1612,3
425,829,3
425,1620,3
426,1332,3
426,1364,3
427,1099,3
427,1266,3
428,543,3
428,1153,3
430,801,3
432,684,3
432,928,3
432,1042,3
432,1094,3
433,1093,3
435,659,3
435,907,3
435,1470,3
435,1614,3
436,1380,3
437,1264,3
437,1510,3
441,1002,3
442,556,3
443,1281,3
444,1316,3
446,644,3
446,1067,3
447,458,3
447,686,3
449,1047,3
452,1013,3
453,551,3
453,879,3
453,1398,3
455,1310,3
455,1518,3
456,1007,3
458,842,3
459,838,3
459,1084,3
459,1242,3
461,1062,3
462,562,3
464,557,3
464,1212,3
464,1571,3
465,633,3
465,1407,3
465,1486,3
465,1589,3
466,620,3
468,688,3
468,878,3
468,1179,3
469,567,3
469,650,3
469,935,3
469,1067,3
470,1402,3
470,1410,3
471,728,3
471,775,3
471,821,3
471,902,3
472,1277,3
473,1444,3
474,595,3
476,582,3
476,860,3
476,1337,3
478,1140,3
481,857,3
482,732,3
482,1626,3
483,1044,3
485,1444,3
487,1182,3
487,1222,3
488,800,3
488,914,3
490,508,3
490,795,3
491,1143,3
491,1233,3
494,589,3
495,867,3
495,1544,3
496,1308,3
496,1471,3
497,654,3
497,891,3
497,1404,3
498,561,3
498,580,3
500,763,3
501,627,3
501,1423,3
502,1455,3
505,802,3
505,922,3
506,978,3
506,1303,3
507,1167,3
508,619,3
508,1247,3
509,764,3
509,858,3
509,1501,3
510,574,3
510,591,3
510,642,3
510,960,3
511,762,3
511,1053,3
511,1577,3
511,1585,3
512,1571,3
513,974,3
514,1468,3
514,1573,3
516,864,3
517,1300,3
517,1534,3
518,1015,3
518,1240,3
521,604,3
521,1080,3
521,1187,3
522,997,3
525,795,3
525,1397,3
525,1487,3
526,608,3
526,876,3
526,967,3
528,961,3
528,1330,3
529,1186,3
530,1266,3
531,877,3
531,1129,3
531,1290,3
533,587,3
533,689,3
533,1231,3
534,1082,3
535,1120,3
535,1278,3
535,1308,3
536,1335,3
540,1197,3
541,572,3
541,1302,3
541,1590,3
542,1187,3
542,1565,3
544,953,3
544,1087,3
544,1224,3
544,1486,3
545,975,3
546,575,3
550,1152,3
551,581,3
551,722,3
551,1062,3
551,1340,3
551,1402,3
551,1481,3
552,1091,3
553,572,3
553,989,3
553,1417,3
554,877,3
555,641,3
555,858,3
555,1243,3
555,1350,3
558,1349,3
558,1584,3
561,720,3
561,879,3
561,946,3
561,1374,3
563,838,3
565,1305,3
565,1439,3
566,829,3
566,930,3
566,1010,3
566,1636,3
567,1176,3
568,1460,3
569,608,3
569,1091,3
571,1157,3
573,660,3
574,870,3
574,948,3
574,1034,3
575,1514,3
576,1586,3
576,1623,3
578,1000,3
579,669,3
579,1058,3
580,881,3
580,1397,3
582,862,3
582,1373,3
583,1266,3
584,936,3
584,1221,3
584,1533,3
585,611,3
585,1592,3
586,1416,3
587,658,3
587,1312,3
588,899,3
588,966,3
588,1090,3
589,1464,3
589,1528,3
590,600,3
590,727,3
590,1053,3
590,1179,3
594,659,3
594,1095,3
596,1027,3
598,1006,3
599,762,3
599,1399,3
600,848,3
602,632,3
602,1114,3
602,1285,3
603,1130,3
603,1144,3
603,1513,3
604,1041,3
604,1105,3
605,790,3
605,1264,3
605,1511,3
606,701,3
606,1559,3
607,857,3
607,1006,3
607,1062,3
607,1218,3
607,1569,3
608,1031,3
608,1538,3
609,1111,3
610,1603,3
612,837,3
613,992,3
613,1163,3
615,945,3
615,1305,3
615,1622,3
616,804,3
617,1314,3
618,620,3
618,906,3
619,1049,3
619,1513,3
620,1196,3
620,1454,3
621,1177,3
623,1117,3
623,1138,3
624,731,3
627,644,3
628,1335,3
628,1579,3
629,1333,3
630,779,3
631,1249,3
631,1341,3
632,689,3
632,1152,3
632,1375,3
632,1407,3
633,828,3
633,1027,3
633,1232,3
634,1115,3
634,1330,3
635,639,3
636,1193,3
636,1326,3
638,1580,3
639,1544,3
640,1165,3
640,1277,3
641,688,3
641,1126,3
642,778,3
642,908,3
642,1402,3
645,653,3
646,666,3
646,1035,3
646,1228,3
646,1594,3
647,736,3
649,1522,3
651,1302,3
654,1161,3
655,1217,3
656,912,3
656,1227,3
657,1167,3
657,1260,3
660,829,3
661,675,3
661,778,3
661,1300,3
663,933,3
663,967,3
664,1547,3
665,1052,3
665,1168,3
665,1335,3
668,1054,3
668,1361,3
668,1634,3
670,876,3
671,1137,3
672,987,3
672,1075,3
673,930,3
673,1118,3
674,772,3
674,942,3
675,1517,3
676,1140,3
677,707,3
677,742,3
677,1007,3
677,1192,3
677,1602,3
678,1495,3
679,817,3
682,913,3
684,1347,3
684,1562,3
685,984,3
685,1100,3
685,1544,3
687,1247,3
687,1536,3
688,1147,3
689,1149,3
689,1253,3
692,883,3
693,1622,3
694,923,3
697,774,3
697,1081,3
698,1560,3
699,1170,3
699,1351,3
700,1596,3
701,989,3
701,1310,3
702,843,3
703,762,3
703,812,3
703,1571,3
704,1530,3
705,1051,3
705,1071,3
707,1046,3
707,1591,3
709,1019,3
711,1544,3
713,1062,3
714,923,3
714,1209,3
714,1633,3
715,1268,3
715,1491,3
718,1344,3
718,1441,3
719,1092,3
719,1424,3
721,1513,3
722,982,3
722,1409,3
723,765,3
723,935,3
724,834,3
724,1445,3
724,1499,3
725,1324,3
726,1109,3
728,972,3
728,1109,3
729,1289,3
731,1023,3
731,1159,3
731,1571,3
732,831,3
732,1574,3
733,1380,3
733,1386,3
734,935,3
734,1439,3
735,1191,3
735,1261,3
735,1613,3
736,1348,3
736,1459,3
737,1236,3
738,1497,3
741,1184,3
742,1299,3
742,1575,3
743,997,3
743,1128,3
745,860,3
745,997,3
747,960,3
748,850,3
748,1040,3
748,1379,3
748,1414,3
748,1582,3
749,914,3
749,1403,3
750,1069,3
752,935,3
752,1089,3
753,1264,3
753,1305,3
753,1314,3
753,1619,3
754,871,3
755,1522,3
756,1071,3
758,1113,3
758,1142,3
758,1227,3
759,1312,3
759,1373,3
761,1041,3
761,1210,3
762,1371,3
763,1530,3
764,1063,3
765,1147,3
765,1259,3
766,1611,3
768,996,3
769,782,3
769,1132,3
771,1078,3
774,1058,3
774,1235,3
775,1315,3
775,1416,3
776,1055,3
776,1066,3
777,803,3
780,885,3
781,938,3
781,1272,3
782,1593,3
783,952,3
783,1060,3
784,1043,3
784,1574,3
785,922,3
785,1048,3
786,945,3
787,903,3
787,1417,3
788,1189,3
790,1366,3
791,1262,3
792,1114,3
793,1200,3
794,1054,3
797,1116,3
797,1328,3
798,810,3
798,1521,3
799,1580,3
800,1344,3
800,1385,3
802,926,3
806,1455,3
807,1329,3
809,862,3
809,1387,3
811,993,3
812,920,3
812,1040,3
812,1257,3
813,1496,3
814,864,3
814,1235,3
814,1240,3
815,1134,3
816,992,3
816,1403,3
818,1523,3
819,1262,3
820,1251,3
820,1440,3
823,926,3
823,1343,3
823,1607,3
825,1459,3
826,1197,3
826,1582,3
827,1103,3
828,841,3
831,1212,3
833,1574,3
835,892,3
835,1011,3
835,1272,3
835,1406,3
836,1195,3
838,1458,3
839,1605,3
840,1494,3
843,1016,3
844,1373,3
844,1511,3
845,1527,3
846,1364,3
847,1625,3
848,870,3
850,992,3
850,1420,3
850,1623,3
851,1040,3
852,1608,3
854,1604,3
855,1616,3
856,963,3
856,1121,3
857,1253,3
859,924,3
860,986,3
862,1518,3
863,946,3
863,1125,3
873,1276,3
873,1306,3
877,1444,3
878,893,3
878,1232,3
880,1288,3
880,1637,3
882,1012,3
884,1541,3
885,1088,3
885,1180,3
886,1433,3
886,1491,3
887,1380,3
887,1408,3
887,1544,3
890,1084,3
890,1193,3
892,1142,3
893,1376,3
894,912,3
895,1035,3
895,1099,3
895,1246,3
895,1617,3
896,1234,3
897,1425,3
898,1190,3
899,1406,3
902,976,3
904,979,3
904,1178,3
904,1545,3
905,1257,3
907,1390,3
909,941,3
911,984,3
913,930,3
913,1353,3
913,1402,3
914,1603,3
916,1478,3
919,1165,3
921,1308,3
921,1309,3
921,1328,3
922,1082,3
925,1173,3
928,963,3
928,1620,3
930,1413,3
931,1058,3
932,1125,3
932,1161,3
932,1532,3
934,1119,3
934,1169,3
936,962,3
936,1149,3
937,1523,3
937,1629,3
939,1169,3
940,1042,3
940,1197,3
940,1457,3
941,1159,3
941,1263,3
943,1316,3
945,1353,3
946,1004,3
947,1371,3
950,1296,3
951,1010,3
951,1382,3
951,1482,3
952,1462,3
958,1168,3
961,1013,3
961,1575,3
962,1001,3
962,1627,3
963,1162,3
964,1049,3
964,1294,3
964,1381,3
965,1036,3
966,1344,3
966,1523,3
966,1551,3
967,1605,3
968,1231,3
968,1256,3
969,1291,3
970,1508,3
970,1619,3
971,1270,3
971,1614,3
973,1496,3
975,1583,3
977,1317,3
980,995,3
980,1540,3
981,1622,3
982,1538,3
984,1418,3
984,1492,3
985,1447,3
985,1526,3
986,1233,3
988,1123,3
990,1179,3
992,1047,3
992,1154,3
993,1301,3
994,1190,3
994,1267,3
994,1531,3
995,1087,3
995,1157,3
996,1302,3
998,1063,3
1000,1248,3
1000,1259,3
1001,1305,3
1004,1223,3
1011,1492,3
1012,1187,3
1012,1444,3
1014,1328,3
1014,1537,3
1017,1032,3
1018,1348,3
1018,1496,3
1020,1082,3
1024,1148,3
1027,1108,3
1029,1270,3
1030,1051,3
1031,1403,3
1031,1577,3
1036,1080,3
1037,1260,3
1039,1479,3
1041,1560,3
1044,1124,3
1046,1292,3
1046,1611,3
1047,1090,3
1048,1129,3
1048,1496,3
1049,1177,3
1050,1199,3
1050,1332,3
1053,1249,3
1053,1536,3
1057,1558,3
1059,1356,3
1060,1100,3
1060,1310,3
1062,1582,3
1063,1101,3
1063,1109,3
1063,1483,3
1065,1624,3
1067,1253,3
1068,1639,3
1069,1126,3
1069,1361,3
1070,1405,3
1073,1427,3
1074,1156,3
1078,1375,3
1080,1208,3
1080,1360,3
1082,1103,3
1082,1318,3
1082,1354,3
1083,1595,3
1084,1402,3
1087,1349,3
1087,1449,3
1088,1127,3
1088,1361,3
1091,1629,3
1092,1578,3
1093,1420,3
1093,1573,3
1095,1121,3
1096,1252,3
1097,1182,3
1099,1108,3
1099,1392,3
1100,1221,3
1100,1444,3
1100,1633,3
1102,1217,3
1108,1528,3
1110,1285,3
1110,1434,3
1112,1548,3
1113,1522,3
1115,1211,3
1115,1279,3
1115,1531,3
1116,1632,3
1125,1184,3
1125,1378,3
1127,1593,3
1128,1565,3
1130,1401,3
1131,1408,3
1132,1354,3
1132,1374,3
1133,1531,3
1135,1267,3
1135,1491,3
1138,1546,3
1140,1426,3
1142,1635,3
1145,1374,3
1153,1268,3
1153,1620,3
1155,1452,3
1162,1596,3
1163,1361,3
1164,1291,3
1165,1449,3
1167,1250,3
1167,1503,3
1169,1295,3
1169,1492,3
1170,1190,3
1170,1353,3
1173,1235,3
1181,1430,3
1183,1616,3
1187,1316,3
1187,1435,3
1191,1294,3
1191,1397,3
1191,1398,3
1192,1566,3
1193,1388,3
1194,1264,3
1196,1558,3
1198,1311,3
1199,1500,3
1200,1364,3
1200,1565,3
1201,1427,3
1202,1637,3
1208,1478,3
1210,1534,3
1214,1626,3
1215,1452,3
1216,1588,3
1218,1485,3
1226,1483,3
1231,1263,3
1236,1327,3
1239,1516,3
1240,1582,3
1244,1586,3
1245,1291,3
1245,1311,3
1246,1514,3
1247,1414,3
1247,1448,3
1254,1524,3
1255,1381,3
1255,1604,3
1258,1307,3
1258,1473,3
1262,1527,3
1263,1390,3
1263,1472,3
1264,1407,3
1266,1588,3
1276,1584,3
1277,1334,3
1279,1361,3
1279,1598,3
1280,1307,3
1281,1358,3
1291,1338,3
1293,1593,3
1298,1496,3
1299,1564,3
1302,1406,3
1302,1426,3
1303,1549,3
1308,1574,3
1310,1609,3
1313,1543,3
1314,1330,3
1315,1380,3
1317,1395,3
1318,1584,3
1319,1363,3
1319,1478,3
1320,1629,3
1323,1407,3
1324,1595,3
1325,1350,3
1326,1356,3
1327,1459,3
1343,1547,3
1343,1631,3
1344,1590,3
1345,1624,3
1346,1542,3
1347,1538,3
1349,1415,3
1349,1489,3
1351,1543,3
1352,1515,3
1353,1478,3
1356,1528,3
1359,1582,3
1360,1487,3
1361,1408,3
1367,1634,3
1372,1607,3
1373,1598,3
1381,1577,3
1382,1485,3
1385,1596,3
1391,1456,3
1391,1566,3
1394,1532,3
1401,1484,3
1408,1612,3
1411,1552,3
1412,1458,3
1417,1579,3
1423,1424,3
1423,1623,3
1425,1532,3
1439,1628,3
1460,1566,3
1465,1522,3
1466,1558,3
1467,1607,3
1471,1509,3
1480,1541,3
1484,1509,3
1495,1557,3
1505,1532,3
1510,1553,3
1523,1615,3
1527,1544,3
1536,1581,3
1542,1562,3
1545,1624,3
1547,1631,3
1554,1581,3
1558,1611,3
1575,1642,3
1587,1627,3
1597,1631,3
