0,166,1
0,200,1
0,290,1
0,405,3
0,473,3
0,498,1
0,848,1
0,918,1
0,935,1
0,987,1
0,988,1
0,1124,1
0,1129,1
0,1161,1
0,1301,1
0,1362,1
0,1426,1
1,26,1
1,485,3
1,623,3
1,662,1
1,701,1
1,1069,1
1,1152,1
1,1176,1
1,1220,1
1,1262,1
1,1277,1
1,1352,1
1,1414,1
1,1599,1
2,278,3
2,509,1
2,548,1
2,606,3
2,827,1
2,1251,1
2,1287,1
2,1425,3
2,1490,1
2,1491,1
2,1535,1
3,222,1
3,249,1
3,258,1
3,319,1
3,639,3
3,687,1
3,927,3
3,1322,1
3,1340,1
4,116,1
4,234,1
4,819,1
4,959,3
4,964,3
5,72,3
5,495,1
5,1042,1
5,1231,1
5,1338,3
5,1400,1
5,1468,3
6,61,3
6,178,3
6,326,1
6,1207,1
6,1536,1
7,22,1
7,127,3
7,179,1
7,204,1
7,284,1
7,345,1
7,399,1
7,484,1
7,555,1
7,562,1
7,581,1
7,590,1
7,772,1
7,776,1
7,778,1
7,822,1
7,842,1
7,936,1
7,940,1
7,973,1
7,1122,1
7,1159,1
7,1180,1
7,1394,1
7,1458,1
7,1503,1
8,321,3
8,1212,3
9,210,1
9,298,1
9,356,3
9,497,1
9,994,1
9,1084,1
9,1311,1
10,175,1
10,279,1
10,314,1
10,316,1
10,318,1
10,381,1
10,389,1
10,390,1
10,437,1
10,464,1
10,489,1
10,516,1
10,529,1
10,642,1
10,683,1
10,698,1
10,705,1
10,746,1
10,828,1
10,866,1
10,895,1
10,906,1
10,925,1
10,951,1
10,969,1
10,981,1
10,996,1
10,1008,1
10,1022,1
10,1028,1
10,1047,1
10,1054,1
10,1134,1
10,1143,1
10,1221,1
10,1226,1
10,1234,1
10,1235,1
10,1237,1
10,1427,1
10,1469,1
10,1504,1
10,1532,1
10,1553,1
10,1554,1
10,1560,1
10,1580,1
10,1628,1
11,43,3
11,77,1
11,161,3
11,243,1
11,319,1
11,364,3
11,460,1
11,475,1
11,496,1
11,628,1
11,632,1
11,680,1
11,716,1
11,726,1
11,745,1
11,805,1
11,836,1
11,858,1
11,1188,1
11,1191,1
11,1204,1
11,1213,1
11,1225,1
11,1242,1
11,1585,1
12,22,1
12,34,1
12,211,1
12,241,1
12,242,1
12,281,3
12,300,1
12,364,3
12,370,1
12,386,1
12,404,1
12,409,1
12,420,3
12,431,1
12,458,1
12,490,1
12,583,1
12,644,1
12,645,1
12,654,1
12,673,1
12,721,1
12,748,1
12,749,1
12,753,1
12,804,1
12,832,1
12,869,1
12,930,1
12,976,1
12,1095,1
12,1123,1
12,1147,3
12,1180,1
12,1260,1
12,1266,1
12,1288,1
12,1300,3
12,1314,1
12,1326,1
12,1349,1
12,1355,1
12,1366,1
12,1373,1
12,1443,1
12,1463,1
12,1517,1
12,1527,1
12,1543,1
12,1571,1
12,1589,1
12,1609,1
12,1642,1
13,65,1
13,294,1
13,349,1
13,488,1
13,609,3
13,747,1
13,749,3
13,885,3
13,933,3
13,1412,3
13,1597,1
14,110,3
14,215,1
14,289,1
14,914,1
14,932,1
14,1085,1
14,1401,1
15,108,1
15,114,1
15,118,1
15,307,1
15,315,1
15,328,1
15,444,1
15,525,1
15,646,3
15,686,1
15,757,1
15,824,1
15,852,1
15,887,1
15,1011,1
15,1063,1
15,1133,1
15,1228,1
15,1240,1
15,1280,1
15,1282,1
15,1367,1
15,1377,1
15,1379,1
15,1439,1
15,1608,1
16,236,1
16,403,3
16,455,1
16,905,3
16,918,3
17,91,3
17,425,3
18,309,1
18,313,3
18,479,1
18,572,1
18,614,1
18,732,1
18,925,3
18,1112,1
18,1272,1
18,1369,1
18,1638,3
19,135,1
19,844,1
19,860,1
19,1170,1
20,17,1
20,475,1
20,612,1
20,829,1
20,1446,1
20,1606,1
21,252,1
21,333,1
21,375,1
21,513,1
21,1251,1
22,332,3
22,399,1
22,555,1
22,776,1
22,778,1
22,902,3
22,973,1
22,1106,1
22,1122,1
22,1159,1
22,1220,1
22,1503,1
23,73,3
23,201,3
23,214,1
23,483,1
23,761,1
23,1255,1
23,1436,1
23,1596,1
24,55,3
24,75,3
24,526,3
24,1018,3
24,1029,1
24,1181,1
24,1453,1
24,1629,3
25,179,3
25,329,1
25,475,3
25,500,1
25,543,1
25,622,1
25,646,1
25,740,1
25,1298,1
25,1453,3
25,1554,3
25,1603,1
27,364,1
27,802,1
27,887,1
27,1182,1
27,1199,3
27,1240,1
27,1249,1
27,1431,1
28,785,3
28,870,3
28,1424,3
29,356,3
29,394,1
29,689,1
29,752,3
29,1122,1
29,1307,1
30,125,1
30,454,1
30,823,1
30,1097,3
30,1167,1
30,1227,3
30,1368,1
30,1444,3
31,205,1
31,250,1
31,423,1
31,554,1
31,729,1
31,1013,1
31,1168,1
31,1210,1
31,1308,1
31,1315,1
31,1335,1
31,1341,1
31,1353,1
31,1531,3
32,16,1
32,841,1
32,1248,1
32,1296,1
33,240,1
33,442,3
33,874,1
33,880,3
33,886,1
33,1157,1
33,1187,1
33,1342,1
34,89,1
34,226,1
34,501,1
34,563,1
34,794,1
34,815,1
34,931,1
34,1194,1
34,1268,3
34,1305,1
34,1323,1
34,1493,3
34,1565,1
35,78,1
35,319,1
35,442,1
35,645,3
35,647,1
35,746,1
35,789,1
35,807,3
35,853,1
35,971,3
35,1148,1
35,1451,3
35,1565,3
35,1618,1
36,163,3
36,178,1
36,247,1
36,248,1
36,263,1
36,301,1
36,421,1
36,542,1
36,635,1
36,795,1
36,815,1
36,841,1
36,950,1
36,955,1
36,974,1
36,1018,1
36,1308,1
36,1363,1
36,1396,3
37,197,1
37,285,1
37,341,1
37,526,1
37,787,1
37,805,3
37,840,1
37,1060,1
37,1233,1
37,1263,1
37,1451,1
38,57,1
38,249,1
38,391,1
38,602,1
38,666,1
38,793,1
38,943,1
38,1033,1
38,1046,1
38,1261,1
38,1570,1
39,1631,3
40,168,1
40,273,1
40,454,3
40,683,1
40,1007,1
40,1065,1
40,1213,3
40,1221,1
40,1349,1
41,187,1
41,204,3
41,277,1
41,318,1
41,607,1
41,713,3
41,821,1
41,841,1
41,884,3
41,1071,3
41,1114,1
42,4,1
42,202,1
42,234,1
42,240,1
42,244,1
42,342,1
42,434,3
42,498,1
42,522,1
42,567,1
42,602,1
42,643,1
42,666,1
42,687,1
42,693,1
42,710,1
42,793,1
42,819,1
42,882,1
42,890,1
42,933,1
42,942,1
42,943,1
42,1002,1
42,1033,1
42,1113,1
42,1201,1
42,1202,1
42,1222,1
42,1238,1
42,1330,1
42,1378,1
42,1383,1
42,1402,1
42,1457,3
42,1500,1
42,1584,1
42,1588,1
42,1600,1
42,1614,1
43,160,1
43,207,1
43,293,3
43,313,1
43,327,1
43,367,1
43,383,1
43,392,1
43,485,1
43,518,1
43,574,1
43,596,1
43,616,1
43,637,1
43,649,1
43,747,1
43,820,1
43,856,1
43,867,1
43,942,1
43,946,1
43,953,1
43,993,1
43,1004,1
43,1014,1
43,1032,1
43,1044,1
43,1192,1
43,1289,1
43,1324,1
43,1392,1
43,1479,1
43,1481,1
43,1489,1
43,1492,1
43,1511,1
43,1568,1
43,1630,1
44,86,3
44,456,1
44,623,1
44,729,1
44,739,1
44,1036,3
44,1138,1
44,1139,1
44,1406,1
44,1590,1
44,1591,1
46,391,3
46,1581,3
47,201,1
47,252,1
47,255,3
47,295,1
47,305,1
47,354,1
47,397,1
47,441,1
47,461,1
47,517,1
47,536,1
47,584,1
47,592,1
47,599,1
47,604,1
47,658,1
47,697,1
47,699,1
47,715,1
47,718,1
47,834,1
47,839,1
47,846,1
47,887,1
47,954,1
47,964,1
47,971,1
47,980,1
47,1005,1
47,1015,1
47,1087,1
47,1098,1
47,1102,1
47,1119,1
47,1177,1
47,1183,1
47,1250,1
47,1316,1
47,1318,1
47,1360,1
47,1365,1
47,1390,1
47,1397,1
47,1410,1
47,1418,1
47,1487,1
47,1528,1
47,1534,1
47,1552,1
47,1556,1
47,1575,1
47,1587,1
48,118,1
48,281,1
48,674,1
48,883,1
48,977,1
48,1239,1
48,1362,1
48,1470,1
48,1502,1
49,62,3
49,95,3
49,128,1
49,233,1
49,783,1
49,1146,1
49,1205,1
49,1345,1
49,1361,1
49,1368,3
49,1384,1
49,1465,1
49,1585,3
49,1594,1
49,1617,1
50,141,1
50,287,1
50,334,1
50,428,1
50,606,1
50,619,1
50,641,1
50,851,1
50,855,1
50,942,1
50,1459,1
50,1548,1
50,1614,1
51,77,1
51,178,1
51,247,1
51,363,1
51,391,1
51,432,1
51,462,1
51,478,1
51,576,1
51,635,1
51,690,1
51,766,1
51,836,1
51,841,1
51,950,1
51,955,1
51,997,1
51,1008,3
51,1018,1
51,1061,1
51,1203,1
51,1211,1
51,1264,1
51,1296,1
51,1363,1
51,1462,1
51,1611,1
52,178,3
52,310,1
52,559,1
52,703,1
52,1068,1
52,1274,1
53,189,3
53,928,3
53,942,1
53,1048,3
53,1469,1
54,666,3
54,914,1
54,932,1
54,1085,1
54,1121,3
54,1338,3
55,270,3
55,1555,3
56,209,1
56,223,1
56,730,1
56,1320,1
56,1423,1
56,1557,1
56,1628,3
57,255,1
57,318,1
57,358,1
57,365,1
57,438,1
57,466,1
57,713,1
57,722,3
57,897,1
57,1110,1
57,1164,1
57,1315,1
57,1422,1
57,1576,1
58,117,1
58,229,1
58,260,3
58,293,1
58,369,1
58,443,1
58,451,1
58,604,1
58,712,1
58,798,1
58,978,3
58,1021,1
58,1156,1
58,1247,3
58,1380,1
58,1516,1
59,401,3
60,1499,3
61,359,1
61,493,1
61,791,3
61,816,1
61,901,1
62,351,1
62,402,1
62,658,3
62,833,1
62,877,3
62,910,1
62,1065,1
62,1117,1
62,1149,1
62,1158,1
62,1275,1
62,1449,1
63,117,1
63,614,1
63,630,1
63,761,3
63,802,1
63,866,3
64,200,1
64,380,3
64,679,3
64,900,1
64,1305,1
65,249,1
65,520,1
65,549,1
65,744,1
65,800,1
65,888,1
65,1086,1
65,1218,1
65,1249,1
65,1417,1
66,473,3
66,846,3
66,1064,3
66,1073,3
67,253,1
67,352,3
67,397,1
67,470,1
67,510,1
67,844,1
67,908,1
67,975,1
67,1126,1
67,1268,1
67,1452,1
68,254,1
68,411,3
68,456,3
68,678,1
68,757,3
68,892,1
68,1173,3
68,1219,1
68,1490,1
68,1505,1
68,1620,1
69,114,1
69,118,1
69,237,3
69,244,1
69,552,3
69,1415,1
70,44,1
70,207,1
70,459,1
70,478,3
70,755,1
70,935,1
70,945,1
70,987,1
70,989,1
70,1077,3
70,1273,1
70,1301,1
70,1419,1
70,1529,1
71,247,1
71,315,3
71,357,1
71,745,3
71,945,1
71,1058,3
72,143,3
72,278,3
72,402,1
72,457,1
72,532,1
72,539,3
72,960,1
72,1604,1
73,51,1
73,620,1
73,897,1
73,947,1
73,974,1
73,1399,3
74,102,1
74,178,3
74,221,1
74,235,1
74,335,1
74,568,3
74,617,3
74,645,1
74,949,1
74,956,1
74,1268,3
74,1294,1
74,1465,3
74,1523,1
74,1537,1
74,1538,1
74,1545,1
74,1639,1
75,194,1
75,195,1
75,312,1
75,440,1
75,485,3
75,896,1
75,1006,1
75,1471,1
75,1497,1
76,114,1
76,118,1
76,351,3
76,1564,1
77,82,1
77,91,1
77,114,1
77,118,1
77,200,1
77,237,1
77,239,1
77,243,1
77,257,1
77,261,1
77,291,1
77,369,1
77,384,1
77,412,1
77,414,1
77,446,1
77,451,1
77,475,1
77,510,1
77,512,1
77,519,1
77,538,1
77,539,1
77,557,1
77,564,1
77,585,1
77,587,1
77,593,1
77,618,1
77,628,1
77,639,1
77,650,1
77,675,1
77,688,1
77,691,1
77,696,1
77,767,1
77,822,3
77,858,1
77,868,1
77,892,1
77,893,1
77,912,1
77,923,1
77,948,1
77,1000,1
77,1010,1
77,1012,1
77,1021,1
77,1045,1
77,1061,1
77,1067,1
77,1093,1
77,1097,1
77,1153,1
77,1156,1
77,1191,1
77,1212,1
77,1284,1
77,1293,1
77,1310,1
77,1321,1
77,1332,1
77,1335,1
77,1356,1
77,1385,1
77,1398,1
77,1455,1
77,1519,1
77,1525,1
77,1526,1
77,1539,1
77,1558,1
77,1579,1
77,1582,1
77,1615,1
77,1616,1
78,93,1
78,727,3
78,956,1
78,978,3
78,1160,3
78,1198,1
79,155,1
79,433,1
79,506,1
79,651,1
79,1224,1
79,1414,1
79,1506,1
80,169,1
80,351,3
80,1162,1
81,229,1
81,416,3
81,525,3
81,803,1
81,810,1
81,1357,1
81,1411,1
82,67,1
82,218,1
82,246,1
82,552,1
82,704,1
82,773,1
82,818,1
82,848,3
82,884,1
82,908,1
82,975,1
82,1213,1
82,1270,1
82,1453,1
82,1454,1
82,1626,1
83,2,1
83,31,1
83,33,1
83,71,1
83,98,1
83,100,1
83,128,1
83,138,1
83,149,1
83,152,1
83,155,1
83,175,1
83,183,1
83,216,1
83,219,1
83,224,1
83,227,1
83,251,1
83,260,1
83,265,1
83,267,1
83,269,1
83,275,1
83,279,1
83,283,1
83,286,1
83,289,1
83,291,1
83,292,1
83,314,1
83,330,1
83,336,1
83,341,1
83,342,1
83,347,1
83,349,1
83,353,1
83,362,1
83,368,1
83,371,1
83,376,1
83,387,1
83,393,1
83,410,1
83,417,1
83,423,1
83,426,1
83,430,1
83,437,1
83,440,1
83,446,1
83,453,1
83,463,1
83,464,1
83,466,1
83,472,1
83,473,1
83,489,1
83,492,1
83,502,1
83,504,1
83,505,1
83,510,1
83,522,1
83,523,1
83,533,1
83,539,1
83,540,1
83,541,1
83,544,1
83,555,1
83,560,1
83,564,1
83,568,1
83,589,1
83,591,1
83,598,1
83,601,1
83,613,1
83,615,1
83,627,1
83,643,1
83,650,1
83,656,1
83,659,1
83,661,1
83,663,1
83,675,1
83,684,1
83,691,1
83,694,1
83,696,1
83,722,1
83,724,1
83,728,1
83,731,1
83,735,1
83,765,1
83,767,1
83,770,1
83,774,1
83,777,1
83,778,1
83,781,1
83,783,1
83,792,1
83,807,1
83,811,1
83,813,1
83,817,1
83,822,1
83,828,1
83,832,3
83,838,1
83,843,1
83,849,1
83,850,1
83,859,1
83,862,1
83,866,1
83,871,1
83,880,1
83,885,1
83,889,1
83,891,1
83,894,1
83,895,1
83,916,3
83,925,1
83,933,1
83,934,1
83,938,1
83,951,1
83,952,1
83,963,1
83,965,1
83,978,1
83,984,1
83,1008,1
83,1009,1
83,1013,1
83,1016,1
83,1032,1
83,1042,1
83,1043,1
83,1050,1
83,1054,1
83,1055,1
83,1071,1
83,1075,1
83,1077,1
83,1079,1
83,1103,1
83,1106,1
83,1116,1
83,1122,1
83,1130,1
83,1143,1
83,1144,1
83,1159,1
83,1171,1
83,1187,1
83,1194,1
83,1202,1
83,1204,1
83,1210,1
83,1220,1
83,1226,1
83,1229,1
83,1232,1
83,1235,1
83,1237,1
83,1243,1
83,1244,1
83,1245,1
83,1249,1
83,1251,1
83,1274,1
83,1281,1
83,1283,1
83,1290,1
83,1303,1
83,1305,1
83,1306,1
83,1309,1
83,1321,1
83,1324,1
83,1325,1
83,1327,1
83,1329,1
83,1331,1
83,1342,1
83,1346,1
83,1348,1
83,1353,1
83,1356,1
83,1357,1
83,1363,1
83,1367,1
83,1374,1
83,1375,1
83,1376,1
83,1389,1
83,1406,1
83,1412,1
83,1413,1
83,1420,1
83,1445,1
83,1448,1
83,1460,1
83,1461,1
83,1468,1
83,1470,1
83,1477,1
83,1481,1
83,1484,1
83,1489,1
83,1491,1
83,1496,1
83,1508,1
83,1510,1
83,1515,1
83,1518,1
83,1539,1
83,1542,1
83,1547,1
83,1555,1
83,1557,1
83,1558,1
83,1569,1
83,1576,1
83,1578,1
83,1580,1
83,1582,1
83,1599,1
83,1600,1
83,1601,1
83,1613,1
83,1615,1
83,1623,1
83,1625,1
83,1630,1
83,1632,1
84,813,1
85,112,1
85,238,1
85,661,3
85,835,1
85,854,1
85,862,1
85,1128,1
85,1282,1
85,1340,3
86,159,3
86,419,1
86,538,1
86,555,3
86,902,1
86,1062,1
86,1183,1
86,1332,1
86,1359,1
87,79,1
87,160,1
87,268,1
87,375,3
87,415,1
87,433,1
87,506,1
87,508,1
87,602,1
87,638,1
87,743,1
87,793,1
87,847,1
87,930,3
87,943,1
87,947,1
87,1107,1
87,1125,1
87,1156,3
87,1181,1
87,1350,1
87,1367,3
87,1414,1
87,1506,1
87,1570,1
88,103,3
88,495,3
89,436,3
89,815,1
89,936,3
89,1090,1
89,1120,1
89,1247,1
89,1314,1
89,1585,1
90,142,1
90,226,3
90,306,1
90,322,1
90,324,1
90,553,1
90,617,1
90,799,1
90,863,1
90,1133,1
90,1236,1
90,1263,1
90,1291,1
90,1391,1
90,1475,1
90,1549,3
90,1633,1
91,104,3
91,140,3
91,340,1
91,355,1
91,357,1
91,360,1
91,405,1
91,422,1
91,430,1
91,435,1
91,507,1
91,527,1
91,553,1
91,737,1
91,779,1
91,804,3
91,810,1
91,864,1
91,983,1
91,991,1
91,1038,1
91,1059,1
91,1120,1
91,1140,1
91,1268,1
91,1286,1
91,1295,1
91,1357,1
91,1429,1
91,1524,1
91,1549,1
91,1595,1
91,1606,1
92,455,3
92,916,1
92,1142,1
92,1636,1
93,191,3
93,448,3
93,1295,1
93,1351,3
93,1549,1
94,198,1
94,199,1
94,220,1
94,234,1
94,306,1
94,374,1
94,401,1
94,458,1
94,469,1
94,551,1
94,749,1
94,844,1
94,995,1
94,1019,1
94,1025,1
94,1051,1
94,1072,1
94,1105,1
94,1106,1
94,1123,1
94,1132,1
94,1155,1
94,1169,1
94,1194,1
94,1217,1
94,1223,1
94,1295,1
94,1305,1
94,1430,1
94,1443,1
94,1549,1
94,1609,1
95,109,1
95,281,1
95,494,1
95,883,1
95,1115,1
95,1239,1
95,1480,1
96,419,1
96,471,1
96,616,3
96,903,1
96,1017,1
96,1029,3
96,1063,1
96,1092,1
96,1160,1
96,1175,1
96,1189,1
96,1325,3
96,1522,1
96,1566,1
96,1617,3
97,15,1
97,144,3
97,439,1
97,530,1
97,709,1
97,762,1
97,1166,1
97,1514,1
98,201,3
98,506,1
98,783,1
98,823,1
98,1040,1
98,1388,1
98,1396,1
98,1440,1
98,1465,1
98,1533,1
99,5,1
99,115,1
99,263,1
99,301,1
99,370,1
99,409,1
99,474,1
99,516,1
99,588,1
99,603,1
99,605,1
99,672,1
99,773,1
99,779,1
99,791,1
99,832,1
99,841,1
99,901,1
99,947,1
99,1018,1
99,1101,1
99,1164,1
99,1270,1
99,1284,1
99,1349,1
99,1425,1
99,1593,1
100,183,1
100,316,1
100,372,1
100,376,1
100,389,1
100,641,3
100,746,1
100,770,1
100,909,1
100,963,1
100,969,1
100,1071,1
100,1079,1
100,1134,1
100,1137,3
100,1222,1
100,1445,1
100,1477,1
100,1484,1
100,1569,1
101,521,3
101,1188,1
102,1584,1
102,1625,3
103,188,3
103,608,3
103,1149,3
103,1441,1
104,392,1
104,405,1
104,470,3
104,510,1
104,1042,3
104,1246,1
105,543,1
105,784,1
105,1038,3
105,1395,1
106,511,1
106,558,1
106,629,1
106,1046,3
106,1510,1
106,1622,1
107,747,3
107,826,1
107,942,3
107,1588,1
107,1610,1
108,210,1
108,483,1
108,548,1
108,797,1
108,945,1
108,1108,1
108,1254,1
108,1280,1
108,1405,1
109,107,1
109,177,1
109,180,1
109,186,1
109,196,1
109,217,1
109,228,1
109,243,1
109,275,1
109,276,1
109,318,1
109,331,1
109,336,1
109,378,1
109,389,1
109,393,1
109,410,1
109,420,1
109,454,1
109,505,1
109,510,1
109,526,1
109,565,1
109,566,1
109,598,1
109,628,1
109,631,1
109,653,1
109,681,1
109,746,1
109,752,1
109,753,1
109,765,1
109,780,1
109,813,1
109,850,1
109,876,1
109,885,1
109,906,1
109,917,1
109,958,1
109,963,1
109,968,1
109,969,1
109,1020,1
109,1073,1
109,1082,1
109,1103,1
109,1134,1
109,1144,1
109,1191,1
109,1192,1
109,1241,1
109,1279,1
109,1312,1
109,1328,1
109,1350,1
109,1387,1
109,1393,1
109,1420,1
109,1444,1
109,1472,1
109,1494,1
109,1498,1
109,1509,1
109,1512,1
109,1531,1
109,1554,1
109,1623,1
109,1624,1
109,1631,1
110,314,1
110,380,1
110,437,1
110,547,1
110,698,1
110,817,1
110,828,1
110,1628,1
111,163,1
111,269,1
111,878,1
111,904,3
111,1145,1
111,1292,1
111,1491,3
112,299,1
112,531,3
112,782,3
112,1069,1
112,1300,3
112,1521,1
113,1232,3
114,265,1
114,296,1
114,306,3
114,348,1
114,373,1
114,377,1
114,393,1
114,406,1
114,448,1
114,464,1
114,488,1
114,489,1
114,494,1
114,521,1
114,537,1
114,556,1
114,586,1
114,597,1
114,640,1
114,648,1
114,664,1
114,668,1
114,708,1
114,768,1
114,808,1
114,813,1
114,850,1
114,856,1
114,865,1
114,895,1
114,910,1
114,951,1
114,996,1
114,1026,1
114,1041,1
114,1054,1
114,1074,1
114,1078,1
114,1115,1
114,1127,1
114,1136,1
114,1141,1
114,1151,1
114,1152,1
114,1172,1
114,1198,1
114,1220,1
114,1222,1
114,1229,1
114,1237,1
114,1317,1
114,1339,1
114,1359,1
114,1374,1
114,1393,1
114,1409,1
114,1437,1
114,1441,3
114,1446,1
114,1472,1
114,1480,1
114,1498,1
114,1512,1
114,1529,1
114,1573,1
114,1635,1
114,1637,1
114,1638,1
115,108,1
115,315,1
115,382,1
115,444,1
115,656,1
115,856,1
115,1079,3
115,1124,1
115,1518,1
116,486,1
116,577,1
116,898,3
116,1094,1
116,1206,1
116,1371,1
116,1495,1
116,1549,3
117,292,3
117,789,1
117,791,1
117,908,3
117,1148,1
117,1618,1
118,200,1
118,265,1
118,296,1
118,373,1
118,393,1
118,406,1
118,464,1
118,488,1
118,521,1
118,537,1
118,586,1
118,648,1
118,664,1
118,668,1
118,708,1
118,768,1
118,813,1
118,850,1
118,865,1
118,866,1
118,885,1
118,895,1
118,951,1
118,1008,1
118,1026,1
118,1041,1
118,1054,1
118,1074,1
118,1078,1
118,1127,1
118,1136,1
118,1141,1
118,1151,1
118,1198,1
118,1220,1
118,1222,1
118,1229,1
118,1234,1
118,1235,1
118,1237,1
118,1317,1
118,1339,1
118,1374,1
118,1393,1
118,1409,1
118,1420,1
118,1427,1
118,1437,1
118,1446,1
118,1480,1
118,1498,1
118,1504,1
118,1529,1
118,1573,1
118,1635,1
118,1637,1
118,1638,1
119,1,1
119,2,1
119,4,1
119,11,1
119,12,1
119,18,1
119,26,1
119,38,1
119,48,1
119,56,1
119,57,1
119,61,1
119,72,1
119,77,1
119,87,1
119,90,1
119,96,1
119,108,1
119,112,1
119,114,1
119,116,1
119,118,1
119,121,1
119,128,1
119,134,1
119,136,1
119,141,1
119,149,1
119,151,1
119,155,1
119,163,1
119,164,1
119,168,1
119,178,1
119,180,1
119,185,1
119,188,1
119,192,1
119,194,1
119,195,1
119,199,1
119,202,1
119,209,1
119,230,1
119,231,1
119,233,1
119,237,1
119,238,1
119,240,1
119,244,1
119,250,1
119,253,1
119,255,1
119,256,1
119,273,1
119,281,1
119,291,1
119,299,1
119,302,1
119,320,1
119,324,1
331,119,0
334,119,0
336,119,0
342,119,0
344,119,0
349,119,0
358,119,0
361,119,0
365,119,0
385,119,0
391,119,0
395,119,0
402,119,0
405,119,0
411,119,0
414,119,0
419,119,0
423,119,0
433,119,0
444,119,0
446,119,0
454,119,0
457,119,0
467,119,0
471,119,0
477,119,0
481,119,0
491,119,0
495,119,0
500,119,0
503,119,0
505,119,0
508,119,0
509,119,0
515,119,0
528,119,0
531,119,0
532,119,0
538,119,0
539,119,0
543,119,0
546,119,0
570,119,0
576,119,0
577,119,0
578,119,0
600,119,0
606,119,0
609,119,0
611,119,0
614,119,0
617,119,0
626,119,0
630,119,0
641,119,0
642,119,0
647,119,0
652,119,0
655,119,0
658,119,0
666,119,0
669,119,0
675,119,0
676,119,0
677,119,0
683,119,0
685,119,0
696,119,0
701,119,0
705,119,0
711,119,0
713,119,0
714,119,0
721,119,0
723,119,0
727,119,0
730,119,0
738,119,0
754,119,0
756,119,0
764,119,0
769,119,0
770,119,0
783,119,0
788,119,0
793,119,0
794,119,0
798,119,0
807,119,0
812,119,0
818,119,0
819,119,0
823,119,0
827,119,0
830,119,0
833,119,0
835,119,0
844,119,0
848,119,0
851,119,0
853,119,0
854,119,0
857,119,0
859,119,0
860,119,0
861,119,0
863,119,0
877,119,0
879,119,0
886,119,0
898,119,0
900,119,0
901,119,0
903,119,0
912,119,0
914,119,0
920,119,0
923,119,0
927,119,0
928,119,0
929,119,0
931,119,0
932,119,0
933,119,0
943,119,0
944,119,0
957,119,0
959,119,0
960,119,0
962,119,0
966,119,0
970,119,0
979,119,0
984,119,0
986,119,0
990,119,0
995,119,0
1003,119,0
1006,119,0
1007,119,0
1010,119,0
1017,119,0
1023,119,0
1029,119,0
1034,119,0
1040,119,0
1046,119,0
1065,119,0
1069,119,0
1071,119,0
1080,119,0
1085,119,0
1092,119,0
1100,119,0
1106,119,0
1109,119,0
1110,119,0
1115,119,0
1117,119,0
1121,119,0
1132,119,0
1138,119,0
1139,119,0
1142,119,0
1146,119,0
1148,119,0
1149,119,0
1152,119,0
1153,119,0
1158,119,0
1160,119,0
1163,119,0
1164,119,0
1169,119,0
1175,119,0
1176,119,0
1185,119,0
1186,119,0
1187,119,0
1193,119,0
1196,119,0
1197,119,0
1200,119,0
1206,119,0
1217,119,0
1221,119,0
1239,119,0
1246,119,0
1251,119,0
1262,119,0
1263,119,0
1274,119,0
1277,119,0
1280,119,0
1291,119,0
1293,119,0
1303,119,0
1305,119,0
1306,119,0
1307,119,0
1310,119,0
1319,119,0
1321,119,0
1323,119,0
1331,119,0
1334,119,0
1341,119,0
1350,119,0
1353,119,0
1356,119,0
1363,119,0
1368,119,0
1382,119,0
1384,119,0
1391,119,0
1396,119,0
1398,119,0
1400,119,0
1413,119,0
1414,119,0
1421,119,0
1438,119,0
1442,119,0
1454,119,0
1456,119,0
1457,119,0
1459,119,0
1464,119,0
1475,119,0
1477,119,0
1478,119,0
1480,119,0
1495,119,0
1497,119,0
1500,119,0
1506,119,0
1513,119,0
1515,119,0
1516,119,0
1517,119,0
1521,119,0
1522,119,0
1526,119,0
1535,119,0
1543,119,0
1544,119,0
1545,119,0
1546,119,0
1548,119,0
1551,119,0
119,1552,3
1553,119,0
1555,119,0
1565,119,0
1566,119,0
1568,119,0
1569,119,0
1570,119,0
1579,119,0
1582,119,0
1584,119,0
1591,119,0
1599,119,0
1600,119,0
1604,119,0
1607,119,0
1610,119,0
1612,119,0
1616,119,0
1618,119,0
1621,119,0
1629,119,0
1633,119,0
1638,119,0
1640,119,0
1641,119,0
9,120,0
105,120,0
128,120,0
130,120,0
151,120,0
202,120,0
211,120,0
216,120,0
221,120,0
235,120,0
249,120,0
250,120,0
253,120,0
267,120,0
270,120,0
271,120,0
309,120,0
330,120,0
335,120,0
336,120,0
347,120,0
362,120,0
366,120,0
120,373,3
387,120,0
409,120,0
414,120,0
422,120,0
440,120,0
442,120,0
446,120,0
453,120,0
473,120,0
479,120,0
495,120,0
514,120,0
520,120,0
523,120,0
539,120,0
549,120,0
568,120,0
572,120,0
580,120,0
592,120,0
657,120,0
661,120,0
662,120,0
663,120,0
675,120,0
687,120,0
693,120,0
696,120,0
730,120,0
744,120,0
759,120,0
765,120,0
774,120,0
777,120,0
783,120,0
784,120,0
789,120,0
807,120,0
849,120,0
862,120,0
888,120,0
954,120,0
972,120,0
974,120,0
981,120,0
1013,120,0
1016,120,0
1028,120,0
1042,120,0
1043,120,0
1047,120,0
1050,120,0
1058,120,0
1064,120,0
1113,120,0
1116,120,0
1153,120,0
1168,120,0
1208,120,0
1210,120,0
1214,120,0
1231,120,0
1232,120,0
1281,120,0
1303,120,0
1306,120,0
1309,120,0
1315,120,0
1321,120,0
1331,120,0
1341,120,0
1346,120,0
1349,120,0
1363,120,0
1369,120,0
1376,120,0
1378,120,0
1395,120,0
1400,120,0
1412,120,0
1416,120,0
1417,120,0
1454,120,0
1476,120,0
1539,120,0
1542,120,0
1545,120,0
1557,120,0
1558,120,0
1560,120,0
1582,120,0
1601,120,0
1616,120,0
1618,120,0
1619,120,0
1632,120,0
1639,120,0
108,121,0
114,121,0
118,121,0
161,121,0
315,121,0
121,404,3
757,121,0
784,121,0
795,121,0
1062,121,0
1112,121,0
1190,121,0
1216,121,0
1280,121,0
1581,121,0
1639,121,0
415,122,0
515,122,0
122,585,3
926,122,0
1546,122,0
1629,122,0
123,431,3
620,124,0
682,124,0
1124,124,0
15,125,0
186,125,0
125,289,3
396,125,0
125,482,3
671,125,0
125,694,3
702,125,0
783,125,0
922,125,0
930,125,0
948,125,0
991,125,0
1049,125,0
1106,125,0
1194,125,0
1205,125,0
1265,125,0
1305,125,0
1321,125,0
1368,125,0
1396,125,0
1476,125,0
1539,125,0
1617,125,0
1620,125,0
259,126,0
352,126,0
438,126,0
465,126,0
651,126,0
126,1136,3
1218,126,0
126,1574,3
30,127,0
125,127,0
251,127,0
326,127,0
426,127,0
442,127,0
525,127,0
623,127,0
670,127,0
823,127,0
1258,127,0
1466,127,0
128,182,3
289,128,0
414,128,0
454,128,0
128,596,3
624,128,0
751,128,0
783,128,0
823,128,0
874,128,0
1040,128,0
1083,128,0
128,1127,3
1128,128,0
1202,128,0
1205,128,0
1265,128,0
1266,128,0
1388,128,0
1465,128,0
1476,128,0
1533,128,0
1617,128,0
270,129,0
436,129,0
643,129,0
129,888,3
129,906,3
129,1325,3
129,1330,3
270,130,0
1208,130,0
1241,130,0
130,1506,3
1619,130,0
61,131,0
482,131,0
131,711,3
830,131,0
963,131,0
131,1050,3
1082,131,0
1163,131,0
1583,131,0
13,132,0
370,132,0
409,132,0
132,426,3
690,132,0
832,132,0
892,132,0
985,132,0
1110,132,0
1549,132,0
14,133,0
84,133,0
133,367,3
400,133,0
425,133,0
914,133,0
932,133,0
998,133,0
1024,133,0
1352,133,0
133,1399,3
1541,133,0
494,134,0
134,745,3
883,134,0
134,1049,3
1115,134,0
134,1360,3
1480,134,0
14,135,0
15,135,0
31,135,0
54,135,0
62,135,0
98,135,0
118,135,0
133,135,0
239,135,0
241,135,0
269,135,0
272,135,0
281,135,0
317,135,0
320,135,0
338,135,0
342,135,0
379,135,0
398,135,0
403,135,0
416,135,0
424,135,0
430,135,0
447,135,0
468,135,0
480,135,0
522,135,0
135,534,3
135,535,3
564,135,0
607,135,0
610,135,0
620,135,0
650,135,0
655,135,0
657,135,0
674,135,0
702,135,0
720,135,0
725,135,0
738,135,0
742,135,0
745,135,0
749,135,0
135,755,3
767,135,0
772,135,0
783,135,0
790,135,0
802,135,0
824,135,0
831,135,0
833,135,0
881,135,0
883,135,0
898,135,0
902,135,0
905,135,0
931,135,0
932,135,0
940,135,0
1027,135,0
1085,135,0
1088,135,0
1091,135,0
1095,135,0
1111,135,0
1113,135,0
1117,135,0
1118,135,0
1131,135,0
1147,135,0
1150,135,0
1158,135,0
1187,135,0
1202,135,0
1205,135,0
1207,135,0
1257,135,0
1260,135,0
1265,135,0
1271,135,0
1297,135,0
1299,135,0
1327,135,0
1348,135,0
1351,135,0
1352,135,0
1370,135,0
1372,135,0
1406,135,0
1441,135,0
1449,135,0
1458,135,0
1465,135,0
1472,135,0
1476,135,0
1478,135,0
1483,135,0
1486,135,0
1496,135,0
1498,135,0
1499,135,0
1507,135,0
1508,135,0
1510,135,0
1536,135,0
1550,135,0
1561,135,0
1562,135,0
1563,135,0
1600,135,0
1617,135,0
1,136,0
273,136,0
136,610,3
683,136,0
705,136,0
754,136,0
1007,136,0
1221,136,0
1532,136,0
214,137,0
230,137,0
137,374,3
481,137,0
619,137,0
877,137,0
1080,137,0
1186,137,0
137,1203,3
1319,137,0
1382,137,0
1513,137,0
1640,137,0
1367,138,0
1468,138,0
138,1561,3
675,139,0
858,139,0
900,139,0
988,139,0
1393,139,0
1404,139,0
139,1492,3
1532,139,0
2,140,0
78,140,0
84,140,0
100,140,0
114,140,0
121,140,0
170,140,0
216,140,0
243,140,0
250,140,0
275,140,0
277,140,0
282,140,0
290,140,0
292,140,0
302,140,0
304,140,0
309,140,0
316,140,0
318,140,0
324,140,0
333,140,0
342,140,0
376,140,0
393,140,0
429,140,0
446,140,0
474,140,0
480,140,0
481,140,0
484,140,0
504,140,0
509,140,0
529,140,0
539,140,0
545,140,0
555,140,0
591,140,0
617,140,0
619,140,0
628,140,0
645,140,0
656,140,0
678,140,0
696,140,0
711,140,0
719,140,0
722,140,0
728,140,0
731,140,0
745,140,0
746,140,0
754,140,0
757,140,0
765,140,0
771,140,0
774,140,0
777,140,0
817,140,0
822,140,0
845,140,0
849,140,0
850,140,0
865,140,0
868,140,0
872,140,0
877,140,0
885,140,0
886,140,0
900,140,0
909,140,0
913,140,0
925,140,0
959,140,0
963,140,0
969,140,0
976,140,0
987,140,0
988,140,0
1003,140,0
1009,140,0
1013,140,0
1032,140,0
1043,140,0
1056,140,0
1063,140,0
1075,140,0
1080,140,0
1088,140,0
1106,140,0
1121,140,0
1122,140,0
140,1127,3
1130,140,0
1134,140,0
1144,140,0
1147,140,0
1154,140,0
1159,140,0
1168,140,0
1180,140,0
1186,140,0
1188,140,0
1191,140,0
1193,140,0
1194,140,0
1195,140,0
1210,140,0
1225,140,0
1228,140,0
1229,140,0
1232,140,0
1236,140,0
1251,140,0
1263,140,0
140,1265,3
1272,140,0
1282,140,0
1287,140,0
1295,140,0
1297,140,0
1300,140,0
1305,140,0
1309,140,0
1314,140,0
1319,140,0
1324,140,0
1331,140,0
1332,140,0
1341,140,0
1351,140,0
1362,140,0
1363,140,0
1374,140,0
1382,140,0
1391,140,0
1403,140,0
1404,140,0
1420,140,0
1457,140,0
1460,140,0
1464,140,0
1469,140,0
1475,140,0
1481,140,0
1490,140,0
1513,140,0
1518,140,0
1535,140,0
1536,140,0
1549,140,0
1554,140,0
1557,140,0
1584,140,0
1585,140,0
1599,140,0
1601,140,0
1620,140,0
1633,140,0
1640,140,0
1641,140,0
72,141,0
334,141,0
442,141,0
606,141,0
728,141,0
141,1204,3
141,1340,3
141,1384,3
34,142,0
266,142,0
325,142,0
747,142,0
142,828,3
1084,142,0
1267,142,0
1493,142,0
243,143,0
249,143,0
279,143,0
549,143,0
550,143,0
569,143,0
628,143,0
693,143,0
743,143,0
744,143,0
888,143,0
895,143,0
941,143,0
965,143,0
1086,143,0
1188,143,0
1191,143,0
1234,143,0
1417,143,0
1427,143,0
1434,143,0
1585,143,0
144,170,3
144,287,3
144,341,3
355,144,0
613,144,0
809,144,0
144,941,3
144,1061,3
434,145,0
475,145,0
676,145,0
857,145,0
898,145,0
146,168,3
146,990,3
1015,146,0
146,1354,3
196,148,0
775,148,0
875,148,0
1334,148,0
1337,148,0
291,149,0
463,149,0
508,149,0
894,149,0
149,1088,3
1196,149,0
1200,149,0
1547,149,0
150,262,3
337,150,0
150,715,3
760,150,0
829,150,0
1605,150,0
151,174,3
151,325,3
471,151,0
863,151,0
918,151,0
151,1155,3
1189,151,0
1438,151,0
152,389,3
1476,152,0
152,1488,3
771,153,0
845,153,0
153,1165,3
1300,153,0
153,1452,3
153,1539,3
350,154,0
351,154,0
841,154,0
1296,154,0
311,155,0
336,155,0
505,155,0
765,155,0
807,155,0
948,155,0
1273,155,0
1284,155,0
1321,155,0
1523,155,0
1526,155,0
1539,155,0
1558,155,0
1572,155,0
156,1431,3
3,157,0
294,157,0
382,157,0
490,157,0
157,676,3
695,157,0
750,157,0
1081,157,0
1096,157,0
1135,157,0
1358,157,0
1433,157,0
114,158,0
118,158,0
692,158,0
158,1211,3
249,159,0
368,159,0
371,159,0
393,159,0
464,159,0
472,159,0
489,159,0
504,159,0
549,159,0
598,159,0
684,159,0
744,159,0
792,159,0
813,159,0
850,159,0
866,159,0
885,159,0
888,159,0
951,159,0
996,159,0
1008,159,0
1054,159,0
1077,159,0
1086,159,0
1103,159,0
1143,159,0
1229,159,0
1234,159,0
1237,159,0
1283,159,0
159,1305,3
1374,159,0
1420,159,0
1427,159,0
1509,159,0
1600,159,0
191,160,0
160,250,3
293,160,0
160,305,3
329,160,0
481,160,0
160,604,3
625,160,0
706,160,0
160,940,3
1035,160,0
160,1134,3
1248,160,0
1259,160,0
160,1346,3
1516,160,0
624,161,0
665,161,0
161,891,3
952,161,0
162,297,3
303,162,0
310,162,0
407,162,0
733,162,0
941,162,0
1061,162,0
1089,162,0
162,1233,3
314,163,0
163,412,3
163,581,3
714,163,0
861,163,0
928,163,0
1034,163,0
1197,163,0
1612,163,0
24,164,0
247,164,0
263,164,0
513,164,0
635,164,0
766,164,0
950,164,0
955,164,0
974,164,0
982,164,0
991,164,0
1203,164,0
1205,164,0
1211,164,0
1363,164,0
164,1401,3
1440,164,0
1617,164,0
165,488,3
165,1089,3
165,1104,3
278,166,0
430,166,0
445,166,0
166,611,3
166,615,3
166,755,3
814,166,0
166,832,3
1137,166,0
1348,166,0
1508,166,0
2,167,0
509,167,0
827,167,0
1251,167,0
1491,167,0
167,1553,3
168,186,3
281,168,0
168,600,3
883,168,0
977,168,0
987,168,0
168,1145,3
1239,168,0
1502,168,0
15,169,0
114,169,0
118,169,0
315,169,0
444,169,0
757,169,0
824,169,0
852,169,0
887,169,0
1011,169,0
1063,169,0
1133,169,0
1228,169,0
1282,169,0
169,1367,3
1377,169,0
1439,169,0
1608,169,0
4,170,0
18,170,0
48,170,0
128,170,0
135,170,0
168,170,0
199,170,0
212,170,0
218,170,0
232,170,0
255,170,0
264,170,0
269,170,0
291,170,0
292,170,0
293,170,0
297,170,0
302,170,0
320,170,0
332,170,0
339,170,0
342,170,0
346,170,0
356,170,0
358,170,0
374,170,0
381,170,0
387,170,0
388,170,0
393,170,0
398,170,0
408,170,0
424,170,0
427,170,0
450,170,0
454,170,0
487,170,0
511,170,0
529,170,0
549,170,0
561,170,0
575,170,0
576,170,0
579,170,0
580,170,0
610,170,0
620,170,0
634,170,0
636,170,0
656,170,0
660,170,0
683,170,0
692,170,0
721,170,0
722,170,0
723,170,0
734,170,0
742,170,0
758,170,0
763,170,0
765,170,0
774,170,0
783,170,0
790,170,0
796,170,0
798,170,0
801,170,0
813,170,0
819,170,0
825,170,0
831,170,0
849,170,0
850,170,0
860,170,0
863,170,0
881,170,0
885,170,0
897,170,0
899,170,0
907,170,0
914,170,0
915,170,0
916,170,0
919,170,0
925,170,0
932,170,0
933,170,0
939,170,0
950,170,0
970,170,0
990,170,0
995,170,0
999,170,0
1001,170,0
1023,170,0
1036,170,0
1040,170,0
1043,170,0
1048,170,0
1057,170,0
1066,170,0
1086,170,0
1094,170,0
1104,170,0
1115,170,0
1120,170,0
1131,170,0
1132,170,0
1150,170,0
1152,170,0
1169,170,0
1178,170,0
1184,170,0
1187,170,0
1199,170,0
1202,170,0
1207,170,0
1221,170,0
1229,170,0
1232,170,0
1247,170,0
1249,170,0
1269,170,0
1309,170,0
1313,170,0
1326,170,0
170,1328,3
1333,170,0
1338,170,0
1343,170,0
1370,170,0
1374,170,0
1396,170,0
1407,170,0
1411,170,0
1417,170,0
1420,170,0
1424,170,0
1432,170,0
1435,170,0
1438,170,0
1441,170,0
1442,170,0
1454,170,0
1467,170,0
1478,170,0
1482,170,0
1483,170,0
1516,170,0
1543,170,0
1546,170,0
1550,170,0
1557,170,0
1562,170,0
1563,170,0
1580,170,0
1592,170,0
1598,170,0
1599,170,0
1600,170,0
1601,170,0
1629,170,0
1641,170,0
171,782,3
171,1028,3
591,172,0
172,843,3
1238,172,0
1291,172,0
321,173,0
173,560,3
1256,173,0
1473,173,0
174,504,3
809,174,0
174,1198,3
31,175,0
138,175,0
227,175,0
249,175,0
279,175,0
291,175,0
292,175,0
330,175,0
368,175,0
371,175,0
422,175,0
463,175,0
464,175,0
472,175,0
489,175,0
502,175,0
514,175,0
529,175,0
598,175,0
615,175,0
643,175,0
663,175,0
684,175,0
694,175,0
701,175,0
722,175,0
735,175,0
774,175,0
777,175,0
781,175,0
792,175,0
850,175,0
888,175,0
894,175,0
925,175,0
939,175,0
996,175,0
1009,175,0
1043,175,0
1054,175,0
1058,175,0
1077,175,0
1079,175,0
1086,175,0
1103,175,0
1116,175,0
1143,175,0
1171,175,0
1202,175,0
1231,175,0
1232,175,0
1235,175,0
1237,175,0
1249,175,0
1274,175,0
1283,175,0
1309,175,0
1329,175,0
1331,175,0
1345,175,0
1361,175,0
1367,175,0
1374,175,0
1389,175,0
1401,175,0
1413,175,0
1416,175,0
1417,175,0
1420,175,0
1468,175,0
1504,175,0
1509,175,0
1515,175,0
1518,175,0
1547,175,0
1557,175,0
1580,175,0
1594,175,0
1601,175,0
146,176,0
795,176,0
841,176,0
176,1129,3
1235,176,0
1296,176,0
504,177,0
887,177,0
177,1079,3
177,1298,3
177,1422,3
1434,177,0
177,1628,3
224,178,0
403,178,0
178,1021,3
178,1061,3
178,1163,3
178,1313,3
777,179,0
179,783,3
179,868,3
1254,179,0
1537,179,0
1538,179,0
180,507,3
180,564,3
1157,180,0
180,1446,3
180,1557,3
31,181,0
37,181,0
108,181,0
225,181,0
285,181,0
308,181,0
311,181,0
315,181,0
323,181,0
343,181,0
396,181,0
443,181,0
444,181,0
499,181,0
548,181,0
571,181,0
573,181,0
608,181,0
609,181,0
621,181,0
633,181,0
741,181,0
786,181,0
787,181,0
797,181,0
838,181,0
840,181,0
876,181,0
918,181,0
922,181,0
930,181,0
992,181,0
1027,181,0
1052,181,0
1060,181,0
1062,181,0
1108,181,0
1209,181,0
1227,181,0
1233,181,0
1276,181,0
1280,181,0
1302,181,0
1354,181,0
1364,181,0
1408,181,0
1447,181,0
1451,181,0
1474,181,0
1567,181,0
1572,181,0
181,1585,3
182,375,3
449,182,0
521,182,0
182,626,3
182,781,3
785,182,0
183,481,3
183,568,3
659,183,0
770,183,0
859,183,0
1079,183,0
1477,183,0
1569,183,0
184,425,3
434,184,0
464,184,0
678,184,0
184,709,3
184,1085,3
1537,184,0
185,295,3
185,310,3
185,689,3
820,185,0
833,185,0
1117,185,0
1149,185,0
1158,185,0
1449,185,0
54,186,0
229,186,0
262,186,0
297,186,0
304,186,0
379,186,0
381,186,0
390,186,0
403,186,0
424,186,0
480,186,0
482,186,0
499,186,0
511,186,0
610,186,0
614,186,0
620,186,0
629,186,0
685,186,0
733,186,0
736,186,0
742,186,0
758,186,0
761,186,0
802,186,0
824,186,0
872,186,0
881,186,0
913,186,0
921,186,0
924,186,0
931,186,0
966,186,0
1028,186,0
1035,186,0
1047,186,0
1062,186,0
1106,186,0
1111,186,0
1131,186,0
1194,186,0
1195,186,0
1205,186,0
1225,186,0
1253,186,0
1322,186,0
1323,186,0
1338,186,0
1351,186,0
1357,186,0
1370,186,0
1372,186,0
1403,186,0
1415,186,0
1429,186,0
1441,186,0
1456,186,0
1465,186,0
1486,186,0
1550,186,0
1560,186,0
1563,186,0
1565,186,0
1577,186,0
1598,186,0
1617,186,0
1641,186,0
799,187,0
873,187,0
937,187,0
187,1249,3
1381,187,0
187,1410,3
1447,187,0
1488,187,0
765,188,0
879,188,0
188,1193,3
189,683,3
189,762,3
245,190,0
288,190,0
744,190,0
951,190,0
961,190,0
1347,190,0
1596,190,0
191,389,3
553,191,0
625,191,0
754,191,0
806,191,0
914,191,0
191,978,3
1035,191,0
1248,191,0
1252,191,0
1303,191,0
1516,191,0
192,856,3
1207,192,0
1607,192,0
2,193,0
71,193,0
78,193,0
84,193,0
90,193,0
100,193,0
114,193,0
118,193,0
121,193,0
170,193,0
202,193,0
209,193,0
216,193,0
243,193,0
250,193,0
275,193,0
277,193,0
282,193,0
290,193,0
292,193,0
302,193,0
304,193,0
309,193,0
318,193,0
322,193,0
324,193,0
328,193,0
333,193,0
342,193,0
347,193,0
376,193,0
387,193,0
389,193,0
446,193,0
484,193,0
503,193,0
504,193,0
509,193,0
545,193,0
555,193,0
562,193,0
572,193,0
612,193,0
617,193,0
656,193,0
193,669,3
696,193,0
719,193,0
726,193,0
728,193,0
731,193,0
732,193,0
745,193,0
757,193,0
765,193,0
771,193,0
774,193,0
798,193,0
813,193,0
817,193,0
821,193,0
822,193,0
827,193,0
845,193,0
850,193,0
868,193,0
871,193,0
872,193,0
902,193,0
906,193,0
909,193,0
913,193,0
925,193,0
949,193,0
969,193,0
976,193,0
988,193,0
990,193,0
1009,193,0
1013,193,0
1032,193,0
1043,193,0
1056,193,0
1062,193,0
1080,193,0
1088,193,0
1121,193,0
1122,193,0
1134,193,0
1137,193,0
1144,193,0
1153,193,0
1159,193,0
1168,193,0
1180,193,0
1186,193,0
1188,193,0
1191,193,0
1194,193,0
1202,193,0
1210,193,0
1219,193,0
1225,193,0
1228,193,0
1229,193,0
1232,193,0
1236,193,0
1249,193,0
1251,193,0
1263,193,0
1275,193,0
1277,193,0
1287,193,0
1295,193,0
1300,193,0
1309,193,0
1314,193,0
1315,193,0
1324,193,0
1326,193,0
1331,193,0
1332,193,0
1341,193,0
1362,193,0
1369,193,0
1374,193,0
1382,193,0
1464,193,0
1469,193,0
193,1470,3
1475,193,0
1490,193,0
1491,193,0
1518,193,0
1535,193,0
1536,193,0
1585,193,0
1599,193,0
1600,193,0
1601,193,0
1630,193,0
1632,193,0
1633,193,0
1640,193,0
1641,193,0
35,194,0
234,194,0
238,194,0
411,194,0
466,194,0
776,194,0
835,194,0
854,194,0
194,863,3
1006,194,0
1519,194,0
194,1538,3
195,845,3
195,1139,3
196,1265,3
198,449,3
199,440,3
199,681,3
200,585,3
200,782,3
200,1015,3
202,1528,3
203,1019,3
203,1329,3
204,445,3
205,1238,3
206,592,3
206,1131,3
208,660,3
209,675,3
211,705,3
212,903,3
212,958,3
214,226,3
214,1611,3
215,631,3
215,970,3
215,1384,3
215,1579,3
216,301,3
217,900,3
218,1147,3
218,1466,3
219,434,3
219,453,3
219,458,3
220,417,3
221,491,3
221,1271,3
222,511,3
223,665,3
223,1039,3
223,1090,3
224,1138,3
226,857,3
227,1276,3
227,1376,3
228,625,3
229,331,3
230,429,3
230,840,3
230,1260,3
231,606,3
232,578,3
232,1302,3
233,1530,3
235,555,3
235,563,3
235,863,3
235,1189,3
235,1428,3
236,1280,3
237,465,3
237,878,3
237,1461,3
238,375,3
238,1191,3
238,1422,3
239,752,3
239,981,3
239,1385,3
241,575,3
242,688,3
243,405,3
244,816,3
245,448,3
245,1011,3
247,306,3
247,979,3
247,1173,3
247,1478,3
249,1273,3
250,308,3
250,728,3
250,992,3
250,1001,3
251,675,3
251,937,3
251,967,3
252,1246,3
252,1254,3
253,1350,3
253,1592,3
254,1026,3
254,1322,3
254,1572,3
255,549,3
255,1152,3
255,1406,3
256,742,3
256,1340,3
257,1068,3
258,1112,3
258,1294,3
259,1484,3
259,1513,3
260,1432,3
261,1442,3
262,1420,3
265,628,3
265,1514,3
268,794,3
268,1001,3
268,1536,3
269,344,3
269,936,3
270,456,3
270,679,3
271,784,3
271,1596,3
271,1623,3
272,796,3
272,811,3
272,1074,3
272,1215,3
272,1218,3
272,1240,3
273,855,3
273,1111,3
273,1134,3
273,1217,3
273,1611,3
274,1506,3
275,557,3
275,1147,3
275,1209,3
276,348,3
276,510,3
276,1636,3
276,1640,3
278,976,3
279,687,3
279,966,3
281,1059,3
282,908,3
282,1601,3
283,405,3
283,1237,3
284,1582,3
285,1263,3
286,611,3
287,799,3
288,779,3
288,1244,3
288,1370,3
289,1057,3
291,414,3
291,833,3
292,837,3
294,850,3
296,706,3
297,945,3
298,567,3
298,1574,3
299,439,3
300,1546,3
301,1260,3
302,466,3
302,917,3
303,1147,3
305,1005,3
305,1239,3
305,1440,3
306,650,3
306,1044,3
309,619,3
311,719,3
312,333,3
312,567,3
312,1454,3
316,1418,3
317,1249,3
318,788,3
318,880,3
319,835,3
319,1361,3
320,1410,3
320,1529,3
321,329,3
321,718,3
322,1576,3
323,1106,3
323,1419,3
324,1551,3
325,1442,3
326,409,3
326,1483,3
326,1543,3
327,1018,3
327,1292,3
327,1597,3
327,1613,3
328,427,3
328,621,3
329,498,3
329,648,3
330,1188,3
331,1606,3
333,1179,3
336,764,3
336,897,3
337,632,3
338,1546,3
339,376,3
339,954,3
339,1132,3
340,1026,3
341,1458,3
341,1500,3
342,832,3
342,969,3
342,1479,3
343,648,3
343,988,3
343,1443,3
344,526,3
344,818,3
346,1336,3
346,1476,3
347,529,3
347,1149,3
347,1428,3
348,1067,3
348,1308,3
350,446,3
350,877,3
351,932,3
351,1574,3
352,1373,3
353,1454,3
354,1396,3
355,1143,3
356,831,3
357,1550,3
358,976,3
358,1303,3
358,1521,3
359,640,3
360,363,3
360,648,3
360,729,3
360,1503,3
361,580,3
361,1335,3
363,802,3
364,841,3
365,1153,3
366,626,3
366,662,3
366,1519,3
367,699,3
367,806,3
367,1033,3
367,1589,3
368,963,3
368,995,3
369,794,3
370,410,3
370,467,3
370,1071,3
370,1547,3
371,1611,3
372,660,3
373,923,3
375,496,3
375,523,3
376,589,3
376,625,3
376,778,3
379,1027,3
380,647,3
381,839,3
382,1632,3
383,684,3
383,779,3
383,1634,3
384,756,3
384,1114,3
386,1085,3
387,1496,3
387,1606,3
388,790,3
389,448,3
389,733,3
389,1092,3
389,1578,3
389,1634,3
390,1241,3
391,1018,3
392,646,3
392,864,3
392,1028,3
393,436,3
393,980,3
393,1117,3
393,1241,3
394,833,3
394,1383,3
394,1454,3
394,1535,3
394,1588,3
395,1325,3
396,691,3
396,882,3
396,1002,3
397,844,3
398,686,3
398,713,3
400,973,3
400,1451,3
400,1522,3
402,750,3
402,946,3
404,612,3
404,830,3
404,1086,3
406,1097,3
406,1472,3
406,1522,3
408,829,3
408,1010,3
408,1379,3
410,1134,3
411,1527,3
413,1327,3
414,651,3
415,838,3
415,1388,3
416,652,3
416,669,3
418,1247,3
419,848,3
421,449,3
421,926,3
421,1313,3
422,1217,3
424,1427,3
424,1482,3
425,1593,3
426,786,3
426,1011,3
426,1445,3
426,1510,3
428,724,3
428,1517,3
429,556,3
429,693,3
429,1127,3
429,1197,3
429,1611,3
431,1113,3
433,997,3
433,1038,3
433,1120,3
433,1553,3
434,762,3
434,1592,3
435,1164,3
436,844,3
436,1066,3
438,1206,3
439,1274,3
440,1062,3
444,544,3
444,1579,3
447,1615,3
449,469,3
450,610,3
450,848,3
450,1238,3
451,898,3
452,1403,3
454,1342,3
454,1440,3
455,1515,3
456,526,3
458,1142,3
458,1335,3
459,827,3
461,792,3
462,536,3
462,1560,3
463,670,3
465,1043,3
465,1588,3
467,1355,3
468,797,3
468,1522,3
469,947,3
469,1383,3
469,1563,3
470,1043,3
470,1218,3
471,583,3
471,780,3
471,1215,3
472,1430,3
472,1580,3
473,620,3
473,737,3
473,1049,3
473,1054,3
473,1317,3
473,1621,3
474,598,3
474,660,3
475,1373,3
476,580,3
476,841,3
477,648,3
477,1188,3
477,1237,3
478,1362,3
481,640,3
482,539,3
482,1395,3
482,1640,3
485,707,3
486,978,3
486,1574,3
487,700,3
487,836,3
489,1370,3
489,1621,3
491,865,3
491,1503,3
493,644,3
494,708,3
494,1274,3
496,599,3
496,998,3
497,620,3
497,1125,3
497,1343,3
497,1516,3
498,538,3
499,637,3
499,1119,3
499,1468,3
501,840,3
502,874,3
502,1445,3
504,851,3
504,1204,3
504,1600,3
505,758,3
506,1594,3
507,1117,3
507,1186,3
508,722,3
508,1218,3
509,879,3
509,1093,3
509,1409,3
510,837,3
510,1611,3
511,1464,3
512,657,3
512,937,3
512,1168,3
515,754,3
515,1359,3
517,965,3
517,1436,3
518,1113,3
519,760,3
519,1186,3
521,1142,3
522,660,3
522,714,3
522,1453,3
524,1099,3
525,1518,3
526,768,3
527,1046,3
527,1312,3
528,731,3
529,794,3
529,1278,3
529,1629,3
530,826,3
531,544,3
531,1567,3
532,1397,3
533,1140,3
535,860,3
535,1573,3
536,1182,3
537,729,3
537,1206,3
537,1539,3
538,1338,3
540,1353,3
542,997,3
543,766,3
543,1260,3
543,1331,3
543,1351,3
545,709,3
545,1372,3
545,1538,3
546,1407,3
547,750,3
548,622,3
552,949,3
552,1415,3
553,1091,3
553,1142,3
553,1424,3
553,1470,3
553,1588,3
555,842,3
555,1393,3
555,1544,3
556,1109,3
556,1599,3
557,1190,3
558,904,3
558,1311,3
558,1417,3
561,1196,3
561,1335,3
563,1191,3
563,1535,3
564,668,3
564,919,3
565,1098,3
567,807,3
567,871,3
567,927,3
567,937,3
567,1001,3
568,626,3
568,1378,3
570,725,3
570,837,3
571,906,3
572,1004,3
573,1024,3
574,990,3
574,1058,3
574,1333,3
575,992,3
576,1138,3
576,1255,3
578,651,3
578,1362,3
579,869,3
580,801,3
581,1076,3
582,1112,3
582,1289,3
583,1302,3
584,1459,3
584,1565,3
585,1176,3
586,1085,3
587,943,3
588,1266,3
588,1341,3
590,723,3
592,1357,3
592,1593,3
593,725,3
593,1609,3
594,671,3
594,1283,3
594,1406,3
594,1429,3
595,1208,3
597,877,3
597,1187,3
601,766,3
602,727,3
602,1035,3
603,1237,3
604,874,3
604,1278,3
605,691,3
605,1175,3
605,1220,3
605,1229,3
605,1294,3
605,1459,3
606,641,3
607,1313,3
608,816,3
608,1241,3
608,1595,3
610,1615,3
611,1625,3
612,974,3
612,1045,3
612,1243,3
613,638,3
614,1064,3
614,1454,3
615,780,3
615,1468,3
616,1526,3
618,684,3
618,1224,3
619,1108,3
619,1252,3
620,1001,3
620,1028,3
621,632,3
621,1067,3
622,1033,3
623,1417,3
625,1318,3
626,1137,3
626,1140,3
627,780,3
628,1313,3
628,1391,3
630,849,3
632,1512,3
636,638,3
636,684,3
636,987,3
638,641,3
640,1635,3
641,923,3
641,1209,3
641,1636,3
642,776,3
642,990,3
643,816,3
643,1087,3
643,1258,3
644,1093,3
645,701,3
645,842,3
647,1313,3
648,680,3
650,1437,3
651,1059,3
653,1002,3
654,1307,3
655,759,3
655,1192,3
655,1472,3
657,686,3
657,1319,3
660,1458,3
661,814,3
661,1369,3
661,1593,3
662,832,3
662,1291,3
664,1184,3
664,1636,3
669,840,3
670,1117,3
671,847,3
672,964,3
672,1403,3
673,695,3
677,680,3
678,1342,3
679,728,3
679,800,3
680,1604,3
681,988,3
681,1172,3
681,1278,3
681,1429,3
683,905,3
686,1086,3
686,1595,3
687,755,3
687,1563,3
689,1260,3
690,787,3
690,1074,3
691,1557,3
692,1064,3
692,1291,3
692,1455,3
693,856,3
694,917,3
694,1165,3
694,1327,3
695,784,3
695,838,3
695,1029,3
695,1477,3
695,1613,3
699,985,3
700,1412,3
700,1493,3
701,986,3
701,1179,3
702,956,3
702,1189,3
703,920,3
703,1279,3
703,1423,3
703,1558,3
707,1472,3
708,1261,3
709,980,3
710,1553,3
711,1229,3
712,1535,3
713,1523,3
714,906,3
715,868,3
716,837,3
716,1185,3
716,1631,3
717,942,3
717,980,3
717,1205,3
718,1620,3
719,775,3
719,810,3
720,1270,3
721,1093,3
722,1255,3
724,1222,3
725,1034,3
725,1565,3
726,768,3
726,1445,3
727,1112,3
727,1473,3
729,1364,3
730,887,3
730,1042,3
730,1357,3
733,1172,3
733,1180,3
733,1526,3
734,1220,3
735,902,3
737,1263,3
738,1292,3
738,1343,3
739,846,3
739,1252,3
740,1021,3
740,1091,3
740,1097,3
741,908,3
741,1026,3
741,1335,3
742,1442,3
743,1089,3
743,1627,3
744,770,3
744,901,3
744,1262,3
744,1267,3
745,1459,3
745,1466,3
746,1140,3
746,1337,3
747,1468,3
748,1579,3
750,1313,3
751,774,3
751,1045,3
751,1124,3
752,1190,3
753,958,3
753,1517,3
754,1564,3
755,1395,3
756,923,3
757,1011,3
757,1070,3
757,1148,3
758,1006,3
758,1586,3
759,1061,3
760,1040,3
760,1073,3
761,1022,3
761,1123,3
761,1501,3
763,975,3
763,1032,3
764,1203,3
764,1433,3
767,793,3
767,973,3
767,1236,3
768,1336,3
769,865,3
769,1213,3
769,1418,3
770,1543,3
772,1005,3
772,1348,3
774,1312,3
774,1313,3
776,1328,3
779,1509,3
780,1372,3
782,1204,3
784,829,3
786,1436,3
786,1610,3
787,1595,3
788,1253,3
789,841,3
789,1104,3
789,1551,3
794,1066,3
794,1297,3
794,1406,3
795,1411,3
796,1437,3
797,904,3
798,889,3
799,827,3
799,1159,3
800,1148,3
801,1311,3
802,1117,3
804,1435,3
806,1180,3
807,1225,3
807,1393,3
807,1449,3
809,1028,3
809,1197,3
811,967,3
811,1301,3
811,1408,3
811,1435,3
813,1065,3
813,1631,3
814,880,3
814,1473,3
821,1143,3
821,1214,3
822,1169,3
823,1013,3
824,1493,3
826,1124,3
826,1181,3
827,879,3
828,1042,3
828,1466,3
830,915,3
830,1099,3
831,1404,3
832,852,3
833,1238,3
835,906,3
835,1540,3
838,1315,3
838,1355,3
840,1621,3
841,1151,3
842,1224,3
843,1374,3
844,1316,3
845,931,3
845,1038,3
845,1322,3
847,1440,3
850,1280,3
851,1293,3
852,892,3
852,1013,3
852,1609,3
853,1112,3
856,867,3
857,1549,3
858,1136,3
859,1350,3
860,956,3
860,1547,3
862,1313,3
863,1361,3
864,901,3
864,1153,3
864,1580,3
865,1135,3
865,1474,3
866,1002,3
867,1276,3
868,1182,3
869,1134,3
869,1266,3
869,1477,3
870,1624,3
872,1277,3
872,1532,3
876,1477,3
876,1585,3
877,1108,3
884,1110,3
884,1159,3
886,1024,3
886,1316,3
887,952,3
890,1141,3
890,1273,3
891,1587,3
893,1142,3
894,917,3
894,965,3
896,1062,3
896,1114,3
896,1545,3
897,1152,3
897,1197,3
898,1596,3
899,1594,3
902,1249,3
905,1360,3
906,922,3
907,1260,3
907,1422,3
907,1490,3
908,1584,3
909,1561,3
911,1366,3
912,1351,3
915,1123,3
917,1619,3
920,1063,3
920,1357,3
921,1059,3
921,1258,3
922,1237,3
923,1369,3
924,1450,3
927,1417,3
928,1087,3
928,1530,3
930,1294,3
931,1221,3
933,1323,3
936,1101,3
936,1239,3
936,1326,3
938,1349,3
939,1146,3
940,1514,3
941,1296,3
943,1450,3
944,1290,3
945,1098,3
945,1598,3
946,1265,3
946,1623,3
946,1626,3
948,1018,3
948,1021,3
949,1538,3
950,1123,3
951,1109,3
952,1138,3
952,1235,3
953,1493,3
954,1183,3
956,1032,3
956,1635,3
959,977,3
960,1078,3
960,1504,3
964,983,3
964,1075,3
964,1337,3
966,1317,3
966,1614,3
971,1559,3
972,1621,3
973,1162,3
974,1408,3
975,1514,3
975,1552,3
976,1507,3
976,1624,3
977,996,3
977,1050,3
979,1257,3
979,1483,3
979,1493,3
980,1012,3
980,1022,3
980,1089,3
981,1477,3
982,1155,3
982,1468,3
984,1033,3
986,1450,3
990,1601,3
992,1493,3
993,1397,3
996,998,3
996,1156,3
997,1040,3
997,1549,3
1000,1289,3
1000,1344,3
1001,1177,3
1003,1048,3
1003,1606,3
1004,1176,3
1005,1614,3
1008,1031,3
1008,1252,3
1012,1146,3
1012,1250,3
1012,1296,3
1013,1486,3
1014,1251,3
1014,1436,3
1014,1572,3
1015,1412,3
1016,1532,3
1016,1543,3
1017,1259,3
1020,1208,3
1022,1449,3
1024,1185,3
1024,1284,3
1025,1359,3
1025,1372,3
1027,1221,3
1030,1309,3
1030,1359,3
1033,1170,3
1036,1387,3
1038,1431,3
1041,1586,3
1041,1592,3
1042,1589,3
1045,1110,3
1047,1595,3
1049,1186,3
1051,1621,3
1053,1544,3
1057,1320,3
1058,1289,3
1059,1370,3
1059,1503,3
1060,1606,3
1061,1523,3
1062,1076,3
1062,1421,3
1062,1490,3
1064,1105,3
1064,1295,3
1067,1140,3
1067,1373,3
1067,1618,3
1068,1263,3
1070,1218,3
1071,1599,3
1072,1090,3
1073,1510,3
1074,1559,3
1076,1106,3
1076,1488,3
1078,1523,3
1079,1138,3
1080,1279,3
1081,1505,3
1082,1476,3
1085,1527,3
1086,1422,3
1087,1536,3
1087,1566,3
1088,1297,3
1088,1367,3
1089,1375,3
1089,1564,3
1096,1184,3
1096,1442,3
1096,1497,3
1098,1257,3
1102,1545,3
1103,1361,3
1104,1135,3
1104,1569,3
1105,1492,3
1106,1249,3
1109,1385,3
1110,1560,3
1111,1165,3
1112,1266,3
1113,1435,3
1114,1165,3
1116,1434,3
1122,1140,3
1122,1476,3
1123,1237,3
1125,1127,3
1125,1319,3
1128,1400,3
1130,1249,3
1130,1408,3
1131,1470,3
1137,1285,3
1137,1360,3
1139,1432,3
1141,1563,3
1142,1450,3
1143,1435,3
1146,1575,3
1147,1182,3
1150,1420,3
1150,1479,3
1151,1208,3
1151,1631,3
1153,1210,3
1155,1484,3
1159,1249,3
1170,1367,3
1172,1239,3
1173,1201,3
1180,1318,3
1182,1309,3
1182,1552,3
1183,1499,3
1184,1594,3
1185,1574,3
1188,1222,3
1188,1272,3
1188,1560,3
1190,1526,3
1191,1636,3
1197,1347,3
1198,1554,3
1200,1219,3
1200,1299,3
1203,1429,3
1203,1449,3
1203,1510,3
1206,1494,3
1207,1228,3
1207,1339,3
1208,1352,3
1208,1437,3
1208,1495,3
1209,1538,3
1210,1531,3
1211,1526,3
1211,1578,3
1213,1378,3
1214,1333,3
1217,1306,3
1217,1393,3
1221,1451,3
1222,1498,3
1225,1331,3
1232,1618,3
1235,1247,3
1237,1256,3
1240,1355,3
1242,1600,3
1243,1295,3
1243,1508,3
1245,1420,3
1245,1576,3
1246,1447,3
1253,1481,3
1254,1391,3
1256,1319,3
1261,1564,3
1261,1589,3
1265,1490,3
1266,1472,3
1267,1297,3
1269,1331,3
1270,1464,3
1278,1463,3
1278,1542,3
1281,1530,3
1282,1538,3
1282,1545,3
1285,1468,3
1293,1509,3
1296,1305,3
1300,1400,3
1303,1479,3
1305,1336,3
1305,1600,3
1306,1372,3
1306,1545,3
1307,1477,3
1310,1504,3
1311,1509,3
1311,1542,3
1312,1453,3
1312,1495,3
1313,1523,3
1314,1467,3
1315,1488,3
1315,1501,3
1321,1427,3
1321,1486,3
1321,1592,3
1324,1512,3
1337,1487,3
1337,1531,3
1339,1607,3
1340,1356,3
1340,1516,3
1340,1631,3
1345,1562,3
1345,1581,3
1350,1527,3
1352,1459,3
1353,1385,3
1356,1596,3
1357,1570,3
1359,1595,3
1360,1640,3
1368,1565,3
1373,1415,3
1376,1526,3
1384,1553,3
1385,1561,3
1390,1601,3
1393,1556,3
1394,1414,3
1398,1595,3
1402,1623,3
1408,1442,3
1414,1572,3
1416,1579,3
1420,1486,3
1422,1592,3
1424,1546,3
1427,1489,3
1443,1529,3
1468,1606,3
1471,1543,3
1473,1597,3
1476,1633,3
1486,1598,3
1496,1597,3
1499,1614,3
1506,1635,3
1521,1591,3
1522,1630,3
1534,1544,3
1540,1577,3
1555,1556,3
1556,1630,3
1558,1596,3
1560,1603,3
1565,1566,3
1565,1635,3
1578,1600,3
1609,1617,3
