0,166,1
0,200,1
0,290,1
0,498,1
0,848,1
0,918,1
935,0,0
987,0,0
0,988,1
0,1124,1
0,1129,1
0,1161,1
0,1301,1
1362,0,0
0,1426,1
1,26,1
1,518,0
662,1,0
1,701,1
1,1069,1
1,1092,0
1,1152,1
1,1176,1
1,1220,1
1,1262,1
1,1277,1
1,1352,1
1,1414,1
1,1599,1
509,2,0
2,548,1
2,827,1
2,1251,1
2,1287,1
2,1490,1
2,1491,1
2,1535,1
222,3,0
3,249,1
3,258,1
3,319,1
687,3,0
3,1140,0
3,1322,1
1340,3,0
116,4,0
234,4,0
4,691,0
4,819,1
5,495,1
5,1042,1
5,1231,1
5,1400,1
6,326,1
6,1207,1
1536,6,0
22,7,0
7,179,1
7,204,1
284,7,0
345,7,0
399,7,0
7,484,1
555,7,0
7,562,1
581,7,0
590,7,0
7,772,1
7,776,1
778,7,0
822,7,0
7,842,1
7,936,1
7,940,1
7,973,1
7,1122,1
7,1159,1
1180,7,0
1394,7,0
7,1429,0
1458,7,0
7,1503,1
9,210,1
9,298,1
9,497,1
994,9,0
9,1084,1
9,1311,1
10,175,1
10,242,0
10,279,1
314,10,0
316,10,0
318,10,0
381,10,0
389,10,0
390,10,0
10,437,1
10,464,1
10,489,1
10,516,1
10,529,1
642,10,0
10,683,1
10,698,1
10,705,1
10,746,1
10,828,1
10,866,1
10,895,1
10,906,1
925,10,0
10,951,1
10,969,1
10,981,1
10,996,1
10,1008,1
10,1022,1
1028,10,0
10,1047,1
1054,10,0
10,1134,1
10,1143,1
10,1221,1
10,1226,1
1234,10,0
1235,10,0
10,1237,1
10,1427,1
10,1469,1
10,1504,1
10,1532,1
10,1553,1
10,1554,1
10,1560,1
1580,10,0
10,1628,1
11,77,1
11,227,0
11,243,1
11,319,1
11,460,1
475,11,0
11,496,1
11,628,1
632,11,0
11,680,1
11,716,1
11,726,1
11,745,1
11,805,1
836,11,0
11,858,1
11,1188,1
1191,11,0
1204,11,0
11,1213,1
1225,11,0
11,1242,1
11,1585,1
12,22,1
34,12,0
12,211,1
12,241,1
12,242,1
12,300,1
12,361,0
370,12,0
12,386,1
12,404,1
409,12,0
12,431,1
12,458,1
490,12,0
12,497,0
12,583,1
644,12,0
645,12,0
12,654,1
12,673,1
12,721,1
748,12,0
12,749,1
12,753,1
12,804,1
12,832,1
12,869,1
930,12,0
976,12,0
12,1095,1
1123,12,0
12,1180,1
1260,12,0
1266,12,0
12,1288,1
1314,12,0
12,1326,1
12,1349,1
12,1355,1
1366,12,0
1373,12,0
1443,12,0
12,1463,1
12,1517,1
12,1527,1
12,1543,1
1571,12,0
12,1589,1
12,1609,1
12,1642,1
65,13,0
13,294,1
13,349,1
13,488,1
13,747,1
13,1224,0
13,1597,1
14,215,1
14,289,1
14,914,1
14,932,1
14,1085,1
14,1401,1
14,1635,0
15,108,1
114,15,0
118,15,0
15,307,1
315,15,0
15,328,1
15,444,1
15,493,0
525,15,0
15,686,1
15,757,1
824,15,0
15,852,1
15,887,1
1011,15,0
15,1063,1
15,1133,1
1228,15,0
15,1240,1
15,1280,1
15,1282,1
15,1367,1
15,1377,1
15,1379,1
15,1414,0
15,1439,1
1608,15,0
16,36,0
16,236,1
16,306,0
16,455,1
16,552,0
16,1232,0
16,1545,0
17,103,1
17,527,0
17,642,0
18,309,1
18,479,1
18,572,1
18,614,1
732,18,0
18,1052,0
1112,18,0
1272,18,0
18,1369,1
135,19,0
19,721,0
19,844,1
860,19,0
19,1124,0
19,1170,1
20,17,1
20,262,0
20,475,1
20,612,1
829,20,0
20,1142,0
20,1446,1
1606,20,0
20,1607,0
21,252,1
21,333,1
375,21,0
21,513,1
21,556,0
21,636,0
21,803,0
1251,21,0
22,399,1
555,22,0
22,666,0
22,776,1
22,778,1
22,973,1
22,1055,0
1106,22,0
1122,22,0
22,1159,1
22,1220,1
1503,22,0
23,214,1
23,483,1
761,23,0
23,1255,1
23,1436,1
23,1596,1
24,345,0
24,764,0
24,1029,1
24,1181,1
24,1453,1
24,1491,0
25,180,0
25,329,1
25,500,1
25,543,1
25,572,0
25,622,1
25,646,1
25,740,1
25,1298,1
25,1603,1
26,56,1
27,364,1
27,485,0
802,27,0
27,887,1
1182,27,0
1240,27,0
27,1249,1
27,1431,1
28,817,0
29,264,0
29,394,1
29,403,0
29,689,1
29,1122,1
29,1307,1
125,30,0
30,375,0
30,454,1
30,823,1
1167,30,0
1368,30,0
31,205,1
250,31,0
423,31,0
554,31,0
31,729,1
31,865,0
31,1013,1
31,1168,1
1210,31,0
1308,31,0
31,1315,1
31,1335,1
31,1341,1
31,1353,1
32,16,1
32,841,1
1248,32,0
32,1296,1
240,33,0
33,874,1
886,33,0
33,1157,1
33,1187,1
33,1342,1
34,89,1
226,34,0
501,34,0
34,563,1
34,794,1
34,815,1
34,931,1
34,1194,1
34,1274,0
1305,34,0
1323,34,0
34,1565,1
35,78,1
35,319,1
442,35,0
647,35,0
35,746,1
35,789,1
853,35,0
1148,35,0
35,1618,1
36,164,1
178,36,0
247,36,0
36,248,1
263,36,0
301,36,0
36,344,0
421,36,0
36,542,1
635,36,0
36,795,1
815,36,0
36,841,1
36,950,1
36,955,1
974,36,0
1018,36,0
1308,36,0
1363,36,0
37,197,1
37,285,1
37,341,1
37,526,1
37,787,1
840,37,0
1060,37,0
37,1233,1
37,1263,1
37,1451,1
57,38,0
38,249,1
38,391,1
38,479,0
602,38,0
666,38,0
38,793,1
38,943,1
1033,38,0
38,1046,1
38,1261,1
38,1570,1
168,40,0
40,273,1
40,683,1
40,1007,1
1065,40,0
40,1221,1
40,1349,1
40,1446,0
40,1534,0
41,187,1
41,277,1
41,318,1
41,607,1
41,703,0
41,777,0
821,41,0
41,841,1
41,1114,1
42,4,1
202,42,0
42,234,1
42,240,1
42,244,1
42,342,1
42,498,1
522,42,0
42,567,1
42,602,1
643,42,0
42,666,1
687,42,0
693,42,0
42,710,1
42,793,1
42,819,1
882,42,0
42,890,1
933,42,0
42,942,1
42,943,1
42,1002,1
1033,42,0
42,1113,1
1201,42,0
42,1202,1
42,1222,1
1238,42,0
42,1330,1
42,1378,1
42,1383,1
42,1402,1
42,1500,1
42,1584,1
42,1588,1
42,1600,1
42,1614,1
160,43,0
43,207,1
43,244,0
43,313,1
327,43,0
43,367,1
43,383,1
392,43,0
43,485,1
43,518,1
574,43,0
43,596,1
43,616,1
43,637,1
43,649,1
43,747,1
820,43,0
43,856,1
867,43,0
43,942,1
43,946,1
43,953,1
993,43,0
1004,43,0
43,1014,1
1032,43,0
43,1044,1
43,1192,1
43,1289,1
43,1324,1
43,1392,1
43,1479,1
1481,43,0
43,1489,1
43,1492,1
1511,43,0
43,1568,1
1630,43,0
44,93,0
44,104,0
456,44,0
623,44,0
729,44,0
739,44,0
44,1130,0
1138,44,0
44,1139,1
44,1406,1
44,1590,1
44,1591,1
45,420,0
45,1516,0
47,191,0
47,201,1
252,47,0
295,47,0
305,47,0
47,354,1
47,397,1
47,441,1
47,461,1
47,517,1
536,47,0
47,584,1
592,47,0
599,47,0
604,47,0
658,47,0
47,697,1
699,47,0
47,715,1
718,47,0
47,834,1
47,839,1
846,47,0
47,854,0
47,887,1
47,954,1
47,964,1
47,971,1
47,980,1
47,1005,1
1015,47,0
47,1087,1
1098,47,0
47,1102,1
47,1119,1
47,1177,1
47,1183,1
47,1250,1
47,1316,1
1318,47,0
1360,47,0
47,1365,1
1390,47,0
47,1397,1
1410,47,0
47,1418,1
47,1487,1
47,1528,1
47,1534,1
47,1552,1
47,1556,1
1575,47,0
47,1587,1
48,118,1
281,48,0
48,674,1
883,48,0
977,48,0
48,1239,1
1362,48,0
48,1470,1
48,1502,1
49,128,1
49,233,1
49,439,0
49,783,1
49,1146,1
49,1205,1
49,1246,0
49,1342,0
49,1345,1
49,1361,1
49,1384,1
1465,49,0
49,1594,1
1617,49,0
50,141,1
50,287,1
334,50,0
50,428,1
50,606,1
50,619,1
50,641,1
50,851,1
855,50,0
942,50,0
50,1252,0
50,1459,1
50,1548,1
1614,50,0
77,51,0
51,178,1
247,51,0
51,363,1
391,51,0
432,51,0
51,462,1
478,51,0
51,576,1
635,51,0
51,690,1
51,766,1
51,836,1
51,841,1
51,950,1
51,955,1
51,997,1
51,1018,1
1061,51,0
51,1203,1
51,1211,1
51,1264,1
51,1296,1
51,1363,1
51,1462,1
1611,51,0
52,294,0
52,310,1
52,559,1
703,52,0
52,705,0
52,1068,1
52,1274,1
53,942,1
53,1393,0
53,1404,0
53,1469,1
54,555,0
54,914,1
54,932,1
54,989,0
1085,54,0
55,744,0
209,56,0
56,223,1
730,56,0
56,1320,1
1423,56,0
1557,56,0
255,57,0
57,318,1
57,358,1
57,365,1
57,438,1
466,57,0
57,713,1
57,897,1
57,936,0
57,1080,0
1110,57,0
57,1164,1
57,1315,1
57,1422,1
1576,57,0
58,85,0
58,117,1
58,229,1
58,293,1
58,369,1
58,443,1
451,58,0
58,604,1
712,58,0
58,798,1
58,1021,1
58,1156,1
58,1380,1
58,1516,1
59,1145,0
61,359,1
61,493,1
816,61,0
901,61,0
61,1252,0
62,185,1
351,62,0
402,62,0
62,513,0
62,833,1
910,62,0
62,1065,1
62,1117,1
1149,62,0
62,1158,1
62,1275,1
1449,62,0
63,117,1
63,614,1
63,630,1
63,802,1
64,200,1
64,621,0
64,900,1
1305,64,0
65,175,0
65,184,0
249,65,0
65,520,1
65,549,1
65,744,1
800,65,0
65,888,1
65,1086,1
65,1218,1
1249,65,0
1417,65,0
66,1156,0
66,1360,0
67,253,1
397,67,0
67,470,1
510,67,0
67,657,0
844,67,0
67,908,1
67,975,1
67,1126,1
67,1268,1
67,1452,1
68,254,1
678,68,0
68,892,1
68,1219,1
68,1490,1
1505,68,0
68,1620,1
69,114,1
69,118,1
244,69,0
69,308,0
69,1415,1
70,44,1
70,207,1
459,70,0
70,755,1
70,935,1
945,70,0
70,987,1
70,989,1
70,1273,1
1301,70,0
70,1419,1
1529,70,0
71,247,1
71,357,1
71,374,0
71,524,0
71,843,0
71,945,1
72,265,0
72,402,1
72,438,0
72,457,1
72,532,1
72,960,1
72,1119,0
72,1592,0
1604,72,0
73,51,1
73,196,0
73,620,1
73,897,1
947,73,0
974,73,0
73,1547,0
74,102,1
221,74,0
74,235,1
335,74,0
74,645,1
74,949,1
74,956,1
1294,74,0
74,1523,1
74,1537,1
74,1538,1
1545,74,0
1639,74,0
75,194,1
75,195,1
312,75,0
75,440,1
896,75,0
75,1006,1
75,1028,0
1471,75,0
1497,75,0
114,76,0
76,118,1
76,433,0
76,1564,1
77,82,1
77,91,1
77,114,1
118,77,0
77,200,1
77,237,1
239,77,0
243,77,0
77,257,1
77,261,1
77,291,1
369,77,0
384,77,0
412,77,0
414,77,0
77,446,1
77,451,1
77,475,1
77,510,1
77,512,1
519,77,0
538,77,0
539,77,0
557,77,0
564,77,0
77,585,1
77,587,1
77,593,1
77,618,1
628,77,0
77,639,1
77,650,1
77,675,1
77,688,1
77,691,1
77,696,1
77,767,1
77,858,1
77,868,1
77,892,1
77,893,1
912,77,0
77,923,1
77,948,1
77,1000,1
77,1010,1
77,1012,1
77,1021,1
77,1045,1
1061,77,0
1067,77,0
1093,77,0
1097,77,0
77,1153,1
77,1156,1
77,1175,0
77,1191,1
1212,77,0
77,1284,1
77,1293,1
77,1310,1
77,1321,1
1332,77,0
1335,77,0
1356,77,0
1385,77,0
77,1398,1
1455,77,0
77,1519,1
77,1525,1
77,1526,1
77,1539,1
1558,77,0
77,1579,1
77,1582,1
77,1615,1
77,1616,1
78,84,1
78,93,1
78,901,0
956,78,0
78,1198,1
79,155,1
79,433,1
79,506,1
651,79,0
79,1224,1
1414,79,0
1506,79,0
80,169,1
80,1162,1
81,229,1
81,505,0
81,803,1
810,81,0
81,1357,1
81,1411,1
82,67,1
218,82,0
246,82,0
82,552,1
704,82,0
82,773,1
82,818,1
82,884,1
82,908,1
82,975,1
1213,82,0
82,1260,0
82,1270,1
82,1271,0
1453,82,0
82,1454,1
82,1623,0
82,1626,1
83,2,1
83,31,1
83,33,1
71,83,0
83,98,1
83,100,1
83,120,1
83,128,1
138,83,0
149,83,0
83,152,1
83,155,1
83,175,1
183,83,0
216,83,0
83,219,1
83,224,1
83,227,1
251,83,0
83,260,1
265,83,0
83,267,1
83,269,1
275,83,0
83,279,1
283,83,0
286,83,0
83,289,1
83,291,1
83,292,1
314,83,0
83,330,1
83,336,1
341,83,0
342,83,0
83,347,1
349,83,0
83,353,1
83,362,1
83,368,1
83,371,1
83,376,1
83,387,1
393,83,0
410,83,0
83,417,1
83,423,1
426,83,0
83,430,1
83,437,1
83,440,1
83,446,1
453,83,0
83,463,1
83,464,1
466,83,0
472,83,0
83,473,1
83,489,1
492,83,0
83,502,1
83,504,1
83,505,1
83,510,1
522,83,0
523,83,0
83,533,1
83,539,1
83,540,1
541,83,0
544,83,0
83,555,1
83,560,1
83,564,1
83,568,1
589,83,0
83,591,1
598,83,0
83,601,1
83,613,1
615,83,0
83,627,1
643,83,0
83,650,1
656,83,0
83,659,1
83,661,1
663,83,0
83,675,1
684,83,0
691,83,0
83,694,1
83,696,1
722,83,0
83,724,1
83,728,1
731,83,0
735,83,0
83,765,1
767,83,0
83,770,1
774,83,0
83,777,1
778,83,0
83,781,1
783,83,0
83,792,1
807,83,0
83,811,1
813,83,0
83,817,1
83,822,1
828,83,0
83,838,1
843,83,0
83,849,1
83,850,1
859,83,0
862,83,0
83,866,1
871,83,0
880,83,0
83,885,1
889,83,0
83,891,1
83,894,1
83,895,1
925,83,0
933,83,0
83,934,1
938,83,0
83,951,1
952,83,0
83,963,1
965,83,0
978,83,0
83,984,1
83,1008,1
1009,83,0
1013,83,0
1016,83,0
83,1032,1
83,1042,1
83,1043,1
1050,83,0
83,1054,1
83,1055,1
1071,83,0
83,1075,1
83,1077,1
83,1079,1
1103,83,0
83,1106,1
1116,83,0
83,1122,1
83,1130,1
83,1143,1
83,1144,1
83,1159,1
1171,83,0
83,1187,1
83,1194,1
83,1202,1
83,1204,1
1210,83,0
83,1220,1
1226,83,0
83,1229,1
1232,83,0
1235,83,0
1237,83,0
1243,83,0
1244,83,0
83,1245,1
1249,83,0
83,1251,1
1274,83,0
83,1281,1
83,1283,1
83,1290,1
83,1303,1
83,1305,1
83,1306,1
83,1309,1
83,1321,1
83,1324,1
1325,83,0
1327,83,0
1329,83,0
83,1331,1
83,1342,1
1346,83,0
1348,83,0
1353,83,0
83,1356,1
83,1357,1
83,1363,1
83,1367,1
83,1374,1
83,1375,1
83,1376,1
1389,83,0
83,1406,1
83,1412,1
83,1413,1
83,1420,1
83,1445,1
83,1448,1
1460,83,0
83,1461,1
83,1468,1
83,1470,1
83,1477,1
83,1481,1
1484,83,0
83,1489,1
83,1491,1
83,1496,1
1508,83,0
1510,83,0
1515,83,0
1518,83,0
83,1539,1
83,1542,1
83,1547,1
1555,83,0
1557,83,0
1558,83,0
83,1569,1
83,1576,1
83,1578,1
83,1580,1
1582,83,0
83,1599,1
83,1600,1
83,1601,1
83,1613,1
83,1615,1
1623,83,0
83,1625,1
83,1630,1
1632,83,0
84,247,0
813,84,0
85,112,1
85,238,1
85,835,1
85,854,1
862,85,0
85,1128,1
1282,85,0
86,419,1
86,538,1
902,86,0
86,1062,1
1183,86,0
86,1332,1
1359,86,0
87,79,1
87,160,1
268,87,0
87,415,1
87,433,1
506,87,0
87,508,1
602,87,0
638,87,0
87,743,1
87,793,1
847,87,0
87,943,1
947,87,0
87,1107,1
87,1125,1
87,1181,1
87,1350,1
87,1414,1
1506,87,0
1570,87,0
88,108,0
815,89,0
89,1090,1
1120,89,0
89,1247,1
89,1314,1
89,1419,0
1585,89,0
142,90,0
90,169,0
90,306,1
322,90,0
324,90,0
90,372,0
90,426,0
90,553,1
617,90,0
799,90,0
90,863,1
90,1133,1
90,1236,1
1263,90,0
90,1291,1
90,1391,1
1475,90,0
90,1633,1
91,340,1
91,355,1
91,357,1
91,360,1
91,405,1
422,91,0
91,430,1
435,91,0
91,507,1
527,91,0
91,553,1
91,737,1
91,779,1
91,810,1
91,864,1
91,983,1
91,991,1
91,1038,1
1059,91,0
91,1120,1
1140,91,0
1268,91,0
1286,91,0
91,1295,1
91,1357,1
1429,91,0
1524,91,0
1549,91,0
91,1595,1
91,1606,1
916,92,0
92,1142,1
92,1636,1
93,121,0
93,298,0
93,535,0
93,1295,1
93,1549,1
94,198,1
199,94,0
220,94,0
234,94,0
306,94,0
374,94,0
401,94,0
94,458,1
469,94,0
551,94,0
94,560,0
94,749,1
94,844,1
94,995,1
94,1019,1
94,1025,1
94,1051,1
1072,94,0
94,1105,1
94,1106,1
94,1123,1
94,1132,1
94,1155,1
94,1169,1
1194,94,0
94,1217,1
1223,94,0
94,1295,1
94,1305,1
1430,94,0
1443,94,0
1549,94,0
94,1609,1
95,109,1
95,134,1
95,281,1
95,494,1
95,857,0
95,883,1
95,1115,1
95,1239,1
1480,95,0
419,96,0
471,96,0
96,903,1
96,1017,1
96,1063,1
1092,96,0
96,1160,1
96,1175,1
96,1189,1
96,1522,1
1566,96,0
97,15,1
439,97,0
530,97,0
97,709,1
97,718,0
97,762,1
97,1166,1
97,1279,0
1514,97,0
98,125,1
98,128,1
98,183,0
506,98,0
98,783,1
98,823,1
98,1040,1
98,1388,1
98,1396,1
1440,98,0
98,1465,1
98,1533,1
99,5,1
115,99,0
99,263,1
99,275,0
99,301,1
370,99,0
409,99,0
474,99,0
99,516,1
588,99,0
99,603,1
99,605,1
99,672,1
773,99,0
99,779,1
99,791,1
99,832,1
841,99,0
901,99,0
947,99,0
99,1018,1
99,1101,1
99,1164,1
99,1270,1
99,1284,1
1349,99,0
99,1425,1
99,1526,0
99,1565,0
99,1593,1
99,1632,0
100,183,1
100,316,1
100,372,1
376,100,0
100,389,1
100,746,1
770,100,0
909,100,0
100,963,1
100,969,1
1071,100,0
1079,100,0
100,1134,1
100,1222,1
1445,100,0
100,1477,1
100,1484,1
100,1569,1
101,172,1
101,232,0
101,236,0
101,514,0
1188,101,0
101,1321,0
102,760,0
1584,102,0
103,1076,0
103,1441,1
104,133,0
392,104,0
104,405,1
510,104,0
104,1025,0
104,1246,1
105,543,1
105,784,1
1395,105,0
511,106,0
558,106,0
106,629,1
106,1510,1
106,1622,1
107,826,1
107,1588,1
107,1610,1
108,210,1
108,483,1
108,548,1
797,108,0
108,945,1
108,1042,0
108,1108,1
108,1254,1
1280,108,0
108,1405,1
108,1466,0
107,109,0
177,109,0
180,109,0
109,186,1
196,109,0
109,217,1
228,109,0
109,243,1
109,275,1
109,276,1
109,318,1
331,109,0
109,336,1
378,109,0
109,389,1
109,393,1
410,109,0
109,420,1
109,454,1
109,466,0
109,505,1
109,510,1
109,526,1
109,565,1
566,109,0
109,598,1
628,109,0
109,631,1
653,109,0
109,681,1
109,746,1
109,752,1
753,109,0
109,765,1
109,780,1
813,109,0
850,109,0
109,876,1
109,885,1
109,906,1
917,109,0
109,958,1
963,109,0
968,109,0
969,109,0
109,1020,1
1073,109,0
109,1082,1
109,1103,1
109,1119,0
1134,109,0
109,1144,1
109,1191,1
1192,109,0
1241,109,0
109,1279,1
109,1312,1
109,1328,1
1350,109,0
109,1387,1
109,1393,1
109,1420,1
1444,109,0
109,1472,1
109,1494,1
109,1498,1
109,1509,1
1512,109,0
109,1531,1
1554,109,0
109,1623,1
1624,109,0
109,1631,1
110,155,0
314,110,0
110,380,1
110,437,1
547,110,0
110,698,1
110,817,1
828,110,0
1628,110,0
163,111,0
111,269,1
111,690,0
111,856,0
111,878,1
111,1087,0
111,1145,1
111,1292,1
111,1302,0
299,112,0
112,973,0
112,1069,1
112,1252,0
112,1521,1
114,265,1
114,296,1
114,348,1
114,349,0
114,373,1
114,377,1
114,393,1
114,406,1
114,448,1
114,464,1
488,114,0
114,489,1
494,114,0
114,521,1
114,537,1
114,556,1
586,114,0
597,114,0
640,114,0
114,648,1
664,114,0
668,114,0
114,708,1
114,720,0
114,768,1
808,114,0
114,813,1
850,114,0
114,856,1
114,865,1
895,114,0
114,910,1
951,114,0
114,996,1
114,1026,1
114,1041,1
114,1054,1
1074,114,0
114,1078,1
114,1115,1
114,1127,1
114,1136,1
114,1141,1
114,1151,1
114,1152,1
114,1172,1
114,1198,1
114,1220,1
114,1222,1
114,1229,1
1237,114,0
1317,114,0
114,1339,1
114,1359,1
114,1374,1
114,1393,1
114,1409,1
114,1437,1
114,1446,1
1472,114,0
1480,114,0
114,1498,1
1512,114,0
114,1529,1
114,1573,1
114,1635,1
114,1637,1
1638,114,0
108,115,0
115,146,0
115,315,1
115,382,1
115,444,1
115,510,0
115,656,1
856,115,0
115,936,0
1124,115,0
1518,115,0
116,486,1
116,577,1
116,1094,1
116,1206,1
1371,116,0
116,1495,1
117,394,0
117,789,1
117,791,1
1148,117,0
117,1299,0
117,1618,1
118,200,1
118,265,1
118,296,1
118,373,1
118,393,1
118,406,1
118,464,1
118,488,1
521,118,0
118,537,1
586,118,0
118,648,1
118,664,1
118,668,1
708,118,0
768,118,0
118,813,1
118,850,1
865,118,0
118,866,1
885,118,0
118,895,1
118,951,1
118,1008,1
118,1026,1
118,1041,1
118,1054,1
118,1074,1
118,1078,1
118,1127,1
1136,118,0
118,1141,1
118,1151,1
118,1198,1
118,1220,1
118,1222,1
1229,118,0
118,1234,1
118,1235,1
118,1237,1
1317,118,0
1339,118,0
118,1374,1
118,1393,1
118,1409,1
118,1415,0
1420,118,0
1427,118,0
1437,118,0
118,1446,1
1480,118,0
118,1498,1
118,1504,1
1529,118,0
118,1573,1
1635,118,0
118,1637,1
1638,118,0
119,1,1
119,2,1
4,119,0
119,11,1
119,12,1
119,18,1
119,26,1
119,38,1
119,48,1
119,56,1
119,57,1
119,61,1
72,119,0
119,77,1
119,87,1
119,90,1
119,96,1
119,108,1
119,112,1
114,119,0
119,116,1
119,118,1
119,121,1
128,119,0
119,134,1
119,136,1
141,119,0
119,149,1
151,119,0
119,155,1
119,163,1
119,164,1
119,168,1
119,170,1
119,178,1
180,119,0
119,185,1
119,188,1
192,119,0
119,194,1
119,195,1
199,119,0
202,119,0
119,209,1
119,230,1
231,119,0
119,233,1
119,237,1
238,119,0
119,240,1
119,244,1
119,250,1
119,253,1
255,119,0
256,119,0
273,119,0
281,119,0
119,291,1
119,299,1
302,119,0
119,320,1
119,324,1
119,331,1
119,334,1
119,336,1
119,342,1
119,344,1
119,349,1
119,358,1
119,361,1
365,119,0
119,385,1
391,119,0
119,395,1
119,402,1
119,405,1
119,411,1
119,414,1
419,119,0
119,423,1
119,433,1
119,444,1
446,119,0
454,119,0
119,457,1
119,467,1
471,119,0
477,119,0
119,481,1
491,119,0
119,495,1
500,119,0
119,503,1
505,119,0
119,508,1
509,119,0
119,515,1
119,528,1
119,531,1
119,532,1
119,538,1
119,539,1
543,119,0
119,546,1
119,570,1
119,576,1
119,577,1
578,119,0
119,600,1
119,606,1
119,609,1
119,611,1
119,614,1
119,617,1
626,119,0
119,630,1
119,641,1
119,642,1
119,647,1
652,119,0
655,119,0
658,119,0
119,666,1
669,119,0
119,675,1
119,676,1
119,677,1
119,683,1
685,119,0
119,696,1
119,701,1
705,119,0
119,711,1
119,713,1
119,714,1
721,119,0
119,723,1
727,119,0
119,730,1
119,738,1
119,754,1
756,119,0
764,119,0
119,769,1
119,770,1
783,119,0
119,788,1
119,793,1
794,119,0
119,798,1
807,119,0
812,119,0
119,818,1
119,819,1
119,823,1
119,827,1
830,119,0
833,119,0
119,835,1
119,844,1
848,119,0
119,851,1
853,119,0
854,119,0
119,857,1
859,119,0
860,119,0
119,861,1
863,119,0
877,119,0
119,879,1
886,119,0
119,898,1
900,119,0
119,901,1
119,903,1
912,119,0
119,914,1
119,920,1
119,923,1
119,927,1
119,928,1
929,119,0
119,931,1
119,932,1
119,933,1
119,943,1
944,119,0
119,957,1
119,959,1
960,119,0
119,962,1
119,966,1
970,119,0
119,979,1
119,984,1
119,986,1
119,990,1
119,995,1
1003,119,0
119,1006,1
119,1007,1
119,1010,1
1017,119,0
119,1023,1
119,1029,1
119,1034,1
119,1040,1
119,1046,1
1065,119,0
1069,119,0
1071,119,0
119,1080,1
119,1085,1
119,1092,1
119,1100,1
1106,119,0
119,1109,1
119,1110,1
1115,119,0
1117,119,0
1121,119,0
1132,119,0
1138,119,0
1139,119,0
1142,119,0
119,1146,1
1148,119,0
119,1149,1
1152,119,0
119,1153,1
1158,119,0
119,1160,1
1163,119,0
119,1164,1
119,1169,1
1175,119,0
119,1176,1
119,1185,1
1186,119,0
1187,119,0
119,1193,1
1196,119,0
119,1197,1
1200,119,0
1206,119,0
1217,119,0
1221,119,0
119,1239,1
119,1246,1
119,1251,1
119,1262,1
1263,119,0
1274,119,0
119,1277,1
1280,119,0
119,1291,1
1293,119,0
119,1303,1
119,1305,1
1306,119,0
119,1307,1
119,1310,1
119,1319,1
119,1321,1
1323,119,0
119,1331,1
1334,119,0
1341,119,0
119,1350,1
119,1353,1
1356,119,0
119,1363,1
119,1368,1
1382,119,0
1384,119,0
1391,119,0
119,1396,1
119,1398,1
119,1400,1
119,1413,1
119,1414,1
119,1421,1
119,1438,1
119,1442,1
1454,119,0
119,1456,1
1457,119,0
119,1459,1
1464,119,0
119,1475,1
119,1477,1
119,1478,1
119,1480,1
119,1495,1
119,1497,1
119,1500,1
119,1506,1
119,1513,1
119,1515,1
119,1516,1
119,1517,1
119,1521,1
1522,119,0
119,1526,1
119,1535,1
1543,119,0
119,1544,1
119,1545,1
119,1546,1
119,1548,1
119,1551,1
1553,119,0
1555,119,0
119,1565,1
119,1566,1
119,1568,1
119,1569,1
119,1570,1
1579,119,0
119,1582,1
119,1584,1
1591,119,0
1599,119,0
119,1600,1
1604,119,0
1607,119,0
119,1610,1
119,1612,1
119,1616,1
119,1618,1
119,1621,1
119,1629,1
119,1633,1
119,1638,1
1640,119,0
1641,119,0
120,9,1
105,120,0
128,120,0
120,130,1
120,151,1
120,202,1
120,211,1
120,216,1
221,120,0
120,235,1
120,249,1
120,250,1
253,120,0
267,120,0
120,270,1
271,120,0
309,120,0
120,330,1
120,335,1
120,336,1
347,120,0
120,362,1
120,366,1
387,120,0
120,409,1
414,120,0
422,120,0
440,120,0
120,442,1
120,446,1
120,453,1
120,473,1
120,479,1
120,495,1
120,514,1
120,520,1
523,120,0
120,539,1
120,549,1
568,120,0
120,572,1
120,580,1
120,592,1
120,657,1
661,120,0
120,662,1
120,663,1
675,120,0
120,687,1
693,120,0
120,696,1
730,120,0
744,120,0
120,759,1
120,765,1
120,774,1
120,777,1
120,783,1
120,784,1
789,120,0
120,807,1
849,120,0
120,862,1
888,120,0
954,120,0
972,120,0
120,974,1
120,981,1
120,1013,1
120,1016,1
1028,120,0
1042,120,0
120,1043,1
1047,120,0
120,1050,1
120,1058,1
120,1064,1
1113,120,0
120,1116,1
120,1153,1
120,1168,1
120,1208,1
120,1210,1
1214,120,0
1231,120,0
120,1232,1
120,1281,1
120,1303,1
120,1306,1
120,1309,1
120,1315,1
120,1321,1
120,1331,1
120,1341,1
120,1346,1
1349,120,0
120,1363,1
1369,120,0
120,1376,1
120,1378,1
120,1395,1
120,1400,1
120,1412,1
120,1416,1
1417,120,0
120,1454,1
120,1476,1
120,1539,1
120,1542,1
1545,120,0
120,1557,1
120,1558,1
120,1560,1
120,1582,1
1601,120,0
120,1616,1
120,1618,1
120,1619,1
1632,120,0
120,1639,1
108,121,0
121,114,1
121,118,1
121,161,1
121,315,1
121,636,0
121,757,1
121,784,1
121,795,1
121,817,0
121,825,0
121,992,0
1062,121,0
1112,121,0
1190,121,0
121,1216,1
1280,121,0
121,1581,1
1639,121,0
122,415,1
122,515,1
122,926,1
122,1467,0
1546,122,0
122,1629,1
123,142,0
124,530,0
124,620,1
124,682,1
1124,124,0
125,15,1
125,128,1
125,186,1
125,269,0
396,125,0
671,125,0
125,702,1
783,125,0
922,125,0
125,930,1
948,125,0
125,991,1
1049,125,0
125,1106,1
125,1177,0
125,1186,0
125,1194,1
125,1205,1
1265,125,0
125,1305,1
125,1321,1
125,1368,1
1396,125,0
125,1476,1
125,1539,1
125,1617,1
125,1620,1
259,126,0
126,352,1
438,126,0
126,465,1
126,651,1
126,1218,1
127,30,1
127,125,1
127,251,1
326,127,0
127,426,1
127,442,1
127,525,1
623,127,0
127,670,1
127,823,1
127,1258,1
1466,127,0
128,289,1
414,128,0
128,454,1
624,128,0
128,751,1
783,128,0
128,823,1
128,874,1
128,1040,1
1083,128,0
128,1128,1
128,1202,1
1205,128,0
1265,128,0
128,1266,1
128,1388,1
128,1465,1
1476,128,0
128,1533,1
128,1617,1
129,270,1
129,436,1
129,643,1
129,1505,0
130,270,1
130,1208,1
130,1241,1
1619,130,0
131,61,1
131,482,1
131,830,1
131,963,1
1082,131,0
131,1163,1
131,1445,0
131,1583,1
132,13,1
370,132,0
132,409,1
132,690,1
832,132,0
132,892,1
132,985,1
132,1110,1
132,1122,0
1549,132,0
133,14,1
133,84,1
133,168,0
133,400,1
133,425,1
133,606,0
133,914,1
133,932,1
998,133,0
133,1008,0
133,1024,1
133,1352,1
133,1506,0
133,1541,1
134,182,0
494,134,0
883,134,0
134,922,0
134,1073,0
1115,134,0
134,1455,0
1480,134,0
135,14,1
135,15,1
31,135,0
135,54,1
135,62,1
135,98,1
135,118,1
135,133,1
239,135,0
135,241,1
135,269,1
272,135,0
281,135,0
317,135,0
135,320,1
135,338,1
135,342,1
379,135,0
135,398,1
403,135,0
416,135,0
135,424,1
430,135,0
135,447,1
135,468,1
135,480,1
135,522,1
564,135,0
135,607,1
135,610,1
135,620,1
135,650,1
135,655,1
135,657,1
135,674,1
135,702,1
135,720,1
725,135,0
135,738,1
742,135,0
135,745,1
135,749,1
135,767,1
135,772,1
783,135,0
790,135,0
135,802,1
135,824,1
135,831,1
135,833,1
135,881,1
135,883,1
135,898,1
902,135,0
135,905,1
931,135,0
135,932,1
135,940,1
1027,135,0
1085,135,0
135,1088,1
1091,135,0
1095,135,0
135,1111,1
135,1113,1
1117,135,0
135,1118,1
1131,135,0
135,1147,1
1150,135,0
135,1158,1
1187,135,0
1202,135,0
1205,135,0
1207,135,0
135,1257,1
1260,135,0
135,1265,1
1271,135,0
135,1297,1
135,1299,1
1327,135,0
135,1348,1
1351,135,0
135,1352,1
1370,135,0
1372,135,0
135,1406,1
1441,135,0
135,1449,1
1458,135,0
135,1465,1
1472,135,0
135,1476,1
135,1478,1
135,1483,1
1486,135,0
135,1496,1
135,1498,1
135,1499,1
135,1507,1
1508,135,0
135,1510,1
1536,135,0
135,1550,1
135,1561,1
135,1562,1
1563,135,0
135,1600,1
135,1617,1
136,1,1
136,273,1
136,683,1
136,705,1
136,754,1
136,1007,1
136,1221,1
136,1532,1
136,1556,0
137,214,1
137,230,1
137,481,1
137,619,1
137,877,1
137,1008,0
137,1037,0
137,1080,1
1186,137,0
137,1319,1
137,1382,1
137,1513,1
137,1640,1
138,517,0
138,1367,1
138,1468,1
675,139,0
139,858,1
139,900,1
139,902,0
139,988,1
139,1177,0
1393,139,0
139,1404,1
139,1532,1
140,2,1
140,78,1
140,84,1
100,140,0
114,140,0
140,121,1
140,170,1
140,193,1
216,140,0
140,243,1
250,140,0
140,275,1
140,277,1
282,140,0
140,290,1
140,292,1
140,302,1
140,304,1
140,309,1
140,316,1
318,140,0
140,324,1
140,333,1
140,342,1
140,370,0
140,376,1
140,393,1
140,429,1
140,446,1
474,140,0
140,480,1
140,481,1
140,484,1
140,504,1
140,509,1
140,529,1
140,539,1
545,140,0
555,140,0
591,140,0
140,617,1
140,619,1
140,625,0
628,140,0
140,645,1
140,656,1
140,678,1
140,696,1
711,140,0
140,719,1
722,140,0
140,728,1
731,140,0
140,745,1
140,746,1
140,754,1
140,757,1
140,765,1
771,140,0
140,774,1
140,777,1
140,817,1
140,822,1
140,845,1
140,849,1
140,850,1
140,865,1
140,868,1
140,872,1
877,140,0
885,140,0
886,140,0
140,900,1
909,140,0
140,913,1
140,925,1
959,140,0
963,140,0
140,969,1
140,976,1
140,987,1
988,140,0
140,1003,1
140,1009,1
1013,140,0
140,1032,1
1043,140,0
140,1056,1
1063,140,0
140,1075,1
1080,140,0
140,1088,1
140,1106,1
140,1121,1
140,1122,1
1130,140,0
1134,140,0
140,1144,1
140,1147,1
1154,140,0
1159,140,0
1168,140,0
140,1180,1
140,1186,1
140,1188,1
1191,140,0
140,1193,1
140,1194,1
140,1195,1
140,1210,1
1225,140,0
140,1228,1
1229,140,0
140,1232,1
140,1236,1
1251,140,0
1263,140,0
140,1272,1
140,1282,1
1287,140,0
140,1295,1
140,1297,1
1300,140,0
140,1305,1
1309,140,0
1314,140,0
140,1319,1
140,1324,1
1331,140,0
140,1332,1
140,1341,1
140,1351,1
140,1362,1
140,1363,1
1374,140,0
1382,140,0
140,1391,1
140,1403,1
140,1404,1
1420,140,0
140,1457,1
1460,140,0
1464,140,0
1469,140,0
1475,140,0
1481,140,0
1490,140,0
1513,140,0
140,1518,1
140,1535,1
1536,140,0
140,1549,1
140,1554,1
140,1557,1
140,1584,1
1585,140,0
1599,140,0
1601,140,0
140,1620,1
140,1633,1
140,1640,1
140,1641,1
141,72,1
141,334,1
141,353,0
442,141,0
141,606,1
728,141,0
34,142,0
142,193,0
266,142,0
142,325,1
142,688,0
747,142,0
142,1084,1
142,1267,1
142,1493,1
143,243,1
249,143,0
143,279,1
143,549,1
143,550,1
143,569,1
628,143,0
143,693,1
143,743,1
744,143,0
888,143,0
143,895,1
143,941,1
143,965,1
143,1086,1
1188,143,0
1191,143,0
1234,143,0
143,1417,1
143,1427,1
143,1434,1
143,1452,0
143,1585,1
144,174,1
144,355,1
613,144,0
144,809,1
144,825,0
144,957,0
144,1291,0
145,434,1
475,145,0
145,676,1
145,857,1
145,898,1
146,491,0
146,1015,1
146,1569,0
147,1329,0
148,196,1
148,607,0
148,775,1
875,148,0
1334,148,0
148,1337,1
148,1631,0
149,291,1
149,463,1
149,508,1
149,557,0
149,894,1
149,1196,1
149,1200,1
149,1547,1
150,337,1
150,596,0
760,150,0
829,150,0
150,1605,1
150,1628,0
151,471,1
863,151,0
918,151,0
1189,151,0
1438,151,0
1476,152,0
153,382,0
771,153,0
153,845,1
153,1300,1
350,154,0
154,351,1
154,841,1
154,1106,0
154,1296,1
311,155,0
155,336,1
505,155,0
765,155,0
155,807,1
155,948,1
155,1273,1
155,1284,1
155,1321,1
155,1523,1
155,1526,1
1539,155,0
155,1558,1
155,1572,1
156,255,0
157,3,1
157,294,1
157,382,1
490,157,0
157,695,1
157,750,1
157,1081,1
157,1096,1
1135,157,0
157,1358,1
157,1433,1
158,114,1
158,118,1
158,692,1
249,159,0
159,355,0
368,159,0
159,371,1
159,393,1
159,464,1
472,159,0
159,489,1
159,504,1
159,549,1
159,598,1
159,673,0
684,159,0
159,744,1
159,792,1
159,813,1
159,850,1
866,159,0
159,874,0
159,885,1
159,888,1
951,159,0
159,996,1
159,1008,1
1054,159,0
159,1077,1
159,1086,1
159,1103,1
1143,159,0
159,1229,1
159,1234,1
159,1237,1
1283,159,0
159,1374,1
159,1420,1
159,1427,1
1509,159,0
159,1515,0
159,1600,1
191,160,0
293,160,0
160,329,1
160,481,1
160,625,1
160,706,1
1035,160,0
160,1248,1
1259,160,0
1516,160,0
161,624,1
161,665,1
161,952,1
162,303,1
162,310,1
162,407,1
162,455,0
733,162,0
941,162,0
162,1061,1
162,1089,1
162,1233,0
314,163,0
163,714,1
163,856,0
163,861,1
928,163,0
1034,163,0
163,1197,1
163,1213,0
163,1612,1
164,24,1
164,178,1
247,164,0
263,164,0
164,412,0
513,164,0
635,164,0
766,164,0
164,950,1
164,955,1
164,974,1
164,982,1
164,991,1
1203,164,0
164,1205,1
1211,164,0
164,1363,1
164,1440,1
1617,164,0
165,312,0
166,278,1
166,430,1
166,445,1
166,785,0
814,166,0
166,1137,1
166,1348,1
166,1508,1
2,167,0
167,509,1
167,827,1
167,1251,1
167,1491,1
281,168,0
168,622,0
168,646,0
168,883,1
168,977,1
168,987,1
168,1135,0
168,1239,1
168,1502,1
15,169,0
169,114,1
118,169,0
169,183,0
315,169,0
444,169,0
169,757,1
824,169,0
169,852,1
887,169,0
169,1011,1
169,1063,1
1133,169,0
1228,169,0
169,1282,1
169,1377,1
1439,169,0
169,1608,1
170,4,1
170,18,1
170,48,1
170,128,1
170,135,1
170,168,1
170,199,1
212,170,0
170,218,1
232,170,0
255,170,0
170,264,1
170,269,1
170,291,1
170,292,1
170,293,1
297,170,0
170,302,1
320,170,0
170,332,1
339,170,0
170,342,1
170,346,1
356,170,0
358,170,0
170,374,1
381,170,0
387,170,0
170,388,1
170,393,1
170,398,1
408,170,0
424,170,0
170,427,1
170,450,1
170,454,1
170,487,1
170,511,1
170,529,1
549,170,0
561,170,0
575,170,0
576,170,0
170,579,1
170,580,1
170,610,1
170,620,1
170,634,1
636,170,0
170,656,1
170,660,1
170,683,1
170,692,1
170,721,1
722,170,0
170,723,1
734,170,0
170,742,1
170,749,0
170,758,1
170,763,1
170,765,1
170,774,1
783,170,0
170,790,1
170,796,1
170,798,1
801,170,0
813,170,0
170,819,1
170,825,1
170,831,1
170,849,1
170,850,1
170,860,1
170,863,1
170,881,1
885,170,0
170,897,1
170,899,1
170,907,1
170,914,1
170,915,1
916,170,0
919,170,0
170,925,1
170,932,1
933,170,0
170,939,1
170,950,1
970,170,0
170,990,1
170,995,1
999,170,0
170,1001,1
1023,170,0
1036,170,0
170,1040,1
1043,170,0
170,1048,1
170,1057,1
170,1066,1
1086,170,0
170,1094,1
1104,170,0
1115,170,0
170,1120,1
170,1131,1
170,1132,1
1150,170,0
170,1152,1
170,1169,1
1178,170,0
170,1184,1
170,1187,1
1199,170,0
170,1202,1
170,1207,1
170,1221,1
170,1229,1
170,1232,1
1247,170,0
1249,170,0
170,1269,1
1309,170,0
170,1313,1
170,1326,1
170,1333,1
170,1338,1
1343,170,0
1370,170,0
1374,170,0
170,1396,1
170,1407,1
170,1411,1
170,1417,1
170,1420,1
170,1424,1
1432,170,0
1435,170,0
1438,170,0
170,1441,1
1442,170,0
1454,170,0
1467,170,0
170,1478,1
1482,170,0
170,1483,1
170,1516,1
1543,170,0
1546,170,0
1550,170,0
1557,170,0
170,1562,1
170,1563,1
1580,170,0
1592,170,0
1598,170,0
170,1599,1
170,1600,1
170,1601,1
1629,170,0
1641,170,0
172,591,1
172,1238,1
1291,172,0
321,173,0
173,1256,1
173,1473,1
174,535,0
174,809,1
174,908,0
174,997,0
175,31,1
175,138,1
227,175,0
175,249,1
175,279,1
291,175,0
175,292,1
175,330,1
175,368,1
371,175,0
175,422,1
175,463,1
464,175,0
472,175,0
175,489,1
502,175,0
175,514,1
175,529,1
175,598,1
175,615,1
175,643,1
175,663,1
175,684,1
694,175,0
701,175,0
175,722,1
735,175,0
175,774,1
777,175,0
781,175,0
175,792,1
850,175,0
175,888,1
894,175,0
925,175,0
939,175,0
175,996,1
1009,175,0
175,1043,1
175,1054,1
175,1058,1
175,1077,1
175,1079,1
1086,175,0
175,1103,1
175,1116,1
1143,175,0
175,1171,1
1202,175,0
175,1231,1
175,1232,1
175,1233,0
175,1235,1
1237,175,0
175,1249,1
1274,175,0
175,1283,1
175,1309,1
175,1329,1
175,1331,1
175,1345,1
175,1361,1
175,1367,1
1374,175,0
175,1389,1
175,1401,1
175,1413,1
1416,175,0
1417,175,0
1420,175,0
175,1468,1
175,1504,1
175,1509,1
175,1515,1
175,1518,1
1547,175,0
175,1557,1
175,1580,1
175,1594,1
175,1601,1
176,146,1
795,176,0
176,841,1
1235,176,0
1296,176,0
177,445,0
177,504,1
177,887,1
1434,177,0
224,178,0
178,353,0
403,178,0
179,777,1
179,1254,1
179,1537,1
179,1538,1
180,1157,1
180,1213,0
180,1613,0
31,181,0
181,37,1
108,181,0
181,225,1
181,285,1
181,308,1
181,311,1
181,315,1
181,323,1
343,181,0
396,181,0
181,443,1
444,181,0
181,499,1
181,548,1
181,571,1
181,573,1
181,608,1
181,609,1
621,181,0
181,633,1
741,181,0
181,786,1
181,787,1
797,181,0
181,838,1
181,840,1
876,181,0
181,918,1
922,181,0
930,181,0
181,992,1
1027,181,0
1052,181,0
1060,181,0
1062,181,0
181,1108,1
181,1209,1
181,1227,1
1233,181,0
181,1276,1
181,1280,1
1302,181,0
181,1354,1
1364,181,0
181,1408,1
1447,181,0
181,1451,1
181,1474,1
1567,181,0
1572,181,0
182,449,1
521,182,0
785,182,0
183,277,0
183,296,0
183,644,0
659,183,0
770,183,0
183,859,1
183,1079,1
183,1319,0
1477,183,0
183,1569,1
184,434,1
184,464,1
678,184,0
184,1537,1
185,820,1
833,185,0
185,1117,1
185,1149,1
185,1158,1
1449,185,0
186,54,1
186,229,1
186,262,1
297,186,0
304,186,0
186,379,1
186,381,1
186,390,1
186,403,1
186,424,1
480,186,0
186,482,1
499,186,0
186,511,1
186,610,1
186,614,1
186,620,1
629,186,0
186,685,1
186,733,1
736,186,0
186,742,1
186,758,1
186,761,1
186,802,1
186,824,1
186,872,1
186,881,1
186,913,1
921,186,0
186,924,1
931,186,0
186,966,1
1028,186,0
1035,186,0
186,1047,1
186,1062,1
186,1106,1
186,1111,1
186,1131,1
186,1194,1
186,1195,1
1205,186,0
186,1225,1
186,1253,1
186,1279,0
1322,186,0
186,1323,1
186,1338,1
186,1351,1
1357,186,0
186,1370,1
1372,186,0
1403,186,0
186,1415,1
186,1429,1
1441,186,0
186,1456,1
186,1465,1
1486,186,0
186,1550,1
186,1560,1
186,1563,1
186,1565,1
186,1577,1
186,1598,1
1617,186,0
1641,186,0
187,506,0
187,799,1
873,187,0
187,937,1
1381,187,0
187,1447,1
187,1488,1
765,188,0
879,188,0
189,1453,0
189,1586,0
190,245,1
190,288,1
744,190,0
190,951,1
190,961,1
190,1347,1
190,1596,1
553,191,0
625,191,0
191,743,0
191,754,1
191,806,1
914,191,0
191,1035,1
191,1248,1
191,1252,1
1303,191,0
191,1516,1
1207,192,0
1607,192,0
2,193,0
193,71,1
78,193,0
193,84,1
193,90,1
193,100,1
193,114,1
193,118,1
193,121,1
193,170,1
193,202,1
193,209,1
193,216,1
193,243,1
193,250,1
193,275,1
193,277,1
193,282,1
193,290,1
193,292,1
193,302,1
304,193,0
309,193,0
318,193,0
193,322,1
193,324,1
328,193,0
333,193,0
193,342,1
193,347,1
376,193,0
387,193,0
389,193,0
193,446,1
484,193,0
503,193,0
193,504,1
193,509,1
545,193,0
193,555,1
193,562,1
572,193,0
193,612,1
193,617,1
656,193,0
193,696,1
193,719,1
726,193,0
193,728,1
193,731,1
732,193,0
745,193,0
193,757,1
193,765,1
193,771,1
774,193,0
193,798,1
813,193,0
193,817,1
193,821,1
193,822,1
827,193,0
193,845,1
193,850,1
193,868,1
193,871,1
872,193,0
193,902,1
193,906,1
909,193,0
913,193,0
193,925,1
949,193,0
193,969,1
976,193,0
193,988,1
193,990,1
1009,193,0
193,1013,1
193,1032,1
1043,193,0
1056,193,0
193,1062,1
193,1080,1
193,1088,1
193,1121,1
193,1122,1
1134,193,0
193,1137,1
193,1144,1
1153,193,0
1159,193,0
193,1168,1
193,1180,1
1186,193,0
1188,193,0
193,1191,1
193,1194,1
193,1202,1
193,1210,1
193,1219,1
193,1225,1
1228,193,0
193,1229,1
193,1232,1
1236,193,0
193,1249,1
193,1251,1
1263,193,0
193,1275,1
193,1277,1
193,1287,1
1295,193,0
1300,193,0
1309,193,0
193,1314,1
1315,193,0
193,1324,1
193,1326,1
1331,193,0
193,1332,1
193,1341,1
193,1362,1
193,1369,1
193,1374,1
193,1382,1
193,1464,1
193,1469,1
1475,193,0
193,1490,1
193,1491,1
1518,193,0
1535,193,0
193,1536,1
193,1585,1
193,1599,1
193,1600,1
1601,193,0
193,1630,1
1632,193,0
193,1633,1
1640,193,0
193,1641,1
194,35,1
194,234,1
194,238,1
411,194,0
194,466,1
194,776,1
194,835,1
194,854,1
194,1006,1
1519,194,0
196,460,0
196,482,0
196,690,0
197,1401,0
198,1114,0
200,557,0
200,712,0
200,927,0
200,1011,0
201,241,0
201,1391,0
201,1523,0
203,214,0
204,1384,0
207,736,0
207,1404,0
208,723,0
208,743,0
208,1561,0
209,944,0
212,792,0
212,795,0
212,832,0
213,1049,0
214,1148,0
215,981,0
215,1526,0
217,1100,0
217,1552,0
218,581,0
222,646,0
223,349,0
224,1217,0
225,1070,0
227,773,0
228,262,0
228,394,0
228,1105,0
229,360,0
229,1291,0
229,1508,0
230,798,0
230,1426,0
231,410,0
232,1139,0
233,1142,0
233,1365,0
234,940,0
236,671,0
236,1308,0
237,1467,0
237,1547,0
238,1171,0
238,1604,0
240,999,0
240,1614,0
241,329,0
241,1161,0
242,254,0
243,462,0
243,633,0
244,731,0
245,758,0
246,555,0
247,312,0
247,1219,0
248,1295,0
249,376,0
249,446,0
249,741,0
249,997,0
251,1063,0
253,1023,0
255,1225,0
256,1618,0
259,347,0
259,751,0
260,972,0
260,1466,0
260,1491,0
264,280,0
265,981,0
265,1027,0
267,587,0
268,1449,0
269,683,0
270,346,0
271,836,0
271,842,0
272,1007,0
276,1236,0
278,751,0
278,1314,0
279,433,0
280,356,0
280,371,0
280,380,0
282,1517,0
282,1560,0
282,1588,0
283,879,0
284,1053,0
284,1252,0
285,1535,0
286,751,0
287,460,0
287,610,0
288,513,0
289,412,0
289,566,0
289,1055,0
290,738,0
291,841,0
291,1458,0
292,568,0
293,1608,0
294,449,0
294,1528,0
295,604,0
296,619,0
296,786,0
296,1490,0
297,1484,0
297,1585,0
300,596,0
301,372,0
301,1171,0
304,940,0
304,961,0
306,647,0
308,577,0
309,888,0
309,1040,0
309,1402,0
309,1472,0
311,503,0
311,883,0
313,1163,0
313,1322,0
313,1448,0
314,416,0
315,441,0
316,1371,0
317,757,0
317,1502,0
318,695,0
319,406,0
319,501,0
321,941,0
321,1160,0
321,1387,0
322,1289,0
323,1180,0
324,992,0
325,1459,0
325,1564,0
325,1590,0
326,496,0
326,599,0
328,531,0
328,799,0
328,816,0
328,935,0
328,1233,0
330,702,0
330,1133,0
330,1417,0
331,520,0
332,845,0
334,1339,0
335,891,0
335,1538,0
336,919,0
337,1523,0
338,1634,0
341,1064,0
344,522,0
345,1429,0
346,1139,0
346,1486,0
347,663,0
347,902,0
347,1236,0
350,835,0
352,515,0
352,1357,0
353,973,0
353,996,0
353,1446,0
354,507,0
355,1328,0
356,939,0
356,1161,0
356,1435,0
357,661,0
357,663,0
358,783,0
359,386,0
359,490,0
359,1330,0
360,927,0
361,416,0
361,537,0
361,736,0
361,830,0
361,1373,0
362,832,0
364,548,0
364,1430,0
367,789,0
368,1159,0
370,1369,0
370,1461,0
373,402,0
374,922,0
374,975,0
374,1156,0
376,521,0
376,1507,0
378,1478,0
379,1334,0
380,1302,0
381,613,0
381,1332,0
381,1525,0
382,565,0
382,1174,0
384,812,0
386,1418,0
387,398,0
387,1205,0
388,1368,0
390,1275,0
390,1461,0
390,1518,0
391,489,0
393,1117,0
393,1566,0
394,1515,0
395,579,0
395,775,0
395,1127,0
396,651,0
396,773,0
396,917,0
397,1412,0
398,718,0
399,1087,0
400,811,0
400,1480,0
402,1100,0
402,1415,0
403,1236,0
404,412,0
404,543,0
404,1618,0
406,1461,0
408,894,0
408,1289,0
409,1260,0
410,1547,0
411,1512,0
413,714,0
413,818,0
414,435,0
417,1070,0
417,1409,0
419,897,0
419,1415,0
420,672,0
422,730,0
425,1464,0
429,1166,0
430,505,0
430,725,0
430,870,0
431,572,0
432,1473,0
433,627,0
434,755,0
435,1338,0
436,1178,0
437,1049,0
438,1067,0
440,1140,0
441,694,0
441,1392,0
442,1412,0
443,936,0
449,725,0
451,919,0
451,951,0
452,531,0
452,1129,0
454,1032,0
454,1038,0
456,483,0
457,1596,0
458,1296,0
460,583,0
461,786,0
463,863,0
464,850,0
464,961,0
465,1017,0
467,1281,0
468,902,0
475,994,0
475,1305,0
476,1082,0
477,1211,0
477,1347,0
480,668,0
480,1238,0
483,638,0
483,975,0
484,756,0
484,1362,0
487,1383,0
488,1597,0
489,943,0
490,1006,0
490,1412,0
493,541,0
494,1468,0
497,1563,0
498,1434,0
499,1492,0
500,735,0
504,893,0
505,830,0
505,1580,0
507,585,0
507,1355,0
509,874,0
513,536,0
514,1516,0
516,1410,0
517,1296,0
517,1474,0
519,545,0
519,1027,0
520,623,0
520,844,0
520,1164,0
523,1599,0
525,1522,0
526,1059,0
527,1562,0
528,932,0
529,966,0
529,1185,0
529,1612,0
533,893,0
535,1160,0
536,960,0
536,997,0
537,544,0
537,1156,0
537,1295,0
538,1529,0
539,993,0
539,1154,0
541,1046,0
541,1456,0
542,586,0
542,1386,0
543,759,0
543,1045,0
543,1315,0
547,714,0
548,561,0
550,1512,0
551,1540,0
552,840,0
555,845,0
558,920,0
561,1507,0
562,1408,0
563,1311,0
566,940,0
567,1527,0
568,1021,0
568,1429,0
569,920,0
570,716,0
570,1096,0
571,583,0
571,770,0
572,1551,0
573,1359,0
575,851,0
575,909,0
578,895,0
578,936,0
579,1531,0
581,875,0
581,949,0
583,1135,0
584,1234,0
586,776,0
588,1001,0
590,724,0
591,826,0
591,1219,0
592,1319,0
593,1510,0
594,997,0
594,1101,0
595,1305,0
596,964,0
597,1586,0
598,896,0
600,1509,0
601,960,0
601,1075,0
602,775,0
602,1391,0
603,1616,0
605,1568,0
606,1420,0
611,1276,0
613,816,0
613,969,0
613,1048,0
613,1225,0
614,1243,0
615,1176,0
616,1108,0
617,856,0
618,746,0
618,1140,0
619,1154,0
619,1437,0
620,1450,0
623,1230,0
623,1314,0
624,984,0
624,1171,0
625,845,0
626,709,0
626,1227,0
626,1453,0
627,1046,0
628,1077,0
628,1080,0
628,1542,0
633,783,0
633,1239,0
633,1476,0
639,943,0
642,1617,0
643,841,0
643,1086,0
644,1001,0
644,1464,0
645,1316,0
649,1289,0
650,1268,0
650,1438,0
651,665,0
651,910,0
655,1162,0
656,723,0
656,1293,0
656,1441,0
661,1548,0
662,1599,0
664,1608,0
666,753,0
668,1353,0
670,866,0
671,1514,0
675,959,0
677,1421,0
678,1484,0
680,1439,0
686,1492,0
687,821,0
688,1104,0
692,1229,0
694,1412,0
695,866,0
695,905,0
695,1057,0
696,718,0
696,892,0
699,1257,0
700,779,0
700,1578,0
703,1133,0
704,1413,0
705,1459,0
706,1113,0
707,759,0
708,985,0
708,1279,0
709,1137,0
714,840,0
715,1182,0
716,726,0
716,1279,0
717,925,0
717,1089,0
718,1294,0
719,1359,0
722,1527,0
725,1107,0
725,1324,0
726,1092,0
726,1385,0
728,1214,0
730,1551,0
731,1563,0
732,1179,0
732,1329,0
733,1071,0
735,1496,0
735,1563,0
738,1352,0
741,1157,0
742,1330,0
743,1586,0
744,1075,0
744,1598,0
745,796,0
746,852,0
747,998,0
747,1272,0
748,1101,0
750,902,0
750,1196,0
751,767,0
752,1595,0
753,769,0
754,1347,0
755,1274,0
760,845,0
760,921,0
761,1476,0
762,1203,0
762,1359,0
764,869,0
764,1326,0
765,1104,0
765,1163,0
765,1435,0
766,1392,0
766,1460,0
772,1460,0
772,1485,0
773,1626,0
774,1125,0
774,1135,0
775,1060,0
775,1585,0
776,1628,0
778,1222,0
779,973,0
779,1589,0
779,1613,0
780,1031,0
782,960,0
787,983,0
787,1489,0
789,1635,0
791,936,0
791,941,0
791,1015,0
793,1371,0
795,1289,0
795,1455,0
797,991,0
798,1297,0
799,1508,0
804,1422,0
804,1541,0
805,1481,0
806,973,0
807,1059,0
807,1509,0
812,1085,0
812,1429,0
812,1494,0
814,879,0
818,1394,0
819,1242,0
820,1349,0
823,1490,0
828,1203,0
828,1562,0
829,953,0
829,1560,0
830,1129,0
835,864,0
838,957,0
842,1321,0
844,1248,0
845,924,0
845,1063,0
845,1486,0
847,1635,0
848,1501,0
850,1171,0
851,1515,0
856,1419,0
856,1482,0
857,1596,0
859,1304,0
859,1560,0
860,1213,0
861,1059,0
862,1285,0
862,1391,0
863,1562,0
865,1425,0
866,993,0
867,1051,0
867,1320,0
867,1458,0
868,1029,0
869,1144,0
869,1519,0
869,1521,0
874,1159,0
874,1357,0
875,1372,0
876,1031,0
876,1531,0
879,1260,0
880,1184,0
881,1635,0
883,1190,0
887,1369,0
888,896,0
888,1073,0
889,1167,0
891,1039,0
894,1074,0
894,1362,0
895,1050,0
895,1557,0
896,1559,0
901,1581,0
903,1606,0
908,1222,0
909,1135,0
909,1343,0
911,976,0
911,1480,0
912,1063,0
913,1272,0
915,1192,0
917,1326,0
917,1574,0
921,1039,0
921,1074,0
927,1271,0
931,1050,0
933,1625,0
934,1419,0
937,1225,0
941,1482,0
946,1343,0
948,1334,0
953,1513,0
954,1341,0
962,1139,0
963,1546,0
965,1212,0
968,1560,0
969,1042,0
969,1420,0
970,1179,0
973,1527,0
974,1618,0
977,1223,0
978,1585,0
984,1312,0
986,1501,0
989,1408,0
990,1304,0
993,1377,0
999,1135,0
1003,1132,0
1005,1260,0
1005,1556,0
1006,1590,0
1006,1595,0
1011,1103,0
1011,1453,0
1012,1572,0
1013,1042,0
1013,1297,0
1015,1326,0
1016,1629,0
1017,1392,0
1018,1630,0
1025,1462,0
1027,1037,0
1027,1381,0
1028,1045,0
1031,1077,0
1032,1285,0
1032,1394,0
1038,1386,0
1039,1287,0
1040,1390,0
1044,1530,0
1047,1279,0
1047,1486,0
1049,1404,0
1052,1330,0
1053,1541,0
1053,1608,0
1054,1056,0
1058,1425,0
1059,1406,0
1060,1063,0
1060,1287,0
1063,1390,0
1069,1590,0
1070,1570,0
1072,1423,0
1072,1507,0
1072,1555,0
1073,1584,0
1076,1438,0
1080,1539,0
1082,1527,0
1085,1130,0
1085,1270,0
1087,1399,0
1091,1169,0
1096,1101,0
1098,1149,0
1099,1439,0
1099,1628,0
1112,1343,0
1113,1149,0
1113,1496,0
1114,1401,0
1117,1426,0
1121,1295,0
1125,1338,0
1126,1302,0
1126,1631,0
1128,1196,0
1131,1339,0
1132,1323,0
1136,1300,0
1141,1202,0
1143,1320,0
1144,1309,0
1149,1408,0
1150,1394,0
1153,1172,0
1154,1424,0
1155,1395,0
1163,1203,0
1163,1269,0
1166,1571,0
1170,1187,0
1171,1622,0
1174,1400,0
1175,1318,0
1176,1595,0
1179,1455,0
1182,1523,0
1184,1197,0
1185,1607,0
1187,1408,0
1196,1590,0
1198,1463,0
1202,1265,0
1202,1352,0
1212,1494,0
1214,1602,0
1216,1467,0
1218,1474,0
1220,1633,0
1224,1548,0
1234,1447,0
1236,1413,0
1236,1497,0
1240,1318,0
1241,1351,0
1244,1365,0
1250,1306,0
1254,1585,0
1260,1625,0
1261,1489,0
1263,1421,0
1263,1548,0
1264,1293,0
1265,1355,0
1265,1548,0
1276,1412,0
1277,1287,0
1279,1436,0
1282,1436,0
1284,1546,0
1285,1494,0
1285,1498,0
1293,1599,0
1298,1533,0
1298,1546,0
1299,1301,0
1308,1628,0
1315,1399,0
1322,1340,0
1324,1340,0
1334,1383,0
1334,1419,0
1337,1569,0
1337,1618,0
1343,1478,0
1345,1397,0
1346,1628,0
1353,1434,0
1357,1409,0
1358,1361,0
1365,1497,0
1367,1555,0
1368,1576,0
1373,1605,0
1374,1613,0
1377,1553,0
1379,1422,0
1380,1412,0
1381,1501,0
1384,1525,0
1389,1400,0
1393,1594,0
1394,1632,0
1402,1639,0
1417,1616,0
1418,1511,0
1424,1476,0
1425,1536,0
1426,1431,0
1426,1523,0
1430,1595,0
1439,1508,0
1451,1512,0
1464,1498,0
1466,1600,0
1479,1601,0
1521,1535,0
1531,1558,0
1537,1589,0
1564,1594,0
1629,1633,0
