0,10,1
0,25,1
0,27,1
0,28,1
0,43,1
0,91,1
0,100,1
0,111,1
0,152,1
0,175,1
0,176,1
0,177,1
0,178,1
0,179,1
0,180,1
0,181,1
0,182,1
0,183,1
0,184,1
0,185,1
0,186,1
0,187,1
0,188,1
0,189,1
0,190,1
0,191,1
0,192,1
0,193,1
0,194,1
0,195,1
0,196,1
0,197,1
0,198,1
0,199,1
0,200,1
0,201,1
0,202,1
0,203,1
0,204,1
0,205,1
0,206,1
0,207,1
0,208,1
0,209,1
0,210,1
0,211,1
0,212,1
0,213,1
0,214,1
0,215,1
0,216,1
0,217,1
0,218,1
0,219,1
0,220,1
0,221,1
0,222,1
0,223,1
0,224,1
0,225,1
0,226,1
0,227,1
0,228,1
0,229,1
0,230,1
0,231,1
0,232,1
0,233,1
0,234,1
0,235,1
0,236,1
0,237,1
0,238,1
0,239,1
0,240,1
0,241,1
0,242,1
0,243,1
0,244,1
0,245,1
0,246,1
0,247,1
0,248,1
0,249,1
0,250,1
0,251,1
0,252,1
0,253,1
0,254,1
0,255,1
0,256,1
0,257,1
0,258,1
0,259,1
0,260,1
0,261,1
0,262,1
0,263,1
0,264,1
0,265,1
0,266,1
0,267,1
0,268,1
0,269,1
0,270,1
0,271,1
0,272,1
0,273,1
0,274,1
0,275,1
0,276,1
0,277,1
0,278,1
0,279,1
0,280,1
0,281,1
0,282,1
0,283,1
0,284,1
0,285,1
0,286,1
0,287,1
0,288,1
0,289,1
0,290,1
0,291,1
0,292,1
0,293,1
0,294,1
0,295,1
0,296,1
0,297,1
0,298,1
0,299,1
0,300,1
0,301,1
0,302,1
0,303,1
0,304,1
0,305,1
0,306,1
0,307,1
0,308,1
0,309,1
0,310,1
0,311,1
0,312,1
0,313,1
0,314,1
0,315,1
0,316,1
0,317,1
0,318,1
0,319,1
0,320,1
0,321,1
0,322,1
0,323,1
0,324,1
0,325,1
0,326,1
0,327,1
0,328,1
0,329,1
0,330,1
0,331,1
0,332,1
0,333,1
0,334,1
0,335,1
0,336,1
0,337,1
0,338,1
0,339,1
0,340,1
0,341,1
0,342,1
0,343,1
0,344,1
0,345,1
0,346,1
0,347,1
0,348,1
0,349,1
0,350,1
0,351,1
0,352,1
0,353,1
0,354,1
0,355,1
0,356,1
0,357,1
0,358,1
0,359,1
0,360,1
0,361,1
0,362,1
0,363,1
0,364,1
0,365,1
0,366,1
0,367,1
0,368,1
0,369,1
0,370,1
0,371,1
0,372,1
0,373,1
0,374,1
0,375,1
0,376,1
0,377,1
0,378,1
0,379,1
0,380,1
0,381,1
0,382,1
0,383,1
0,384,1
0,385,1
0,386,1
0,387,1
0,388,1
0,389,1
0,390,1
0,391,1
0,392,1
0,688,3
0,725,3
1,100,1
1,200,1
1,269,1
1,272,1
1,278,1
1,279,1
1,347,3
1,369,3
1,393,1
1,394,1
1,395,1
1,396,1
1,397,1
1,398,1
1,399,1
1,400,1
1,401,1
1,402,1
1,403,1
1,404,1
1,405,1
1,406,1
1,407,1
1,408,1
1,409,1
1,410,1
1,411,1
1,412,1
1,413,1
1,414,1
1,415,1
1,416,1
1,417,1
1,418,1
1,419,1
1,420,1
1,421,1
1,422,1
1,423,1
1,424,1
1,425,1
1,426,1
1,427,1
2,121,3
2,428,1
2,429,1
2,430,1
2,431,1
2,432,1
2,433,1
2,434,1
2,435,1
2,436,1
2,437,1
2,438,1
2,931,3
2,1659,3
3,43,1
3,198,1
3,244,1
3,245,1
3,254,1
3,304,1
3,439,1
3,440,1
3,441,1
3,442,1
3,443,1
3,444,1
3,445,1
3,698,3
3,1253,3
3,1430,3
3,2026,3
4,25,1
4,106,1
4,121,1
4,143,3
4,272,1
4,414,1
4,429,1
4,446,1
4,447,1
4,448,1
4,449,1
4,450,1
4,451,1
4,452,1
4,453,1
4,454,1
4,455,1
4,456,1
4,457,1
4,458,1
4,459,1
4,460,1
4,461,1
4,462,1
4,463,1
4,464,1
4,465,1
4,466,1
4,467,1
4,468,1
4,469,1
4,470,1
4,471,1
4,472,1
4,473,1
4,474,1
4,475,1
4,476,1
4,477,1
4,478,1
4,479,1
4,480,1
4,481,1
4,482,1
4,483,1
4,484,1
4,485,1
4,486,1
4,487,1
4,488,1
4,489,1
4,490,1
4,491,1
4,492,1
4,493,1
5,33,1
5,191,1
5,192,1
5,194,1
5,195,1
5,196,1
5,197,1
5,494,1
5,495,1
5,496,1
5,497,1
5,498,1
5,499,1
5,500,1
5,501,1
5,502,1
5,503,1
5,504,1
5,505,1
5,506,1
5,507,1
5,508,1
5,509,1
5,510,1
5,511,1
5,512,1
5,513,1
5,514,1
5,515,1
5,516,1
5,517,1
5,518,1
5,519,1
5,520,1
5,521,1
5,522,1
5,523,1
5,524,1
5,525,1
5,526,1
5,527,1
5,528,1
5,529,1
5,530,1
5,531,1
5,1101,3
6,8,1
6,9,1
6,11,1
6,21,1
6,22,1
6,28,1
6,29,1
6,61,1
6,103,1
6,104,1
6,108,1
6,112,1
6,158,1
6,164,1
6,175,1
6,177,1
6,185,1
6,186,1
6,188,1
6,189,1
6,195,1
6,196,1
6,201,1
6,205,1
6,206,1
6,208,1
6,209,1
6,225,1
6,235,1
6,236,1
6,238,1
6,240,1
6,241,1
6,242,1
6,243,1
6,249,1
6,275,1
6,276,1
6,280,1
6,281,1
6,282,1
6,285,1
6,288,1
6,290,1
6,291,1
6,293,1
6,294,1
6,296,1
6,297,1
6,346,1
6,383,1
6,393,1
6,401,1
6,405,1
6,409,1
6,432,1
6,504,1
6,513,1
6,516,1
6,519,1
6,522,1
6,524,1
6,526,1
6,527,1
6,528,1
6,529,1
6,532,1
6,533,1
6,534,1
6,535,1
6,536,1
6,537,1
6,538,1
6,539,1
6,540,1
6,541,1
6,542,1
6,543,1
6,544,1
6,545,1
6,546,1
6,547,1
6,548,1
6,549,1
6,550,1
6,551,1
6,552,1
6,553,1
6,554,1
6,555,1
6,556,1
6,557,1
6,558,1
6,559,1
6,560,1
6,561,1
6,562,1
6,563,1
6,564,1
6,565,1
6,566,1
6,567,1
6,568,1
6,569,1
6,570,1
6,571,1
6,572,1
6,573,1
6,574,1
6,575,1
6,576,1
6,577,1
6,578,1
6,579,1
6,580,1
6,581,1
6,582,1
6,583,1
6,584,1
6,585,1
6,586,1
6,587,1
6,588,1
6,589,1
6,590,1
6,591,1
6,592,1
6,593,1
6,594,1
6,595,1
6,596,1
6,597,1
6,598,1
6,599,1
6,600,1
6,601,1
6,602,1
6,603,1
6,604,1
6,605,1
6,606,1
6,607,1
6,608,1
6,609,1
6,610,1
6,611,1
6,612,1
6,613,1
6,614,1
6,615,1
6,616,1
6,617,1
6,618,1
6,619,1
6,620,1
6,621,1
6,622,1
6,623,1
6,624,1
6,625,1
6,626,1
6,627,1
6,628,1
6,629,1
6,630,1
6,631,1
6,632,1
6,633,1
6,634,1
6,635,1
6,636,1
6,637,1
6,638,1
6,639,1
6,640,1
6,641,1
6,642,1
6,643,1
6,644,1
6,645,1
6,646,1
6,647,1
6,648,1
6,649,1
6,650,1
6,651,1
6,652,1
6,653,1
6,654,1
6,655,1
6,656,1
6,657,1
6,658,1
6,659,1
6,660,1
6,661,1
6,662,1
6,663,1
6,664,1
6,665,1
6,666,1
6,667,1
6,668,1
6,669,1
6,670,1
6,671,1
6,672,1
6,673,1
6,674,1
6,675,1
6,676,1
6,677,1
6,678,1
6,679,1
6,680,1
6,681,1
6,682,1
6,683,1
6,684,1
6,685,1
6,686,1
6,687,1
6,688,1
6,689,1
6,690,1
6,691,1
6,692,1
6,693,1
6,694,1
6,695,1
6,696,1
6,697,1
6,698,1
6,699,1
6,700,1
6,701,1
6,702,1
6,703,1
6,704,1
6,705,1
6,706,1
6,707,1
6,708,1
6,709,1
6,710,1
6,711,1
6,712,1
6,713,1
6,714,1
6,715,1
6,716,1
6,717,1
6,718,1
6,719,1
6,720,1
6,721,1
6,722,1
6,723,1
6,724,1
6,725,1
6,726,1
6,727,1
6,728,1
6,729,1
6,730,1
6,731,1
6,1104,3
6,1957,3
6,2015,3
6,2132,3
7,12,1
7,21,1
7,25,1
7,28,1
7,30,1
7,44,1
7,51,1
7,52,1
7,54,1
7,55,1
7,56,1
7,60,1
7,61,1
7,66,1
7,67,1
7,68,1
7,69,1
7,77,1
7,79,1
7,80,1
7,84,1
7,95,1
7,96,1
7,97,1
7,100,1
7,102,1
7,104,1
7,106,1
7,107,1
7,112,1
7,114,1
7,116,1
7,120,1
7,127,1
7,145,1
7,153,1
7,155,1
7,156,1
7,158,1
7,167,1
7,169,1
7,177,1
7,181,1
7,185,1
7,186,1
7,188,1
7,189,1
7,190,1
7,191,1
7,192,1
7,193,1
7,194,1
7,201,1
7,202,1
7,203,1
7,205,1
7,206,1
7,207,1
7,209,1
7,212,1
7,213,1
7,216,1
7,223,1
7,227,1
7,228,1
7,230,1
7,231,1
7,232,1
7,233,1
7,234,1
7,241,1
7,243,1
7,245,1
7,246,1
7,250,1
7,251,1
7,257,1
7,260,1
7,263,1
7,265,1
7,266,1
7,269,1
7,270,1
7,279,1
7,300,1
7,301,1
7,302,1
7,303,1
7,304,1
7,305,1
7,340,1
7,383,1
7,384,1
7,385,1
7,386,1
7,392,1
7,393,1
7,396,1
7,401,1
7,411,1
7,441,1
7,458,1
7,460,1
7,475,1
7,480,1
7,481,1
7,489,1
7,494,1
7,530,1
7,532,1
7,535,1
7,536,1
7,538,1
7,597,1
7,599,1
7,600,1
7,602,1
7,603,1
7,607,1
7,608,1
7,612,1
7,617,1
7,622,1
7,624,1
7,640,1
7,641,1
7,642,1
7,643,1
7,645,1
7,665,1
7,670,1
7,675,1
7,676,1
7,677,1
7,678,1
7,708,1
7,709,1
7,710,1
7,713,1
7,715,1
7,716,1
7,723,1
7,725,1
7,729,1
7,732,1
7,733,1
7,734,1
7,735,1
7,736,1
7,737,1
7,738,1
7,739,1
7,740,1
7,741,1
7,742,1
7,743,1
7,744,1
7,745,1
7,746,1
7,747,1
7,748,1
7,749,1
7,750,1
7,751,1
7,752,1
7,753,1
7,754,1
7,755,1
7,756,1
7,757,1
7,758,1
7,759,1
7,760,1
7,761,1
7,762,1
7,763,1
7,764,1
7,765,1
7,766,1
7,767,1
7,768,1
7,769,1
7,770,1
7,771,1
7,772,1
7,773,1
7,774,1
7,775,1
7,776,1
7,777,1
7,778,1
7,779,1
7,780,1
7,781,1
7,782,1
7,783,1
7,784,1
7,785,1
7,786,1
7,787,1
7,788,1
7,789,1
7,790,1
7,791,1
7,792,1
7,793,1
7,794,1
7,795,1
7,796,1
7,797,1
7,798,1
7,799,1
7,800,1
7,801,1
7,802,1
7,803,1
7,804,1
7,805,1
7,806,1
7,807,1
7,808,1
7,809,1
7,810,1
7,811,1
7,812,1
7,813,1
7,814,1
7,815,1
7,816,1
7,817,1
7,818,1
7,819,1
7,820,1
7,821,1
7,822,1
7,823,1
7,824,1
7,825,1
7,826,1
7,827,1
7,828,1
7,829,1
7,830,1
7,831,1
7,832,1
7,833,1
7,834,1
7,835,1
7,836,1
7,837,1
7,838,1
7,839,1
7,840,1
7,841,1
7,842,1
7,843,1
7,844,1
7,845,1
7,846,1
7,847,1
7,848,1
7,849,1
7,850,1
7,851,1
7,852,1
7,853,1
7,854,1
7,855,1
7,856,1
7,857,1
7,858,1
7,859,1
7,860,1
7,861,1
7,862,1
7,863,1
7,864,1
7,865,1
7,866,1
7,867,1
7,868,1
7,869,1
7,870,1
7,871,1
7,872,1
7,873,1
7,874,1
7,875,1
7,876,1
7,877,1
7,878,1
7,879,1
7,880,1
7,881,1
7,882,1
7,883,1
7,884,1
7,885,1
7,886,1
7,887,1
7,888,1
7,889,1
7,891,1
7,892,1
7,893,1
7,894,1
7,895,1
7,896,1
7,897,1
7,898,1
7,899,1
7,900,1
7,901,1
7,902,1
7,903,1
7,904,1
7,905,1
7,906,1
7,907,1
7,908,1
7,910,1
7,911,1
7,912,1
7,913,1
7,914,1
7,915,1
7,916,1
7,926,1
7,927,1
7,928,1
7,929,1
7,930,1
7,931,1
7,932,1
7,933,1
7,934,1
7,935,1
7,936,1
7,937,1
7,938,1
7,939,1
7,940,1
7,941,1
7,942,1
7,943,1
7,944,1
7,945,1
7,946,1
7,947,1
7,948,1
7,949,1
7,950,1
7,951,1
7,952,1
7,953,1
7,954,1
7,955,1
7,956,1
7,957,1
7,958,1
7,959,1
7,960,1
7,961,1
7,962,1
7,963,1
7,964,1
7,965,1
7,966,1
7,967,1
7,968,1
7,969,1
7,970,1
7,971,1
7,972,1
7,973,1
7,974,1
7,975,1
7,976,1
7,977,1
7,978,1
7,979,1
7,980,1
7,981,1
7,982,1
7,983,1
7,984,1
7,985,1
7,986,1
7,987,1
7,988,1
7,989,1
7,990,1
7,991,1
7,992,1
7,993,1
7,994,1
7,995,1
7,996,1
7,997,1
7,998,1
7,999,1
7,1000,1
7,1001,1
7,1002,1
7,1003,1
7,1004,1
7,1005,1
7,1006,1
7,1007,1
7,1008,1
7,1009,1
7,1010,1
7,1011,1
7,1012,1
7,1013,1
7,1014,1
7,1015,1
7,1016,1
7,1017,1
7,1018,1
7,1019,1
7,1020,1
7,1021,1
7,1022,1
7,1023,1
7,1024,1
7,1025,1
7,1026,1
7,1027,1
7,1028,1
7,1029,1
7,1030,1
7,1031,1
7,1032,1
7,1361,3
8,1033,1
8,1034,1
8,1450,3
9,13,1
9,28,1
9,36,1
9,41,1
9,48,1
9,52,1
9,82,1
9,88,1
9,92,1
9,97,1
9,98,1
9,99,1
9,100,1
9,105,1
9,107,1
9,110,1
9,112,1
9,117,1
9,118,1
9,119,1
9,122,1
9,127,1
9,149,1
9,153,1
9,161,1
9,163,1
9,180,1
9,215,1
9,234,1
9,246,1
9,284,1
9,285,1
9,304,1
9,311,1
9,340,1
9,398,1
9,428,1
9,445,1
9,447,1
9,468,1
9,472,1
9,505,1
9,515,1
9,544,1
9,546,1
9,548,1
9,550,1
9,553,1
9,561,1
9,562,1
9,573,1
9,579,1
9,599,1
9,601,1
9,621,1
9,633,1
9,687,1
9,694,1
9,706,1
9,734,1
9,738,1
9,744,1
9,782,1
9,788,1
9,802,1
9,810,1
9,819,1
9,828,1
9,863,1
9,885,1
9,888,1
9,889,1
9,891,1
9,896,1
9,899,1
9,943,1
9,953,1
9,971,1
9,997,1
9,1019,1
9,1023,1
9,1035,1
9,1036,1
9,1037,1
9,1038,1
9,1039,1
9,1040,1
9,1041,1
9,1042,1
9,1043,1
9,1044,1
9,1045,1
9,1046,1
9,1047,1
9,1048,1
9,1049,1
9,1050,1
9,1051,1
9,1052,1
9,1053,1
9,1054,1
9,1055,1
9,1056,1
9,1057,1
9,1058,1
9,1059,1
9,1060,1
9,1061,1
9,1062,1
9,1063,1
9,1064,1
9,1065,1
9,1066,1
9,1067,1
9,1068,1
9,1069,1
9,1070,1
9,1071,1
9,1072,1
9,1073,1
9,1074,1
9,1075,1
9,1076,1
9,1077,1
9,1078,1
9,1079,1
9,1080,1
9,1081,1
9,1082,1
9,1083,1
9,1084,1
9,1085,1
9,1086,1
9,1087,1
9,1088,1
9,1089,1
9,1090,1
9,1091,1
9,1092,1
9,1093,1
9,1094,1
9,1095,1
9,1096,1
9,1097,1
9,1098,1
9,1099,1
9,1100,1
9,1101,1
9,1102,1
9,1103,1
9,1104,1
9,1105,1
9,1106,1
9,1107,1
9,1108,1
9,1109,1
9,1110,1
9,1111,1
9,1112,1
9,1113,1
9,1114,1
9,1115,1
9,1116,1
9,1117,1
9,1118,1
9,1119,1
9,1120,1
9,1121,1
9,1122,1
9,1123,1
9,1124,1
9,1125,1
9,1126,1
9,1127,1
9,1128,1
9,1129,1
9,1130,1
9,1131,1
9,1132,1
9,1133,1
9,1134,1
9,1135,1
9,1136,1
9,1137,1
9,1138,1
9,1139,1
9,1140,1
9,1141,1
9,1142,1
9,1143,1
9,1144,1
9,1145,1
9,1146,1
9,1147,1
9,1148,1
9,1149,1
9,1150,1
9,1151,1
9,1152,1
9,1153,1
9,1154,1
9,1155,1
9,1156,1
9,1157,1
9,1158,1
9,1159,1
9,1160,1
9,1161,1
9,1162,1
9,1163,1
9,1164,1
9,1165,1
9,1166,1
9,1167,1
9,1168,1
9,1169,1
9,1170,1
9,1171,1
9,1172,1
9,1173,1
9,1174,1
9,1175,1
9,1176,1
9,1177,1
9,1178,1
9,1179,1
9,1180,1
9,1181,1
9,1182,1
9,1183,1
9,1184,1
9,1185,1
9,1186,1
9,1187,1
9,1188,1
9,1189,1
9,1190,1
9,1191,1
9,1192,1
9,1193,1
9,1194,1
9,1195,1
9,1196,1
9,1197,1
9,1198,1
9,1199,1
9,1200,1
9,1201,1
9,1202,1
9,1203,1
9,1204,1
9,1205,1
9,1206,1
9,1207,1
9,1208,1
9,1209,1
9,1210,1
9,1211,1
9,1212,1
9,1213,1
9,1214,1
9,1215,1
9,1216,1
9,1217,1
9,1218,1
9,1219,1
9,1220,1
9,1221,1
9,1222,1
9,1223,1
9,1224,1
9,1225,1
9,1226,1
9,1227,1
9,1228,1
9,1229,1
9,1230,1
9,1231,1
9,1232,1
9,1233,1
9,1234,1
9,1235,1
9,1236,1
9,1237,1
9,1238,1
9,1239,1
9,1240,1
9,1241,1
9,1242,1
9,1243,1
9,1244,1
9,1245,1
9,1246,1
9,1247,1
9,1248,1
9,1249,1
9,1250,1
9,1251,1
9,1252,1
9,1253,1
9,1254,1
9,1255,1
9,1256,1
9,1257,1
9,1258,1
9,1259,1
9,1260,1
9,1261,1
9,1262,1
9,1263,1
9,1264,1
9,1265,1
9,1266,1
9,1267,1
9,1268,1
9,1269,1
9,1270,1
9,1271,1
9,1272,1
9,1273,1
9,1274,1
9,1275,1
9,1276,1
9,1277,1
9,1278,1
9,1279,1
9,1280,1
9,1281,1
9,1282,1
9,1283,1
9,1284,1
9,1285,1
9,1286,1
9,1287,1
9,1288,1
9,1289,1
9,1290,1
9,1291,1
9,1292,1
9,1293,1
9,1294,1
9,1295,1
9,1296,1
9,1297,1
9,1298,1
9,1299,1
9,1300,1
9,1301,1
9,1302,1
9,1303,1
9,1304,1
9,1305,1
9,1306,1
9,1307,1
9,1308,1
9,1309,1
9,1310,1
9,1311,1
9,1312,1
9,1313,1
9,1314,1
9,1315,1
9,1316,1
9,1317,1
9,1318,1
9,1319,1
9,1320,1
9,1321,1
9,1322,1
9,1323,1
9,1324,1
9,1325,1
9,1326,1
9,1327,1
9,1328,1
9,1329,1
9,1330,1
9,1331,1
9,1332,1
9,1333,1
9,1334,1
9,1335,1
9,1336,1
9,1337,1
9,1338,1
9,1339,1
9,1340,1
9,1341,1
9,1342,1
9,1343,1
9,1344,1
9,1345,1
9,1346,1
9,1347,1
9,1348,1
9,1349,1
9,1350,1
9,1351,1
9,1352,1
9,1353,1
9,1354,1
9,1355,1
9,1356,1
9,1357,1
9,1358,1
9,1359,1
9,1360,1
9,1361,1
9,1362,1
9,1363,1
9,1364,1
9,1365,1
9,1366,1
9,1367,1
9,1368,1
9,1369,1
9,1370,1
9,1371,1
9,1372,1
9,1373,1
9,1374,1
9,1375,1
9,1376,1
9,1377,1
9,1378,1
9,1379,1
9,1380,1
9,1381,1
9,1382,1
9,1383,1
9,1384,1
9,1385,1
9,1386,1
9,1387,1
10,8,1
10,15,1
10,19,1
10,29,1
10,52,1
10,62,1
10,65,1
10,87,1
10,96,1
10,98,1
10,106,1
10,115,1
10,129,1
10,134,1
10,143,1
10,148,1
10,181,1
10,190,1
10,227,1
10,228,1
10,241,1
10,242,1
10,243,1
10,244,1
10,245,1
10,267,1
10,307,1
10,308,1
10,320,1
10,322,1
10,327,1
10,328,1
10,346,1
10,350,1
10,352,1
10,353,1
10,355,1
10,356,1
10,360,1
10,362,1
10,366,1
10,367,1
10,368,1
10,385,1
10,452,1
10,479,1
10,481,1
10,546,1
10,547,1
10,549,1
10,550,1
10,553,1
10,554,1
10,615,1
10,616,1
10,630,1
10,636,1
10,637,1
10,638,1
10,639,1
10,665,1
10,671,1
10,781,1
10,788,1
10,791,1
10,812,1
10,814,1
10,835,3
10,847,1
10,858,1
10,859,1
10,860,1
10,861,1
10,880,1
10,889,1
10,898,1
10,915,1
10,916,1
10,1033,1
10,1034,1
10,1051,1
10,1115,1
10,1181,1
10,1280,1
10,1367,1
10,1368,1
10,1388,1
10,1389,1
10,1390,1
10,1391,1
10,1392,1
10,1393,1
10,1394,1
10,1395,1
10,1396,1
10,1397,1
10,1398,1
10,1399,1
10,1400,1
10,1401,1
10,1402,1
10,1403,1
10,1404,1
10,1405,1
10,1406,1
10,1407,1
10,1408,1
10,1409,1
10,1410,1
10,1411,1
10,1412,1
10,1413,1
10,1414,1
10,1415,1
10,1416,1
10,1417,1
10,1418,1
10,1419,1
10,1420,1
10,1421,1
10,1422,1
10,1423,1
10,1424,1
10,1425,1
10,1426,1
10,1427,1
10,1428,1
10,1429,1
10,1430,1
10,1431,1
10,1432,1
10,1433,1
10,1434,1
10,1435,1
10,1436,1
10,1437,1
10,1438,1
10,1439,1
10,1440,1
10,1441,1
10,1442,1
10,1443,1
11,1,1
11,100,1
11,251,1
11,393,1
11,395,1
11,397,1
11,398,1
11,399,1
11,402,1
11,404,1
11,405,1
11,406,1
11,407,1
11,409,1
11,410,1
11,412,1
11,418,1
11,419,1
11,420,1
11,422,1
11,611,1
11,865,3
11,1033,1
11,1271,1
11,1444,1
11,1445,1
11,1446,1
11,1447,1
11,1448,1
11,1449,1
11,1450,1
11,1451,1
11,1452,1
12,82,1
12,156,1
267,12,0
400,12,0
406,12,0
419,12,0
422,12,0
425,12,0
570,12,0
575,12,0
682,12,0
1053,12,0
1069,12,0
12,1136,3
1241,12,0
1304,12,0
1385,12,0
1453,12,0
1454,12,0
1455,12,0
1456,12,0
1457,12,0
1458,12,0
1459,12,0
1460,12,0
1461,12,0
1462,12,0
1463,12,0
1464,12,0
1465,12,0
1466,12,0
1467,12,0
1468,12,0
1469,12,0
1470,12,0
3,13,0
29,13,0
46,13,0
116,13,0
127,13,0
573,13,0
577,13,0
578,13,0
868,13,0
869,13,0
870,13,0
871,13,0
1036,13,0
1206,13,0
1315,13,0
1429,13,0
1471,13,0
1472,13,0
1473,13,0
1474,13,0
1475,13,0
1476,13,0
1477,13,0
1478,13,0
1479,13,0
1480,13,0
1481,13,0
1482,13,0
1483,13,0
1484,13,0
1485,13,0
1486,13,0
1487,13,0
1488,13,0
1489,13,0
1490,13,0
1491,13,0
1492,13,0
1493,13,0
1494,13,0
1495,13,0
1496,13,0
1497,13,0
1498,13,0
13,2139,3
13,2141,3
109,14,0
661,14,0
674,14,0
684,14,0
686,14,0
687,14,0
14,878,3
1044,14,0
1230,14,0
1389,14,0
1391,14,0
1392,14,0
1499,14,0
1500,14,0
1501,14,0
1502,14,0
1503,14,0
1504,14,0
1505,14,0
1506,14,0
1507,14,0
1508,14,0
1509,14,0
1510,14,0
1511,14,0
1512,14,0
14,1867,3
28,15,0
270,15,0
271,15,0
386,15,0
474,15,0
476,15,0
488,15,0
489,15,0
15,514,3
15,704,3
1280,15,0
1407,15,0
1417,15,0
1418,15,0
1419,15,0
1420,15,0
1513,15,0
1514,15,0
1515,15,0
1516,15,0
1517,15,0
1518,15,0
98,16,0
780,16,0
16,1372,3
1398,16,0
16,2071,3
27,17,0
38,17,0
50,17,0
87,17,0
90,17,0
111,17,0
113,17,0
133,17,0
183,17,0
187,17,0
189,17,0
200,17,0
206,17,0
207,17,0
217,17,0
219,17,0
222,17,0
240,17,0
249,17,0
251,17,0
266,17,0
276,17,0
287,17,0
288,17,0
290,17,0
291,17,0
292,17,0
293,17,0
294,17,0
297,17,0
17,299,3
303,17,0
17,380,3
396,17,0
420,17,0
17,437,3
505,17,0
507,17,0
509,17,0
535,17,0
544,17,0
546,17,0
548,17,0
559,17,0
583,17,0
584,17,0
585,17,0
586,17,0
589,17,0
590,17,0
591,17,0
592,17,0
593,17,0
595,17,0
596,17,0
597,17,0
598,17,0
600,17,0
602,17,0
604,17,0
609,17,0
611,17,0
622,17,0
636,17,0
637,17,0
638,17,0
652,17,0
665,17,0
676,17,0
678,17,0
679,17,0
680,17,0
681,17,0
688,17,0
690,17,0
733,17,0
734,17,0
735,17,0
737,17,0
799,17,0
803,17,0
820,17,0
824,17,0
837,17,0
841,17,0
886,17,0
890,17,0
900,17,0
905,17,0
909,17,0
928,17,0
929,17,0
930,17,0
932,17,0
17,937,3
946,17,0
954,17,0
956,17,0
969,17,0
995,17,0
1033,17,0
1058,17,0
1076,17,0
1140,17,0
1144,17,0
1145,17,0
1454,17,0
1519,17,0
1520,17,0
1521,17,0
1522,17,0
1523,17,0
1524,17,0
1525,17,0
1526,17,0
1527,17,0
1528,17,0
1529,17,0
1530,17,0
1531,17,0
1532,17,0
1533,17,0
1534,17,0
1535,17,0
1536,17,0
1537,17,0
1538,17,0
1539,17,0
1540,17,0
1541,17,0
1542,17,0
1543,17,0
1544,17,0
1545,17,0
1546,17,0
1547,17,0
1548,17,0
1549,17,0
1550,17,0
1551,17,0
1552,17,0
1553,17,0
1554,17,0
1555,17,0
1556,17,0
1557,17,0
1558,17,0
1559,17,0
1560,17,0
1561,17,0
1562,17,0
1563,17,0
1564,17,0
1565,17,0
1566,17,0
1567,17,0
1568,17,0
1569,17,0
17,1890,3
18,781,3
18,1275,3
1570,18,0
1571,18,0
19,497,3
1406,19,0
1407,19,0
2,20,0
11,20,0
14,20,0
16,20,0
60,20,0
63,20,0
64,20,0
98,20,0
109,20,0
130,20,0
138,20,0
141,20,0
165,20,0
172,20,0
174,20,0
224,20,0
266,20,0
270,20,0
20,295,3
306,20,0
321,20,0
322,20,0
326,20,0
327,20,0
328,20,0
347,20,0
348,20,0
349,20,0
350,20,0
351,20,0
353,20,0
354,20,0
356,20,0
357,20,0
359,20,0
361,20,0
363,20,0
364,20,0
366,20,0
374,20,0
396,20,0
417,20,0
420,20,0
421,20,0
422,20,0
424,20,0
429,20,0
434,20,0
437,20,0
441,20,0
445,20,0
475,20,0
506,20,0
507,20,0
508,20,0
533,20,0
539,20,0
548,20,0
555,20,0
556,20,0
560,20,0
561,20,0
580,20,0
626,20,0
628,20,0
645,20,0
734,20,0
749,20,0
820,20,0
827,20,0
847,20,0
852,20,0
853,20,0
888,20,0
889,20,0
891,20,0
892,20,0
914,20,0
959,20,0
997,20,0
1014,20,0
1033,20,0
1034,20,0
1052,20,0
1060,20,0
1064,20,0
1065,20,0
1070,20,0
1073,20,0
1077,20,0
1078,20,0
1088,20,0
1092,20,0
1107,20,0
1109,20,0
1125,20,0
1128,20,0
1168,20,0
1225,20,0
1231,20,0
1238,20,0
1255,20,0
1261,20,0
1290,20,0
1299,20,0
1366,20,0
1374,20,0
1380,20,0
1394,20,0
1396,20,0
1397,20,0
1398,20,0
1399,20,0
1401,20,0
1403,20,0
1404,20,0
1416,20,0
1417,20,0
1418,20,0
1443,20,0
1516,20,0
1517,20,0
1535,20,0
1537,20,0
1538,20,0
1572,20,0
1573,20,0
1574,20,0
1575,20,0
1576,20,0
1577,20,0
1578,20,0
1579,20,0
1580,20,0
1581,20,0
1582,20,0
1583,20,0
1584,20,0
1585,20,0
1586,20,0
1587,20,0
1588,20,0
1589,20,0
1590,20,0
1591,20,0
1592,20,0
1593,20,0
1594,20,0
1595,20,0
1596,20,0
1597,20,0
1598,20,0
1599,20,0
1600,20,0
1601,20,0
1602,20,0
1603,20,0
1604,20,0
1605,20,0
1606,20,0
1607,20,0
1608,20,0
1609,20,0
1610,20,0
1611,20,0
1612,20,0
1613,20,0
1614,20,0
1615,20,0
1616,20,0
1617,20,0
1618,20,0
1619,20,0
1620,20,0
1621,20,0
1622,20,0
1623,20,0
1624,20,0
1625,20,0
1626,20,0
1627,20,0
1628,20,0
1629,20,0
1630,20,0
1631,20,0
1632,20,0
1633,20,0
1634,20,0
1635,20,0
1636,20,0
1637,20,0
1638,20,0
1639,20,0
1640,20,0
1641,20,0
1642,20,0
1643,20,0
1644,20,0
1645,20,0
1646,20,0
1647,20,0
1648,20,0
1649,20,0
1650,20,0
1651,20,0
1652,20,0
1653,20,0
1654,20,0
1655,20,0
1656,20,0
1657,20,0
1658,20,0
1659,20,0
1660,20,0
1661,20,0
1662,20,0
1663,20,0
1664,20,0
1665,20,0
1666,20,0
1667,20,0
1668,20,0
1669,20,0
1670,20,0
1671,20,0
1672,20,0
1673,20,0
1674,20,0
1675,20,0
1676,20,0
1677,20,0
1678,20,0
1679,20,0
1680,20,0
1681,20,0
1682,20,0
1683,20,0
1684,20,0
1685,20,0
1686,20,0
1687,20,0
1688,20,0
1689,20,0
1690,20,0
1691,20,0
1692,20,0
1693,20,0
1694,20,0
1695,20,0
1696,20,0
1697,20,0
1698,20,0
1699,20,0
20,2197,3
21,292,3
612,21,0
709,21,0
712,21,0
715,21,0
716,21,0
21,1661,3
21,22,0
497,22,0
499,22,0
500,22,0
502,22,0
531,22,0
552,22,0
567,22,0
569,22,0
612,22,0
709,22,0
710,22,0
711,22,0
712,22,0
713,22,0
714,22,0
716,22,0
1700,22,0
1701,22,0
1702,22,0
23,878,3
1703,23,0
1704,23,0
1705,23,0
1706,23,0
1707,23,0
24,889,3
890,24,0
24,1087,3
24,1830,3
395,25,0
399,25,0
400,25,0
403,25,0
404,25,0
405,25,0
412,25,0
419,25,0
420,25,0
422,25,0
427,25,0
575,25,0
813,25,0
814,25,0
1418,25,0
1419,25,0
1423,25,0
1445,25,0
1449,25,0
1561,25,0
1708,25,0
1709,25,0
1710,25,0
1711,25,0
217,26,0
218,26,0
219,26,0
222,26,0
522,26,0
523,26,0
524,26,0
525,26,0
528,26,0
26,705,3
26,1156,3
1463,26,0
1464,26,0
1465,26,0
26,1569,3
1712,26,0
1713,26,0
1714,26,0
1715,26,0
1716,26,0
1717,26,0
1718,26,0
1719,26,0
1553,27,0
1563,27,0
1564,27,0
270,28,0
386,28,0
28,401,3
28,448,3
656,28,0
811,28,0
915,28,0
916,28,0
1034,28,0
1288,28,0
28,1305,3
1417,28,0
1418,28,0
1419,28,0
1420,28,0
1423,28,0
1516,28,0
1720,28,0
1721,28,0
1722,28,0
1723,28,0
1724,28,0
1725,28,0
28,1832,3
28,2001,3
28,2084,3
386,29,0
29,625,3
915,29,0
916,29,0
1418,29,0
1419,29,0
1423,29,0
1516,29,0
965,30,0
1026,30,0
1027,30,0
1029,30,0
1030,30,0
31,464,3
31,1237,3
1726,31,0
1727,31,0
14,32,0
24,32,0
52,32,0
65,32,0
396,32,0
402,32,0
404,32,0
413,32,0
795,32,0
796,32,0
797,32,0
829,32,0
32,1041,3
32,1068,3
1073,32,0
1238,32,0
1280,32,0
1417,32,0
1418,32,0
1420,32,0
1452,32,0
1728,32,0
1729,32,0
1730,32,0
1731,32,0
1732,32,0
1733,32,0
1734,32,0
1735,32,0
1736,32,0
1737,32,0
1738,32,0
1739,32,0
1740,32,0
158,33,0
190,33,0
195,33,0
196,33,0
197,33,0
201,33,0
217,33,0
218,33,0
219,33,0
220,33,0
222,33,0
235,33,0
236,33,0
238,33,0
241,33,0
242,33,0
249,33,0
275,33,0
277,33,0
280,33,0
282,33,0
284,33,0
290,33,0
291,33,0
292,33,0
296,33,0
390,33,0
516,33,0
518,33,0
519,33,0
520,33,0
522,33,0
523,33,0
527,33,0
529,33,0
533,33,0
538,33,0
545,33,0
552,33,0
555,33,0
556,33,0
558,33,0
575,33,0
611,33,0
617,33,0
618,33,0
619,33,0
620,33,0
627,33,0
628,33,0
629,33,0
647,33,0
648,33,0
649,33,0
650,33,0
651,33,0
675,33,0
676,33,0
677,33,0
678,33,0
679,33,0
682,33,0
683,33,0
693,33,0
694,33,0
695,33,0
696,33,0
697,33,0
698,33,0
699,33,0
717,33,0
727,33,0
728,33,0
33,888,3
33,1117,3
1150,33,0
1280,33,0
1545,33,0
1546,33,0
1547,33,0
1566,33,0
1741,33,0
1742,33,0
190,34,0
217,34,0
219,34,0
221,34,0
242,34,0
243,34,0
280,34,0
281,34,0
282,34,0
283,34,0
284,34,0
285,34,0
390,34,0
517,34,0
518,34,0
519,34,0
521,34,0
523,34,0
524,34,0
529,34,0
552,34,0
575,34,0
618,34,0
619,34,0
620,34,0
682,34,0
683,34,0
698,34,0
699,34,0
700,34,0
701,34,0
703,34,0
717,34,0
728,34,0
972,35,0
973,35,0
974,35,0
975,35,0
977,35,0
979,35,0
980,35,0
981,35,0
1743,35,0
52,36,0
36,231,3
446,36,0
36,666,3
706,36,0
915,36,0
916,36,0
1280,36,0
1323,36,0
1744,36,0
1745,36,0
1746,36,0
412,37,0
413,37,0
37,1186,3
37,1534,3
1747,37,0
1748,37,0
37,1984,3
134,38,0
223,38,0
246,38,0
257,38,0
264,38,0
267,38,0
340,38,0
424,38,0
561,38,0
633,38,0
748,38,0
38,762,3
38,901,3
1075,38,0
1108,38,0
38,1210,3
1364,38,0
1388,38,0
1402,38,0
1415,38,0
1426,38,0
1538,38,0
1573,38,0
38,1625,3
1634,38,0
1686,38,0
1749,38,0
1750,38,0
1751,38,0
1752,38,0
1753,38,0
1754,38,0
1755,38,0
1756,38,0
1757,38,0
1758,38,0
1759,38,0
1760,38,0
1761,38,0
1762,38,0
1763,38,0
1764,38,0
1765,38,0
1766,38,0
1767,38,0
1768,38,0
1769,38,0
1770,38,0
456,39,0
42,40,0
157,40,0
199,40,0
200,40,0
396,40,0
956,40,0
1119,40,0
1557,40,0
1570,40,0
1571,40,0
1771,40,0
1772,40,0
1773,40,0
1774,40,0
1775,40,0
1776,40,0
1777,40,0
41,574,3
954,41,0
1516,41,0
42,229,3
42,1110,3
42,1238,3
198,43,0
211,43,0
212,43,0
244,43,0
245,43,0
304,43,0
460,43,0
43,1067,3
1078,43,0
1778,43,0
1779,43,0
51,44,0
135,44,0
753,44,0
754,44,0
756,44,0
759,44,0
822,44,0
831,44,0
839,44,0
840,44,0
44,903,3
911,44,0
914,44,0
1280,44,0
1395,44,0
1679,44,0
1724,44,0
1780,44,0
1781,44,0
1782,44,0
1783,44,0
1784,44,0
45,243,3
45,613,3
663,45,0
717,45,0
185,46,0
186,46,0
187,46,0
188,46,0
189,46,0
46,1152,3
1492,46,0
1494,46,0
1495,46,0
1496,46,0
1497,46,0
46,1675,3
47,324,3
1788,47,0
1789,47,0
47,2141,3
534,48,0
616,48,0
664,48,0
48,974,3
1345,48,0
1790,48,0
1791,48,0
48,1966,3
1304,49,0
1460,49,0
1796,49,0
1797,49,0
50,493,3
51,60,3
51,522,3
753,51,0
754,51,0
20,52,0
185,52,0
186,52,0
187,52,0
386,52,0
450,52,0
467,52,0
52,619,3
1082,52,0
1164,52,0
1418,52,0
1419,52,0
1443,52,0
1708,52,0
52,2074,3
54,53,0
53,660,3
912,53,0
926,53,0
942,53,0
1016,53,0
1847,53,0
912,54,0
941,54,0
942,54,0
1015,54,0
54,1141,3
54,1723,3
670,55,0
729,55,0
874,55,0
943,55,0
55,2075,3
873,56,0
875,56,0
897,56,0
940,56,0
952,56,0
994,56,0
56,1302,3
57,574,3
873,57,0
897,57,0
57,1111,3
57,1880,3
57,2141,3
934,58,0
935,58,0
1010,58,0
1011,58,0
1013,58,0
1848,58,0
430,59,0
431,59,0
59,775,3
59,1426,3
1849,59,0
1850,59,0
1851,59,0
1852,59,0
1853,59,0
1854,59,0
1855,59,0
226,60,0
227,60,0
228,60,0
571,60,0
572,60,0
815,60,0
887,60,0
60,1784,3
1856,60,0
60,1916,3
146,61,0
187,61,0
189,61,0
225,61,0
451,61,0
535,61,0
774,61,0
775,61,0
777,61,0
778,61,0
1514,61,0
1564,61,0
1802,61,0
1857,61,0
1858,61,0
1859,61,0
1860,61,0
1861,61,0
1862,61,0
1863,61,0
1864,61,0
1865,61,0
1866,61,0
62,353,3
561,62,0
562,62,0
781,62,0
98,63,0
385,63,0
937,63,0
954,63,0
972,63,0
973,63,0
974,63,0
977,63,0
979,63,0
981,63,0
1020,63,0
1021,63,0
1022,63,0
1115,63,0
63,1272,3
1368,63,0
1435,63,0
1436,63,0
1437,63,0
1438,63,0
1439,63,0
63,1721,3
1867,63,0
1868,63,0
1869,63,0
127,64,0
64,1231,3
1397,64,0
1399,64,0
1400,64,0
1401,64,0
1424,64,0
1870,64,0
19,65,0
29,65,0
217,65,0
219,65,0
222,65,0
65,752,3
915,65,0
916,65,0
1519,65,0
1533,65,0
1871,65,0
740,66,0
742,66,0
743,66,0
744,66,0
745,66,0
747,66,0
878,66,0
1724,66,0
1872,66,0
1873,66,0
1874,66,0
1875,66,0
901,67,0
902,67,0
67,1938,3
68,406,3
825,68,0
826,68,0
68,1399,3
68,1469,3
191,69,0
192,69,0
193,69,0
194,69,0
458,69,0
460,69,0
752,69,0
865,69,0
866,69,0
905,69,0
968,69,0
69,1612,3
560,70,0
70,614,3
1556,70,0
70,1989,3
28,71,0
383,71,0
885,71,0
1150,71,0
1417,71,0
1418,71,0
1419,71,0
1741,71,0
944,72,0
1002,72,0
1204,72,0
1876,72,0
1877,72,0
1878,72,0
1879,72,0
1880,72,0
234,73,0
391,73,0
392,73,0
1395,73,0
141,74,0
74,676,3
74,1781,3
1881,74,0
1882,74,0
1883,75,0
1884,75,0
1885,75,0
1886,75,0
1887,75,0
76,189,3
191,76,0
833,76,0
865,76,0
76,1249,3
230,77,0
231,77,0
790,77,0
77,935,3
77,1596,3
230,78,0
231,78,0
790,78,0
898,78,0
79,176,3
205,79,0
208,79,0
79,553,3
800,79,0
802,79,0
79,1693,3
812,80,0
813,80,0
149,81,0
81,442,3
1222,81,0
1223,81,0
1224,81,0
1373,81,0
1513,81,0
1514,81,0
1612,81,0
1784,81,0
1802,81,0
1857,81,0
1858,81,0
1859,81,0
1863,81,0
1864,81,0
1865,81,0
1888,81,0
1889,81,0
1890,81,0
1891,81,0
1892,81,0
1893,81,0
1894,81,0
1895,81,0
1896,81,0
1897,81,0
1898,81,0
1899,81,0
1900,81,0
1901,81,0
1902,81,0
1903,81,0
1904,81,0
1905,81,0
1906,81,0
1907,81,0
1908,81,0
1909,81,0
1910,81,0
1911,81,0
1912,81,0
1913,81,0
1914,81,0
1915,81,0
82,620,3
1069,82,0
1598,82,0
1916,82,0
82,2009,3
183,83,0
212,83,0
631,83,0
1111,83,0
1112,83,0
1734,83,0
1754,83,0
1916,83,0
1917,83,0
1918,83,0
1919,83,0
1920,83,0
1921,83,0
1922,83,0
1923,83,0
1924,83,0
1925,83,0
1926,83,0
1927,83,0
1928,83,0
67,84,0
84,1451,3
84,1617,3
1929,85,0
85,1993,3
13,86,0
86,818,3
86,1140,3
1488,86,0
1930,86,0
87,179,3
218,87,0
220,87,0
87,424,3
87,930,3
1519,87,0
1532,87,0
1533,87,0
1040,88,0
1101,88,0
88,1735,3
89,108,3
89,149,3
1931,89,0
1932,89,0
1933,89,0
1934,89,0
90,520,3
90,582,3
1521,90,0
1523,90,0
90,1685,3
90,1817,3
213,91,0
91,1461,3
92,132,3
92,175,3
92,531,3
1935,92,0
1936,92,0
93,222,3
93,651,3
763,93,0
93,912,3
765,94,0
766,94,0
782,95,0
784,95,0
785,95,0
786,95,0
96,269,3
860,96,0
861,96,0
96,1645,3
97,434,3
97,619,3
97,662,3
858,97,0
859,97,0
1024,97,0
97,1749,3
8,98,0
148,98,0
180,98,0
181,98,0
182,98,0
98,524,3
633,98,0
98,705,3
1245,98,0
1950,98,0
1951,98,0
1952,98,0
1953,98,0
1954,98,0
272,100,0
100,493,3
100,1130,3
837,101,0
1955,101,0
1956,101,0
1957,101,0
843,102,0
844,102,0
845,102,0
846,102,0
1734,102,0
1735,102,0
1958,102,0
1959,102,0
1960,102,0
11,103,0
397,103,0
428,103,0
103,1014,3
1165,103,0
1452,103,0
608,104,0
104,105,0
607,105,0
608,105,0
723,105,0
725,105,0
105,798,3
105,1751,3
479,106,0
480,106,0
481,106,0
483,106,0
1129,106,0
106,1192,3
1416,106,0
1604,106,0
1803,106,0
1826,106,0
106,1936,3
1961,106,0
1962,106,0
1963,106,0
1964,106,0
1965,106,0
1966,106,0
1967,106,0
1968,106,0
1969,106,0
1970,106,0
1971,106,0
106,2020,3
106,2122,3
818,107,0
819,107,0
107,2072,3
108,1489,3
109,148,3
684,109,0
685,109,0
686,109,0
109,999,3
109,1071,3
1230,109,0
109,1232,3
1505,109,0
1507,109,0
110,1025,3
110,1196,3
110,1753,3
1972,110,0
1973,110,0
110,2194,3
66,111,0
300,111,0
301,111,0
305,111,0
877,111,0
878,111,0
635,112,0
640,112,0
641,112,0
665,112,0
112,1650,3
112,2053,3
113,1143,3
1549,113,0
29,114,0
55,114,0
202,114,0
250,114,0
460,114,0
492,114,0
550,114,0
114,675,3
732,114,0
862,114,0
863,114,0
1416,114,0
1588,114,0
1975,114,0
1976,114,0
1977,114,0
1978,114,0
1979,114,0
1980,114,0
1981,114,0
1982,114,0
1983,114,0
270,115,0
383,115,0
386,115,0
561,115,0
562,115,0
633,115,0
1421,115,0
962,116,0
964,116,0
1386,117,0
1984,117,0
1985,117,0
1986,117,0
1987,117,0
118,519,3
118,775,3
1471,118,0
1847,118,0
1235,119,0
1236,119,0
1988,119,0
1989,119,0
1990,119,0
1991,119,0
1992,119,0
1993,119,0
985,120,0
986,120,0
987,120,0
988,120,0
989,120,0
990,120,0
991,120,0
120,1555,3
414,121,0
446,121,0
470,121,0
484,121,0
486,121,0
487,121,0
121,1301,3
122,582,3
1261,122,0
1996,122,0
11,123,0
25,123,0
272,123,0
412,123,0
420,123,0
123,483,3
780,123,0
781,123,0
183,124,0
184,124,0
124,1853,3
124,1971,3
116,125,0
125,285,3
750,125,0
751,125,0
125,965,3
847,126,0
126,1002,3
2016,126,0
2017,126,0
2018,126,0
126,2165,3
2019,127,0
2020,128,0
2021,128,0
2022,128,0
2023,128,0
2024,128,0
2025,128,0
2026,128,0
106,129,0
129,160,3
469,129,0
479,129,0
129,499,3
1071,129,0
1401,129,0
1755,129,0
2027,129,0
2028,129,0
2029,129,0
130,657,3
131,2015,3
2030,131,0
2031,131,0
132,568,3
132,1349,3
1942,132,0
1946,132,0
2032,132,0
2033,132,0
106,133,0
235,133,0
236,133,0
238,133,0
457,133,0
479,133,0
481,133,0
1429,133,0
98,134,0
181,134,0
134,891,3
134,901,3
134,1166,3
134,1303,3
226,135,0
537,135,0
1780,135,0
2037,135,0
2038,135,0
2039,135,0
2040,135,0
2041,135,0
2042,135,0
2043,135,0
2044,135,0
2045,135,0
412,136,0
413,136,0
136,1017,3
136,1233,3
137,313,3
137,376,3
137,796,3
2046,137,0
2047,137,0
138,166,3
138,1750,3
1358,139,0
139,1728,3
2049,139,0
8,140,0
106,140,0
479,140,0
480,140,0
1212,140,0
2050,140,0
2051,140,0
2052,140,0
141,212,3
141,1554,3
1216,142,0
52,143,0
140,143,0
386,143,0
479,143,0
480,143,0
481,143,0
482,143,0
143,574,3
780,143,0
915,143,0
916,143,0
143,1271,3
1419,143,0
143,1439,3
1643,143,0
143,1892,3
50,144,0
64,144,0
106,144,0
387,144,0
451,144,0
480,144,0
481,144,0
144,1595,3
1870,144,0
2057,144,0
2058,144,0
900,145,0
969,145,0
1513,146,0
1514,146,0
1587,146,0
1802,146,0
1858,146,0
1859,146,0
1861,146,0
1862,146,0
1863,146,0
1865,146,0
1866,146,0
147,631,3
781,148,0
1332,148,0
148,1389,3
148,1676,3
2072,148,0
872,149,0
1280,149,0
2073,149,0
2074,149,0
1657,150,0
1694,150,0
2081,150,0
2082,150,0
2083,150,0
151,1609,3
2093,151,0
2094,151,0
9,152,0
109,152,0
202,152,0
475,152,0
488,152,0
489,152,0
656,152,0
847,152,0
152,1015,3
152,1385,3
1402,152,0
1425,152,0
1426,152,0
1520,152,0
152,1533,3
1588,152,0
1682,152,0
1766,152,0
1767,152,0
1769,152,0
152,2027,3
2084,152,0
2095,152,0
2096,152,0
2097,152,0
2098,152,0
2099,152,0
2100,152,0
2101,152,0
2102,152,0
2103,152,0
2104,152,0
2105,152,0
2106,152,0
1,153,0
8,153,0
61,153,0
106,153,0
129,153,0
396,153,0
420,153,0
457,153,0
479,153,0
480,153,0
481,153,0
652,153,0
780,153,0
781,153,0
153,929,3
153,1030,3
1033,153,0
1034,153,0
1217,153,0
2003,153,0
2150,153,0
2151,153,0
2152,153,0
2153,153,0
1265,154,0
1266,154,0
2158,154,0
2159,154,0
2160,154,0
2161,154,0
155,494,3
947,155,0
948,155,0
949,155,0
1025,155,0
155,1597,3
155,2005,3
6,156,0
83,156,0
103,156,0
185,156,0
186,156,0
189,156,0
224,156,0
225,156,0
240,156,0
346,156,0
397,156,0
401,156,0
409,156,0
505,156,0
506,156,0
509,156,0
534,156,0
549,156,0
554,156,0
561,156,0
597,156,0
598,156,0
599,156,0
601,156,0
604,156,0
611,156,0
615,156,0
616,156,0
633,156,0
652,156,0
653,156,0
656,156,0
671,156,0
757,156,0
771,156,0
774,156,0
775,156,0
776,156,0
779,156,0
780,156,0
781,156,0
811,156,0
156,861,3
1182,156,0
1285,156,0
1325,156,0
1367,156,0
156,1403,3
1434,156,0
1435,156,0
1463,156,0
1464,156,0
1465,156,0
1466,156,0
1467,156,0
1598,156,0
1714,156,0
1718,156,0
1719,156,0
1800,156,0
1867,156,0
1868,156,0
1923,156,0
1982,156,0
2034,156,0
2166,156,0
2167,156,0
2168,156,0
2169,156,0
2170,156,0
2171,156,0
2172,156,0
2173,156,0
2174,156,0
2175,156,0
2176,156,0
2177,156,0
2178,156,0
157,516,3
157,1317,3
1772,157,0
201,158,0
556,158,0
558,158,0
617,158,0
158,700,3
835,158,0
946,158,0
1831,159,0
2179,159,0
2180,159,0
2181,159,0
2182,159,0
2183,159,0
2184,159,0
2185,159,0
2186,159,0
2187,159,0
160,1238,3
1524,160,0
2188,160,0
2189,160,0
2190,160,0
872,161,0
510,162,0
511,162,0
512,162,0
513,162,0
514,162,0
162,1199,3
162,1236,3
2191,162,0
2192,162,0
1462,163,0
1469,163,0
164,216,3
164,582,3
649,164,0
164,1150,3
164,1985,3
2193,165,0
267,166,0
166,1576,3
2194,166,0
945,167,0
1007,167,0
1009,167,0
82,168,0
1456,168,0
1733,168,0
2053,168,0
2054,168,0
2055,168,0
2195,168,0
2196,168,0
2197,168,0
2198,168,0
1004,169,0
1006,169,0
169,1007,3
169,1448,3
169,1600,3
1086,170,0
170,1124,3
1346,170,0
1545,170,0
1896,170,0
2199,170,0
226,171,0
845,171,0
171,847,3
958,171,0
2200,171,0
172,554,3
172,1494,3
1496,172,0
2201,172,0
173,1265,3
2147,173,0
2202,173,0
396,174,0
174,1599,3
174,1758,3
2056,174,0
2203,174,0
2204,174,0
175,241,3
175,447,3
176,782,3
177,336,3
177,2164,3
178,234,3
180,1001,3
182,524,3
183,1252,3
184,1565,3
186,244,3
186,1218,3
187,1247,3
188,264,3
188,1495,3
190,1584,3
191,270,3
193,1854,3
193,2158,3
194,671,3
194,677,3
194,765,3
194,1112,3
194,1396,3
197,838,3
197,1082,3
197,1265,3
198,614,3
198,1128,3
199,1234,3
199,2022,3
199,2046,3
200,635,3
200,2108,3
201,929,3
202,512,3
202,772,3
202,855,3
202,1153,3
204,241,3
204,1322,3
205,1615,3
205,1756,3
205,1808,3
205,1877,3
206,470,3
206,1051,3
206,1793,3
207,449,3
209,877,3
209,1112,3
209,1379,3
209,2028,3
210,372,3
210,1113,3
210,1298,3
210,2046,3
211,1860,3
211,2098,3
212,691,3
212,1287,3
212,2050,3
212,2166,3
213,457,3
215,840,3
215,944,3
216,246,3
217,412,3
219,1209,3
220,361,3
220,818,3
220,832,3
220,957,3
222,1130,3
222,1742,3
223,470,3
223,2094,3
223,2199,3
224,624,3
225,1248,3
225,2064,3
226,594,3
226,1457,3
226,1880,3
227,730,3
227,1069,3
227,1935,3
228,641,3
228,2171,3
229,1022,3
229,1593,3
230,1364,3
231,1333,3
232,1036,3
233,1866,3
233,2061,3
234,399,3
235,1527,3
237,1931,3
237,2152,3
238,847,3
238,1322,3
238,2047,3
239,886,3
239,1478,3
239,2073,3
240,1272,3
241,2112,3
243,1403,3
243,1840,3
244,544,3
244,906,3
247,2096,3
248,1834,3
251,599,3
251,1326,3
251,1867,3
252,1140,3
253,734,3
253,1911,3
254,327,3
254,1288,3
256,1922,3
257,1599,3
258,833,3
258,2123,3
259,1394,3
260,649,3
260,694,3
260,1297,3
261,1871,3
262,265,3
262,802,3
263,331,3
263,477,3
264,468,3
265,366,3
266,295,3
266,1689,3
268,805,3
269,1029,3
269,2068,3
271,594,3
272,485,3
272,1075,3
272,2074,3
274,1161,3
274,1480,3
277,838,3
279,342,3
279,1153,3
279,1909,3
280,503,3
280,774,3
282,1804,3
283,416,3
283,441,3
283,1310,3
284,827,3
284,1039,3
284,1109,3
286,1037,3
286,1941,3
287,995,3
288,435,3
290,462,3
290,1940,3
293,1321,3
294,377,3
294,1564,3
295,706,3
295,1297,3
295,1372,3
295,1671,3
295,1779,3
296,2135,3
297,598,3
298,1014,3
299,881,3
300,818,3
301,1226,3
301,1406,3
302,469,3
303,380,3
303,913,3
304,1514,3
304,2076,3
307,669,3
309,787,3
309,2079,3
310,616,3
310,1269,3
311,389,3
311,1205,3
311,1294,3
311,1441,3
312,375,3
313,574,3
313,749,3
313,799,3
313,1910,3
313,2045,3
314,953,3
314,1943,3
316,414,3
318,1176,3
319,1171,3
320,530,3
320,1647,3
321,1977,3
322,815,3
322,979,3
322,1284,3
322,1790,3
323,1145,3
323,1829,3
324,488,3
327,1885,3
328,1730,3
329,722,3
329,1328,3
329,1669,3
329,2163,3
330,712,3
331,1379,3
332,1829,3
334,1127,3
335,1630,3
336,390,3
336,479,3
336,1661,3
338,864,3
338,1519,3
338,1856,3
339,2198,3
340,1994,3
341,1038,3
341,1884,3
341,1909,3
343,1523,3
343,2011,3
345,756,3
345,2126,3
346,947,3
346,1984,3
347,554,3
347,1208,3
347,1373,3
348,384,3
348,870,3
348,1210,3
348,1875,3
348,2012,3
348,2087,3
349,356,3
350,1084,3
350,1909,3
352,1105,3
356,2090,3
357,1530,3
358,1063,3
359,565,3
360,1573,3
361,701,3
362,683,3
362,1480,3
362,1568,3
363,1067,3
363,1664,3
365,720,3
365,2052,3
367,724,3
367,1500,3
369,433,3
369,553,3
369,586,3
369,1794,3
371,381,3
371,985,3
371,1387,3
371,1400,3
372,1251,3
372,1290,3
372,1476,3
373,457,3
373,869,3
375,513,3
375,1064,3
376,533,3
377,2035,3
379,1465,3
380,547,3
381,382,3
381,703,3
383,1721,3
383,1734,3
385,1873,3
385,2063,3
386,1195,3
387,1616,3
388,1171,3
388,1829,3
390,1011,3
390,2160,3
391,766,3
392,998,3
392,1365,3
393,1761,3
394,836,3
394,884,3
394,1802,3
395,1084,3
395,1128,3
396,1431,3
397,1472,3
397,2199,3
398,816,3
398,1870,3
399,1551,3
399,1941,3
401,1258,3
402,1695,3
403,1869,3
404,773,3
404,1246,3
404,1324,3
404,1645,3
408,580,3
409,1088,3
409,1292,3
410,1583,3
412,849,3
412,1143,3
413,791,3
413,949,3
413,1876,3
415,818,3
415,2177,3
416,656,3
416,1042,3
416,1534,3
418,1924,3
419,1117,3
420,1416,3
420,2008,3
422,922,3
424,849,3
427,1501,3
428,1620,3
428,1985,3
430,2176,3
433,1644,3
433,1753,3
433,2155,3
434,1774,3
435,1341,3
435,1491,3
436,723,3
436,982,3
436,1161,3
439,1552,3
440,660,3
440,947,3
440,1483,3
441,756,3
441,913,3
441,1255,3
442,1087,3
446,476,3
446,924,3
447,899,3
447,1724,3
448,1400,3
448,1908,3
449,774,3
451,2126,3
453,896,3
454,682,3
454,932,3
454,984,3
455,2028,3
457,535,3
457,1934,3
457,2122,3
458,1455,3
458,1723,3
460,1679,3
461,1140,3
461,1455,3
461,1594,3
461,1694,3
463,464,3
463,1437,3
468,734,3
468,1350,3
469,601,3
470,1037,3
471,1306,3
472,1206,3
472,1780,3
473,1022,3
475,950,3
477,1039,3
477,1373,3
478,1334,3
478,2192,3
480,606,3
482,640,3
482,1276,3
483,1721,3
484,1821,3
484,1870,3
486,2150,3
489,1443,3
489,1899,3
490,793,3
490,1210,3
491,851,3
491,2160,3
492,1362,3
492,2093,3
495,1226,3
495,1311,3
497,970,3
497,1288,3
501,741,3
501,2135,3
502,1629,3
502,1631,3
502,2168,3
505,1007,3
505,1865,3
506,1483,3
508,1751,3
508,1893,3
509,565,3
509,735,3
509,2192,3
510,962,3
510,2174,3
515,573,3
515,639,3
518,711,3
519,1756,3
521,760,3
521,2070,3
522,1570,3
524,755,3
526,1291,3
526,2033,3
526,2043,3
526,2114,3
527,1489,3
528,819,3
528,1298,3
529,862,3
530,1030,3
530,1684,3
530,1766,3
531,925,3
534,1003,3
536,924,3
537,965,3
537,1486,3
538,1503,3
540,1116,3
540,2102,3
541,951,3
541,2069,3
541,2130,3
542,1676,3
542,2167,3
542,2188,3
545,862,3
546,930,3
546,951,3
546,1500,3
546,1895,3
546,2009,3
546,2162,3
547,1734,3
548,1223,3
548,1318,3
548,1574,3
550,863,3
550,2010,3
551,943,3
552,1280,3
553,1010,3
553,1454,3
553,1643,3
553,2001,3
554,1167,3
554,1571,3
556,1395,3
560,802,3
560,884,3
560,1833,3
561,1521,3
563,620,3
563,2095,3
564,1082,3
565,1195,3
565,1411,3
566,2054,3
567,937,3
567,2203,3
568,665,3
568,1654,3
568,2014,3
569,1609,3
569,1722,3
571,1506,3
571,1755,3
571,1838,3
571,1925,3
572,1809,3
575,1072,3
575,2018,3
576,2188,3
577,880,3
579,957,3
581,1079,3
581,1080,3
581,1708,3
583,886,3
583,2090,3
584,1646,3
585,1107,3
586,1782,3
586,1832,3
587,1196,3
588,962,3
588,1767,3
590,1695,3
591,1919,3
592,1659,3
593,602,3
594,839,3
594,859,3
594,2098,3
595,2085,3
596,1918,3
598,1698,3
600,621,3
602,1005,3
602,1310,3
604,879,3
604,1349,3
604,1566,3
605,953,3
605,1574,3
605,2043,3
606,1697,3
608,1657,3
609,2096,3
610,728,3
610,1733,3
611,1086,3
612,2059,3
613,847,3
613,962,3
613,1963,3
614,1951,3
615,1866,3
616,1533,3
617,711,3
617,757,3
617,1233,3
617,1960,3
618,1935,3
619,1332,3
619,2107,3
622,1223,3
622,1267,3
623,2113,3
625,1324,3
625,1360,3
626,1415,3
626,1926,3
627,1028,3
628,1564,3
629,1078,3
633,646,3
633,1294,3
634,1089,3
634,1974,3
635,941,3
636,1522,3
638,890,3
640,1512,3
641,1736,3
641,2201,3
643,1630,3
644,664,3
644,867,3
644,951,3
644,1256,3
644,1451,3
644,1924,3
645,1366,3
645,1395,3
648,1606,3
649,1449,3
653,1989,3
654,2127,3
656,1926,3
658,1131,3
658,1878,3
659,677,3
659,1632,3
661,1104,3
661,2034,3
662,1231,3
663,782,3
663,1956,3
663,2038,3
668,982,3
669,1763,3
669,1936,3
672,783,3
672,1099,3
672,1439,3
672,1446,3
672,2090,3
673,855,3
673,1386,3
673,2192,3
674,1808,3
676,1613,3
676,1748,3
677,743,3
677,1186,3
677,1220,3
679,1493,3
679,1792,3
680,2041,3
680,2138,3
681,701,3
681,875,3
681,887,3
681,1563,3
681,1626,3
682,730,3
682,860,3
685,1064,3
685,2073,3
689,1430,3
689,1896,3
689,2099,3
689,2147,3
691,806,3
691,1708,3
693,699,3
693,1987,3
693,2127,3
694,1061,3
695,1847,3
696,770,3
696,2128,3
697,746,3
697,1456,3
698,1613,3
698,2072,3
699,912,3
699,1816,3
700,1956,3
701,1812,3
703,930,3
703,1320,3
705,1423,3
707,1257,3
707,1646,3
707,1782,3
708,763,3
708,2066,3
709,2127,3
712,868,3
713,1123,3
714,1484,3
718,1410,3
721,1226,3
724,1006,3
724,2055,3
726,1695,3
729,1713,3
730,1901,3
731,1469,3
732,1043,3
733,843,3
735,1359,3
737,2124,3
738,2109,3
739,1679,3
739,1981,3
740,1845,3
742,1028,3
742,1924,3
744,1245,3
744,1525,3
745,2106,3
745,2160,3
746,1839,3
746,1986,3
746,2204,3
747,1734,3
749,1429,3
749,1655,3
749,1788,3
749,1881,3
750,1359,3
751,808,3
751,1291,3
751,1821,3
752,1757,3
753,1650,3
754,937,3
754,983,3
754,1307,3
754,2186,3
756,1830,3
757,855,3
758,792,3
759,1941,3
759,1951,3
760,1501,3
762,1569,3
762,2177,3
763,824,3
763,922,3
765,1460,3
767,1088,3
768,1031,3
769,1432,3
771,1452,3
772,1463,3
772,2117,3
775,2068,3
776,1511,3
777,1252,3
777,2001,3
778,987,3
778,1911,3
778,2019,3
779,1079,3
779,2067,3
779,2159,3
780,1886,3
780,2081,3
782,1114,3
782,1481,3
782,1792,3
783,906,3
783,1355,3
783,1394,3
783,1614,3
784,1984,3
784,2142,3
785,1933,3
786,1148,3
788,1085,3
789,1025,3
792,838,3
793,1995,3
794,1791,3
795,921,3
796,1441,3
796,1861,3
797,1282,3
798,893,3
798,921,3
799,1564,3
799,2034,3
800,2005,3
803,968,3
803,1794,3
805,1291,3
807,1372,3
807,1494,3
807,1750,3
808,1049,3
809,1335,3
810,1654,3
811,1036,3
811,2187,3
815,1035,3
815,1326,3
815,1507,3
815,2013,3
815,2115,3
818,2009,3
819,1481,3
821,860,3
821,957,3
824,852,3
824,2162,3
829,1537,3
829,1624,3
831,988,3
832,1464,3
832,1876,3
833,1124,3
836,1436,3
837,994,3
839,1398,3
840,972,3
840,1186,3
841,1580,3
841,1927,3
842,1377,3
843,913,3
843,1203,3
845,1065,3
845,1228,3
845,1323,3
847,1968,3
849,1463,3
849,1634,3
849,1823,3
850,1209,3
851,1251,3
852,872,3
854,1582,3
855,1465,3
856,980,3
856,1697,3
856,1890,3
856,2135,3
856,2188,3
857,1426,3
860,1548,3
861,1269,3
861,1700,3
864,1687,3
865,1623,3
865,1929,3
866,1983,3
866,1991,3
872,1410,3
872,2167,3
874,1507,3
876,1145,3
876,1164,3
878,1320,3
879,996,3
880,1420,3
882,1307,3
882,1433,3
884,1183,3
884,2010,3
885,1189,3
886,1439,3
888,2204,3
890,982,3
890,1157,3
890,1570,3
890,1782,3
894,1384,3
895,1884,3
896,1971,3
898,1378,3
900,1520,3
901,1974,3
902,1046,3
902,1274,3
902,1896,3
904,1104,3
904,2118,3
905,1041,3
906,1584,3
907,1344,3
908,1302,3
909,1435,3
912,1400,3
912,1624,3
913,1234,3
913,1818,3
915,1001,3
919,1502,3
919,1896,3
920,1330,3
920,2006,3
921,1441,3
922,2022,3
923,1372,3
928,1845,3
929,2130,3
930,1131,3
932,1218,3
932,1927,3
935,999,3
935,1105,3
935,1920,3
936,1054,3
936,1396,3
936,1655,3
939,1786,3
939,2070,3
940,1830,3
941,1086,3
941,2052,3
942,994,3
942,1904,3
944,1643,3
945,1290,3
950,2034,3
950,2193,3
954,1504,3
955,988,3
955,1606,3
958,1442,3
959,1288,3
959,2030,3
959,2189,3
960,1569,3
961,1053,3
962,1582,3
962,1591,3
962,1999,3
964,1792,3
965,1818,3
966,1189,3
969,1562,3
969,1731,3
970,1118,3
970,2110,3
971,1775,3
971,1841,3
972,1000,3
973,1043,3
975,982,3
975,1433,3
976,1797,3
977,1883,3
977,1907,3
978,1249,3
978,1596,3
980,1341,3
981,1028,3
982,1911,3
983,1086,3
983,1615,3
983,2179,3
984,2053,3
985,2086,3
986,1494,3
986,1534,3
987,1140,3
987,1502,3
987,1554,3
990,1951,3
991,2013,3
991,2200,3
992,1152,3
995,1124,3
996,1306,3
996,2129,3
997,1313,3
997,1535,3
997,2174,3
998,1014,3
999,1720,3
1000,2061,3
1001,1921,3
1001,1957,3
1001,2186,3
1005,2169,3
1006,2110,3
1008,1472,3
1009,2180,3
1010,1245,3
1011,1563,3
1011,1720,3
1014,1661,3
1014,2090,3
1016,1114,3
1016,1572,3
1016,2203,3
1019,1675,3
1023,2032,3
1027,1569,3
1027,1850,3
1027,1996,3
1030,1124,3
1030,1342,3
1031,1193,3
1035,1918,3
1036,2022,3
1037,1080,3
1038,2000,3
1042,1847,3
1043,1329,3
1043,1770,3
1045,1949,3
1046,2154,3
1047,1191,3
1049,1525,3
1052,1636,3
1053,2127,3
1055,1912,3
1057,1218,3
1058,1948,3
1059,1267,3
1062,1857,3
1063,2025,3
1064,2017,3
1065,1251,3
1065,1781,3
1066,1817,3
1068,1101,3
1069,1829,3
1070,1610,3
1071,1120,3
1071,2118,3
1072,1566,3
1074,1377,3
1075,1337,3
1076,1318,3
1076,1671,3
1078,1908,3
1078,1997,3
1079,1674,3
1079,1796,3
1081,1438,3
1084,1153,3
1085,1098,3
1085,1610,3
1085,1622,3
1086,2035,3
1087,1799,3
1091,1221,3
1091,1915,3
1091,1998,3
1093,1323,3
1097,1585,3
1099,1667,3
1099,1955,3
1100,1617,3
1101,1942,3
1105,1865,3
1106,1758,3
1109,1635,3
1109,1681,3
1110,1520,3
1113,1798,3
1113,1830,3
1113,1958,3
1115,1916,3
1117,1546,3
1118,1207,3
1119,1258,3
1120,1258,3
1124,2060,3
1125,2175,3
1126,1174,3
1127,1608,3
1128,1183,3
1128,1593,3
1129,1849,3
1131,1571,3
1131,2131,3
1133,1908,3
1134,1507,3
1134,2034,3
1134,2076,3
1136,1396,3
1139,1463,3
1140,1814,3
1141,1357,3
1146,1172,3
1146,1461,3
1147,2188,3
1148,1324,3
1151,1683,3
1152,1976,3
1154,1218,3
1155,1286,3
1155,1541,3
1157,2094,3
1158,1256,3
1159,1573,3
1159,1819,3
1161,1340,3
1162,1258,3
1164,1193,3
1165,1663,3
1166,2028,3
1168,1885,3
1169,1840,3
1173,2170,3
1174,1740,3
1174,2166,3
1175,1518,3
1176,2169,3
1177,1441,3
1178,1842,3
1182,2160,3
1186,1628,3
1186,1793,3
1186,2157,3
1189,1627,3
1189,2028,3
1189,2135,3
1191,1556,3
1191,1695,3
1191,1972,3
1193,1901,3
1196,1340,3
1200,1631,3
1200,1966,3
1200,1982,3
1202,1593,3
1208,1291,3
1210,2196,3
1219,1866,3
1221,1367,3
1223,1383,3
1225,2110,3
1227,1237,3
1227,2093,3
1228,1751,3
1228,1777,3
1232,1890,3
1233,1507,3
1233,2127,3
1234,2161,3
1235,1565,3
1235,1631,3
1236,1914,3
1238,1549,3
1240,1531,3
1243,1289,3
1243,1456,3
1244,1406,3
1244,1713,3
1246,1556,3
1247,1728,3
1248,1560,3
1249,1693,3
1250,1465,3
1250,1533,3
1252,1707,3
1253,1464,3
1253,1668,3
1253,1735,3
1256,1983,3
1256,2070,3
1260,1504,3
1260,1982,3
1261,1870,3
1262,1497,3
1263,1310,3
1265,2132,3
1267,2035,3
1268,2033,3
1270,1821,3
1270,1854,3
1273,1347,3
1274,1807,3
1276,1670,3
1279,1401,3
1279,1802,3
1279,1957,3
1282,1693,3
1283,1687,3
1284,1574,3
1284,1724,3
1286,1685,3
1291,1695,3
1293,2004,3
1295,2021,3
1296,2114,3
1297,1390,3
1297,1785,3
1297,2033,3
1298,1367,3
1299,2102,3
1300,1570,3
1300,1841,3
1301,1753,3
1302,1516,3
1302,1691,3
1303,1371,3
1305,2026,3
1306,1704,3
1306,2179,3
1309,1654,3
1309,1787,3
1309,1968,3
1312,1558,3
1312,1847,3
1313,2155,3
1316,1374,3
1317,1369,3
1318,2091,3
1323,2085,3
1325,1384,3
1326,1503,3
1326,2106,3
1331,2116,3
1331,2197,3
1333,1870,3
1335,2124,3
1336,1440,3
1336,1996,3
1336,2141,3
1338,2020,3
1340,2191,3
1341,1799,3
1344,1602,3
1344,2031,3
1345,1521,3
1346,1488,3
1347,1834,3
1347,1843,3
1348,1723,3
1350,2116,3
1355,1611,3
1355,1742,3
1359,1565,3
1360,1634,3
1360,1810,3
1361,1387,3
1364,1407,3
1365,1620,3
1366,1625,3
1368,1961,3
1369,1823,3
1372,1685,3
1373,1458,3
1375,2072,3
1376,1513,3
1376,1770,3
1384,1770,3
1384,1965,3
1389,1618,3
1392,2027,3
1397,1983,3
1398,2050,3
1399,1599,3
1400,1590,3
1402,1747,3
1405,1685,3
1405,1709,3
1406,1857,3
1407,2204,3
1416,1719,3
1416,2114,3
1417,2089,3
1419,2092,3
1421,1959,3
1425,1881,3
1426,1514,3
1428,2125,3
1429,1440,3
1431,1974,3
1433,1727,3
1435,1464,3
1439,1921,3
1439,1974,3
1439,2112,3
1441,1460,3
1441,1732,3
1448,1569,3
1449,1906,3
1451,1516,3
1453,2004,3
1456,2052,3
1457,1805,3
1458,1855,3
1467,1814,3
1470,2169,3
1471,1974,3
1475,1530,3
1480,1948,3
1481,2049,3
1486,2190,3
1488,1640,3
1489,1950,3
1489,2047,3
1491,1928,3
1496,1767,3
1496,1982,3
1498,1839,3
1499,1568,3
1501,1642,3
1506,1975,3
1508,2147,3
1509,1930,3
1511,1538,3
1516,1690,3
1517,2193,3
1520,1848,3
1520,1961,3
1522,1997,3
1524,1729,3
1526,1767,3
1527,2144,3
1528,1839,3
1533,1707,3
1537,2070,3
1538,2003,3
1545,2042,3
1546,1645,3
1548,2145,3
1555,1581,3
1558,1878,3
1558,1898,3
1559,1952,3
1560,1879,3
1563,1648,3
1563,1746,3
1563,1830,3
1565,1898,3
1566,1860,3
1571,2127,3
1574,1627,3
1574,1652,3
1575,2090,3
1576,2126,3
1579,2012,3
1580,1586,3
1581,2179,3
1582,1713,3
1582,1847,3
1583,2137,3
1588,1855,3
1588,1953,3
1591,1873,3
1592,1992,3
1594,1809,3
1596,2053,3
1598,1956,3
1602,2119,3
1605,1834,3
1605,2004,3
1606,1922,3
1606,2011,3
1606,2049,3
1616,1984,3
1617,1638,3
1618,2152,3
1620,1885,3
1622,2130,3
1626,2008,3
1629,1843,3
1631,1739,3
1642,2002,3
1644,1727,3
1645,1950,3
1650,1855,3
1653,1869,3
1660,2113,3
1661,1871,3
1665,1834,3
1665,1912,3
1665,2089,3
1669,1772,3
1674,2147,3
1675,2182,3
1678,1968,3
1678,1993,3
1680,1850,3
1686,1983,3
1688,2017,3
1688,2177,3
1689,2023,3
1696,1840,3
1701,1988,3
1702,2106,3
1713,2193,3
1719,1728,3
1722,1758,3
1722,1788,3
1722,1821,3
1728,1975,3
1738,2108,3
1742,1923,3
1750,1830,3
1751,1851,3
1754,2013,3
1755,1795,3
1755,2076,3
1758,1840,3
1758,2067,3
1764,2135,3
1768,2018,3
1773,2102,3
1780,1824,3
1780,2078,3
1781,2078,3
1784,1864,3
1788,2030,3
1789,1954,3
1794,2015,3
1794,2089,3
1798,2177,3
1802,1875,3
1804,1951,3
1804,1962,3
1815,2091,3
1817,2084,3
1820,2015,3
1822,2105,3
1826,2063,3
1829,2063,3
1832,2147,3
1837,1970,3
1853,2188,3
1856,1942,3
1858,2095,3
1861,1904,3
1868,1881,3
1876,1955,3
1880,2158,3
1900,2138,3
1906,2137,3
1918,1938,3
1926,1966,3
1926,2029,3
1935,2110,3
1944,2052,3
1945,2125,3
1952,2028,3
1953,2186,3
1955,1983,3
1966,2160,3
1973,2142,3
1977,2078,3
2003,2154,3
2008,2049,3
2010,2198,3
2011,2044,3
2030,2066,3
2035,2064,3
2036,2065,3
2050,2155,3
2053,2107,3
2065,2141,3
2079,2169,3
2084,2102,3
2087,2131,3
2089,2135,3
2094,2140,3
2100,2140,3
2103,2114,3
2132,2194,3
2133,2199,3
2170,2190,3
