0,7,2
0,10,1
0,25,1
0,27,1
0,28,1
0,43,1
0,91,1
0,100,1
0,111,1
0,152,1
0,175,1
0,176,1
0,177,1
0,178,1
0,179,1
0,180,1
0,181,1
0,182,1
0,183,1
0,184,1
0,185,1
0,186,1
0,187,1
0,188,1
0,189,1
0,190,1
0,191,1
0,192,1
0,193,1
0,194,1
0,195,1
0,196,1
0,197,1
0,198,1
0,199,1
0,200,1
0,201,1
0,202,1
0,203,1
0,204,1
0,205,1
0,206,1
0,207,1
0,208,1
0,209,1
0,210,1
0,211,1
0,212,1
0,213,1
0,214,1
0,215,1
0,216,1
0,217,1
0,218,1
0,219,1
0,220,1
0,221,1
0,222,1
0,223,1
0,224,1
0,225,1
0,226,1
0,227,1
0,228,1
0,229,1
0,230,1
0,231,1
0,232,1
0,233,1
0,234,1
0,235,1
0,236,1
0,237,1
0,238,1
0,239,1
0,240,1
0,241,1
0,242,1
0,243,1
0,244,1
0,245,1
0,246,1
0,247,1
0,248,1
0,249,1
0,250,1
0,251,1
0,252,1
0,253,1
0,254,1
0,255,1
0,256,1
0,257,1
0,258,1
0,259,1
0,260,1
0,261,1
0,262,1
0,263,1
0,264,1
0,265,1
0,266,1
0,267,1
0,268,1
0,269,1
0,270,1
0,271,1
0,272,1
0,273,1
0,274,1
0,275,1
0,276,1
0,277,1
0,278,1
0,279,1
0,280,1
0,281,1
0,282,1
0,283,1
0,284,1
0,285,1
0,286,1
0,287,1
0,288,1
0,289,1
0,290,1
0,291,1
0,292,1
0,293,1
0,294,1
0,295,1
0,296,1
0,297,1
0,298,1
0,299,1
0,300,1
0,301,1
0,302,1
0,303,1
0,304,1
0,305,1
0,306,1
0,307,1
0,308,1
0,309,1
0,310,1
0,311,1
0,312,1
0,313,1
0,314,1
0,315,1
0,316,1
0,317,1
0,318,1
0,319,1
0,320,1
0,321,1
0,322,1
0,323,1
0,324,1
0,325,1
0,326,1
0,327,1
0,328,1
0,329,1
0,330,1
0,331,1
0,332,1
0,333,1
0,334,1
0,335,1
0,336,1
0,337,1
0,338,1
0,339,1
0,340,1
0,341,1
0,342,1
0,343,1
0,344,1
0,345,1
0,346,1
0,347,1
0,348,1
0,349,1
0,350,1
0,351,1
0,352,1
0,353,1
0,354,1
0,355,1
0,356,1
0,357,1
0,358,1
0,359,1
0,360,1
0,361,1
0,362,1
0,363,1
0,364,1
0,365,1
0,366,1
0,367,1
0,368,1
0,369,1
0,370,1
0,371,1
0,372,1
0,373,1
0,374,1
0,375,1
0,376,1
0,377,1
0,378,1
0,379,1
0,380,1
0,381,1
0,382,1
0,383,1
0,384,1
0,385,1
0,386,1
0,387,1
0,388,1
0,389,1
0,390,1
0,391,1
0,392,1
0,823,3
0,891,3
1,1,2
1,25,2
1,100,1
1,200,1
1,269,1
1,272,1
1,278,1
1,279,1
1,393,1
1,394,1
1,395,1
1,396,1
1,397,1
1,398,1
1,399,1
1,400,1
1,401,1
1,402,1
1,403,1
1,404,1
1,405,1
1,406,1
1,407,1
1,408,1
1,409,1
1,410,1
1,411,1
1,412,1
1,413,1
1,414,1
1,415,1
1,416,1
1,417,1
1,418,1
1,419,1
1,420,1
1,421,1
1,422,1
1,423,1
1,424,1
1,425,1
1,426,1
1,427,1
1,896,3
1,1412,3
2,428,1
2,429,1
2,430,1
2,431,1
2,432,1
2,433,1
2,434,1
2,435,1
2,436,1
2,437,1
2,438,1
2,509,3
3,3,2
3,43,1
3,198,1
3,244,1
3,245,1
3,254,1
3,304,1
3,387,3
3,439,1
3,440,1
3,441,1
3,442,1
3,443,1
3,444,1
3,445,1
3,753,3
3,1411,3
3,1561,3
3,1572,3
3,2097,3
4,4,2
4,25,1
4,106,1
4,110,3
4,121,1
4,272,1
4,414,1
4,429,1
4,446,1
4,447,1
4,448,1
4,449,1
4,450,1
4,451,1
4,452,1
4,453,1
4,454,1
4,455,1
4,456,1
4,457,1
4,458,1
4,459,1
4,460,1
4,461,1
4,462,1
4,463,1
4,464,1
4,465,1
4,466,1
4,467,1
4,468,1
4,469,1
4,470,1
4,471,1
4,472,1
4,473,1
4,474,1
4,475,1
4,476,1
4,477,1
4,478,1
4,479,1
4,480,1
4,481,1
4,482,1
4,483,1
4,484,1
4,485,1
4,486,1
4,487,1
4,488,1
4,489,1
4,490,1
4,491,1
4,492,1
4,493,1
4,1729,3
5,33,1
5,191,1
5,192,1
5,194,1
5,195,1
5,196,1
5,197,1
5,494,1
5,495,1
5,496,1
5,497,1
5,498,1
5,499,1
5,500,1
5,501,1
5,502,1
5,503,1
5,504,1
5,505,1
5,506,1
5,507,1
5,508,1
5,509,1
5,510,1
5,511,1
5,512,1
5,513,1
5,514,1
5,515,1
5,516,1
5,517,1
5,518,1
5,519,1
5,520,1
5,521,1
5,522,1
5,523,1
5,524,1
5,525,1
5,526,1
5,527,1
5,528,1
5,529,1
5,530,1
5,531,1
5,1215,3
5,1851,3
6,8,1
6,9,1
6,11,1
6,17,2
6,21,1
6,22,1
6,28,1
6,29,1
6,61,1
6,103,1
6,104,1
6,108,1
6,112,1
6,158,1
6,164,1
6,175,1
6,177,1
6,185,1
6,186,1
6,188,1
6,189,1
6,195,1
6,196,1
6,201,1
6,205,1
6,206,1
6,208,1
6,209,1
6,225,1
6,235,1
6,236,1
6,238,1
6,240,1
6,241,1
6,242,1
6,243,1
6,249,1
6,275,1
6,276,1
6,280,1
6,281,1
6,282,1
6,285,1
6,288,1
6,290,1
6,291,1
6,293,1
6,294,1
6,296,1
6,297,1
6,301,3
6,346,1
6,383,1
6,393,1
6,401,1
6,405,1
6,409,1
6,432,1
6,474,3
6,504,1
6,513,1
6,516,1
6,519,1
6,522,1
6,524,1
6,526,1
6,527,1
6,528,1
6,529,1
6,532,1
6,533,1
6,534,1
6,535,1
6,536,1
6,537,1
6,538,1
6,539,1
6,540,1
6,541,1
6,542,1
6,543,1
6,544,1
6,545,1
6,546,1
6,547,1
6,548,1
6,549,1
6,550,1
6,551,1
6,552,1
6,553,1
6,554,1
6,555,1
6,556,1
6,557,1
6,558,1
6,559,1
6,560,1
6,561,1
6,562,1
6,563,1
6,564,1
6,565,1
6,566,1
6,567,1
6,568,1
6,569,1
6,570,1
6,571,1
6,572,1
6,573,1
6,574,1
6,575,1
6,576,1
6,577,1
6,578,1
6,579,1
6,580,1
6,581,1
6,582,1
6,583,1
6,584,1
6,585,1
6,586,1
6,587,1
6,588,1
6,589,1
6,590,1
6,591,1
6,592,1
6,593,1
6,594,1
6,595,1
6,596,1
6,597,1
6,598,1
6,599,1
6,600,1
6,601,1
6,602,1
6,603,1
6,604,1
6,605,1
6,606,1
6,607,1
6,608,1
6,609,1
6,610,1
6,611,1
6,612,1
6,613,1
6,614,1
6,615,1
6,616,1
6,617,1
6,618,1
6,619,1
6,620,1
6,621,1
6,622,1
6,623,1
6,624,1
6,625,1
6,626,1
6,627,1
6,628,1
6,629,1
6,630,1
6,631,1
6,632,1
6,633,1
6,634,1
6,635,1
6,636,1
6,637,1
6,638,1
6,639,1
6,640,1
6,641,1
6,642,1
6,643,1
6,644,1
6,645,1
6,646,1
6,647,1
6,648,1
6,649,1
6,650,1
6,651,1
6,652,1
6,653,1
6,654,1
6,655,1
6,656,1
6,657,1
6,658,1
6,659,1
6,660,1
6,661,1
6,662,1
6,663,1
6,664,1
6,665,1
6,666,1
6,667,1
6,668,1
6,669,1
6,670,1
6,671,1
6,672,1
6,673,1
6,674,1
6,675,1
6,676,1
6,677,1
6,678,1
6,679,1
6,680,1
6,681,1
6,682,1
6,683,1
6,684,1
6,685,1
6,686,1
6,687,1
6,688,1
6,689,1
6,690,1
6,691,1
6,692,1
6,693,1
6,694,1
6,695,1
6,696,1
6,697,1
6,698,1
6,699,1
6,700,1
6,701,1
6,702,1
6,703,1
6,704,1
6,705,1
6,706,1
6,707,1
6,708,1
6,709,1
6,710,1
6,711,1
6,712,1
6,713,1
6,714,1
6,715,1
6,716,1
6,717,1
6,718,1
6,719,1
6,720,1
6,721,1
6,722,1
6,723,1
6,724,1
6,725,1
6,726,1
6,727,1
6,728,1
6,729,1
6,730,1
6,731,1
6,836,3
7,7,2
7,12,1
7,21,1
7,25,1
7,28,1
7,30,1
7,44,1
7,51,1
7,52,1
7,54,1
7,55,1
7,56,1
7,60,1
7,61,1
7,66,1
7,67,1
7,68,1
7,69,1
7,77,1
7,79,1
7,80,1
7,84,1
7,95,1
7,96,1
7,97,1
7,100,1
7,102,1
7,104,1
7,106,1
7,107,1
7,112,1
7,114,1
7,116,1
7,120,1
7,127,1
7,145,1
7,153,1
7,155,1
7,156,1
7,158,1
7,167,1
7,169,1
7,177,1
7,181,1
7,185,1
7,186,1
7,188,1
7,189,1
7,190,1
7,191,1
7,192,1
7,193,1
7,194,1
7,201,1
7,202,1
7,203,1
7,205,1
7,206,1
7,207,1
7,209,1
7,212,1
7,213,1
7,216,1
7,223,1
7,227,1
7,228,1
7,230,1
7,231,1
7,232,1
7,233,1
7,234,1
7,241,1
7,243,1
7,245,1
7,246,1
7,250,1
7,251,1
7,257,1
7,260,1
7,263,1
7,265,1
7,266,1
7,269,1
7,270,1
7,279,1
7,300,1
7,301,1
7,302,1
7,303,1
7,304,1
7,305,1
7,340,1
7,383,1
7,384,1
7,385,1
7,386,1
7,392,1
7,393,1
7,396,1
7,401,1
7,411,1
7,441,1
7,458,1
7,460,1
7,475,1
7,480,1
7,481,1
7,489,1
7,494,1
7,530,1
7,532,1
7,535,1
7,536,1
7,538,1
7,597,1
7,599,1
7,600,1
7,602,1
7,603,1
7,607,1
7,608,1
7,612,1
7,617,1
7,622,1
7,624,1
7,640,1
7,641,1
7,642,1
7,643,1
7,645,1
7,665,1
7,670,1
7,675,1
7,676,1
7,677,1
7,678,1
7,708,1
7,709,1
7,710,1
7,713,1
7,715,1
7,716,1
7,723,1
7,725,1
7,729,1
7,732,1
7,733,1
7,734,1
7,735,1
7,736,1
7,737,1
7,738,1
7,739,1
7,740,1
7,741,1
7,742,1
7,743,1
7,744,1
7,745,1
7,746,1
7,747,1
7,748,1
7,749,1
7,750,1
7,751,1
7,752,1
7,753,1
7,754,1
7,755,1
7,756,1
7,757,1
7,758,1
7,759,1
7,760,1
7,761,1
7,762,1
7,763,1
7,764,1
7,765,1
7,766,1
7,767,1
7,768,1
7,769,1
7,770,1
7,771,1
7,772,1
7,773,1
7,774,1
7,775,1
7,776,1
7,777,1
7,778,1
7,779,1
7,780,1
7,781,1
7,782,1
7,783,1
7,784,1
7,785,1
7,786,1
7,787,1
7,788,1
7,789,1
7,790,1
7,791,1
7,792,1
7,793,1
7,794,1
7,795,1
7,796,1
7,797,1
7,798,1
7,799,1
7,800,1
7,801,1
7,802,1
7,803,1
7,804,1
7,805,1
7,806,1
7,807,1
7,808,1
7,809,1
7,810,1
7,811,1
7,812,1
7,813,1
7,814,1
7,815,1
7,816,1
7,817,1
7,818,1
7,819,1
7,820,1
7,821,1
7,822,1
7,823,1
7,824,1
7,825,1
7,826,1
7,827,1
7,828,1
7,829,1
7,830,1
7,831,1
7,832,1
7,833,1
7,834,1
7,835,1
7,836,1
7,837,1
7,838,1
7,839,1
7,840,1
7,841,1
7,842,1
7,843,1
7,844,1
7,845,1
7,846,1
7,847,1
7,848,1
7,849,1
7,850,1
7,851,1
7,852,1
7,853,1
7,854,1
7,855,1
7,856,1
7,857,1
7,858,1
7,859,1
7,860,1
7,861,1
7,862,1
7,863,1
7,864,1
7,865,1
7,866,1
7,867,1
7,868,1
7,869,1
7,870,1
7,871,1
7,872,1
7,873,1
7,874,1
7,875,1
7,876,1
7,877,1
7,878,1
7,879,1
7,880,1
7,881,1
7,882,1
7,883,1
7,884,1
7,885,1
7,886,1
7,887,1
7,888,1
7,889,1
7,891,1
7,892,1
7,893,1
7,894,1
7,895,1
7,896,1
7,897,1
7,898,1
7,899,1
7,900,1
7,901,1
7,902,1
7,903,1
7,904,1
7,905,1
7,906,1
7,907,1
7,908,1
7,910,1
7,911,1
7,912,1
7,913,1
7,914,1
7,915,1
7,916,1
7,926,1
7,927,1
7,928,1
7,929,1
7,930,1
7,931,1
7,932,1
7,933,1
7,934,1
7,935,1
7,936,1
7,937,1
7,938,1
7,939,1
7,940,1
7,941,1
7,942,1
7,943,1
7,944,1
7,945,1
7,946,1
7,947,1
7,948,1
7,949,1
7,950,1
7,951,1
7,952,1
7,953,1
7,954,1
7,955,1
7,956,1
7,957,1
7,958,1
7,959,1
7,960,1
7,961,1
7,962,1
7,963,1
7,964,1
7,965,1
7,966,1
7,967,1
7,968,1
7,969,1
7,970,1
7,971,1
7,972,1
7,973,1
7,974,1
7,975,1
7,976,1
7,977,1
7,978,1
7,979,1
7,980,1
7,981,1
7,982,1
7,983,1
7,984,1
7,985,1
7,986,1
7,987,1
7,988,1
7,989,1
7,990,1
7,991,1
7,992,1
7,993,1
7,994,1
7,995,1
7,996,1
7,997,1
7,998,1
7,999,1
7,1000,1
7,1001,1
7,1002,1
7,1003,1
7,1004,1
7,1005,1
7,1006,1
7,1007,1
7,1008,1
7,1009,1
7,1010,1
7,1011,1
7,1012,1
7,1013,1
7,1014,1
7,1015,1
7,1016,1
7,1017,1
7,1018,1
7,1019,1
7,1020,1
7,1021,1
7,1022,1
7,1023,1
7,1024,1
7,1025,1
7,1026,1
7,1027,1
7,1028,1
7,1029,1
7,1030,1
7,1031,1
7,1032,1
7,1341,3
8,1033,1
8,1034,1
8,1079,3
9,9,2
9,13,1
9,20,2
9,28,1
9,36,1
9,41,1
9,48,1
9,52,1
9,82,1
9,88,1
9,92,1
9,97,1
9,98,1
9,99,1
9,100,1
9,105,1
9,107,1
9,110,1
9,112,1
9,117,1
9,118,1
9,119,1
9,122,1
9,127,1
9,149,1
9,153,1
9,161,1
9,163,1
9,180,1
9,215,1
9,234,1
9,246,1
9,284,1
9,285,1
9,304,1
9,311,1
9,319,3
9,340,1
9,398,1
9,428,1
9,445,1
9,447,1
9,468,1
9,472,1
9,505,1
9,515,1
9,544,1
9,546,1
9,548,1
9,550,1
9,553,1
9,561,1
9,562,1
9,573,1
9,579,1
9,599,1
9,601,1
9,621,1
9,633,1
9,687,1
9,694,1
9,706,1
9,734,1
9,738,1
9,744,1
9,782,1
9,788,1
9,802,1
9,810,1
9,819,1
9,828,1
9,863,1
9,885,1
9,888,1
9,889,1
9,891,1
9,896,1
9,899,1
9,943,1
9,953,1
9,971,1
9,997,1
9,1019,1
9,1023,1
9,1035,1
9,1036,1
9,1037,1
9,1038,1
9,1039,1
9,1040,1
9,1041,1
9,1042,1
9,1043,1
9,1044,1
9,1045,1
9,1046,1
9,1047,1
9,1048,1
9,1049,1
9,1050,1
9,1051,1
9,1052,1
9,1053,1
9,1054,1
9,1055,1
9,1056,1
9,1057,1
9,1058,1
9,1059,1
9,1060,1
9,1061,1
9,1062,1
9,1063,1
9,1064,1
9,1065,1
9,1066,1
9,1067,1
9,1068,1
9,1069,1
9,1070,1
9,1071,1
9,1072,1
9,1073,1
9,1074,1
9,1075,1
9,1076,1
9,1077,1
9,1078,1
9,1079,1
9,1080,1
9,1081,1
9,1082,1
9,1083,1
9,1084,1
9,1085,1
9,1086,1
9,1087,1
9,1088,1
9,1089,1
9,1090,1
9,1091,1
9,1092,1
9,1093,1
9,1094,1
9,1095,1
9,1096,1
9,1097,1
9,1098,1
9,1099,1
9,1100,1
9,1101,1
9,1102,1
9,1103,1
9,1104,1
9,1105,1
9,1106,1
9,1107,1
9,1108,1
9,1109,1
9,1110,1
9,1111,1
9,1112,1
9,1113,1
9,1114,1
9,1115,1
9,1116,1
9,1117,1
9,1118,1
9,1119,1
9,1120,1
9,1121,1
9,1122,1
9,1123,1
9,1124,1
9,1125,1
9,1126,1
9,1127,1
9,1128,1
9,1129,1
9,1130,1
9,1131,1
9,1132,1
9,1133,1
9,1134,1
9,1135,1
9,1136,1
9,1137,1
9,1138,1
9,1139,1
9,1140,1
9,1141,1
9,1142,1
9,1143,1
9,1144,1
9,1145,1
9,1146,1
9,1147,1
9,1148,1
9,1149,1
9,1150,1
9,1151,1
9,1152,1
9,1153,1
9,1154,1
9,1155,1
9,1156,1
9,1157,1
9,1158,1
9,1159,1
9,1160,1
9,1161,1
9,1162,1
9,1163,1
9,1164,1
9,1165,1
9,1166,1
9,1167,1
9,1168,1
9,1169,1
9,1170,1
9,1171,1
9,1172,1
9,1173,1
9,1174,1
9,1175,1
9,1176,1
9,1177,1
9,1178,1
9,1179,1
9,1180,1
9,1181,1
9,1182,1
9,1183,1
9,1184,1
9,1185,1
9,1186,1
9,1187,1
9,1188,1
9,1189,1
9,1190,1
9,1191,1
9,1192,1
9,1193,1
9,1194,1
9,1195,1
9,1196,1
9,1197,1
9,1198,1
9,1199,1
9,1200,1
9,1201,1
9,1202,1
9,1203,1
9,1204,1
9,1205,1
9,1206,1
9,1207,1
9,1208,1
9,1209,1
9,1210,1
9,1211,1
9,1212,1
9,1213,1
9,1214,1
9,1215,1
9,1216,1
9,1217,1
9,1218,1
9,1219,1
9,1220,1
9,1221,1
9,1222,1
9,1223,1
9,1224,1
9,1225,1
9,1226,1
9,1227,1
9,1228,1
9,1229,1
9,1230,1
9,1231,1
9,1232,1
9,1233,1
9,1234,1
9,1235,1
9,1236,1
9,1237,1
9,1238,1
9,1239,1
9,1240,1
9,1241,1
9,1242,1
9,1243,1
9,1244,1
9,1245,1
9,1246,1
9,1247,1
9,1248,1
9,1249,1
9,1250,1
9,1251,1
9,1252,1
9,1253,1
9,1254,1
9,1255,1
9,1256,1
9,1257,1
9,1258,1
9,1259,1
9,1260,1
9,1261,1
9,1262,1
9,1263,1
9,1264,1
9,1265,1
9,1266,1
9,1267,1
9,1268,1
9,1269,1
9,1270,1
9,1271,1
9,1272,1
9,1273,1
9,1274,1
9,1275,1
9,1276,1
9,1277,1
9,1278,1
9,1279,1
9,1280,1
9,1281,1
9,1282,1
9,1283,1
9,1284,1
9,1285,1
9,1286,1
9,1287,1
9,1288,1
9,1289,1
9,1290,1
9,1291,1
9,1292,1
9,1293,1
9,1294,1
9,1295,1
9,1296,1
9,1297,1
9,1298,1
9,1299,1
9,1300,1
9,1301,1
9,1302,1
9,1303,1
9,1304,1
9,1305,1
9,1306,1
9,1307,1
9,1308,1
9,1309,1
9,1310,1
9,1311,1
9,1312,1
9,1313,1
9,1314,1
9,1315,1
9,1316,1
9,1317,1
9,1318,1
9,1319,1
9,1320,1
9,1321,1
9,1322,1
9,1323,1
9,1324,1
9,1325,1
9,1326,1
9,1327,1
9,1328,1
9,1329,1
9,1330,1
9,1331,1
9,1332,1
9,1333,1
9,1334,1
9,1335,1
9,1336,1
9,1337,1
9,1338,1
9,1339,1
9,1340,1
9,1341,1
9,1342,1
9,1343,1
9,1344,1
9,1345,1
9,1346,1
9,1347,1
9,1348,1
9,1349,1
9,1350,1
9,1351,1
9,1352,1
9,1353,1
9,1354,1
9,1355,1
9,1356,1
9,1357,1
9,1358,1
9,1359,1
9,1360,1
9,1361,1
9,1362,1
9,1363,1
9,1364,1
9,1365,1
9,1366,1
9,1367,1
9,1368,1
9,1369,1
9,1370,1
9,1371,1
9,1372,1
9,1373,1
9,1374,1
9,1375,1
9,1376,1
9,1377,1
9,1378,1
9,1379,1
9,1380,1
9,1381,1
9,1382,1
9,1383,1
9,1384,1
9,1385,1
9,1386,1
9,1387,1
9,2131,3
10,8,1
10,15,1
10,19,1
10,29,1
10,52,1
10,62,1
10,65,1
10,87,1
10,91,2
10,96,1
10,98,1
10,106,1
10,115,1
10,129,1
10,134,1
10,143,1
10,148,1
10,181,1
10,190,1
10,227,1
10,228,1
10,241,1
10,242,1
10,243,1
10,244,1
10,245,1
10,267,1
10,307,1
10,308,1
10,320,1
10,322,1
10,327,1
10,328,1
10,346,1
10,350,1
10,352,1
10,353,1
10,355,1
10,356,1
10,360,1
10,362,1
10,366,1
10,367,1
10,368,1
10,385,1
10,452,1
10,479,1
10,481,1
10,546,1
10,547,1
10,549,1
10,550,1
10,553,1
10,554,1
10,615,1
10,616,1
10,630,1
10,636,1
10,637,1
10,638,1
10,639,1
10,665,1
10,671,1
10,781,1
10,788,1
10,791,1
10,812,1
10,814,1
10,847,1
10,858,1
10,859,1
10,860,1
10,861,1
10,880,1
10,889,1
10,898,1
10,915,1
10,916,1
10,1033,1
10,1034,1
10,1051,1
10,1115,1
10,1181,1
10,1219,3
10,1280,1
10,1367,1
10,1368,1
10,1388,1
10,1389,1
10,1390,1
10,1391,1
10,1392,1
10,1393,1
10,1394,1
10,1395,1
10,1396,1
10,1397,1
10,1398,1
10,1399,1
10,1400,1
10,1401,1
10,1402,1
10,1403,1
10,1404,1
10,1405,1
10,1406,1
10,1407,1
10,1408,1
10,1409,1
10,1410,1
10,1411,1
10,1412,1
10,1413,1
10,1414,1
10,1415,1
10,1416,1
10,1417,1
10,1418,1
10,1419,1
10,1420,1
10,1421,1
10,1422,1
10,1423,1
10,1424,1
10,1425,1
10,1426,1
10,1427,1
10,1428,1
10,1429,1
10,1430,1
10,1431,1
10,1432,1
10,1433,1
10,1434,1
10,1435,1
10,1436,1
10,1437,1
10,1438,1
10,1439,1
10,1440,1
10,1441,1
10,1442,1
10,1443,1
10,1856,3
11,1,1
11,11,2
11,100,1
11,156,2
11,251,1
11,393,1
11,395,1
11,397,1
11,398,1
11,399,1
11,402,1
11,404,1
11,405,1
11,406,1
11,407,1
11,409,1
11,410,1
11,412,1
11,418,1
11,419,1
11,420,1
11,422,1
11,611,1
11,1033,1
11,1271,1
11,1444,1
11,1445,1
11,1446,1
11,1447,1
11,1448,1
11,1449,1
11,1450,1
11,1451,1
11,1452,1
11,1655,3
12,12,2
12,82,1
12,156,1
267,12,0
400,12,0
406,12,0
419,12,0
422,12,0
425,12,0
570,12,0
575,12,0
682,12,0
12,824,3
12,972,3
1053,12,0
1069,12,0
1241,12,0
1304,12,0
1385,12,0
1453,12,0
1454,12,0
1455,12,0
1456,12,0
1457,12,0
1458,12,0
1459,12,0
1460,12,0
1461,12,0
1462,12,0
1463,12,0
1464,12,0
1465,12,0
1466,12,0
1467,12,0
1468,12,0
1469,12,0
1470,12,0
12,2092,3
3,13,0
29,13,0
46,13,0
116,13,0
127,13,0
573,13,0
577,13,0
578,13,0
868,13,0
869,13,0
870,13,0
871,13,0
1036,13,0
1206,13,0
1315,13,0
1429,13,0
1471,13,0
1472,13,0
1473,13,0
1474,13,0
1475,13,0
1476,13,0
1477,13,0
1478,13,0
1479,13,0
1480,13,0
1481,13,0
1482,13,0
1483,13,0
1484,13,0
1485,13,0
1486,13,0
1487,13,0
1488,13,0
1489,13,0
1490,13,0
1491,13,0
1492,13,0
1493,13,0
1494,13,0
1495,13,0
1496,13,0
1497,13,0
1498,13,0
109,14,0
14,278,3
14,393,3
661,14,0
674,14,0
684,14,0
686,14,0
687,14,0
14,704,3
1044,14,0
1230,14,0
14,1308,3
1389,14,0
1391,14,0
1392,14,0
14,1402,3
1499,14,0
1500,14,0
1501,14,0
1502,14,0
1503,14,0
1504,14,0
1505,14,0
1506,14,0
1507,14,0
1508,14,0
1509,14,0
1510,14,0
1511,14,0
1512,14,0
28,15,0
15,124,3
270,15,0
271,15,0
386,15,0
474,15,0
476,15,0
488,15,0
489,15,0
15,659,3
15,1193,3
1280,15,0
1407,15,0
1417,15,0
1418,15,0
1419,15,0
1420,15,0
1513,15,0
1514,15,0
1515,15,0
1516,15,0
1517,15,0
1518,15,0
15,1813,3
16,16,2
98,16,0
16,393,3
780,16,0
1398,16,0
17,17,2
27,17,0
38,17,0
50,17,0
87,17,0
90,17,0
111,17,0
113,17,0
133,17,0
183,17,0
187,17,0
189,17,0
200,17,0
206,17,0
207,17,0
217,17,0
219,17,0
222,17,0
240,17,0
249,17,0
251,17,0
266,17,0
276,17,0
287,17,0
288,17,0
290,17,0
291,17,0
292,17,0
293,17,0
294,17,0
297,17,0
303,17,0
396,17,0
420,17,0
505,17,0
507,17,0
509,17,0
535,17,0
544,17,0
546,17,0
548,17,0
559,17,0
583,17,0
584,17,0
585,17,0
586,17,0
589,17,0
590,17,0
591,17,0
592,17,0
593,17,0
595,17,0
596,17,0
597,17,0
598,17,0
600,17,0
602,17,0
604,17,0
609,17,0
611,17,0
622,17,0
636,17,0
637,17,0
638,17,0
652,17,0
665,17,0
676,17,0
678,17,0
679,17,0
680,17,0
681,17,0
688,17,0
690,17,0
733,17,0
734,17,0
735,17,0
737,17,0
799,17,0
803,17,0
820,17,0
824,17,0
837,17,0
841,17,0
886,17,0
890,17,0
900,17,0
905,17,0
909,17,0
928,17,0
929,17,0
930,17,0
932,17,0
946,17,0
954,17,0
956,17,0
969,17,0
995,17,0
1033,17,0
1058,17,0
1076,17,0
1140,17,0
1144,17,0
1145,17,0
1454,17,0
1519,17,0
1520,17,0
1521,17,0
1522,17,0
1523,17,0
1524,17,0
1525,17,0
1526,17,0
1527,17,0
1528,17,0
1529,17,0
1530,17,0
1531,17,0
1532,17,0
1533,17,0
1534,17,0
1535,17,0
1536,17,0
1537,17,0
1538,17,0
1539,17,0
1540,17,0
1541,17,0
1542,17,0
1543,17,0
1544,17,0
1545,17,0
1546,17,0
1547,17,0
1548,17,0
1549,17,0
1550,17,0
1551,17,0
1552,17,0
1553,17,0
1554,17,0
1555,17,0
1556,17,0
1557,17,0
1558,17,0
1559,17,0
1560,17,0
1561,17,0
1562,17,0
1563,17,0
1564,17,0
1565,17,0
1566,17,0
1567,17,0
1568,17,0
1569,17,0
17,1597,3
18,208,3
18,1407,3
1570,18,0
1571,18,0
19,19,2
19,688,3
1406,19,0
1407,19,0
2,20,0
11,20,0
14,20,0
16,20,0
20,20,2
20,49,3
60,20,0
63,20,0
64,20,0
98,20,0
109,20,0
130,20,0
138,20,0
141,20,0
165,20,0
172,20,0
174,20,0
224,20,0
266,20,0
270,20,0
306,20,0
321,20,0
322,20,0
326,20,0
327,20,0
328,20,0
347,20,0
348,20,0
349,20,0
350,20,0
351,20,0
353,20,0
354,20,0
356,20,0
357,20,0
359,20,0
361,20,0
363,20,0
364,20,0
366,20,0
374,20,0
396,20,0
417,20,0
420,20,0
421,20,0
422,20,0
424,20,0
429,20,0
434,20,0
437,20,0
441,20,0
445,20,0
475,20,0
506,20,0
507,20,0
508,20,0
533,20,0
539,20,0
548,20,0
555,20,0
556,20,0
560,20,0
561,20,0
580,20,0
626,20,0
628,20,0
645,20,0
734,20,0
749,20,0
820,20,0
827,20,0
847,20,0
852,20,0
853,20,0
888,20,0
889,20,0
891,20,0
892,20,0
914,20,0
959,20,0
997,20,0
1014,20,0
1033,20,0
1034,20,0
1052,20,0
1060,20,0
1064,20,0
1065,20,0
1070,20,0
1073,20,0
1077,20,0
1078,20,0
1088,20,0
1092,20,0
1107,20,0
1109,20,0
1125,20,0
1128,20,0
1168,20,0
1225,20,0
1231,20,0
1238,20,0
1255,20,0
1261,20,0
1290,20,0
1299,20,0
1366,20,0
1374,20,0
1380,20,0
1394,20,0
1396,20,0
1397,20,0
1398,20,0
1399,20,0
1401,20,0
1403,20,0
1404,20,0
1416,20,0
1417,20,0
1418,20,0
1443,20,0
1516,20,0
1517,20,0
1535,20,0
1537,20,0
1538,20,0
1572,20,0
1573,20,0
1574,20,0
1575,20,0
1576,20,0
1577,20,0
1578,20,0
1579,20,0
1580,20,0
1581,20,0
1582,20,0
1583,20,0
1584,20,0
1585,20,0
1586,20,0
1587,20,0
1588,20,0
1589,20,0
1590,20,0
1591,20,0
1592,20,0
1593,20,0
1594,20,0
1595,20,0
1596,20,0
1597,20,0
1598,20,0
1599,20,0
1600,20,0
1601,20,0
1602,20,0
1603,20,0
1604,20,0
1605,20,0
1606,20,0
1607,20,0
1608,20,0
1609,20,0
1610,20,0
1611,20,0
1612,20,0
1613,20,0
1614,20,0
1615,20,0
1616,20,0
1617,20,0
1618,20,0
1619,20,0
1620,20,0
1621,20,0
1622,20,0
1623,20,0
1624,20,0
1625,20,0
1626,20,0
1627,20,0
1628,20,0
1629,20,0
1630,20,0
1631,20,0
1632,20,0
1633,20,0
1634,20,0
1635,20,0
1636,20,0
1637,20,0
1638,20,0
1639,20,0
1640,20,0
1641,20,0
1642,20,0
1643,20,0
1644,20,0
1645,20,0
1646,20,0
1647,20,0
1648,20,0
1649,20,0
1650,20,0
1651,20,0
1652,20,0
1653,20,0
1654,20,0
1655,20,0
1656,20,0
1657,20,0
1658,20,0
1659,20,0
1660,20,0
1661,20,0
1662,20,0
1663,20,0
1664,20,0
1665,20,0
1666,20,0
1667,20,0
1668,20,0
1669,20,0
1670,20,0
1671,20,0
1672,20,0
1673,20,0
1674,20,0
1675,20,0
1676,20,0
1677,20,0
1678,20,0
1679,20,0
1680,20,0
1681,20,0
1682,20,0
1683,20,0
1684,20,0
1685,20,0
1686,20,0
1687,20,0
1688,20,0
1689,20,0
1690,20,0
1691,20,0
1692,20,0
1693,20,0
1694,20,0
1695,20,0
1696,20,0
1697,20,0
1698,20,0
1699,20,0
20,2092,3
21,137,3
21,341,3
612,21,0
709,21,0
712,21,0
715,21,0
716,21,0
21,22,0
22,22,2
497,22,0
499,22,0
500,22,0
502,22,0
531,22,0
552,22,0
567,22,0
569,22,0
612,22,0
709,22,0
710,22,0
711,22,0
712,22,0
713,22,0
714,22,0
716,22,0
22,846,3
22,1573,3
1700,22,0
1701,22,0
1702,22,0
23,79,3
1703,23,0
1704,23,0
1705,23,0
1706,23,0
1707,23,0
890,24,0
24,1103,3
24,1705,3
25,25,2
25,100,2
395,25,0
399,25,0
400,25,0
403,25,0
404,25,0
405,25,0
412,25,0
419,25,0
420,25,0
422,25,0
427,25,0
575,25,0
813,25,0
814,25,0
25,888,3
1418,25,0
1419,25,0
1423,25,0
1445,25,0
1449,25,0
1561,25,0
25,1691,3
1708,25,0
1709,25,0
1710,25,0
1711,25,0
25,1835,3
25,2023,3
26,26,2
217,26,0
218,26,0
219,26,0
222,26,0
522,26,0
523,26,0
524,26,0
525,26,0
528,26,0
26,869,3
1463,26,0
1464,26,0
1465,26,0
1712,26,0
1713,26,0
1714,26,0
1715,26,0
1716,26,0
1717,26,0
1718,26,0
1719,26,0
27,27,2
27,1098,3
1553,27,0
1563,27,0
1564,27,0
28,28,2
28,29,2
270,28,0
28,275,3
386,28,0
656,28,0
811,28,0
915,28,0
916,28,0
1034,28,0
28,1047,3
28,1248,3
1288,28,0
1417,28,0
1418,28,0
1419,28,0
1420,28,0
1423,28,0
1516,28,0
1720,28,0
1721,28,0
1722,28,0
1723,28,0
1724,28,0
1725,28,0
28,1958,3
29,29,2
386,29,0
29,425,3
915,29,0
916,29,0
1418,29,0
1419,29,0
1423,29,0
1516,29,0
965,30,0
1026,30,0
1027,30,0
1029,30,0
1030,30,0
31,1510,3
1726,31,0
1727,31,0
14,32,0
24,32,0
52,32,0
65,32,0
396,32,0
402,32,0
404,32,0
413,32,0
795,32,0
796,32,0
797,32,0
32,827,3
829,32,0
1073,32,0
1238,32,0
1280,32,0
1417,32,0
1418,32,0
1420,32,0
1452,32,0
1728,32,0
1729,32,0
1730,32,0
1731,32,0
1732,32,0
1733,32,0
1734,32,0
1735,32,0
1736,32,0
1737,32,0
1738,32,0
1739,32,0
1740,32,0
32,2011,3
158,33,0
190,33,0
195,33,0
196,33,0
197,33,0
201,33,0
217,33,0
218,33,0
219,33,0
220,33,0
222,33,0
235,33,0
236,33,0
238,33,0
241,33,0
242,33,0
249,33,0
275,33,0
277,33,0
280,33,0
282,33,0
284,33,0
290,33,0
291,33,0
292,33,0
296,33,0
390,33,0
516,33,0
518,33,0
519,33,0
520,33,0
522,33,0
523,33,0
527,33,0
529,33,0
533,33,0
538,33,0
545,33,0
552,33,0
555,33,0
556,33,0
558,33,0
575,33,0
611,33,0
617,33,0
618,33,0
619,33,0
620,33,0
627,33,0
628,33,0
629,33,0
647,33,0
648,33,0
649,33,0
650,33,0
651,33,0
675,33,0
676,33,0
677,33,0
678,33,0
679,33,0
682,33,0
683,33,0
693,33,0
694,33,0
695,33,0
696,33,0
697,33,0
698,33,0
699,33,0
717,33,0
727,33,0
728,33,0
33,1056,3
1150,33,0
1280,33,0
1545,33,0
1546,33,0
1547,33,0
1566,33,0
1741,33,0
1742,33,0
33,1838,3
190,34,0
217,34,0
219,34,0
221,34,0
242,34,0
243,34,0
280,34,0
281,34,0
282,34,0
283,34,0
284,34,0
285,34,0
390,34,0
517,34,0
518,34,0
519,34,0
521,34,0
523,34,0
524,34,0
529,34,0
552,34,0
575,34,0
618,34,0
619,34,0
620,34,0
682,34,0
683,34,0
698,34,0
699,34,0
700,34,0
701,34,0
703,34,0
717,34,0
728,34,0
34,1066,3
34,1716,3
34,1816,3
34,1982,3
35,35,2
972,35,0
973,35,0
974,35,0
975,35,0
977,35,0
979,35,0
980,35,0
981,35,0
1743,35,0
36,36,2
52,36,0
36,136,3
446,36,0
706,36,0
915,36,0
916,36,0
36,1039,3
1280,36,0
1323,36,0
1744,36,0
1745,36,0
1746,36,0
37,37,2
37,212,3
412,37,0
413,37,0
37,1407,3
1747,37,0
1748,37,0
37,1995,3
134,38,0
223,38,0
246,38,0
257,38,0
264,38,0
267,38,0
340,38,0
424,38,0
561,38,0
633,38,0
748,38,0
1075,38,0
1108,38,0
38,1342,3
1364,38,0
1388,38,0
1402,38,0
1415,38,0
1426,38,0
1538,38,0
1573,38,0
1634,38,0
1686,38,0
1749,38,0
1750,38,0
1751,38,0
1752,38,0
1753,38,0
1754,38,0
1755,38,0
1756,38,0
1757,38,0
1758,38,0
1759,38,0
1760,38,0
1761,38,0
1762,38,0
1763,38,0
1764,38,0
1765,38,0
1766,38,0
1767,38,0
1768,38,0
1769,38,0
1770,38,0
456,39,0
39,482,3
39,858,3
40,40,2
42,40,0
157,40,0
199,40,0
200,40,0
396,40,0
956,40,0
1119,40,0
1557,40,0
1570,40,0
1571,40,0
1771,40,0
1772,40,0
1773,40,0
1774,40,0
1775,40,0
1776,40,0
1777,40,0
41,542,3
954,41,0
1516,41,0
41,1717,3
42,1068,3
42,1400,3
42,2140,3
43,43,2
198,43,0
211,43,0
212,43,0
244,43,0
245,43,0
304,43,0
460,43,0
1078,43,0
43,1513,3
1778,43,0
1779,43,0
51,44,0
135,44,0
44,670,3
753,44,0
754,44,0
756,44,0
759,44,0
822,44,0
831,44,0
839,44,0
840,44,0
911,44,0
914,44,0
1280,44,0
1395,44,0
1679,44,0
1724,44,0
1780,44,0
1781,44,0
1782,44,0
1783,44,0
1784,44,0
663,45,0
717,45,0
45,1198,3
45,1770,3
46,46,2
185,46,0
186,46,0
187,46,0
188,46,0
189,46,0
1492,46,0
1494,46,0
1495,46,0
1496,46,0
1497,46,0
46,1958,3
47,320,3
47,820,3
1788,47,0
1789,47,0
48,48,2
534,48,0
616,48,0
664,48,0
48,1215,3
1345,48,0
1790,48,0
1791,48,0
48,2072,3
49,1141,3
1304,49,0
1460,49,0
1796,49,0
1797,49,0
50,50,2
50,1520,3
51,51,2
753,51,0
754,51,0
20,52,0
185,52,0
186,52,0
187,52,0
386,52,0
450,52,0
467,52,0
52,708,3
1082,52,0
1164,52,0
1418,52,0
1419,52,0
1443,52,0
1708,52,0
52,1940,3
54,53,0
53,131,3
53,553,3
912,53,0
926,53,0
942,53,0
1016,53,0
53,1576,3
1847,53,0
54,54,2
54,507,3
912,54,0
941,54,0
942,54,0
1015,54,0
54,2183,3
55,56,2
670,55,0
729,55,0
874,55,0
943,55,0
55,1584,3
56,56,2
873,56,0
875,56,0
897,56,0
940,56,0
952,56,0
56,969,3
994,56,0
873,57,0
897,57,0
58,825,3
934,58,0
935,58,0
1010,58,0
1011,58,0
1013,58,0
1848,58,0
59,59,2
430,59,0
431,59,0
59,687,3
59,1332,3
1849,59,0
1850,59,0
1851,59,0
1852,59,0
1853,59,0
1854,59,0
1855,59,0
226,60,0
227,60,0
228,60,0
571,60,0
572,60,0
815,60,0
887,60,0
60,1418,3
1856,60,0
61,61,2
146,61,0
187,61,0
189,61,0
225,61,0
451,61,0
535,61,0
774,61,0
775,61,0
777,61,0
778,61,0
1514,61,0
1564,61,0
1802,61,0
1857,61,0
1858,61,0
1859,61,0
1860,61,0
1861,61,0
1862,61,0
1863,61,0
1864,61,0
1865,61,0
1866,61,0
62,410,3
561,62,0
562,62,0
781,62,0
62,2114,3
98,63,0
385,63,0
937,63,0
954,63,0
972,63,0
973,63,0
974,63,0
977,63,0
979,63,0
981,63,0
1020,63,0
1021,63,0
1022,63,0
1115,63,0
1368,63,0
1435,63,0
1436,63,0
1437,63,0
1438,63,0
1439,63,0
1867,63,0
1868,63,0
1869,63,0
63,2119,3
63,2151,3
127,64,0
1397,64,0
1399,64,0
1400,64,0
1401,64,0
1424,64,0
1870,64,0
19,65,0
29,65,0
65,65,2
217,65,0
219,65,0
222,65,0
65,712,3
915,65,0
916,65,0
1519,65,0
1533,65,0
1871,65,0
65,2017,3
740,66,0
742,66,0
743,66,0
744,66,0
745,66,0
747,66,0
878,66,0
66,1208,3
1724,66,0
1872,66,0
1873,66,0
1874,66,0
1875,66,0
901,67,0
902,67,0
68,68,2
825,68,0
826,68,0
68,1401,3
68,1534,3
69,69,2
191,69,0
192,69,0
193,69,0
194,69,0
458,69,0
460,69,0
752,69,0
865,69,0
866,69,0
905,69,0
968,69,0
69,1314,3
70,70,2
70,276,3
560,70,0
1556,70,0
28,71,0
383,71,0
885,71,0
1150,71,0
71,1239,3
1417,71,0
1418,71,0
1419,71,0
71,1501,3
1741,71,0
72,72,2
944,72,0
1002,72,0
1204,72,0
1876,72,0
1877,72,0
1878,72,0
1879,72,0
1880,72,0
72,2012,3
234,73,0
391,73,0
392,73,0
73,449,3
1395,73,0
73,1519,3
74,74,2
141,74,0
1881,74,0
1882,74,0
75,553,3
1883,75,0
1884,75,0
1885,75,0
1886,75,0
1887,75,0
191,76,0
833,76,0
865,76,0
77,78,2
230,77,0
231,77,0
790,77,0
78,78,2
230,78,0
231,78,0
78,681,3
790,78,0
898,78,0
205,79,0
208,79,0
800,79,0
802,79,0
79,805,3
812,80,0
813,80,0
80,977,3
80,1208,3
81,81,2
149,81,0
1222,81,0
1223,81,0
1224,81,0
1373,81,0
1513,81,0
1514,81,0
1612,81,0
1784,81,0
1802,81,0
1857,81,0
1858,81,0
1859,81,0
1863,81,0
1864,81,0
1865,81,0
1888,81,0
1889,81,0
1890,81,0
1891,81,0
1892,81,0
1893,81,0
1894,81,0
1895,81,0
1896,81,0
1897,81,0
1898,81,0
1899,81,0
1900,81,0
1901,81,0
1902,81,0
1903,81,0
1904,81,0
1905,81,0
1906,81,0
1907,81,0
1908,81,0
1909,81,0
1910,81,0
1911,81,0
1912,81,0
1913,81,0
1914,81,0
1915,81,0
82,82,2
1069,82,0
1598,82,0
82,1736,3
1916,82,0
82,2134,3
183,83,0
212,83,0
631,83,0
83,985,3
1111,83,0
1112,83,0
1734,83,0
1754,83,0
1916,83,0
1917,83,0
1918,83,0
1919,83,0
1920,83,0
1921,83,0
1922,83,0
1923,83,0
1924,83,0
1925,83,0
1926,83,0
1927,83,0
1928,83,0
67,84,0
84,84,2
84,1465,3
84,1870,3
85,771,3
1929,85,0
13,86,0
86,1188,3
1488,86,0
1930,86,0
218,87,0
220,87,0
87,370,3
87,988,3
1519,87,0
1532,87,0
1533,87,0
88,88,2
88,347,3
88,363,3
88,812,3
88,913,3
1040,88,0
1101,88,0
89,1631,3
1931,89,0
1932,89,0
1933,89,0
1934,89,0
90,90,2
90,433,3
90,736,3
90,1132,3
1521,90,0
1523,90,0
213,91,0
91,1470,3
91,1932,3
91,1955,3
92,92,2
1935,92,0
1936,92,0
93,93,2
763,93,0
765,94,0
766,94,0
95,95,2
95,333,3
782,95,0
784,95,0
785,95,0
786,95,0
95,1639,3
96,97,2
96,819,3
860,96,0
861,96,0
96,1342,3
96,1719,3
858,97,0
859,97,0
1024,97,0
97,1125,3
8,98,0
98,98,2
148,98,0
180,98,0
181,98,0
182,98,0
98,582,3
633,98,0
98,1178,3
1245,98,0
1950,98,0
1951,98,0
1952,98,0
1953,98,0
1954,98,0
99,99,2
100,100,2
272,100,0
100,1566,3
100,1895,3
837,101,0
1955,101,0
1956,101,0
1957,101,0
843,102,0
844,102,0
845,102,0
846,102,0
1734,102,0
1735,102,0
1958,102,0
1959,102,0
1960,102,0
11,103,0
103,103,2
397,103,0
428,103,0
103,944,3
1165,103,0
1452,103,0
104,104,2
608,104,0
104,105,0
105,528,3
607,105,0
608,105,0
723,105,0
725,105,0
105,1593,3
106,106,2
479,106,0
480,106,0
481,106,0
483,106,0
106,644,3
106,726,3
1129,106,0
106,1221,3
1416,106,0
106,1515,3
1604,106,0
1803,106,0
1826,106,0
1961,106,0
1962,106,0
1963,106,0
1964,106,0
1965,106,0
1966,106,0
1967,106,0
1968,106,0
1969,106,0
1970,106,0
1971,106,0
818,107,0
819,107,0
107,1644,3
684,109,0
685,109,0
686,109,0
109,739,3
1230,109,0
1505,109,0
1507,109,0
110,327,3
110,459,3
110,642,3
110,658,3
1972,110,0
1973,110,0
66,111,0
111,257,3
300,111,0
301,111,0
305,111,0
111,551,3
877,111,0
878,111,0
111,1630,3
111,1941,3
635,112,0
640,112,0
641,112,0
665,112,0
112,2085,3
113,113,2
113,659,3
1549,113,0
29,114,0
55,114,0
114,114,2
202,114,0
250,114,0
460,114,0
492,114,0
550,114,0
732,114,0
862,114,0
863,114,0
114,1407,3
1416,114,0
1588,114,0
1975,114,0
1976,114,0
1977,114,0
1978,114,0
1979,114,0
1980,114,0
1981,114,0
1982,114,0
1983,114,0
270,115,0
383,115,0
386,115,0
561,115,0
562,115,0
633,115,0
1421,115,0
116,116,2
962,116,0
964,116,0
117,117,2
117,1237,3
1386,117,0
1984,117,0
1985,117,0
1986,117,0
1987,117,0
1471,118,0
1847,118,0
1235,119,0
1236,119,0
1988,119,0
1989,119,0
1990,119,0
1991,119,0
1992,119,0
1993,119,0
120,120,2
120,184,3
985,120,0
986,120,0
987,120,0
988,120,0
989,120,0
990,120,0
991,120,0
120,1204,3
121,121,2
414,121,0
446,121,0
470,121,0
484,121,0
486,121,0
487,121,0
122,122,2
1261,122,0
122,1617,3
1996,122,0
11,123,0
25,123,0
123,123,2
272,123,0
412,123,0
420,123,0
780,123,0
781,123,0
123,1646,3
124,124,2
183,124,0
184,124,0
116,125,0
125,291,3
750,125,0
751,125,0
125,1980,3
126,126,2
847,126,0
126,931,3
126,1653,3
126,1974,3
2016,126,0
2017,126,0
2018,126,0
127,548,3
2019,127,0
128,128,2
128,593,3
2020,128,0
2021,128,0
2022,128,0
2023,128,0
2024,128,0
2025,128,0
2026,128,0
106,129,0
129,241,3
469,129,0
479,129,0
1071,129,0
1401,129,0
1755,129,0
2027,129,0
2028,129,0
2029,129,0
130,130,2
130,1603,3
130,2176,3
131,795,3
2030,131,0
2031,131,0
132,1370,3
132,1721,3
1942,132,0
1946,132,0
2032,132,0
2033,132,0
132,2167,3
106,133,0
235,133,0
236,133,0
238,133,0
457,133,0
479,133,0
481,133,0
1429,133,0
133,1907,3
98,134,0
181,134,0
134,488,3
134,800,3
134,1188,3
226,135,0
537,135,0
1780,135,0
2037,135,0
2038,135,0
2039,135,0
2040,135,0
2041,135,0
2042,135,0
2043,135,0
2044,135,0
2045,135,0
135,2157,3
136,329,3
412,136,0
413,136,0
136,756,3
136,1091,3
136,2044,3
137,1000,3
2046,137,0
2047,137,0
138,384,3
139,140,3
1358,139,0
2049,139,0
8,140,0
106,140,0
479,140,0
480,140,0
140,815,3
1212,140,0
140,1717,3
2050,140,0
2051,140,0
2052,140,0
142,142,2
1216,142,0
142,1796,3
52,143,0
140,143,0
386,143,0
479,143,0
480,143,0
481,143,0
482,143,0
143,603,3
780,143,0
915,143,0
916,143,0
1419,143,0
143,1479,3
1643,143,0
50,144,0
64,144,0
106,144,0
387,144,0
451,144,0
480,144,0
481,144,0
144,506,3
144,1504,3
1870,144,0
2057,144,0
2058,144,0
900,145,0
969,145,0
146,146,2
146,848,3
1513,146,0
1514,146,0
1587,146,0
1802,146,0
1858,146,0
1859,146,0
1861,146,0
1862,146,0
1863,146,0
1865,146,0
1866,146,0
147,147,2
147,469,3
147,961,3
781,148,0
1332,148,0
2072,148,0
872,149,0
1280,149,0
2073,149,0
2074,149,0
150,721,3
150,1127,3
150,1428,3
1657,150,0
1694,150,0
150,1823,3
2081,150,0
2082,150,0
2083,150,0
151,252,3
151,316,3
151,450,3
2093,151,0
2094,151,0
9,152,0
109,152,0
152,152,2
202,152,0
475,152,0
488,152,0
489,152,0
656,152,0
847,152,0
1402,152,0
1425,152,0
1426,152,0
1520,152,0
1588,152,0
1682,152,0
1766,152,0
1767,152,0
1769,152,0
2084,152,0
2095,152,0
2096,152,0
2097,152,0
2098,152,0
2099,152,0
2100,152,0
2101,152,0
2102,152,0
2103,152,0
2104,152,0
2105,152,0
2106,152,0
1,153,0
8,153,0
61,153,0
106,153,0
129,153,0
396,153,0
420,153,0
457,153,0
479,153,0
480,153,0
481,153,0
652,153,0
780,153,0
781,153,0
1033,153,0
1034,153,0
1217,153,0
153,1573,3
2003,153,0
2150,153,0
2151,153,0
2152,153,0
2153,153,0
154,518,3
154,909,3
1265,154,0
1266,154,0
154,1681,3
2158,154,0
2159,154,0
2160,154,0
2161,154,0
155,155,2
155,249,3
947,155,0
948,155,0
949,155,0
155,1020,3
1025,155,0
155,1112,3
6,156,0
83,156,0
103,156,0
185,156,0
186,156,0
189,156,0
224,156,0
225,156,0
240,156,0
346,156,0
397,156,0
401,156,0
409,156,0
505,156,0
506,156,0
509,156,0
534,156,0
549,156,0
554,156,0
561,156,0
597,156,0
598,156,0
599,156,0
601,156,0
604,156,0
611,156,0
615,156,0
616,156,0
633,156,0
652,156,0
653,156,0
656,156,0
671,156,0
757,156,0
771,156,0
774,156,0
775,156,0
776,156,0
779,156,0
780,156,0
781,156,0
811,156,0
156,828,3
1182,156,0
1285,156,0
1325,156,0
1367,156,0
1434,156,0
1435,156,0
1463,156,0
1464,156,0
1465,156,0
1466,156,0
1467,156,0
1598,156,0
1714,156,0
1718,156,0
1719,156,0
1800,156,0
156,1817,3
1867,156,0
1868,156,0
1923,156,0
1982,156,0
2034,156,0
2166,156,0
2167,156,0
2168,156,0
2169,156,0
2170,156,0
2171,156,0
2172,156,0
2173,156,0
2174,156,0
2175,156,0
2176,156,0
2177,156,0
2178,156,0
157,1686,3
1772,157,0
157,1862,3
201,158,0
556,158,0
558,158,0
617,158,0
835,158,0
158,914,3
946,158,0
159,209,3
159,524,3
159,1182,3
1831,159,0
2179,159,0
2180,159,0
2181,159,0
2182,159,0
2183,159,0
2184,159,0
2185,159,0
2186,159,0
2187,159,0
1524,160,0
160,2023,3
2188,160,0
2189,160,0
2190,160,0
872,161,0
510,162,0
511,162,0
512,162,0
513,162,0
514,162,0
2191,162,0
2192,162,0
163,1429,3
1462,163,0
163,1463,3
1469,163,0
163,2193,3
649,164,0
165,1637,3
2193,165,0
267,166,0
166,1756,3
2194,166,0
167,167,2
945,167,0
1007,167,0
1009,167,0
167,1242,3
82,168,0
168,319,3
1456,168,0
1733,168,0
2053,168,0
2054,168,0
2055,168,0
2195,168,0
2196,168,0
2197,168,0
2198,168,0
169,353,3
1004,169,0
1006,169,0
1086,170,0
1346,170,0
1545,170,0
170,1881,3
1896,170,0
170,1905,3
2199,170,0
226,171,0
171,734,3
845,171,0
958,171,0
171,1604,3
2200,171,0
1496,172,0
172,1643,3
172,1830,3
2201,172,0
173,1538,3
2147,173,0
2202,173,0
174,186,3
396,174,0
2056,174,0
2203,174,0
2204,174,0
177,2024,3
178,2134,3
181,867,3
182,483,3
184,473,3
185,1246,3
186,1573,3
187,428,3
187,1150,3
188,2099,3
189,1317,3
191,192,3
191,1257,3
191,1653,3
191,1860,3
191,1888,3
191,2123,3
192,919,3
193,1918,3
193,2128,3
194,846,3
195,271,3
195,298,3
195,676,3
195,959,3
195,1363,3
195,1532,3
195,1712,3
196,657,3
196,876,3
196,1053,3
196,1494,3
197,592,3
198,1519,3
198,1659,3
199,267,3
199,1122,3
199,1356,3
199,1934,3
200,566,3
200,1303,3
201,413,3
202,661,3
203,1613,3
204,398,3
204,577,3
204,1650,3
204,1846,3
204,1978,3
205,295,3
205,1213,3
205,1964,3
205,2078,3
206,874,3
206,1108,3
208,483,3
208,899,3
208,1069,3
211,650,3
211,1294,3
212,1104,3
212,1449,3
213,890,3
214,1548,3
215,820,3
215,1487,3
215,1857,3
217,467,3
217,674,3
217,1340,3
218,1159,3
218,1179,3
219,905,3
220,1249,3
221,926,3
221,1726,3
221,1818,3
222,357,3
223,956,3
223,2081,3
224,1028,3
224,1808,3
225,1401,3
226,1056,3
226,1124,3
227,439,3
228,435,3
228,2019,3
229,637,3
229,835,3
229,1161,3
230,678,3
233,673,3
233,2188,3
234,1311,3
234,1905,3
235,1561,3
235,2093,3
236,1464,3
237,306,3
237,1530,3
238,1747,3
242,294,3
242,550,3
242,1032,3
243,444,3
247,752,3
248,981,3
249,1450,3
250,393,3
250,1928,3
251,1004,3
252,596,3
252,2065,3
253,1019,3
253,1197,3
256,512,3
256,1903,3
257,1758,3
258,544,3
259,748,3
259,948,3
259,1318,3
259,1589,3
260,1872,3
261,419,3
262,353,3
263,373,3
263,1731,3
265,517,3
265,1955,3
265,2106,3
266,351,3
268,509,3
268,2190,3
270,1211,3
271,1674,3
273,694,3
273,726,3
273,795,3
273,1914,3
274,1298,3
276,2040,3
277,1246,3
277,1681,3
278,1172,3
278,1591,3
279,1298,3
282,714,3
282,1407,3
282,1793,3
283,1088,3
283,1577,3
283,1650,3
283,1660,3
285,1848,3
286,777,3
287,780,3
288,403,3
290,1339,3
291,295,3
293,398,3
293,1992,3
294,2005,3
295,2035,3
296,2050,3
297,429,3
297,1516,3
297,1814,3
299,594,3
299,1380,3
300,1753,3
301,1536,3
301,1868,3
302,702,3
302,1068,3
302,1551,3
303,493,3
303,1592,3
304,982,3
304,1402,3
309,373,3
310,885,3
311,346,3
311,812,3
312,365,3
312,844,3
312,1751,3
312,1830,3
312,2066,3
313,1929,3
314,1429,3
314,1593,3
314,1740,3
314,2182,3
315,959,3
315,1405,3
315,1485,3
317,1352,3
319,1415,3
319,1710,3
320,1140,3
320,1190,3
322,1101,3
322,1544,3
322,1577,3
323,350,3
323,432,3
323,514,3
324,1304,3
324,2089,3
326,2161,3
327,959,3
327,1772,3
328,560,3
329,1068,3
329,1268,3
329,1346,3
330,789,3
331,433,3
331,1456,3
333,1702,3
334,1015,3
334,1038,3
336,495,3
337,1540,3
337,1858,3
337,1990,3
338,2111,3
339,586,3
339,1928,3
340,1634,3
341,1084,3
343,1362,3
343,1910,3
346,1209,3
347,1349,3
348,1333,3
350,709,3
351,842,3
351,1143,3
351,1455,3
351,2051,3
352,410,3
352,1597,3
352,1656,3
352,1854,3
353,395,3
353,579,3
354,1879,3
355,1149,3
355,1889,3
361,1381,3
362,701,3
362,1501,3
363,1547,3
365,2156,3
366,1367,3
367,1564,3
368,444,3
368,516,3
368,1978,3
369,545,3
370,2010,3
371,882,3
372,2056,3
373,1848,3
376,554,3
376,593,3
376,719,3
376,2137,3
377,1093,3
377,1431,3
378,416,3
378,616,3
379,1056,3
379,1169,3
379,1386,3
380,1917,3
381,416,3
382,1866,3
384,1207,3
384,1522,3
385,1807,3
387,496,3
388,2191,3
389,1392,3
389,1658,3
390,1856,3
391,951,3
392,2067,3
392,2075,3
393,949,3
393,1916,3
394,497,3
394,1247,3
396,803,3
397,547,3
397,1803,3
398,1818,3
399,1516,3
400,1675,3
401,1222,3
401,1292,3
401,1673,3
403,795,3
403,838,3
403,1112,3
404,860,3
405,430,3
405,684,3
405,2055,3
406,875,3
406,988,3
406,1834,3
409,942,3
410,1807,3
411,505,3
411,908,3
411,1175,3
411,1425,3
415,781,3
417,563,3
417,565,3
417,905,3
419,1640,3
419,1730,3
420,989,3
420,1135,3
420,1888,3
422,1166,3
423,852,3
423,975,3
423,998,3
423,1873,3
425,1306,3
429,752,3
430,787,3
431,525,3
431,1649,3
433,602,3
435,1054,3
436,2036,3
437,820,3
438,2066,3
440,1671,3
441,450,3
441,1407,3
442,817,3
442,1391,3
442,1615,3
442,2144,3
443,637,3
443,779,3
446,966,3
447,538,3
447,795,3
447,1015,3
448,1374,3
450,547,3
450,767,3
450,2130,3
453,1254,3
453,1305,3
454,1315,3
455,460,3
455,1901,3
456,1473,3
456,1727,3
457,1414,3
461,675,3
461,2077,3
462,514,3
462,1330,3
464,935,3
465,1923,3
466,1945,3
466,2129,3
467,628,3
467,1863,3
468,1178,3
469,1452,3
470,911,3
470,1523,3
470,1766,3
472,1645,3
473,1376,3
476,1054,3
476,1221,3
478,761,3
479,823,3
480,906,3
480,1602,3
480,1900,3
480,1970,3
482,692,3
485,855,3
485,1463,3
487,684,3
487,1535,3
488,1140,3
489,1554,3
489,1804,3
491,977,3
492,1479,3
492,1529,3
494,919,3
497,1562,3
498,863,3
499,524,3
499,1572,3
499,1908,3
500,2156,3
501,1854,3
503,1152,3
505,1867,3
505,2185,3
507,2071,3
508,787,3
511,1821,3
512,560,3
513,1561,3
513,1577,3
514,517,3
515,1529,3
516,518,3
516,1736,3
517,2060,3
518,968,3
518,1424,3
518,1909,3
519,942,3
519,1289,3
519,1916,3
524,1608,3
524,1623,3
526,952,3
528,1165,3
529,1531,3
529,1807,3
530,1195,3
531,1927,3
532,1602,3
533,605,3
533,1376,3
534,906,3
534,1258,3
534,2042,3
534,2133,3
535,1823,3
536,2038,3
536,2187,3
537,1247,3
537,2145,3
541,1541,3
543,1442,3
545,1028,3
545,1733,3
546,1096,3
547,1550,3
548,577,3
548,987,3
548,2051,3
548,2120,3
549,636,3
549,1483,3
549,1597,3
552,982,3
553,1162,3
553,1191,3
554,808,3
554,1594,3
554,1793,3
554,1905,3
555,2129,3
556,1461,3
556,1807,3
557,955,3
558,2099,3
559,1921,3
560,1656,3
561,1586,3
562,581,3
562,968,3
562,1603,3
563,937,3
563,2188,3
564,1108,3
565,2183,3
568,1891,3
569,1309,3
569,1738,3
570,1465,3
572,1797,3
573,1318,3
573,1475,3
575,1044,3
576,590,3
576,1060,3
576,1549,3
577,2123,3
578,596,3
578,1749,3
579,1917,3
580,2056,3
581,693,3
581,1188,3
581,1189,3
581,1292,3
581,1733,3
583,1485,3
585,1428,3
585,2082,3
587,618,3
587,1082,3
588,1718,3
590,1379,3
590,1824,3
590,2106,3
593,896,3
593,1112,3
594,749,3
595,1025,3
596,956,3
596,1203,3
597,746,3
597,1672,3
598,661,3
600,730,3
601,1167,3
602,809,3
602,1182,3
603,760,3
603,853,3
603,1493,3
604,645,3
605,763,3
607,1318,3
607,2044,3
610,1917,3
611,678,3
611,1813,3
612,1193,3
613,734,3
613,1448,3
613,2200,3
615,889,3
616,657,3
617,1329,3
618,817,3
619,666,3
619,803,3
619,829,3
621,1525,3
621,1701,3
621,1733,3
622,838,3
622,974,3
622,1609,3
622,1861,3
623,1212,3
623,1836,3
624,1257,3
625,2030,3
626,1295,3
627,1914,3
628,1626,3
631,1089,3
631,1161,3
632,1742,3
634,708,3
634,1414,3
634,1467,3
635,835,3
636,2110,3
638,1888,3
639,1255,3
641,1142,3
641,1870,3
642,1676,3
643,2073,3
644,950,3
644,1853,3
646,1225,3
648,738,3
648,2107,3
649,831,3
649,1714,3
649,2141,3
649,2176,3
650,687,3
651,829,3
651,1888,3
653,1531,3
653,1564,3
654,673,3
655,2019,3
656,1799,3
661,1502,3
662,1221,3
663,858,3
664,1963,3
665,1438,3
666,1501,3
666,1754,3
667,1373,3
668,993,3
668,1855,3
670,950,3
670,1815,3
670,1987,3
673,1677,3
674,1249,3
674,2079,3
676,935,3
676,1802,3
676,2148,3
677,923,3
677,931,3
677,1510,3
678,846,3
679,974,3
679,1527,3
681,759,3
681,1033,3
681,1583,3
682,750,3
682,1145,3
683,1635,3
683,1690,3
684,1513,3
685,960,3
685,1810,3
686,857,3
686,1016,3
686,1277,3
686,1397,3
686,2118,3
687,774,3
688,1517,3
691,1601,3
694,1996,3
695,1179,3
695,1215,3
695,1249,3
696,1159,3
697,952,3
697,2011,3
697,2126,3
698,870,3
698,1056,3
698,1684,3
698,1767,3
698,1856,3
698,2178,3
699,980,3
700,2027,3
701,2174,3
702,1323,3
703,1671,3
704,1817,3
705,1019,3
705,1622,3
706,1223,3
708,917,3
708,2118,3
708,2156,3
709,1057,3
709,1236,3
711,1342,3
712,1147,3
714,1774,3
715,1585,3
716,1924,3
721,1172,3
723,863,3
724,1357,3
725,955,3
726,1728,3
727,1447,3
727,2111,3
729,1246,3
729,1818,3
731,1052,3
731,1572,3
733,1303,3
733,1813,3
734,1213,3
735,1038,3
736,1701,3
737,2188,3
739,1052,3
740,2097,3
741,888,3
742,1186,3
742,1365,3
743,1165,3
743,1190,3
743,1847,3
745,1058,3
746,878,3
746,1461,3
746,1959,3
746,2134,3
747,750,3
747,1371,3
747,2091,3
749,1533,3
749,1940,3
750,1226,3
750,1969,3
751,768,3
751,885,3
751,1533,3
753,1111,3
753,1852,3
754,917,3
756,1071,3
756,1180,3
756,1526,3
758,1370,3
758,1499,3
758,1554,3
758,1656,3
761,799,3
761,1895,3
763,864,3
765,1869,3
767,784,3
767,1792,3
767,1842,3
771,1081,3
772,1357,3
772,1930,3
774,974,3
775,1414,3
775,2088,3
776,882,3
776,1043,3
778,1318,3
778,1913,3
780,898,3
780,1660,3
781,920,3
781,1414,3
781,1667,3
782,806,3
782,1547,3
782,1602,3
782,1726,3
783,2065,3
783,2171,3
784,1671,3
784,1787,3
785,1862,3
786,1687,3
790,849,3
790,2054,3
792,1111,3
792,1283,3
794,919,3
794,1616,3
795,1068,3
796,1130,3
796,1835,3
799,1398,3
799,1665,3
800,1430,3
803,941,3
803,2062,3
804,1384,3
806,1756,3
806,1827,3
807,1189,3
807,1877,3
807,2071,3
808,2071,3
809,1431,3
810,893,3
813,1119,3
813,1664,3
814,1563,3
816,1003,3
816,1454,3
819,1384,3
819,1833,3
821,1799,3
821,1963,3
824,1192,3
826,1184,3
828,1750,3
829,949,3
831,1033,3
832,2136,3
833,1061,3
834,1158,3
838,1183,3
838,1386,3
839,1728,3
839,1846,3
839,1878,3
839,1926,3
840,1336,3
841,1295,3
842,1902,3
842,2024,3
845,1737,3
845,2090,3
847,2131,3
851,1214,3
852,2154,3
852,2159,3
853,1885,3
853,1964,3
854,1815,3
855,1623,3
858,1519,3
859,1064,3
859,2125,3
860,1577,3
860,1664,3
860,1754,3
860,1959,3
861,1444,3
864,1637,3
865,1748,3
865,1794,3
867,1288,3
867,2081,3
868,2045,3
869,1098,3
869,1105,3
876,1198,3
876,1543,3
877,1039,3
879,1066,3
879,1164,3
881,1499,3
883,893,3
885,1221,3
886,2199,3
887,1301,3
888,1075,3
889,900,3
889,1165,3
890,1044,3
892,1036,3
893,1477,3
894,1117,3
894,1890,3
894,2035,3
897,1111,3
898,1863,3
899,1822,3
901,1278,3
904,1365,3
905,2070,3
906,1422,3
906,1666,3
908,1020,3
909,1933,3
910,1163,3
911,1482,3
911,1634,3
912,1187,3
912,2008,3
913,1781,3
918,1071,3
918,1784,3
918,1990,3
918,2078,3
920,981,3
924,1195,3
925,1503,3
925,1981,3
925,2154,3
926,1072,3
928,988,3
928,1344,3
931,1655,3
932,1320,3
932,2014,3
933,1380,3
933,2159,3
935,949,3
935,994,3
935,1650,3
935,1713,3
936,1567,3
936,1629,3
938,1297,3
940,1132,3
940,2003,3
941,1142,3
941,1547,3
941,1593,3
942,1866,3
944,1311,3
944,1820,3
949,1018,3
949,1050,3
950,1508,3
951,1142,3
951,1837,3
953,1291,3
954,1686,3
954,1941,3
955,1514,3
955,1963,3
956,1363,3
957,1657,3
957,1692,3
957,1945,3
959,962,3
961,1880,3
962,1553,3
964,1820,3
965,1036,3
966,1009,3
966,1624,3
966,1989,3
966,2071,3
966,2177,3
967,1798,3
968,1393,3
969,1486,3
970,1804,3
971,1239,3
971,2044,3
972,1325,3
973,1591,3
975,1587,3
977,1640,3
977,2162,3
978,1387,3
978,1592,3
978,1666,3
980,1055,3
981,1158,3
981,2071,3
981,2108,3
982,1772,3
982,1876,3
983,1510,3
989,1348,3
990,1085,3
990,1151,3
990,1510,3
992,1766,3
993,1220,3
994,1834,3
995,1008,3
995,1131,3
995,1570,3
995,1647,3
997,1517,3
998,1160,3
998,2124,3
999,1287,3
999,1644,3
1003,1311,3
1003,1655,3
1004,2019,3
1006,2125,3
1006,2195,3
1007,1408,3
1007,2075,3
1009,2006,3
1010,1747,3
1013,1780,3
1014,1749,3
1014,1765,3
1016,2137,3
1020,1815,3
1022,2142,3
1023,1298,3
1023,1846,3
1025,1668,3
1025,1675,3
1025,2197,3
1030,1971,3
1031,1830,3
1032,1622,3
1033,1277,3
1035,1557,3
1036,1092,3
1036,1416,3
1038,1803,3
1039,1586,3
1039,1886,3
1040,1779,3
1042,2018,3
1045,1660,3
1048,1503,3
1049,1186,3
1052,2148,3
1053,1227,3
1055,1409,3
1056,1965,3
1057,1659,3
1057,2022,3
1058,1518,3
1059,1482,3
1060,1840,3
1063,1406,3
1063,1640,3
1063,2164,3
1065,1471,3
1065,1588,3
1067,1074,3
1067,1593,3
1067,2165,3
1070,1304,3
1074,1645,3
1074,1703,3
1074,2181,3
1075,1607,3
1078,1438,3
1079,1439,3
1080,1674,3
1082,1097,3
1082,2186,3
1084,1280,3
1086,1186,3
1087,1401,3
1087,1556,3
1088,1785,3
1090,1998,3
1094,2168,3
1095,1313,3
1095,1451,3
1096,2066,3
1097,1260,3
1099,1866,3
1100,1456,3
1100,2097,3
1100,2180,3
1101,1493,3
1102,2082,3
1102,2123,3
1103,1135,3
1103,1618,3
1104,1728,3
1106,1590,3
1109,1687,3
1111,1327,3
1115,1270,3
1115,2019,3
1115,2023,3
1117,1415,3
1118,1657,3
1119,1930,3
1120,1864,3
1122,1312,3
1124,1794,3
1127,1486,3
1127,2108,3
1128,1345,3
1128,1625,3
1130,1218,3
1134,1232,3
1135,2079,3
1136,1380,3
1142,1734,3
1142,1771,3
1145,1957,3
1145,2141,3
1149,1758,3
1150,1676,3
1151,1767,3
1153,1219,3
1153,1313,3
1156,1262,3
1156,1640,3
1157,1782,3
1157,1783,3
1159,1401,3
1160,1651,3
1163,1971,3
1166,1397,3
1166,2197,3
1170,1871,3
1171,2088,3
1175,2044,3
1175,2186,3
1176,1271,3
1176,1496,3
1177,2075,3
1181,1848,3
1181,1911,3
1183,1266,3
1186,1230,3
1187,1317,3
1187,1533,3
1189,1546,3
1190,1649,3
1190,1768,3
1191,2083,3
1191,2115,3
1192,1613,3
1194,1608,3
1196,1945,3
1199,1562,3
1199,1771,3
1200,1391,3
1201,1595,3
1203,1576,3
1207,1523,3
1214,1489,3
1215,1910,3
1218,1508,3
1220,2023,3
1223,1430,3
1224,1522,3
1226,1322,3
1226,1386,3
1228,2086,3
1229,2190,3
1230,1909,3
1230,2176,3
1232,1325,3
1232,1640,3
1233,1434,3
1233,1960,3
1235,1898,3
1239,1251,3
1239,1398,3
1240,1852,3
1241,1968,3
1243,1710,3
1244,1826,3
1244,1977,3
1245,1923,3
1246,1819,3
1246,1877,3
1248,1790,3
1249,1407,3
1250,1634,3
1250,2122,3
1253,1339,3
1253,1496,3
1259,1524,3
1259,2042,3
1260,1541,3
1262,2076,3
1263,1942,3
1266,1357,3
1267,1366,3
1269,1893,3
1271,2184,3
1272,1298,3
1273,2066,3
1277,1382,3
1278,1564,3
1280,1328,3
1281,1696,3
1281,1902,3
1283,1443,3
1284,2035,3
1284,2144,3
1285,1296,3
1285,1547,3
1288,1536,3
1290,1555,3
1291,2074,3
1293,1804,3
1293,1936,3
1293,1938,3
1294,1578,3
1294,1610,3
1296,1305,3
1296,1349,3
1296,1973,3
1297,2018,3
1299,2025,3
1300,1343,3
1300,1784,3
1303,2167,3
1304,1548,3
1304,1785,3
1306,1421,3
1306,1583,3
1308,1404,3
1308,1806,3
1310,1382,3
1311,1790,3
1313,1498,3
1314,1719,3
1314,2002,3
1320,2072,3
1321,1491,3
1322,1545,3
1324,1824,3
1331,2004,3
1331,2072,3
1332,1483,3
1334,1782,3
1334,2042,3
1336,1363,3
1336,1637,3
1338,1606,3
1339,1542,3
1339,1607,3
1341,1652,3
1341,1849,3
1341,2118,3
1343,1989,3
1344,1516,3
1345,1632,3
1345,1662,3
1347,1889,3
1351,1618,3
1351,1685,3
1355,1377,3
1355,2077,3
1356,1632,3
1357,1820,3
1361,1488,3
1362,1418,3
1363,1421,3
1365,1962,3
1365,2157,3
1368,2073,3
1369,1940,3
1371,1867,3
1371,2041,3
1372,1394,3
1375,2191,3
1377,1807,3
1380,1495,3
1384,1818,3
1388,1967,3
1390,1548,3
1390,1846,3
1391,2138,3
1395,1634,3
1398,1424,3
1398,1796,3
1402,1738,3
1403,1667,3
1410,1851,3
1410,1944,3
1410,1977,3
1411,1791,3
1413,1927,3
1414,2161,3
1415,1725,3
1417,1729,3
1417,2087,3
1418,1775,3
1418,2034,3
1419,1778,3
1423,1488,3
1423,1542,3
1423,1968,3
1425,1650,3
1425,1734,3
1431,1445,3
1431,1841,3
1433,1450,3
1434,2194,3
1437,1500,3
1437,2112,3
1440,1581,3
1448,1867,3
1451,2008,3
1454,1649,3
1456,1719,3
1463,1709,3
1463,1929,3
1468,2112,3
1469,1869,3
1470,1942,3
1470,2007,3
1472,1592,3
1478,2109,3
1478,2192,3
1479,1709,3
1481,2070,3
1482,1915,3
1484,1768,3
1489,2161,3
1490,1618,3
1491,1717,3
1491,1873,3
1495,1753,3
1497,1863,3
1497,1916,3
1499,1673,3
1501,2100,3
1502,1957,3
1504,1845,3
1504,2155,3
1508,2130,3
1510,1578,3
1511,1598,3
1516,1587,3
1516,1627,3
1518,1880,3
1521,2123,3
1525,1617,3
1525,1777,3
1526,2199,3
1527,1741,3
1529,2090,3
1530,1676,3
1530,1733,3
1532,1663,3
1533,1662,3
1539,1599,3
1540,1889,3
1541,1568,3
1542,1691,3
1542,1848,3
1543,1728,3
1543,2101,3
1544,1813,3
1545,1927,3
1545,1958,3
1545,2095,3
1550,1850,3
1551,1597,3
1552,1717,3
1554,1649,3
1554,2057,3
1560,2135,3
1562,1827,3
1566,1756,3
1569,1638,3
1571,1969,3
1572,2079,3
1575,1746,3
1575,1809,3
1582,1812,3
1584,1643,3
1586,1656,3
1588,2056,3
1594,2104,3
1598,1599,3
1602,1959,3
1603,2145,3
1608,1859,3
1612,2176,3
1614,1715,3
1621,1675,3
1628,1731,3
1634,2123,3
1635,1755,3
1641,1989,3
1642,1728,3
1643,2129,3
1647,1821,3
1653,1762,3
1654,1978,3
1661,1910,3
1662,1844,3
1664,2087,3
1669,2126,3
1672,1710,3
1672,2174,3
1673,1757,3
1678,2148,3
1685,1794,3
1686,2179,3
1696,1948,3
1699,2093,3
1701,1876,3
1703,1915,3
1703,1988,3
1710,1983,3
1723,1776,3
1727,2151,3
1733,1912,3
1733,2116,3
1736,1884,3
1736,2046,3
1736,2058,3
1738,2180,3
1739,1951,3
1745,2170,3
1746,2025,3
1758,1832,3
1760,2143,3
1762,1873,3
1762,1937,3
1765,1784,3
1767,2019,3
1768,1797,3
1771,1963,3
1772,2160,3
1781,2049,3
1789,2178,3
1793,2021,3
1794,2194,3
1799,2016,3
1799,2142,3
1803,2060,3
1805,1857,3
1811,2145,3
1816,1984,3
1817,1868,3
1822,2153,3
1837,1927,3
1837,2082,3
1838,2140,3
1844,1969,3
1851,1879,3
1858,2134,3
1859,1973,3
1880,2077,3
1888,2162,3
1894,2009,3
1895,2104,3
1897,2033,3
1907,2034,3
1911,2056,3
1913,1918,3
1918,2087,3
1921,1937,3
1922,1968,3
1931,2106,3
1938,1953,3
1944,2062,3
1970,2114,3
1974,2110,3
1977,2002,3
1977,2032,3
1991,2196,3
1993,2127,3
1999,2135,3
2014,2074,3
2030,2087,3
2049,2091,3
2059,2160,3
2061,2160,3
2068,2130,3
2074,2101,3
2076,2085,3
2088,2198,3
2091,2157,3
2130,2198,3
2143,2198,3
2172,2178,3
