0,7,1
0,10,1
0,25,1
0,27,1
0,28,1
0,43,1
0,91,1
100,0,0
111,0,0
0,152,1
0,175,1
0,176,1
0,177,1
0,178,1
0,179,1
180,0,0
0,181,1
182,0,0
0,183,1
0,184,1
0,185,1
0,186,1
0,187,1
0,188,1
0,189,1
0,190,1
0,191,1
0,192,1
0,193,1
0,194,1
195,0,0
0,196,1
0,197,1
0,198,1
0,199,1
0,200,1
0,201,1
202,0,0
0,203,1
0,204,1
0,205,1
206,0,0
0,207,1
0,208,1
209,0,0
0,210,1
211,0,0
0,212,1
0,213,1
0,214,1
0,215,1
0,216,1
0,217,1
0,218,1
219,0,0
220,0,0
0,221,1
0,222,1
0,223,1
224,0,0
225,0,0
0,226,1
227,0,0
228,0,0
229,0,0
230,0,0
0,231,1
0,232,1
233,0,0
0,234,1
235,0,0
0,236,1
0,237,1
0,238,1
0,239,1
0,240,1
0,241,1
242,0,0
243,0,0
244,0,0
0,245,1
0,246,1
0,247,1
0,248,1
249,0,0
0,250,1
0,251,1
0,252,1
0,253,1
254,0,0
0,255,1
256,0,0
257,0,0
0,258,1
259,0,0
0,260,1
0,261,1
0,262,1
0,263,1
0,264,1
0,265,1
266,0,0
0,267,1
0,268,1
0,269,1
0,270,1
0,271,1
0,272,1
0,273,1
0,274,1
275,0,0
0,276,1
0,277,1
0,278,1
0,279,1
0,280,1
0,281,1
282,0,0
0,283,1
284,0,0
0,285,1
0,286,1
0,287,1
0,288,1
0,289,1
290,0,0
0,291,1
292,0,0
0,293,1
0,294,1
0,295,1
0,296,1
0,297,1
0,298,1
0,299,1
300,0,0
0,301,1
0,302,1
0,303,1
0,304,1
0,305,1
0,306,1
307,0,0
0,308,1
0,309,1
310,0,0
0,311,1
0,312,1
0,313,1
0,314,1
0,315,1
316,0,0
317,0,0
318,0,0
319,0,0
0,320,1
321,0,0
0,322,1
0,323,1
0,324,1
325,0,0
0,326,1
327,0,0
0,328,1
0,329,1
0,330,1
331,0,0
0,332,1
0,333,1
0,334,1
335,0,0
336,0,0
337,0,0
0,338,1
0,339,1
340,0,0
0,341,1
342,0,0
0,343,1
0,344,1
0,345,1
346,0,0
0,347,1
0,348,1
0,349,1
350,0,0
351,0,0
352,0,0
0,353,1
354,0,0
355,0,0
0,356,1
0,357,1
358,0,0
359,0,0
360,0,0
0,361,1
0,362,1
363,0,0
364,0,0
0,365,1
366,0,0
0,367,1
0,368,1
0,369,1
0,370,1
0,371,1
372,0,0
0,373,1
0,374,1
0,375,1
0,376,1
377,0,0
0,378,1
0,379,1
0,380,1
0,381,1
0,382,1
0,383,1
0,384,1
0,385,1
0,386,1
0,387,1
388,0,0
389,0,0
390,0,0
391,0,0
0,392,1
1,1,1
1,25,1
1,100,1
1,200,1
269,1,0
1,272,1
1,278,1
279,1,0
1,393,1
1,394,1
1,395,1
396,1,0
1,397,1
398,1,0
399,1,0
1,400,1
1,401,1
1,402,1
1,403,1
1,404,1
405,1,0
1,406,1
1,407,1
1,408,1
1,409,1
410,1,0
1,411,1
1,412,1
1,413,1
414,1,0
415,1,0
1,416,1
1,417,1
418,1,0
419,1,0
1,420,1
1,421,1
1,422,1
1,423,1
1,424,1
1,425,1
426,1,0
427,1,0
1,1985,0
2,428,1
2,429,1
2,430,1
431,2,0
2,432,1
433,2,0
434,2,0
2,435,1
2,436,1
2,437,1
2,438,1
2,593,0
3,3,1
3,43,1
3,198,1
244,3,0
245,3,0
3,254,1
304,3,0
3,439,1
3,440,1
3,441,1
3,442,1
3,443,1
3,444,1
3,445,1
3,867,0
4,4,1
4,25,1
4,106,1
4,121,1
4,272,1
4,414,1
4,429,1
4,446,1
4,447,1
4,448,1
4,449,1
450,4,0
451,4,0
4,452,1
453,4,0
4,454,1
4,455,1
4,456,1
4,457,1
4,458,1
4,459,1
460,4,0
4,461,1
4,462,1
463,4,0
4,464,1
465,4,0
466,4,0
4,467,1
468,4,0
469,4,0
4,470,1
4,471,1
472,4,0
4,473,1
474,4,0
4,475,1
4,476,1
4,477,1
4,478,1
4,479,1
4,480,1
4,481,1
4,482,1
483,4,0
4,484,1
485,4,0
486,4,0
4,487,1
4,488,1
4,489,1
4,490,1
4,491,1
4,492,1
493,4,0
4,642,0
33,5,0
5,191,1
5,192,1
194,5,0
5,195,1
5,196,1
197,5,0
5,494,1
5,495,1
496,5,0
5,497,1
5,498,1
5,499,1
500,5,0
5,501,1
502,5,0
503,5,0
504,5,0
5,505,1
506,5,0
5,507,1
508,5,0
509,5,0
510,5,0
511,5,0
5,512,1
5,513,1
514,5,0
515,5,0
5,516,1
5,517,1
5,518,1
519,5,0
520,5,0
521,5,0
5,522,1
5,523,1
5,524,1
5,525,1
5,526,1
527,5,0
528,5,0
5,529,1
530,5,0
5,531,1
5,1841,0
6,8,1
6,9,1
6,11,1
6,17,1
6,21,1
22,6,0
6,28,1
29,6,0
6,61,1
6,103,1
6,104,1
108,6,0
6,112,1
6,158,1
6,164,1
6,175,1
177,6,0
6,185,1
6,186,1
6,188,1
6,189,1
6,195,1
196,6,0
6,201,1
6,205,1
206,6,0
6,208,1
6,209,1
225,6,0
6,235,1
6,236,1
6,238,1
6,240,1
6,241,1
242,6,0
243,6,0
249,6,0
275,6,0
276,6,0
6,280,1
281,6,0
6,282,1
285,6,0
288,6,0
290,6,0
6,291,1
6,293,1
6,294,1
296,6,0
6,297,1
6,346,1
6,383,1
393,6,0
6,401,1
6,405,1
6,409,1
6,432,1
6,504,1
6,513,1
6,516,1
519,6,0
6,522,1
6,524,1
6,526,1
527,6,0
6,528,1
6,529,1
6,532,1
6,533,1
6,534,1
6,535,1
6,536,1
537,6,0
6,538,1
539,6,0
540,6,0
6,541,1
6,542,1
6,543,1
6,544,1
6,545,1
6,546,1
547,6,0
548,6,0
6,549,1
6,550,1
6,551,1
6,552,1
553,6,0
6,554,1
555,6,0
556,6,0
557,6,0
6,558,1
6,559,1
6,560,1
6,561,1
562,6,0
6,563,1
564,6,0
565,6,0
6,566,1
6,567,1
568,6,0
569,6,0
570,6,0
6,571,1
6,572,1
6,573,1
6,574,1
575,6,0
6,576,1
6,577,1
6,578,1
6,579,1
580,6,0
6,581,1
582,6,0
6,583,1
6,584,1
585,6,0
586,6,0
6,587,1
588,6,0
589,6,0
6,590,1
6,591,1
6,592,1
593,6,0
594,6,0
595,6,0
6,596,1
597,6,0
598,6,0
6,599,1
6,600,1
6,601,1
6,602,1
6,603,1
6,604,1
6,605,1
606,6,0
6,607,1
6,608,1
6,609,1
6,610,1
6,611,1
6,612,1
613,6,0
6,614,1
6,615,1
6,616,1
617,6,0
618,6,0
6,619,1
620,6,0
621,6,0
622,6,0
6,623,1
6,624,1
6,625,1
6,626,1
6,627,1
6,628,1
6,629,1
630,6,0
6,631,1
6,632,1
6,633,1
6,634,1
635,6,0
636,6,0
637,6,0
6,638,1
6,639,1
6,640,1
6,641,1
6,642,1
6,643,1
6,644,1
6,645,1
6,646,1
6,647,1
6,648,1
6,649,1
6,650,1
651,6,0
6,652,1
6,653,1
6,654,1
655,6,0
6,656,1
6,657,1
6,658,1
6,659,1
6,660,1
6,661,1
6,662,1
663,6,0
6,664,1
665,6,0
666,6,0
6,667,1
668,6,0
669,6,0
670,6,0
6,671,1
672,6,0
673,6,0
674,6,0
675,6,0
6,676,1
6,677,1
6,678,1
6,679,1
6,680,1
681,6,0
6,682,1
6,683,1
684,6,0
6,685,1
686,6,0
6,687,1
6,688,1
689,6,0
690,6,0
691,6,0
6,692,1
6,693,1
6,694,1
6,695,1
6,696,1
697,6,0
6,698,1
6,699,1
6,700,1
701,6,0
6,702,1
6,703,1
6,704,1
6,705,1
6,706,1
6,707,1
708,6,0
6,709,1
6,710,1
711,6,0
6,712,1
713,6,0
6,714,1
6,715,1
716,6,0
6,717,1
6,718,1
6,719,1
720,6,0
6,721,1
6,722,1
723,6,0
6,724,1
6,725,1
6,726,1
6,727,1
6,728,1
6,729,1
730,6,0
6,731,1
7,7,1
7,12,1
21,7,0
7,25,1
7,28,1
7,30,1
44,7,0
7,51,1
7,52,1
7,54,1
7,55,1
56,7,0
7,60,1
61,7,0
7,66,1
7,67,1
7,68,1
69,7,0
77,7,0
79,7,0
7,80,1
7,84,1
7,95,1
7,96,1
7,97,1
7,100,1
7,102,1
7,104,1
7,106,1
7,107,1
112,7,0
7,114,1
116,7,0
120,7,0
7,127,1
7,145,1
7,153,1
155,7,0
156,7,0
158,7,0
7,167,1
7,169,1
177,7,0
7,181,1
7,185,1
186,7,0
188,7,0
7,189,1
7,190,1
7,191,1
7,192,1
7,193,1
7,194,1
201,7,0
7,202,1
203,7,0
7,205,1
206,7,0
7,207,1
7,209,1
7,212,1
213,7,0
7,216,1
223,7,0
7,227,1
7,228,1
230,7,0
7,231,1
7,232,1
233,7,0
7,234,1
241,7,0
7,243,1
7,245,1
7,246,1
7,250,1
7,251,1
257,7,0
7,260,1
7,263,1
7,265,1
7,266,1
7,269,1
7,270,1
7,279,1
7,300,1
301,7,0
302,7,0
7,303,1
304,7,0
7,305,1
7,340,1
383,7,0
7,384,1
385,7,0
386,7,0
392,7,0
7,393,1
396,7,0
401,7,0
7,411,1
7,441,1
7,458,1
460,7,0
7,475,1
480,7,0
7,481,1
7,489,1
494,7,0
7,530,1
7,532,1
535,7,0
7,536,1
538,7,0
597,7,0
7,599,1
7,600,1
7,602,1
7,603,1
607,7,0
608,7,0
612,7,0
7,617,1
7,622,1
624,7,0
7,640,1
7,641,1
7,642,1
643,7,0
7,645,1
665,7,0
7,670,1
675,7,0
676,7,0
677,7,0
7,678,1
7,708,1
709,7,0
7,710,1
713,7,0
7,715,1
7,716,1
7,723,1
7,725,1
7,729,1
7,732,1
7,733,1
734,7,0
7,735,1
7,736,1
7,737,1
738,7,0
7,739,1
7,740,1
7,741,1
7,742,1
7,743,1
7,744,1
7,745,1
7,746,1
7,747,1
7,748,1
749,7,0
7,750,1
751,7,0
7,752,1
7,753,1
754,7,0
755,7,0
7,756,1
7,757,1
758,7,0
7,759,1
7,760,1
761,7,0
762,7,0
7,763,1
7,764,1
7,765,1
7,766,1
7,767,1
768,7,0
769,7,0
770,7,0
7,771,1
7,772,1
773,7,0
7,774,1
7,775,1
7,776,1
7,777,1
7,778,1
7,779,1
7,780,1
781,7,0
7,782,1
7,783,1
7,784,1
785,7,0
7,786,1
7,787,1
788,7,0
7,789,1
790,7,0
7,791,1
7,792,1
7,793,1
794,7,0
795,7,0
7,796,1
7,797,1
7,798,1
7,799,1
7,800,1
7,801,1
802,7,0
7,803,1
804,7,0
7,805,1
7,806,1
807,7,0
7,808,1
7,809,1
7,810,1
7,811,1
7,812,1
7,813,1
7,814,1
815,7,0
7,816,1
7,817,1
818,7,0
819,7,0
7,820,1
821,7,0
7,822,1
7,823,1
7,824,1
825,7,0
7,826,1
827,7,0
7,828,1
7,829,1
7,830,1
7,831,1
7,832,1
833,7,0
834,7,0
7,835,1
7,836,1
7,837,1
7,838,1
839,7,0
840,7,0
7,841,1
7,842,1
843,7,0
7,844,1
7,845,1
7,846,1
847,7,0
848,7,0
849,7,0
7,850,1
851,7,0
7,852,1
853,7,0
7,854,1
855,7,0
7,856,1
7,857,1
858,7,0
859,7,0
7,860,1
861,7,0
862,7,0
7,863,1
7,864,1
7,865,1
7,866,1
7,867,1
868,7,0
7,869,1
870,7,0
871,7,0
7,872,1
7,873,1
7,874,1
7,875,1
7,876,1
877,7,0
7,878,1
879,7,0
7,880,1
7,881,1
7,882,1
7,883,1
884,7,0
885,7,0
7,886,1
7,887,1
7,888,1
7,889,1
7,891,1
7,892,1
7,893,1
894,7,0
895,7,0
7,896,1
7,897,1
7,898,1
7,899,1
900,7,0
901,7,0
902,7,0
7,903,1
7,904,1
7,905,1
906,7,0
7,907,1
7,908,1
7,910,1
7,911,1
912,7,0
913,7,0
7,914,1
915,7,0
7,916,1
926,7,0
927,7,0
7,928,1
929,7,0
7,930,1
931,7,0
7,932,1
933,7,0
7,934,1
7,935,1
7,936,1
7,937,1
7,938,1
939,7,0
940,7,0
941,7,0
942,7,0
943,7,0
7,944,1
7,945,1
946,7,0
947,7,0
7,948,1
949,7,0
7,950,1
7,951,1
952,7,0
7,953,1
7,954,1
955,7,0
7,956,1
7,957,1
7,958,1
959,7,0
7,960,1
961,7,0
7,962,1
7,963,1
964,7,0
7,965,1
7,966,1
967,7,0
968,7,0
969,7,0
7,970,1
971,7,0
7,972,1
973,7,0
7,974,1
7,975,1
7,976,1
7,977,1
7,978,1
979,7,0
7,980,1
7,981,1
7,982,1
7,983,1
7,984,1
985,7,0
7,986,1
7,987,1
7,988,1
989,7,0
7,990,1
7,991,1
7,992,1
7,993,1
994,7,0
7,995,1
996,7,0
997,7,0
998,7,0
999,7,0
1000,7,0
7,1001,1
7,1002,1
1003,7,0
1004,7,0
7,1005,1
7,1006,1
1007,7,0
1008,7,0
1009,7,0
7,1010,1
7,1011,1
1012,7,0
7,1013,1
7,1014,1
7,1015,1
1016,7,0
1017,7,0
7,1018,1
1019,7,0
7,1020,1
7,1021,1
7,1022,1
1023,7,0
1024,7,0
7,1025,1
7,1026,1
7,1027,1
1028,7,0
7,1029,1
1030,7,0
7,1031,1
7,1032,1
8,1033,1
8,1034,1
8,2145,0
9,9,1
9,13,1
9,20,1
9,28,1
9,36,1
9,41,1
9,48,1
9,52,1
9,82,1
9,88,1
9,92,1
9,97,1
9,98,1
99,9,0
9,100,1
9,105,1
9,107,1
110,9,0
9,112,1
117,9,0
9,118,1
119,9,0
122,9,0
9,127,1
149,9,0
153,9,0
161,9,0
163,9,0
9,180,1
9,215,1
9,234,1
9,246,1
284,9,0
9,285,1
9,304,1
9,311,1
9,340,1
398,9,0
9,428,1
9,445,1
447,9,0
468,9,0
9,472,1
9,505,1
9,515,1
544,9,0
546,9,0
9,548,1
550,9,0
9,553,1
9,561,1
9,562,1
9,573,1
9,579,1
599,9,0
601,9,0
621,9,0
633,9,0
687,9,0
9,694,1
706,9,0
734,9,0
9,738,1
744,9,0
9,782,1
9,788,1
9,802,1
9,810,1
9,819,1
9,828,1
863,9,0
9,885,1
888,9,0
889,9,0
9,891,1
9,896,1
9,899,1
9,943,1
953,9,0
971,9,0
997,9,0
1019,9,0
1023,9,0
9,1035,1
9,1036,1
9,1037,1
1038,9,0
9,1039,1
9,1040,1
1041,9,0
9,1042,1
9,1043,1
9,1044,1
9,1045,1
9,1046,1
9,1047,1
1048,9,0
9,1049,1
1050,9,0
9,1051,1
1052,9,0
9,1053,1
1054,9,0
1055,9,0
1056,9,0
9,1057,1
9,1058,1
9,1059,1
9,1060,1
1061,9,0
9,1062,1
9,1063,1
9,1064,1
1065,9,0
9,1066,1
9,1067,1
9,1068,1
9,1069,1
1070,9,0
1071,9,0
9,1072,1
1073,9,0
1074,9,0
9,1075,1
9,1076,1
9,1077,1
1078,9,0
9,1079,1
1080,9,0
9,1081,1
1082,9,0
1083,9,0
1084,9,0
9,1085,1
1086,9,0
1087,9,0
1088,9,0
9,1089,1
1090,9,0
9,1091,1
1092,9,0
9,1093,1
1094,9,0
1095,9,0
9,1096,1
9,1097,1
1098,9,0
9,1099,1
9,1100,1
9,1101,1
9,1102,1
1103,9,0
1104,9,0
1105,9,0
9,1106,1
9,1107,1
1108,9,0
9,1109,1
1110,9,0
1111,9,0
9,1112,1
9,1113,1
1114,9,0
9,1115,1
9,1116,1
9,1117,1
9,1118,1
1119,9,0
9,1120,1
9,1121,1
1122,9,0
1123,9,0
9,1124,1
9,1125,1
9,1126,1
9,1127,1
9,1128,1
9,1129,1
9,1130,1
1131,9,0
9,1132,1
9,1133,1
9,1134,1
9,1135,1
9,1136,1
1137,9,0
9,1138,1
9,1139,1
9,1140,1
1141,9,0
1142,9,0
1143,9,0
9,1144,1
9,1145,1
1146,9,0
1147,9,0
9,1148,1
1149,9,0
9,1150,1
9,1151,1
9,1152,1
9,1153,1
9,1154,1
9,1155,1
9,1156,1
9,1157,1
9,1158,1
1159,9,0
1160,9,0
1161,9,0
9,1162,1
1163,9,0
9,1164,1
1165,9,0
9,1166,1
1167,9,0
1168,9,0
9,1169,1
1170,9,0
9,1171,1
9,1172,1
1173,9,0
9,1174,1
9,1175,1
9,1176,1
1177,9,0
9,1178,1
9,1179,1
9,1180,1
9,1181,1
9,1182,1
9,1183,1
9,1184,1
1185,9,0
9,1186,1
9,1187,1
1188,9,0
9,1189,1
9,1190,1
1191,9,0
9,1192,1
9,1193,1
9,1194,1
9,1195,1
1196,9,0
9,1197,1
1198,9,0
1199,9,0
9,1200,1
1201,9,0
1202,9,0
9,1203,1
9,1204,1
1205,9,0
9,1206,1
9,1207,1
1208,9,0
9,1209,1
1210,9,0
9,1211,1
9,1212,1
9,1213,1
9,1214,1
9,1215,1
9,1216,1
9,1217,1
1218,9,0
1219,9,0
9,1220,1
1221,9,0
1222,9,0
9,1223,1
9,1224,1
1225,9,0
1226,9,0
9,1227,1
1228,9,0
1229,9,0
9,1230,1
9,1231,1
9,1232,1
9,1233,1
1234,9,0
9,1235,1
9,1236,1
1237,9,0
1238,9,0
9,1239,1
9,1240,1
1241,9,0
1242,9,0
9,1243,1
9,1244,1
1245,9,0
9,1246,1
9,1247,1
9,1248,1
9,1249,1
9,1250,1
9,1251,1
9,1252,1
9,1253,1
9,1254,1
9,1255,1
1256,9,0
1257,9,0
9,1258,1
9,1259,1
9,1260,1
9,1261,1
9,1262,1
9,1263,1
9,1264,1
9,1265,1
9,1266,1
1267,9,0
1268,9,0
1269,9,0
9,1270,1
1271,9,0
9,1272,1
9,1273,1
9,1274,1
1275,9,0
1276,9,0
9,1277,1
1278,9,0
1279,9,0
1280,9,0
1281,9,0
9,1282,1
1283,9,0
1284,9,0
9,1285,1
9,1286,1
1287,9,0
9,1288,1
9,1289,1
9,1290,1
9,1291,1
1292,9,0
9,1293,1
1294,9,0
1295,9,0
1296,9,0
9,1297,1
1298,9,0
1299,9,0
1300,9,0
9,1301,1
1302,9,0
9,1303,1
9,1304,1
9,1305,1
1306,9,0
9,1307,1
9,1308,1
1309,9,0
9,1310,1
9,1311,1
9,1312,1
9,1313,1
1314,9,0
9,1315,1
1316,9,0
9,1317,1
1318,9,0
9,1319,1
1320,9,0
9,1321,1
1322,9,0
9,1323,1
9,1324,1
9,1325,1
9,1326,1
9,1327,1
9,1328,1
9,1329,1
1330,9,0
1331,9,0
9,1332,1
9,1333,1
9,1334,1
9,1335,1
1336,9,0
9,1337,1
9,1338,1
1339,9,0
9,1340,1
9,1341,1
9,1342,1
9,1343,1
1344,9,0
9,1345,1
1346,9,0
1347,9,0
9,1348,1
1349,9,0
9,1350,1
9,1351,1
1352,9,0
9,1353,1
9,1354,1
9,1355,1
9,1356,1
1357,9,0
9,1358,1
9,1359,1
9,1360,1
9,1361,1
9,1362,1
1363,9,0
9,1364,1
9,1365,1
9,1366,1
9,1367,1
9,1368,1
9,1369,1
1370,9,0
9,1371,1
9,1372,1
9,1373,1
9,1374,1
1375,9,0
9,1376,1
9,1377,1
9,1378,1
9,1379,1
1380,9,0
1381,9,0
1382,9,0
9,1383,1
9,1384,1
9,1385,1
9,1386,1
1387,9,0
8,10,0
10,15,1
19,10,0
29,10,0
10,52,1
62,10,0
10,65,1
10,87,1
10,91,1
10,96,1
10,98,1
10,106,1
115,10,0
10,129,1
10,134,1
10,143,1
10,148,1
181,10,0
190,10,0
10,227,1
228,10,0
10,241,1
242,10,0
243,10,0
10,244,1
10,245,1
10,267,1
10,307,1
10,308,1
10,320,1
10,322,1
327,10,0
10,328,1
346,10,0
10,350,1
10,352,1
10,353,1
10,355,1
10,356,1
10,360,1
362,10,0
10,366,1
10,367,1
10,368,1
10,385,1
10,452,1
10,479,1
481,10,0
546,10,0
10,547,1
10,549,1
10,550,1
10,553,1
10,554,1
10,615,1
616,10,0
10,630,1
10,636,1
10,637,1
10,638,1
10,639,1
10,665,1
671,10,0
781,10,0
788,10,0
791,10,0
10,812,1
10,814,1
10,847,1
10,858,1
859,10,0
10,860,1
861,10,0
880,10,0
889,10,0
10,898,1
915,10,0
10,916,1
1033,10,0
10,1034,1
1051,10,0
10,1115,1
10,1181,1
10,1280,1
10,1367,1
10,1368,1
10,1388,1
10,1389,1
1390,10,0
10,1391,1
10,1392,1
10,1393,1
10,1394,1
10,1395,1
10,1396,1
10,1397,1
10,1398,1
10,1399,1
1400,10,0
10,1401,1
1402,10,0
10,1403,1
10,1404,1
10,1405,1
10,1406,1
10,1407,1
10,1408,1
10,1409,1
10,1410,1
1411,10,0
1412,10,0
1413,10,0
1414,10,0
10,1415,1
10,1416,1
10,1417,1
10,1418,1
1419,10,0
1420,10,0
1421,10,0
1422,10,0
1423,10,0
10,1424,1
1425,10,0
10,1426,1
10,1427,1
10,1428,1
1429,10,0
10,1430,1
1431,10,0
10,1432,1
1433,10,0
10,1434,1
10,1435,1
1436,10,0
10,1437,1
10,1438,1
1439,10,0
1440,10,0
1441,10,0
1442,10,0
10,1443,1
11,1,1
11,11,1
100,11,0
11,156,1
11,251,1
11,267,0
11,393,1
11,395,1
11,397,1
11,398,1
399,11,0
402,11,0
11,404,1
405,11,0
11,406,1
11,407,1
11,409,1
11,410,1
11,412,1
418,11,0
11,419,1
11,420,1
11,422,1
611,11,0
11,1033,1
11,1271,1
1444,11,0
11,1445,1
1446,11,0
11,1447,1
11,1448,1
1449,11,0
11,1450,1
11,1451,1
11,1452,1
12,12,1
82,12,0
12,156,1
12,267,1
400,12,0
12,406,1
12,419,1
422,12,0
12,425,1
12,570,1
575,12,0
12,682,1
12,1053,1
12,1069,1
12,1241,1
1304,12,0
12,1385,1
1453,12,0
12,1454,1
12,1455,1
12,1456,1
12,1457,1
12,1458,1
1459,12,0
12,1460,1
12,1461,1
1462,12,0
12,1463,1
12,1464,1
12,1465,1
12,1466,1
1467,12,0
12,1468,1
1469,12,0
12,1470,1
13,3,1
29,13,0
13,46,1
13,116,1
127,13,0
13,573,1
13,577,1
578,13,0
13,868,1
13,869,1
870,13,0
13,871,1
1036,13,0
13,1206,1
1315,13,0
13,1429,1
13,1471,1
13,1472,1
1473,13,0
13,1474,1
13,1475,1
13,1476,1
1477,13,0
13,1478,1
13,1479,1
13,1480,1
1481,13,0
1482,13,0
13,1483,1
1484,13,0
13,1485,1
13,1486,1
13,1487,1
13,1488,1
13,1489,1
1490,13,0
13,1491,1
1492,13,0
1493,13,0
13,1494,1
1495,13,0
13,1496,1
13,1497,1
13,1498,1
109,14,0
14,573,0
661,14,0
674,14,0
684,14,0
14,686,1
687,14,0
1044,14,0
14,1230,1
14,1389,1
14,1391,1
1392,14,0
1499,14,0
1500,14,0
1501,14,0
14,1502,1
1503,14,0
1504,14,0
1505,14,0
14,1506,1
14,1507,1
14,1508,1
14,1509,1
14,1510,1
14,1511,1
1512,14,0
15,28,1
15,270,1
271,15,0
15,386,1
15,474,1
476,15,0
15,488,1
15,489,1
15,1173,0
15,1280,1
15,1407,1
15,1417,1
1418,15,0
15,1419,1
1420,15,0
15,1513,1
1514,15,0
15,1515,1
15,1516,1
15,1517,1
1518,15,0
16,16,1
16,98,1
780,16,0
16,1398,1
17,17,1
27,17,0
17,38,1
17,50,1
87,17,0
17,90,1
17,111,1
113,17,0
133,17,0
17,183,1
187,17,0
17,189,1
17,200,1
17,206,1
17,207,1
17,217,1
219,17,0
17,222,1
240,17,0
17,249,1
17,251,1
17,266,1
276,17,0
17,287,1
17,288,1
17,290,1
291,17,0
17,292,1
293,17,0
294,17,0
17,297,1
17,303,1
396,17,0
17,420,1
17,444,0
17,505,1
507,17,0
509,17,0
17,535,1
17,544,1
546,17,0
17,548,1
559,17,0
583,17,0
584,17,0
17,585,1
17,586,1
17,589,1
590,17,0
17,591,1
592,17,0
17,593,1
595,17,0
17,596,1
17,597,1
17,598,1
17,600,1
17,602,1
17,604,1
609,17,0
611,17,0
622,17,0
636,17,0
637,17,0
17,638,1
652,17,0
665,17,0
17,676,1
17,678,1
17,679,1
17,680,1
17,681,1
17,682,0
17,688,1
17,690,1
733,17,0
17,734,1
17,735,1
17,737,1
17,799,1
17,803,1
820,17,0
17,824,1
17,837,1
17,841,1
17,886,1
890,17,0
17,900,1
17,905,1
17,909,1
928,17,0
929,17,0
17,930,1
932,17,0
946,17,0
17,954,1
956,17,0
969,17,0
17,995,1
17,1033,1
17,1058,1
17,1076,1
17,1140,1
17,1144,1
17,1145,1
17,1454,1
1519,17,0
17,1520,1
17,1521,1
17,1522,1
1523,17,0
17,1524,1
1525,17,0
17,1526,1
17,1527,1
1528,17,0
17,1529,1
17,1530,1
17,1531,1
1532,17,0
17,1533,1
1534,17,0
1535,17,0
17,1536,1
17,1537,1
17,1538,1
1539,17,0
17,1540,1
1541,17,0
17,1542,1
17,1543,1
17,1544,1
1545,17,0
17,1546,1
1547,17,0
1548,17,0
1549,17,0
1550,17,0
17,1551,1
17,1552,1
17,1553,1
17,1554,1
17,1555,1
17,1556,1
17,1557,1
17,1558,1
17,1559,1
1560,17,0
1561,17,0
17,1562,1
17,1563,1
17,1564,1
17,1565,1
1566,17,0
17,1567,1
17,1568,1
17,1569,1
18,1570,1
18,1571,1
18,1928,0
19,19,1
1406,19,0
19,1407,1
2,20,0
11,20,0
20,14,1
16,20,0
20,20,1
60,20,0
20,63,1
64,20,0
20,98,1
20,109,1
20,130,1
20,138,1
141,20,0
20,165,1
20,172,1
174,20,0
224,20,0
20,266,1
270,20,0
20,306,1
20,321,1
20,322,1
326,20,0
20,327,1
328,20,0
20,347,1
20,348,1
349,20,0
350,20,0
20,351,1
353,20,0
20,354,1
356,20,0
357,20,0
20,359,1
361,20,0
363,20,0
364,20,0
20,366,1
20,374,1
396,20,0
20,417,1
20,420,1
20,421,1
422,20,0
20,424,1
20,429,1
434,20,0
437,20,0
20,441,1
20,445,1
20,475,1
20,506,1
20,507,1
20,508,1
20,533,1
20,539,1
20,548,1
20,555,1
556,20,0
20,560,1
20,561,1
20,580,1
20,626,1
20,628,1
20,645,1
734,20,0
749,20,0
20,820,1
20,827,1
20,847,1
20,852,1
20,853,1
20,888,1
20,889,1
20,891,1
20,892,1
914,20,0
20,959,1
997,20,0
20,1014,1
20,1033,1
20,1034,1
20,1047,0
20,1052,1
1060,20,0
20,1064,1
1065,20,0
20,1070,1
20,1073,1
20,1077,1
20,1078,1
1088,20,0
20,1092,1
1107,20,0
20,1109,1
20,1125,1
20,1128,1
20,1168,1
20,1225,1
1231,20,0
20,1238,1
20,1255,1
20,1261,1
20,1290,1
20,1299,1
1366,20,0
20,1374,1
1380,20,0
20,1394,1
20,1396,1
20,1397,1
1398,20,0
1399,20,0
1401,20,0
1403,20,0
20,1404,1
20,1416,1
20,1417,1
20,1418,1
1443,20,0
20,1516,1
20,1517,1
1535,20,0
20,1537,1
20,1538,1
20,1572,1
20,1573,1
20,1574,1
20,1575,1
20,1576,1
20,1577,1
20,1578,1
1579,20,0
20,1580,1
20,1581,1
20,1582,1
20,1583,1
20,1584,1
20,1585,1
20,1586,1
1587,20,0
1588,20,0
1589,20,0
1590,20,0
1591,20,0
20,1592,1
20,1593,1
20,1594,1
20,1595,1
1596,20,0
1597,20,0
20,1598,1
1599,20,0
20,1600,1
1601,20,0
1602,20,0
20,1603,1
20,1604,1
1605,20,0
20,1606,1
20,1607,1
1608,20,0
20,1609,1
20,1610,1
20,1611,1
1612,20,0
1613,20,0
20,1614,1
20,1615,1
1616,20,0
20,1617,1
20,1618,1
20,1619,1
1620,20,0
1621,20,0
20,1622,1
20,1623,1
1624,20,0
20,1625,1
1626,20,0
20,1627,1
20,1628,1
20,1629,1
20,1630,1
20,1631,1
20,1632,1
20,1633,1
20,1634,1
1635,20,0
20,1636,1
20,1637,1
20,1638,1
1639,20,0
20,1640,1
1641,20,0
20,1642,1
20,1643,1
20,1644,1
20,1645,1
20,1646,1
20,1647,1
1648,20,0
20,1649,1
1650,20,0
20,1651,1
1652,20,0
1653,20,0
1654,20,0
20,1655,1
20,1656,1
1657,20,0
20,1658,1
20,1659,1
20,1660,1
1661,20,0
20,1662,1
20,1663,1
1664,20,0
20,1665,1
1666,20,0
20,1667,1
1668,20,0
1669,20,0
20,1670,1
20,1671,1
20,1672,1
20,1673,1
20,1674,1
20,1675,1
1676,20,0
20,1677,1
20,1678,1
1679,20,0
1680,20,0
1681,20,0
20,1682,1
20,1683,1
1684,20,0
20,1685,1
20,1686,1
1687,20,0
20,1688,1
1689,20,0
20,1690,1
20,1691,1
20,1692,1
20,1693,1
20,1694,1
20,1695,1
1696,20,0
1697,20,0
20,1698,1
20,1699,1
20,2112,0
612,21,0
21,709,1
21,712,1
21,715,1
21,716,1
21,1049,0
21,1508,0
21,22,0
22,22,1
22,497,1
499,22,0
22,500,1
22,502,1
531,22,0
552,22,0
22,567,1
22,569,1
612,22,0
22,709,1
22,710,1
22,711,1
22,712,1
713,22,0
714,22,0
22,716,1
22,967,0
1700,22,0
22,1701,1
22,1702,1
23,122,0
23,895,0
23,1703,1
23,1704,1
23,1705,1
23,1706,1
23,1707,1
23,2104,0
24,681,0
24,890,1
25,25,1
25,100,1
395,25,0
399,25,0
25,400,1
403,25,0
25,404,1
405,25,0
412,25,0
419,25,0
420,25,0
25,422,1
25,427,1
25,575,1
813,25,0
25,814,1
1418,25,0
25,1419,1
25,1423,1
1445,25,0
25,1449,1
25,1561,1
25,1708,1
25,1709,1
25,1710,1
25,1711,1
25,2139,0
26,26,1
217,26,0
26,218,1
219,26,0
26,222,1
26,522,1
523,26,0
524,26,0
26,525,1
26,528,1
26,1463,1
1464,26,0
1465,26,0
26,1712,1
26,1713,1
26,1714,1
1715,26,0
26,1716,1
1717,26,0
26,1718,1
26,1719,1
26,2090,0
27,27,1
27,505,0
1553,27,0
27,1563,1
27,1564,1
27,1745,0
28,28,1
28,29,1
270,28,0
28,386,1
28,656,1
28,811,1
28,915,1
28,916,1
1034,28,0
28,1120,0
28,1288,1
28,1417,1
28,1418,1
1419,28,0
28,1420,1
28,1423,1
1516,28,0
28,1720,1
28,1721,1
28,1722,1
28,1723,1
1724,28,0
28,1725,1
29,29,1
29,210,0
386,29,0
29,915,1
29,916,1
29,1065,0
29,1418,1
29,1419,1
29,1423,1
29,1516,1
30,285,0
30,965,1
30,1026,1
1027,30,0
30,1029,1
30,1030,1
30,1683,0
30,2195,0
31,1726,1
31,1727,1
32,14,1
32,24,1
32,52,1
32,65,1
396,32,0
32,402,1
32,404,1
413,32,0
32,795,1
796,32,0
32,797,1
32,829,1
32,1073,1
1238,32,0
1280,32,0
32,1417,1
32,1418,1
32,1420,1
32,1452,1
1728,32,0
32,1729,1
1730,32,0
1731,32,0
1732,32,0
1733,32,0
32,1734,1
1735,32,0
32,1736,1
32,1737,1
32,1738,1
32,1739,1
32,1740,1
158,33,0
33,190,1
33,195,1
33,196,1
197,33,0
201,33,0
33,217,1
33,218,1
33,219,1
220,33,0
33,222,1
33,235,1
33,236,1
238,33,0
33,241,1
33,242,1
249,33,0
33,275,1
277,33,0
33,280,1
33,282,1
284,33,0
33,290,1
291,33,0
292,33,0
33,296,1
33,390,1
33,516,1
518,33,0
519,33,0
520,33,0
33,522,1
33,523,1
33,527,1
529,33,0
533,33,0
33,538,1
33,545,1
33,552,1
33,555,1
33,556,1
33,558,1
33,575,1
33,611,1
617,33,0
33,618,1
619,33,0
33,620,1
33,627,1
628,33,0
33,629,1
647,33,0
648,33,0
33,649,1
33,650,1
33,651,1
675,33,0
676,33,0
33,677,1
33,678,1
679,33,0
33,682,1
33,683,1
33,693,1
694,33,0
33,695,1
33,696,1
697,33,0
33,698,1
33,699,1
33,717,1
727,33,0
33,728,1
33,1150,1
1280,33,0
1545,33,0
33,1546,1
1547,33,0
33,1566,1
33,1732,0
1741,33,0
33,1742,1
34,190,1
34,217,1
34,219,1
221,34,0
242,34,0
243,34,0
34,275,0
34,280,1
281,34,0
34,282,1
283,34,0
284,34,0
34,285,1
34,390,1
517,34,0
518,34,0
519,34,0
34,521,1
34,523,1
524,34,0
34,529,1
34,552,1
34,575,1
34,618,1
619,34,0
34,620,1
34,682,1
34,683,1
698,34,0
34,699,1
34,700,1
701,34,0
703,34,0
34,717,1
34,728,1
35,35,1
35,964,0
35,972,1
973,35,0
974,35,0
35,975,1
977,35,0
35,979,1
980,35,0
981,35,0
35,1032,0
1743,35,0
35,1757,0
36,36,1
36,52,1
36,446,1
36,706,1
36,915,1
916,36,0
36,1280,1
1323,36,0
36,1744,1
36,1745,1
36,1746,1
37,37,1
412,37,0
37,413,1
37,1747,1
37,1748,1
38,134,1
38,223,1
246,38,0
38,257,1
38,264,1
38,267,1
38,340,1
38,387,0
38,424,1
561,38,0
633,38,0
38,748,1
38,1075,1
38,1108,1
38,1364,1
1388,38,0
38,1402,1
38,1415,1
38,1426,1
1538,38,0
38,1573,1
38,1634,1
38,1685,0
38,1686,1
1749,38,0
38,1750,1
38,1751,1
38,1752,1
1753,38,0
38,1754,1
38,1755,1
38,1756,1
38,1757,1
38,1758,1
38,1759,1
38,1760,1
1761,38,0
38,1762,1
1763,38,0
38,1764,1
38,1765,1
38,1766,1
1767,38,0
38,1768,1
38,1769,1
38,1770,1
456,39,0
40,40,1
40,42,1
157,40,0
40,199,1
200,40,0
396,40,0
40,956,1
40,1119,1
1557,40,0
40,1570,1
40,1571,1
40,1771,1
40,1772,1
40,1773,1
1774,40,0
1775,40,0
1776,40,0
1777,40,0
41,311,0
954,41,0
41,1194,0
41,1516,1
42,1520,0
43,43,1
43,198,1
43,211,1
43,212,1
43,244,1
43,245,1
43,304,1
460,43,0
43,1078,1
43,1778,1
43,1779,1
51,44,0
135,44,0
44,753,1
754,44,0
756,44,0
759,44,0
44,822,1
44,831,1
44,839,1
44,840,1
44,911,1
44,914,1
44,1280,1
1395,44,0
44,1679,1
1724,44,0
44,1780,1
44,1781,1
44,1782,1
44,1783,1
1784,44,0
45,663,1
717,45,0
45,1905,0
46,46,1
46,185,1
46,186,1
46,187,1
46,188,1
46,189,1
46,1492,1
46,1494,1
1495,46,0
1496,46,0
46,1497,1
1788,47,0
47,1789,1
48,48,1
48,534,1
48,616,1
48,664,1
1345,48,0
1790,48,0
48,1791,1
48,2108,0
49,1154,0
49,1304,1
49,1460,1
49,1796,1
49,1797,1
50,50,1
51,51,1
753,51,0
51,754,1
51,1481,0
52,20,1
52,185,1
186,52,0
52,187,1
52,386,1
52,450,1
52,467,1
52,1082,1
52,1164,1
52,1418,1
52,1419,1
52,1443,1
52,1708,1
53,54,1
53,912,1
53,926,1
53,942,1
53,1016,1
1847,53,0
54,54,1
54,912,1
941,54,0
54,942,1
1015,54,0
55,56,1
670,55,0
55,729,1
55,874,1
55,943,1
55,1169,0
55,2184,0
56,56,1
56,298,0
56,873,1
56,875,1
56,897,1
56,940,1
56,952,1
56,994,1
56,1275,0
57,873,1
57,897,1
57,2121,0
58,108,0
934,58,0
935,58,0
1010,58,0
1011,58,0
1013,58,0
58,1848,1
59,59,1
430,59,0
431,59,0
59,1849,1
59,1850,1
1851,59,0
1852,59,0
59,1853,1
59,1854,1
1855,59,0
226,60,0
227,60,0
228,60,0
60,428,0
60,571,1
60,572,1
60,815,1
887,60,0
60,1856,1
61,61,1
61,146,1
61,187,1
61,189,1
61,225,1
61,451,1
535,61,0
61,774,1
775,61,0
61,777,1
61,778,1
1514,61,0
61,1564,1
61,1802,1
61,1857,1
1858,61,0
61,1859,1
1860,61,0
1861,61,0
61,1862,1
61,1863,1
61,1864,1
61,1865,1
61,1866,1
62,524,0
561,62,0
562,62,0
781,62,0
62,1844,0
63,98,1
63,343,0
385,63,0
937,63,0
63,954,1
63,972,1
63,973,1
63,974,1
977,63,0
979,63,0
63,981,1
63,1020,1
63,1021,1
63,1022,1
63,1115,1
63,1368,1
1435,63,0
63,1436,1
63,1437,1
63,1438,1
1439,63,0
63,1867,1
63,1868,1
63,1869,1
127,64,0
64,710,0
1397,64,0
64,1399,1
1400,64,0
1401,64,0
1424,64,0
64,1483,0
64,1870,1
65,19,1
29,65,0
65,65,1
217,65,0
219,65,0
222,65,0
65,915,1
916,65,0
65,1519,1
1533,65,0
65,1871,1
740,66,0
66,742,1
66,743,1
66,744,1
66,745,1
66,747,1
878,66,0
1724,66,0
1872,66,0
66,1873,1
66,1874,1
66,1875,1
66,1995,0
901,67,0
902,67,0
68,68,1
68,825,1
68,826,1
68,1011,0
69,69,1
191,69,0
192,69,0
69,193,1
69,194,1
69,458,1
460,69,0
69,752,1
865,69,0
69,866,1
905,69,0
69,968,1
69,1177,0
69,1866,0
70,70,1
70,560,1
70,753,0
70,1556,1
70,1770,0
71,28,1
71,383,1
71,879,0
71,885,1
71,1150,1
1417,71,0
1418,71,0
71,1419,1
71,1741,1
71,2139,0
72,72,1
72,944,1
72,1002,1
1204,72,0
72,1876,1
72,1877,1
72,1878,1
1879,72,0
72,1880,1
72,1920,0
73,234,1
73,391,1
73,392,1
1395,73,0
73,1469,0
74,74,1
141,74,0
74,521,0
74,937,0
1881,74,0
1882,74,0
75,511,0
75,1883,1
1884,75,0
75,1885,1
75,1886,1
1887,75,0
191,76,0
833,76,0
76,865,1
77,78,1
77,230,1
77,231,1
77,790,1
78,78,1
78,230,1
231,78,0
78,790,1
78,804,0
78,898,1
79,165,0
79,205,1
79,208,1
79,800,1
79,802,1
79,1046,0
79,1218,0
80,812,1
80,813,1
81,81,1
149,81,0
81,736,0
81,1222,1
81,1223,1
81,1224,1
81,1235,0
1373,81,0
1513,81,0
1514,81,0
81,1612,1
81,1784,1
1802,81,0
81,1857,1
81,1858,1
1859,81,0
1863,81,0
81,1864,1
81,1865,1
81,1888,1
81,1889,1
81,1890,1
81,1891,1
1892,81,0
1893,81,0
81,1894,1
1895,81,0
81,1896,1
1897,81,0
81,1898,1
81,1899,1
1900,81,0
1901,81,0
1902,81,0
81,1903,1
81,1904,1
81,1905,1
81,1906,1
81,1907,1
81,1908,1
81,1909,1
81,1910,1
81,1911,1
81,1912,1
81,1913,1
81,1914,1
1915,81,0
82,82,1
82,1069,1
1598,82,0
82,1916,1
83,183,1
212,83,0
83,267,0
83,631,1
1111,83,0
83,1112,1
1734,83,0
1754,83,0
83,1916,1
83,1917,1
83,1918,1
83,1919,1
1920,83,0
1921,83,0
1922,83,0
83,1923,1
83,1924,1
1925,83,0
83,1926,1
83,1927,1
83,1928,1
84,67,1
84,84,1
85,294,0
1929,85,0
86,13,1
86,1178,0
86,1488,1
1930,86,0
87,218,1
220,87,0
87,1519,1
87,1532,1
1533,87,0
88,88,1
88,286,0
88,608,0
88,725,0
88,930,0
88,943,0
1040,88,0
88,1101,1
89,1931,1
1932,89,0
89,1933,1
1934,89,0
90,90,1
1521,90,0
90,1523,1
91,213,1
91,991,0
91,1511,0
91,1811,0
92,92,1
92,1935,1
92,1936,1
93,93,1
93,763,1
93,863,0
765,94,0
94,766,1
94,768,0
95,95,1
95,782,1
95,784,1
95,785,1
786,95,0
95,1909,0
96,97,1
96,238,0
96,860,1
861,96,0
96,1746,0
96,1934,0
97,858,1
97,859,1
97,1024,1
98,8,1
98,98,1
98,148,1
180,98,0
98,181,1
98,182,1
98,614,0
633,98,0
98,1229,0
1245,98,0
98,1920,0
1950,98,0
98,1951,1
1952,98,0
98,1953,1
1954,98,0
99,99,1
99,1956,0
100,100,1
100,272,1
837,101,0
101,1463,0
101,1955,1
101,1956,1
101,1957,1
102,843,1
102,844,1
845,102,0
102,846,1
102,1507,0
1734,102,0
102,1735,1
102,1958,1
102,1959,1
102,1960,1
11,103,0
103,103,1
397,103,0
103,428,1
103,487,0
103,1165,1
103,1300,0
103,1452,1
104,104,1
608,104,0
104,1589,0
105,104,1
105,607,1
105,608,1
105,723,1
725,105,0
106,106,1
479,106,0
106,480,1
106,481,1
106,483,1
106,1129,1
106,1416,1
106,1604,1
1803,106,0
106,1826,1
1961,106,0
106,1962,1
106,1963,1
1964,106,0
106,1965,1
106,1966,1
1967,106,0
1968,106,0
106,1969,1
106,1970,1
1971,106,0
107,818,1
819,107,0
107,1759,0
684,109,0
109,685,1
686,109,0
109,1134,0
1230,109,0
109,1480,0
1505,109,0
1507,109,0
110,452,0
110,900,0
110,1972,1
110,1973,1
111,66,1
111,248,0
111,300,1
111,301,1
111,305,1
877,111,0
111,878,1
112,263,0
112,635,1
640,112,0
112,641,1
112,665,1
112,1723,0
113,113,1
113,471,0
113,1549,1
114,29,1
114,55,1
114,114,1
114,202,1
114,250,1
460,114,0
114,492,1
550,114,0
114,732,1
114,862,1
114,863,1
114,1409,0
1416,114,0
1588,114,0
114,1975,1
114,1976,1
114,1977,1
1978,114,0
114,1979,1
1980,114,0
114,1981,1
1982,114,0
1983,114,0
115,270,1
383,115,0
115,386,1
561,115,0
115,562,1
115,633,1
115,1421,1
116,116,1
116,962,1
116,964,1
117,117,1
117,1386,1
117,1984,1
117,1985,1
1986,117,0
117,1987,1
118,447,0
118,1471,1
118,1803,0
118,1847,1
1235,119,0
119,1236,1
1988,119,0
119,1989,1
1990,119,0
119,1991,1
119,1992,1
119,1993,1
120,120,1
120,624,0
985,120,0
120,986,1
120,987,1
120,988,1
989,120,0
120,990,1
991,120,0
121,121,1
121,414,1
446,121,0
121,470,1
484,121,0
121,486,1
487,121,0
121,570,0
122,122,1
1261,122,0
122,1603,0
122,1996,1
11,123,0
123,25,1
123,123,1
272,123,0
123,412,1
123,420,1
123,780,1
781,123,0
123,1973,0
123,2203,0
124,124,1
124,183,1
124,184,1
125,116,1
750,125,0
125,751,1
126,126,1
126,847,1
126,2016,1
126,2017,1
126,2018,1
127,162,0
127,2019,1
128,128,1
128,2020,1
2021,128,0
128,2022,1
128,2023,1
128,2024,1
128,2025,1
2026,128,0
106,129,0
129,469,1
129,479,1
129,656,0
129,1071,1
129,1401,1
129,1755,1
129,2027,1
129,2028,1
2029,129,0
130,130,1
131,1465,0
131,2030,1
2031,131,0
132,1353,0
132,1914,0
132,1928,0
1942,132,0
132,1946,1
2032,132,0
2033,132,0
133,106,1
133,235,1
133,236,1
133,238,1
457,133,0
133,479,1
481,133,0
1429,133,0
133,1563,0
133,1615,0
98,134,0
134,181,1
134,1130,0
135,179,0
135,226,1
135,537,1
135,1282,0
135,1780,1
135,1909,0
2037,135,0
2038,135,0
2039,135,0
135,2040,1
135,2041,1
2042,135,0
135,2043,1
135,2044,1
135,2045,1
412,136,0
136,413,1
137,1838,0
2046,137,0
2047,137,0
1358,139,0
139,2049,1
8,140,0
140,106,1
479,140,0
140,480,1
140,1212,1
140,1719,0
140,1941,0
140,2050,1
2051,140,0
140,2052,1
141,409,0
141,707,0
142,142,1
142,1216,1
52,143,0
143,140,1
143,386,1
143,479,1
480,143,0
481,143,0
482,143,0
143,780,1
143,915,1
143,916,1
143,1419,1
143,1643,1
144,50,1
144,64,1
106,144,0
387,144,0
144,451,1
480,144,0
144,481,1
144,1870,1
144,2057,1
144,2058,1
145,900,1
969,145,0
146,146,1
146,684,0
146,1013,0
146,1023,0
146,1513,1
146,1514,1
146,1587,1
146,1802,1
146,1858,1
1859,146,0
146,1861,1
146,1862,1
146,1863,1
1865,146,0
146,1866,1
147,147,1
147,1255,0
147,1753,0
148,781,1
148,1105,0
148,1332,1
148,1787,0
148,2072,1
149,457,0
149,872,1
1280,149,0
149,2073,1
149,2074,1
150,537,0
150,894,0
150,1657,1
1694,150,0
150,1826,0
150,2015,0
150,2081,1
2082,150,0
2083,150,0
151,806,0
151,1801,0
151,2093,1
151,2094,1
9,152,0
152,109,1
152,152,1
152,202,1
152,475,1
488,152,0
489,152,0
656,152,0
152,847,1
152,1384,0
152,1402,1
1425,152,0
152,1426,1
152,1520,1
152,1588,1
152,1682,1
152,1752,0
152,1766,1
1767,152,0
1769,152,0
2084,152,0
152,2095,1
152,2096,1
152,2097,1
152,2098,1
152,2099,1
2100,152,0
152,2101,1
152,2102,1
152,2103,1
2104,152,0
2105,152,0
2106,152,0
152,2133,0
1,153,0
153,8,1
153,61,1
153,106,1
153,129,1
153,396,1
420,153,0
153,457,1
153,479,1
153,480,1
153,481,1
153,652,1
780,153,0
153,781,1
1033,153,0
153,1034,1
153,1217,1
153,1834,0
2003,153,0
2150,153,0
153,2151,1
2152,153,0
153,2153,1
154,1265,1
154,1266,1
154,2158,1
154,2159,1
154,2160,1
154,2161,1
155,155,1
947,155,0
155,948,1
155,949,1
1025,155,0
155,1085,0
155,2091,0
6,156,0
156,83,1
103,156,0
156,185,1
156,186,1
156,189,1
156,224,1
225,156,0
156,240,1
156,346,1
397,156,0
156,401,1
156,409,1
156,505,1
156,506,1
509,156,0
156,534,1
156,549,1
554,156,0
561,156,0
156,597,1
156,598,1
156,599,1
156,601,1
156,604,1
156,611,1
615,156,0
156,616,1
156,633,1
652,156,0
653,156,0
656,156,0
671,156,0
156,757,1
156,771,1
156,774,1
156,775,1
156,776,1
156,779,1
156,780,1
156,781,1
811,156,0
1182,156,0
156,1285,1
1325,156,0
1367,156,0
1434,156,0
156,1435,1
156,1463,1
156,1464,1
156,1465,1
156,1466,1
156,1467,1
1598,156,0
156,1714,1
156,1718,1
156,1719,1
156,1800,1
156,1867,1
1868,156,0
1923,156,0
156,1982,1
2034,156,0
156,2166,1
156,2167,1
156,2168,1
2169,156,0
156,2170,1
2171,156,0
2172,156,0
156,2173,1
156,2174,1
156,2175,1
156,2176,1
2177,156,0
156,2178,1
157,1772,1
201,158,0
158,556,1
158,558,1
158,617,1
158,835,1
158,946,1
159,1166,0
159,1831,1
159,2179,1
159,2180,1
2181,159,0
2182,159,0
2183,159,0
159,2184,1
2185,159,0
159,2186,1
2187,159,0
160,1384,0
1524,160,0
160,2188,1
160,2189,1
2190,160,0
161,872,1
161,1823,0
161,2042,0
162,510,1
511,162,0
162,512,1
162,513,1
514,162,0
162,2191,1
162,2192,1
163,878,0
1462,163,0
1469,163,0
164,649,1
165,2193,1
166,267,1
166,1279,0
166,2194,1
167,167,1
167,430,0
167,706,0
167,745,0
167,945,1
167,1007,1
1009,167,0
168,82,1
168,1456,1
168,1733,1
2053,168,0
168,2054,1
168,2055,1
2195,168,0
168,2196,1
2197,168,0
168,2198,1
1004,169,0
1006,169,0
170,1086,1
170,1303,0
1346,170,0
170,1545,1
170,1896,1
170,2199,1
171,226,1
171,726,0
171,845,1
171,958,1
2200,171,0
172,1496,1
2201,172,0
173,2147,1
2202,173,0
174,396,1
174,1667,0
2056,174,0
174,2203,1
174,2204,1
175,476,0
176,869,0
176,1895,0
177,990,0
177,1458,0
177,1489,0
177,1884,0
178,537,0
178,1324,0
180,572,0
180,1300,0
181,586,0
182,1479,0
183,765,0
184,1509,0
185,2158,0
186,964,0
186,1134,0
187,1248,0
188,1324,0
188,1423,0
188,1476,0
189,387,0
189,1897,0
190,1807,0
190,2067,0
191,905,0
192,1296,0
193,947,0
193,1165,0
196,774,0
197,851,0
197,2148,0
198,1689,0
200,1734,0
202,993,0
202,1786,0
204,2056,0
206,321,0
206,1558,0
206,1703,0
208,578,0
208,677,0
210,1515,0
210,1726,0
212,842,0
212,1937,0
213,858,0
214,1867,0
215,913,0
216,1424,0
217,1181,0
219,1901,0
221,566,0
221,1802,0
222,1369,0
222,1944,0
228,1643,0
229,2098,0
232,1635,0
233,709,0
234,1354,0
236,1191,0
238,1016,0
239,1868,0
240,591,0
241,1663,0
242,322,0
243,382,0
246,615,0
246,1162,0
249,1138,0
249,1786,0
253,1433,0
254,872,0
255,887,0
257,1578,0
259,1698,0
259,1776,0
262,624,0
263,1181,0
263,1955,0
264,1161,0
264,1722,0
264,2094,0
266,1222,0
267,897,0
267,1743,0
269,1198,0
270,1307,0
271,407,0
271,1075,0
271,1160,0
273,1076,0
273,1338,0
274,987,0
274,1218,0
275,384,0
275,608,0
275,1421,0
276,768,0
276,1857,0
277,1459,0
277,1551,0
277,1961,0
280,2041,0
281,1595,0
282,342,0
287,670,0
287,726,0
290,1660,0
290,2020,0
292,787,0
292,1303,0
293,1281,0
294,495,0
294,561,0
294,1831,0
296,428,0
297,673,0
300,538,0
300,1224,0
304,2056,0
304,2063,0
305,1830,0
306,1503,0
307,431,0
307,1378,0
309,1094,0
310,1656,0
310,1903,0
312,1959,0
313,387,0
313,598,0
313,1211,0
313,1866,0
314,546,0
314,927,0
315,694,0
316,855,0
320,1355,0
320,1553,0
321,1337,0
323,653,0
323,1453,0
323,2085,0
324,352,0
324,786,0
324,1753,0
325,486,0
325,946,0
325,989,0
328,413,0
329,2128,0
332,2150,0
333,1915,0
336,838,0
338,389,0
340,675,0
343,426,0
343,1713,0
348,607,0
349,1608,0
350,1412,0
351,1240,0
351,1674,0
352,1829,0
353,1077,0
355,1817,0
356,459,0
356,1412,0
356,2196,0
360,704,0
360,1789,0
362,1625,0
362,2074,0
365,377,0
365,2138,0
367,665,0
367,953,0
368,644,0
369,1435,0
369,1471,0
371,934,0
371,971,0
373,1589,0
373,1768,0
374,1072,0
377,684,0
377,1297,0
378,1178,0
378,2057,0
380,2160,0
381,1564,0
382,403,0
384,541,0
384,1402,0
385,1984,0
386,1834,0
387,646,0
387,938,0
387,1027,0
389,432,0
390,1340,0
390,1929,0
391,1627,0
392,1364,0
393,2087,0
394,1614,0
395,669,0
395,698,0
395,726,0
397,1111,0
398,1471,0
399,1926,0
400,1518,0
402,989,0
402,1985,0
403,758,0
403,1443,0
404,1785,0
405,1833,0
406,803,0
406,1225,0
408,787,0
409,621,0
410,2024,0
411,803,0
411,848,0
411,1610,0
411,1825,0
413,1154,0
413,1722,0
416,1484,0
416,1890,0
417,1747,0
417,2009,0
418,1586,0
421,702,0
422,1931,0
424,608,0
424,1306,0
425,1046,0
425,1631,0
426,1532,0
428,972,0
430,755,0
430,1002,0
430,2140,0
430,2185,0
431,2110,0
433,1878,0
435,957,0
435,1535,0
439,1647,0
441,676,0
441,1367,0
441,1457,0
442,690,0
442,1107,0
443,941,0
444,1950,0
445,848,0
449,1757,0
453,1327,0
455,1935,0
455,2097,0
458,570,0
459,887,0
459,1625,0
460,1995,0
461,1436,0
462,626,0
463,1758,0
464,632,0
464,1039,0
464,2076,0
466,2060,0
468,1792,0
469,1267,0
470,1264,0
471,1925,0
472,2068,0
473,1223,0
473,1688,0
474,1787,0
475,1073,0
475,1453,0
475,1926,0
476,525,0
476,1630,0
478,1156,0
482,1282,0
482,1594,0
483,1947,0
483,2055,0
484,1424,0
485,1074,0
485,2014,0
488,1696,0
488,1902,0
490,2046,0
492,1138,0
492,1190,0
493,1006,0
493,1785,0
493,2025,0
495,1683,0
497,1150,0
497,1636,0
497,1718,0
499,1274,0
499,1436,0
499,1634,0
501,1536,0
502,2060,0
503,1318,0
504,1547,0
506,1323,0
506,1410,0
507,1530,0
508,1707,0
510,1743,0
511,1968,0
516,2029,0
517,1011,0
517,1022,0
517,1953,0
518,1643,0
519,2191,0
520,2047,0
520,2132,0
523,1419,0
524,1059,0
524,1675,0
525,1343,0
526,1193,0
526,1785,0
527,1167,0
527,1207,0
528,716,0
530,848,0
530,1281,0
532,1636,0
533,1599,0
533,1979,0
533,2132,0
534,1347,0
534,1672,0
536,931,0
536,1219,0
539,1186,0
539,1929,0
540,1488,0
541,2162,0
543,906,0
547,591,0
551,984,0
553,824,0
554,617,0
557,1541,0
559,1218,0
559,1612,0
564,1236,0
565,875,0
565,2190,0
566,1734,0
567,1025,0
569,754,0
571,761,0
573,1647,0
574,1363,0
576,1236,0
577,1944,0
580,862,0
580,1306,0
583,897,0
584,626,0
584,822,0
585,1905,0
586,772,0
586,834,0
590,758,0
590,1589,0
593,1723,0
594,2149,0
596,1195,0
598,1208,0
598,1574,0
599,662,0
601,1047,0
601,2130,0
602,1828,0
605,882,0
609,661,0
609,1272,0
610,688,0
611,911,0
611,1113,0
612,1629,0
612,1716,0
617,814,0
619,1329,0
621,995,0
621,1315,0
621,1524,0
622,945,0
623,1515,0
625,1526,0
626,852,0
627,681,0
629,834,0
630,1370,0
630,2088,0
631,1535,0
632,1788,0
634,2190,0
639,955,0
640,1944,0
641,710,0
641,1158,0
642,1198,0
645,1582,0
648,1183,0
648,1411,0
650,805,0
654,683,0
654,1874,0
655,2123,0
658,1714,0
661,1169,0
663,1439,0
664,1809,0
665,763,0
671,876,0
671,1616,0
671,1841,0
672,1079,0
674,2111,0
677,1621,0
678,780,0
680,915,0
681,1914,0
682,729,0
682,1792,0
683,990,0
683,1509,0
684,1135,0
687,810,0
688,974,0
690,1735,0
690,2196,0
691,885,0
693,826,0
695,1287,0
695,1394,0
697,1441,0
698,1103,0
699,2143,0
700,1487,0
700,2041,0
702,1724,0
704,818,0
706,1951,0
707,1838,0
708,1017,0
708,1995,0
710,1710,0
711,1844,0
713,961,0
718,1395,0
718,1658,0
719,819,0
719,1863,0
721,2051,0
722,1186,0
724,789,0
725,1362,0
726,1568,0
727,1056,0
729,1071,0
734,1566,0
739,963,0
741,1593,0
742,1518,0
743,1417,0
747,851,0
747,1756,0
748,2189,0
749,1271,0
749,1820,0
750,1687,0
751,1825,0
753,1367,0
753,1492,0
753,1798,0
754,1520,0
757,1132,0
758,1603,0
759,1856,0
760,849,0
761,1363,0
769,920,0
769,1099,0
769,1444,0
769,1628,0
770,1666,0
773,1279,0
774,1579,0
776,1569,0
777,859,0
778,1217,0
778,1449,0
779,938,0
779,1504,0
779,1519,0
784,814,0
785,1110,0
786,2082,0
787,1647,0
788,1962,0
792,1891,0
794,1411,0
795,1079,0
795,1128,0
796,1377,0
796,1390,0
798,1344,0
799,1531,0
800,923,0
800,1024,0
800,2204,0
802,887,0
804,1401,0
807,1564,0
809,1818,0
812,2159,0
814,1775,0
815,2037,0
815,2109,0
817,941,0
818,1681,0
819,1855,0
820,1895,0
822,1037,0
822,1199,0
823,1130,0
824,984,0
824,1461,0
826,1857,0
827,1000,0
827,1457,0
827,1902,0
828,898,0
828,1443,0
832,1833,0
832,2152,0
835,1377,0
839,1974,0
844,1712,0
844,2029,0
846,1026,0
846,1280,0
846,1663,0
851,1773,0
855,2156,0
858,1495,0
858,1624,0
860,1449,0
860,2187,0
861,1525,0
861,1584,0
861,1791,0
863,1073,0
870,1059,0
870,2133,0
876,1120,0
878,1315,0
882,915,0
882,1626,0
882,2151,0
890,1243,0
890,1523,0
890,1764,0
897,2193,0
899,1500,0
900,1274,0
901,1355,0
901,1601,0
902,2120,0
905,995,0
908,1306,0
911,1250,0
913,1943,0
914,938,0
919,1559,0
919,1645,0
920,1741,0
921,1359,0
921,1536,0
922,1011,0
922,2128,0
924,2191,0
925,980,0
927,1349,0
929,1653,0
931,1944,0
933,1492,0
933,2159,0
933,2174,0
934,1452,0
936,1743,0
938,1105,0
938,1235,0
939,1363,0
939,1917,0
944,1647,0
945,2050,0
946,1345,0
946,2085,0
947,1331,0
949,1253,0
950,1805,0
955,1113,0
957,1351,0
959,1544,0
959,1841,0
960,1535,0
963,1004,0
964,1372,0
964,1988,0
965,1119,0
966,1252,0
968,1657,0
968,1824,0
968,2085,0
972,1630,0
972,2040,0
972,2197,0
973,1223,0
976,1535,0
977,1100,0
978,1892,0
978,2042,0
979,1715,0
979,1955,0
980,2104,0
981,1909,0
982,1529,0
983,1359,0
985,1089,0
987,1064,0
988,1974,0
989,1093,0
997,1159,0
997,1817,0
999,1452,0
999,2084,0
999,2113,0
1003,1465,0
1005,1108,0
1010,1480,0
1010,1743,0
1011,1482,0
1011,1677,0
1012,1475,0
1018,1536,0
1019,2195,0
1020,1444,0
1023,1648,0
1027,1752,0
1028,1722,0
1030,1768,0
1033,1974,0
1034,1833,0
1035,1540,0
1036,1867,0
1038,1164,0
1038,1397,0
1040,1930,0
1042,1679,0
1045,1176,0
1046,1069,0
1048,1497,0
1051,1987,0
1052,2116,0
1053,1889,0
1055,1265,0
1059,1076,0
1060,1625,0
1061,1603,0
1062,1922,0
1063,2190,0
1065,1960,0
1067,1290,0
1067,2135,0
1072,2058,0
1073,1187,0
1076,1575,0
1084,1560,0
1088,1517,0
1091,2196,0
1092,1338,0
1094,1913,0
1096,1191,0
1096,2183,0
1100,1586,0
1106,1493,0
1108,1736,0
1111,1371,0
1112,2038,0
1114,1413,0
1115,1736,0
1115,1908,0
1118,1638,0
1125,1302,0
1128,2168,0
1133,1325,0
1137,1232,0
1138,1626,0
1140,1348,0
1141,1604,0
1141,1752,0
1145,1442,0
1145,1834,0
1147,1319,0
1147,1365,0
1147,1599,0
1149,1347,0
1151,1706,0
1151,1847,0
1151,1880,0
1151,2129,0
1152,1410,0
1152,1915,0
1154,1956,0
1155,1733,0
1159,1707,0
1160,2112,0
1161,1417,0
1161,1964,0
1164,1714,0
1165,1253,0
1167,2100,0
1170,1190,0
1172,1812,0
1174,2094,0
1177,1564,0
1179,1232,0
1180,1417,0
1181,1364,0
1182,1215,0
1183,1288,0
1191,1719,0
1191,1901,0
1192,1948,0
1193,1378,0
1196,1226,0
1196,2044,0
1199,2016,0
1200,1505,0
1203,1455,0
1214,2086,0
1215,2126,0
1216,1620,0
1216,1872,0
1217,2074,0
1223,1381,0
1225,1762,0
1227,1475,0
1229,1524,0
1230,1625,0
1236,2133,0
1237,1366,0
1237,2157,0
1239,1816,0
1242,1429,0
1244,1946,0
1258,2161,0
1263,1379,0
1267,2165,0
1268,1972,0
1269,1655,0
1274,1908,0
1277,1661,0
1282,1603,0
1285,1466,0
1285,2047,0
1288,2105,0
1291,1484,0
1296,1621,0
1296,1774,0
1297,1644,0
1299,1423,0
1299,1750,0
1300,1586,0
1303,1697,0
1303,1956,0
1312,1894,0
1315,2199,0
1316,2125,0
1318,2165,0
1321,1947,0
1323,1636,0
1332,1920,0
1339,1441,0
1340,1496,0
1340,1817,0
1344,1874,0
1358,1379,0
1358,1652,0
1361,1708,0
1362,1882,0
1364,1870,0
1364,1975,0
1368,1658,0
1368,1851,0
1369,2103,0
1372,1588,0
1376,1705,0
1378,2013,0
1381,1614,0
1381,1676,0
1386,2192,0
1392,1565,0
1393,2067,0
1396,1970,0
1397,1962,0
1398,1683,0
1398,1759,0
1400,1678,0
1400,1837,0
1400,1942,0
1403,1814,0
1406,2053,0
1406,2163,0
1407,1676,0
1412,1719,0
1412,2120,0
1413,2002,0
1414,2176,0
1416,1668,0
1418,2110,0
1421,1646,0
1424,1713,0
1425,1996,0
1428,1794,0
1429,2133,0
1430,1796,0
1432,1441,0
1437,1978,0
1438,1891,0
1439,1645,0
1439,1881,0
1440,2030,0
1442,1994,0
1443,1878,0
1443,2157,0
1444,1487,0
1444,1611,0
1454,1530,0
1458,1696,0
1459,2126,0
1466,1876,0
1468,1913,0
1472,1916,0
1474,1795,0
1474,1950,0
1475,2130,0
1478,1552,0
1485,1705,0
1485,1832,0
1486,1638,0
1493,1555,0
1498,1521,0
1505,1647,0
1507,1934,0
1508,2033,0
1509,2060,0
1511,1559,0
1515,2157,0
1517,2017,0
1518,1912,0
1519,2193,0
1521,1725,0
1530,1569,0
1533,1534,0
1535,1891,0
1538,2086,0
1540,1994,0
1546,1609,0
1547,1744,0
1550,1837,0
1550,1898,0
1553,2040,0
1555,1758,0
1558,2153,0
1559,1897,0
1562,1807,0
1564,1750,0
1564,1761,0
1573,2167,0
1574,2061,0
1575,1601,0
1582,1873,0
1584,1993,0
1586,1747,0
1590,1621,0
1597,2160,0
1601,1925,0
1603,1727,0
1608,1992,0
1610,1684,0
1614,1752,0
1615,1655,0
1615,1773,0
1620,1873,0
1626,1929,0
1627,1699,0
1631,2086,0
1632,1969,0
1637,1790,0
1638,2007,0
1640,1915,0
1644,1847,0
1645,1699,0
1649,2114,0
1651,2005,0
1653,2158,0
1657,1947,0
1659,1815,0
1661,1999,0
1666,1874,0
1670,1814,0
1671,1744,0
1671,2150,0
1677,1845,0
1677,1870,0
1678,1850,0
1679,1811,0
1680,1940,0
1687,1897,0
1692,1802,0
1703,2074,0
1708,2011,0
1712,1830,0
1715,1945,0
1721,1728,0
1722,1800,0
1727,2041,0
1736,2061,0
1743,1943,0
1752,1792,0
1753,1803,0
1767,2148,0
1772,2085,0
1778,2051,0
1780,1896,0
1784,2079,0
1794,2041,0
1797,1835,0
1807,2130,0
1808,2052,0
1827,2126,0
1830,2011,0
1842,1973,0
1859,2166,0
1873,1943,0
1880,2160,0
1881,1978,0
1884,2075,0
1891,1926,0
1891,2047,0
1911,2069,0
1922,1937,0
1922,2157,0
1935,2072,0
1938,1977,0
1946,2177,0
1950,1989,0
1970,2148,0
1975,2125,0
2003,2096,0
2018,2180,0
2032,2176,0
2040,2076,0
2060,2155,0
2065,2133,0
2071,2156,0
2073,2109,0
2117,2152,0
2125,2158,0
2139,2178,0
