0,10,1
0,25,1
0,27,1
0,28,1
0,43,1
0,91,1
0,100,1
0,111,1
0,152,1
0,175,1
0,176,1
0,177,1
0,178,1
0,179,1
0,180,1
0,181,1
0,182,1
0,183,1
0,184,1
0,185,1
0,186,1
0,187,1
0,188,1
0,189,1
0,190,1
0,191,1
0,192,1
0,193,1
0,194,1
0,195,1
0,196,1
0,197,1
0,198,1
0,199,1
0,200,1
0,201,1
0,202,1
0,203,1
0,204,1
0,205,1
0,206,1
0,207,1
0,208,1
0,209,1
0,210,1
0,211,1
0,212,1
0,213,1
0,214,1
0,215,1
0,216,1
0,217,1
0,218,1
0,219,1
0,220,1
0,221,1
0,222,1
0,223,1
0,224,1
0,225,1
0,226,1
0,227,1
0,228,1
0,229,1
0,230,1
0,231,1
0,232,1
0,233,1
0,234,1
0,235,1
0,236,1
0,237,1
0,238,1
0,239,1
0,240,1
0,241,1
0,242,1
0,243,1
0,244,1
0,245,1
0,246,1
0,247,1
0,248,1
0,249,1
0,250,1
0,251,1
0,252,1
0,253,1
0,254,1
0,255,1
0,256,1
0,257,1
0,258,1
0,259,1
0,260,1
0,261,1
0,262,1
0,263,1
0,264,1
0,265,1
0,266,1
0,267,1
0,268,1
0,269,1
0,270,1
0,271,1
0,272,1
0,273,1
0,274,1
0,275,1
0,276,1
0,277,1
0,278,1
0,279,1
0,280,1
0,281,1
0,282,1
0,283,1
0,284,1
0,285,1
0,286,1
0,287,1
0,288,1
0,289,1
0,290,1
0,291,1
0,292,1
0,293,1
0,294,1
0,295,1
0,296,1
0,297,1
0,298,1
0,299,1
0,300,1
0,301,1
0,302,1
0,303,1
0,304,1
0,305,1
0,306,1
0,307,1
0,308,1
0,309,1
0,310,1
0,311,1
0,312,1
0,313,1
0,314,1
0,315,1
0,316,1
0,317,1
0,318,1
0,319,1
0,320,1
0,321,1
0,322,1
0,323,1
0,324,1
0,325,1
0,326,1
0,327,1
0,328,1
0,329,1
0,330,1
0,331,1
0,332,1
0,333,1
0,334,1
0,335,1
0,336,1
0,337,1
0,338,1
0,339,1
0,340,1
0,341,1
0,342,1
0,343,1
0,344,1
0,345,1
0,346,1
0,347,1
0,348,1
0,349,1
0,350,1
0,351,1
0,352,1
0,353,1
0,354,1
0,355,1
0,356,1
0,357,1
0,358,1
0,359,1
0,360,1
0,361,1
0,362,1
0,363,1
0,364,1
0,365,1
0,366,1
0,367,1
0,368,1
0,369,1
0,370,1
0,371,1
0,372,1
0,373,1
0,374,1
0,375,1
0,376,1
0,377,1
0,378,1
0,379,1
0,380,1
0,381,1
0,382,1
0,383,1
0,384,1
0,385,1
0,386,1
0,387,1
0,388,1
0,389,1
0,390,1
0,391,1
0,392,1
0,1467,3
0,1564,3
1,100,1
1,269,1
1,272,1
1,279,1
1,393,1
1,394,1
1,395,1
1,396,1
1,397,1
1,398,1
1,399,1
1,400,1
1,401,1
1,402,1
1,403,1
1,404,1
1,405,1
1,406,1
1,407,1
1,408,1
1,409,1
1,410,1
1,411,1
1,412,1
1,413,1
1,414,1
1,415,1
1,416,1
1,417,1
1,418,1
1,419,1
1,420,1
1,421,1
1,422,1
1,423,1
1,424,1
1,425,1
1,426,1
1,427,1
1,619,3
1,740,3
1,1729,3
1,1980,3
2,428,1
2,429,1
2,430,1
2,431,1
2,432,1
2,433,1
2,434,1
2,435,1
2,436,1
2,437,1
2,438,1
2,461,3
2,797,3
2,1782,3
2,1825,3
3,43,1
3,245,1
3,439,1
3,440,1
3,441,1
3,442,1
3,443,1
3,444,1
3,445,1
3,758,3
3,1041,3
3,1711,3
4,25,1
4,54,3
4,100,1
4,106,1
4,121,1
4,240,3
4,414,1
4,429,1
4,446,1
4,447,1
4,448,1
4,449,1
4,450,1
4,451,1
4,452,1
4,453,1
4,454,1
4,455,1
4,456,1
4,457,1
4,458,1
4,459,1
4,460,1
4,461,1
4,462,1
4,463,1
4,464,1
4,465,1
4,466,1
4,467,1
4,468,1
4,469,1
4,470,1
4,471,1
4,472,1
4,473,1
4,474,1
4,475,1
4,476,1
4,477,1
4,478,1
4,479,1
4,480,1
4,481,1
4,482,1
4,483,1
4,484,1
4,485,1
4,486,1
4,487,1
4,488,1
4,489,1
4,490,1
4,491,1
4,492,1
4,493,1
4,549,3
4,590,3
4,1043,3
5,33,1
5,191,1
5,192,1
5,193,1
5,194,1
5,195,1
5,197,1
5,440,3
5,494,1
5,495,1
5,496,1
5,497,1
5,498,1
5,499,1
5,500,1
5,501,1
5,502,1
5,503,1
5,504,1
5,505,1
5,506,1
5,507,1
5,508,1
5,509,1
5,510,1
5,511,1
5,512,1
5,513,1
5,514,1
5,515,1
5,516,1
5,517,1
5,518,1
5,519,1
5,520,1
5,521,1
5,522,1
5,523,1
5,524,1
5,525,1
5,526,1
5,527,1
5,528,1
5,529,1
5,530,1
5,531,1
6,8,1
6,9,1
6,11,1
6,21,1
6,22,1
6,29,1
6,33,1
6,61,1
6,103,1
6,104,1
6,108,1
6,112,1
6,158,1
6,164,1
6,175,1
6,177,1
6,185,1
6,186,1
6,187,1
6,188,1
6,195,1
6,196,1
6,201,1
6,205,1
6,207,1
6,208,1
6,209,1
6,225,1
6,235,1
6,236,1
6,237,1
6,240,1
6,241,1
6,242,1
6,249,1
6,255,1
6,275,1
6,276,1
6,281,1
6,283,1
6,285,1
6,287,1
6,288,1
6,289,1
6,290,1
6,291,1
6,292,1
6,294,1
6,295,1
6,296,1
6,297,1
6,346,1
6,383,1
6,393,1
6,397,1
6,407,1
6,409,1
6,511,1
6,514,1
6,515,1
6,517,1
6,518,1
6,519,1
6,520,1
6,521,1
6,523,1
6,524,1
6,525,1
6,528,1
6,532,1
6,533,1
6,534,1
6,535,1
6,536,1
6,537,1
6,538,1
6,539,1
6,540,1
6,541,1
6,542,1
6,543,1
6,544,1
6,545,1
6,546,1
6,547,1
6,548,1
6,549,1
6,550,1
6,551,1
6,552,1
6,553,1
6,554,1
6,555,1
6,556,1
6,557,1
6,558,1
6,559,1
6,560,1
6,561,1
6,562,1
6,563,1
6,564,1
6,565,1
6,566,1
6,567,1
6,568,1
6,569,1
6,570,1
6,571,1
6,572,1
6,573,1
6,574,1
6,575,1
6,576,1
6,577,1
6,578,1
6,579,1
6,580,1
6,581,1
6,582,1
6,583,1
6,584,1
6,585,1
6,586,1
6,587,1
6,588,1
6,589,1
6,590,1
6,591,1
6,592,1
6,593,1
6,594,1
6,595,1
6,596,1
6,597,1
6,598,1
6,599,1
6,600,1
6,601,1
6,602,1
6,603,1
6,604,1
6,605,1
6,606,1
6,607,1
6,608,1
6,609,1
6,610,1
6,611,1
6,612,1
6,613,1
6,614,1
6,615,1
6,616,1
6,617,1
6,618,1
6,619,1
6,620,1
6,621,1
6,622,1
6,623,1
6,624,1
6,625,1
6,626,1
6,627,1
6,628,1
6,629,1
6,630,1
6,631,1
6,632,1
6,633,1
6,634,1
6,635,1
6,636,1
6,637,1
6,638,1
6,639,1
6,640,1
6,641,1
6,642,1
6,643,1
6,644,1
6,645,1
6,646,1
6,647,1
6,648,1
6,649,1
6,650,1
6,651,1
6,652,1
6,653,1
6,654,1
6,655,1
6,656,1
6,657,1
6,658,1
6,659,1
6,660,1
6,661,1
6,662,1
6,663,1
6,664,1
6,665,1
6,666,1
6,667,1
6,668,1
6,669,1
6,670,1
6,671,1
6,672,1
6,673,1
6,674,1
6,675,1
6,676,1
6,677,1
6,678,1
6,679,1
6,680,1
6,681,1
6,682,1
6,683,1
6,684,1
6,685,1
6,686,1
6,687,1
6,688,1
6,689,1
6,690,1
6,691,1
6,692,1
6,693,1
6,694,1
6,695,1
6,696,1
6,697,1
6,698,1
6,699,1
6,700,1
6,701,1
6,702,1
6,703,1
6,704,1
6,705,1
6,706,1
6,707,1
6,708,1
6,709,1
6,710,1
6,711,1
6,712,1
6,713,1
6,714,1
6,715,1
6,716,1
6,717,1
6,718,1
6,719,1
6,720,1
6,721,1
6,722,1
6,723,1
6,724,1
6,725,1
6,726,1
6,727,1
6,728,1
6,729,1
6,730,1
6,731,1
7,12,1
7,25,1
7,27,1
7,28,1
7,30,1
7,44,1
7,51,1
7,52,1
7,54,1
7,55,1
7,56,1
7,60,1
7,66,1
7,67,1
7,68,1
7,69,1
7,77,1
7,79,1
7,80,1
7,84,1
7,95,1
7,96,1
7,97,1
7,102,1
7,104,1
7,107,1
7,111,1
7,112,1
7,114,1
7,116,1
7,120,1
7,127,1
7,128,3
7,145,1
7,152,1
7,155,1
7,156,1
7,158,1
7,167,1
7,169,1
7,177,1
7,180,1
7,186,1
7,188,1
7,190,1
7,191,1
7,194,1
7,202,1
7,203,1
7,206,1
7,207,1
7,208,1
7,209,1
7,211,1
7,215,1
7,225,1
7,226,1
7,227,1
7,228,1
7,230,1
7,232,1
7,233,1
7,242,1
7,243,1
7,245,1
7,246,1
7,249,1
7,250,1
7,251,1
7,255,1
7,256,1
7,257,1
7,260,1
7,264,1
7,266,1
7,270,1
7,272,1
7,278,1
7,279,1
7,286,1
7,300,1
7,302,1
7,303,1
7,340,1
7,391,1
7,392,1
7,393,1
7,396,1
7,401,1
7,407,1
7,411,1
7,421,1
7,441,1
7,457,1
7,460,1
7,474,1
7,479,1
7,481,1
7,488,1
7,489,1
7,532,1
7,536,1
7,538,1
7,559,1
7,560,1
7,561,1
7,562,1
7,597,1
7,598,1
7,599,1
7,600,1
7,601,1
7,603,1
7,607,1
7,608,1
7,612,1
7,614,1
7,617,1
7,631,1
7,633,1
7,636,1
7,638,1
7,639,1
7,641,1
7,642,1
7,643,1
7,645,1
7,670,1
7,675,1
7,676,1
7,677,1
7,679,1
7,708,1
7,709,1
7,710,1
7,711,1
7,712,1
7,714,1
7,715,1
7,716,1
7,722,1
7,723,1
7,729,1
7,732,1
7,733,1
7,734,1
7,735,1
7,736,1
7,737,1
7,738,1
7,739,1
7,740,1
7,741,1
7,742,1
7,743,1
7,744,1
7,745,1
7,746,1
7,747,1
7,748,1
7,749,1
7,750,1
7,751,1
7,752,1
7,753,1
7,754,1
7,755,1
7,756,1
7,757,1
7,758,1
7,759,1
7,760,1
7,761,1
7,762,1
7,763,1
7,764,1
7,765,1
7,766,1
7,767,1
7,768,1
7,769,1
7,770,1
7,771,1
7,772,1
7,773,1
7,774,1
7,775,1
7,776,1
7,777,1
7,778,1
7,779,1
7,780,1
7,781,1
7,782,1
7,783,1
7,784,1
7,785,1
7,786,1
7,787,1
7,788,1
7,789,1
7,790,1
7,791,1
7,792,1
7,793,1
7,794,1
7,795,1
7,796,1
7,797,1
7,798,1
7,799,1
7,800,1
7,801,1
7,802,1
7,803,1
7,804,1
7,805,1
7,806,1
7,807,1
7,808,1
7,809,1
7,810,1
7,811,1
7,812,1
7,813,1
7,814,1
7,815,1
7,816,1
7,817,1
7,818,1
7,819,1
7,820,1
7,821,1
7,822,1
7,823,1
7,824,1
7,825,1
7,826,1
7,827,1
7,828,1
7,829,1
7,830,1
7,831,1
7,832,1
7,833,1
7,834,1
7,835,1
7,836,1
7,837,1
7,838,1
7,839,1
7,840,1
7,841,1
7,842,1
7,843,1
7,844,1
7,845,1
7,846,1
7,847,1
7,848,1
7,849,1
7,850,1
7,851,1
7,852,1
7,853,1
7,854,1
7,855,1
7,856,1
7,857,1
7,858,1
7,859,1
7,860,1
7,861,1
7,862,1
7,863,1
7,864,1
7,865,1
7,866,1
7,867,1
7,868,1
7,869,1
7,870,1
7,871,1
7,872,1
7,873,1
7,874,1
7,875,1
7,876,1
7,877,1
7,878,1
7,879,1
7,880,1
7,881,1
7,882,1
7,883,1
7,884,1
7,885,1
7,886,1
7,887,1
7,888,1
7,889,1
7,891,1
7,892,1
7,893,1
7,894,1
7,895,1
7,896,1
7,897,1
7,898,1
7,899,1
7,900,1
7,901,1
7,902,1
7,903,1
7,904,1
7,905,1
7,906,1
7,907,1
7,908,1
7,910,1
7,911,1
7,912,1
7,913,1
7,914,1
7,915,1
7,916,1
7,926,1
7,927,1
7,928,1
7,929,1
7,930,1
7,931,1
7,932,1
7,933,1
7,934,1
7,935,1
7,936,1
7,937,1
7,938,1
7,939,1
7,940,1
7,941,1
7,942,1
7,943,1
7,944,1
7,945,1
7,946,1
7,947,1
7,948,1
7,949,1
7,950,1
7,951,1
7,952,1
7,953,1
7,954,1
7,955,1
7,956,1
7,957,1
7,958,1
7,959,1
7,960,1
7,961,1
7,962,1
7,963,1
7,964,1
7,965,1
7,966,1
7,967,1
7,968,1
7,969,1
7,970,1
7,971,1
7,972,1
7,973,1
7,974,1
7,975,1
7,976,1
7,977,1
7,978,1
7,979,1
7,980,1
7,981,1
7,982,1
7,983,1
7,984,1
7,985,1
7,986,1
7,987,1
7,988,1
7,989,1
7,990,1
7,991,1
7,992,1
7,993,1
7,994,1
7,995,1
7,996,1
7,997,1
7,998,1
7,999,1
7,1000,1
7,1001,1
7,1002,1
7,1003,1
7,1004,1
7,1005,1
7,1006,1
7,1007,1
7,1008,1
7,1009,1
7,1010,1
7,1011,1
7,1012,1
7,1013,1
7,1014,1
7,1015,1
7,1016,1
7,1017,1
7,1018,1
7,1019,1
7,1020,1
7,1021,1
7,1022,1
7,1023,1
7,1024,1
7,1025,1
7,1026,1
7,1027,1
7,1028,1
7,1029,1
7,1030,1
7,1031,1
7,1032,1
8,437,3
8,1013,3
8,1033,1
8,1034,1
8,2161,3
9,28,1
9,36,1
9,41,1
9,48,1
9,52,1
9,54,3
9,82,1
9,88,1
9,92,1
9,97,1
9,98,1
9,99,1
9,100,1
9,104,1
9,105,1
9,107,1
9,110,1
9,117,1
9,118,1
9,119,1
9,122,1
9,127,1
9,149,1
9,161,1
9,163,1
9,177,1
9,180,1
9,215,1
9,234,1
9,239,1
9,246,1
9,266,1
9,268,1
9,304,1
9,311,1
9,391,1
9,398,1
9,440,1
9,441,1
9,442,1
9,444,1
9,447,1
9,468,1
9,472,1
9,504,1
9,505,1
9,507,1
9,520,1
9,521,1
9,522,1
9,544,1
9,546,1
9,550,1
9,561,1
9,573,1
9,579,1
9,599,1
9,621,1
9,628,1
9,645,3
9,687,1
9,693,1
9,695,1
9,706,1
9,719,1
9,734,1
9,738,1
9,758,1
9,788,1
9,802,1
9,808,1
9,819,1
9,828,1
9,852,1
9,863,1
9,885,1
9,888,1
9,891,1
9,896,1
9,905,1
9,910,1
9,915,1
9,943,1
9,971,1
9,997,1
9,1014,1
9,1019,1
9,1023,1
9,1035,1
9,1036,1
9,1037,1
9,1038,1
9,1039,1
9,1040,1
9,1041,1
9,1042,1
9,1043,1
9,1044,1
9,1045,1
9,1046,1
9,1047,1
9,1048,1
9,1049,1
9,1050,1
9,1051,1
9,1052,1
9,1053,1
9,1054,1
9,1055,1
9,1056,1
9,1057,1
9,1058,1
9,1059,1
9,1060,1
9,1061,1
9,1062,1
9,1063,1
9,1064,1
9,1065,1
9,1066,1
9,1067,1
9,1068,1
9,1069,1
9,1070,1
9,1071,1
9,1072,1
9,1073,1
9,1074,1
9,1075,1
9,1076,1
9,1077,1
9,1078,1
9,1079,1
9,1080,1
9,1081,1
9,1082,1
9,1083,1
9,1084,1
9,1085,1
9,1086,1
9,1087,1
9,1088,1
9,1089,1
9,1090,1
9,1091,1
9,1092,1
9,1093,1
9,1094,1
9,1095,1
9,1096,1
9,1097,1
9,1098,1
9,1099,1
9,1100,1
9,1101,1
9,1102,1
9,1103,1
9,1104,1
9,1105,1
9,1106,1
9,1107,1
9,1108,1
9,1109,1
9,1110,1
9,1111,1
9,1112,1
9,1113,1
9,1114,1
9,1115,1
9,1116,1
9,1117,1
9,1118,1
9,1119,1
9,1120,1
9,1121,1
9,1122,1
9,1123,1
9,1124,1
9,1125,1
9,1126,1
9,1127,1
9,1128,1
9,1129,1
9,1130,1
9,1131,1
9,1132,1
9,1133,1
9,1134,1
9,1135,1
9,1136,1
9,1137,1
9,1138,1
9,1139,1
9,1140,1
9,1141,1
9,1142,1
9,1143,1
9,1144,1
9,1145,1
9,1146,1
9,1147,1
9,1148,1
9,1149,1
9,1150,1
9,1151,1
9,1152,1
9,1153,1
9,1154,1
9,1155,1
9,1156,1
9,1157,1
9,1158,1
9,1159,1
9,1160,1
9,1161,1
9,1162,1
9,1163,1
9,1164,1
9,1165,1
9,1166,1
9,1167,1
9,1168,1
9,1169,1
9,1170,1
9,1171,1
9,1172,1
9,1173,1
9,1174,1
9,1175,1
9,1176,1
9,1177,1
9,1178,1
9,1179,1
9,1180,1
9,1181,1
9,1182,1
9,1183,1
9,1184,1
9,1185,1
9,1186,1
9,1187,1
9,1188,1
9,1189,1
9,1190,1
9,1191,1
9,1192,1
9,1193,1
9,1194,1
9,1195,1
9,1196,1
9,1197,1
9,1198,1
9,1199,1
9,1200,1
9,1201,1
9,1202,1
9,1203,1
9,1204,1
9,1205,1
9,1206,1
9,1207,1
9,1208,1
9,1209,1
9,1210,1
9,1211,1
9,1212,1
9,1213,1
9,1214,1
9,1215,1
9,1216,1
9,1217,1
9,1218,1
9,1219,1
9,1220,1
9,1221,1
9,1222,1
9,1223,1
9,1224,1
9,1225,1
9,1226,1
9,1227,1
9,1228,1
9,1229,1
9,1230,1
9,1231,1
9,1232,1
9,1233,1
9,1234,1
9,1235,1
9,1236,1
9,1237,1
9,1238,1
9,1239,1
9,1240,1
9,1241,1
9,1242,1
9,1243,1
9,1244,1
9,1245,1
9,1246,1
9,1247,1
9,1248,1
9,1249,1
9,1250,1
9,1251,1
9,1252,1
9,1253,1
9,1254,1
9,1255,1
9,1256,1
9,1257,1
9,1258,1
9,1259,1
9,1260,1
9,1261,1
9,1262,1
9,1263,1
9,1264,1
9,1265,1
9,1266,1
9,1267,1
9,1268,1
9,1269,1
9,1270,1
9,1271,1
9,1272,1
9,1273,1
9,1274,1
9,1275,1
9,1276,1
9,1277,1
9,1278,1
9,1279,1
9,1280,1
9,1281,1
9,1282,1
9,1283,1
9,1284,1
9,1285,1
9,1286,1
9,1287,1
9,1288,1
9,1289,1
9,1290,1
9,1291,1
9,1292,1
9,1293,1
9,1294,1
9,1295,1
9,1296,1
9,1297,1
9,1298,1
9,1299,1
9,1300,1
9,1301,1
9,1302,1
9,1303,1
9,1304,1
9,1305,1
9,1306,1
9,1307,1
9,1308,1
9,1309,1
9,1310,1
9,1311,1
9,1312,1
9,1313,1
9,1314,1
9,1315,1
9,1316,1
9,1317,1
9,1318,1
9,1319,1
9,1320,1
9,1321,1
9,1322,1
9,1323,1
9,1324,1
9,1325,1
9,1326,1
9,1327,1
9,1328,1
9,1329,1
9,1330,1
9,1331,1
9,1332,1
9,1333,1
9,1334,1
9,1335,1
9,1336,1
9,1337,1
9,1338,1
9,1339,1
9,1340,1
9,1341,1
9,1342,1
9,1343,1
9,1344,1
9,1345,1
9,1346,1
9,1347,1
9,1348,1
9,1349,1
9,1350,1
9,1351,1
9,1352,1
9,1353,1
9,1354,1
9,1355,1
9,1356,1
9,1357,1
9,1358,1
9,1359,1
9,1360,1
9,1361,1
9,1362,1
9,1363,1
9,1364,1
9,1365,1
9,1366,1
9,1367,1
9,1368,1
9,1369,1
9,1370,1
9,1371,1
9,1372,1
9,1373,1
9,1374,1
9,1375,1
9,1376,1
9,1377,1
9,1378,1
9,1379,1
9,1380,1
9,1381,1
9,1382,1
9,1383,1
9,1384,1
9,1385,1
9,1386,1
9,1387,1
10,8,1
10,15,1
10,19,1
10,20,1
10,29,1
10,62,1
10,65,1
10,87,1
10,106,1
10,115,1
10,129,1
10,134,1
10,143,1
10,148,1
10,180,1
10,182,1
10,190,1
10,226,1
10,228,1
10,245,1
10,308,1
10,322,1
10,327,1
10,328,1
10,346,1
10,349,1
10,350,1
10,352,1
10,353,1
10,355,1
10,357,1
10,359,1
10,360,1
10,362,1
10,363,1
10,364,1
10,366,1
10,367,1
10,371,1
10,374,1
10,420,1
10,452,1
10,479,1
10,481,1
10,546,1
10,547,1
10,549,1
10,551,1
10,553,1
10,635,1
10,637,1
10,638,1
10,671,1
10,731,1
10,780,1
10,788,1
10,789,1
10,791,1
10,812,1
10,814,1
10,859,1
10,860,1
10,880,1
10,888,1
10,889,1
10,890,3
10,898,1
10,916,1
10,1033,1
10,1115,1
10,1148,3
10,1280,1
10,1306,1
10,1388,1
10,1389,1
10,1390,1
10,1391,1
10,1392,1
10,1393,1
10,1394,1
10,1395,1
10,1396,1
10,1397,1
10,1398,1
10,1399,1
10,1400,1
10,1401,1
10,1402,1
10,1403,1
10,1404,1
10,1405,1
10,1406,1
10,1407,1
10,1408,1
10,1409,1
10,1410,1
10,1411,1
10,1412,1
10,1413,1
10,1414,1
10,1415,1
10,1416,1
10,1417,1
10,1418,1
10,1419,1
10,1420,1
10,1421,1
10,1422,1
10,1423,1
10,1424,1
10,1425,1
10,1426,1
10,1427,1
10,1428,1
10,1429,1
10,1430,1
10,1431,1
10,1432,1
10,1433,1
10,1434,1
10,1435,1
10,1436,1
10,1437,1
10,1438,1
10,1439,1
10,1440,1
10,1441,1
10,1442,1
10,1443,1
10,2188,3
11,1,1
11,100,1
11,272,1
11,393,1
11,395,1
11,397,1
11,401,1
11,402,1
11,403,1
11,404,1
11,405,1
11,406,1
11,409,1
11,412,1
11,413,1
11,419,1
11,575,1
11,1033,1
11,1271,1
11,1444,1
11,1445,1
11,1446,1
11,1447,1
11,1448,1
11,1449,1
11,1450,1
11,1451,1
11,1452,1
11,1625,3
11,2201,3
12,82,1
12,156,1
12,267,1
12,406,1
12,422,1
12,570,1
12,682,1
12,683,1
12,875,1
12,952,1
12,1053,1
12,1055,1
12,1085,3
12,1118,1
12,1241,1
12,1385,1
12,1453,1
12,1454,1
12,1455,1
1456,12,0
1457,12,0
1458,12,0
1459,12,0
1460,12,0
1461,12,0
1462,12,0
1463,12,0
1464,12,0
1465,12,0
1466,12,0
1467,12,0
1468,12,0
1469,12,0
1470,12,0
12,1689,3
12,2113,3
3,13,0
29,13,0
46,13,0
116,13,0
127,13,0
13,511,3
577,13,0
578,13,0
869,13,0
871,13,0
1014,13,0
1093,13,0
1144,13,0
13,1346,3
1429,13,0
1471,13,0
1472,13,0
1473,13,0
1474,13,0
1475,13,0
1476,13,0
1477,13,0
1478,13,0
1479,13,0
1480,13,0
1481,13,0
1482,13,0
1483,13,0
1484,13,0
1485,13,0
1486,13,0
1487,13,0
1488,13,0
1489,13,0
1490,13,0
1491,13,0
1492,13,0
1493,13,0
1494,13,0
1495,13,0
1496,13,0
1497,13,0
1498,13,0
13,2011,3
109,14,0
661,14,0
674,14,0
684,14,0
687,14,0
1230,14,0
1392,14,0
14,1413,3
1499,14,0
1500,14,0
1501,14,0
1502,14,0
1503,14,0
1504,14,0
1505,14,0
1506,14,0
1507,14,0
1508,14,0
1509,14,0
1510,14,0
1511,14,0
1512,14,0
28,15,0
65,15,0
15,179,3
271,15,0
475,15,0
476,15,0
488,15,0
489,15,0
1074,15,0
1280,15,0
1407,15,0
1417,15,0
1418,15,0
1419,15,0
1420,15,0
1513,15,0
1514,15,0
1515,15,0
1516,15,0
1517,15,0
1518,15,0
15,1685,3
98,16,0
1398,16,0
16,1785,3
16,1929,3
16,2097,3
28,17,0
38,17,0
50,17,0
90,17,0
113,17,0
133,17,0
145,17,0
183,17,0
185,17,0
186,17,0
187,17,0
189,17,0
199,17,0
200,17,0
201,17,0
205,17,0
206,17,0
207,17,0
217,17,0
218,17,0
219,17,0
220,17,0
221,17,0
222,17,0
225,17,0
240,17,0
249,17,0
251,17,0
275,17,0
287,17,0
288,17,0
289,17,0
290,17,0
291,17,0
292,17,0
293,17,0
295,17,0
296,17,0
297,17,0
303,17,0
393,17,0
396,17,0
401,17,0
407,17,0
411,17,0
420,17,0
505,17,0
506,17,0
507,17,0
508,17,0
533,17,0
537,17,0
544,17,0
545,17,0
546,17,0
547,17,0
548,17,0
559,17,0
564,17,0
583,17,0
584,17,0
585,17,0
586,17,0
589,17,0
592,17,0
595,17,0
596,17,0
598,17,0
600,17,0
602,17,0
604,17,0
609,17,0
611,17,0
629,17,0
635,17,0
636,17,0
637,17,0
652,17,0
662,17,0
665,17,0
674,17,0
676,17,0
677,17,0
678,17,0
680,17,0
681,17,0
688,17,0
690,17,0
734,17,0
735,17,0
737,17,0
803,17,0
820,17,0
824,17,0
837,17,0
841,17,0
890,17,0
900,17,0
909,17,0
928,17,0
930,17,0
932,17,0
946,17,0
954,17,0
956,17,0
969,17,0
970,17,0
995,17,0
1033,17,0
1034,17,0
1058,17,0
1120,17,0
1144,17,0
1186,17,0
1198,17,0
1454,17,0
1519,17,0
1520,17,0
1521,17,0
1522,17,0
1523,17,0
1524,17,0
1525,17,0
1526,17,0
1527,17,0
1528,17,0
1529,17,0
1530,17,0
1531,17,0
1532,17,0
1533,17,0
1534,17,0
1535,17,0
1536,17,0
1537,17,0
1538,17,0
1539,17,0
1540,17,0
1541,17,0
1542,17,0
1543,17,0
1544,17,0
1545,17,0
1546,17,0
1547,17,0
1548,17,0
1549,17,0
1550,17,0
1551,17,0
1552,17,0
1553,17,0
1554,17,0
1555,17,0
1556,17,0
1557,17,0
1558,17,0
1559,17,0
1560,17,0
1561,17,0
1562,17,0
1563,17,0
1564,17,0
1565,17,0
1566,17,0
1567,17,0
1568,17,0
1569,17,0
17,2050,3
18,1337,3
1570,18,0
1571,18,0
19,340,3
19,350,3
19,547,3
1406,19,0
2,20,0
14,20,0
16,20,0
29,20,0
60,20,0
63,20,0
64,20,0
108,20,0
130,20,0
134,20,0
138,20,0
141,20,0
165,20,0
172,20,0
174,20,0
175,20,0
177,20,0
192,20,0
203,20,0
204,20,0
266,20,0
270,20,0
273,20,0
287,20,0
307,20,0
320,20,0
321,20,0
322,20,0
326,20,0
328,20,0
347,20,0
350,20,0
351,20,0
352,20,0
353,20,0
355,20,0
356,20,0
357,20,0
359,20,0
360,20,0
361,20,0
363,20,0
365,20,0
367,20,0
368,20,0
371,20,0
374,20,0
396,20,0
417,20,0
421,20,0
424,20,0
429,20,0
437,20,0
441,20,0
444,20,0
456,20,0
505,20,0
506,20,0
507,20,0
509,20,0
533,20,0
539,20,0
548,20,0
555,20,0
556,20,0
559,20,0
560,20,0
561,20,0
562,20,0
580,20,0
631,20,0
645,20,0
656,20,0
705,20,0
734,20,0
788,20,0
796,20,0
820,20,0
827,20,0
837,20,0
852,20,0
853,20,0
888,20,0
891,20,0
892,20,0
959,20,0
1014,20,0
1033,20,0
1034,20,0
1040,20,0
1060,20,0
1065,20,0
1066,20,0
1067,20,0
1072,20,0
1073,20,0
1077,20,0
1078,20,0
1107,20,0
1109,20,0
1128,20,0
1144,20,0
1145,20,0
1164,20,0
1186,20,0
1198,20,0
1225,20,0
1227,20,0
1231,20,0
1238,20,0
1255,20,0
1261,20,0
1290,20,0
1299,20,0
1374,20,0
1378,20,0
1380,20,0
1396,20,0
1398,20,0
1401,20,0
1403,20,0
1404,20,0
1407,20,0
1418,20,0
1419,20,0
1443,20,0
1485,20,0
1516,20,0
1520,20,0
1535,20,0
1537,20,0
1538,20,0
1552,20,0
1572,20,0
1573,20,0
1574,20,0
1575,20,0
1576,20,0
1577,20,0
1578,20,0
1579,20,0
1580,20,0
1581,20,0
1582,20,0
1583,20,0
1584,20,0
1585,20,0
1586,20,0
1587,20,0
1588,20,0
1589,20,0
1590,20,0
1591,20,0
1592,20,0
1593,20,0
1594,20,0
1595,20,0
1596,20,0
1597,20,0
1598,20,0
1599,20,0
1600,20,0
1601,20,0
1602,20,0
1603,20,0
1604,20,0
1605,20,0
1606,20,0
1607,20,0
1608,20,0
1609,20,0
1610,20,0
1611,20,0
1612,20,0
1613,20,0
1614,20,0
1615,20,0
1616,20,0
1617,20,0
1618,20,0
1619,20,0
1620,20,0
1621,20,0
1622,20,0
1623,20,0
1624,20,0
1625,20,0
1626,20,0
1627,20,0
1628,20,0
1629,20,0
1630,20,0
1631,20,0
1632,20,0
1633,20,0
1634,20,0
1635,20,0
1636,20,0
1637,20,0
1638,20,0
1639,20,0
1640,20,0
1641,20,0
1642,20,0
1643,20,0
1644,20,0
1645,20,0
1646,20,0
1647,20,0
1648,20,0
1649,20,0
1650,20,0
1651,20,0
1652,20,0
1653,20,0
1654,20,0
1655,20,0
1656,20,0
1657,20,0
1658,20,0
1659,20,0
1660,20,0
1661,20,0
1662,20,0
1663,20,0
1664,20,0
1665,20,0
1666,20,0
1667,20,0
1668,20,0
1669,20,0
1670,20,0
1671,20,0
1672,20,0
1673,20,0
1674,20,0
1675,20,0
1676,20,0
1677,20,0
1678,20,0
1679,20,0
1680,20,0
1681,20,0
1682,20,0
1683,20,0
1684,20,0
1685,20,0
1686,20,0
1687,20,0
1688,20,0
1689,20,0
1690,20,0
1691,20,0
1692,20,0
1693,20,0
1694,20,0
1695,20,0
1696,20,0
1697,20,0
1698,20,0
1699,20,0
20,1875,3
21,116,3
612,21,0
624,21,0
708,21,0
710,21,0
711,21,0
712,21,0
713,21,0
715,21,0
496,22,0
497,22,0
498,22,0
501,22,0
502,22,0
566,22,0
567,22,0
568,22,0
708,22,0
711,22,0
712,22,0
714,22,0
715,22,0
716,22,0
22,1581,3
1700,22,0
1701,22,0
1702,22,0
23,364,3
1703,23,0
1704,23,0
1705,23,0
1706,23,0
1707,23,0
24,197,3
890,24,0
909,24,0
24,1400,3
24,1507,3
24,1720,3
24,2135,3
272,25,0
393,25,0
395,25,0
397,25,0
398,25,0
399,25,0
400,25,0
401,25,0
404,25,0
405,25,0
406,25,0
409,25,0
412,25,0
413,25,0
418,25,0
419,25,0
422,25,0
427,25,0
575,25,0
812,25,0
876,25,0
1417,25,0
1418,25,0
1419,25,0
1423,25,0
1445,25,0
1449,25,0
1450,25,0
1561,25,0
1708,25,0
1709,25,0
1710,25,0
1711,25,0
217,26,0
218,26,0
219,26,0
220,26,0
523,26,0
524,26,0
525,26,0
526,26,0
528,26,0
1455,26,0
1464,26,0
1466,26,0
1712,26,0
1713,26,0
1714,26,0
1715,26,0
1716,26,0
1717,26,0
1718,26,0
1719,26,0
26,1905,3
1553,27,0
1555,27,0
1563,27,0
270,28,0
386,28,0
646,28,0
811,28,0
915,28,0
1033,28,0
1034,28,0
28,1117,3
1288,28,0
1417,28,0
1418,28,0
1420,28,0
1423,28,0
1516,28,0
1575,28,0
1622,28,0
28,1624,3
1720,28,0
1721,28,0
1722,28,0
1723,28,0
1724,28,0
1725,28,0
29,57,3
383,29,0
386,29,0
1417,29,0
1418,29,0
1419,29,0
1423,29,0
1516,29,0
29,1536,3
29,2178,3
1026,30,0
1027,30,0
1028,30,0
30,2118,3
31,509,3
1726,31,0
1727,31,0
14,32,0
29,32,0
52,32,0
65,32,0
32,344,3
396,32,0
402,32,0
403,32,0
412,32,0
413,32,0
795,32,0
796,32,0
797,32,0
829,32,0
1073,32,0
1280,32,0
1417,32,0
1419,32,0
1452,32,0
1487,32,0
1675,32,0
1728,32,0
1729,32,0
1730,32,0
1731,32,0
1732,32,0
1733,32,0
1734,32,0
1735,32,0
1736,32,0
1737,32,0
1738,32,0
1739,32,0
1740,32,0
164,33,0
175,33,0
190,33,0
195,33,0
217,33,0
218,33,0
219,33,0
222,33,0
235,33,0
236,33,0
237,33,0
239,33,0
241,33,0
242,33,0
243,33,0
247,33,0
277,33,0
281,33,0
283,33,0
284,33,0
285,33,0
288,33,0
291,33,0
292,33,0
293,33,0
294,33,0
296,33,0
297,33,0
33,341,3
389,33,0
390,33,0
515,33,0
517,33,0
518,33,0
519,33,0
521,33,0
524,33,0
525,33,0
528,33,0
533,33,0
538,33,0
545,33,0
552,33,0
557,33,0
558,33,0
617,33,0
619,33,0
620,33,0
629,33,0
648,33,0
649,33,0
651,33,0
675,33,0
676,33,0
677,33,0
679,33,0
680,33,0
695,33,0
696,33,0
697,33,0
700,33,0
701,33,0
702,33,0
703,33,0
1541,33,0
1542,33,0
1544,33,0
1546,33,0
1547,33,0
1566,33,0
1741,33,0
1742,33,0
33,1768,3
34,180,3
190,34,0
217,34,0
220,34,0
221,34,0
222,34,0
243,34,0
277,34,0
280,34,0
282,34,0
284,34,0
285,34,0
389,34,0
390,34,0
517,34,0
518,34,0
520,34,0
522,34,0
525,34,0
529,34,0
552,34,0
618,34,0
620,34,0
34,649,3
682,34,0
683,34,0
700,34,0
701,34,0
703,34,0
972,35,0
973,35,0
975,35,0
977,35,0
980,35,0
982,35,0
1743,35,0
35,2007,3
52,36,0
36,290,3
36,354,3
446,36,0
706,36,0
915,36,0
916,36,0
36,942,3
1280,36,0
1317,36,0
1323,36,0
1324,36,0
1422,36,0
1744,36,0
1745,36,0
1746,36,0
412,37,0
413,37,0
832,37,0
37,1215,3
1747,37,0
1748,37,0
134,38,0
223,38,0
267,38,0
340,38,0
424,38,0
432,38,0
633,38,0
748,38,0
900,38,0
1075,38,0
1108,38,0
1364,38,0
1388,38,0
1415,38,0
1425,38,0
1426,38,0
1514,38,0
1573,38,0
1633,38,0
1634,38,0
1686,38,0
1728,38,0
1749,38,0
1750,38,0
1751,38,0
1752,38,0
1753,38,0
1754,38,0
1755,38,0
1756,38,0
1757,38,0
1758,38,0
1759,38,0
1760,38,0
1761,38,0
1762,38,0
1763,38,0
1764,38,0
1765,38,0
1766,38,0
1767,38,0
1768,38,0
1769,38,0
1770,38,0
39,310,3
456,39,0
39,829,3
42,40,0
157,40,0
199,40,0
40,292,3
40,333,3
396,40,0
411,40,0
40,1467,3
1557,40,0
1570,40,0
1571,40,0
1771,40,0
1772,40,0
1773,40,0
1774,40,0
1775,40,0
1776,40,0
1777,40,0
29,41,0
1513,41,0
1514,41,0
1516,41,0
735,42,0
42,1341,3
198,43,0
211,43,0
244,43,0
245,43,0
254,43,0
393,43,0
43,571,3
1078,43,0
1778,43,0
1779,43,0
51,44,0
135,44,0
44,270,3
753,44,0
755,44,0
759,44,0
823,44,0
829,44,0
830,44,0
831,44,0
839,44,0
840,44,0
1280,44,0
1395,44,0
1620,44,0
44,1733,3
1780,44,0
1781,44,0
1782,44,0
1783,44,0
1784,44,0
663,45,0
717,45,0
45,1589,3
185,46,0
187,46,0
188,46,0
189,46,0
1492,46,0
1494,46,0
46,1537,3
47,294,3
47,387,3
47,990,3
1788,47,0
1789,47,0
346,48,0
534,48,0
615,48,0
616,48,0
664,48,0
671,48,0
1345,48,0
1790,48,0
1791,48,0
48,1933,3
1304,49,0
1468,49,0
1796,49,0
1797,49,0
841,50,0
50,1209,3
754,51,0
755,51,0
51,890,3
914,51,0
185,52,0
186,52,0
187,52,0
189,52,0
453,52,0
467,52,0
561,52,0
562,52,0
563,52,0
633,52,0
915,52,0
1051,52,0
1082,52,0
1164,52,0
1418,52,0
1419,52,0
1443,52,0
1645,52,0
1708,52,0
54,53,0
53,856,3
912,53,0
936,53,0
941,53,0
942,53,0
1015,53,0
1016,53,0
1847,53,0
912,54,0
936,54,0
942,54,0
54,975,3
1016,54,0
54,1141,3
54,1913,3
729,55,0
943,55,0
55,1815,3
56,779,3
873,56,0
875,56,0
897,56,0
940,56,0
952,56,0
994,56,0
873,57,0
897,57,0
994,57,0
934,58,0
935,58,0
1010,58,0
1011,58,0
1012,58,0
58,1625,3
1848,58,0
430,59,0
434,59,0
438,59,0
59,1505,3
1849,59,0
1850,59,0
1851,59,0
1852,59,0
1853,59,0
1854,59,0
1855,59,0
226,60,0
227,60,0
572,60,0
816,60,0
817,60,0
887,60,0
1856,60,0
146,61,0
187,61,0
189,61,0
225,61,0
536,61,0
775,61,0
776,61,0
778,61,0
1563,61,0
1564,61,0
1565,61,0
1587,61,0
1731,61,0
1802,61,0
1857,61,0
1858,61,0
1859,61,0
1860,61,0
1861,61,0
1862,61,0
1863,61,0
1864,61,0
1865,61,0
1866,61,0
561,62,0
562,62,0
633,62,0
780,62,0
781,62,0
62,818,3
62,1564,3
62,1859,3
98,63,0
939,63,0
954,63,0
972,63,0
974,63,0
975,63,0
977,63,0
978,63,0
980,63,0
1020,63,0
1022,63,0
1031,63,0
1115,63,0
1145,63,0
1181,63,0
1367,63,0
1433,63,0
1434,63,0
1435,63,0
1438,63,0
1867,63,0
1868,63,0
1869,63,0
63,1875,3
43,64,0
780,64,0
1394,64,0
1396,64,0
1401,64,0
64,1460,3
1870,64,0
52,65,0
218,65,0
221,65,0
222,65,0
915,65,0
1423,65,0
1532,65,0
1871,65,0
66,401,3
66,477,3
740,66,0
742,66,0
743,66,0
744,66,0
746,66,0
747,66,0
882,66,0
66,1835,3
1872,66,0
1873,66,0
1874,66,0
1875,66,0
901,67,0
903,67,0
68,653,3
68,992,3
192,69,0
193,69,0
458,69,0
460,69,0
752,69,0
833,69,0
865,69,0
866,69,0
968,69,0
69,1945,3
560,70,0
645,70,0
70,821,3
1556,70,0
28,71,0
863,71,0
1417,71,0
1418,71,0
1741,71,0
1742,71,0
72,151,3
944,72,0
1001,72,0
1002,72,0
1003,72,0
1876,72,0
1877,72,0
1878,72,0
1879,72,0
1880,72,0
73,151,3
234,73,0
384,73,0
391,73,0
392,73,0
73,1255,3
1395,73,0
141,74,0
74,358,3
74,1567,3
1881,74,0
1882,74,0
75,1640,3
1883,75,0
1884,75,0
1885,75,0
1886,75,0
1887,75,0
191,76,0
192,76,0
194,76,0
865,76,0
230,77,0
231,77,0
789,77,0
790,77,0
791,77,0
828,77,0
911,77,0
231,78,0
789,78,0
790,78,0
791,78,0
78,797,3
828,78,0
911,78,0
78,1246,3
78,2056,3
206,79,0
209,79,0
798,79,0
812,80,0
814,80,0
80,1734,3
149,81,0
1222,81,0
1223,81,0
1513,81,0
1514,81,0
1529,81,0
1530,81,0
1612,81,0
81,1669,3
1778,81,0
1779,81,0
81,1781,3
1784,81,0
1802,81,0
1857,81,0
1858,81,0
1861,81,0
1864,81,0
1866,81,0
1888,81,0
1889,81,0
1890,81,0
1891,81,0
1892,81,0
1893,81,0
1894,81,0
1895,81,0
1896,81,0
1897,81,0
1898,81,0
1899,81,0
1900,81,0
1901,81,0
1902,81,0
1903,81,0
1904,81,0
1905,81,0
1906,81,0
1907,81,0
1908,81,0
1909,81,0
1910,81,0
1911,81,0
1912,81,0
1913,81,0
1914,81,0
1915,81,0
82,278,3
565,82,0
1598,82,0
82,1633,3
1916,82,0
183,83,0
212,83,0
252,83,0
560,83,0
581,83,0
631,83,0
645,83,0
1111,83,0
1112,83,0
83,1317,3
1639,83,0
1734,83,0
1754,83,0
1917,83,0
1918,83,0
1919,83,0
1920,83,0
1921,83,0
1922,83,0
1923,83,0
1924,83,0
1925,83,0
1926,83,0
1927,83,0
1928,83,0
67,84,0
85,226,3
1929,85,0
13,86,0
86,596,3
86,1015,3
1488,86,0
1930,86,0
217,87,0
220,87,0
1519,87,0
1532,87,0
1040,88,0
89,694,3
1931,89,0
1932,89,0
1933,89,0
1934,89,0
90,361,3
90,879,3
90,1326,3
1521,90,0
1522,90,0
1523,90,0
90,1622,3
213,91,0
91,1249,3
91,1435,3
92,490,3
1043,92,0
1935,92,0
1936,92,0
92,1975,3
763,93,0
764,93,0
93,1668,3
94,245,3
765,94,0
95,692,3
782,95,0
783,95,0
784,95,0
785,95,0
786,95,0
787,95,0
858,96,0
859,96,0
860,96,0
861,96,0
1024,96,0
96,1300,3
96,1698,3
96,1899,3
859,97,0
860,97,0
861,97,0
97,989,3
97,1010,3
97,1823,3
8,98,0
148,98,0
180,98,0
182,98,0
633,98,0
1356,98,0
1442,98,0
1621,98,0
1950,98,0
1951,98,0
1952,98,0
1953,98,0
1954,98,0
442,99,0
99,1348,3
272,100,0
100,1799,3
101,378,3
101,566,3
837,101,0
101,1046,3
101,1852,3
1955,101,0
1956,101,0
1957,101,0
844,102,0
845,102,0
846,102,0
1735,102,0
1958,102,0
1959,102,0
1960,102,0
11,103,0
397,103,0
401,103,0
428,103,0
435,103,0
1165,103,0
1452,103,0
103,1494,3
608,104,0
614,104,0
723,104,0
724,104,0
725,104,0
104,105,0
607,105,0
614,105,0
723,105,0
724,105,0
725,105,0
483,106,0
1129,106,0
1803,106,0
1826,106,0
1961,106,0
1962,106,0
1963,106,0
1964,106,0
1965,106,0
1966,106,0
1967,106,0
1968,106,0
1969,106,0
1970,106,0
1971,106,0
818,107,0
108,700,3
109,544,3
684,109,0
686,109,0
109,1036,3
1230,109,0
1505,109,0
1507,109,0
1972,110,0
1973,110,0
66,111,0
301,111,0
305,111,0
877,111,0
879,111,0
111,1113,3
111,1474,3
111,1950,3
635,112,0
636,112,0
637,112,0
638,112,0
639,112,0
641,112,0
642,112,0
112,1784,3
112,1789,3
112,1865,3
112,1995,3
113,1350,3
1548,113,0
1549,113,0
29,114,0
55,114,0
202,114,0
460,114,0
492,114,0
550,114,0
862,114,0
863,114,0
1588,114,0
1662,114,0
1975,114,0
1976,114,0
1977,114,0
1978,114,0
1979,114,0
1980,114,0
1981,114,0
1982,114,0
1983,114,0
383,115,0
386,115,0
561,115,0
633,115,0
115,807,3
115,931,3
115,1201,3
115,1333,3
1421,115,0
115,1921,3
962,116,0
963,116,0
964,116,0
116,1380,3
1386,117,0
117,1537,3
117,1588,3
1984,117,0
1985,117,0
1986,117,0
1987,117,0
1847,118,0
1235,119,0
1236,119,0
1988,119,0
1989,119,0
1990,119,0
1991,119,0
1992,119,0
1993,119,0
984,120,0
985,120,0
986,120,0
989,120,0
990,120,0
120,1104,3
414,121,0
121,473,3
484,121,0
485,121,0
486,121,0
487,121,0
621,121,0
122,686,3
122,1021,3
1996,122,0
122,2167,3
11,123,0
25,123,0
100,123,0
103,123,0
272,123,0
412,123,0
780,123,0
781,123,0
183,124,0
124,1239,3
124,1677,3
116,125,0
125,512,3
125,521,3
750,125,0
751,125,0
1056,125,0
847,126,0
956,126,0
2016,126,0
2017,126,0
2018,126,0
1023,127,0
127,1568,3
2019,127,0
128,623,3
2020,128,0
2021,128,0
2022,128,0
2023,128,0
2024,128,0
2025,128,0
2026,128,0
106,129,0
129,444,3
479,129,0
481,129,0
129,1111,3
129,1373,3
1755,129,0
2027,129,0
2028,129,0
2029,129,0
130,471,3
131,215,3
2030,131,0
2031,131,0
132,1512,3
1942,132,0
1946,132,0
2032,132,0
2033,132,0
132,2186,3
237,133,0
133,407,3
457,133,0
479,133,0
480,133,0
481,133,0
133,1287,3
98,134,0
182,134,0
226,134,0
227,134,0
371,134,0
226,135,0
135,612,3
135,815,3
1780,135,0
2037,135,0
2038,135,0
2039,135,0
2040,135,0
2041,135,0
2042,135,0
2043,135,0
2044,135,0
2045,135,0
412,136,0
413,136,0
2046,137,0
2047,137,0
139,321,3
139,471,3
139,901,3
139,1254,3
1358,139,0
2049,139,0
8,140,0
106,140,0
479,140,0
481,140,0
2050,140,0
2051,140,0
2052,140,0
141,1349,3
142,723,3
142,728,3
142,950,3
142,1136,3
1216,142,0
140,143,0
270,143,0
386,143,0
469,143,0
479,143,0
480,143,0
481,143,0
143,886,3
1643,143,0
143,1676,3
50,144,0
64,144,0
451,144,0
480,144,0
481,144,0
1132,144,0
144,1536,3
2057,144,0
2058,144,0
688,145,0
900,145,0
969,145,0
970,145,0
1513,146,0
1802,146,0
1858,146,0
1859,146,0
1860,146,0
1862,146,0
1863,146,0
1865,146,0
1866,146,0
147,641,3
781,148,0
1332,148,0
1617,148,0
2072,148,0
872,149,0
149,1042,3
1280,149,0
149,1458,3
2073,149,0
2074,149,0
150,1080,3
1657,150,0
1694,150,0
150,1700,3
2081,150,0
2082,150,0
2083,150,0
2093,151,0
2094,151,0
9,152,0
109,152,0
203,152,0
204,152,0
424,152,0
475,152,0
488,152,0
489,152,0
646,152,0
847,152,0
1279,152,0
1388,152,0
1426,152,0
1520,152,0
1538,152,0
1588,152,0
1682,152,0
1768,152,0
2084,152,0
2095,152,0
2096,152,0
2097,152,0
2098,152,0
2099,152,0
2100,152,0
2101,152,0
2102,152,0
2103,152,0
2104,152,0
2105,152,0
2106,152,0
1,153,0
8,153,0
123,153,0
271,153,0
396,153,0
420,153,0
457,153,0
480,153,0
481,153,0
653,153,0
654,153,0
780,153,0
781,153,0
832,153,0
1033,153,0
1034,153,0
1178,153,0
1217,153,0
1557,153,0
2003,153,0
2150,153,0
2151,153,0
2152,153,0
2153,153,0
1265,154,0
2158,154,0
2159,154,0
2160,154,0
2161,154,0
155,654,3
155,855,3
948,155,0
949,155,0
155,1782,3
6,156,0
9,156,0
103,156,0
186,156,0
187,156,0
188,156,0
189,156,0
224,156,0
225,156,0
397,156,0
409,156,0
441,156,0
457,156,0
505,156,0
506,156,0
507,156,0
508,156,0
509,156,0
534,156,0
553,156,0
561,156,0
562,156,0
565,156,0
597,156,0
598,156,0
601,156,0
604,156,0
633,156,0
652,156,0
653,156,0
671,156,0
731,156,0
757,156,0
768,156,0
769,156,0
775,156,0
776,156,0
777,156,0
779,156,0
780,156,0
781,156,0
811,156,0
967,156,0
1182,156,0
1285,156,0
1325,156,0
1367,156,0
1385,156,0
1433,156,0
1434,156,0
1435,156,0
1436,156,0
1437,156,0
1438,156,0
1439,156,0
1440,156,0
1463,156,0
1465,156,0
1466,156,0
1467,156,0
1598,156,0
1713,156,0
1714,156,0
1718,156,0
1719,156,0
1800,156,0
156,1809,3
2034,156,0
2166,156,0
2167,156,0
2168,156,0
2169,156,0
2170,156,0
2171,156,0
2172,156,0
2173,156,0
2174,156,0
2175,156,0
2176,156,0
2177,156,0
2178,156,0
201,158,0
538,158,0
555,158,0
557,158,0
558,158,0
159,529,3
1831,159,0
2179,159,0
2180,159,0
2181,159,0
2182,159,0
2183,159,0
2184,159,0
2185,159,0
2186,159,0
2187,159,0
160,656,3
160,889,3
160,1137,3
1524,160,0
160,1611,3
160,2040,3
2188,160,0
2189,160,0
2190,160,0
872,161,0
161,1675,3
510,162,0
512,162,0
513,162,0
514,162,0
162,1114,3
2191,162,0
2192,162,0
163,350,3
163,800,3
163,1205,3
163,1700,3
647,164,0
649,164,0
651,164,0
2193,165,0
267,166,0
166,902,3
2194,166,0
167,914,3
945,167,0
1008,167,0
1009,167,0
167,1539,3
167,2139,3
82,168,0
168,1112,3
1118,168,0
1531,168,0
1732,168,0
2053,168,0
2054,168,0
2055,168,0
2195,168,0
2196,168,0
2197,168,0
2198,168,0
169,264,3
1004,169,0
1005,169,0
1006,169,0
169,1749,3
170,844,3
1086,170,0
1896,170,0
2199,170,0
226,171,0
958,171,0
2200,171,0
172,1807,3
2201,172,0
2147,173,0
2202,173,0
174,188,3
174,249,3
396,174,0
174,658,3
1300,174,0
2056,174,0
2203,174,0
2204,174,0
175,1081,3
175,2047,3
176,1681,3
180,1097,3
180,1126,3
180,1216,3
181,489,3
181,1576,3
182,539,3
182,1277,3
182,1794,3
184,527,3
184,2060,3
188,463,3
189,231,3
190,491,3
190,1209,3
193,1005,3
193,2011,3
194,1545,3
195,998,3
197,263,3
197,852,3
197,1246,3
198,763,3
198,945,3
199,392,3
200,411,3
200,1076,3
200,1269,3
200,1829,3
202,747,3
202,997,3
203,1038,3
203,1566,3
203,1602,3
204,2135,3
206,221,3
206,385,3
206,975,3
207,466,3
207,472,3
207,1734,3
207,2090,3
208,691,3
208,981,3
208,1695,3
209,554,3
209,1879,3
209,1943,3
210,272,3
210,838,3
210,1325,3
210,1718,3
211,1392,3
211,1753,3
213,1765,3
214,245,3
214,576,3
215,785,3
215,1075,3
216,1583,3
216,1914,3
216,1951,3
217,1378,3
219,1791,3
220,687,3
222,1950,3
223,908,3
223,1861,3
224,374,3
224,1579,3
226,451,3
226,1963,3
227,709,3
227,1769,3
228,1352,3
228,1654,3
229,986,3
230,326,3
231,575,3
232,2079,3
233,1136,3
233,1955,3
234,761,3
234,837,3
235,532,3
235,763,3
235,838,3
236,378,3
236,419,3
237,460,3
237,2188,3
240,781,3
240,1334,3
240,1514,3
240,1636,3
240,1963,3
241,533,3
241,1098,3
241,2157,3
243,1130,3
243,1923,3
245,568,3
245,759,3
246,361,3
247,1554,3
247,2093,3
248,637,3
248,1910,3
250,860,3
252,606,3
252,1541,3
253,749,3
255,332,3
255,1683,3
257,1389,3
259,1817,3
260,634,3
260,1315,3
261,1448,3
261,1962,3
262,665,3
262,1886,3
264,1728,3
265,1861,3
266,1199,3
266,1876,3
267,935,3
267,1520,3
267,1555,3
267,1866,3
270,1121,3
270,1302,3
270,1691,3
270,1779,3
270,1812,3
271,445,3
271,929,3
272,580,3
272,1990,3
274,356,3
274,526,3
274,1228,3
274,1356,3
275,1198,3
277,2200,3
278,1736,3
279,315,3
279,1962,3
280,693,3
280,960,3
280,1455,3
281,1979,3
281,2035,3
282,1270,3
283,1141,3
283,1199,3
284,797,3
284,1670,3
287,567,3
287,1421,3
287,2199,3
288,1183,3
288,1438,3
288,1484,3
290,1583,3
291,1017,3
292,1154,3
292,1545,3
294,1825,3
295,1778,3
297,316,3
297,1285,3
298,739,3
298,884,3
298,988,3
298,1691,3
298,1836,3
299,793,3
300,786,3
301,469,3
301,871,3
303,1099,3
303,1975,3
304,487,3
304,543,3
305,1015,3
305,1661,3
306,408,3
306,1157,3
309,1723,3
310,405,3
314,1105,3
314,1489,3
315,388,3
317,961,3
317,964,3
317,1804,3
318,801,3
318,1914,3
319,576,3
322,1394,3
323,336,3
323,837,3
323,908,3
323,1321,3
325,1537,3
325,1704,3
326,475,3
326,491,3
326,1059,3
326,1226,3
326,1966,3
327,1175,3
330,1436,3
330,1701,3
331,1616,3
332,348,3
332,597,3
332,608,3
332,1990,3
332,2178,3
333,1012,3
333,2071,3
334,592,3
334,944,3
334,1891,3
335,1963,3
335,2168,3
336,1636,3
338,1601,3
338,1853,3
338,1965,3
340,958,3
340,1941,3
341,1336,3
343,1407,3
344,378,3
345,1948,3
347,486,3
347,1940,3
347,1984,3
348,1267,3
348,1773,3
349,605,3
349,801,3
349,1016,3
349,1503,3
349,1672,3
349,1676,3
349,2055,3
349,2195,3
351,390,3
354,1441,3
356,1110,3
357,621,3
358,1250,3
359,433,3
359,673,3
359,1634,3
359,1948,3
360,1882,3
361,1182,3
362,1427,3
363,382,3
363,1415,3
364,1655,3
364,2155,3
365,558,3
365,1800,3
366,915,3
371,1224,3
371,2006,3
372,875,3
372,1811,3
374,457,3
374,1837,3
374,2051,3
376,1508,3
377,1313,3
377,1868,3
378,813,3
378,829,3
378,1364,3
380,1095,3
380,1789,3
382,951,3
385,1101,3
385,2014,3
386,485,3
386,618,3
387,980,3
388,903,3
388,1633,3
388,2149,3
389,1444,3
389,1551,3
390,673,3
391,838,3
391,954,3
392,820,3
392,1577,3
392,2035,3
394,578,3
394,1919,3
396,1398,3
397,409,3
398,1525,3
398,1956,3
399,1373,3
401,619,3
401,702,3
401,1289,3
401,2148,3
402,1354,3
402,1904,3
403,497,3
403,889,3
404,1222,3
405,1462,3
406,890,3
408,1938,3
408,2097,3
409,504,3
409,1614,3
410,508,3
410,2035,3
412,1365,3
414,554,3
414,1067,3
415,645,3
415,1573,3
415,1684,3
416,1614,3
417,1988,3
418,765,3
418,1412,3
419,1439,3
419,1510,3
420,425,3
420,1755,3
421,434,3
421,1594,3
422,514,3
422,1314,3
423,2123,3
424,1791,3
426,1726,3
428,1222,3
429,1714,3
430,1189,3
431,1275,3
431,1721,3
432,614,3
432,2038,3
434,504,3
434,1192,3
434,2151,3
435,814,3
436,515,3
437,1781,3
438,2114,3
439,1867,3
440,451,3
440,577,3
440,758,3
440,1665,3
440,2077,3
442,788,3
442,1213,3
444,596,3
444,1841,3
445,1453,3
445,1652,3
446,879,3
446,1011,3
446,1276,3
449,1444,3
449,1970,3
450,2102,3
451,1392,3
451,1815,3
452,1681,3
452,2129,3
453,1133,3
453,2156,3
454,926,3
454,1625,3
454,1704,3
455,1370,3
455,2144,3
456,813,3
457,1740,3
457,2047,3
458,2048,3
459,778,3
459,1695,3
460,2095,3
461,708,3
462,751,3
462,1220,3
462,1848,3
463,500,3
464,1979,3
465,1798,3
465,2145,3
466,570,3
466,627,3
467,1027,3
468,1484,3
468,1622,3
470,1332,3
470,1356,3
470,2013,3
470,2072,3
471,607,3
471,1960,3
474,621,3
474,1976,3
475,630,3
475,923,3
476,1320,3
477,1964,3
478,1383,3
478,1388,3
479,541,3
480,493,3
480,543,3
480,1529,3
480,1802,3
481,790,3
481,1718,3
482,859,3
482,1269,3
483,1944,3
483,2160,3
484,943,3
484,1753,3
485,1814,3
486,840,3
487,1335,3
487,1604,3
487,1810,3
491,755,3
491,948,3
491,1106,3
492,1152,3
492,1786,3
492,1832,3
492,2083,3
493,1134,3
494,1706,3
494,1967,3
496,906,3
496,1708,3
497,901,3
497,1138,3
498,1338,3
498,1820,3
499,1137,3
502,1791,3
502,2050,3
503,897,3
503,1247,3
505,952,3
505,1410,3
507,509,3
509,1624,3
509,1808,3
510,892,3
510,1348,3
511,1821,3
513,1350,3
516,1087,3
517,1723,3
518,1883,3
519,1243,3
520,608,3
520,1025,3
521,527,3
521,572,3
521,838,3
521,1567,3
522,548,3
522,561,3
524,998,3
525,743,3
529,2105,3
530,695,3
530,1555,3
533,1116,3
533,1823,3
535,1248,3
536,765,3
536,1977,3
537,1193,3
537,2074,3
538,746,3
538,1176,3
538,1342,3
539,1258,3
540,1359,3
541,1010,3
541,1733,3
542,649,3
542,963,3
542,1279,3
542,1297,3
543,1882,3
544,1453,3
545,1414,3
546,1847,3
547,1558,3
547,1911,3
548,789,3
548,1514,3
549,1957,3
550,554,3
550,875,3
551,1633,3
552,819,3
553,1959,3
556,599,3
556,851,3
557,1074,3
558,1684,3
558,2158,3
559,1452,3
561,1125,3
561,1416,3
563,1149,3
563,1942,3
563,2015,3
566,1506,3
567,1749,3
568,885,3
569,682,3
569,747,3
569,956,3
570,664,3
573,1444,3
573,1767,3
575,797,3
576,835,3
577,1654,3
577,1942,3
580,943,3
580,1458,3
581,1568,3
585,901,3
586,1084,3
586,1634,3
587,1615,3
587,1652,3
587,2056,3
588,1880,3
588,1998,3
590,1377,3
591,931,3
593,1481,3
594,630,3
594,1311,3
595,1323,3
597,763,3
597,1427,3
599,2054,3
600,1416,3
600,1789,3
601,610,3
602,1574,3
604,858,3
604,1116,3
604,1676,3
605,772,3
605,1722,3
606,1309,3
608,885,3
608,1179,3
608,1231,3
609,1334,3
609,1960,3
609,2077,3
609,2126,3
610,880,3
612,842,3
612,1115,3
612,1521,3
613,1539,3
613,2070,3
613,2081,3
615,1647,3
615,1775,3
616,1100,3
619,1122,3
620,2145,3
620,2191,3
621,1310,3
621,2203,3
622,629,3
622,906,3
623,1921,3
624,1691,3
626,1847,3
627,2083,3
628,910,3
629,1922,3
630,1104,3
630,1883,3
631,2129,3
635,2142,3
636,883,3
636,1128,3
636,1429,3
637,967,3
637,1490,3
637,2114,3
637,2143,3
639,1344,3
640,1786,3
640,1955,3
640,2064,3
641,1131,3
641,1172,3
642,1761,3
642,2023,3
643,1507,3
643,2160,3
647,2080,3
648,953,3
649,985,3
650,1540,3
651,1533,3
651,2005,3
653,2019,3
654,942,3
656,1537,3
657,2166,3
659,1285,3
660,1276,3
660,1513,3
662,1680,3
663,887,3
663,1690,3
663,2187,3
664,1948,3
664,1995,3
665,1513,3
665,1517,3
666,2156,3
668,1317,3
668,1972,3
670,1042,3
670,2150,3
673,1360,3
674,1116,3
674,1376,3
674,1513,3
675,1736,3
676,1087,3
676,1339,3
676,1810,3
679,1794,3
680,2174,3
682,747,3
686,1367,3
686,1552,3
686,1862,3
686,1941,3
687,781,3
687,1702,3
688,1308,3
689,2196,3
690,1757,3
690,2101,3
691,2152,3
692,1080,3
692,1320,3
692,1498,3
693,1918,3
694,1498,3
697,1693,3
698,826,3
698,1421,3
699,1867,3
699,2045,3
700,1972,3
702,2079,3
703,1248,3
703,1519,3
703,1787,3
703,2027,3
703,2081,3
704,985,3
704,1345,3
705,1141,3
706,1327,3
708,963,3
710,1318,3
711,754,3
713,1693,3
715,1456,3
715,1855,3
717,968,3
717,1842,3
718,847,3
718,1178,3
719,1317,3
719,1363,3
720,2162,3
721,1505,3
723,1819,3
724,756,3
724,1718,3
724,1973,3
725,1747,3
726,1567,3
728,972,3
728,1809,3
729,1392,3
729,1957,3
731,1593,3
731,1866,3
733,801,3
733,2094,3
734,780,3
736,986,3
736,1882,3
737,2027,3
739,866,3
739,1113,3
740,791,3
740,1822,3
741,931,3
742,1899,3
742,1929,3
742,2168,3
743,1543,3
744,1281,3
745,1024,3
747,1167,3
749,860,3
749,1360,3
749,1528,3
749,1529,3
749,2089,3
751,1351,3
754,949,3
757,1317,3
757,2077,3
758,1037,3
760,931,3
760,1385,3
760,2075,3
761,1423,3
762,1668,3
764,1618,3
765,1043,3
765,1872,3
767,1184,3
767,1659,3
767,2189,3
769,1242,3
771,2096,3
772,962,3
773,1023,3
774,2071,3
775,1549,3
776,1810,3
777,1566,3
777,1847,3
777,1912,3
778,1626,3
779,1321,3
779,1392,3
779,1591,3
780,1917,3
781,1918,3
784,993,3
785,1571,3
786,1327,3
787,1771,3
788,1903,3
788,2114,3
791,1691,3
792,1768,3
795,1463,3
795,2178,3
796,1957,3
798,1199,3
798,1242,3
798,1278,3
798,1796,3
798,2198,3
801,2154,3
802,1168,3
802,1219,3
805,1797,3
806,1224,3
807,1489,3
807,1633,3
808,1934,3
808,2138,3
809,830,3
812,1704,3
813,1534,3
814,1016,3
814,1147,3
815,2109,3
816,1466,3
816,1757,3
817,893,3
817,1304,3
819,1288,3
820,2105,3
822,1631,3
822,1846,3
823,1221,3
824,1378,3
824,1809,3
826,1808,3
829,1954,3
830,1048,3
831,1004,3
831,1137,3
832,1939,3
833,2056,3
840,1419,3
840,2099,3
841,2058,3
842,1026,3
842,1622,3
844,1414,3
844,1489,3
845,1962,3
848,930,3
849,1606,3
849,1700,3
850,1192,3
850,2074,3
851,1274,3
851,1424,3
851,1799,3
852,1300,3
856,1942,3
857,1692,3
859,1237,3
859,1991,3
860,1255,3
861,1635,3
862,2190,3
865,1146,3
865,1239,3
865,1750,3
866,1729,3
867,949,3
867,960,3
868,1121,3
868,1358,3
869,1874,3
871,1066,3
871,1118,3
871,1845,3
875,1639,3
877,1457,3
878,1921,3
879,1273,3
880,1729,3
880,1769,3
880,1970,3
881,1395,3
881,2131,3
882,1448,3
885,1590,3
886,1288,3
886,1331,3
886,1431,3
887,1413,3
891,1226,3
892,1895,3
893,1042,3
894,1196,3
894,1303,3
895,1140,3
895,1421,3
896,1088,3
897,1101,3
897,1423,3
897,1867,3
897,2172,3
898,1176,3
898,2011,3
899,1726,3
901,1735,3
904,1281,3
904,2143,3
905,1206,3
905,1265,3
906,1777,3
907,966,3
910,1492,3
910,2130,3
910,2180,3
912,2074,3
914,1823,3
917,2181,3
918,1777,3
918,2099,3
919,1319,3
919,1359,3
922,1204,3
922,1476,3
923,1110,3
923,2022,3
926,1446,3
926,1503,3
929,1751,3
935,1859,3
937,957,3
937,1660,3
938,1358,3
939,1231,3
939,1574,3
939,1648,3
943,1339,3
944,1984,3
947,1706,3
947,2113,3
948,1016,3
948,1838,3
950,2008,3
952,1051,3
952,1557,3
953,1056,3
956,1386,3
960,1609,3
961,1020,3
961,1583,3
961,1973,3
962,1033,3
962,1906,3
963,1689,3
964,1150,3
965,1895,3
965,2072,3
967,1285,3
970,1444,3
972,1510,3
972,1703,3
973,1793,3
973,1807,3
973,1942,3
976,1369,3
979,990,3
980,2085,3
981,1855,3
981,2134,3
982,1451,3
982,1479,3
983,1876,3
984,1607,3
984,2127,3
986,1877,3
987,1875,3
987,2166,3
988,1712,3
988,1745,3
991,1919,3
991,2097,3
992,1102,3
992,1858,3
992,2052,3
993,1551,3
994,1698,3
994,1819,3
994,2090,3
995,1566,3
996,1508,3
996,1751,3
996,2064,3
998,1337,3
1000,1816,3
1001,1090,3
1002,1282,3
1008,1141,3
1013,1043,3
1013,1383,3
1013,1490,3
1016,1545,3
1019,1162,3
1019,1914,3
1023,1586,3
1027,1563,3
1027,1922,3
1028,1139,3
1032,1576,3
1033,1393,3
1033,2004,3
1035,1101,3
1038,1399,3
1039,1249,3
1040,2192,3
1041,1514,3
1041,2120,3
1043,1883,3
1046,1943,3
1048,2176,3
1049,1734,3
1050,1402,3
1050,2204,3
1051,1987,3
1054,1689,3
1054,1955,3
1059,1153,3
1059,2077,3
1060,1108,3
1060,1710,3
1061,1284,3
1061,1804,3
1061,2046,3
1063,1680,3
1066,1932,3
1066,1988,3
1070,1760,3
1075,1457,3
1076,1593,3
1080,1232,3
1082,1156,3
1082,1165,3
1082,1995,3
1084,1457,3
1084,2124,3
1085,1214,3
1085,1257,3
1086,1277,3
1087,1393,3
1087,2070,3
1090,1272,3
1094,1949,3
1094,2037,3
1095,2019,3
1097,1916,3
1099,1856,3
1100,1234,3
1100,1253,3
1102,1377,3
1104,1239,3
1106,1364,3
1109,1319,3
1109,1659,3
1110,1535,3
1111,1473,3
1111,1813,3
1113,2126,3
1114,1579,3
1120,1152,3
1121,2001,3
1122,1288,3
1123,1250,3
1123,2009,3
1125,1255,3
1125,1432,3
1125,1491,3
1125,1760,3
1128,1355,3
1129,1775,3
1129,2021,3
1131,1186,3
1131,1628,3
1132,1248,3
1133,1660,3
1135,1439,3
1137,1737,3
1140,1634,3
1142,1945,3
1143,1707,3
1144,1161,3
1146,1425,3
1146,1749,3
1149,2035,3
1153,2064,3
1154,1953,3
1155,1543,3
1156,1185,3
1157,1877,3
1160,1209,3
1160,1576,3
1160,2159,3
1161,1438,3
1162,1258,3
1165,1364,3
1166,1745,3
1169,1367,3
1169,1990,3
1169,2042,3
1170,1440,3
1170,1466,3
1171,1184,3
1174,1418,3
1177,2004,3
1179,1996,3
1179,2183,3
1180,1799,3
1181,1420,3
1184,1740,3
1185,1828,3
1186,1581,3
1189,1498,3
1190,1759,3
1191,1322,3
1193,1878,3
1195,1212,3
1195,1320,3
1195,2092,3
1199,1866,3
1199,1967,3
1202,1290,3
1203,1348,3
1204,1393,3
1206,2152,3
1208,2076,3
1209,2105,3
1214,1664,3
1214,1888,3
1217,1429,3
1217,1806,3
1218,1506,3
1219,1911,3
1220,1257,3
1221,1496,3
1221,1649,3
1222,1535,3
1223,2020,3
1236,1836,3
1240,1504,3
1242,1985,3
1244,1463,3
1247,1425,3
1250,1306,3
1251,1930,3
1251,2152,3
1253,1539,3
1255,2030,3
1256,1546,3
1260,1840,3
1260,2153,3
1261,1557,3
1262,1314,3
1265,2070,3
1266,1416,3
1267,2153,3
1269,2135,3
1274,1712,3
1274,2046,3
1277,1468,3
1278,2113,3
1280,1505,3
1281,2078,3
1284,1483,3
1287,1349,3
1290,1834,3
1294,1369,3
1294,1372,3
1294,2005,3
1298,1404,3
1299,1932,3
1299,2023,3
1300,1790,3
1300,1911,3
1301,1651,3
1301,1731,3
1301,1780,3
1302,1428,3
1302,2141,3
1302,2168,3
1305,1962,3
1305,1964,3
1310,1769,3
1310,2040,3
1311,1848,3
1313,1387,3
1314,2177,3
1315,1768,3
1317,2143,3
1318,1978,3
1321,2061,3
1322,1881,3
1324,1404,3
1324,1741,3
1325,1958,3
1325,2091,3
1327,2184,3
1328,1942,3
1329,1961,3
1330,1638,3
1332,1854,3
1334,1514,3
1334,1612,3
1334,1912,3
1334,2013,3
1336,1701,3
1338,1410,3
1339,2145,3
1340,1508,3
1340,1868,3
1341,1603,3
1344,1426,3
1347,1842,3
1349,1594,3
1349,1747,3
1349,2146,3
1350,1726,3
1352,1959,3
1352,2160,3
1358,1521,3
1359,1366,3
1360,2156,3
1361,1759,3
1364,1951,3
1365,1902,3
1365,1967,3
1368,1694,3
1368,2037,3
1370,1461,3
1370,2006,3
1371,2111,3
1372,1395,3
1372,1456,3
1373,1533,3
1378,1484,3
1378,1575,3
1386,1579,3
1387,1869,3
1390,2203,3
1391,1847,3
1391,2158,3
1393,1565,3
1394,1934,3
1398,1925,3
1399,2110,3
1400,2175,3
1401,1434,3
1402,1555,3
1403,1583,3
1405,1797,3
1411,1672,3
1411,1719,3
1418,1528,3
1418,2049,3
1420,1901,3
1424,2029,3
1424,2196,3
1426,1878,3
1428,1642,3
1430,1735,3
1431,1865,3
1435,1959,3
1436,2144,3
1436,2176,3
1437,1448,3
1437,1727,3
1438,2112,3
1439,1745,3
1441,1659,3
1443,1583,3
1443,1818,3
1445,1745,3
1445,1762,3
1448,1790,3
1453,1915,3
1453,1989,3
1455,1970,3
1455,2169,3
1460,2132,3
1462,1865,3
1463,1604,3
1465,1668,3
1466,2025,3
1467,2036,3
1468,1686,3
1471,1818,3
1474,2078,3
1475,1804,3
1475,1833,3
1480,2115,3
1484,1576,3
1484,1609,3
1490,1543,3
1494,1894,3
1494,2169,3
1499,2099,3
1500,1501,3
1500,1656,3
1501,1831,3
1503,1665,3
1505,1872,3
1511,2023,3
1512,1963,3
1513,1858,3
1513,1864,3
1513,1988,3
1514,1654,3
1514,2059,3
1523,2176,3
1524,2053,3
1525,1769,3
1526,2002,3
1529,1696,3
1529,1885,3
1532,1859,3
1539,1956,3
1543,1654,3
1546,1909,3
1548,1676,3
1549,1990,3
1552,1764,3
1552,1926,3
1552,2018,3
1556,1844,3
1557,2087,3
1559,1711,3
1559,1734,3
1563,1619,3
1563,1993,3
1565,1597,3
1565,1695,3
1568,1794,3
1571,2092,3
1571,2175,3
1574,2123,3
1578,1605,3
1580,1886,3
1583,1702,3
1587,1647,3
1587,2039,3
1589,1979,3
1589,2110,3
1590,1613,3
1590,1848,3
1596,1732,3
1599,2057,3
1600,2180,3
1603,1696,3
1603,1839,3
1605,1839,3
1605,2116,3
1609,1736,3
1609,1876,3
1609,2131,3
1615,1644,3
1615,2028,3
1619,1962,3
1620,2113,3
1627,1750,3
1628,1872,3
1630,2011,3
1631,1781,3
1632,2036,3
1633,2003,3
1634,1683,3
1635,2065,3
1638,2038,3
1641,1724,3
1642,2143,3
1642,2182,3
1650,1870,3
1653,2160,3
1657,1865,3
1660,2072,3
1660,2153,3
1661,1720,3
1668,1765,3
1671,1931,3
1678,1881,3
1679,2177,3
1680,1684,3
1683,2046,3
1685,1881,3
1685,2014,3
1688,2087,3
1692,2167,3
1696,2060,3
1697,1824,3
1697,2160,3
1708,1804,3
1720,1935,3
1721,2070,3
1722,2179,3
1737,1771,3
1737,1859,3
1738,1969,3
1743,1912,3
1746,1922,3
1747,1916,3
1747,1932,3
1748,1910,3
1748,2005,3
1754,2091,3
1757,2042,3
1758,2194,3
1760,1890,3
1765,2033,3
1774,2097,3
1775,1840,3
1780,2160,3
1782,2176,3
1791,1866,3
1793,1808,3
1802,2192,3
1803,1974,3
1804,1848,3
1806,2060,3
1821,1940,3
1821,1944,3
1823,1851,3
1825,2136,3
1827,2069,3
1828,2180,3
1830,2181,3
1832,1982,3
1832,2012,3
1836,1943,3
1841,1986,3
1844,2072,3
1848,1918,3
1848,2053,3
1849,2156,3
1860,2164,3
1868,1946,3
1884,1908,3
1887,1888,3
1890,2038,3
1896,1917,3
1901,2078,3
1901,2180,3
1903,1942,3
1915,2100,3
1916,1925,3
1926,1962,3
1928,1980,3
1931,2018,3
1933,2124,3
1935,2099,3
1943,2053,3
1948,2012,3
1969,2030,3
1974,1983,3
1980,2024,3
1980,2047,3
1994,2101,3
1997,2103,3
2004,2018,3
2005,2021,3
2006,2155,3
2013,2095,3
2032,2130,3
2047,2152,3
2057,2142,3
2075,2082,3
2089,2091,3
2095,2137,3
