0,0,1
0,7,1
0,10,1
0,25,1
0,27,1
0,28,1
0,43,1
0,91,1
100,0,0
111,0,0
0,152,1
0,175,1
0,176,1
0,177,1
0,178,1
0,179,1
180,0,0
0,181,1
182,0,0
0,183,1
0,184,1
0,185,1
0,186,1
0,187,1
0,188,1
0,189,1
0,190,1
0,191,1
0,192,1
0,193,1
194,0,0
195,0,0
0,196,1
0,197,1
0,198,1
0,199,1
0,200,1
0,201,1
202,0,0
0,203,1
0,204,1
0,205,1
206,0,0
0,207,1
0,208,1
209,0,0
0,210,1
211,0,0
0,212,1
0,213,1
0,214,1
0,215,1
0,216,1
0,217,1
0,218,1
219,0,0
220,0,0
0,221,1
0,222,1
0,223,1
224,0,0
225,0,0
0,226,1
227,0,0
228,0,0
229,0,0
230,0,0
0,231,1
0,232,1
233,0,0
0,234,1
235,0,0
0,236,1
0,237,1
0,238,1
0,239,1
0,240,1
0,241,1
242,0,0
243,0,0
244,0,0
0,245,1
0,246,1
0,247,1
248,0,0
249,0,0
0,250,1
0,251,1
0,252,1
0,253,1
254,0,0
0,255,1
256,0,0
257,0,0
0,258,1
259,0,0
0,260,1
0,261,1
0,262,1
0,263,1
0,264,1
0,265,1
266,0,0
0,267,1
0,268,1
0,269,1
0,270,1
0,271,1
0,272,1
0,273,1
0,274,1
275,0,0
0,276,1
0,277,1
0,278,1
0,279,1
0,280,1
0,281,1
282,0,0
0,283,1
284,0,0
0,285,1
0,286,1
0,287,1
0,288,1
0,289,1
290,0,0
0,291,1
292,0,0
0,293,1
0,294,1
0,295,1
0,296,1
0,297,1
0,298,1
0,299,1
300,0,0
0,301,1
0,302,1
0,303,1
0,304,1
0,305,1
0,306,1
307,0,0
0,308,1
309,0,0
310,0,0
0,311,1
0,312,1
0,313,1
0,314,1
0,315,1
316,0,0
317,0,0
318,0,0
319,0,0
0,320,1
321,0,0
0,322,1
0,323,1
0,324,1
325,0,0
0,326,1
327,0,0
0,328,1
0,329,1
0,330,1
331,0,0
0,332,1
0,333,1
334,0,0
0,335,1
336,0,0
337,0,0
0,338,1
0,339,1
340,0,0
341,0,0
0,342,1
0,343,1
0,344,1
0,345,1
346,0,0
0,347,1
0,348,1
0,349,1
350,0,0
351,0,0
352,0,0
353,0,0
0,354,1
355,0,0
0,356,1
357,0,0
0,358,1
359,0,0
360,0,0
0,361,1
0,362,1
363,0,0
364,0,0
365,0,0
366,0,0
0,367,1
0,368,1
0,369,1
0,370,1
0,371,1
372,0,0
0,373,1
0,374,1
0,375,1
0,376,1
377,0,0
0,378,1
0,379,1
0,380,1
0,381,1
0,382,1
0,383,1
0,384,1
0,385,1
0,386,1
0,387,1
388,0,0
389,0,0
390,0,0
391,0,0
0,392,1
1,1,1
1,25,1
1,100,1
1,269,1
272,1,0
1,279,1
393,1,0
394,1,0
1,395,1
1,396,1
1,397,1
398,1,0
1,399,1
400,1,0
401,1,0
1,402,1
1,403,1
1,404,1
1,405,1
1,406,1
407,1,0
1,408,1
1,409,1
1,410,1
1,411,1
412,1,0
1,413,1
1,414,1
415,1,0
1,416,1
417,1,0
1,418,1
419,1,0
420,1,0
421,1,0
1,422,1
1,423,1
1,424,1
1,425,1
1,426,1
1,427,1
1,1857,0
2,2,1
428,2,0
429,2,0
2,430,1
2,431,1
432,2,0
2,433,1
2,434,1
435,2,0
2,436,1
2,437,1
2,438,1
2,1071,0
3,43,1
3,245,1
3,439,1
3,440,1
441,3,0
442,3,0
3,443,1
444,3,0
3,445,1
3,1861,0
4,25,1
4,100,1
4,106,1
4,121,1
4,414,1
4,429,1
4,446,1
4,447,1
4,448,1
4,449,1
4,450,1
4,451,1
4,452,1
4,453,1
4,454,1
4,455,1
456,4,0
457,4,0
458,4,0
459,4,0
4,460,1
4,461,1
4,462,1
4,463,1
4,464,1
4,465,1
466,4,0
4,467,1
4,468,1
469,4,0
470,4,0
471,4,0
472,4,0
473,4,0
474,4,0
475,4,0
4,476,1
477,4,0
478,4,0
4,479,1
480,4,0
4,481,1
4,482,1
4,483,1
4,484,1
4,485,1
4,486,1
4,487,1
4,488,1
489,4,0
490,4,0
4,491,1
492,4,0
4,493,1
4,1541,0
5,33,1
5,191,1
5,192,1
5,193,1
5,194,1
195,5,0
5,197,1
5,494,1
5,495,1
496,5,0
5,497,1
5,498,1
499,5,0
5,500,1
5,501,1
502,5,0
5,503,1
5,504,1
505,5,0
5,506,1
5,507,1
508,5,0
509,5,0
5,510,1
511,5,0
5,512,1
513,5,0
514,5,0
5,515,1
516,5,0
517,5,0
5,518,1
5,519,1
520,5,0
521,5,0
5,522,1
5,523,1
524,5,0
525,5,0
526,5,0
5,527,1
5,528,1
5,529,1
5,530,1
5,531,1
5,598,0
6,8,1
9,6,0
11,6,0
6,17,1
21,6,0
22,6,0
6,29,1
6,33,1
6,61,1
6,103,1
6,104,1
108,6,0
6,112,1
158,6,0
6,164,1
6,175,1
6,177,1
185,6,0
6,186,1
6,187,1
6,188,1
6,195,1
196,6,0
6,201,1
6,205,1
6,207,1
6,208,1
209,6,0
6,225,1
6,235,1
236,6,0
6,237,1
6,240,1
6,241,1
242,6,0
6,249,1
6,255,1
6,275,1
6,276,1
6,281,1
283,6,0
285,6,0
287,6,0
6,288,1
289,6,0
290,6,0
6,291,1
6,292,1
294,6,0
295,6,0
6,296,1
6,297,1
6,346,1
6,383,1
393,6,0
6,397,1
6,407,1
6,409,1
511,6,0
6,514,1
6,515,1
6,517,1
6,518,1
6,519,1
6,520,1
521,6,0
6,523,1
6,524,1
6,525,1
528,6,0
6,532,1
6,533,1
6,534,1
6,535,1
6,536,1
6,537,1
6,538,1
6,539,1
540,6,0
541,6,0
542,6,0
6,543,1
6,544,1
6,545,1
6,546,1
6,547,1
6,548,1
6,549,1
550,6,0
6,551,1
6,552,1
6,553,1
6,554,1
555,6,0
6,556,1
557,6,0
6,558,1
559,6,0
560,6,0
6,561,1
6,562,1
6,563,1
6,564,1
565,6,0
6,566,1
567,6,0
6,568,1
6,569,1
570,6,0
571,6,0
572,6,0
6,573,1
6,574,1
6,575,1
6,576,1
577,6,0
578,6,0
6,579,1
6,580,1
6,581,1
582,6,0
6,583,1
6,584,1
585,6,0
6,586,1
587,6,0
588,6,0
6,589,1
590,6,0
6,591,1
592,6,0
6,593,1
6,594,1
595,6,0
596,6,0
597,6,0
6,598,1
599,6,0
6,600,1
601,6,0
6,602,1
6,603,1
6,604,1
6,605,1
6,606,1
6,607,1
608,6,0
6,609,1
6,610,1
6,611,1
6,612,1
6,613,1
6,614,1
615,6,0
6,616,1
6,617,1
6,618,1
619,6,0
6,620,1
621,6,0
6,622,1
623,6,0
624,6,0
6,625,1
6,626,1
6,627,1
6,628,1
6,629,1
6,630,1
6,631,1
6,632,1
633,6,0
6,634,1
6,635,1
6,636,1
637,6,0
638,6,0
639,6,0
6,640,1
6,641,1
6,642,1
6,643,1
6,644,1
6,645,1
6,646,1
6,647,1
6,648,1
6,649,1
6,650,1
6,651,1
6,652,1
653,6,0
6,654,1
6,655,1
6,656,1
657,6,0
6,658,1
6,659,1
6,660,1
6,661,1
6,662,1
6,663,1
6,664,1
665,6,0
6,666,1
667,6,0
668,6,0
6,669,1
6,670,1
671,6,0
672,6,0
6,673,1
674,6,0
6,675,1
676,6,0
677,6,0
6,678,1
6,679,1
6,680,1
6,681,1
6,682,1
683,6,0
6,684,1
6,685,1
686,6,0
687,6,0
6,688,1
689,6,0
6,690,1
691,6,0
692,6,0
693,6,0
6,694,1
6,695,1
6,696,1
6,697,1
6,698,1
699,6,0
6,700,1
6,701,1
6,702,1
6,703,1
704,6,0
6,705,1
6,706,1
6,707,1
6,708,1
6,709,1
710,6,0
6,711,1
6,712,1
713,6,0
6,714,1
715,6,0
6,716,1
6,717,1
718,6,0
6,719,1
6,720,1
6,721,1
722,6,0
723,6,0
6,724,1
725,6,0
6,726,1
6,727,1
6,728,1
6,729,1
6,730,1
6,731,1
7,7,1
12,7,0
7,25,1
7,27,1
28,7,0
7,30,1
7,44,1
7,51,1
52,7,0
7,54,1
7,55,1
7,56,1
7,60,1
66,7,0
7,67,1
68,7,0
69,7,0
7,77,1
7,79,1
80,7,0
7,84,1
95,7,0
7,96,1
7,97,1
7,102,1
7,104,1
7,107,1
7,111,1
7,112,1
7,114,1
7,116,1
7,120,1
127,7,0
7,145,1
152,7,0
155,7,0
7,156,1
7,158,1
7,167,1
169,7,0
177,7,0
180,7,0
186,7,0
7,188,1
190,7,0
7,191,1
7,194,1
7,202,1
203,7,0
7,206,1
7,207,1
7,208,1
7,209,1
7,211,1
7,215,1
225,7,0
7,226,1
227,7,0
7,228,1
230,7,0
7,232,1
7,233,1
7,242,1
7,243,1
245,7,0
246,7,0
7,249,1
7,250,1
7,251,1
255,7,0
7,256,1
257,7,0
7,260,1
7,264,1
266,7,0
7,270,1
7,272,1
7,278,1
7,279,1
286,7,0
7,300,1
7,302,1
7,303,1
7,340,1
7,391,1
7,392,1
7,393,1
7,396,1
401,7,0
407,7,0
7,411,1
421,7,0
7,441,1
7,457,1
460,7,0
7,474,1
7,479,1
481,7,0
488,7,0
7,489,1
7,532,1
536,7,0
538,7,0
7,559,1
7,560,1
561,7,0
7,562,1
597,7,0
7,598,1
7,599,1
600,7,0
7,601,1
7,603,1
607,7,0
7,608,1
7,612,1
614,7,0
7,617,1
7,631,1
7,633,1
7,636,1
638,7,0
639,7,0
641,7,0
7,642,1
7,643,1
7,645,1
670,7,0
7,675,1
7,676,1
677,7,0
7,679,1
708,7,0
7,709,1
710,7,0
711,7,0
712,7,0
7,714,1
7,715,1
716,7,0
7,722,1
723,7,0
7,729,1
7,732,1
7,733,1
7,734,1
7,735,1
7,736,1
7,737,1
738,7,0
7,739,1
7,740,1
7,741,1
742,7,0
7,743,1
7,744,1
7,745,1
7,746,1
7,747,1
7,748,1
7,749,1
7,750,1
7,751,1
7,752,1
753,7,0
7,754,1
755,7,0
7,756,1
7,757,1
758,7,0
7,759,1
760,7,0
7,761,1
762,7,0
7,763,1
7,764,1
7,765,1
766,7,0
7,767,1
7,768,1
7,769,1
7,770,1
7,771,1
772,7,0
773,7,0
774,7,0
7,775,1
776,7,0
7,777,1
7,778,1
7,779,1
7,780,1
7,781,1
7,782,1
7,783,1
7,784,1
785,7,0
7,786,1
7,787,1
7,788,1
789,7,0
7,790,1
7,791,1
792,7,0
7,793,1
794,7,0
7,795,1
7,796,1
7,797,1
798,7,0
799,7,0
7,800,1
7,801,1
7,802,1
7,803,1
7,804,1
7,805,1
806,7,0
7,807,1
808,7,0
7,809,1
7,810,1
811,7,0
7,812,1
7,813,1
7,814,1
7,815,1
7,816,1
7,817,1
7,818,1
819,7,0
7,820,1
7,821,1
822,7,0
823,7,0
7,824,1
825,7,0
7,826,1
7,827,1
7,828,1
829,7,0
7,830,1
831,7,0
7,832,1
7,833,1
7,834,1
7,835,1
7,836,1
837,7,0
838,7,0
7,839,1
7,840,1
7,841,1
7,842,1
843,7,0
844,7,0
845,7,0
7,846,1
847,7,0
7,848,1
7,849,1
7,850,1
851,7,0
852,7,0
853,7,0
7,854,1
855,7,0
7,856,1
857,7,0
7,858,1
859,7,0
7,860,1
7,861,1
862,7,0
863,7,0
7,864,1
865,7,0
866,7,0
7,867,1
7,868,1
7,869,1
7,870,1
7,871,1
872,7,0
873,7,0
7,874,1
875,7,0
7,876,1
7,877,1
7,878,1
7,879,1
880,7,0
7,881,1
7,882,1
883,7,0
7,884,1
7,885,1
7,886,1
7,887,1
888,7,0
889,7,0
7,891,1
7,892,1
7,893,1
7,894,1
7,895,1
7,896,1
7,897,1
898,7,0
899,7,0
7,900,1
7,901,1
7,902,1
7,903,1
904,7,0
905,7,0
906,7,0
7,907,1
7,908,1
7,910,1
911,7,0
7,912,1
7,913,1
7,914,1
7,915,1
916,7,0
926,7,0
7,927,1
928,7,0
7,929,1
930,7,0
931,7,0
932,7,0
7,933,1
7,934,1
935,7,0
7,936,1
937,7,0
7,938,1
7,939,1
7,940,1
7,941,1
7,942,1
943,7,0
944,7,0
945,7,0
946,7,0
947,7,0
7,948,1
7,949,1
950,7,0
951,7,0
7,952,1
953,7,0
7,954,1
7,955,1
956,7,0
7,957,1
7,958,1
959,7,0
7,960,1
7,961,1
7,962,1
963,7,0
964,7,0
965,7,0
7,966,1
7,967,1
968,7,0
7,969,1
7,970,1
971,7,0
972,7,0
973,7,0
7,974,1
975,7,0
7,976,1
977,7,0
7,978,1
7,979,1
7,980,1
7,981,1
7,982,1
983,7,0
7,984,1
7,985,1
7,986,1
7,987,1
7,988,1
989,7,0
7,990,1
7,991,1
7,992,1
993,7,0
7,994,1
7,995,1
7,996,1
7,997,1
998,7,0
999,7,0
1000,7,0
7,1001,1
1002,7,0
1003,7,0
1004,7,0
7,1005,1
7,1006,1
1007,7,0
1008,7,0
7,1009,1
7,1010,1
1011,7,0
7,1012,1
1013,7,0
7,1014,1
7,1015,1
1016,7,0
7,1017,1
7,1018,1
7,1019,1
1020,7,0
1021,7,0
7,1022,1
1023,7,0
7,1024,1
7,1025,1
7,1026,1
1027,7,0
1028,7,0
7,1029,1
7,1030,1
7,1031,1
1032,7,0
8,1033,1
1034,8,0
8,1682,0
9,9,1
9,28,1
9,36,1
9,41,1
9,48,1
9,52,1
9,82,1
9,88,1
9,92,1
9,97,1
9,98,1
9,99,1
9,100,1
9,104,1
9,105,1
9,107,1
110,9,0
9,117,1
9,118,1
9,119,1
122,9,0
9,127,1
149,9,0
9,161,1
163,9,0
177,9,0
180,9,0
215,9,0
234,9,0
239,9,0
9,246,1
9,266,1
9,268,1
9,304,1
9,311,1
391,9,0
9,398,1
9,440,1
9,441,1
9,442,1
444,9,0
9,447,1
9,468,1
472,9,0
9,504,1
9,505,1
9,507,1
9,520,1
521,9,0
522,9,0
9,544,1
546,9,0
9,550,1
9,561,1
9,573,1
9,579,1
9,599,1
621,9,0
628,9,0
687,9,0
693,9,0
9,695,1
706,9,0
9,719,1
734,9,0
9,738,1
758,9,0
9,788,1
9,802,1
9,808,1
9,819,1
9,828,1
9,852,1
863,9,0
9,885,1
888,9,0
9,891,1
9,896,1
9,905,1
9,910,1
9,915,1
943,9,0
971,9,0
997,9,0
1014,9,0
9,1019,1
9,1023,1
9,1035,1
9,1036,1
1037,9,0
9,1038,1
9,1039,1
1040,9,0
9,1041,1
9,1042,1
9,1043,1
9,1044,1
9,1045,1
9,1046,1
1047,9,0
1048,9,0
1049,9,0
9,1050,1
1051,9,0
9,1052,1
1053,9,0
1054,9,0
1055,9,0
9,1056,1
9,1057,1
9,1058,1
1059,9,0
9,1060,1
9,1061,1
9,1062,1
9,1063,1
1064,9,0
9,1065,1
9,1066,1
9,1067,1
9,1068,1
1069,9,0
1070,9,0
9,1071,1
1072,9,0
9,1073,1
9,1074,1
9,1075,1
9,1076,1
1077,9,0
9,1078,1
1079,9,0
9,1080,1
1081,9,0
1082,9,0
1083,9,0
1084,9,0
1085,9,0
1086,9,0
1087,9,0
9,1088,1
1089,9,0
9,1090,1
1091,9,0
9,1092,1
1093,9,0
9,1094,1
9,1095,1
9,1096,1
1097,9,0
9,1098,1
9,1099,1
9,1100,1
1101,9,0
1102,9,0
1103,9,0
9,1104,1
9,1105,1
9,1106,1
1107,9,0
9,1108,1
1109,9,0
1110,9,0
9,1111,1
1112,9,0
9,1113,1
9,1114,1
9,1115,1
9,1116,1
9,1117,1
1118,9,0
9,1119,1
9,1120,1
1121,9,0
9,1122,1
9,1123,1
9,1124,1
9,1125,1
9,1126,1
9,1127,1
9,1128,1
9,1129,1
1130,9,0
9,1131,1
9,1132,1
9,1133,1
9,1134,1
1135,9,0
9,1136,1
9,1137,1
9,1138,1
9,1139,1
1140,9,0
1141,9,0
1142,9,0
9,1143,1
9,1144,1
1145,9,0
1146,9,0
9,1147,1
1148,9,0
9,1149,1
9,1150,1
9,1151,1
9,1152,1
9,1153,1
9,1154,1
9,1155,1
9,1156,1
9,1157,1
1158,9,0
1159,9,0
1160,9,0
9,1161,1
1162,9,0
9,1163,1
1164,9,0
1165,9,0
1166,9,0
9,1167,1
9,1168,1
1169,9,0
9,1170,1
1171,9,0
9,1172,1
9,1173,1
9,1174,1
9,1175,1
1176,9,0
9,1177,1
9,1178,1
9,1179,1
9,1180,1
9,1181,1
9,1182,1
9,1183,1
1184,9,0
9,1185,1
9,1186,1
1187,9,0
9,1188,1
9,1189,1
1190,9,0
9,1191,1
9,1192,1
9,1193,1
9,1194,1
1195,9,0
1196,9,0
1197,9,0
1198,9,0
9,1199,1
1200,9,0
1201,9,0
9,1202,1
9,1203,1
1204,9,0
9,1205,1
1206,9,0
9,1207,1
1208,9,0
9,1209,1
9,1210,1
9,1211,1
9,1212,1
9,1213,1
9,1214,1
9,1215,1
1216,9,0
1217,9,0
9,1218,1
9,1219,1
1220,9,0
1221,9,0
9,1222,1
9,1223,1
1224,9,0
1225,9,0
9,1226,1
1227,9,0
9,1228,1
9,1229,1
9,1230,1
9,1231,1
1232,9,0
1233,9,0
9,1234,1
1235,9,0
1236,9,0
1237,9,0
9,1238,1
9,1239,1
1240,9,0
9,1241,1
9,1242,1
9,1243,1
1244,9,0
9,1245,1
9,1246,1
9,1247,1
9,1248,1
9,1249,1
9,1250,1
9,1251,1
9,1252,1
9,1253,1
1254,9,0
1255,9,0
1256,9,0
9,1257,1
9,1258,1
9,1259,1
9,1260,1
9,1261,1
9,1262,1
9,1263,1
9,1264,1
9,1265,1
1266,9,0
1267,9,0
1268,9,0
1269,9,0
9,1270,1
9,1271,1
9,1272,1
9,1273,1
1274,9,0
1275,9,0
9,1276,1
1277,9,0
9,1278,1
1279,9,0
9,1280,1
9,1281,1
1282,9,0
9,1283,1
9,1284,1
1285,9,0
9,1286,1
9,1287,1
9,1288,1
9,1289,1
9,1290,1
1291,9,0
9,1292,1
1293,9,0
1294,9,0
1295,9,0
9,1296,1
1297,9,0
1298,9,0
9,1299,1
1300,9,0
1301,9,0
9,1302,1
9,1303,1
9,1304,1
1305,9,0
9,1306,1
9,1307,1
1308,9,0
9,1309,1
9,1310,1
9,1311,1
1312,9,0
9,1313,1
1314,9,0
9,1315,1
1316,9,0
9,1317,1
1318,9,0
9,1319,1
9,1320,1
1321,9,0
9,1322,1
9,1323,1
9,1324,1
9,1325,1
9,1326,1
9,1327,1
1328,9,0
1329,9,0
1330,9,0
9,1331,1
9,1332,1
9,1333,1
9,1334,1
1335,9,0
9,1336,1
9,1337,1
1338,9,0
9,1339,1
9,1340,1
9,1341,1
9,1342,1
1343,9,0
1344,9,0
1345,9,0
9,1346,1
1347,9,0
9,1348,1
9,1349,1
1350,9,0
9,1351,1
9,1352,1
9,1353,1
9,1354,1
1355,9,0
9,1356,1
9,1357,1
9,1358,1
9,1359,1
9,1360,1
1361,9,0
9,1362,1
9,1363,1
9,1364,1
9,1365,1
9,1366,1
9,1367,1
1368,9,0
9,1369,1
9,1370,1
9,1371,1
9,1372,1
1373,9,0
9,1374,1
9,1375,1
9,1376,1
9,1377,1
1378,9,0
9,1379,1
1380,9,0
1381,9,0
9,1382,1
9,1383,1
9,1384,1
1385,9,0
9,1386,1
1387,9,0
8,10,0
10,10,1
10,15,1
19,10,0
10,20,1
10,28,1
29,10,0
10,62,1
10,65,1
10,87,1
10,91,1
10,106,1
10,115,1
129,10,0
10,134,1
10,143,1
10,148,1
180,10,0
182,10,0
10,187,0
10,190,1
226,10,0
10,228,1
10,245,1
308,10,0
10,322,1
10,327,1
10,328,1
10,346,1
10,349,1
10,350,1
10,352,1
353,10,0
10,355,1
357,10,0
10,359,1
10,360,1
10,362,1
10,363,1
10,364,1
10,366,1
10,367,1
371,10,0
10,374,1
10,420,1
10,452,1
10,479,1
10,481,1
546,10,0
547,10,0
10,549,1
10,551,1
10,553,1
10,635,1
10,637,1
10,638,1
671,10,0
10,731,1
10,780,1
10,788,1
10,789,1
10,791,1
10,812,1
814,10,0
859,10,0
860,10,0
10,880,1
888,10,0
10,889,1
10,898,1
10,916,1
1033,10,0
10,1115,1
1280,10,0
1306,10,0
10,1388,1
1389,10,0
1390,10,0
10,1391,1
1392,10,0
10,1393,1
1394,10,0
1395,10,0
10,1396,1
10,1397,1
10,1398,1
10,1399,1
10,1400,1
10,1401,1
1402,10,0
10,1403,1
10,1404,1
10,1405,1
10,1406,1
10,1407,1
10,1408,1
10,1409,1
10,1410,1
10,1411,1
1412,10,0
10,1413,1
1414,10,0
10,1415,1
10,1416,1
10,1417,1
10,1418,1
10,1419,1
10,1420,1
10,1421,1
10,1422,1
10,1423,1
1424,10,0
1425,10,0
1426,10,0
10,1427,1
10,1428,1
10,1429,1
10,1430,1
1431,10,0
10,1432,1
1433,10,0
1434,10,0
1435,10,0
10,1436,1
1437,10,0
10,1438,1
10,1439,1
10,1440,1
10,1441,1
1442,10,0
1443,10,0
11,1,1
11,11,1
100,11,0
11,156,1
11,272,1
11,393,1
395,11,0
11,397,1
11,401,1
402,11,0
11,403,1
404,11,0
405,11,0
11,406,1
11,409,1
412,11,0
11,413,1
11,419,1
11,575,1
11,1033,1
11,1271,1
1444,11,0
1445,11,0
11,1446,1
11,1447,1
1448,11,0
11,1449,1
11,1450,1
11,1451,1
11,1452,1
82,12,0
12,156,1
12,267,1
12,406,1
422,12,0
12,570,1
12,682,1
683,12,0
12,875,1
952,12,0
1053,12,0
1055,12,0
12,1118,1
12,1241,1
12,1385,1
12,1453,1
1454,12,0
12,1455,1
12,1456,1
12,1457,1
1458,12,0
12,1459,1
1460,12,0
12,1461,1
12,1462,1
1463,12,0
12,1464,1
12,1465,1
12,1466,1
12,1467,1
1468,12,0
1469,12,0
1470,12,0
12,2072,0
13,3,1
13,29,1
13,46,1
13,116,1
13,127,1
577,13,0
13,578,1
13,869,1
871,13,0
13,1014,1
13,1093,1
13,1144,1
13,1429,1
1471,13,0
13,1472,1
1473,13,0
13,1474,1
13,1475,1
1476,13,0
13,1477,1
13,1478,1
1479,13,0
13,1480,1
13,1481,1
1482,13,0
13,1483,1
13,1484,1
13,1485,1
1486,13,0
13,1487,1
1488,13,0
1489,13,0
13,1490,1
13,1491,1
13,1492,1
1493,13,0
13,1494,1
13,1495,1
13,1496,1
1497,13,0
13,1498,1
14,109,1
14,338,0
14,661,1
674,14,0
684,14,0
14,687,1
14,1230,1
1392,14,0
14,1499,1
14,1500,1
14,1501,1
14,1502,1
1503,14,0
14,1504,1
1505,14,0
14,1506,1
1507,14,0
1508,14,0
14,1509,1
14,1510,1
14,1511,1
1512,14,0
28,15,0
65,15,0
271,15,0
15,475,1
476,15,0
488,15,0
15,489,1
15,1074,1
1280,15,0
1407,15,0
15,1417,1
1418,15,0
15,1419,1
15,1420,1
1513,15,0
1514,15,0
1515,15,0
15,1516,1
15,1517,1
15,1518,1
16,32,0
16,98,1
16,151,0
16,1398,1
17,17,1
17,28,1
38,17,0
17,50,1
17,90,1
113,17,0
17,133,1
17,145,1
183,17,0
17,185,1
17,186,1
17,187,1
17,189,1
17,199,1
200,17,0
17,201,1
205,17,0
17,206,1
207,17,0
17,217,1
17,218,1
17,219,1
17,220,1
221,17,0
222,17,0
17,225,1
240,17,0
17,249,1
17,251,1
275,17,0
17,287,1
17,288,1
289,17,0
290,17,0
17,291,1
292,17,0
17,293,1
17,295,1
17,296,1
17,297,1
17,303,1
393,17,0
396,17,0
401,17,0
17,407,1
17,411,1
420,17,0
17,505,1
17,506,1
17,507,1
17,508,1
533,17,0
17,537,1
544,17,0
545,17,0
17,546,1
17,547,1
17,548,1
559,17,0
17,564,1
583,17,0
584,17,0
17,585,1
17,586,1
589,17,0
17,592,1
595,17,0
596,17,0
17,598,1
17,600,1
17,602,1
604,17,0
17,609,1
611,17,0
629,17,0
17,635,1
636,17,0
17,637,1
17,652,1
17,662,1
17,665,1
17,674,1
17,676,1
677,17,0
678,17,0
680,17,0
681,17,0
688,17,0
17,690,1
734,17,0
735,17,0
17,737,1
17,803,1
17,820,1
17,824,1
17,837,1
17,841,1
17,890,1
900,17,0
17,909,1
17,928,1
17,930,1
17,932,1
17,946,1
954,17,0
17,956,1
17,969,1
17,970,1
17,995,1
1033,17,0
1034,17,0
17,1058,1
17,1120,1
1144,17,0
1186,17,0
17,1198,1
1454,17,0
1519,17,0
17,1520,1
1521,17,0
17,1522,1
17,1523,1
17,1524,1
17,1525,1
17,1526,1
17,1527,1
17,1528,1
17,1529,1
17,1530,1
1531,17,0
17,1532,1
17,1533,1
17,1534,1
1535,17,0
17,1536,1
1537,17,0
17,1538,1
17,1539,1
1540,17,0
17,1541,1
17,1542,1
17,1543,1
17,1544,1
1545,17,0
1546,17,0
17,1547,1
17,1548,1
17,1549,1
1550,17,0
1551,17,0
17,1552,1
1553,17,0
17,1554,1
17,1555,1
17,1556,1
1557,17,0
17,1558,1
17,1559,1
1560,17,0
1561,17,0
17,1562,1
17,1563,1
17,1564,1
17,1565,1
17,1566,1
17,1567,1
17,1568,1
17,1569,1
17,2162,0
18,1570,1
18,1571,1
19,19,1
19,908,0
19,1150,0
1406,19,0
19,1563,0
19,1802,0
19,1999,0
19,2052,0
2,20,0
20,14,1
20,16,1
20,20,1
20,29,1
20,38,1
20,60,1
63,20,0
20,64,1
20,108,1
20,130,1
20,134,1
138,20,0
141,20,0
165,20,0
172,20,0
174,20,0
20,175,1
177,20,0
20,192,1
203,20,0
20,204,1
20,266,1
20,270,1
20,273,1
287,20,0
20,307,1
20,320,1
20,321,1
322,20,0
326,20,0
20,328,1
347,20,0
20,350,1
20,351,1
20,352,1
353,20,0
20,355,1
356,20,0
20,357,1
359,20,0
20,360,1
361,20,0
20,363,1
365,20,0
20,367,1
368,20,0
371,20,0
20,374,1
396,20,0
20,417,1
421,20,0
20,424,1
429,20,0
20,437,1
20,441,1
20,444,1
20,456,1
505,20,0
20,506,1
20,507,1
509,20,0
533,20,0
20,539,1
20,548,1
20,555,1
20,556,1
20,559,1
20,560,1
20,561,1
20,562,1
20,580,1
20,631,1
645,20,0
20,656,1
20,684,0
20,705,1
20,734,1
20,788,1
20,796,1
20,820,1
827,20,0
20,837,1
20,852,1
20,853,1
20,888,1
20,891,1
20,892,1
20,959,1
20,1014,1
20,1033,1
20,1034,1
1040,20,0
1060,20,0
20,1065,1
20,1066,1
20,1067,1
20,1072,1
1073,20,0
1077,20,0
1078,20,0
20,1107,1
20,1109,1
20,1128,1
20,1144,1
20,1145,1
1164,20,0
1186,20,0
20,1198,1
20,1225,1
20,1227,1
20,1231,1
20,1238,1
20,1255,1
1261,20,0
20,1290,1
20,1299,1
20,1374,1
20,1378,1
1380,20,0
20,1396,1
20,1398,1
1401,20,0
20,1403,1
20,1404,1
20,1407,1
1418,20,0
1419,20,0
1443,20,0
20,1485,1
20,1516,1
20,1520,1
20,1535,1
1537,20,0
1538,20,0
20,1552,1
1572,20,0
1573,20,0
20,1574,1
20,1575,1
20,1576,1
20,1577,1
20,1578,1
20,1579,1
20,1580,1
20,1581,1
20,1582,1
1583,20,0
20,1584,1
20,1585,1
20,1586,1
20,1587,1
20,1588,1
20,1589,1
1590,20,0
1591,20,0
1592,20,0
20,1593,1
1594,20,0
1595,20,0
20,1596,1
20,1597,1
20,1598,1
20,1599,1
1600,20,0
20,1601,1
1602,20,0
20,1603,1
1604,20,0
1605,20,0
1606,20,0
20,1607,1
1608,20,0
20,1609,1
20,1610,1
1611,20,0
20,1612,1
20,1613,1
20,1614,1
20,1615,1
1616,20,0
20,1617,1
20,1618,1
20,1619,1
20,1620,1
1621,20,0
20,1622,1
1623,20,0
20,1624,1
1625,20,0
20,1626,1
20,1627,1
1628,20,0
1629,20,0
1630,20,0
20,1631,1
20,1632,1
20,1633,1
20,1634,1
20,1635,1
20,1636,1
20,1637,1
20,1638,1
1639,20,0
20,1640,1
20,1641,1
1642,20,0
1643,20,0
1644,20,0
20,1645,1
20,1646,1
20,1647,1
20,1648,1
20,1649,1
20,1650,1
1651,20,0
20,1652,1
1653,20,0
20,1654,1
20,1655,1
1656,20,0
1657,20,0
1658,20,0
20,1659,1
20,1660,1
1661,20,0
20,1662,1
20,1663,1
20,1664,1
1665,20,0
20,1666,1
20,1667,1
1668,20,0
1669,20,0
20,1670,1
20,1671,1
1672,20,0
20,1673,1
20,1674,1
20,1675,1
20,1676,1
20,1677,1
20,1678,1
20,1679,1
1680,20,0
20,1681,1
20,1682,1
1683,20,0
1684,20,0
1685,20,0
20,1686,1
1687,20,0
1688,20,0
20,1689,1
1690,20,0
20,1691,1
1692,20,0
20,1693,1
20,1694,1
20,1695,1
20,1696,1
20,1697,1
20,1698,1
20,1699,1
20,1756,0
21,21,1
612,21,0
21,624,1
21,708,1
21,710,1
711,21,0
21,712,1
21,713,1
21,715,1
21,1878,0
22,22,1
22,276,0
496,22,0
22,497,1
22,498,1
501,22,0
22,502,1
566,22,0
22,567,1
568,22,0
22,708,1
711,22,0
712,22,0
22,714,1
22,715,1
22,716,1
1700,22,0
22,1701,1
1702,22,0
23,23,1
23,140,0
23,1703,1
1704,23,0
23,1705,1
23,1706,1
23,1707,1
23,1957,0
23,2133,0
24,890,1
24,909,1
24,1159,0
25,25,1
25,272,1
25,393,1
25,395,1
397,25,0
398,25,0
25,399,1
400,25,0
25,401,1
404,25,0
25,405,1
406,25,0
25,409,1
25,412,1
25,413,1
25,418,1
419,25,0
422,25,0
25,427,1
25,575,1
25,812,1
876,25,0
25,1417,1
25,1418,1
25,1419,1
25,1423,1
25,1445,1
1449,25,0
1450,25,0
1561,25,0
25,1708,1
25,1709,1
1710,25,0
25,1711,1
25,2003,0
26,26,1
217,26,0
26,218,1
26,219,1
26,220,1
523,26,0
524,26,0
26,525,1
26,526,1
528,26,0
1455,26,0
26,1464,1
1466,26,0
26,1712,1
1713,26,0
26,1714,1
26,1715,1
26,1716,1
1717,26,0
26,1718,1
26,1719,1
27,27,1
27,1357,0
27,1553,1
27,1555,1
1563,27,0
27,1723,0
27,2158,0
28,28,1
28,29,1
28,52,1
28,270,1
28,386,1
28,646,1
28,811,1
915,28,0
28,1033,1
1034,28,0
28,1288,1
28,1368,0
28,1417,1
28,1418,1
28,1420,1
1423,28,0
28,1469,0
28,1516,1
28,1575,1
28,1622,1
28,1720,1
28,1721,1
28,1722,1
28,1723,1
28,1724,1
28,1725,1
29,29,1
29,383,1
386,29,0
1417,29,0
29,1418,1
29,1419,1
29,1423,1
29,1516,1
30,1026,1
30,1027,1
30,1028,1
31,1481,0
31,1526,0
1726,31,0
31,1727,1
32,14,1
29,32,0
32,32,1
32,52,1
32,65,1
396,32,0
32,402,1
32,403,1
412,32,0
32,413,1
795,32,0
32,796,1
32,797,1
32,829,1
32,1073,1
32,1280,1
1417,32,0
1419,32,0
32,1435,0
1452,32,0
32,1487,1
32,1675,1
32,1712,0
1728,32,0
32,1729,1
32,1730,1
32,1731,1
32,1732,1
32,1733,1
1734,32,0
32,1735,1
32,1736,1
32,1737,1
32,1738,1
1739,32,0
1740,32,0
33,164,1
33,175,1
33,190,1
195,33,0
33,217,1
33,218,1
219,33,0
222,33,0
33,235,1
236,33,0
33,237,1
239,33,0
241,33,0
242,33,0
33,243,1
33,247,1
277,33,0
33,281,1
283,33,0
33,284,1
33,285,1
288,33,0
291,33,0
33,292,1
293,33,0
33,294,1
33,296,1
33,297,1
33,310,0
389,33,0
390,33,0
33,515,1
33,517,1
33,518,1
33,519,1
33,521,1
33,524,1
33,525,1
33,528,1
533,33,0
538,33,0
33,545,1
33,552,1
33,557,1
558,33,0
33,617,1
619,33,0
33,620,1
33,629,1
33,648,1
33,649,1
651,33,0
675,33,0
33,676,1
677,33,0
33,679,1
33,680,1
33,695,1
33,696,1
697,33,0
33,700,1
701,33,0
33,702,1
33,703,1
33,1541,1
1542,33,0
33,1544,1
33,1546,1
33,1547,1
1566,33,0
33,1741,1
1742,33,0
34,190,1
217,34,0
34,220,1
34,221,1
222,34,0
34,243,1
34,277,1
280,34,0
282,34,0
34,284,1
285,34,0
34,389,1
390,34,0
517,34,0
518,34,0
34,520,1
34,522,1
525,34,0
529,34,0
552,34,0
34,618,1
620,34,0
34,682,1
34,683,1
34,700,1
34,701,1
703,34,0
35,35,1
972,35,0
35,973,1
35,975,1
35,977,1
980,35,0
35,982,1
1743,35,0
36,36,1
36,52,1
36,114,0
446,36,0
36,706,1
36,915,1
916,36,0
1280,36,0
36,1317,1
1323,36,0
36,1324,1
36,1422,1
1744,36,0
1745,36,0
36,1746,1
37,412,1
37,413,1
37,562,0
832,37,0
1747,37,0
37,1748,1
38,38,1
134,38,0
38,223,1
267,38,0
38,340,1
38,424,1
432,38,0
38,633,1
38,748,1
38,900,1
38,1075,1
1108,38,0
38,1290,0
38,1364,1
38,1388,1
38,1415,1
38,1425,1
38,1426,1
1514,38,0
1573,38,0
38,1633,1
38,1634,1
38,1686,1
38,1728,1
38,1746,0
1749,38,0
38,1750,1
38,1751,1
38,1752,1
1753,38,0
38,1754,1
38,1755,1
38,1756,1
1757,38,0
38,1758,1
38,1759,1
38,1760,1
1761,38,0
38,1762,1
38,1763,1
38,1764,1
38,1765,1
38,1766,1
38,1767,1
1768,38,0
1769,38,0
38,1770,1
38,2192,0
456,39,0
40,40,1
40,42,1
40,157,1
40,199,1
396,40,0
40,411,1
40,1557,1
40,1570,1
1571,40,0
40,1771,1
40,1772,1
1773,40,0
1774,40,0
40,1775,1
1776,40,0
40,1777,1
40,1905,0
41,29,1
1513,41,0
41,1514,1
41,1516,1
42,42,1
42,735,1
43,43,1
43,198,1
43,211,1
244,43,0
245,43,0
254,43,0
393,43,0
43,402,0
43,1078,1
43,1329,0
43,1778,1
43,1779,1
44,44,1
51,44,0
44,135,1
44,717,0
44,753,1
44,755,1
759,44,0
44,823,1
44,829,1
44,830,1
831,44,0
839,44,0
44,840,1
1280,44,0
1395,44,0
1620,44,0
44,1780,1
44,1781,1
1782,44,0
44,1783,1
44,1784,1
45,45,1
45,663,1
45,717,1
46,185,1
46,187,1
188,46,0
46,189,1
46,1492,1
46,1494,1
47,1002,0
47,1788,1
1789,47,0
48,48,1
48,346,1
48,430,0
534,48,0
48,615,1
48,616,1
48,664,1
48,671,1
48,1039,0
48,1345,1
48,1790,1
48,1791,1
49,346,0
1304,49,0
49,1417,0
49,1468,1
49,1588,0
1796,49,0
49,1797,1
50,841,1
51,100,0
754,51,0
51,755,1
51,914,1
52,52,1
52,185,1
186,52,0
52,187,1
52,189,1
52,453,1
52,467,1
52,561,1
562,52,0
52,563,1
52,633,1
52,915,1
1051,52,0
52,1082,1
52,1164,1
52,1418,1
52,1419,1
52,1443,1
52,1645,1
52,1670,0
52,1708,1
53,54,1
53,74,0
53,912,1
53,936,1
53,941,1
53,942,1
1015,53,0
53,1016,1
53,1771,0
53,1847,1
912,54,0
54,936,1
942,54,0
54,1016,1
54,1381,0
54,1525,0
55,55,1
55,56,1
55,729,1
943,55,0
56,56,1
56,280,0
56,873,1
56,875,1
56,897,1
56,940,1
56,952,1
56,994,1
56,2081,0
57,57,1
873,57,0
57,897,1
57,994,1
58,499,0
58,934,1
58,935,1
1010,58,0
1011,58,0
1012,58,0
58,1432,0
1848,58,0
58,2018,0
430,59,0
59,434,1
438,59,0
59,1849,1
1850,59,0
59,1851,1
1852,59,0
59,1853,1
1854,59,0
59,1855,1
59,2149,0
226,60,0
227,60,0
572,60,0
60,730,0
60,816,1
60,817,1
60,887,1
60,1223,0
60,1856,1
61,146,1
61,187,1
61,189,1
225,61,0
61,536,1
61,775,1
776,61,0
778,61,0
61,1563,1
1564,61,0
61,1565,1
61,1587,1
1731,61,0
61,1802,1
61,1857,1
61,1858,1
1859,61,0
61,1860,1
1861,61,0
61,1862,1
61,1863,1
61,1864,1
61,1865,1
61,1866,1
62,173,0
62,488,0
62,561,1
62,562,1
633,62,0
780,62,0
62,781,1
62,2160,0
63,63,1
63,98,1
939,63,0
63,943,0
63,954,1
63,972,1
63,974,1
63,975,1
977,63,0
978,63,0
63,980,1
63,1020,1
63,1022,1
63,1031,1
63,1115,1
63,1145,1
1181,63,0
63,1367,1
63,1433,1
63,1434,1
1435,63,0
63,1438,1
63,1707,0
1867,63,0
63,1868,1
63,1869,1
43,64,0
64,780,1
1394,64,0
1396,64,0
1401,64,0
64,1870,1
65,52,1
65,65,1
218,65,0
221,65,0
222,65,0
915,65,0
65,1423,1
1532,65,0
65,1871,1
66,66,1
740,66,0
742,66,0
66,743,1
66,744,1
66,746,1
66,747,1
66,882,1
66,1054,0
66,1872,1
1873,66,0
1874,66,0
1875,66,0
901,67,0
67,903,1
67,1437,0
67,2123,0
68,118,0
69,192,1
193,69,0
458,69,0
69,460,1
69,752,1
69,833,1
865,69,0
866,69,0
69,968,1
69,1315,0
70,70,1
70,468,0
70,560,1
645,70,0
70,1556,1
70,1746,0
28,71,0
71,863,1
1417,71,0
71,1418,1
71,1741,1
71,1742,1
72,72,1
72,664,0
72,944,1
72,1001,1
72,1002,1
72,1003,1
72,1698,0
1876,72,0
1877,72,0
72,1878,1
72,1879,1
72,1880,1
73,234,1
73,384,1
73,391,1
392,73,0
73,1395,1
74,74,1
74,141,1
74,1785,0
74,1881,1
74,1882,1
74,2193,0
75,811,0
75,921,0
75,1802,0
75,1883,1
75,1884,1
75,1885,1
1886,75,0
1887,75,0
76,191,1
192,76,0
76,194,1
865,76,0
77,77,1
77,78,1
77,230,1
231,77,0
77,789,1
790,77,0
77,791,1
828,77,0
77,911,1
77,1696,0
78,231,1
78,463,0
78,564,0
78,789,1
790,78,0
78,791,1
78,828,1
78,911,1
79,206,1
79,209,1
79,798,1
812,80,0
80,814,1
80,1805,0
149,81,0
81,1222,1
81,1223,1
81,1513,1
1514,81,0
1529,81,0
1530,81,0
81,1612,1
81,1697,0
81,1778,1
1779,81,0
81,1784,1
81,1802,1
1857,81,0
1858,81,0
1861,81,0
81,1864,1
81,1866,1
81,1888,1
81,1889,1
81,1890,1
1891,81,0
81,1892,1
1893,81,0
1894,81,0
81,1895,1
1896,81,0
81,1897,1
81,1898,1
1899,81,0
1900,81,0
1901,81,0
81,1902,1
81,1903,1
81,1904,1
81,1905,1
81,1906,1
81,1907,1
81,1908,1
81,1909,1
81,1910,1
81,1911,1
81,1912,1
81,1913,1
1914,81,0
1915,81,0
82,82,1
565,82,0
82,1598,1
1916,82,0
83,83,1
183,83,0
83,212,1
252,83,0
83,560,1
581,83,0
83,631,1
645,83,0
83,714,0
83,755,0
83,1111,1
83,1112,1
83,1139,0
83,1639,1
1734,83,0
83,1754,1
1917,83,0
83,1918,1
83,1919,1
1920,83,0
83,1921,1
83,1922,1
83,1923,1
1924,83,0
1925,83,0
83,1926,1
83,1927,1
1928,83,0
84,67,1
84,1462,0
84,1886,0
85,1633,0
1929,85,0
86,13,1
86,245,0
86,1488,1
86,1839,0
86,1930,1
217,87,0
87,220,1
87,1519,1
87,1532,1
88,88,1
88,1040,1
88,1532,0
1931,89,0
1932,89,0
89,1933,1
89,1934,1
89,1947,0
90,90,1
90,1057,0
90,1521,1
90,1522,1
90,1523,1
213,91,0
91,964,0
92,1043,1
92,1935,1
92,1936,1
92,2087,0
93,763,1
764,93,0
94,765,1
94,804,0
95,95,1
782,95,0
95,783,1
95,784,1
95,785,1
95,786,1
95,787,1
95,1610,0
95,1634,0
96,96,1
96,97,1
858,96,0
859,96,0
96,860,1
861,96,0
96,1024,1
96,1219,0
859,97,0
97,860,1
861,97,0
97,1076,0
97,2154,0
98,8,1
98,98,1
148,98,0
98,180,1
182,98,0
98,633,1
98,1356,1
98,1442,1
98,1621,1
98,1950,1
98,1951,1
98,1952,1
1953,98,0
98,1954,1
99,442,1
99,658,0
99,1899,0
100,100,1
100,272,1
100,2019,0
101,837,1
101,981,0
1955,101,0
1956,101,0
1957,101,0
102,844,1
102,845,1
846,102,0
102,1735,1
102,1958,1
102,1959,1
102,1960,1
11,103,0
103,103,1
397,103,0
103,401,1
103,428,1
103,435,1
103,1165,1
103,1452,1
608,104,0
614,104,0
104,723,1
104,724,1
104,725,1
105,104,1
607,105,0
105,614,1
105,723,1
105,724,1
725,105,0
105,1010,0
105,2050,0
106,106,1
106,483,1
106,1129,1
1803,106,0
106,1826,1
1961,106,0
1962,106,0
106,1963,1
106,1964,1
106,1965,1
1966,106,0
106,1967,1
1968,106,0
1969,106,0
1970,106,0
106,1971,1
107,313,0
818,107,0
108,801,0
109,684,1
686,109,0
109,1230,1
109,1499,0
109,1505,1
1507,109,0
110,1009,0
110,1972,1
110,1973,1
66,111,0
111,111,1
111,141,0
301,111,0
111,305,1
111,877,1
111,879,1
635,112,0
112,636,1
637,112,0
112,638,1
112,639,1
112,641,1
112,642,1
113,113,1
113,761,0
1548,113,0
113,1549,1
114,29,1
55,114,0
114,114,1
202,114,0
114,460,1
492,114,0
114,550,1
862,114,0
114,863,1
1588,114,0
114,1662,1
114,1975,1
1976,114,0
114,1977,1
114,1978,1
114,1979,1
114,1980,1
114,1981,1
114,1982,1
114,1983,1
115,383,1
386,115,0
115,561,1
115,633,1
115,1421,1
116,116,1
962,116,0
116,963,1
964,116,0
117,117,1
117,779,0
117,1386,1
117,1984,1
117,1985,1
117,1986,1
117,1987,1
118,960,0
1847,118,0
118,2032,0
118,2170,0
119,299,0
119,1235,1
119,1236,1
119,1988,1
1989,119,0
119,1990,1
119,1991,1
119,1992,1
119,1993,1
120,491,0
120,523,0
120,984,1
985,120,0
120,986,1
120,989,1
990,120,0
120,1305,0
121,121,1
121,414,1
121,484,1
121,485,1
486,121,0
121,487,1
121,621,1
121,1305,0
122,122,1
122,134,0
122,462,0
1996,122,0
11,123,0
25,123,0
123,100,1
103,123,0
123,123,1
272,123,0
123,412,1
123,780,1
781,123,0
124,124,1
124,183,1
124,1781,0
125,116,1
125,750,1
125,751,1
1056,125,0
126,126,1
126,847,1
126,956,1
126,2016,1
126,2017,1
2018,126,0
1023,127,0
127,1743,0
127,1926,0
127,2019,1
127,2160,0
128,128,1
128,2020,1
128,2021,1
2022,128,0
128,2023,1
128,2024,1
2025,128,0
128,2026,1
129,106,1
129,479,1
481,129,0
129,1755,1
2027,129,0
2028,129,0
129,2029,1
130,130,1
131,131,1
131,2030,1
131,2031,1
132,132,1
132,1942,1
132,1946,1
132,2032,1
2033,132,0
133,237,1
457,133,0
133,479,1
133,480,1
133,481,1
133,1662,0
134,98,1
134,134,1
182,134,0
226,134,0
227,134,0
134,371,1
134,870,0
134,900,0
134,1332,0
134,1926,0
135,226,1
135,1160,0
135,1282,0
1780,135,0
135,2037,1
135,2038,1
135,2039,1
2040,135,0
135,2041,1
135,2042,1
135,2043,1
135,2044,1
135,2045,1
412,136,0
136,413,1
136,1000,0
137,269,0
137,476,0
137,1113,0
137,1236,0
2046,137,0
137,2047,1
137,2107,0
139,1358,1
139,2024,0
2049,139,0
8,140,0
140,106,1
140,479,1
481,140,0
140,1281,0
140,2002,0
140,2050,1
140,2051,1
140,2052,1
142,142,1
142,441,0
1216,142,0
142,2008,0
140,143,0
270,143,0
143,386,1
469,143,0
143,479,1
143,480,1
143,481,1
143,1044,0
143,1643,1
144,50,1
64,144,0
451,144,0
144,480,1
144,481,1
144,1132,1
144,2057,1
2058,144,0
145,145,1
145,688,1
145,900,1
969,145,0
145,970,1
146,146,1
1513,146,0
146,1802,1
146,1858,1
146,1859,1
1860,146,0
146,1862,1
146,1863,1
146,1865,1
146,1866,1
147,182,0
147,1992,0
148,781,1
148,1332,1
148,1617,1
148,1646,0
148,2068,0
148,2072,1
149,872,1
1280,149,0
149,2073,1
149,2074,1
150,823,0
150,935,0
150,1657,1
1694,150,0
150,2081,1
150,2082,1
2083,150,0
151,2093,1
151,2094,1
152,9,1
152,109,1
152,203,1
152,204,1
424,152,0
475,152,0
488,152,0
152,489,1
152,646,1
847,152,0
152,1279,1
152,1388,1
152,1426,1
152,1520,1
152,1538,1
1588,152,0
1682,152,0
1768,152,0
152,2084,1
152,2095,1
152,2096,1
152,2097,1
152,2098,1
152,2099,1
152,2100,1
152,2101,1
152,2102,1
2103,152,0
2104,152,0
152,2105,1
2106,152,0
153,1,1
153,8,1
153,123,1
153,271,1
153,396,1
420,153,0
457,153,0
153,480,1
153,481,1
153,653,1
153,654,1
780,153,0
153,781,1
153,832,1
153,891,0
153,1033,1
1034,153,0
153,1178,1
153,1198,0
1217,153,0
1557,153,0
2003,153,0
153,2096,0
153,2150,1
153,2151,1
2152,153,0
2153,153,0
154,517,0
154,1265,1
2158,154,0
2159,154,0
2160,154,0
2161,154,0
155,155,1
948,155,0
949,155,0
156,6,1
156,9,1
103,156,0
156,156,1
156,186,1
156,187,1
156,188,1
156,189,1
156,224,1
156,225,1
156,397,1
409,156,0
156,441,1
156,457,1
156,505,1
156,506,1
507,156,0
156,508,1
156,509,1
534,156,0
156,553,1
561,156,0
156,562,1
156,565,1
597,156,0
156,598,1
156,601,1
604,156,0
156,633,1
156,652,1
156,653,1
156,671,1
731,156,0
757,156,0
156,768,1
156,769,1
156,775,1
156,776,1
777,156,0
779,156,0
156,780,1
781,156,0
811,156,0
967,156,0
156,1182,1
1285,156,0
1325,156,0
1367,156,0
156,1385,1
156,1433,1
1434,156,0
1435,156,0
156,1436,1
156,1437,1
156,1438,1
1439,156,0
156,1440,1
156,1463,1
1465,156,0
1466,156,0
1467,156,0
1598,156,0
1713,156,0
1714,156,0
156,1718,1
156,1719,1
156,1800,1
156,2034,1
156,2166,1
2167,156,0
156,2168,1
156,2169,1
156,2170,1
156,2171,1
156,2172,1
2173,156,0
2174,156,0
156,2175,1
2176,156,0
156,2177,1
156,2178,1
157,157,1
158,201,1
158,538,1
158,555,1
557,158,0
158,558,1
1831,159,0
159,2179,1
2180,159,0
159,2181,1
159,2182,1
159,2183,1
159,2184,1
2185,159,0
2186,159,0
2187,159,0
160,1524,1
2188,160,0
160,2189,1
160,2190,1
161,872,1
161,1681,0
510,162,0
162,512,1
513,162,0
162,514,1
162,1154,0
2191,162,0
162,2192,1
647,164,0
164,649,1
164,651,1
2193,165,0
267,166,0
166,494,0
166,920,0
166,2194,1
167,193,0
167,345,0
167,945,1
167,965,0
1008,167,0
167,1009,1
167,1843,0
168,82,1
168,454,0
168,818,0
168,1118,1
1531,168,0
168,1732,1
168,2053,1
2054,168,0
168,2055,1
2195,168,0
168,2196,1
2197,168,0
2198,168,0
169,882,0
169,978,0
169,1004,1
169,1005,1
169,1006,1
169,1839,0
170,170,1
170,1086,1
170,1896,1
170,2199,1
171,226,1
171,958,1
171,1129,0
171,2007,0
2200,171,0
172,2039,0
2201,172,0
173,2111,0
173,2147,1
173,2202,1
174,396,1
1300,174,0
174,2056,1
174,2203,1
174,2204,1
175,1923,0
178,447,0
181,1254,0
181,1434,0
181,1966,0
183,360,0
184,484,0
184,498,0
184,627,0
184,1670,0
185,602,0
185,1372,0
186,932,0
187,426,0
188,556,0
190,751,0
190,912,0
192,2133,0
194,2153,0
196,662,0
196,1764,0
198,899,0
199,1460,0
199,1626,0
200,1659,0
202,1977,0
203,2036,0
204,1596,0
206,1180,0
206,1762,0
208,1668,0
208,1961,0
210,1042,0
210,1407,0
211,1284,0
212,1926,0
213,1273,0
214,1233,0
214,1255,0
214,2054,0
217,1770,0
218,432,0
220,1962,0
221,2018,0
222,1344,0
227,364,0
228,438,0
229,1393,0
230,1014,0
231,689,0
233,2099,0
236,1865,0
238,1279,0
238,1479,0
240,1687,0
240,1743,0
241,1536,0
244,1447,0
244,1735,0
246,1646,0
246,1735,0
250,1987,0
251,632,0
251,1600,0
253,1690,0
255,1829,0
258,697,0
258,1542,0
259,1392,0
260,806,0
260,1300,0
260,1472,0
261,1893,0
262,416,0
262,801,0
264,1529,0
266,675,0
266,1000,0
267,1629,0
269,949,0
269,952,0
270,875,0
271,422,0
271,601,0
271,1097,0
272,1014,0
273,679,0
274,857,0
274,1948,0
277,2198,0
280,1558,0
280,1941,0
286,1560,0
286,1795,0
288,2126,0
289,659,0
290,1190,0
290,1679,0
291,342,0
292,1636,0
292,1888,0
293,1161,0
295,1494,0
296,1032,0
298,1016,0
298,1802,0
298,1865,0
300,1912,0
302,2183,0
302,2192,0
303,1090,0
303,1217,0
304,828,0
305,962,0
305,1151,0
306,1813,0
307,408,0
307,502,0
307,1139,0
308,1784,0
309,400,0
309,1080,0
310,856,0
311,355,0
313,1234,0
313,1954,0
314,1327,0
315,1452,0
316,1084,0
316,2134,0
317,692,0
317,1203,0
317,2142,0
318,1189,0
318,2028,0
319,498,0
322,569,0
325,918,0
327,1530,0
328,1754,0
330,1167,0
331,686,0
331,1008,0
333,2174,0
337,574,0
337,993,0
340,1147,0
342,417,0
342,1601,0
344,1112,0
345,1668,0
346,1462,0
347,799,0
349,1304,0
349,1976,0
350,1242,0
352,2064,0
353,1120,0
354,1570,0
354,1693,0
357,1964,0
358,727,0
358,1668,0
359,370,0
360,1230,0
362,1053,0
362,1540,0
363,2173,0
364,634,0
366,961,0
366,1989,0
367,507,0
368,2160,0
369,1505,0
370,489,0
371,975,0
373,859,0
374,1500,0
374,1531,0
377,405,0
377,887,0
378,1201,0
379,1695,0
381,783,0
381,1073,0
381,1536,0
382,1759,0
383,1183,0
384,1168,0
385,1307,0
385,1951,0
387,1441,0
388,993,0
389,676,0
389,990,0
389,1445,0
392,1591,0
395,401,0
396,695,0
397,757,0
399,1099,0
400,1236,0
401,979,0
401,1142,0
403,1043,0
405,420,0
405,1103,0
405,1121,0
406,991,0
408,835,0
411,1126,0
411,1527,0
412,682,0
412,948,0
412,1316,0
413,2199,0
415,968,0
416,1792,0
416,1982,0
418,1132,0
418,1335,0
420,1019,0
422,1023,0
423,1759,0
424,609,0
424,719,0
424,868,0
424,1822,0
425,802,0
426,1129,0
428,1677,0
428,1681,0
429,1023,0
429,1308,0
432,1756,0
433,1641,0
434,802,0
434,1016,0
437,1172,0
439,1077,0
439,2083,0
440,865,0
440,1095,0
440,1271,0
441,2087,0
442,1499,0
443,1989,0
448,1654,0
453,859,0
454,1794,0
454,1838,0
456,1255,0
457,2203,0
458,1039,0
459,1003,0
461,1356,0
461,1753,0
463,719,0
463,1986,0
464,1856,0
465,1036,0
466,670,0
469,768,0
470,692,0
471,739,0
473,478,0
473,1134,0
476,1229,0
476,1782,0
477,1253,0
478,789,0
478,794,0
479,1397,0
479,1869,0
481,559,0
483,1747,0
488,736,0
488,1365,0
489,1320,0
489,1617,0
491,707,0
491,1914,0
492,2139,0
494,1075,0
494,1507,0
495,1752,0
496,1549,0
496,1574,0
498,859,0
498,2075,0
499,985,0
500,1421,0
501,2066,0
502,531,0
502,824,0
502,2156,0
503,877,0
504,1148,0
506,968,0
507,783,0
507,1683,0
508,1701,0
508,1940,0
509,894,0
509,910,0
509,1437,0
512,907,0
515,2170,0
516,649,0
516,834,0
519,1696,0
519,1922,0
519,1972,0
521,661,0
522,588,0
523,975,0
524,1401,0
524,2075,0
526,816,0
527,1083,0
527,1283,0
528,1714,0
529,1983,0
530,1033,0
531,2187,0
532,1289,0
532,1909,0
533,2079,0
534,1211,0
535,2135,0
536,1350,0
537,746,0
537,981,0
537,1091,0
537,1159,0
538,1779,0
538,2132,0
543,556,0
544,1134,0
544,1493,0
545,2094,0
546,1930,0
548,1192,0
551,921,0
552,599,0
552,2108,0
557,1871,0
559,1981,0
560,720,0
563,1678,0
564,1265,0
564,1414,0
564,1946,0
565,2071,0
565,2161,0
567,760,0
571,953,0
573,1905,0
575,1431,0
576,1972,0
578,1185,0
579,1786,0
580,873,0
580,1250,0
583,1337,0
583,2075,0
586,1072,0
586,1175,0
586,1298,0
591,1274,0
591,1469,0
595,1201,0
596,1899,0
596,2136,0
597,1551,0
597,2133,0
599,1398,0
600,1279,0
601,1126,0
603,613,0
603,1944,0
605,1293,0
608,1795,0
613,885,0
613,2039,0
614,876,0
614,2119,0
615,1139,0
615,2198,0
616,943,0
621,1740,0
624,2130,0
628,845,0
628,2125,0
629,1769,0
631,1146,0
631,1621,0
632,2042,0
633,2086,0
634,1899,0
639,1505,0
640,1992,0
641,1154,0
642,1433,0
643,727,0
643,2057,0
645,2178,0
647,921,0
647,1023,0
647,1490,0
648,855,0
650,1025,0
650,2025,0
651,849,0
652,782,0
657,1664,0
658,1351,0
660,951,0
660,2178,0
662,1363,0
663,1600,0
664,892,0
664,1912,0
668,1085,0
668,1255,0
668,1587,0
669,807,0
670,1437,0
672,1844,0
673,1250,0
675,732,0
678,788,0
678,1897,0
680,913,0
680,1815,0
682,828,0
682,1842,0
684,849,0
684,1738,0
686,919,0
686,1401,0
686,1530,0
687,2074,0
692,1378,0
692,1560,0
694,1949,0
695,1666,0
697,1415,0
698,1260,0
699,941,0
699,1460,0
699,2064,0
702,1538,0
702,1835,0
704,1497,0
704,1806,0
705,1146,0
707,1583,0
708,2052,0
713,2134,0
714,779,0
714,1654,0
714,1765,0
716,926,0
716,1395,0
717,2054,0
720,2167,0
722,1360,0
725,1293,0
730,961,0
735,1170,0
737,1305,0
737,1335,0
740,891,0
740,1602,0
744,1843,0
745,874,0
746,1920,0
748,1638,0
749,1030,0
750,923,0
750,2125,0
752,849,0
752,872,0
752,1416,0
753,965,0
754,1160,0
757,1679,0
759,1235,0
760,1291,0
762,1825,0
770,2094,0
771,1046,0
771,1363,0
771,1748,0
772,1639,0
774,1246,0
776,972,0
778,1648,0
779,1663,0
780,1596,0
780,2009,0
780,2046,0
781,944,0
785,1674,0
787,1956,0
789,1501,0
790,874,0
791,1292,0
794,2029,0
796,1816,0
797,1345,0
797,1676,0
798,1241,0
798,1724,0
801,921,0
801,1583,0
802,1998,0
803,847,0
804,1408,0
806,1418,0
809,1704,0
812,1020,0
813,1246,0
815,1171,0
815,2054,0
816,977,0
816,1337,0
816,1867,0
817,1545,0
819,848,0
819,942,0
820,1039,0
820,1990,0
820,2139,0
822,1621,0
823,1323,0
827,1430,0
828,1331,0
829,995,0
829,1034,0
830,979,0
831,1885,0
835,1641,0
835,1672,0
836,1060,0
839,851,0
845,922,0
849,1138,0
852,1693,0
854,1931,0
854,2153,0
857,1993,0
861,1121,0
861,1396,0
863,1476,0
863,2106,0
865,880,0
865,1005,0
865,1113,0
866,1051,0
866,1974,0
867,1011,0
872,1690,0
873,1346,0
882,940,0
883,1628,0
885,1573,0
885,1574,0
885,2123,0
891,1373,0
891,1900,0
892,1918,0
902,1178,0
904,1504,0
905,1039,0
905,1370,0
906,1902,0
906,2036,0
908,1031,0
909,1351,0
915,1475,0
918,1074,0
919,1823,0
920,1159,0
923,2066,0
923,2153,0
924,1198,0
925,1763,0
926,1478,0
926,1578,0
927,1460,0
927,2119,0
929,1059,0
931,1655,0
935,1215,0
935,1868,0
937,1907,0
938,1968,0
940,1075,0
941,1996,0
942,1865,0
943,1285,0
944,1068,0
944,1214,0
949,1612,0
952,1087,0
953,1395,0
953,1728,0
954,1516,0
954,1552,0
955,1970,0
957,1675,0
961,2031,0
962,2087,0
965,1861,0
966,1315,0
966,1760,0
967,1603,0
967,1981,0
969,1715,0
970,1058,0
971,1221,0
972,1817,0
972,2131,0
973,1037,0
975,1528,0
976,1149,0
976,1698,0
976,2085,0
979,1696,0
980,1156,0
982,1755,0
983,1218,0
985,1802,0
987,1051,0
987,1437,0
990,997,0
991,1553,0
991,1568,0
992,1313,0
994,1562,0
995,1271,0
995,1834,0
1000,1990,0
1001,2100,0
1003,1180,0
1003,2015,0
1003,2145,0
1006,1528,0
1007,1508,0
1016,1179,0
1016,2194,0
1017,1085,0
1017,1365,0
1018,1019,0
1022,2121,0
1023,1114,0
1024,1387,0
1027,1334,0
1028,1968,0
1030,1154,0
1031,1850,0
1034,1333,0
1035,1180,0
1036,1197,0
1038,1767,0
1039,1702,0
1041,1680,0
1043,1685,0
1045,1058,0
1047,1082,0
1047,1328,0
1050,1351,0
1053,2149,0
1054,1500,0
1055,1924,0
1057,1576,0
1062,1730,0
1063,2119,0
1065,1072,0
1065,1726,0
1067,2052,0
1069,1766,0
1070,1772,0
1073,1316,0
1076,1302,0
1076,1637,0
1079,2150,0
1080,1529,0
1089,1401,0
1090,2039,0
1095,1664,0
1095,2049,0
1098,2023,0
1100,1240,0
1102,1196,0
1106,1171,0
1111,1536,0
1112,1412,0
1113,1364,0
1114,1739,0
1115,2121,0
1118,1288,0
1118,1433,0
1120,1698,0
1126,2014,0
1130,1747,0
1134,1687,0
1135,1687,0
1136,1605,0
1137,1699,0
1138,1255,0
1138,1558,0
1143,1328,0
1144,2002,0
1146,1319,0
1146,1844,0
1147,1750,0
1148,1685,0
1152,1593,0
1152,1791,0
1152,1996,0
1153,1366,0
1153,2128,0
1154,1306,0
1154,1784,0
1155,1216,0
1160,1819,0
1160,2094,0
1162,1602,0
1163,1497,0
1165,1784,0
1165,2089,0
1169,1643,0
1170,2180,0
1173,1293,0
1173,1662,0
1176,1351,0
1178,1804,0
1181,1877,0
1182,2148,0
1184,1317,0
1185,1246,0
1185,1779,0
1193,1724,0
1194,1726,0
1195,1215,0
1195,1894,0
1197,1229,0
1200,1728,0
1204,1674,0
1205,1315,0
1208,1570,0
1220,1578,0
1220,2186,0
1221,1558,0
1222,1781,0
1227,1359,0
1227,1855,0
1229,1476,0
1232,1244,0
1232,1867,0
1233,1594,0
1238,1850,0
1238,2132,0
1240,1569,0
1240,2143,0
1241,1766,0
1245,1387,0
1247,1990,0
1261,1296,0
1264,2064,0
1270,1551,0
1270,1614,0
1270,1805,0
1271,1392,0
1279,1389,0
1282,1813,0
1287,1767,0
1290,1942,0
1292,1630,0
1294,2025,0
1298,1755,0
1301,1735,0
1302,1956,0
1303,2096,0
1305,1497,0
1305,1860,0
1305,1946,0
1308,1324,0
1308,1378,0
1314,1517,0
1316,1695,0
1318,1504,0
1318,2089,0
1323,1379,0
1323,1923,0
1323,2042,0
1335,1984,0
1339,1774,0
1340,1537,0
1340,1591,0
1340,1914,0
1348,2198,0
1350,1810,0
1351,1572,0
1352,1504,0
1352,2009,0
1352,2024,0
1353,2176,0
1355,1580,0
1355,1706,0
1357,1463,0
1362,1397,0
1365,1805,0
1367,1867,0
1368,1635,0
1369,1563,0
1375,1457,0
1377,2105,0
1380,1794,0
1385,1463,0
1386,2132,0
1387,1883,0
1388,1978,0
1389,1916,0
1390,1861,0
1394,2007,0
1397,1425,0
1397,1587,0
1397,1815,0
1402,2094,0
1402,2184,0
1404,1688,0
1405,2053,0
1406,1474,0
1406,1790,0
1407,2129,0
1409,1869,0
1414,1923,0
1416,1892,0
1420,1883,0
1425,1970,0
1426,1477,0
1426,1504,0
1430,1770,0
1430,2112,0
1432,1458,0
1432,1837,0
1432,1999,0
1435,1478,0
1436,1768,0
1438,1622,0
1451,1511,0
1451,2048,0
1454,1521,0
1457,1958,0
1462,1625,0
1468,1690,0
1471,1759,0
1472,1703,0
1472,2071,0
1474,2139,0
1482,2101,0
1482,2123,0
1483,1820,0
1483,1884,0
1488,1693,0
1492,1927,0
1498,1925,0
1500,2092,0
1502,1907,0
1503,1744,0
1505,1507,0
1507,2045,0
1508,1581,0
1508,1758,0
1508,1863,0
1511,1594,0
1512,1955,0
1516,2042,0
1519,1665,0
1521,1566,0
1525,2094,0
1526,1845,0
1531,1656,0
1531,1940,0
1534,2111,0
1534,2139,0
1535,1774,0
1536,2074,0
1537,1638,0
1538,2094,0
1539,1790,0
1542,1718,0
1542,1794,0
1545,1962,0
1555,2093,0
1557,2096,0
1564,1949,0
1565,1989,0
1567,1900,0
1574,1821,0
1579,1800,0
1580,2053,0
1581,2008,0
1590,1747,0
1590,2045,0
1592,1935,0
1594,1813,0
1595,2173,0
1596,2085,0
1599,1847,0
1602,1835,0
1603,1796,0
1611,1651,0
1616,1693,0
1619,1632,0
1622,1647,0
1624,2068,0
1626,1847,0
1629,2065,0
1637,2094,0
1639,2176,0
1643,1932,0
1646,1990,0
1647,1771,0
1649,2110,0
1652,2135,0
1655,1907,0
1660,1718,0
1661,2204,0
1662,1915,0
1666,2089,0
1678,2036,0
1690,2197,0
1696,1725,0
1703,2185,0
1706,1907,0
1709,1778,0
1720,2179,0
1723,1818,0
1725,2050,0
1728,2031,0
1752,1875,0
1755,1823,0
1762,1927,0
1762,2082,0
1777,2181,0
1778,1870,0
1787,1842,0
1794,2176,0
1795,1812,0
1814,2092,0
1819,1945,0
1819,1974,0
1850,2100,0
1892,2204,0
1895,1896,0
1917,1998,0
1923,1930,0
1930,2144,0
1934,2127,0
1943,2045,0
1945,2121,0
1947,1978,0
1982,2130,0
1995,2005,0
2005,2186,0
2005,2194,0
2013,2020,0
2034,2131,0
2036,2129,0
2037,2129,0
2048,2184,0
2077,2156,0
2090,2181,0
2106,2183,0
