0,0,2
0,7,2
0,10,1
0,25,1
0,27,1
0,28,1
0,43,1
0,91,1
0,100,1
0,111,1
0,152,1
0,175,1
0,176,1
0,177,1
0,178,1
0,179,1
0,180,1
0,181,1
0,182,1
0,183,1
0,184,1
0,185,1
0,186,1
0,187,1
0,188,1
0,189,1
0,190,1
0,191,1
0,192,1
0,193,1
0,194,1
0,195,1
0,196,1
0,197,1
0,198,1
0,199,1
0,200,1
0,201,1
0,202,1
0,203,1
0,204,1
0,205,1
0,206,1
0,207,1
0,208,1
0,209,1
0,210,1
0,211,1
0,212,1
0,213,1
0,214,1
0,215,1
0,216,1
0,217,1
0,218,1
0,219,1
0,220,1
0,221,1
0,222,1
0,223,1
0,224,1
0,225,1
0,226,1
0,227,1
0,228,1
0,229,1
0,230,1
0,231,1
0,232,1
0,233,1
0,234,1
0,235,1
0,236,1
0,237,1
0,238,1
0,239,1
0,240,1
0,241,1
0,242,1
0,243,1
0,244,1
0,245,1
0,246,1
0,247,1
0,248,1
0,249,1
0,250,1
0,251,1
0,252,1
0,253,1
0,254,1
0,255,1
0,256,1
0,257,1
0,258,1
0,259,1
0,260,1
0,261,1
0,262,1
0,263,1
0,264,1
0,265,1
0,266,1
0,267,1
0,268,1
0,269,1
0,270,1
0,271,1
0,272,1
0,273,1
0,274,1
0,275,1
0,276,1
0,277,1
0,278,1
0,279,1
0,280,1
0,281,1
0,282,1
0,283,1
0,284,1
0,285,1
0,286,1
0,287,1
0,288,1
0,289,1
0,290,1
0,291,1
0,292,1
0,293,1
0,294,1
0,295,1
0,296,1
0,297,1
0,298,1
0,299,1
0,300,1
0,301,1
0,302,1
0,303,1
0,304,1
0,305,1
0,306,1
0,307,1
0,308,1
0,309,1
0,310,1
0,311,1
0,312,1
0,313,1
0,314,1
0,315,1
0,316,1
0,317,1
0,318,1
0,319,1
0,320,1
0,321,1
0,322,1
0,323,1
0,324,1
0,325,1
0,326,1
0,327,1
0,328,1
0,329,1
0,330,1
0,331,1
0,332,1
0,333,1
0,334,1
0,335,1
0,336,1
0,337,1
0,338,1
0,339,1
0,340,1
0,341,1
0,342,1
0,343,1
0,344,1
0,345,1
0,346,1
0,347,1
0,348,1
0,349,1
0,350,1
0,351,1
0,352,1
0,353,1
0,354,1
0,355,1
0,356,1
0,357,1
0,358,1
0,359,1
0,360,1
0,361,1
0,362,1
0,363,1
0,364,1
0,365,1
0,366,1
0,367,1
0,368,1
0,369,1
0,370,1
0,371,1
0,372,1
0,373,1
0,374,1
0,375,1
0,376,1
0,377,1
0,378,1
0,379,1
0,380,1
0,381,1
0,382,1
0,383,1
0,384,1
0,385,1
0,386,1
0,387,1
0,388,1
0,389,1
0,390,1
0,391,1
0,392,1
0,1301,3
0,1790,3
1,1,2
1,25,2
1,100,1
1,269,1
1,272,1
1,279,1
1,393,1
1,394,1
1,395,1
1,396,1
1,397,1
1,398,1
1,399,1
1,400,1
1,401,1
1,402,1
1,403,1
1,404,1
1,405,1
1,406,1
1,407,1
1,408,1
1,409,1
1,410,1
1,411,1
1,412,1
1,413,1
1,414,1
1,415,1
1,416,1
1,417,1
1,418,1
1,419,1
1,420,1
1,421,1
1,422,1
1,423,1
1,424,1
1,425,1
1,426,1
1,427,1
1,1589,3
1,2043,3
2,2,2
2,428,1
2,429,1
2,430,1
2,431,1
2,432,1
2,433,1
2,434,1
2,435,1
2,436,1
2,437,1
2,438,1
2,694,3
2,1316,3
2,1667,3
3,43,1
3,245,1
3,266,3
3,439,1
3,440,1
3,441,1
3,442,1
3,443,1
3,444,1
3,445,1
3,565,3
3,1016,3
4,25,1
4,100,1
4,106,1
4,121,1
4,414,1
4,429,1
4,446,1
4,447,1
4,448,1
4,449,1
4,450,1
4,451,1
4,452,1
4,453,1
4,454,1
4,455,1
4,456,1
4,457,1
4,458,1
4,459,1
4,460,1
4,461,1
4,462,1
4,463,1
4,464,1
4,465,1
4,466,1
4,467,1
4,468,1
4,469,1
4,470,1
4,471,1
4,472,1
4,473,1
4,474,1
4,475,1
4,476,1
4,477,1
4,478,1
4,479,1
4,480,1
4,481,1
4,482,1
4,483,1
4,484,1
4,485,1
4,486,1
4,487,1
4,488,1
4,489,1
4,490,1
4,491,1
4,492,1
4,493,1
4,1289,3
4,1409,3
4,1925,3
4,2139,3
5,33,1
5,191,1
5,192,1
5,193,1
5,194,1
5,195,1
5,197,1
5,494,1
5,495,1
5,496,1
5,497,1
5,498,1
5,499,1
5,500,1
5,501,1
5,502,1
5,503,1
5,504,1
5,505,1
5,506,1
5,507,1
5,508,1
5,509,1
5,510,1
5,511,1
5,512,1
5,513,1
5,514,1
5,515,1
5,516,1
5,517,1
5,518,1
5,519,1
5,520,1
5,521,1
5,522,1
5,523,1
5,524,1
5,525,1
5,526,1
5,527,1
5,528,1
5,529,1
5,530,1
5,531,1
5,884,3
5,1006,3
5,1202,3
6,8,1
6,9,1
6,11,1
6,17,2
6,21,1
6,22,1
6,29,1
6,33,1
6,61,1
6,103,1
6,104,1
6,108,1
6,112,1
6,158,1
6,164,1
6,173,3
6,175,1
6,177,1
6,185,1
6,186,1
6,187,1
6,188,1
6,195,1
6,196,1
6,201,1
6,205,1
6,207,1
6,208,1
6,209,1
6,225,1
6,235,1
6,236,1
6,237,1
6,240,1
6,241,1
6,242,1
6,249,1
6,255,1
6,275,1
6,276,1
6,281,1
6,283,1
6,285,1
6,287,1
6,288,1
6,289,1
6,290,1
6,291,1
6,292,1
6,294,1
6,295,1
6,296,1
6,297,1
6,346,1
6,383,1
6,393,1
6,397,1
6,407,1
6,409,1
6,511,1
6,514,1
6,515,1
6,517,1
6,518,1
6,519,1
6,520,1
6,521,1
6,523,1
6,524,1
6,525,1
6,528,1
6,532,1
6,533,1
6,534,1
6,535,1
6,536,1
6,537,1
6,538,1
6,539,1
6,540,1
6,541,1
6,542,1
6,543,1
6,544,1
6,545,1
6,546,1
6,547,1
6,548,1
6,549,1
6,550,1
6,551,1
6,552,1
6,553,1
6,554,1
6,555,1
6,556,1
6,557,1
6,558,1
6,559,1
6,560,1
6,561,1
6,562,1
6,563,1
6,564,1
6,565,1
6,566,1
6,567,1
6,568,1
6,569,1
6,570,1
6,571,1
6,572,1
6,573,1
6,574,1
6,575,1
6,576,1
6,577,1
6,578,1
6,579,1
6,580,1
6,581,1
6,582,1
6,583,1
6,584,1
6,585,1
6,586,1
6,587,1
6,588,1
6,589,1
6,590,1
6,591,1
6,592,1
6,593,1
6,594,1
6,595,1
6,596,1
6,597,1
6,598,1
6,599,1
6,600,1
6,601,1
6,602,1
6,603,1
6,604,1
6,605,1
6,606,1
6,607,1
6,608,1
6,609,1
6,610,1
6,611,1
6,612,1
6,613,1
6,614,1
6,615,1
6,616,1
6,617,1
6,618,1
6,619,1
6,620,1
6,621,1
6,622,1
6,623,1
6,624,1
6,625,1
6,626,1
6,627,1
6,628,1
6,629,1
6,630,1
6,631,1
6,632,1
6,633,1
6,634,1
6,635,1
6,636,1
6,637,1
6,638,1
6,639,1
6,640,1
6,641,1
6,642,1
6,643,1
6,644,1
6,645,1
6,646,1
6,647,1
6,648,1
6,649,1
6,650,1
6,651,1
6,652,1
6,653,1
6,654,1
6,655,1
6,656,1
6,657,1
6,658,1
6,659,1
6,660,1
6,661,1
6,662,1
6,663,1
6,664,1
6,665,1
6,666,1
6,667,1
6,668,1
6,669,1
6,670,1
6,671,1
6,672,1
6,673,1
6,674,1
6,675,1
6,676,1
6,677,1
6,678,1
6,679,1
6,680,1
6,681,1
6,682,1
6,683,1
6,684,1
6,685,1
6,686,1
6,687,1
6,688,1
6,689,1
6,690,1
6,691,1
6,692,1
6,693,1
6,694,1
6,695,1
6,696,1
6,697,1
6,698,1
6,699,1
6,700,1
6,701,1
6,702,1
6,703,1
6,704,1
6,705,1
6,706,1
6,707,1
6,708,1
6,709,1
6,710,1
6,711,1
6,712,1
6,713,1
6,714,1
6,715,1
6,716,1
6,717,1
6,718,1
6,719,1
6,720,1
6,721,1
6,722,1
6,723,1
6,724,1
6,725,1
6,726,1
6,727,1
6,728,1
6,729,1
6,730,1
6,731,1
7,7,2
7,12,1
7,25,1
7,27,1
7,28,1
7,30,1
7,44,1
7,51,1
7,52,1
7,54,1
7,55,1
7,56,1
7,60,1
7,66,1
7,67,1
7,68,1
7,69,1
7,77,1
7,79,1
7,80,1
7,84,1
7,95,1
7,96,1
7,97,1
7,102,1
7,104,1
7,107,1
7,111,1
7,112,1
7,114,1
7,116,1
7,120,1
7,127,1
7,145,1
7,152,1
7,155,1
7,156,1
7,158,1
7,167,1
7,169,1
7,177,1
7,180,1
7,186,1
7,188,1
7,190,1
7,191,1
7,194,1
7,202,1
7,203,1
7,206,1
7,207,1
7,208,1
7,209,1
7,211,1
7,215,1
7,225,1
7,226,1
7,227,1
7,228,1
7,230,1
7,232,1
7,233,1
7,242,1
7,243,1
7,245,1
7,246,1
7,249,1
7,250,1
7,251,1
7,255,1
7,256,1
7,257,1
7,260,1
7,264,1
7,266,1
7,270,1
7,272,1
7,278,1
7,279,1
7,286,1
7,300,1
7,302,1
7,303,1
7,340,1
7,391,1
7,392,1
7,393,1
7,396,1
7,401,1
7,407,1
7,411,1
7,421,1
7,441,1
7,457,1
7,460,1
7,474,1
7,479,1
7,481,1
7,488,1
7,489,1
7,532,1
7,536,1
7,538,1
7,559,1
7,560,1
7,561,1
7,562,1
7,597,1
7,598,1
7,599,1
7,600,1
7,601,1
7,603,1
7,607,1
7,608,1
7,612,1
7,614,1
7,617,1
7,631,1
7,633,1
7,636,1
7,638,1
7,639,1
7,641,1
7,642,1
7,643,1
7,645,1
7,670,1
7,675,1
7,676,1
7,677,1
7,679,1
7,688,3
7,708,1
7,709,1
7,710,1
7,711,1
7,712,1
7,714,1
7,715,1
7,716,1
7,722,1
7,723,1
7,729,1
7,732,1
7,733,1
7,734,1
7,735,1
7,736,1
7,737,1
7,738,1
7,739,1
7,740,1
7,741,1
7,742,1
7,743,1
7,744,1
7,745,1
7,746,1
7,747,1
7,748,1
7,749,1
7,750,1
7,751,1
7,752,1
7,753,1
7,754,1
7,755,1
7,756,1
7,757,1
7,758,1
7,759,1
7,760,1
7,761,1
7,762,1
7,763,1
7,764,1
7,765,1
7,766,1
7,767,1
7,768,1
7,769,1
7,770,1
7,771,1
7,772,1
7,773,1
7,774,1
7,775,1
7,776,1
7,777,1
7,778,1
7,779,1
7,780,1
7,781,1
7,782,1
7,783,1
7,784,1
7,785,1
7,786,1
7,787,1
7,788,1
7,789,1
7,790,1
7,791,1
7,792,1
7,793,1
7,794,1
7,795,1
7,796,1
7,797,1
7,798,1
7,799,1
7,800,1
7,801,1
7,802,1
7,803,1
7,804,1
7,805,1
7,806,1
7,807,1
7,808,1
7,809,1
7,810,1
7,811,1
7,812,1
7,813,1
7,814,1
7,815,1
7,816,1
7,817,1
7,818,1
7,819,1
7,820,1
7,821,1
7,822,1
7,823,1
7,824,1
7,825,1
7,826,1
7,827,1
7,828,1
7,829,1
7,830,1
7,831,1
7,832,1
7,833,1
7,834,1
7,835,1
7,836,1
7,837,1
7,838,1
7,839,1
7,840,1
7,841,1
7,842,1
7,843,1
7,844,1
7,845,1
7,846,1
7,847,1
7,848,1
7,849,1
7,850,1
7,851,1
7,852,1
7,853,1
7,854,1
7,855,1
7,856,1
7,857,1
7,858,1
7,859,1
7,860,1
7,861,1
7,862,1
7,863,1
7,864,1
7,865,1
7,866,1
7,867,1
7,868,1
7,869,1
7,870,1
7,871,1
7,872,1
7,873,1
7,874,1
7,875,1
7,876,1
7,877,1
7,878,1
7,879,1
7,880,1
7,881,1
7,882,1
7,883,1
7,884,1
7,885,1
7,886,1
7,887,1
7,888,1
7,889,1
7,891,1
7,892,1
7,893,1
7,894,1
7,895,1
7,896,1
7,897,1
7,898,1
7,899,1
7,900,1
7,901,1
7,902,1
7,903,1
7,904,1
7,905,1
7,906,1
7,907,1
7,908,1
7,910,1
7,911,1
7,912,1
7,913,1
7,914,1
7,915,1
7,916,1
7,926,1
7,927,1
7,928,1
7,929,1
7,930,1
7,931,1
7,932,1
7,933,1
7,934,1
7,935,1
7,936,1
7,937,1
7,938,1
7,939,1
7,940,1
7,941,1
7,942,1
7,943,1
7,944,1
7,945,1
7,946,1
7,947,1
7,948,1
7,949,1
7,950,1
7,951,1
7,952,1
7,953,1
7,954,1
7,955,1
7,956,1
7,957,1
7,958,1
7,959,1
7,960,1
7,961,1
7,962,1
7,963,1
7,964,1
7,965,1
7,966,1
7,967,1
7,968,1
7,969,1
7,970,1
7,971,1
7,972,1
7,973,1
7,974,1
7,975,1
7,976,1
7,977,1
7,978,1
7,979,1
7,980,1
7,981,1
7,982,1
7,983,1
7,984,1
7,985,1
7,986,1
7,987,1
7,988,1
7,989,1
7,990,1
7,991,1
7,992,1
7,993,1
7,994,1
7,995,1
7,996,1
7,997,1
7,998,1
7,999,1
7,1000,1
7,1001,1
7,1002,1
7,1003,1
7,1004,1
7,1005,1
7,1006,1
7,1007,1
7,1008,1
7,1009,1
7,1010,1
7,1011,1
7,1012,1
7,1013,1
7,1014,1
7,1015,1
7,1016,1
7,1017,1
7,1018,1
7,1019,1
7,1020,1
7,1021,1
7,1022,1
7,1023,1
7,1024,1
7,1025,1
7,1026,1
7,1027,1
7,1028,1
7,1029,1
7,1030,1
7,1031,1
7,1032,1
8,562,3
8,1033,1
8,1034,1
8,1715,3
9,9,2
9,28,1
9,36,1
9,41,1
9,48,1
9,52,1
9,82,1
9,88,1
9,92,1
9,97,1
9,98,1
9,99,1
9,100,1
9,104,1
9,105,1
9,107,1
9,110,1
9,117,1
9,118,1
9,119,1
9,122,1
9,127,1
9,149,1
9,161,1
9,163,1
9,177,1
9,180,1
9,215,1
9,234,1
9,239,1
9,246,1
9,266,1
9,268,1
9,304,1
9,311,1
9,391,1
9,398,1
9,440,1
9,441,1
9,442,1
9,444,1
9,447,1
9,468,1
9,472,1
9,504,1
9,505,1
9,507,1
9,520,1
9,521,1
9,522,1
9,544,1
9,546,1
9,550,1
9,561,1
9,573,1
9,579,1
9,599,1
9,621,1
9,628,1
9,687,1
9,693,1
9,695,1
9,706,1
9,719,1
9,734,1
9,738,1
9,758,1
9,788,1
9,802,1
9,808,1
9,819,1
9,828,1
9,852,1
9,863,1
9,885,1
9,888,1
9,891,1
9,896,1
9,905,1
9,910,1
9,915,1
9,943,1
9,971,1
9,997,1
9,1014,1
9,1019,1
9,1023,1
9,1035,1
9,1036,1
9,1037,1
9,1038,1
9,1039,1
9,1040,1
9,1041,1
9,1042,1
9,1043,1
9,1044,1
9,1045,1
9,1046,1
9,1047,1
9,1048,1
9,1049,1
9,1050,1
9,1051,1
9,1052,1
9,1053,1
9,1054,1
9,1055,1
9,1056,1
9,1057,1
9,1058,1
9,1059,1
9,1060,1
9,1061,1
9,1062,1
9,1063,1
9,1064,1
9,1065,1
9,1066,1
9,1067,1
9,1068,1
9,1069,1
9,1070,1
9,1071,1
9,1072,1
9,1073,1
9,1074,1
9,1075,1
9,1076,1
9,1077,1
9,1078,1
9,1079,1
9,1080,1
9,1081,1
9,1082,1
9,1083,1
9,1084,1
9,1085,1
9,1086,1
9,1087,1
9,1088,1
9,1089,1
9,1090,1
9,1091,1
9,1092,1
9,1093,1
9,1094,1
9,1095,1
9,1096,1
9,1097,1
9,1098,1
9,1099,1
9,1100,1
9,1101,1
9,1102,1
9,1103,1
9,1104,1
9,1105,1
9,1106,1
9,1107,1
9,1108,1
9,1109,1
9,1110,1
9,1111,1
9,1112,1
9,1113,1
9,1114,1
9,1115,1
9,1116,1
9,1117,1
9,1118,1
9,1119,1
9,1120,1
9,1121,1
9,1122,1
9,1123,1
9,1124,1
9,1125,1
9,1126,1
9,1127,1
9,1128,1
9,1129,1
9,1130,1
9,1131,1
9,1132,1
9,1133,1
9,1134,1
9,1135,1
9,1136,1
9,1137,1
9,1138,1
9,1139,1
9,1140,1
9,1141,1
9,1142,1
9,1143,1
9,1144,1
9,1145,1
9,1146,1
9,1147,1
9,1148,1
9,1149,1
9,1150,1
9,1151,1
9,1152,1
9,1153,1
9,1154,1
9,1155,1
9,1156,1
9,1157,1
9,1158,1
9,1159,1
9,1160,1
9,1161,1
9,1162,1
9,1163,1
9,1164,1
9,1165,1
9,1166,1
9,1167,1
9,1168,1
9,1169,1
9,1170,1
9,1171,1
9,1172,1
9,1173,1
9,1174,1
9,1175,1
9,1176,1
9,1177,1
9,1178,1
9,1179,1
9,1180,1
9,1181,1
9,1182,1
9,1183,1
9,1184,1
9,1185,1
9,1186,1
9,1187,1
9,1188,1
9,1189,1
9,1190,1
9,1191,1
9,1192,1
9,1193,1
9,1194,1
9,1195,1
9,1196,1
9,1197,1
9,1198,1
9,1199,1
9,1200,1
9,1201,1
9,1202,1
9,1203,1
9,1204,1
9,1205,1
9,1206,1
9,1207,1
9,1208,1
9,1209,1
9,1210,1
9,1211,1
9,1212,1
9,1213,1
9,1214,1
9,1215,1
9,1216,1
9,1217,1
9,1218,1
9,1219,1
9,1220,1
9,1221,1
9,1222,1
9,1223,1
9,1224,1
9,1225,1
9,1226,1
9,1227,1
9,1228,1
9,1229,1
9,1230,1
9,1231,1
9,1232,1
9,1233,1
9,1234,1
9,1235,1
9,1236,1
9,1237,1
9,1238,1
9,1239,1
9,1240,1
9,1241,1
9,1242,1
9,1243,1
9,1244,1
9,1245,1
9,1246,1
9,1247,1
9,1248,1
9,1249,1
9,1250,1
9,1251,1
9,1252,1
9,1253,1
9,1254,1
9,1255,1
9,1256,1
9,1257,1
9,1258,1
9,1259,1
9,1260,1
9,1261,1
9,1262,1
9,1263,1
9,1264,1
9,1265,1
9,1266,1
9,1267,1
9,1268,1
9,1269,1
9,1270,1
9,1271,1
9,1272,1
9,1273,1
9,1274,1
9,1275,1
9,1276,1
9,1277,1
9,1278,1
9,1279,1
9,1280,1
9,1281,1
9,1282,1
9,1283,1
9,1284,1
9,1285,1
9,1286,1
9,1287,1
9,1288,1
9,1289,1
9,1290,1
9,1291,1
9,1292,1
9,1293,1
9,1294,1
9,1295,1
9,1296,1
9,1297,1
9,1298,1
9,1299,1
9,1300,1
9,1301,1
9,1302,1
9,1303,1
9,1304,1
9,1305,1
9,1306,1
9,1307,1
9,1308,1
9,1309,1
9,1310,1
9,1311,1
9,1312,1
9,1313,1
9,1314,1
9,1315,1
9,1316,1
9,1317,1
9,1318,1
9,1319,1
9,1320,1
9,1321,1
9,1322,1
9,1323,1
9,1324,1
9,1325,1
9,1326,1
9,1327,1
9,1328,1
9,1329,1
9,1330,1
9,1331,1
9,1332,1
9,1333,1
9,1334,1
9,1335,1
9,1336,1
9,1337,1
9,1338,1
9,1339,1
9,1340,1
9,1341,1
9,1342,1
9,1343,1
9,1344,1
9,1345,1
9,1346,1
9,1347,1
9,1348,1
9,1349,1
9,1350,1
9,1351,1
9,1352,1
9,1353,1
9,1354,1
9,1355,1
9,1356,1
9,1357,1
9,1358,1
9,1359,1
9,1360,1
9,1361,1
9,1362,1
9,1363,1
9,1364,1
9,1365,1
9,1366,1
9,1367,1
9,1368,1
9,1369,1
9,1370,1
9,1371,1
9,1372,1
9,1373,1
9,1374,1
9,1375,1
9,1376,1
9,1377,1
9,1378,1
9,1379,1
9,1380,1
9,1381,1
9,1382,1
9,1383,1
9,1384,1
9,1385,1
9,1386,1
9,1387,1
9,1597,3
10,8,1
10,10,2
10,15,1
10,19,1
10,20,1
10,28,2
10,29,1
10,62,1
10,65,1
10,87,1
10,91,2
10,106,1
10,115,1
10,129,1
10,134,1
10,143,1
10,148,1
10,180,1
10,182,1
10,190,1
10,226,1
10,228,1
10,245,1
10,308,1
10,322,1
10,327,1
10,328,1
10,346,1
10,349,1
10,350,1
10,352,1
10,353,1
10,355,1
10,357,1
10,359,1
10,360,1
10,362,1
10,363,1
10,364,1
10,366,1
10,367,1
10,371,1
10,374,1
10,420,1
10,452,1
10,479,1
10,481,1
10,546,1
10,547,1
10,549,1
10,551,1
10,553,1
10,635,1
10,637,1
10,638,1
10,671,1
10,731,1
10,780,1
10,788,1
10,789,1
10,791,1
10,812,1
10,814,1
10,859,1
10,860,1
10,880,1
10,888,1
10,889,1
10,898,1
10,916,1
10,1033,1
10,1115,1
10,1260,3
10,1280,1
10,1306,1
10,1388,1
10,1389,1
10,1390,1
10,1391,1
10,1392,1
10,1393,1
10,1394,1
10,1395,1
10,1396,1
10,1397,1
10,1398,1
10,1399,1
10,1400,1
10,1401,1
10,1402,1
10,1403,1
10,1404,1
10,1405,1
10,1406,1
10,1407,1
10,1408,1
10,1409,1
10,1410,1
10,1411,1
10,1412,1
10,1413,1
10,1414,1
10,1415,1
10,1416,1
10,1417,1
10,1418,1
10,1419,1
10,1420,1
10,1421,1
10,1422,1
10,1423,1
10,1424,1
10,1425,1
10,1426,1
10,1427,1
10,1428,1
10,1429,1
10,1430,1
10,1431,1
10,1432,1
10,1433,1
10,1434,1
10,1435,1
10,1436,1
10,1437,1
10,1438,1
10,1439,1
10,1440,1
10,1441,1
10,1442,1
10,1443,1
10,1632,3
11,1,1
11,11,2
11,100,1
11,156,2
11,272,1
11,393,1
11,395,1
11,397,1
11,401,1
11,402,1
11,403,1
11,404,1
11,405,1
11,406,1
11,409,1
11,412,1
11,413,1
11,419,1
11,575,1
11,740,3
11,1033,1
11,1271,1
11,1444,1
11,1445,1
11,1446,1
11,1447,1
11,1448,1
11,1449,1
11,1450,1
11,1451,1
11,1452,1
11,1712,3
11,2073,3
12,82,1
12,156,1
12,267,1
12,406,1
12,422,1
12,570,1
12,682,1
12,683,1
12,875,1
12,914,3
12,952,1
12,1053,1
12,1055,1
12,1118,1
12,1241,1
12,1385,1
12,1453,1
12,1454,1
12,1455,1
1456,12,0
1457,12,0
1458,12,0
1459,12,0
1460,12,0
1461,12,0
1462,12,0
1463,12,0
1464,12,0
1465,12,0
1466,12,0
1467,12,0
1468,12,0
1469,12,0
1470,12,0
3,13,0
29,13,0
46,13,0
116,13,0
127,13,0
577,13,0
578,13,0
13,775,3
869,13,0
871,13,0
1014,13,0
1093,13,0
1144,13,0
1429,13,0
13,1440,3
1471,13,0
1472,13,0
1473,13,0
1474,13,0
1475,13,0
1476,13,0
1477,13,0
1478,13,0
1479,13,0
1480,13,0
1481,13,0
1482,13,0
1483,13,0
1484,13,0
1485,13,0
1486,13,0
1487,13,0
1488,13,0
1489,13,0
1490,13,0
1491,13,0
1492,13,0
1493,13,0
1494,13,0
1495,13,0
1496,13,0
1497,13,0
1498,13,0
109,14,0
661,14,0
674,14,0
684,14,0
687,14,0
14,1185,3
1230,14,0
1392,14,0
1499,14,0
1500,14,0
1501,14,0
1502,14,0
1503,14,0
1504,14,0
1505,14,0
1506,14,0
1507,14,0
1508,14,0
1509,14,0
1510,14,0
1511,14,0
1512,14,0
14,1843,3
14,2018,3
28,15,0
65,15,0
271,15,0
475,15,0
476,15,0
488,15,0
489,15,0
1074,15,0
1280,15,0
1407,15,0
1417,15,0
1418,15,0
1419,15,0
1420,15,0
1513,15,0
1514,15,0
1515,15,0
1516,15,0
1517,15,0
1518,15,0
98,16,0
16,330,3
16,934,3
1398,16,0
16,1638,3
17,17,2
28,17,0
38,17,0
50,17,0
90,17,0
113,17,0
133,17,0
145,17,0
183,17,0
185,17,0
186,17,0
187,17,0
189,17,0
199,17,0
200,17,0
201,17,0
205,17,0
206,17,0
207,17,0
217,17,0
218,17,0
219,17,0
220,17,0
221,17,0
222,17,0
225,17,0
240,17,0
249,17,0
251,17,0
275,17,0
287,17,0
288,17,0
289,17,0
290,17,0
291,17,0
292,17,0
293,17,0
295,17,0
296,17,0
297,17,0
303,17,0
393,17,0
396,17,0
401,17,0
407,17,0
411,17,0
420,17,0
505,17,0
506,17,0
507,17,0
508,17,0
533,17,0
537,17,0
544,17,0
545,17,0
546,17,0
547,17,0
548,17,0
559,17,0
564,17,0
583,17,0
584,17,0
585,17,0
586,17,0
589,17,0
592,17,0
595,17,0
596,17,0
598,17,0
600,17,0
602,17,0
604,17,0
609,17,0
611,17,0
629,17,0
635,17,0
636,17,0
637,17,0
652,17,0
662,17,0
665,17,0
674,17,0
676,17,0
677,17,0
678,17,0
680,17,0
681,17,0
688,17,0
690,17,0
734,17,0
735,17,0
737,17,0
803,17,0
820,17,0
824,17,0
837,17,0
841,17,0
890,17,0
900,17,0
909,17,0
928,17,0
930,17,0
932,17,0
946,17,0
954,17,0
956,17,0
969,17,0
970,17,0
995,17,0
1033,17,0
1034,17,0
1058,17,0
1120,17,0
1144,17,0
1186,17,0
1198,17,0
1454,17,0
1519,17,0
1520,17,0
1521,17,0
1522,17,0
1523,17,0
1524,17,0
1525,17,0
1526,17,0
1527,17,0
1528,17,0
1529,17,0
1530,17,0
1531,17,0
1532,17,0
1533,17,0
1534,17,0
1535,17,0
1536,17,0
1537,17,0
1538,17,0
1539,17,0
1540,17,0
1541,17,0
1542,17,0
1543,17,0
1544,17,0
1545,17,0
1546,17,0
1547,17,0
1548,17,0
1549,17,0
1550,17,0
1551,17,0
1552,17,0
1553,17,0
1554,17,0
1555,17,0
1556,17,0
1557,17,0
1558,17,0
1559,17,0
1560,17,0
1561,17,0
1562,17,0
1563,17,0
1564,17,0
1565,17,0
1566,17,0
1567,17,0
1568,17,0
1569,17,0
17,1938,3
18,338,3
18,697,3
18,1450,3
18,1493,3
1570,18,0
1571,18,0
19,19,2
19,579,3
19,1404,3
1406,19,0
2,20,0
14,20,0
16,20,0
20,20,2
29,20,0
20,38,2
60,20,0
63,20,0
64,20,0
108,20,0
130,20,0
134,20,0
138,20,0
141,20,0
165,20,0
172,20,0
174,20,0
175,20,0
177,20,0
192,20,0
203,20,0
204,20,0
266,20,0
270,20,0
273,20,0
287,20,0
307,20,0
320,20,0
321,20,0
322,20,0
326,20,0
328,20,0
347,20,0
350,20,0
351,20,0
352,20,0
353,20,0
355,20,0
356,20,0
357,20,0
359,20,0
360,20,0
361,20,0
363,20,0
365,20,0
367,20,0
368,20,0
371,20,0
374,20,0
396,20,0
417,20,0
421,20,0
424,20,0
429,20,0
437,20,0
441,20,0
444,20,0
456,20,0
505,20,0
506,20,0
507,20,0
509,20,0
533,20,0
539,20,0
548,20,0
555,20,0
556,20,0
559,20,0
560,20,0
561,20,0
562,20,0
580,20,0
631,20,0
645,20,0
656,20,0
705,20,0
734,20,0
788,20,0
796,20,0
820,20,0
827,20,0
837,20,0
852,20,0
853,20,0
888,20,0
891,20,0
892,20,0
959,20,0
1014,20,0
1033,20,0
1034,20,0
1040,20,0
1060,20,0
1065,20,0
1066,20,0
1067,20,0
1072,20,0
1073,20,0
1077,20,0
1078,20,0
1107,20,0
1109,20,0
1128,20,0
1144,20,0
1145,20,0
1164,20,0
1186,20,0
1198,20,0
1225,20,0
1227,20,0
1231,20,0
1238,20,0
1255,20,0
1261,20,0
1290,20,0
1299,20,0
1374,20,0
1378,20,0
1380,20,0
1396,20,0
1398,20,0
1401,20,0
1403,20,0
1404,20,0
1407,20,0
1418,20,0
1419,20,0
1443,20,0
1485,20,0
1516,20,0
1520,20,0
1535,20,0
1537,20,0
1538,20,0
1552,20,0
1572,20,0
1573,20,0
1574,20,0
1575,20,0
1576,20,0
1577,20,0
1578,20,0
1579,20,0
1580,20,0
1581,20,0
1582,20,0
1583,20,0
1584,20,0
1585,20,0
1586,20,0
1587,20,0
1588,20,0
1589,20,0
1590,20,0
1591,20,0
1592,20,0
1593,20,0
1594,20,0
1595,20,0
1596,20,0
1597,20,0
1598,20,0
1599,20,0
1600,20,0
1601,20,0
1602,20,0
1603,20,0
1604,20,0
1605,20,0
1606,20,0
1607,20,0
1608,20,0
1609,20,0
1610,20,0
1611,20,0
1612,20,0
1613,20,0
1614,20,0
1615,20,0
1616,20,0
1617,20,0
1618,20,0
1619,20,0
1620,20,0
1621,20,0
1622,20,0
1623,20,0
1624,20,0
1625,20,0
1626,20,0
1627,20,0
1628,20,0
1629,20,0
1630,20,0
1631,20,0
1632,20,0
1633,20,0
1634,20,0
1635,20,0
1636,20,0
1637,20,0
1638,20,0
1639,20,0
1640,20,0
1641,20,0
1642,20,0
1643,20,0
1644,20,0
1645,20,0
1646,20,0
1647,20,0
1648,20,0
1649,20,0
1650,20,0
1651,20,0
1652,20,0
1653,20,0
1654,20,0
1655,20,0
1656,20,0
1657,20,0
1658,20,0
1659,20,0
1660,20,0
1661,20,0
1662,20,0
1663,20,0
1664,20,0
1665,20,0
1666,20,0
1667,20,0
1668,20,0
1669,20,0
1670,20,0
1671,20,0
1672,20,0
1673,20,0
1674,20,0
1675,20,0
1676,20,0
1677,20,0
1678,20,0
1679,20,0
1680,20,0
1681,20,0
1682,20,0
1683,20,0
1684,20,0
1685,20,0
1686,20,0
1687,20,0
1688,20,0
1689,20,0
1690,20,0
1691,20,0
1692,20,0
1693,20,0
1694,20,0
1695,20,0
1696,20,0
1697,20,0
1698,20,0
1699,20,0
21,21,2
612,21,0
624,21,0
708,21,0
710,21,0
711,21,0
712,21,0
713,21,0
715,21,0
22,22,2
22,246,3
496,22,0
497,22,0
498,22,0
501,22,0
502,22,0
566,22,0
567,22,0
568,22,0
708,22,0
711,22,0
712,22,0
714,22,0
715,22,0
716,22,0
22,1387,3
22,1563,3
1700,22,0
1701,22,0
1702,22,0
22,2097,3
23,23,2
1703,23,0
1704,23,0
1705,23,0
1706,23,0
1707,23,0
24,287,3
890,24,0
909,24,0
24,2116,3
25,25,2
272,25,0
393,25,0
395,25,0
397,25,0
398,25,0
399,25,0
400,25,0
401,25,0
404,25,0
405,25,0
406,25,0
409,25,0
412,25,0
413,25,0
418,25,0
419,25,0
422,25,0
427,25,0
575,25,0
812,25,0
876,25,0
1417,25,0
1418,25,0
1419,25,0
1423,25,0
1445,25,0
1449,25,0
1450,25,0
1561,25,0
1708,25,0
1709,25,0
1710,25,0
1711,25,0
26,26,2
217,26,0
218,26,0
219,26,0
220,26,0
523,26,0
524,26,0
525,26,0
526,26,0
528,26,0
26,1028,3
1455,26,0
1464,26,0
1466,26,0
26,1677,3
1712,26,0
1713,26,0
1714,26,0
1715,26,0
1716,26,0
1717,26,0
1718,26,0
1719,26,0
27,27,2
27,1260,3
1553,27,0
1555,27,0
1563,27,0
28,28,2
28,29,2
28,41,3
28,52,2
28,93,3
270,28,0
386,28,0
28,569,3
28,643,3
646,28,0
811,28,0
915,28,0
1033,28,0
1034,28,0
1288,28,0
1417,28,0
1418,28,0
1420,28,0
1423,28,0
1516,28,0
1575,28,0
1622,28,0
1720,28,0
1721,28,0
1722,28,0
1723,28,0
1724,28,0
1725,28,0
29,29,2
383,29,0
386,29,0
1417,29,0
1418,29,0
1419,29,0
1423,29,0
1516,29,0
29,1679,3
1026,30,0
1027,30,0
1028,30,0
31,834,3
31,1594,3
1726,31,0
1727,31,0
31,1834,3
31,2016,3
31,2054,3
14,32,0
29,32,0
32,32,2
52,32,0
65,32,0
396,32,0
402,32,0
403,32,0
412,32,0
413,32,0
795,32,0
796,32,0
797,32,0
829,32,0
32,1070,3
1073,32,0
1280,32,0
1417,32,0
1419,32,0
1452,32,0
1487,32,0
32,1586,3
1675,32,0
1728,32,0
1729,32,0
1730,32,0
1731,32,0
1732,32,0
1733,32,0
1734,32,0
1735,32,0
1736,32,0
1737,32,0
1738,32,0
1739,32,0
1740,32,0
164,33,0
175,33,0
190,33,0
195,33,0
217,33,0
218,33,0
219,33,0
222,33,0
235,33,0
236,33,0
237,33,0
239,33,0
241,33,0
242,33,0
243,33,0
247,33,0
277,33,0
281,33,0
283,33,0
284,33,0
285,33,0
288,33,0
291,33,0
292,33,0
293,33,0
294,33,0
296,33,0
297,33,0
389,33,0
390,33,0
515,33,0
517,33,0
518,33,0
519,33,0
521,33,0
524,33,0
525,33,0
528,33,0
533,33,0
538,33,0
545,33,0
552,33,0
557,33,0
558,33,0
617,33,0
619,33,0
620,33,0
629,33,0
648,33,0
649,33,0
651,33,0
675,33,0
676,33,0
677,33,0
679,33,0
680,33,0
695,33,0
696,33,0
697,33,0
700,33,0
701,33,0
702,33,0
703,33,0
1541,33,0
1542,33,0
1544,33,0
1546,33,0
1547,33,0
1566,33,0
1741,33,0
1742,33,0
190,34,0
217,34,0
220,34,0
221,34,0
222,34,0
243,34,0
277,34,0
280,34,0
282,34,0
284,34,0
285,34,0
389,34,0
390,34,0
34,395,3
517,34,0
518,34,0
520,34,0
522,34,0
525,34,0
529,34,0
552,34,0
618,34,0
620,34,0
682,34,0
683,34,0
700,34,0
701,34,0
703,34,0
35,35,2
35,482,3
972,35,0
973,35,0
975,35,0
977,35,0
980,35,0
982,35,0
1743,35,0
36,36,2
52,36,0
36,318,3
446,36,0
706,36,0
915,36,0
916,36,0
36,1273,3
1280,36,0
1317,36,0
1323,36,0
1324,36,0
1422,36,0
1744,36,0
1745,36,0
1746,36,0
37,147,3
412,37,0
413,37,0
37,619,3
832,37,0
37,1007,3
37,1390,3
37,1398,3
1747,37,0
1748,37,0
38,38,2
134,38,0
223,38,0
267,38,0
340,38,0
424,38,0
432,38,0
633,38,0
748,38,0
900,38,0
1075,38,0
1108,38,0
1364,38,0
1388,38,0
1415,38,0
1425,38,0
1426,38,0
1514,38,0
1573,38,0
1633,38,0
1634,38,0
1686,38,0
1728,38,0
1749,38,0
1750,38,0
1751,38,0
1752,38,0
1753,38,0
1754,38,0
1755,38,0
1756,38,0
1757,38,0
1758,38,0
1759,38,0
1760,38,0
1761,38,0
1762,38,0
1763,38,0
1764,38,0
1765,38,0
1766,38,0
1767,38,0
1768,38,0
1769,38,0
1770,38,0
39,357,3
456,39,0
40,40,2
42,40,0
157,40,0
199,40,0
40,334,3
396,40,0
411,40,0
40,1100,3
1557,40,0
1570,40,0
1571,40,0
1771,40,0
1772,40,0
1773,40,0
1774,40,0
1775,40,0
1776,40,0
1777,40,0
40,1938,3
29,41,0
41,756,3
1513,41,0
1514,41,0
1516,41,0
42,42,2
42,664,3
735,42,0
43,43,2
198,43,0
211,43,0
244,43,0
245,43,0
254,43,0
393,43,0
1078,43,0
1778,43,0
1779,43,0
43,1877,3
44,44,2
51,44,0
135,44,0
753,44,0
755,44,0
759,44,0
823,44,0
829,44,0
830,44,0
831,44,0
839,44,0
840,44,0
44,991,3
1280,44,0
1395,44,0
1620,44,0
1780,44,0
1781,44,0
1782,44,0
1783,44,0
1784,44,0
45,45,2
663,45,0
717,45,0
185,46,0
187,46,0
188,46,0
189,46,0
46,1138,3
1492,46,0
1494,46,0
46,1518,3
47,512,3
47,1130,3
47,1332,3
1788,47,0
1789,47,0
48,48,2
48,157,3
346,48,0
534,48,0
615,48,0
616,48,0
664,48,0
671,48,0
1345,48,0
48,1480,3
1790,48,0
1791,48,0
1304,49,0
1468,49,0
1796,49,0
1797,49,0
49,1992,3
841,50,0
51,497,3
754,51,0
755,51,0
914,51,0
51,1100,3
52,52,2
185,52,0
186,52,0
187,52,0
189,52,0
453,52,0
467,52,0
561,52,0
562,52,0
563,52,0
633,52,0
915,52,0
1051,52,0
1082,52,0
1164,52,0
1418,52,0
1419,52,0
1443,52,0
52,1521,3
1645,52,0
1708,52,0
52,2129,3
52,2163,3
54,53,0
912,53,0
936,53,0
941,53,0
942,53,0
1015,53,0
1016,53,0
1847,53,0
53,2194,3
912,54,0
936,54,0
942,54,0
1016,54,0
54,1598,3
55,55,2
55,56,2
729,55,0
943,55,0
55,1589,3
56,56,2
873,56,0
875,56,0
897,56,0
940,56,0
952,56,0
994,56,0
57,57,2
57,814,3
873,57,0
897,57,0
994,57,0
934,58,0
935,58,0
1010,58,0
1011,58,0
1012,58,0
58,1265,3
1848,58,0
430,59,0
434,59,0
438,59,0
1849,59,0
1850,59,0
1851,59,0
1852,59,0
1853,59,0
1854,59,0
1855,59,0
226,60,0
227,60,0
60,316,3
572,60,0
60,738,3
816,60,0
817,60,0
887,60,0
60,1281,3
1856,60,0
60,2126,3
146,61,0
187,61,0
189,61,0
225,61,0
536,61,0
775,61,0
776,61,0
778,61,0
61,1073,3
1563,61,0
1564,61,0
1565,61,0
1587,61,0
1731,61,0
1802,61,0
1857,61,0
1858,61,0
1859,61,0
1860,61,0
1861,61,0
1862,61,0
1863,61,0
1864,61,0
1865,61,0
1866,61,0
561,62,0
562,62,0
633,62,0
780,62,0
781,62,0
62,1040,3
62,1610,3
63,63,2
98,63,0
939,63,0
954,63,0
972,63,0
974,63,0
975,63,0
977,63,0
978,63,0
980,63,0
1020,63,0
1022,63,0
1031,63,0
1115,63,0
1145,63,0
1181,63,0
1367,63,0
1433,63,0
1434,63,0
1435,63,0
1438,63,0
1867,63,0
1868,63,0
1869,63,0
43,64,0
64,664,3
780,64,0
1394,64,0
1396,64,0
1401,64,0
1870,64,0
52,65,0
65,65,2
218,65,0
221,65,0
222,65,0
915,65,0
1423,65,0
1532,65,0
65,1607,3
1871,65,0
65,1902,3
66,66,2
740,66,0
742,66,0
743,66,0
744,66,0
746,66,0
747,66,0
882,66,0
1872,66,0
1873,66,0
1874,66,0
1875,66,0
67,192,3
901,67,0
903,67,0
67,1257,3
68,911,3
192,69,0
193,69,0
458,69,0
460,69,0
752,69,0
833,69,0
865,69,0
866,69,0
968,69,0
69,1748,3
70,70,2
560,70,0
645,70,0
70,1096,3
70,1423,3
1556,70,0
28,71,0
71,662,3
863,71,0
1417,71,0
1418,71,0
1741,71,0
1742,71,0
72,72,2
72,379,3
944,72,0
1001,72,0
1002,72,0
1003,72,0
1876,72,0
1877,72,0
1878,72,0
1879,72,0
1880,72,0
234,73,0
384,73,0
391,73,0
392,73,0
73,764,3
73,815,3
1395,73,0
73,1584,3
74,74,2
141,74,0
1881,74,0
1882,74,0
75,1626,3
1883,75,0
1884,75,0
1885,75,0
1886,75,0
1887,75,0
191,76,0
192,76,0
194,76,0
865,76,0
76,1299,3
76,1303,3
77,77,2
77,78,2
230,77,0
231,77,0
789,77,0
790,77,0
791,77,0
828,77,0
911,77,0
77,1513,3
77,1793,3
231,78,0
789,78,0
790,78,0
791,78,0
828,78,0
911,78,0
206,79,0
209,79,0
79,725,3
798,79,0
812,80,0
814,80,0
80,1588,3
149,81,0
1222,81,0
1223,81,0
1513,81,0
1514,81,0
1529,81,0
1530,81,0
1612,81,0
1778,81,0
1779,81,0
1784,81,0
1802,81,0
1857,81,0
1858,81,0
1861,81,0
1864,81,0
1866,81,0
1888,81,0
1889,81,0
1890,81,0
1891,81,0
1892,81,0
1893,81,0
1894,81,0
1895,81,0
1896,81,0
1897,81,0
1898,81,0
1899,81,0
1900,81,0
1901,81,0
1902,81,0
1903,81,0
1904,81,0
1905,81,0
1906,81,0
1907,81,0
1908,81,0
1909,81,0
1910,81,0
1911,81,0
1912,81,0
1913,81,0
1914,81,0
1915,81,0
81,1932,3
82,82,2
565,82,0
1598,82,0
82,1726,3
1916,82,0
83,83,2
183,83,0
212,83,0
252,83,0
560,83,0
581,83,0
631,83,0
645,83,0
1111,83,0
1112,83,0
1639,83,0
1734,83,0
1754,83,0
1917,83,0
1918,83,0
1919,83,0
1920,83,0
1921,83,0
1922,83,0
1923,83,0
1924,83,0
1925,83,0
1926,83,0
1927,83,0
1928,83,0
67,84,0
85,116,3
1929,85,0
13,86,0
1488,86,0
1930,86,0
217,87,0
220,87,0
87,280,3
87,1064,3
1519,87,0
1532,87,0
87,1895,3
87,2053,3
88,88,2
1040,88,0
89,156,3
89,893,3
89,1707,3
89,1903,3
1931,89,0
1932,89,0
1933,89,0
1934,89,0
90,90,2
90,713,3
1521,90,0
1522,90,0
1523,90,0
90,1582,3
90,2197,3
213,91,0
1043,92,0
92,1345,3
92,1402,3
92,1878,3
1935,92,0
1936,92,0
763,93,0
764,93,0
93,1216,3
93,1374,3
93,2013,3
765,94,0
95,95,2
782,95,0
783,95,0
784,95,0
785,95,0
786,95,0
787,95,0
96,96,2
96,97,2
858,96,0
859,96,0
860,96,0
861,96,0
1024,96,0
96,1586,3
859,97,0
860,97,0
861,97,0
8,98,0
98,98,2
148,98,0
180,98,0
182,98,0
633,98,0
98,962,3
1356,98,0
1442,98,0
1621,98,0
98,1917,3
1950,98,0
1951,98,0
1952,98,0
1953,98,0
1954,98,0
99,101,3
442,99,0
99,711,3
99,1173,3
100,100,2
272,100,0
101,818,3
837,101,0
1955,101,0
1956,101,0
1957,101,0
844,102,0
845,102,0
846,102,0
1735,102,0
1958,102,0
1959,102,0
1960,102,0
11,103,0
103,103,2
397,103,0
401,103,0
428,103,0
435,103,0
1165,103,0
1452,103,0
608,104,0
614,104,0
723,104,0
724,104,0
725,104,0
104,2018,3
104,105,0
607,105,0
614,105,0
723,105,0
724,105,0
725,105,0
105,1972,3
105,2153,3
106,106,2
483,106,0
1129,106,0
1803,106,0
1826,106,0
1961,106,0
1962,106,0
1963,106,0
1964,106,0
1965,106,0
1966,106,0
1967,106,0
1968,106,0
1969,106,0
1970,106,0
1971,106,0
818,107,0
107,1108,3
107,1926,3
108,549,3
108,1154,3
108,1424,3
108,1534,3
108,1618,3
684,109,0
686,109,0
1230,109,0
1505,109,0
1507,109,0
110,649,3
1972,110,0
1973,110,0
66,111,0
111,111,2
301,111,0
305,111,0
877,111,0
879,111,0
111,2061,3
112,621,3
635,112,0
636,112,0
637,112,0
638,112,0
639,112,0
641,112,0
642,112,0
112,1573,3
112,1578,3
113,113,2
113,1093,3
1548,113,0
1549,113,0
113,1935,3
29,114,0
55,114,0
114,114,2
202,114,0
460,114,0
492,114,0
550,114,0
862,114,0
863,114,0
1588,114,0
1662,114,0
1975,114,0
1976,114,0
1977,114,0
1978,114,0
1979,114,0
1980,114,0
1981,114,0
1982,114,0
1983,114,0
383,115,0
386,115,0
561,115,0
633,115,0
115,1397,3
1421,115,0
115,1602,3
116,116,2
962,116,0
963,116,0
964,116,0
117,117,2
117,1251,3
1386,117,0
1984,117,0
1985,117,0
1986,117,0
1987,117,0
1847,118,0
1235,119,0
1236,119,0
119,1450,3
1988,119,0
1989,119,0
1990,119,0
1991,119,0
1992,119,0
1993,119,0
984,120,0
985,120,0
986,120,0
989,120,0
990,120,0
121,121,2
414,121,0
484,121,0
485,121,0
486,121,0
487,121,0
621,121,0
121,1032,3
121,1198,3
122,122,2
122,1693,3
1996,122,0
11,123,0
25,123,0
100,123,0
103,123,0
123,123,2
272,123,0
412,123,0
780,123,0
781,123,0
123,2058,3
124,124,2
183,124,0
124,1321,3
116,125,0
125,330,3
125,350,3
750,125,0
751,125,0
1056,125,0
125,2171,3
126,126,2
847,126,0
956,126,0
126,968,3
126,1900,3
2016,126,0
2017,126,0
2018,126,0
127,389,3
127,805,3
1023,127,0
2019,127,0
128,128,2
128,148,3
2020,128,0
2021,128,0
2022,128,0
2023,128,0
2024,128,0
2025,128,0
2026,128,0
106,129,0
479,129,0
481,129,0
1755,129,0
129,2025,3
2027,129,0
2028,129,0
2029,129,0
130,130,2
131,131,2
131,1388,3
131,1663,3
2030,131,0
2031,131,0
132,132,2
132,142,3
132,908,3
1942,132,0
1946,132,0
2032,132,0
2033,132,0
237,133,0
457,133,0
479,133,0
480,133,0
481,133,0
133,696,3
133,907,3
98,134,0
134,134,2
182,134,0
226,134,0
227,134,0
371,134,0
226,135,0
135,1563,3
1780,135,0
2037,135,0
2038,135,0
2039,135,0
2040,135,0
2041,135,0
2042,135,0
2043,135,0
2044,135,0
2045,135,0
412,136,0
413,136,0
136,1068,3
136,1810,3
136,2047,3
2046,137,0
2047,137,0
138,2158,3
139,720,3
139,921,3
139,1030,3
139,1341,3
1358,139,0
2049,139,0
139,2052,3
8,140,0
106,140,0
140,235,3
479,140,0
481,140,0
2050,140,0
2051,140,0
2052,140,0
141,869,3
142,142,2
142,1023,3
1216,142,0
140,143,0
270,143,0
386,143,0
469,143,0
479,143,0
480,143,0
481,143,0
1643,143,0
143,1840,3
50,144,0
64,144,0
144,278,3
451,144,0
480,144,0
481,144,0
144,961,3
1132,144,0
144,1709,3
2057,144,0
2058,144,0
145,145,2
688,145,0
900,145,0
969,145,0
970,145,0
146,146,2
1513,146,0
1802,146,0
1858,146,0
1859,146,0
1860,146,0
1862,146,0
1863,146,0
1865,146,0
1866,146,0
147,478,3
147,560,3
148,192,3
781,148,0
1332,148,0
1617,148,0
2072,148,0
872,149,0
1280,149,0
149,1912,3
2073,149,0
2074,149,0
1657,150,0
1694,150,0
2081,150,0
2082,150,0
2083,150,0
2093,151,0
2094,151,0
9,152,0
109,152,0
203,152,0
204,152,0
424,152,0
475,152,0
488,152,0
489,152,0
646,152,0
847,152,0
1279,152,0
1388,152,0
1426,152,0
1520,152,0
1538,152,0
1588,152,0
1682,152,0
1768,152,0
2084,152,0
2095,152,0
2096,152,0
2097,152,0
2098,152,0
2099,152,0
2100,152,0
2101,152,0
2102,152,0
2103,152,0
2104,152,0
2105,152,0
2106,152,0
1,153,0
8,153,0
123,153,0
271,153,0
396,153,0
420,153,0
457,153,0
480,153,0
481,153,0
653,153,0
654,153,0
780,153,0
781,153,0
832,153,0
1033,153,0
1034,153,0
1178,153,0
1217,153,0
1557,153,0
2003,153,0
2150,153,0
2151,153,0
2152,153,0
2153,153,0
154,187,3
154,926,3
1265,154,0
154,1323,3
154,1578,3
2158,154,0
2159,154,0
2160,154,0
2161,154,0
155,155,2
948,155,0
949,155,0
155,1065,3
155,1154,3
6,156,0
9,156,0
103,156,0
156,156,2
186,156,0
187,156,0
188,156,0
189,156,0
224,156,0
225,156,0
397,156,0
409,156,0
441,156,0
457,156,0
505,156,0
506,156,0
507,156,0
508,156,0
509,156,0
534,156,0
553,156,0
561,156,0
562,156,0
565,156,0
597,156,0
598,156,0
601,156,0
604,156,0
633,156,0
652,156,0
653,156,0
671,156,0
731,156,0
757,156,0
768,156,0
769,156,0
775,156,0
776,156,0
777,156,0
779,156,0
780,156,0
781,156,0
811,156,0
967,156,0
1182,156,0
1285,156,0
1325,156,0
1367,156,0
1385,156,0
1433,156,0
1434,156,0
1435,156,0
1436,156,0
1437,156,0
1438,156,0
1439,156,0
1440,156,0
1463,156,0
1465,156,0
1466,156,0
1467,156,0
1598,156,0
1713,156,0
1714,156,0
1718,156,0
1719,156,0
1800,156,0
2034,156,0
2166,156,0
2167,156,0
2168,156,0
2169,156,0
2170,156,0
2171,156,0
2172,156,0
2173,156,0
2174,156,0
2175,156,0
2176,156,0
2177,156,0
2178,156,0
157,157,2
201,158,0
538,158,0
555,158,0
557,158,0
558,158,0
158,886,3
158,1506,3
1831,159,0
2179,159,0
2180,159,0
2181,159,0
2182,159,0
2183,159,0
2184,159,0
2185,159,0
2186,159,0
2187,159,0
160,337,3
160,1268,3
1524,160,0
160,1734,3
160,1935,3
2188,160,0
2189,160,0
2190,160,0
872,161,0
510,162,0
512,162,0
513,162,0
514,162,0
162,754,3
2191,162,0
2192,162,0
163,2041,3
647,164,0
649,164,0
651,164,0
164,690,3
164,1344,3
164,2008,3
165,545,3
165,1492,3
2193,165,0
267,166,0
166,1668,3
2194,166,0
945,167,0
1008,167,0
1009,167,0
82,168,0
1118,168,0
1531,168,0
1732,168,0
2053,168,0
2054,168,0
2055,168,0
2195,168,0
2196,168,0
2197,168,0
2198,168,0
1004,169,0
1005,169,0
1006,169,0
170,170,2
170,805,3
1086,170,0
170,1785,3
1896,170,0
170,2145,3
2199,170,0
226,171,0
958,171,0
171,1719,3
2200,171,0
2201,172,0
173,2062,3
2147,173,0
2202,173,0
396,174,0
1300,174,0
174,2036,3
2056,174,0
2203,174,0
2204,174,0
175,2146,3
178,1869,3
178,1978,3
179,195,3
179,1266,3
180,449,3
180,1895,3
181,751,3
181,844,3
183,1093,3
184,220,3
187,1610,3
188,1126,3
189,1007,3
189,1691,3
193,1145,3
193,1633,3
194,459,3
194,2090,3
197,1049,3
197,1203,3
197,1622,3
198,377,3
198,1248,3
200,1131,3
202,718,3
202,2193,3
203,1423,3
203,1581,3
203,1947,3
203,2046,3
206,1542,3
207,440,3
207,949,3
208,1203,3
209,1535,3
209,1576,3
209,1973,3
210,1006,3
210,1412,3
211,1258,3
211,1508,3
212,833,3
212,911,3
212,1924,3
214,698,3
215,342,3
215,407,3
215,439,3
215,967,3
215,1323,3
215,1791,3
216,1435,3
216,1924,3
218,1852,3
219,644,3
219,990,3
220,676,3
220,860,3
221,358,3
221,361,3
221,1382,3
221,1700,3
222,754,3
222,1276,3
224,873,3
225,250,3
225,1359,3
225,1775,3
226,1378,3
228,1524,3
228,1570,3
229,323,3
229,1938,3
231,599,3
231,656,3
231,1934,3
232,1215,3
233,947,3
234,636,3
234,1212,3
234,1771,3
235,525,3
235,1007,3
235,1328,3
236,237,3
236,523,3
236,758,3
236,833,3
238,1055,3
238,1953,3
239,1735,3
239,2036,3
240,1165,3
240,1168,3
240,2042,3
241,835,3
242,525,3
242,1089,3
244,442,3
244,488,3
244,1855,3
245,608,3
246,1604,3
247,976,3
247,1461,3
247,1834,3
248,645,3
248,1252,3
249,1968,3
250,280,3
250,990,3
251,1017,3
251,1125,3
253,1765,3
256,819,3
256,1251,3
256,2161,3
258,330,3
258,1280,3
258,1821,3
259,570,3
260,1181,3
261,1485,3
261,1957,3
263,645,3
264,523,3
264,620,3
265,405,3
265,1410,3
267,1193,3
267,1388,3
268,839,3
268,1161,3
268,1247,3
269,1236,3
269,1404,3
270,1598,3
270,1865,3
270,2118,3
271,1436,3
271,1970,3
272,893,3
272,1234,3
275,623,3
275,1847,3
276,324,3
276,1701,3
277,405,3
278,1778,3
279,708,3
280,1131,3
280,1335,3
281,1950,3
282,1839,3
282,2119,3
283,1788,3
283,2030,3
286,727,3
286,1395,3
287,447,3
287,624,3
287,1254,3
287,1787,3
288,1469,3
288,1537,3
289,1299,3
290,731,3
292,1281,3
294,2008,3
295,1159,3
296,641,3
296,1021,3
296,2103,3
297,406,3
297,758,3
297,944,3
297,2099,3
299,1047,3
300,1139,3
300,1403,3
302,1222,3
303,330,3
303,502,3
303,683,3
304,973,3
304,1067,3
304,1536,3
304,1544,3
306,2061,3
307,361,3
309,1614,3
309,1875,3
310,1016,3
311,2121,3
312,896,3
312,1776,3
312,1869,3
313,409,3
313,1608,3
317,1766,3
319,327,3
319,1480,3
319,1705,3
319,1951,3
320,848,3
320,981,3
320,1098,3
320,2006,3
321,2174,3
322,352,3
324,591,3
324,1605,3
327,501,3
327,1366,3
328,1564,3
328,2133,3
329,810,3
329,949,3
329,1978,3
330,765,3
331,618,3
332,923,3
332,1663,3
332,1800,3
333,1166,3
334,807,3
334,1505,3
335,1917,3
338,672,3
338,1062,3
338,1288,3
339,929,3
340,901,3
341,665,3
342,979,3
343,728,3
344,1088,3
345,670,3
345,1148,3
346,860,3
346,2180,3
347,349,3
347,1032,3
348,912,3
348,1050,3
348,1246,3
348,1871,3
348,1927,3
349,504,3
349,570,3
350,618,3
352,856,3
353,2055,3
354,1375,3
357,1172,3
357,1710,3
358,571,3
358,1504,3
358,1765,3
359,1214,3
360,2170,3
361,1777,3
362,524,3
362,1710,3
363,1391,3
363,2137,3
364,1005,3
364,1607,3
364,2121,3
369,1658,3
370,511,3
370,747,3
370,1159,3
373,976,3
374,1090,3
374,1883,3
375,1647,3
375,2204,3
376,498,3
376,770,3
376,961,3
376,1705,3
378,926,3
378,1956,3
380,739,3
382,844,3
383,871,3
383,881,3
383,1474,3
384,824,3
386,589,3
387,460,3
387,486,3
387,1073,3
387,1256,3
387,1925,3
388,2037,3
389,413,3
389,812,3
389,1348,3
389,1961,3
391,1674,3
392,479,3
392,1948,3
393,430,3
395,496,3
395,1440,3
396,525,3
397,2159,3
398,422,3
398,707,3
398,1277,3
398,1949,3
400,422,3
400,444,3
400,805,3
400,1736,3
401,2016,3
402,1370,3
403,2148,3
403,2197,3
404,628,3
404,1117,3
404,2015,3
405,907,3
406,2066,3
407,2037,3
408,498,3
409,1500,3
409,1983,3
409,2081,3
410,1954,3
411,1339,3
412,612,3
412,909,3
412,1310,3
412,1682,3
412,1772,3
413,516,3
413,1037,3
413,1911,3
414,589,3
414,1504,3
416,516,3
418,931,3
418,1362,3
421,1096,3
424,1453,3
425,1224,3
426,1759,3
427,608,3
427,1886,3
428,1372,3
430,1223,3
430,1750,3
431,1546,3
432,861,3
432,1783,3
433,856,3
433,2168,3
434,1288,3
434,1907,3
435,689,3
435,889,3
435,938,3
436,1035,3
437,1602,3
438,909,3
439,1474,3
439,2176,3
441,958,3
441,1203,3
442,467,3
442,689,3
442,807,3
444,1267,3
444,1867,3
444,2158,3
445,647,3
445,1549,3
445,1622,3
446,658,3
447,682,3
447,1946,3
448,1180,3
448,1413,3
449,546,3
449,1001,3
449,1798,3
449,1932,3
450,775,3
450,1235,3
451,1190,3
451,1386,3
452,681,3
452,1841,3
453,571,3
454,1963,3
455,1262,3
456,538,3
456,2175,3
457,2084,3
459,863,3
459,1576,3
459,1588,3
460,1506,3
462,732,3
464,609,3
464,1037,3
466,2147,3
467,695,3
467,1403,3
467,1661,3
467,1669,3
468,1199,3
471,1283,3
472,1266,3
473,685,3
473,932,3
474,690,3
474,973,3
475,845,3
475,1035,3
475,1492,3
476,2114,3
477,896,3
478,484,3
478,906,3
478,1447,3
479,990,3
479,1052,3
479,1687,3
481,1235,3
481,1798,3
482,1602,3
483,611,3
483,1551,3
484,1123,3
485,1542,3
485,1884,3
486,612,3
489,1299,3
489,1950,3
490,522,3
490,1416,3
491,1242,3
491,1251,3
491,1381,3
491,1585,3
493,663,3
493,1725,3
494,1691,3
495,1027,3
495,1348,3
495,1425,3
496,1843,3
497,687,3
497,1600,3
502,1206,3
502,2127,3
503,2184,3
504,935,3
505,1576,3
507,725,3
509,1200,3
511,1726,3
511,1932,3
512,1640,3
513,1348,3
514,867,3
515,1739,3
516,2075,3
520,828,3
521,1334,3
521,1507,3
522,1383,3
522,1757,3
523,1345,3
523,1734,3
524,1378,3
524,2077,3
525,596,3
525,649,3
527,2158,3
529,657,3
531,606,3
532,617,3
532,1432,3
533,1731,3
534,1168,3
535,1295,3
536,786,3
537,967,3
538,1491,3
539,747,3
539,943,3
539,1345,3
539,1687,3
541,1110,3
542,1901,3
544,961,3
544,965,3
544,1200,3
545,2188,3
546,594,3
546,959,3
546,1897,3
547,944,3
549,562,3
549,1265,3
550,1909,3
551,576,3
551,1074,3
551,1513,3
552,1900,3
552,1988,3
552,2076,3
554,1013,3
555,971,3
556,1330,3
559,931,3
559,1119,3
560,838,3
562,739,3
563,1206,3
564,1764,3
566,737,3
566,1146,3
567,1906,3
569,929,3
569,1607,3
572,1557,3
572,1719,3
573,1191,3
573,1680,3
573,2023,3
573,2090,3
575,1268,3
576,1756,3
577,1488,3
578,1122,3
579,660,3
580,1263,3
580,1382,3
582,1584,3
582,1669,3
582,1850,3
584,723,3
584,1813,3
585,1226,3
587,1482,3
587,2200,3
588,861,3
589,1398,3
589,1912,3
591,847,3
591,1346,3
593,907,3
594,787,3
594,1528,3
594,2160,3
596,1791,3
597,1564,3
599,949,3
599,1418,3
600,872,3
600,1381,3
602,1376,3
604,1311,3
604,1536,3
605,1164,3
605,1389,3
606,701,3
606,1406,3
607,1579,3
607,1607,3
608,1258,3
609,1426,3
609,1773,3
609,1812,3
609,1893,3
610,878,3
611,1508,3
612,1207,3
612,1772,3
613,1451,3
614,1452,3
614,2146,3
615,1725,3
616,768,3
616,1919,3
618,1135,3
619,968,3
619,1512,3
620,642,3
620,1048,3
620,1081,3
620,1619,3
621,1162,3
622,1483,3
625,924,3
627,651,3
627,904,3
629,897,3
629,1781,3
631,1959,3
632,1932,3
636,660,3
636,713,3
636,911,3
636,975,3
637,947,3
637,1597,3
637,2139,3
638,1889,3
639,1692,3
641,1368,3
641,1809,3
641,1970,3
642,700,3
642,726,3
643,1153,3
643,2084,3
644,1405,3
645,2154,3
648,791,3
648,1633,3
649,1970,3
651,817,3
652,1512,3
653,790,3
655,714,3
655,1794,3
656,1744,3
657,1270,3
658,1545,3
658,1738,3
659,1725,3
663,1090,3
664,1099,3
664,2108,3
665,914,3
666,713,3
666,745,3
666,1146,3
667,1783,3
670,914,3
671,852,3
671,2112,3
672,1498,3
672,1898,3
674,1652,3
675,967,3
675,1176,3
675,1209,3
677,904,3
677,1592,3
677,2062,3
677,2192,3
678,2157,3
679,935,3
680,1432,3
685,1084,3
685,1579,3
685,1994,3
686,690,3
686,1446,3
687,1905,3
688,1137,3
689,1004,3
690,853,3
690,1858,3
692,795,3
692,1671,3
692,1914,3
693,729,3
694,1214,3
694,1869,3
697,1362,3
697,1619,3
697,1757,3
699,1162,3
699,1307,3
701,1585,3
701,1911,3
702,1924,3
702,2185,3
703,1560,3
703,2138,3
704,2059,3
705,716,3
705,1237,3
706,1954,3
706,2188,3
707,2062,3
711,744,3
712,871,3
713,1418,3
714,1438,3
714,1636,3
715,1938,3
716,1405,3
716,1804,3
717,921,3
718,723,3
718,846,3
719,841,3
720,974,3
721,1389,3
721,2150,3
721,2195,3
722,731,3
723,954,3
723,1334,3
725,767,3
725,2178,3
727,857,3
727,1441,3
728,1762,3
728,1817,3
729,1699,3
730,1577,3
730,1787,3
732,1462,3
732,1527,3
733,1279,3
733,1836,3
733,2135,3
734,1244,3
735,1097,3
736,833,3
737,1574,3
737,1758,3
737,2088,3
738,999,3
739,963,3
740,831,3
740,2204,3
742,1144,3
742,1681,3
742,1862,3
743,890,3
743,1327,3
744,1481,3
745,2085,3
749,931,3
749,1024,3
749,1615,3
750,1953,3
750,2199,3
752,1761,3
752,1925,3
754,1087,3
754,2184,3
756,1042,3
757,1289,3
759,987,3
759,1678,3
759,1863,3
760,1625,3
764,1081,3
764,1133,3
765,2167,3
767,1778,3
768,834,3
769,887,3
769,1720,3
769,1988,3
769,2008,3
770,2006,3
771,1243,3
771,1342,3
771,1409,3
772,1825,3
773,1145,3
775,1013,3
777,919,3
777,1287,3
777,1830,3
781,1590,3
781,1895,3
783,1257,3
783,1439,3
784,821,3
784,835,3
785,1157,3
786,1621,3
786,1849,3
786,1919,3
786,2128,3
787,1038,3
790,1544,3
790,1753,3
790,2051,3
793,1346,3
793,1813,3
794,1665,3
794,1684,3
795,2180,3
796,929,3
796,1005,3
798,892,3
799,1347,3
799,1762,3
800,848,3
801,1881,3
801,2152,3
802,1239,3
802,1603,3
802,1794,3
804,866,3
804,1927,3
806,2127,3
807,1329,3
808,884,3
808,1978,3
809,1771,3
810,1999,3
814,1387,3
815,1678,3
816,2151,3
817,1881,3
818,1943,3
819,1378,3
823,1951,3
823,2116,3
825,1784,3
826,1169,3
826,1562,3
829,1302,3
829,1326,3
830,2060,3
831,2006,3
832,2177,3
833,1131,3
833,1983,3
834,1172,3
834,1404,3
834,1529,3
836,1527,3
836,1958,3
842,1059,3
843,1005,3
844,2129,3
845,1386,3
845,2109,3
846,1428,3
847,1731,3
849,1482,3
849,1914,3
849,2043,3
850,1880,3
851,1885,3
852,1082,3
853,1082,3
853,1771,3
855,1982,3
858,903,3
858,1469,3
858,2033,3
862,1471,3
864,1598,3
866,1812,3
867,1402,3
868,2146,3
869,1881,3
870,1113,3
871,1054,3
871,1471,3
872,1756,3
875,2164,3
876,1733,3
877,1722,3
878,1242,3
878,1465,3
880,1305,3
881,1075,3
881,1265,3
882,1481,3
882,1525,3
883,1927,3
883,2091,3
884,1870,3
885,1040,3
885,2011,3
886,1580,3
886,1703,3
887,1221,3
888,933,3
889,2074,3
893,1044,3
896,1001,3
896,1156,3
896,1411,3
896,1686,3
898,1872,3
899,1437,3
901,1103,3
901,2000,3
902,1773,3
903,1211,3
904,1332,3
905,1609,3
906,1999,3
907,1044,3
907,1456,3
907,1768,3
908,1473,3
909,1112,3
909,1192,3
910,2108,3
913,1161,3
913,1396,3
914,2202,3
921,1323,3
921,1499,3
921,1953,3
922,1299,3
922,1810,3
923,1139,3
923,1196,3
925,1057,3
925,2037,3
927,2146,3
928,1490,3
929,1486,3
930,1658,3
932,2081,3
935,1004,3
935,1779,3
937,1609,3
940,1479,3
945,1486,3
947,1144,3
947,1183,3
947,1932,3
947,2032,3
948,1909,3
949,1903,3
949,1985,3
951,1703,3
951,2168,3
952,1771,3
955,1548,3
958,2158,3
960,1395,3
960,1691,3
960,1794,3
960,1798,3
962,1510,3
965,1655,3
967,1981,3
967,2008,3
968,1633,3
968,1869,3
969,1491,3
970,1851,3
970,1854,3
970,2181,3
971,2009,3
973,1575,3
973,1870,3
973,1932,3
974,1366,3
975,1805,3
976,1011,3
976,1539,3
977,1725,3
978,1688,3
978,1889,3
980,1185,3
980,1226,3
980,1239,3
980,1550,3
981,1469,3
981,2006,3
982,1049,3
982,2166,3
984,1346,3
984,1745,3
984,1914,3
990,2100,3
996,1533,3
996,1699,3
996,1866,3
998,1705,3
999,1937,3
1000,2114,3
1004,1196,3
1006,1674,3
1006,1966,3
1006,1976,3
1010,1483,3
1014,1518,3
1014,1680,3
1016,1326,3
1020,1609,3
1021,1038,3
1022,1294,3
1022,1527,3
1023,1417,3
1025,1982,3
1031,2061,3
1034,1093,3
1034,1640,3
1036,1276,3
1036,1490,3
1036,1760,3
1038,2172,3
1039,1389,3
1045,1748,3
1046,1458,3
1046,1472,3
1046,1872,3
1046,2142,3
1047,1788,3
1047,2135,3
1049,1998,3
1050,2076,3
1051,1349,3
1054,1068,3
1056,1373,3
1058,1152,3
1058,1788,3
1059,1956,3
1059,1990,3
1061,1242,3
1063,1508,3
1065,1175,3
1065,1306,3
1065,1679,3
1066,1871,3
1068,2008,3
1069,1087,3
1070,1746,3
1072,1946,3
1073,1283,3
1075,1132,3
1076,1784,3
1078,1144,3
1079,1679,3
1079,1850,3
1080,1137,3
1081,1214,3
1082,1319,3
1083,1405,3
1084,1729,3
1085,1273,3
1085,1587,3
1085,1843,3
1086,1803,3
1088,1410,3
1093,1286,3
1093,1743,3
1095,1150,3
1096,2021,3
1096,2186,3
1100,1462,3
1100,1713,3
1100,2066,3
1101,1403,3
1104,1893,3
1105,1464,3
1105,1866,3
1106,1971,3
1107,1509,3
1107,2079,3
1108,1532,3
1109,1888,3
1111,1366,3
1114,2009,3
1116,1883,3
1117,2027,3
1118,1240,3
1119,1194,3
1120,1510,3
1121,2162,3
1125,2097,3
1126,2115,3
1127,1479,3
1127,1547,3
1129,1682,3
1133,2072,3
1133,2088,3
1134,1992,3
1134,2155,3
1135,1573,3
1139,1841,3
1140,1511,3
1141,2203,3
1145,1199,3
1145,1232,3
1147,2029,3
1148,1681,3
1149,1799,3
1152,2034,3
1155,1876,3
1156,2136,3
1157,1725,3
1158,1193,3
1158,1505,3
1160,1547,3
1160,1584,3
1161,1828,3
1164,1458,3
1166,2053,3
1167,1568,3
1169,1927,3
1171,1405,3
1171,1539,3
1172,1531,3
1176,1454,3
1177,1460,3
1178,1535,3
1179,1776,3
1181,2151,3
1183,1971,3
1184,2202,3
1188,1367,3
1191,2146,3
1192,1416,3
1195,2179,3
1196,1534,3
1198,1234,3
1200,1698,3
1201,1479,3
1203,1411,3
1203,1449,3
1204,1361,3
1205,1709,3
1214,1329,3
1215,1996,3
1217,2046,3
1219,1781,3
1222,2120,3
1226,1330,3
1229,1833,3
1230,1861,3
1232,2145,3
1236,1858,3
1236,2192,3
1239,1977,3
1239,2130,3
1240,1768,3
1241,1384,3
1243,1929,3
1244,1513,3
1246,1372,3
1247,2165,3
1249,1883,3
1250,1362,3
1250,1750,3
1251,1595,3
1252,2183,3
1254,1467,3
1255,1596,3
1258,1817,3
1260,1609,3
1261,1350,3
1261,1877,3
1262,1349,3
1263,1414,3
1265,1709,3
1265,2068,3
1267,1531,3
1267,1555,3
1269,1586,3
1269,2069,3
1269,2135,3
1271,1526,3
1271,2136,3
1272,1482,3
1273,1707,3
1273,1864,3
1282,2106,3
1283,1529,3
1283,1843,3
1285,1580,3
1285,1821,3
1285,1855,3
1286,2130,3
1287,2132,3
1292,1541,3
1293,1542,3
1293,1696,3
1293,1851,3
1294,1557,3
1294,1582,3
1297,1363,3
1299,2140,3
1300,1771,3
1301,1606,3
1304,1462,3
1307,2109,3
1308,1929,3
1308,2102,3
1308,2118,3
1310,1462,3
1311,1681,3
1313,1517,3
1313,1729,3
1313,2047,3
1314,1841,3
1316,1710,3
1318,2094,3
1320,1448,3
1320,1701,3
1321,1865,3
1321,2084,3
1323,1455,3
1323,1898,3
1326,1407,3
1328,1910,3
1329,2140,3
1333,1959,3
1334,1920,3
1336,1944,3
1336,2010,3
1339,1472,3
1339,1726,3
1340,1890,3
1341,1601,3
1341,2118,3
1341,2135,3
1342,2019,3
1342,2124,3
1349,1391,3
1349,1404,3
1353,2133,3
1355,1521,3
1357,1758,3
1358,1973,3
1360,2122,3
1364,1542,3
1366,1613,3
1370,1685,3
1371,1675,3
1372,1592,3
1372,1701,3
1372,2069,3
1376,1852,3
1379,1582,3
1382,1890,3
1382,2195,3
1388,1525,3
1388,1670,3
1389,1898,3
1392,2160,3
1394,1792,3
1396,1719,3
1397,1482,3
1398,1913,3
1400,1404,3
1402,1417,3
1402,1891,3
1402,1916,3
1403,1778,3
1404,1726,3
1405,2138,3
1406,1480,3
1407,1916,3
1410,1799,3
1410,2115,3
1412,1503,3
1412,1750,3
1415,1677,3
1420,1745,3
1420,1845,3
1422,2176,3
1423,1940,3
1429,1751,3
1433,1537,3
1436,1511,3
1440,1555,3
1440,2075,3
1442,1616,3
1442,1867,3
1446,1608,3
1447,2196,3
1451,1637,3
1451,1704,3
1457,1735,3
1462,1883,3
1463,1639,3
1467,2069,3
1469,2069,3
1470,1479,3
1475,1924,3
1476,1576,3
1476,2184,3
1479,1798,3
1479,1933,3
1480,1874,3
1489,1492,3
1489,1565,3
1490,1702,3
1490,1822,3
1490,2101,3
1492,1694,3
1493,1714,3
1500,1617,3
1502,1989,3
1504,2063,3
1506,1834,3
1506,2195,3
1507,1568,3
1515,1522,3
1519,1543,3
1519,2080,3
1522,1904,3
1526,1928,3
1527,2082,3
1528,2146,3
1529,1802,3
1529,2081,3
1533,2019,3
1534,1647,3
1534,2181,3
1535,1538,3
1537,1572,3
1538,1886,3
1541,1882,3
1541,2197,3
1544,1872,3
1547,1715,3
1547,1991,3
1549,1787,3
1550,1792,3
1552,1781,3
1553,1862,3
1555,1719,3
1556,1647,3
1557,1961,3
1557,2140,3
1558,1696,3
1558,1970,3
1561,1709,3
1563,2055,3
1568,2103,3
1568,2200,3
1571,1679,3
1571,2054,3
1573,1698,3
1576,1653,3
1576,1995,3
1579,1773,3
1581,1703,3
1582,1851,3
1583,2087,3
1585,2016,3
1591,1694,3
1593,1761,3
1595,1963,3
1595,2120,3
1597,1606,3
1598,1628,3
1598,2135,3
1601,1683,3
1604,1838,3
1607,1780,3
1610,1830,3
1610,2057,3
1617,1931,3
1620,1868,3
1630,1949,3
1633,2143,3
1634,1867,3
1635,1817,3
1648,2168,3
1651,1801,3
1656,1971,3
1659,1973,3
1660,1749,3
1661,2170,3
1663,2179,3
1664,1670,3
1666,1741,3
1667,2063,3
1671,1751,3
1671,2005,3
1673,2148,3
1689,1798,3
1696,2189,3
1697,1847,3
1698,2073,3
1709,1748,3
1709,1818,3
1710,1787,3
1715,1801,3
1722,1894,3
1723,1753,3
1723,2194,3
1727,1832,3
1727,2124,3
1735,1937,3
1735,2009,3
1740,1830,3
1741,2097,3
1744,2024,3
1753,1981,3
1753,2067,3
1757,2187,3
1759,1966,3
1769,1796,3
1769,1879,3
1773,1887,3
1774,1948,3
1775,2133,3
1777,2166,3
1783,1811,3
1783,2157,3
1785,2094,3
1786,2193,3
1790,2191,3
1793,2070,3
1797,2176,3
1798,1842,3
1798,2151,3
1803,1880,3
1806,2032,3
1811,2070,3
1814,1978,3
1814,2099,3
1815,1968,3
1822,2095,3
1826,1837,3
1836,2061,3
1840,2159,3
1850,2114,3
1863,1999,3
1866,2051,3
1867,1949,3
1870,2182,3
1887,2017,3
1888,1962,3
1904,1934,3
1906,1987,3
1907,2075,3
1910,2031,3
1923,2033,3
1938,2129,3
1947,1954,3
1955,1962,3
1961,2084,3
1966,1979,3
1966,2133,3
1987,2079,3
1992,2003,3
2010,2132,3
2010,2173,3
2017,2064,3
2038,2156,3
2064,2110,3
2073,2087,3
2087,2163,3
2098,2151,3
2107,2195,3
2115,2117,3
