0,10,1
0,25,1
0,27,1
0,28,1
0,43,1
0,91,1
0,100,1
0,111,1
0,152,1
0,175,1
0,176,1
0,177,1
0,178,1
0,179,1
0,180,1
0,181,1
0,182,1
0,183,1
0,184,1
0,185,1
0,186,1
0,187,1
0,188,1
0,189,1
0,190,1
0,191,1
0,192,1
0,193,1
0,194,1
0,195,1
0,196,1
0,197,1
0,198,1
0,199,1
0,200,1
0,201,1
0,202,1
0,203,1
0,204,1
0,205,1
0,206,1
0,207,1
0,208,1
0,209,1
0,210,1
0,211,1
0,212,1
0,213,1
0,214,1
0,215,1
0,216,1
0,217,1
0,218,1
0,219,1
0,220,1
0,221,1
0,222,1
0,223,1
0,224,1
0,225,1
0,226,1
0,227,1
0,228,1
0,229,1
0,230,1
0,231,1
0,232,1
0,233,1
0,234,1
0,235,1
0,236,1
0,237,1
0,238,1
0,239,1
0,240,1
0,241,1
0,242,1
0,243,1
0,244,1
0,245,1
0,246,1
0,247,1
0,248,1
0,249,1
0,250,1
0,251,1
0,252,1
0,253,1
0,254,1
0,255,1
0,256,1
0,257,1
0,258,1
0,259,1
0,260,1
0,261,1
0,262,1
0,263,1
0,264,1
0,265,1
0,266,1
0,267,1
0,268,1
0,269,1
0,270,1
0,271,1
0,272,1
0,273,1
0,274,1
0,275,1
0,276,1
0,277,1
0,278,1
0,279,1
0,280,1
0,281,1
0,282,1
0,283,1
0,284,1
0,285,1
0,286,1
0,287,1
0,288,1
0,289,1
0,290,1
0,291,1
0,292,1
0,293,1
0,294,1
0,295,1
0,296,1
0,297,1
0,298,1
0,299,1
0,300,1
0,301,1
0,302,1
0,303,1
0,304,1
0,305,1
0,306,1
0,307,1
0,308,1
0,309,1
0,310,1
0,311,1
0,312,1
0,313,1
0,314,1
0,315,1
0,316,1
0,317,1
0,318,1
0,319,1
0,320,1
0,321,1
0,322,1
0,323,1
0,324,1
0,325,1
0,326,1
0,327,1
0,328,1
0,329,1
0,330,1
0,331,1
0,332,1
0,333,1
0,334,1
0,335,1
0,336,1
0,337,1
0,338,1
0,339,1
0,340,1
0,341,1
0,342,1
0,343,1
0,344,1
0,345,1
0,346,1
0,347,1
0,348,1
0,349,1
0,350,1
0,351,1
0,352,1
0,353,1
0,354,1
0,355,1
0,356,1
0,357,1
0,358,1
0,359,1
0,360,1
0,361,1
0,362,1
0,363,1
0,364,1
0,365,1
0,366,1
0,367,1
0,368,1
0,369,1
0,370,1
0,371,1
0,372,1
0,373,1
0,374,1
0,375,1
0,376,1
0,377,1
0,378,1
0,379,1
0,380,1
0,381,1
0,382,1
0,383,1
0,384,1
0,385,1
0,386,1
0,387,1
0,388,1
0,389,1
0,390,1
0,391,1
0,392,1
0,942,3
0,1728,3
1,199,1
1,200,1
1,235,1
1,269,1
1,278,1
1,393,1
1,394,1
1,395,1
1,396,1
1,397,1
1,398,1
1,399,1
1,400,1
1,401,1
1,402,1
1,403,1
1,404,1
1,405,1
1,406,1
1,407,1
1,408,1
1,409,1
1,410,1
1,411,1
1,412,1
1,413,1
1,414,1
1,415,1
1,416,1
1,417,1
1,418,1
1,419,1
1,420,1
1,421,1
1,422,1
1,423,1
1,424,1
1,425,1
1,426,1
1,427,1
1,640,3
1,749,3
2,428,1
2,429,1
2,430,1
2,431,1
2,432,1
2,433,1
2,434,1
2,435,1
2,436,1
2,437,1
2,438,1
2,1339,3
2,1759,3
3,43,1
3,198,1
3,244,1
3,245,1
3,304,1
3,395,1
3,439,1
3,440,1
3,441,1
3,442,1
3,443,1
3,444,1
3,445,1
3,919,3
3,1853,3
4,25,1
4,43,3
4,106,1
4,121,1
4,272,1
4,414,1
4,429,1
4,446,1
4,447,1
4,448,1
4,449,1
4,450,1
4,451,1
4,452,1
4,453,1
4,454,1
4,455,1
4,456,1
4,457,1
4,458,1
4,459,1
4,460,1
4,461,1
4,462,1
4,463,1
4,464,1
4,465,1
4,466,1
4,467,1
4,468,1
4,469,1
4,470,1
4,471,1
4,472,1
4,473,1
4,474,1
4,475,1
4,476,1
4,477,1
4,478,1
4,479,1
4,480,1
4,481,1
4,482,1
4,483,1
4,484,1
4,485,1
4,486,1
4,487,1
4,488,1
4,489,1
4,490,1
4,491,1
4,492,1
4,493,1
4,554,3
4,919,3
4,1081,3
4,2002,3
5,33,1
5,191,1
5,193,1
5,194,1
5,195,1
5,357,3
5,494,1
5,495,1
5,496,1
5,497,1
5,498,1
5,499,1
5,500,1
5,501,1
5,502,1
5,503,1
5,504,1
5,505,1
5,506,1
5,507,1
5,508,1
5,509,1
5,510,1
5,511,1
5,512,1
5,513,1
5,514,1
5,515,1
5,516,1
5,517,1
5,518,1
5,519,1
5,520,1
5,521,1
5,522,1
5,523,1
5,524,1
5,525,1
5,526,1
5,527,1
5,528,1
5,529,1
5,530,1
5,531,1
5,1347,3
5,1466,3
5,1534,3
5,1829,3
6,8,1
6,9,1
6,11,1
6,21,1
6,22,1
6,28,1
6,29,1
6,33,1
6,61,1
6,103,1
6,104,1
6,108,1
6,112,1
6,158,1
6,164,1
6,175,1
6,177,1
6,186,1
6,187,1
6,188,1
6,189,1
6,195,1
6,196,1
6,197,1
6,201,1
6,205,1
6,206,1
6,207,1
6,208,1
6,209,1
6,235,1
6,236,1
6,237,1
6,240,1
6,241,1
6,242,1
6,243,1
6,249,1
6,256,1
6,280,1
6,284,1
6,285,1
6,289,1
6,292,1
6,293,1
6,294,1
6,295,1
6,346,1
6,397,1
6,401,1
6,407,1
6,409,1
6,432,1
6,441,1
6,464,1
6,510,1
6,512,1
6,513,1
6,515,1
6,517,1
6,518,1
6,519,1
6,521,1
6,523,1
6,524,1
6,527,1
6,529,1
6,532,1
6,533,1
6,534,1
6,535,1
6,536,1
6,537,1
6,538,1
6,539,1
6,540,1
6,541,1
6,542,1
6,543,1
6,544,1
6,545,1
6,546,1
6,547,1
6,548,1
6,549,1
6,550,1
6,551,1
6,552,1
6,553,1
6,554,1
6,555,1
6,556,1
6,557,1
6,558,1
6,559,1
6,560,1
6,561,1
6,562,1
6,563,1
6,564,1
6,565,1
6,566,1
6,567,1
6,568,1
6,569,1
6,570,1
6,571,1
6,572,1
6,573,1
6,574,1
6,575,1
6,576,1
6,577,1
6,578,1
6,579,1
6,580,1
6,581,1
6,582,1
6,583,1
6,584,1
6,585,1
6,586,1
6,587,1
6,588,1
6,589,1
6,590,1
6,591,1
6,592,1
6,593,1
6,594,1
6,595,1
6,596,1
6,597,1
6,598,1
6,599,1
6,600,1
6,601,1
6,602,1
6,603,1
6,604,1
6,605,1
6,606,1
6,607,1
6,608,1
6,609,1
6,610,1
6,611,1
6,612,1
6,613,1
6,614,1
6,615,1
6,616,1
6,617,1
6,618,1
6,619,1
6,620,1
6,621,1
6,622,1
6,623,1
6,624,1
6,625,1
6,626,1
6,627,1
6,628,1
6,629,1
6,630,1
6,631,1
6,632,1
6,633,1
6,634,1
6,635,1
6,636,1
6,637,1
6,638,1
6,639,1
6,640,1
6,641,1
6,642,1
6,643,1
6,644,1
6,645,1
6,646,1
6,647,1
6,648,1
6,649,1
6,650,1
6,651,1
6,652,1
6,653,1
6,654,1
6,655,1
6,656,1
6,657,1
6,658,1
6,659,1
6,660,1
6,661,1
6,662,1
6,663,1
6,664,1
6,665,1
6,666,1
6,667,1
6,668,1
6,669,1
6,670,1
6,671,1
6,672,1
6,673,1
6,674,1
6,675,1
6,676,1
6,677,1
6,678,1
6,679,1
6,680,1
6,681,1
6,682,1
6,683,1
6,684,1
6,685,1
6,686,1
6,687,1
6,688,1
6,689,1
6,690,1
6,691,1
6,692,1
6,693,1
6,694,1
6,695,1
6,696,1
6,697,1
6,698,1
6,699,1
6,700,1
6,701,1
6,702,1
6,703,1
6,704,1
6,705,1
6,706,1
6,707,1
6,708,1
6,709,1
6,710,1
6,711,1
6,712,1
6,713,1
6,714,1
6,715,1
6,716,1
6,717,1
6,718,1
6,719,1
6,720,1
6,721,1
6,722,1
6,723,1
6,724,1
6,725,1
6,726,1
6,727,1
6,728,1
6,729,1
6,730,1
6,731,1
7,12,1
7,21,1
7,25,1
7,30,1
7,44,1
7,51,1
7,52,1
7,54,1
7,55,1
7,56,1
7,60,1
7,61,1
7,66,1
7,67,1
7,68,1
7,69,1
7,77,1
7,79,1
7,80,1
7,84,1
7,95,1
7,96,1
7,97,1
7,102,1
7,104,1
7,107,1
7,112,1
7,114,1
7,116,1
7,120,1
7,127,1
7,145,1
7,152,1
7,153,1
7,155,1
7,158,1
7,167,1
7,169,1
7,177,1
7,180,1
7,182,1
7,185,1
7,186,1
7,187,1
7,188,1
7,191,1
7,194,1
7,201,1
7,203,1
7,206,1
7,207,1
7,209,1
7,213,1
7,215,1
7,216,1
7,223,1
7,227,1
7,230,1
7,231,1
7,234,1
7,243,1
7,244,1
7,245,1
7,249,1
7,250,1
7,256,1
7,257,1
7,260,1
7,264,1
7,265,1
7,266,1
7,269,1
7,270,1
7,279,1
7,286,1
7,300,1
7,301,1
7,303,1
7,385,1
7,391,1
7,401,1
7,407,1
7,411,1
7,421,1
7,457,1
7,458,1
7,460,1
7,479,1
7,488,1
7,489,1
7,530,1
7,536,1
7,560,1
7,561,1
7,562,1
7,597,1
7,599,1
7,600,1
7,602,1
7,608,1
7,612,1
7,614,1
7,617,1
7,622,1
7,631,1
7,633,1
7,637,1
7,638,1
7,639,1
7,643,1
7,645,1
7,675,1
7,677,1
7,678,1
7,679,1
7,680,1
7,709,1
7,710,1
7,711,1
7,712,1
7,714,1
7,715,1
7,716,1
7,722,1
7,723,1
7,724,1
7,725,1
7,729,1
7,732,1
7,733,1
7,734,1
7,735,1
7,736,1
7,737,1
7,738,1
7,739,1
7,740,1
7,741,1
7,742,1
7,743,1
7,744,1
7,745,1
7,746,1
7,747,1
7,748,1
7,749,1
7,750,1
7,751,1
7,752,1
7,753,1
7,754,1
7,755,1
7,756,1
7,757,1
7,758,1
7,759,1
7,760,1
7,761,1
7,762,1
7,763,1
7,764,1
7,765,1
7,766,1
7,767,1
7,768,1
7,769,1
7,770,1
7,771,1
7,772,1
7,773,1
7,774,1
7,775,1
7,776,1
7,777,1
7,778,1
7,779,1
7,780,1
7,781,1
7,782,1
7,783,1
7,784,1
7,785,1
7,786,1
7,787,1
7,788,1
7,789,1
7,790,1
7,791,1
7,792,1
7,793,1
7,794,1
7,795,1
7,796,1
7,797,1
7,798,1
7,799,1
7,800,1
7,801,1
7,802,1
7,803,1
7,804,1
7,805,1
7,806,1
7,807,1
7,808,1
7,809,1
7,810,1
7,811,1
7,812,1
7,813,1
7,814,1
7,815,1
7,816,1
7,817,1
7,818,1
7,819,1
7,820,1
7,821,1
7,822,1
7,823,1
7,824,1
7,825,1
7,826,1
7,827,1
7,828,1
7,829,1
7,830,1
7,831,1
7,832,1
7,833,1
7,834,1
7,835,1
7,836,1
7,837,1
7,838,1
7,839,1
7,840,1
7,841,1
7,842,1
7,843,1
7,844,1
7,845,1
7,846,1
7,847,1
7,848,1
7,849,1
7,850,1
7,851,1
7,852,1
7,853,1
7,854,1
7,855,1
7,856,1
7,857,1
7,858,1
7,859,1
7,860,1
7,861,1
7,862,1
7,863,1
7,864,1
7,865,1
7,866,1
7,867,1
7,868,1
7,869,1
7,870,1
7,871,1
7,872,1
7,873,1
7,874,1
7,875,1
7,876,1
7,877,1
7,878,1
7,879,1
7,880,1
7,881,1
7,882,1
7,883,1
7,884,1
7,885,1
7,886,1
7,887,1
7,888,1
7,889,1
7,891,1
7,892,1
7,893,1
7,894,1
7,895,1
7,896,1
7,897,1
7,898,1
7,899,1
7,900,1
7,901,1
7,902,1
7,903,1
7,904,1
7,905,1
7,906,1
7,907,1
7,908,1
7,910,1
7,911,1
7,912,1
7,913,1
7,914,1
7,915,1
7,916,1
7,926,1
7,927,1
7,928,1
7,929,1
7,930,1
7,931,1
7,932,1
7,933,1
7,934,1
7,935,1
7,936,1
7,937,1
7,938,1
7,939,1
7,940,1
7,941,1
7,942,1
7,943,1
7,944,1
7,945,1
7,946,1
7,947,1
7,948,1
7,949,1
7,950,1
7,951,1
7,952,1
7,953,1
7,954,1
7,955,1
7,956,1
7,957,1
7,958,1
7,959,1
7,960,1
7,961,1
7,962,1
7,963,1
7,964,1
7,965,1
7,966,1
7,967,1
7,968,1
7,969,1
7,970,1
7,971,1
7,972,1
7,973,1
7,974,1
7,975,1
7,976,1
7,977,1
7,978,1
7,979,1
7,980,1
7,981,1
7,982,1
7,983,1
7,984,1
7,985,1
7,986,1
7,987,1
7,988,1
7,989,1
7,990,1
7,991,1
7,992,1
7,993,1
7,994,1
7,995,1
7,996,1
7,997,1
7,998,1
7,999,1
7,1000,1
7,1001,1
7,1002,1
7,1003,1
7,1004,1
7,1005,1
7,1006,1
7,1007,1
7,1008,1
7,1009,1
7,1010,1
7,1011,1
7,1012,1
7,1013,1
7,1014,1
7,1015,1
7,1016,1
7,1017,1
7,1018,1
7,1019,1
7,1020,1
7,1021,1
7,1022,1
7,1023,1
7,1024,1
7,1025,1
7,1026,1
7,1027,1
7,1028,1
7,1029,1
7,1030,1
7,1031,1
7,1032,1
7,1057,3
8,346,3
8,1033,1
8,1034,1
9,13,1
9,28,1
9,36,1
9,41,1
9,48,1
9,82,1
9,88,1
9,92,1
9,98,1
9,99,1
9,105,1
9,110,1
9,112,1
9,117,1
9,118,1
9,119,1
9,122,1
9,149,1
9,153,1
9,161,1
9,163,1
9,177,1
9,178,3
9,180,1
9,234,1
9,239,1
9,266,1
9,268,1
9,285,1
9,304,1
9,340,1
9,391,1
9,398,1
9,440,1
9,441,1
9,442,1
9,447,1
9,457,1
9,472,1
9,504,1
9,515,1
9,522,1
9,544,1
9,548,1
9,550,1
9,561,1
9,562,1
9,570,1
9,573,1
9,599,1
9,601,1
9,621,1
9,631,1
9,693,1
9,695,1
9,719,1
9,730,1
9,734,1
9,744,1
9,758,1
9,782,1
9,802,1
9,803,1
9,808,1
9,810,1
9,862,1
9,863,1
9,885,1
9,888,1
9,889,1
9,891,1
9,910,1
9,928,1
9,943,1
9,953,1
9,997,1
9,1014,1
9,1023,1
9,1035,1
9,1036,1
9,1037,1
9,1038,1
9,1039,1
9,1040,1
9,1041,1
9,1042,1
9,1043,1
9,1044,1
9,1045,1
9,1046,1
9,1047,1
9,1048,1
9,1049,1
9,1050,1
9,1051,1
9,1052,1
9,1053,1
9,1054,1
9,1055,1
9,1056,1
9,1057,1
9,1058,1
9,1059,1
9,1060,1
9,1061,1
9,1062,1
9,1063,1
9,1064,1
9,1065,1
9,1066,1
9,1067,1
9,1068,1
9,1069,1
9,1070,1
9,1071,1
9,1072,1
9,1073,1
9,1074,1
9,1075,1
9,1076,1
9,1077,1
9,1078,1
9,1079,1
9,1080,1
9,1081,1
9,1082,1
9,1083,1
9,1084,1
9,1085,1
9,1086,1
9,1087,1
9,1088,1
9,1089,1
9,1090,1
9,1091,1
9,1092,1
9,1093,1
9,1094,1
9,1095,1
9,1096,1
9,1097,1
9,1098,1
9,1099,1
9,1100,1
9,1101,1
9,1102,1
9,1103,1
9,1104,1
9,1105,1
9,1106,1
9,1107,1
9,1108,1
9,1109,1
9,1110,1
9,1111,1
9,1112,1
9,1113,1
9,1114,1
9,1115,1
9,1116,1
9,1117,1
9,1118,1
9,1119,1
9,1120,1
9,1121,1
9,1122,1
9,1123,1
9,1124,1
9,1125,1
9,1126,1
9,1127,1
9,1128,1
9,1129,1
9,1130,1
9,1131,1
9,1132,1
9,1133,1
9,1134,1
9,1135,1
9,1136,1
9,1137,1
9,1138,1
9,1139,1
9,1140,1
9,1141,1
9,1142,1
9,1143,1
9,1144,1
9,1145,1
9,1146,1
9,1147,1
9,1148,1
9,1149,1
9,1150,1
9,1151,1
9,1152,1
9,1153,1
9,1154,1
9,1155,1
9,1156,1
9,1157,1
9,1158,1
9,1159,1
9,1160,1
9,1161,1
9,1162,1
9,1163,1
9,1164,1
9,1165,1
9,1166,1
9,1167,1
9,1168,1
9,1169,1
9,1170,1
9,1171,1
9,1172,1
9,1173,1
9,1174,1
9,1175,1
9,1176,1
9,1177,1
9,1178,1
9,1179,1
9,1180,1
9,1181,1
9,1182,1
9,1183,1
9,1184,1
9,1185,1
9,1186,1
9,1187,1
9,1188,1
9,1189,1
9,1190,1
9,1191,1
9,1192,1
9,1193,1
9,1194,1
9,1195,1
9,1196,1
9,1197,1
9,1198,1
9,1199,1
9,1200,1
9,1201,1
9,1202,1
9,1203,1
9,1204,1
9,1205,1
9,1206,1
9,1207,1
9,1208,1
9,1209,1
9,1210,1
9,1211,1
9,1212,1
9,1213,1
9,1214,1
9,1215,1
9,1216,1
9,1217,1
9,1218,1
9,1219,1
9,1220,1
9,1221,1
9,1222,1
9,1223,1
9,1224,1
9,1225,1
9,1226,1
9,1227,1
9,1228,1
9,1229,1
9,1230,1
9,1231,1
9,1232,1
9,1233,1
9,1234,1
9,1235,1
9,1236,1
9,1237,1
9,1238,1
9,1239,1
9,1240,1
9,1241,1
9,1242,1
9,1243,1
9,1244,1
9,1245,1
9,1246,1
9,1247,1
9,1248,1
9,1249,1
9,1250,1
9,1251,1
9,1252,1
9,1253,1
9,1254,1
9,1255,1
9,1256,1
9,1257,1
9,1258,1
9,1259,1
9,1260,1
9,1261,1
9,1262,1
9,1263,1
9,1264,1
9,1265,1
9,1266,1
9,1267,1
9,1268,1
9,1269,1
9,1270,1
9,1271,1
9,1272,1
9,1273,1
9,1274,1
9,1275,1
9,1276,1
9,1277,1
9,1278,1
9,1279,1
9,1280,1
9,1281,1
9,1282,1
9,1283,1
9,1284,1
9,1285,1
9,1286,1
9,1287,1
9,1288,1
9,1289,1
9,1290,1
9,1291,1
9,1292,1
9,1293,1
9,1294,1
9,1295,1
9,1296,1
9,1297,1
9,1298,1
9,1299,1
9,1300,1
9,1301,1
9,1302,1
9,1303,1
9,1304,1
9,1305,1
9,1306,1
9,1307,1
9,1308,1
9,1309,1
9,1310,1
9,1311,1
9,1312,1
9,1313,1
9,1314,1
9,1315,1
9,1316,1
9,1317,1
9,1318,1
9,1319,1
9,1320,1
9,1321,1
9,1322,1
9,1323,1
9,1324,1
9,1325,1
9,1326,1
9,1327,1
9,1328,1
9,1329,1
9,1330,1
9,1331,1
9,1332,1
9,1333,1
9,1334,1
9,1335,1
9,1336,1
9,1337,1
9,1338,1
9,1339,1
9,1340,1
9,1341,1
9,1342,1
9,1343,1
9,1344,1
9,1345,1
9,1346,1
9,1347,1
9,1348,1
9,1349,1
9,1350,1
9,1351,1
9,1352,1
9,1353,1
9,1354,1
9,1355,1
9,1356,1
9,1357,1
9,1358,1
9,1359,1
9,1360,1
9,1361,1
9,1362,1
9,1363,1
9,1364,1
9,1365,1
9,1366,1
9,1367,1
9,1368,1
9,1369,1
9,1370,1
9,1371,1
9,1372,1
9,1373,1
9,1374,1
9,1375,1
9,1376,1
9,1377,1
9,1378,1
9,1379,1
9,1380,1
9,1381,1
9,1382,1
9,1383,1
9,1384,1
9,1385,1
9,1386,1
9,1387,1
9,1458,3
10,8,1
10,15,1
10,19,1
10,20,1
10,52,1
10,62,1
10,65,1
10,87,1
10,96,1
10,106,1
10,112,1
10,115,1
10,129,1
10,134,1
10,143,1
10,148,1
10,181,1
10,190,1
10,226,1
10,241,1
10,242,1
10,243,1
10,245,1
10,304,1
10,307,1
10,308,1
10,319,1
10,320,1
10,322,1
10,327,1
10,346,1
10,348,1
10,350,1
10,352,1
10,353,1
10,355,1
10,356,1
10,357,1
10,360,1
10,362,1
10,363,1
10,364,1
10,366,1
10,367,1
10,368,1
10,371,1
10,374,1
10,479,1
10,480,1
10,481,1
10,534,1
10,546,1
10,549,1
10,550,1
10,553,1
10,615,1
10,616,1
10,635,1
10,636,1
10,638,1
10,639,1
10,671,1
10,780,1
10,788,1
10,789,1
10,791,1
10,814,1
10,847,1
10,859,1
10,860,1
10,861,1
10,880,1
10,888,1
10,889,1
10,898,1
10,997,1
10,1034,1
10,1115,1
10,1181,1
10,1287,3
10,1367,1
10,1388,1
10,1389,1
10,1390,1
10,1391,1
10,1392,1
10,1393,1
10,1394,1
10,1395,1
10,1396,1
10,1397,1
10,1398,1
10,1399,1
10,1400,1
10,1401,1
10,1402,1
10,1403,1
10,1404,1
10,1405,1
10,1406,1
10,1407,1
10,1408,1
10,1409,1
10,1410,1
10,1411,1
10,1412,1
10,1413,1
10,1414,1
10,1415,1
10,1416,1
10,1417,1
10,1418,1
10,1419,1
10,1420,1
10,1421,1
10,1422,1
10,1423,1
10,1424,1
10,1425,1
10,1426,1
10,1427,1
10,1428,1
10,1429,1
10,1430,1
10,1431,1
10,1432,1
10,1433,1
10,1434,1
10,1435,1
10,1436,1
10,1437,1
10,1438,1
10,1439,1
10,1440,1
10,1441,1
10,1442,1
10,1443,1
11,1,1
11,100,1
11,251,1
11,393,1
11,395,1
11,398,1
11,399,1
11,400,1
11,401,1
11,402,1
11,403,1
11,406,1
11,407,1
11,409,1
11,410,1
11,413,1
11,420,1
11,427,1
11,603,3
11,611,1
11,1271,1
11,1295,3
11,1444,1
11,1445,1
11,1446,1
11,1447,1
11,1448,1
11,1449,1
11,1450,1
11,1451,1
11,1452,1
12,156,1
12,267,1
12,400,1
12,406,1
12,422,1
12,425,1
12,683,1
12,952,1
12,1001,3
12,1053,1
12,1118,1
12,1304,1
12,1325,1
12,1385,1
12,1453,1
12,1454,1
12,1455,1
12,1456,1
12,1457,1
12,1458,1
12,1459,1
12,1460,1
12,1461,1
12,1462,1
12,1463,1
12,1464,1
12,1465,1
12,1466,1
1467,12,0
1468,12,0
1469,12,0
1470,12,0
3,13,0
13,22,3
29,13,0
46,13,0
127,13,0
457,13,0
574,13,0
577,13,0
578,13,0
579,13,0
867,13,0
869,13,0
871,13,0
1014,13,0
1036,13,0
1093,13,0
1144,13,0
13,1226,3
1315,13,0
1429,13,0
1471,13,0
1472,13,0
1473,13,0
1474,13,0
1475,13,0
1476,13,0
1477,13,0
1478,13,0
1479,13,0
1480,13,0
1481,13,0
1482,13,0
1483,13,0
1484,13,0
1485,13,0
1486,13,0
1487,13,0
1488,13,0
1489,13,0
1490,13,0
1491,13,0
1492,13,0
1493,13,0
1494,13,0
1495,13,0
1496,13,0
1497,13,0
1498,13,0
109,14,0
661,14,0
14,667,3
685,14,0
687,14,0
1230,14,0
1389,14,0
1390,14,0
1391,14,0
1392,14,0
1393,14,0
1499,14,0
1500,14,0
1501,14,0
1502,14,0
1503,14,0
1504,14,0
1505,14,0
1506,14,0
1507,14,0
1508,14,0
1509,14,0
1510,14,0
1511,14,0
1512,14,0
28,15,0
386,15,0
474,15,0
476,15,0
1280,15,0
15,1308,3
1417,15,0
1418,15,0
1419,15,0
15,1479,3
1513,15,0
1514,15,0
1515,15,0
1516,15,0
1517,15,0
1518,15,0
15,1557,3
15,1905,3
98,16,0
16,131,3
16,794,3
1398,16,0
16,1414,3
16,1869,3
27,17,0
28,17,0
38,17,0
50,17,0
90,17,0
111,17,0
113,17,0
133,17,0
145,17,0
183,17,0
185,17,0
186,17,0
187,17,0
189,17,0
199,17,0
200,17,0
201,17,0
219,17,0
220,17,0
221,17,0
225,17,0
240,17,0
251,17,0
266,17,0
275,17,0
287,17,0
288,17,0
289,17,0
290,17,0
293,17,0
294,17,0
295,17,0
296,17,0
297,17,0
303,17,0
383,17,0
393,17,0
396,17,0
401,17,0
407,17,0
411,17,0
420,17,0
505,17,0
507,17,0
508,17,0
532,17,0
533,17,0
535,17,0
536,17,0
544,17,0
548,17,0
583,17,0
584,17,0
585,17,0
591,17,0
592,17,0
593,17,0
595,17,0
597,17,0
598,17,0
600,17,0
601,17,0
604,17,0
611,17,0
617,17,0
622,17,0
628,17,0
629,17,0
636,17,0
637,17,0
638,17,0
652,17,0
662,17,0
665,17,0
675,17,0
676,17,0
677,17,0
679,17,0
680,17,0
688,17,0
733,17,0
734,17,0
735,17,0
737,17,0
798,17,0
824,17,0
837,17,0
841,17,0
886,17,0
890,17,0
909,17,0
929,17,0
930,17,0
931,17,0
932,17,0
946,17,0
954,17,0
969,17,0
1034,17,0
1058,17,0
1076,17,0
1077,17,0
1120,17,0
1144,17,0
1145,17,0
1174,17,0
1198,17,0
17,1436,3
1519,17,0
1520,17,0
1521,17,0
1522,17,0
1523,17,0
1524,17,0
1525,17,0
1526,17,0
1527,17,0
1528,17,0
1529,17,0
1530,17,0
1531,17,0
1532,17,0
1533,17,0
1534,17,0
1535,17,0
1536,17,0
1537,17,0
1538,17,0
1539,17,0
1540,17,0
1541,17,0
1542,17,0
1543,17,0
1544,17,0
1545,17,0
1546,17,0
1547,17,0
1548,17,0
1549,17,0
1550,17,0
1551,17,0
1552,17,0
1553,17,0
1554,17,0
1555,17,0
1556,17,0
1557,17,0
1558,17,0
1559,17,0
1560,17,0
1561,17,0
1562,17,0
1563,17,0
1564,17,0
1565,17,0
1566,17,0
1567,17,0
1568,17,0
1569,17,0
18,475,3
18,1072,3
1570,18,0
1571,18,0
1406,19,0
2,20,0
11,20,0
14,20,0
16,20,0
29,20,0
63,20,0
64,20,0
98,20,0
130,20,0
134,20,0
138,20,0
141,20,0
165,20,0
172,20,0
174,20,0
175,20,0
177,20,0
203,20,0
270,20,0
273,20,0
274,20,0
306,20,0
307,20,0
319,20,0
321,20,0
322,20,0
326,20,0
328,20,0
338,20,0
347,20,0
348,20,0
350,20,0
353,20,0
354,20,0
355,20,0
356,20,0
358,20,0
359,20,0
360,20,0
361,20,0
363,20,0
364,20,0
368,20,0
371,20,0
374,20,0
385,20,0
420,20,0
421,20,0
422,20,0
423,20,0
434,20,0
437,20,0
441,20,0
445,20,0
456,20,0
475,20,0
506,20,0
507,20,0
508,20,0
527,20,0
530,20,0
539,20,0
548,20,0
555,20,0
556,20,0
559,20,0
560,20,0
561,20,0
562,20,0
580,20,0
628,20,0
631,20,0
633,20,0
645,20,0
656,20,0
20,735,3
788,20,0
796,20,0
820,20,0
827,20,0
837,20,0
888,20,0
889,20,0
891,20,0
914,20,0
999,20,0
1014,20,0
1033,20,0
20,1036,3
1040,20,0
1060,20,0
1064,20,0
1067,20,0
1072,20,0
1078,20,0
1088,20,0
1107,20,0
1125,20,0
1134,20,0
1144,20,0
1145,20,0
1168,20,0
1186,20,0
1197,20,0
1198,20,0
1225,20,0
1231,20,0
1238,20,0
1290,20,0
1299,20,0
1366,20,0
1378,20,0
1380,20,0
1394,20,0
1396,20,0
1397,20,0
1398,20,0
1399,20,0
1401,20,0
1403,20,0
1404,20,0
1407,20,0
1418,20,0
1419,20,0
1443,20,0
1516,20,0
1517,20,0
1520,20,0
1537,20,0
1552,20,0
20,1559,3
1572,20,0
1573,20,0
1574,20,0
1575,20,0
1576,20,0
1577,20,0
1578,20,0
1579,20,0
1580,20,0
1581,20,0
1582,20,0
1583,20,0
1584,20,0
1585,20,0
1586,20,0
1587,20,0
1588,20,0
1589,20,0
1590,20,0
1591,20,0
1592,20,0
1593,20,0
1594,20,0
1595,20,0
1596,20,0
1597,20,0
1598,20,0
1599,20,0
1600,20,0
1601,20,0
1602,20,0
1603,20,0
1604,20,0
1605,20,0
1606,20,0
1607,20,0
1608,20,0
1609,20,0
1610,20,0
1611,20,0
1612,20,0
1613,20,0
1614,20,0
1615,20,0
1616,20,0
1617,20,0
1618,20,0
1619,20,0
1620,20,0
1621,20,0
1622,20,0
1623,20,0
1624,20,0
1625,20,0
1626,20,0
1627,20,0
1628,20,0
1629,20,0
1630,20,0
1631,20,0
1632,20,0
1633,20,0
1634,20,0
1635,20,0
1636,20,0
1637,20,0
1638,20,0
1639,20,0
1640,20,0
1641,20,0
1642,20,0
1643,20,0
1644,20,0
1645,20,0
1646,20,0
1647,20,0
1648,20,0
1649,20,0
1650,20,0
1651,20,0
1652,20,0
1653,20,0
1654,20,0
1655,20,0
1656,20,0
1657,20,0
1658,20,0
1659,20,0
1660,20,0
1661,20,0
1662,20,0
1663,20,0
1664,20,0
1665,20,0
1666,20,0
1667,20,0
1668,20,0
1669,20,0
1670,20,0
1671,20,0
1672,20,0
1673,20,0
1674,20,0
1675,20,0
1676,20,0
1677,20,0
1678,20,0
1679,20,0
1680,20,0
1681,20,0
1682,20,0
1683,20,0
1684,20,0
1685,20,0
1686,20,0
1687,20,0
1688,20,0
1689,20,0
1690,20,0
1691,20,0
1692,20,0
1693,20,0
1694,20,0
1695,20,0
1696,20,0
1697,20,0
1698,20,0
1699,20,0
624,21,0
21,634,3
708,21,0
709,21,0
710,21,0
711,21,0
713,21,0
714,21,0
715,21,0
716,21,0
21,2109,3
21,2189,3
21,22,0
498,22,0
500,22,0
501,22,0
502,22,0
552,22,0
566,22,0
567,22,0
569,22,0
612,22,0
624,22,0
709,22,0
710,22,0
713,22,0
714,22,0
715,22,0
716,22,0
22,1179,3
1700,22,0
1701,22,0
1702,22,0
1703,23,0
1704,23,0
1705,23,0
1706,23,0
1707,23,0
24,114,3
890,24,0
909,24,0
50,25,0
395,25,0
398,25,0
399,25,0
401,25,0
403,25,0
404,25,0
405,25,0
406,25,0
407,25,0
409,25,0
410,25,0
412,25,0
413,25,0
418,25,0
427,25,0
575,25,0
812,25,0
813,25,0
25,875,3
25,1323,3
1417,25,0
1418,25,0
1419,25,0
1423,25,0
1445,25,0
1449,25,0
1708,25,0
1709,25,0
1710,25,0
1711,25,0
217,26,0
219,26,0
220,26,0
221,26,0
222,26,0
522,26,0
526,26,0
527,26,0
528,26,0
1455,26,0
1463,26,0
1712,26,0
1713,26,0
1714,26,0
1715,26,0
1716,26,0
1717,26,0
1718,26,0
1719,26,0
27,538,3
27,1049,3
1564,27,0
27,1909,3
27,2159,3
270,28,0
28,372,3
383,28,0
386,28,0
28,584,3
646,28,0
656,28,0
811,28,0
916,28,0
1033,28,0
1288,28,0
1417,28,0
1420,28,0
1423,28,0
28,1550,3
1575,28,0
1622,28,0
1720,28,0
1721,28,0
1722,28,0
1723,28,0
1724,28,0
1725,28,0
270,29,0
383,29,0
915,29,0
916,29,0
1418,29,0
1419,29,0
1423,29,0
1516,29,0
29,1988,3
965,30,0
1026,30,0
1027,30,0
1028,30,0
1030,30,0
30,1975,3
31,84,3
31,1467,3
1726,31,0
1727,31,0
31,1814,3
14,32,0
24,32,0
29,32,0
52,32,0
65,32,0
133,32,0
412,32,0
796,32,0
797,32,0
887,32,0
1280,32,0
1417,32,0
1418,32,0
1419,32,0
1420,32,0
1452,32,0
1675,32,0
1728,32,0
1729,32,0
1730,32,0
1731,32,0
1732,32,0
1733,32,0
1734,32,0
1735,32,0
1736,32,0
1737,32,0
1738,32,0
1739,32,0
1740,32,0
158,33,0
164,33,0
175,33,0
190,33,0
195,33,0
196,33,0
197,33,0
217,33,0
218,33,0
219,33,0
221,33,0
222,33,0
237,33,0
239,33,0
241,33,0
242,33,0
243,33,0
249,33,0
275,33,0
276,33,0
277,33,0
280,33,0
288,33,0
289,33,0
290,33,0
292,33,0
293,33,0
294,33,0
295,33,0
296,33,0
297,33,0
390,33,0
516,33,0
517,33,0
518,33,0
520,33,0
521,33,0
524,33,0
527,33,0
528,33,0
532,33,0
533,33,0
544,33,0
552,33,0
556,33,0
557,33,0
558,33,0
575,33,0
611,33,0
617,33,0
619,33,0
620,33,0
628,33,0
647,33,0
648,33,0
649,33,0
650,33,0
651,33,0
677,33,0
678,33,0
682,33,0
683,33,0
694,33,0
695,33,0
696,33,0
698,33,0
699,33,0
701,33,0
702,33,0
703,33,0
727,33,0
728,33,0
1280,33,0
33,1498,3
1541,33,0
1544,33,0
1547,33,0
1566,33,0
1741,33,0
1742,33,0
190,34,0
217,34,0
218,34,0
219,34,0
220,34,0
222,34,0
243,34,0
277,34,0
280,34,0
281,34,0
284,34,0
285,34,0
389,34,0
518,34,0
519,34,0
522,34,0
523,34,0
526,34,0
527,34,0
529,34,0
552,34,0
620,34,0
682,34,0
683,34,0
698,34,0
699,34,0
700,34,0
701,34,0
702,34,0
717,34,0
1280,34,0
34,2017,3
35,378,3
972,35,0
974,35,0
975,35,0
977,35,0
980,35,0
1743,35,0
35,2057,3
65,36,0
36,326,3
36,376,3
446,36,0
36,576,3
672,36,0
915,36,0
916,36,0
36,1069,3
1323,36,0
1324,36,0
1422,36,0
1744,36,0
1745,36,0
1746,36,0
412,37,0
413,37,0
37,862,3
1747,37,0
1748,37,0
134,38,0
183,38,0
184,38,0
223,38,0
246,38,0
250,38,0
263,38,0
264,38,0
267,38,0
424,38,0
900,38,0
38,1041,3
1075,38,0
1364,38,0
1388,38,0
1402,38,0
1425,38,0
1426,38,0
1538,38,0
1573,38,0
1633,38,0
1686,38,0
1728,38,0
1749,38,0
1750,38,0
1751,38,0
1752,38,0
1753,38,0
1754,38,0
1755,38,0
1756,38,0
1757,38,0
1758,38,0
1759,38,0
1760,38,0
1761,38,0
1762,38,0
1763,38,0
1764,38,0
1765,38,0
1766,38,0
1767,38,0
1768,38,0
1769,38,0
1770,38,0
456,39,0
457,39,0
39,1037,3
39,1557,3
39,1749,3
42,40,0
157,40,0
199,40,0
200,40,0
956,40,0
1119,40,0
1557,40,0
1570,40,0
1571,40,0
1771,40,0
1772,40,0
1773,40,0
1774,40,0
1775,40,0
1776,40,0
1777,40,0
29,41,0
41,1483,3
1513,41,0
1514,41,0
1516,41,0
1587,41,0
733,42,0
735,42,0
42,876,3
42,1537,3
198,43,0
211,43,0
212,43,0
244,43,0
245,43,0
393,43,0
460,43,0
1078,43,0
1778,43,0
1779,43,0
43,1941,3
135,44,0
44,247,3
753,44,0
754,44,0
755,44,0
756,44,0
759,44,0
821,44,0
822,44,0
829,44,0
831,44,0
840,44,0
914,44,0
1280,44,0
1395,44,0
44,1463,3
1724,44,0
1780,44,0
1781,44,0
1782,44,0
1783,44,0
1784,44,0
663,45,0
717,45,0
45,2009,3
186,46,0
46,703,3
1495,46,0
1496,46,0
47,136,3
47,826,3
1788,47,0
1789,47,0
346,48,0
48,606,3
616,48,0
48,767,3
1345,48,0
1790,48,0
1791,48,0
1304,49,0
1460,49,0
1796,49,0
1797,49,0
841,50,0
753,51,0
754,51,0
756,51,0
914,51,0
51,1959,3
20,52,0
185,52,0
187,52,0
189,52,0
270,52,0
386,52,0
467,52,0
562,52,0
563,52,0
52,573,3
915,52,0
916,52,0
1082,52,0
1417,52,0
1443,52,0
1645,52,0
52,2129,3
54,53,0
912,53,0
926,53,0
936,53,0
941,53,0
942,53,0
1015,53,0
1016,53,0
1471,53,0
53,1730,3
1847,53,0
912,54,0
936,54,0
941,54,0
942,54,0
1016,54,0
54,1592,3
54,1964,3
670,55,0
729,55,0
874,55,0
56,74,3
873,56,0
875,56,0
940,56,0
952,56,0
994,56,0
56,1253,3
56,2111,3
57,868,3
873,57,0
897,57,0
994,57,0
934,58,0
935,58,0
58,1000,3
1011,58,0
1013,58,0
58,1178,3
58,1548,3
58,1580,3
1848,58,0
59,175,3
430,59,0
431,59,0
438,59,0
59,910,3
1849,59,0
1850,59,0
1851,59,0
1852,59,0
1853,59,0
1854,59,0
1855,59,0
226,60,0
227,60,0
228,60,0
60,559,3
572,60,0
60,584,3
887,60,0
1856,60,0
60,2189,3
146,61,0
185,61,0
187,61,0
189,61,0
225,61,0
240,61,0
451,61,0
536,61,0
774,61,0
776,61,0
777,61,0
778,61,0
1513,61,0
1514,61,0
1553,61,0
1563,61,0
1564,61,0
1565,61,0
1587,61,0
1731,61,0
1802,61,0
1857,61,0
1858,61,0
1859,61,0
1860,61,0
1861,61,0
1862,61,0
1863,61,0
1864,61,0
1865,61,0
1866,61,0
561,62,0
633,62,0
780,62,0
98,63,0
63,518,3
938,63,0
939,63,0
63,950,3
954,63,0
972,63,0
975,63,0
976,63,0
977,63,0
978,63,0
980,63,0
981,63,0
1020,63,0
1021,63,0
1022,63,0
1181,63,0
1367,63,0
1368,63,0
1433,63,0
1434,63,0
1438,63,0
1439,63,0
1440,63,0
63,1558,3
63,1813,3
1867,63,0
1868,63,0
1869,63,0
43,64,0
780,64,0
781,64,0
1394,64,0
1396,64,0
1397,64,0
1400,64,0
1401,64,0
1870,64,0
217,65,0
218,65,0
219,65,0
220,65,0
221,65,0
222,65,0
65,780,3
916,65,0
1423,65,0
1532,65,0
1533,65,0
1871,65,0
66,108,3
66,452,3
740,66,0
741,66,0
742,66,0
744,66,0
745,66,0
746,66,0
877,66,0
878,66,0
882,66,0
1724,66,0
66,1834,3
1872,66,0
1873,66,0
1874,66,0
1875,66,0
901,67,0
903,67,0
825,68,0
826,68,0
191,69,0
194,69,0
458,69,0
460,69,0
69,639,3
752,69,0
833,69,0
865,69,0
866,69,0
69,948,3
560,70,0
631,70,0
1556,70,0
28,71,0
383,71,0
862,71,0
885,71,0
71,1388,3
1417,71,0
1418,71,0
1741,71,0
1742,71,0
72,457,3
944,72,0
1003,72,0
1204,72,0
72,1681,3
1876,72,0
1877,72,0
1878,72,0
1879,72,0
1880,72,0
72,1894,3
234,73,0
391,73,0
392,73,0
73,398,3
1395,73,0
141,74,0
74,469,3
1881,74,0
1882,74,0
74,2109,3
1883,75,0
1884,75,0
1885,75,0
1886,75,0
1887,75,0
75,1944,3
191,76,0
192,76,0
193,76,0
194,76,0
833,76,0
865,76,0
230,77,0
790,77,0
828,77,0
898,77,0
77,966,3
77,1087,3
77,1575,3
230,78,0
231,78,0
78,690,3
789,78,0
790,78,0
791,78,0
898,78,0
205,79,0
208,79,0
209,79,0
798,79,0
800,79,0
802,79,0
812,80,0
813,80,0
814,80,0
80,1616,3
149,81,0
81,333,3
904,81,0
81,1107,3
1221,81,0
1373,81,0
1513,81,0
1529,81,0
1530,81,0
1778,81,0
1779,81,0
1859,81,0
1860,81,0
1861,81,0
1863,81,0
1864,81,0
1865,81,0
1866,81,0
1888,81,0
1889,81,0
1890,81,0
1891,81,0
1892,81,0
1893,81,0
1894,81,0
1895,81,0
1896,81,0
1897,81,0
1898,81,0
1899,81,0
1900,81,0
1901,81,0
1902,81,0
1903,81,0
1904,81,0
1905,81,0
1906,81,0
1907,81,0
1908,81,0
1909,81,0
1910,81,0
1911,81,0
1912,81,0
1913,81,0
1914,81,0
1915,81,0
565,82,0
1069,82,0
1916,82,0
82,2126,3
183,83,0
211,83,0
212,83,0
252,83,0
580,83,0
581,83,0
631,83,0
1111,83,0
1639,83,0
1734,83,0
1735,83,0
1754,83,0
1916,83,0
1917,83,0
1918,83,0
1919,83,0
1920,83,0
1921,83,0
1922,83,0
1923,83,0
1924,83,0
1925,83,0
1926,83,0
1927,83,0
1928,83,0
84,93,3
84,167,3
84,1101,3
85,351,3
85,1587,3
1929,85,0
13,86,0
86,108,3
86,268,3
86,456,3
86,740,3
86,947,3
1930,86,0
217,87,0
218,87,0
220,87,0
221,87,0
87,728,3
1519,87,0
1532,87,0
1533,87,0
87,1751,3
88,306,3
88,708,3
88,777,3
1040,88,0
1101,88,0
88,1209,3
88,1716,3
89,374,3
89,663,3
89,1207,3
1931,89,0
1932,89,0
1933,89,0
1934,89,0
1521,90,0
1522,90,0
1523,90,0
90,2091,3
213,91,0
91,535,3
91,541,3
91,769,3
1043,92,0
92,1284,3
1935,92,0
1936,92,0
763,93,0
764,93,0
93,1073,3
93,1893,3
765,94,0
94,996,3
94,1421,3
94,1750,3
94,1824,3
782,95,0
783,95,0
785,95,0
786,95,0
787,95,0
858,96,0
859,96,0
860,96,0
861,96,0
1024,96,0
97,250,3
97,725,3
858,97,0
860,97,0
1024,97,0
97,1520,3
8,98,0
181,98,0
182,98,0
98,190,3
98,311,3
1109,98,0
1245,98,0
1356,98,0
1442,98,0
1621,98,0
1950,98,0
1951,98,0
1952,98,0
1953,98,0
1954,98,0
99,1045,3
100,270,3
272,100,0
837,101,0
1955,101,0
1956,101,0
1957,101,0
102,762,3
843,102,0
844,102,0
845,102,0
846,102,0
1734,102,0
1735,102,0
1958,102,0
1959,102,0
1960,102,0
11,103,0
397,103,0
401,103,0
103,935,3
1165,103,0
103,1345,3
1452,103,0
607,104,0
723,104,0
724,104,0
725,104,0
104,759,3
104,2015,3
607,105,0
725,105,0
105,1637,3
105,1645,3
469,106,0
480,106,0
482,106,0
1129,106,0
1604,106,0
1803,106,0
1826,106,0
1961,106,0
1962,106,0
1963,106,0
1964,106,0
1965,106,0
1966,106,0
1967,106,0
1968,106,0
1969,106,0
1970,106,0
1971,106,0
107,299,3
107,312,3
107,553,3
818,107,0
819,107,0
107,872,3
107,1948,3
108,2028,3
109,667,3
685,109,0
686,109,0
687,109,0
109,948,3
109,1005,3
1230,109,0
109,1437,3
1506,109,0
1507,109,0
109,1825,3
110,392,3
110,743,3
1972,110,0
1973,110,0
300,111,0
301,111,0
111,432,3
877,111,0
635,112,0
637,112,0
638,112,0
640,112,0
642,112,0
643,112,0
665,112,0
112,710,3
112,1188,3
29,114,0
202,114,0
250,114,0
492,114,0
732,114,0
862,114,0
1416,114,0
114,1427,3
1975,114,0
1976,114,0
1977,114,0
1978,114,0
1979,114,0
1980,114,0
1981,114,0
1982,114,0
1983,114,0
28,115,0
270,115,0
561,115,0
1421,115,0
961,116,0
963,116,0
117,854,3
117,1250,3
1984,117,0
1985,117,0
1986,117,0
1987,117,0
1471,118,0
1235,119,0
1236,119,0
1988,119,0
1989,119,0
1990,119,0
1991,119,0
1992,119,0
1993,119,0
985,120,0
988,120,0
989,120,0
120,1359,3
470,121,0
484,121,0
485,121,0
487,121,0
621,121,0
121,1226,3
122,399,3
1996,122,0
11,123,0
25,123,0
100,123,0
103,123,0
420,123,0
780,123,0
781,123,0
183,124,0
184,124,0
124,627,3
124,1397,3
124,2015,3
116,125,0
421,125,0
750,125,0
751,125,0
126,545,3
847,126,0
956,126,0
2016,126,0
2017,126,0
2018,126,0
127,961,3
1023,127,0
2019,127,0
128,1263,3
128,1877,3
2020,128,0
2021,128,0
2022,128,0
2023,128,0
2024,128,0
2025,128,0
2026,128,0
106,129,0
469,129,0
479,129,0
480,129,0
481,129,0
1401,129,0
1755,129,0
2027,129,0
2028,129,0
2029,129,0
131,472,3
131,1771,3
2030,131,0
2031,131,0
1942,132,0
1946,132,0
2032,132,0
2033,132,0
235,133,0
237,133,0
238,133,0
479,133,0
480,133,0
481,133,0
133,801,3
133,1232,3
133,1297,3
1429,133,0
180,134,0
181,134,0
182,134,0
226,134,0
227,134,0
228,134,0
371,134,0
134,832,3
226,135,0
228,135,0
1780,135,0
2037,135,0
2038,135,0
2039,135,0
2040,135,0
2041,135,0
2042,135,0
2043,135,0
2044,135,0
2045,135,0
412,136,0
413,136,0
136,1384,3
136,1465,3
136,1760,3
137,506,3
137,1662,3
2046,137,0
2047,137,0
138,1241,3
139,650,3
139,921,3
1358,139,0
2049,139,0
8,140,0
140,420,3
479,140,0
481,140,0
140,883,3
140,1171,3
140,1203,3
2050,140,0
2051,140,0
2052,140,0
141,1043,3
141,1477,3
142,870,3
142,922,3
1216,142,0
140,143,0
469,143,0
481,143,0
781,143,0
143,878,3
916,143,0
1417,143,0
1643,143,0
50,144,0
387,144,0
451,144,0
479,144,0
480,144,0
1395,144,0
144,1822,3
1870,144,0
2057,144,0
2058,144,0
688,145,0
689,145,0
737,145,0
969,145,0
970,145,0
145,1066,3
146,449,3
1101,146,0
1587,146,0
1802,146,0
1857,146,0
1858,146,0
1859,146,0
1860,146,0
1861,146,0
1862,146,0
1863,146,0
1866,146,0
146,1886,3
147,212,3
147,1555,3
781,148,0
1332,148,0
2072,148,0
955,149,0
2073,149,0
2074,149,0
150,1375,3
150,1593,3
1657,150,0
150,1705,3
2081,150,0
2082,150,0
2083,150,0
151,368,3
151,449,3
2093,151,0
2094,151,0
9,152,0
202,152,0
203,152,0
204,152,0
474,152,0
475,152,0
489,152,0
646,152,0
152,698,3
847,152,0
1425,152,0
1426,152,0
1538,152,0
1588,152,0
1662,152,0
1682,152,0
1768,152,0
1769,152,0
152,1994,3
2084,152,0
2095,152,0
2096,152,0
2097,152,0
2098,152,0
2099,152,0
2100,152,0
2101,152,0
2102,152,0
2103,152,0
2104,152,0
2105,152,0
2106,152,0
1,153,0
8,153,0
61,153,0
106,153,0
123,153,0
129,153,0
271,153,0
396,153,0
402,153,0
457,153,0
481,153,0
153,537,3
153,591,3
653,153,0
780,153,0
781,153,0
153,796,3
1034,153,0
153,1053,3
1217,153,0
153,1375,3
1557,153,0
2003,153,0
2150,153,0
2151,153,0
2152,153,0
2153,153,0
1265,154,0
1266,154,0
154,2017,3
154,2038,3
2158,154,0
2159,154,0
2160,154,0
2161,154,0
948,155,0
949,155,0
1025,155,0
155,1551,3
6,156,0
9,156,0
103,156,0
185,156,0
186,156,0
187,156,0
188,156,0
189,156,0
201,156,0
224,156,0
225,156,0
240,156,0
401,156,0
405,156,0
441,156,0
506,156,0
508,156,0
539,156,0
553,156,0
554,156,0
561,156,0
562,156,0
565,156,0
570,156,0
599,156,0
601,156,0
602,156,0
603,156,0
615,156,0
616,156,0
633,156,0
652,156,0
671,156,0
731,156,0
767,156,0
768,156,0
769,156,0
770,156,0
771,156,0
775,156,0
777,156,0
778,156,0
779,156,0
781,156,0
967,156,0
1115,156,0
1181,156,0
1182,156,0
1325,156,0
1367,156,0
1368,156,0
1385,156,0
1433,156,0
1435,156,0
1437,156,0
1438,156,0
1439,156,0
1440,156,0
1455,156,0
1463,156,0
1466,156,0
1586,156,0
1598,156,0
1718,156,0
1800,156,0
1867,156,0
1868,156,0
1923,156,0
1982,156,0
2034,156,0
156,2121,3
2166,156,0
2167,156,0
2168,156,0
2169,156,0
2170,156,0
2171,156,0
2172,156,0
2173,156,0
2174,156,0
2175,156,0
2176,156,0
2177,156,0
2178,156,0
201,158,0
532,158,0
556,158,0
557,158,0
558,158,0
835,158,0
946,158,0
158,1875,3
159,697,3
1831,159,0
2179,159,0
2180,159,0
2181,159,0
2182,159,0
2183,159,0
2184,159,0
2185,159,0
2186,159,0
2187,159,0
160,199,3
1524,160,0
160,1606,3
2188,160,0
2189,160,0
2190,160,0
161,632,3
161,1174,3
162,202,3
510,162,0
513,162,0
162,1007,3
162,2181,3
2191,162,0
2192,162,0
1462,163,0
1469,163,0
647,164,0
648,164,0
649,164,0
651,164,0
165,857,3
165,936,3
165,1118,3
2193,165,0
267,166,0
166,1126,3
166,1353,3
166,1605,3
2194,166,0
945,167,0
167,978,3
1008,167,0
1009,167,0
167,1960,3
82,168,0
827,168,0
1118,168,0
1732,168,0
1733,168,0
2053,168,0
2054,168,0
2055,168,0
2195,168,0
2196,168,0
2197,168,0
2198,168,0
1004,169,0
1006,169,0
170,732,3
1086,170,0
1346,170,0
1896,170,0
2199,170,0
226,171,0
171,404,3
958,171,0
171,2071,3
2200,171,0
172,876,3
1496,172,0
2201,172,0
173,640,3
173,716,3
173,814,3
173,1126,3
173,1818,3
2147,173,0
2202,173,0
705,174,0
2056,174,0
2203,174,0
2204,174,0
175,576,3
176,249,3
176,367,3
176,1856,3
177,834,3
177,1738,3
178,1916,3
180,2152,3
181,1701,3
182,868,3
182,1018,3
185,1895,3
186,1880,3
186,2005,3
187,997,3
188,1979,3
189,1127,3
189,1158,3
191,968,3
191,1749,3
192,415,3
192,457,3
192,739,3
192,881,3
193,974,3
194,486,3
195,196,3
195,350,3
195,710,3
196,408,3
196,1925,3
197,254,3
197,842,3
198,758,3
198,982,3
198,1075,3
198,1542,3
199,551,3
199,1407,3
200,802,3
200,1003,3
201,725,3
203,513,3
203,2133,3
205,1515,3
205,1670,3
206,500,3
206,792,3
206,982,3
206,1585,3
207,2106,3
208,575,3
208,1443,3
209,541,3
209,758,3
209,1006,3
210,2149,3
212,222,3
212,948,3
213,670,3
213,864,3
213,1677,3
215,459,3
215,828,3
215,1012,3
217,625,3
218,1161,3
220,359,3
220,1257,3
221,343,3
221,744,3
221,922,3
221,1557,3
221,1630,3
222,476,3
222,578,3
222,1025,3
223,1654,3
224,1039,3
224,2192,3
225,1861,3
226,1362,3
231,878,3
231,1207,3
232,999,3
232,1890,3
232,1977,3
235,1732,3
237,1595,3
237,1670,3
238,580,3
238,1651,3
238,2190,3
240,1030,3
243,536,3
243,667,3
243,2006,3
244,663,3
245,1045,3
246,2012,3
248,1245,3
249,1189,3
250,1255,3
251,1129,3
251,1468,3
252,843,3
252,988,3
252,1050,3
254,439,3
254,1223,3
254,2073,3
255,1232,3
256,1002,3
256,1026,3
257,262,3
257,312,3
257,1983,3
257,2037,3
258,713,3
258,1669,3
258,1688,3
259,1521,3
261,1791,3
261,2180,3
262,1292,3
262,1325,3
262,2056,3
264,346,3
264,1839,3
265,2123,3
267,474,3
267,726,3
268,385,3
268,972,3
269,1122,3
269,1507,3
269,1832,3
270,445,3
270,551,3
270,1167,3
272,669,3
272,2014,3
274,376,3
275,2169,3
276,342,3
276,1626,3
278,1629,3
278,1941,3
279,699,3
279,1625,3
279,1696,3
279,2110,3
280,322,3
280,830,3
281,945,3
281,1644,3
282,484,3
282,783,3
282,910,3
283,358,3
283,670,3
283,2042,3
283,2133,3
284,988,3
284,2181,3
286,1665,3
287,718,3
287,727,3
288,1466,3
294,428,3
294,1211,3
296,1971,3
297,306,3
298,570,3
299,498,3
300,2120,3
301,677,3
302,1185,3
303,2101,3
304,1135,3
305,1025,3
306,775,3
306,2125,3
307,1695,3
308,346,3
308,642,3
309,1543,3
310,1487,3
312,1174,3
312,1805,3
312,1870,3
312,2184,3
313,374,3
313,1090,3
314,318,3
314,1868,3
314,1936,3
315,739,3
315,1086,3
315,1462,3
316,1047,3
318,1114,3
319,1248,3
319,1842,3
319,2081,3
320,361,3
320,1670,3
320,2168,3
321,870,3
321,1487,3
321,2173,3
322,1733,3
324,648,3
325,1145,3
325,1277,3
325,2079,3
325,2113,3
327,521,3
328,1501,3
328,1717,3
329,754,3
329,801,3
329,1085,3
329,1141,3
329,1454,3
329,1935,3
330,986,3
332,2197,3
333,919,3
334,636,3
334,1666,3
335,1667,3
335,1689,3
336,650,3
336,1177,3
337,1690,3
339,682,3
339,917,3
339,2148,3
340,1350,3
341,1371,3
342,650,3
344,443,3
344,1112,3
345,1500,3
346,657,3
346,1819,3
347,1710,3
348,960,3
350,1079,3
350,1832,3
351,1278,3
352,590,3
352,1480,3
352,1602,3
353,681,3
355,2086,3
356,377,3
356,617,3
356,760,3
357,918,3
357,1050,3
357,1735,3
358,1056,3
358,1351,3
359,1258,3
359,2009,3
360,1491,3
360,1752,3
363,1099,3
366,547,3
366,2106,3
367,2007,3
367,2062,3
368,1552,3
370,2007,3
371,1310,3
372,1174,3
373,1295,3
373,1889,3
375,497,3
375,1923,3
376,985,3
376,1347,3
376,1657,3
376,2202,3
377,1443,3
377,1652,3
378,760,3
378,1998,3
379,665,3
379,2154,3
380,682,3
380,1435,3
380,1709,3
382,2109,3
384,392,3
384,1666,3
384,1776,3
385,1755,3
392,470,3
394,721,3
394,1965,3
396,1020,3
397,987,3
397,1081,3
397,1895,3
398,779,3
399,1171,3
401,1478,3
402,546,3
402,2124,3
403,1528,3
403,2156,3
406,478,3
406,722,3
408,1695,3
409,889,3
409,1298,3
410,700,3
411,633,3
411,1131,3
413,1844,3
414,2146,3
415,1354,3
416,754,3
416,2190,3
417,1623,3
417,1778,3
417,1998,3
419,713,3
422,1940,3
423,1617,3
423,1783,3
423,1815,3
424,1491,3
426,1267,3
427,855,3
427,1802,3
428,1062,3
428,1260,3
429,2042,3
430,1146,3
430,1361,3
431,2070,3
432,565,3
433,912,3
434,1432,3
435,1547,3
437,1750,3
437,2109,3
438,629,3
440,870,3
440,1992,3
442,1401,3
442,1434,3
442,2174,3
445,1443,3
446,753,3
447,1731,3
448,1854,3
448,2118,3
449,555,3
449,1801,3
450,1062,3
450,1513,3
451,2059,3
453,579,3
453,774,3
453,1502,3
454,550,3
454,1002,3
454,1285,3
454,1789,3
455,1576,3
455,1641,3
458,1811,3
458,2023,3
459,1032,3
459,1148,3
460,929,3
460,1612,3
460,1970,3
461,1981,3
462,586,3
463,923,3
464,1322,3
466,629,3
469,523,3
471,989,3
471,1247,3
471,1457,3
474,1956,3
475,2133,3
476,513,3
476,619,3
476,1725,3
478,1875,3
479,1270,3
481,621,3
481,947,3
481,1844,3
484,1637,3
485,797,3
486,1720,3
487,1216,3
489,1399,3
490,2112,3
491,987,3
491,1868,3
492,1660,3
493,983,3
493,1995,3
495,1993,3
495,2061,3
496,1238,3
499,731,3
499,951,3
502,1206,3
503,865,3
503,1233,3
504,1847,3
505,738,3
506,2066,3
507,2021,3
508,1030,3
510,1501,3
511,891,3
511,1326,3
512,1272,3
513,1498,3
513,1647,3
514,915,3
518,1212,3
518,1728,3
519,637,3
519,721,3
519,1123,3
519,1843,3
520,2184,3
524,764,3
524,931,3
524,1004,3
525,1180,3
525,1885,3
525,2132,3
526,1811,3
527,558,3
528,605,3
530,1516,3
530,2184,3
531,865,3
532,979,3
532,1538,3
533,818,3
534,968,3
535,970,3
535,1010,3
539,1037,3
542,820,3
542,1606,3
542,1796,3
542,1812,3
543,2198,3
544,1019,3
544,1893,3
546,983,3
547,1088,3
549,563,3
549,981,3
549,987,3
549,1040,3
549,1183,3
551,1476,3
551,2180,3
552,949,3
552,1860,3
552,1874,3
557,592,3
557,1013,3
559,861,3
559,1160,3
561,1710,3
562,888,3
563,1094,3
565,1551,3
566,971,3
566,1907,3
566,2108,3
567,702,3
568,825,3
568,838,3
569,671,3
569,743,3
569,1331,3
572,1914,3
573,2072,3
575,699,3
576,1596,3
577,587,3
577,1863,3
578,2033,3
580,1349,3
581,1101,3
581,2068,3
582,2003,3
584,2176,3
585,1504,3
585,1946,3
586,670,3
586,946,3
586,1669,3
588,901,3
588,1011,3
588,1602,3
589,735,3
589,1310,3
589,1659,3
590,1942,3
590,2002,3
592,636,3
592,801,3
592,1607,3
594,1506,3
594,1941,3
596,1573,3
596,1916,3
597,701,3
598,1935,3
599,1233,3
599,1410,3
599,1736,3
601,1584,3
604,1481,3
605,696,3
606,1163,3
606,1765,3
607,1942,3
607,2199,3
608,1221,3
608,1366,3
611,1067,3
611,2112,3
613,1113,3
614,2155,3
615,1372,3
615,1748,3
617,1580,3
618,1005,3
618,1539,3
619,2053,3
620,1148,3
620,1396,3
622,1581,3
623,1675,3
623,1898,3
624,951,3
624,1003,3
624,2111,3
624,2152,3
626,1164,3
627,957,3
627,968,3
630,837,3
630,1059,3
630,1109,3
630,1748,3
632,1530,3
633,1740,3
633,2059,3
635,1382,3
637,1950,3
637,2103,3
638,659,3
639,934,3
640,740,3
641,881,3
641,2150,3
642,1510,3
642,1583,3
642,1861,3
646,934,3
646,2165,3
648,981,3
649,734,3
650,714,3
650,2083,3
651,683,3
651,1792,3
651,1857,3
652,1594,3
652,1948,3
652,1990,3
654,1340,3
654,1981,3
656,1100,3
656,1673,3
657,1857,3
658,985,3
658,1825,3
659,765,3
659,1298,3
663,1205,3
663,1458,3
663,1854,3
664,941,3
665,679,3
665,763,3
666,771,3
666,1128,3
667,1060,3
667,1684,3
668,852,3
669,1818,3
673,925,3
673,1929,3
674,1048,3
674,1068,3
675,1374,3
675,1858,3
678,1053,3
680,769,3
680,898,3
680,1563,3
680,2099,3
681,1197,3
681,1810,3
681,2074,3
682,1736,3
683,1586,3
685,1176,3
687,1535,3
687,1715,3
687,1934,3
688,1282,3
689,792,3
690,839,3
690,927,3
692,1073,3
692,1906,3
693,1249,3
693,1797,3
695,1999,3
696,766,3
697,1290,3
697,1953,3
698,788,3
699,1045,3
701,1550,3
702,847,3
704,1427,3
705,1670,3
706,1736,3
706,1981,3
706,2163,3
707,1309,3
708,1899,3
710,1432,3
710,2050,3
712,1133,3
714,1815,3
714,1952,3
715,2068,3
715,2110,3
716,1547,3
717,1176,3
717,1687,3
718,1520,3
719,1014,3
719,1251,3
721,767,3
721,1339,3
721,2133,3
722,1610,3
723,1030,3
723,1406,3
723,1629,3
723,1801,3
725,736,3
725,1406,3
725,1656,3
725,1957,3
726,1000,3
727,1646,3
728,1222,3
728,1260,3
729,914,3
730,1129,3
730,1512,3
731,1066,3
731,1649,3
731,2178,3
735,1100,3
737,1787,3
739,2097,3
741,1291,3
741,1428,3
741,1891,3
742,1606,3
742,2063,3
743,1121,3
744,2053,3
745,2062,3
747,1696,3
747,2140,3
747,2173,3
749,1903,3
749,2179,3
750,1669,3
751,1087,3
753,1528,3
754,1345,3
755,954,3
757,818,3
757,976,3
758,985,3
759,779,3
759,1655,3
759,1689,3
760,948,3
760,1022,3
760,1275,3
760,1313,3
763,2111,3
764,1858,3
767,897,3
767,1427,3
769,1415,3
770,1584,3
770,1835,3
770,1845,3
773,1187,3
775,1999,3
776,1029,3
777,1152,3
779,1265,3
780,1531,3
780,1796,3
781,1804,3
782,800,3
783,1311,3
783,1971,3
784,862,3
785,1468,3
786,848,3
786,1858,3
786,2150,3
787,1027,3
789,1623,3
791,1520,3
793,1055,3
793,1087,3
795,1342,3
796,815,3
796,1731,3
797,834,3
797,1942,3
798,948,3
799,1787,3
800,1786,3
805,963,3
808,819,3
808,1876,3
808,2092,3
809,1518,3
810,998,3
810,2115,3
811,2171,3
812,1235,3
813,1019,3
813,1246,3
813,2121,3
814,835,3
817,875,3
818,1198,3
818,1323,3
818,2093,3
820,900,3
822,926,3
822,956,3
823,1147,3
823,1553,3
824,1113,3
825,1127,3
826,917,3
829,1875,3
829,1983,3
829,2121,3
830,986,3
830,1230,3
830,1813,3
830,1825,3
831,1219,3
831,1750,3
834,1502,3
835,1371,3
836,1288,3
838,1543,3
840,1088,3
840,1123,3
840,1272,3
841,1552,3
841,2199,3
845,1375,3
845,1478,3
848,1758,3
848,1769,3
848,2008,3
849,2083,3
850,1889,3
852,1355,3
856,1216,3
856,2199,3
857,1493,3
858,1506,3
860,1838,3
861,1366,3
862,1040,3
863,2109,3
865,2060,3
867,1096,3
867,1334,3
867,1453,3
867,1597,3
867,1645,3
868,1440,3
870,2134,3
871,1236,3
874,1600,3
877,1155,3
880,1231,3
881,1782,3
883,1142,3
884,1484,3
884,1561,3
885,1194,3
886,1271,3
891,1154,3
892,1938,3
893,1503,3
894,1202,3
894,2096,3
896,1900,3
898,1973,3
899,1139,3
900,921,3
900,1190,3
901,1145,3
905,1916,3
907,1168,3
908,1488,3
910,2047,3
911,1665,3
915,1365,3
915,1838,3
921,1706,3
922,1422,3
922,2087,3
922,2199,3
923,1627,3
924,1220,3
927,2022,3
927,2056,3
929,1679,3
931,1187,3
931,1749,3
931,2007,3
932,1350,3
932,1569,3
933,1773,3
934,2036,3
939,1349,3
942,1051,3
943,1967,3
944,1384,3
944,2031,3
945,1285,3
946,1368,3
947,1326,3
949,1466,3
949,1894,3
950,1256,3
950,1502,3
952,1658,3
953,1226,3
955,1615,3
955,1992,3
958,1274,3
958,1821,3
959,1256,3
963,2169,3
966,1416,3
966,1615,3
966,1717,3
966,1730,3
967,1937,3
969,2063,3
970,1713,3
971,1966,3
972,2198,3
973,1223,3
973,1842,3
974,1641,3
974,1807,3
974,2084,3
974,2140,3
979,1825,3
979,2071,3
980,1574,3
982,1442,3
982,1899,3
983,1866,3
984,1651,3
986,1986,3
989,2130,3
990,1167,3
990,1535,3
990,1752,3
990,1815,3
991,1410,3
997,1695,3
999,1238,3
1001,1313,3
1002,1147,3
1003,1887,3
1004,1799,3
1004,2097,3
1005,1357,3
1007,1139,3
1007,1295,3
1007,1731,3
1007,2193,3
1009,1527,3
1013,1056,3
1014,1708,3
1015,1645,3
1017,1053,3
1017,1818,3
1020,2148,3
1021,1920,3
1021,1950,3
1022,1626,3
1023,1216,3
1023,1879,3
1024,1152,3
1025,1786,3
1027,1245,3
1027,1493,3
1027,1732,3
1028,2094,3
1033,1730,3
1034,1273,3
1035,1120,3
1036,1705,3
1037,2005,3
1038,2099,3
1039,1393,3
1040,1559,3
1040,2124,3
1041,1254,3
1041,1566,3
1042,1091,3
1043,1324,3
1046,1145,3
1048,1721,3
1048,2067,3
1049,1288,3
1049,2112,3
1050,1309,3
1050,1368,3
1050,1836,3
1051,1761,3
1055,1144,3
1055,1771,3
1059,1211,3
1059,1480,3
1060,1155,3
1060,1230,3
1061,1134,3
1061,1304,3
1061,1425,3
1061,2044,3
1065,1687,3
1066,1067,3
1066,1241,3
1066,1699,3
1067,1121,3
1069,1361,3
1072,1501,3
1073,1721,3
1074,1723,3
1078,1636,3
1078,1677,3
1079,1257,3
1079,1997,3
1080,1365,3
1081,1544,3
1082,1389,3
1084,1965,3
1084,2014,3
1085,1560,3
1085,1836,3
1086,1644,3
1086,2075,3
1089,1196,3
1089,1642,3
1090,1266,3
1091,1639,3
1092,1482,3
1094,1666,3
1095,1096,3
1095,1467,3
1098,1921,3
1099,1898,3
1099,2194,3
1100,1372,3
1102,1742,3
1103,1912,3
1104,1392,3
1105,1457,3
1106,1374,3
1107,1561,3
1107,1645,3
1107,2156,3
1108,1483,3
1108,1823,3
1109,1716,3
1109,2152,3
1110,1425,3
1111,1911,3
1111,2117,3
1115,1960,3
1117,1701,3
1119,2020,3
1121,1255,3
1121,1415,3
1122,1212,3
1122,1688,3
1122,1871,3
1122,2030,3
1125,1345,3
1126,1991,3
1129,1208,3
1130,1819,3
1131,1576,3
1132,1250,3
1132,2040,3
1136,2141,3
1137,1206,3
1137,2163,3
1138,2194,3
1140,2144,3
1144,1484,3
1144,1956,3
1146,2004,3
1148,1397,3
1151,1210,3
1151,1695,3
1153,1725,3
1155,1557,3
1156,1620,3
1156,2117,3
1158,1383,3
1159,1638,3
1162,1930,3
1163,2180,3
1164,1979,3
1165,1889,3
1167,2186,3
1169,1375,3
1171,1344,3
1171,1812,3
1171,1942,3
1172,1394,3
1172,2073,3
1173,1552,3
1174,1232,3
1177,1231,3
1179,1952,3
1180,1823,3
1182,1386,3
1182,1751,3
1184,1400,3
1184,1822,3
1185,2043,3
1186,2049,3
1186,2166,3
1187,1658,3
1191,2105,3
1193,1229,3
1195,1240,3
1196,1943,3
1197,1575,3
1198,1912,3
1200,2120,3
1205,1718,3
1209,1850,3
1209,2054,3
1210,1758,3
1211,1378,3
1211,2003,3
1211,2138,3
1215,2101,3
1216,2048,3
1217,2106,3
1218,1256,3
1220,2084,3
1222,1956,3
1223,1327,3
1224,1959,3
1224,2117,3
1225,1307,3
1226,1505,3
1229,1239,3
1229,1810,3
1230,1531,3
1231,1533,3
1233,1355,3
1234,1454,3
1237,2011,3
1238,1589,3
1238,1656,3
1241,1553,3
1241,1593,3
1242,1692,3
1244,1438,3
1244,1654,3
1245,1950,3
1248,1920,3
1248,1984,3
1251,1692,3
1252,1906,3
1254,2075,3
1257,2096,3
1260,1515,3
1261,2024,3
1263,1900,3
1263,1928,3
1263,2075,3
1264,1905,3
1267,1459,3
1272,1703,3
1275,2163,3
1277,1814,3
1277,2195,3
1279,1851,3
1279,2141,3
1280,1727,3
1281,2041,3
1282,1880,3
1284,1561,3
1284,2091,3
1288,1580,3
1289,1579,3
1291,1413,3
1296,1660,3
1298,1514,3
1302,1343,3
1303,2098,3
1305,2086,3
1306,1356,3
1307,2182,3
1311,1408,3
1312,1699,3
1313,1481,3
1313,1541,3
1313,2182,3
1314,1561,3
1315,1494,3
1316,1426,3
1319,1350,3
1319,1720,3
1323,2085,3
1325,1905,3
1326,1600,3
1326,1760,3
1327,1670,3
1327,2105,3
1328,1798,3
1331,1725,3
1331,1903,3
1334,2151,3
1336,2183,3
1337,1496,3
1337,1839,3
1339,1393,3
1339,1410,3
1339,1848,3
1343,1436,3
1348,1749,3
1348,2116,3
1352,1866,3
1354,1534,3
1357,1941,3
1360,1708,3
1361,2097,3
1362,2049,3
1364,1774,3
1366,1869,3
1368,2061,3
1369,2004,3
1370,1416,3
1373,1414,3
1374,1764,3
1375,1538,3
1377,2057,3
1381,1506,3
1382,2152,3
1384,1412,3
1385,2074,3
1386,1424,3
1387,1595,3
1387,1658,3
1390,2139,3
1391,1549,3
1391,1655,3
1393,1589,3
1397,2139,3
1399,1405,3
1401,1789,3
1403,1674,3
1412,2114,3
1414,1908,3
1416,1604,3
1417,1615,3
1422,1941,3
1423,1635,3
1428,1785,3
1430,2011,3
1432,1485,3
1432,2176,3
1438,1469,3
1438,1972,3
1440,1692,3
1442,1916,3
1444,1551,3
1444,2083,3
1446,1901,3
1446,2075,3
1449,1472,3
1455,2082,3
1456,1559,3
1458,1754,3
1461,2188,3
1463,1825,3
1464,1559,3
1470,1604,3
1471,1789,3
1472,1559,3
1472,1655,3
1473,1978,3
1473,2177,3
1474,1635,3
1474,1979,3
1475,1550,3
1475,1788,3
1476,1733,3
1479,1991,3
1481,1613,3
1483,1934,3
1485,1747,3
1487,1775,3
1493,1805,3
1493,2189,3
1496,1828,3
1497,1759,3
1499,1747,3
1499,2009,3
1500,2197,3
1507,1668,3
1511,1812,3
1512,1554,3
1517,1685,3
1520,1618,3
1520,1944,3
1520,2021,3
1527,1635,3
1529,1545,3
1529,1785,3
1531,1549,3
1531,1803,3
1533,1609,3
1533,1890,3
1534,1653,3
1537,1987,3
1539,1658,3
1540,1986,3
1544,1675,3
1546,1949,3
1547,1603,3
1547,1961,3
1550,2086,3
1556,1864,3
1557,1867,3
1558,1855,3
1559,1654,3
1559,2091,3
1561,2066,3
1563,2138,3
1565,1789,3
1566,1567,3
1567,2075,3
1571,1988,3
1574,1692,3
1575,1992,3
1578,2050,3
1579,2131,3
1589,1773,3
1589,1998,3
1592,2085,3
1595,1985,3
1595,2108,3
1600,2130,3
1601,2012,3
1602,1720,3
1608,1691,3
1608,2109,3
1609,2111,3
1612,2061,3
1620,1667,3
1621,1779,3
1630,1848,3
1633,1727,3
1636,2161,3
1639,1768,3
1642,1798,3
1645,1700,3
1652,1843,3
1654,1746,3
1656,2165,3
1660,1786,3
1660,1861,3
1660,2153,3
1662,1836,3
1663,1941,3
1666,1889,3
1666,2086,3
1667,1937,3
1670,2012,3
1675,1691,3
1675,1915,3
1675,2129,3
1676,1970,3
1677,2178,3
1685,1881,3
1690,1973,3
1707,1719,3
1711,2100,3
1713,1784,3
1713,2016,3
1715,2021,3
1716,1843,3
1720,1780,3
1726,1832,3
1726,1872,3
1726,2133,3
1728,2172,3
1739,1824,3
1745,1758,3
1746,1855,3
1751,1791,3
1751,2134,3
1751,2149,3
1754,1953,3
1754,2084,3
1755,2085,3
1760,1842,3
1765,2056,3
1767,1898,3
1769,1801,3
1773,1865,3
1773,2066,3
1785,1896,3
1786,1920,3
1788,1933,3
1788,2112,3
1795,1973,3
1805,1934,3
1813,2140,3
1814,2169,3
1815,2150,3
1816,1988,3
1826,1886,3
1830,2095,3
1835,2002,3
1841,1966,3
1853,1862,3
1856,1890,3
1881,2010,3
1888,1896,3
1893,2143,3
1898,1943,3
1902,1992,3
1913,1954,3
1917,2094,3
1933,2027,3
1939,1975,3
1939,2140,3
1941,2066,3
1944,2168,3
1955,2066,3
1962,2146,3
1962,2159,3
1965,2037,3
1973,2063,3
1973,2093,3
1977,2175,3
1992,2185,3
1996,2106,3
2005,2081,3
2009,2185,3
2013,2193,3
2040,2057,3
2048,2065,3
2051,2084,3
2058,2177,3
2087,2089,3
2114,2141,3
2150,2177,3
2155,2163,3
2162,2180,3
