0,0,1
0,7,1
0,10,1
0,25,1
0,27,1
0,28,1
0,43,1
0,91,1
100,0,0
111,0,0
0,152,1
0,175,1
0,176,1
0,177,1
0,178,1
179,0,0
180,0,0
0,181,1
182,0,0
0,183,1
0,184,1
0,185,1
0,186,1
0,187,1
0,188,1
0,189,1
0,190,1
0,191,1
0,192,1
0,193,1
194,0,0
195,0,0
0,196,1
0,197,1
0,198,1
0,199,1
0,200,1
0,201,1
202,0,0
0,203,1
0,204,1
0,205,1
206,0,0
0,207,1
0,208,1
209,0,0
0,210,1
211,0,0
0,212,1
0,213,1
0,214,1
0,215,1
0,216,1
0,217,1
0,218,1
219,0,0
220,0,0
0,221,1
0,222,1
223,0,0
224,0,0
225,0,0
0,226,1
227,0,0
228,0,0
229,0,0
230,0,0
0,231,1
0,232,1
233,0,0
0,234,1
235,0,0
0,236,1
0,237,1
0,238,1
0,239,1
0,240,1
0,241,1
242,0,0
243,0,0
244,0,0
0,245,1
0,246,1
0,247,1
248,0,0
249,0,0
0,250,1
0,251,1
0,252,1
0,253,1
254,0,0
255,0,0
256,0,0
257,0,0
0,258,1
259,0,0
0,260,1
0,261,1
0,262,1
0,263,1
0,264,1
0,265,1
266,0,0
0,267,1
0,268,1
0,269,1
0,270,1
0,271,1
0,272,1
0,273,1
0,274,1
275,0,0
0,276,1
0,277,1
0,278,1
0,279,1
0,280,1
281,0,0
0,282,1
0,283,1
284,0,0
0,285,1
0,286,1
0,287,1
0,288,1
289,0,0
0,290,1
0,291,1
292,0,0
0,293,1
0,294,1
0,295,1
0,296,1
0,297,1
0,298,1
0,299,1
300,0,0
0,301,1
0,302,1
0,303,1
0,304,1
0,305,1
306,0,0
307,0,0
0,308,1
309,0,0
310,0,0
0,311,1
0,312,1
0,313,1
0,314,1
315,0,0
316,0,0
0,317,1
318,0,0
319,0,0
0,320,1
321,0,0
0,322,1
0,323,1
0,324,1
325,0,0
0,326,1
327,0,0
0,328,1
0,329,1
330,0,0
0,331,1
0,332,1
0,333,1
334,0,0
335,0,0
0,336,1
337,0,0
0,338,1
0,339,1
340,0,0
341,0,0
0,342,1
0,343,1
0,344,1
345,0,0
0,346,1
0,347,1
0,348,1
0,349,1
350,0,0
351,0,0
0,352,1
353,0,0
0,354,1
355,0,0
0,356,1
357,0,0
0,358,1
359,0,0
0,360,1
0,361,1
0,362,1
363,0,0
0,364,1
365,0,0
0,366,1
0,367,1
0,368,1
0,369,1
0,370,1
371,0,0
0,372,1
0,373,1
0,374,1
0,375,1
376,0,0
0,377,1
0,378,1
0,379,1
0,380,1
0,381,1
0,382,1
0,383,1
0,384,1
0,385,1
0,386,1
387,0,0
388,0,0
389,0,0
0,390,1
391,0,0
0,392,1
1,1,1
1,25,1
1,199,1
200,1,0
1,235,1
1,269,1
278,1,0
393,1,0
1,394,1
1,395,1
396,1,0
1,397,1
398,1,0
399,1,0
1,400,1
1,401,1
1,402,1
1,403,1
1,404,1
1,405,1
406,1,0
1,407,1
1,408,1
1,409,1
410,1,0
1,411,1
1,412,1
1,413,1
414,1,0
415,1,0
1,416,1
1,417,1
418,1,0
1,419,1
420,1,0
1,421,1
1,422,1
1,423,1
1,424,1
1,425,1
1,426,1
427,1,0
2,2,1
2,428,1
2,429,1
2,430,1
431,2,0
2,432,1
433,2,0
434,2,0
2,435,1
2,436,1
2,437,1
2,438,1
2,905,0
3,3,1
3,43,1
3,107,0
3,198,1
244,3,0
245,3,0
3,304,1
395,3,0
3,439,1
3,440,1
3,441,1
3,442,1
3,443,1
3,444,1
3,445,1
4,25,1
4,106,1
4,121,1
4,272,1
4,414,1
4,429,1
4,446,1
4,447,1
4,448,1
4,449,1
4,450,1
451,4,0
4,452,1
453,4,0
4,454,1
4,455,1
4,456,1
4,457,1
4,458,1
4,459,1
460,4,0
4,461,1
4,462,1
463,4,0
4,464,1
465,4,0
466,4,0
4,467,1
468,4,0
469,4,0
4,470,1
471,4,0
472,4,0
4,473,1
474,4,0
4,475,1
4,476,1
4,477,1
4,478,1
4,479,1
4,480,1
4,481,1
4,482,1
483,4,0
484,4,0
485,4,0
486,4,0
4,487,1
4,488,1
4,489,1
4,490,1
4,491,1
4,492,1
493,4,0
4,1530,0
5,33,1
5,191,1
5,193,1
194,5,0
5,195,1
5,254,0
5,494,1
495,5,0
5,496,1
5,497,1
498,5,0
5,499,1
5,500,1
501,5,0
5,502,1
5,503,1
504,5,0
5,505,1
506,5,0
507,5,0
5,508,1
5,509,1
510,5,0
511,5,0
512,5,0
513,5,0
5,514,1
5,515,1
516,5,0
517,5,0
5,518,1
5,519,1
520,5,0
521,5,0
5,522,1
523,5,0
5,524,1
5,525,1
5,526,1
5,527,1
5,528,1
529,5,0
530,5,0
5,531,1
5,2058,0
6,6,1
8,6,0
6,9,1
6,11,1
6,17,1
6,21,1
6,22,1
6,28,1
29,6,0
6,33,1
61,6,0
6,103,1
6,104,1
6,108,1
112,6,0
6,158,1
6,164,1
6,175,1
6,177,1
186,6,0
6,187,1
6,188,1
6,189,1
6,195,1
196,6,0
6,197,1
6,201,1
205,6,0
6,206,1
6,207,1
6,208,1
209,6,0
6,235,1
6,236,1
6,237,1
6,240,1
6,241,1
242,6,0
243,6,0
249,6,0
6,256,1
280,6,0
6,284,1
285,6,0
6,289,1
292,6,0
293,6,0
294,6,0
6,295,1
6,346,1
6,397,1
401,6,0
6,407,1
6,409,1
6,432,1
441,6,0
6,464,1
6,510,1
6,512,1
6,513,1
6,515,1
6,517,1
518,6,0
6,519,1
6,521,1
6,523,1
524,6,0
6,527,1
6,529,1
6,532,1
6,533,1
6,534,1
6,535,1
6,536,1
6,537,1
538,6,0
539,6,0
540,6,0
6,541,1
6,542,1
6,543,1
6,544,1
6,545,1
6,546,1
6,547,1
548,6,0
6,549,1
6,550,1
6,551,1
6,552,1
553,6,0
6,554,1
555,6,0
6,556,1
557,6,0
6,558,1
6,559,1
6,560,1
6,561,1
6,562,1
563,6,0
6,564,1
565,6,0
6,566,1
6,567,1
568,6,0
569,6,0
570,6,0
6,571,1
6,572,1
6,573,1
6,574,1
575,6,0
576,6,0
6,577,1
6,578,1
6,579,1
580,6,0
6,581,1
6,582,1
583,6,0
6,584,1
585,6,0
586,6,0
6,587,1
588,6,0
6,589,1
590,6,0
6,591,1
6,592,1
593,6,0
594,6,0
595,6,0
6,596,1
597,6,0
6,598,1
599,6,0
6,600,1
6,601,1
6,602,1
6,603,1
6,604,1
6,605,1
606,6,0
6,607,1
6,608,1
6,609,1
6,610,1
6,611,1
6,612,1
613,6,0
6,614,1
6,615,1
6,616,1
617,6,0
6,618,1
619,6,0
6,620,1
621,6,0
622,6,0
6,623,1
6,624,1
6,625,1
6,626,1
6,627,1
6,628,1
6,629,1
6,630,1
631,6,0
6,632,1
6,633,1
6,634,1
635,6,0
636,6,0
637,6,0
6,638,1
6,639,1
6,640,1
6,641,1
6,642,1
6,643,1
6,644,1
6,645,1
6,646,1
6,647,1
6,648,1
6,649,1
6,650,1
651,6,0
6,652,1
6,653,1
654,6,0
655,6,0
6,656,1
6,657,1
6,658,1
6,659,1
6,660,1
6,661,1
6,662,1
663,6,0
6,664,1
665,6,0
666,6,0
6,667,1
668,6,0
669,6,0
670,6,0
6,671,1
672,6,0
673,6,0
6,674,1
675,6,0
6,676,1
6,677,1
6,678,1
6,679,1
680,6,0
6,681,1
6,682,1
6,683,1
684,6,0
6,685,1
686,6,0
6,687,1
6,688,1
689,6,0
690,6,0
6,691,1
6,692,1
6,693,1
6,694,1
6,695,1
6,696,1
697,6,0
6,698,1
6,699,1
6,700,1
701,6,0
6,702,1
6,703,1
6,704,1
6,705,1
6,706,1
707,6,0
6,708,1
6,709,1
6,710,1
711,6,0
6,712,1
713,6,0
6,714,1
715,6,0
6,716,1
6,717,1
6,718,1
719,6,0
720,6,0
6,721,1
722,6,0
6,723,1
6,724,1
6,725,1
6,726,1
6,727,1
6,728,1
6,729,1
730,6,0
6,731,1
7,7,1
12,7,0
7,21,1
7,25,1
7,30,1
7,44,1
51,7,0
7,52,1
7,54,1
7,55,1
56,7,0
60,7,0
61,7,0
7,66,1
67,7,0
7,68,1
69,7,0
7,77,1
79,7,0
7,80,1
7,84,1
7,95,1
7,96,1
7,97,1
7,102,1
7,104,1
7,107,1
7,112,1
7,114,1
7,116,1
120,7,0
7,127,1
145,7,0
7,152,1
7,153,1
7,155,1
7,158,1
167,7,0
169,7,0
177,7,0
7,180,1
7,182,1
185,7,0
7,186,1
7,187,1
188,7,0
7,191,1
7,194,1
7,201,1
7,203,1
7,206,1
7,207,1
7,209,1
213,7,0
7,215,1
216,7,0
7,223,1
227,7,0
7,230,1
7,231,1
7,234,1
243,7,0
7,244,1
245,7,0
7,249,1
7,250,1
256,7,0
7,257,1
7,260,1
264,7,0
7,265,1
266,7,0
7,269,1
7,270,1
7,279,1
7,286,1
300,7,0
7,301,1
7,303,1
7,385,1
7,391,1
7,401,1
7,407,1
7,411,1
7,421,1
457,7,0
458,7,0
7,460,1
479,7,0
7,488,1
7,489,1
530,7,0
7,536,1
7,560,1
561,7,0
562,7,0
7,597,1
7,599,1
600,7,0
602,7,0
7,608,1
7,612,1
614,7,0
7,617,1
622,7,0
631,7,0
7,633,1
7,637,1
638,7,0
7,639,1
643,7,0
7,645,1
7,675,1
677,7,0
7,678,1
7,679,1
7,680,1
7,709,1
710,7,0
7,711,1
712,7,0
714,7,0
7,715,1
7,716,1
722,7,0
7,723,1
7,724,1
725,7,0
7,729,1
732,7,0
7,733,1
734,7,0
735,7,0
736,7,0
737,7,0
7,738,1
739,7,0
7,740,1
741,7,0
7,742,1
7,743,1
7,744,1
7,745,1
7,746,1
7,747,1
7,748,1
749,7,0
7,750,1
7,751,1
7,752,1
7,753,1
754,7,0
7,755,1
7,756,1
7,757,1
7,758,1
7,759,1
7,760,1
7,761,1
7,762,1
7,763,1
764,7,0
7,765,1
766,7,0
7,767,1
7,768,1
769,7,0
7,770,1
771,7,0
7,772,1
773,7,0
774,7,0
7,775,1
7,776,1
777,7,0
7,778,1
7,779,1
7,780,1
7,781,1
7,782,1
7,783,1
784,7,0
785,7,0
7,786,1
787,7,0
7,788,1
7,789,1
7,790,1
7,791,1
7,792,1
7,793,1
7,794,1
7,795,1
796,7,0
797,7,0
7,798,1
7,799,1
800,7,0
7,801,1
7,802,1
7,803,1
804,7,0
805,7,0
7,806,1
7,807,1
7,808,1
809,7,0
810,7,0
7,811,1
7,812,1
7,813,1
7,814,1
7,815,1
7,816,1
7,817,1
818,7,0
7,819,1
7,820,1
7,821,1
822,7,0
7,823,1
7,824,1
7,825,1
7,826,1
7,827,1
7,828,1
7,829,1
830,7,0
7,831,1
7,832,1
833,7,0
834,7,0
7,835,1
836,7,0
7,837,1
7,838,1
7,839,1
840,7,0
7,841,1
842,7,0
7,843,1
7,844,1
7,845,1
7,846,1
7,847,1
848,7,0
849,7,0
7,850,1
7,851,1
7,852,1
853,7,0
854,7,0
7,855,1
856,7,0
7,857,1
858,7,0
7,859,1
7,860,1
7,861,1
862,7,0
863,7,0
864,7,0
7,865,1
7,866,1
867,7,0
7,868,1
869,7,0
7,870,1
7,871,1
7,872,1
7,873,1
874,7,0
7,875,1
876,7,0
877,7,0
7,878,1
7,879,1
7,880,1
7,881,1
7,882,1
883,7,0
884,7,0
7,885,1
886,7,0
7,887,1
7,888,1
7,889,1
7,891,1
892,7,0
7,893,1
7,894,1
895,7,0
7,896,1
7,897,1
7,898,1
7,899,1
900,7,0
901,7,0
7,902,1
7,903,1
7,904,1
7,905,1
7,906,1
7,907,1
908,7,0
7,910,1
911,7,0
7,912,1
7,913,1
7,914,1
915,7,0
916,7,0
926,7,0
927,7,0
7,928,1
7,929,1
7,930,1
931,7,0
7,932,1
7,933,1
7,934,1
935,7,0
936,7,0
937,7,0
7,938,1
939,7,0
7,940,1
941,7,0
942,7,0
943,7,0
7,944,1
945,7,0
946,7,0
7,947,1
948,7,0
7,949,1
7,950,1
7,951,1
7,952,1
7,953,1
954,7,0
955,7,0
956,7,0
957,7,0
958,7,0
7,959,1
960,7,0
7,961,1
7,962,1
963,7,0
964,7,0
7,965,1
966,7,0
7,967,1
7,968,1
7,969,1
970,7,0
7,971,1
7,972,1
7,973,1
974,7,0
975,7,0
7,976,1
7,977,1
7,978,1
979,7,0
7,980,1
981,7,0
982,7,0
983,7,0
7,984,1
7,985,1
986,7,0
987,7,0
7,988,1
7,989,1
7,990,1
7,991,1
7,992,1
993,7,0
7,994,1
7,995,1
7,996,1
7,997,1
7,998,1
999,7,0
7,1000,1
7,1001,1
7,1002,1
7,1003,1
1004,7,0
7,1005,1
7,1006,1
7,1007,1
1008,7,0
7,1009,1
1010,7,0
1011,7,0
7,1012,1
1013,7,0
7,1014,1
1015,7,0
7,1016,1
1017,7,0
1018,7,0
1019,7,0
7,1020,1
1021,7,0
1022,7,0
7,1023,1
1024,7,0
7,1025,1
7,1026,1
1027,7,0
7,1028,1
7,1029,1
1030,7,0
1031,7,0
1032,7,0
8,8,1
8,1033,1
1034,8,0
9,9,1
9,13,1
9,20,1
9,28,1
9,36,1
41,9,0
48,9,0
9,82,1
9,88,1
92,9,0
9,98,1
9,99,1
105,9,0
9,110,1
9,112,1
9,117,1
9,118,1
9,119,1
9,122,1
9,149,1
9,153,1
9,161,1
9,163,1
9,177,1
9,180,1
9,234,1
9,239,1
9,266,1
268,9,0
9,285,1
9,304,1
9,340,1
391,9,0
398,9,0
440,9,0
9,441,1
442,9,0
447,9,0
457,9,0
472,9,0
504,9,0
515,9,0
9,522,1
9,544,1
9,548,1
9,550,1
9,561,1
562,9,0
9,570,1
9,573,1
9,599,1
601,9,0
9,621,1
9,631,1
693,9,0
9,695,1
9,719,1
9,730,1
9,734,1
9,744,1
758,9,0
782,9,0
802,9,0
803,9,0
9,808,1
9,810,1
9,862,1
9,863,1
885,9,0
9,888,1
889,9,0
891,9,0
9,900,0
910,9,0
928,9,0
9,943,1
9,953,1
997,9,0
1014,9,0
9,1023,1
9,1035,1
9,1036,1
9,1037,1
9,1038,1
9,1039,1
1040,9,0
9,1041,1
1042,9,0
1043,9,0
9,1044,1
9,1045,1
9,1046,1
9,1047,1
1048,9,0
9,1049,1
1050,9,0
1051,9,0
9,1052,1
9,1053,1
9,1054,1
9,1055,1
1056,9,0
9,1057,1
9,1058,1
1059,9,0
1060,9,0
9,1061,1
9,1062,1
9,1063,1
9,1064,1
9,1065,1
9,1066,1
1067,9,0
1068,9,0
9,1069,1
9,1070,1
1071,9,0
1072,9,0
1073,9,0
9,1074,1
1075,9,0
9,1076,1
9,1077,1
1078,9,0
9,1079,1
9,1080,1
9,1081,1
9,1082,1
9,1083,1
1084,9,0
9,1085,1
9,1086,1
9,1087,1
9,1088,1
1089,9,0
1090,9,0
1091,9,0
1092,9,0
9,1093,1
9,1094,1
9,1095,1
1096,9,0
9,1097,1
1098,9,0
9,1099,1
1100,9,0
9,1101,1
1102,9,0
1103,9,0
1104,9,0
1105,9,0
1106,9,0
1107,9,0
9,1108,1
1109,9,0
1110,9,0
9,1111,1
1112,9,0
9,1113,1
9,1114,1
9,1115,1
1116,9,0
9,1117,1
9,1118,1
9,1119,1
1120,9,0
1121,9,0
9,1122,1
1123,9,0
9,1124,1
9,1125,1
1126,9,0
9,1127,1
1128,9,0
9,1129,1
1130,9,0
1131,9,0
9,1132,1
9,1133,1
9,1134,1
9,1135,1
9,1136,1
1137,9,0
9,1138,1
9,1139,1
1140,9,0
1141,9,0
9,1142,1
9,1143,1
9,1144,1
9,1145,1
9,1146,1
9,1147,1
9,1148,1
1149,9,0
9,1150,1
9,1151,1
9,1152,1
9,1153,1
1154,9,0
9,1155,1
9,1156,1
9,1157,1
9,1158,1
1159,9,0
1160,9,0
1161,9,0
9,1162,1
9,1163,1
1164,9,0
1165,9,0
9,1166,1
1167,9,0
9,1168,1
9,1169,1
9,1170,1
9,1171,1
9,1172,1
9,1173,1
9,1174,1
9,1175,1
9,1176,1
1177,9,0
1178,9,0
1179,9,0
1180,9,0
9,1181,1
1182,9,0
9,1183,1
9,1184,1
1185,9,0
9,1186,1
9,1187,1
1188,9,0
9,1189,1
9,1190,1
1191,9,0
9,1192,1
9,1193,1
9,1194,1
1195,9,0
9,1196,1
9,1197,1
9,1198,1
9,1199,1
9,1200,1
9,1201,1
9,1202,1
1203,9,0
9,1204,1
9,1205,1
1206,9,0
1207,9,0
9,1208,1
1209,9,0
9,1210,1
9,1211,1
9,1212,1
1213,9,0
9,1214,1
9,1215,1
1216,9,0
1217,9,0
9,1218,1
1219,9,0
1220,9,0
9,1221,1
9,1222,1
1223,9,0
9,1224,1
9,1225,1
1226,9,0
1227,9,0
9,1228,1
9,1229,1
9,1230,1
9,1231,1
9,1232,1
9,1233,1
9,1234,1
1235,9,0
9,1236,1
1237,9,0
1238,9,0
9,1239,1
1240,9,0
9,1241,1
9,1242,1
1243,9,0
1244,9,0
9,1245,1
9,1246,1
1247,9,0
9,1248,1
9,1249,1
9,1250,1
1251,9,0
9,1252,1
9,1253,1
1254,9,0
1255,9,0
1256,9,0
9,1257,1
1258,9,0
9,1259,1
1260,9,0
9,1261,1
9,1262,1
9,1263,1
1264,9,0
9,1265,1
9,1266,1
9,1267,1
9,1268,1
9,1269,1
9,1270,1
9,1271,1
9,1272,1
1273,9,0
9,1274,1
1275,9,0
9,1276,1
9,1277,1
9,1278,1
9,1279,1
9,1280,1
9,1281,1
9,1282,1
9,1283,1
9,1284,1
1285,9,0
1286,9,0
9,1287,1
1288,9,0
9,1289,1
9,1290,1
9,1291,1
1292,9,0
1293,9,0
9,1294,1
1295,9,0
9,1296,1
1297,9,0
1298,9,0
9,1299,1
9,1300,1
1301,9,0
9,1302,1
9,1303,1
1304,9,0
9,1305,1
9,1306,1
9,1307,1
9,1308,1
9,1309,1
1310,9,0
9,1311,1
1312,9,0
1313,9,0
1314,9,0
9,1315,1
1316,9,0
1317,9,0
9,1318,1
1319,9,0
1320,9,0
9,1321,1
9,1322,1
1323,9,0
9,1324,1
9,1325,1
9,1326,1
1327,9,0
9,1328,1
9,1329,1
9,1330,1
1331,9,0
1332,9,0
9,1333,1
9,1334,1
1335,9,0
1336,9,0
1337,9,0
9,1338,1
9,1339,1
1340,9,0
9,1341,1
9,1342,1
9,1343,1
9,1344,1
9,1345,1
9,1346,1
1347,9,0
1348,9,0
1349,9,0
9,1350,1
9,1351,1
9,1352,1
9,1353,1
1354,9,0
9,1355,1
9,1356,1
1357,9,0
9,1358,1
9,1359,1
9,1360,1
1361,9,0
9,1362,1
1363,9,0
1364,9,0
9,1365,1
1366,9,0
9,1367,1
1368,9,0
9,1369,1
9,1370,1
9,1371,1
9,1372,1
1373,9,0
9,1374,1
9,1375,1
9,1376,1
9,1377,1
9,1378,1
9,1379,1
1380,9,0
9,1381,1
9,1382,1
9,1383,1
9,1384,1
9,1385,1
9,1386,1
1387,9,0
10,8,1
10,10,1
10,15,1
10,19,1
10,20,1
52,10,0
10,62,1
10,65,1
10,87,1
10,91,1
10,96,1
106,10,0
112,10,0
10,115,1
129,10,0
10,134,1
10,143,1
10,148,1
181,10,0
10,190,1
226,10,0
10,241,1
242,10,0
10,243,1
10,245,1
304,10,0
10,307,1
10,308,1
10,319,1
10,320,1
10,322,1
327,10,0
10,346,1
10,348,1
350,10,0
352,10,0
10,353,1
355,10,0
10,356,1
10,357,1
360,10,0
362,10,0
10,363,1
10,364,1
10,366,1
10,367,1
10,368,1
10,371,1
10,374,1
10,479,1
480,10,0
481,10,0
10,534,1
10,546,1
10,549,1
10,550,1
10,553,1
10,615,1
616,10,0
10,635,1
10,636,1
10,638,1
10,639,1
10,671,1
780,10,0
788,10,0
10,789,1
10,791,1
10,814,1
10,847,1
10,859,1
10,860,1
861,10,0
10,880,1
10,888,1
10,889,1
10,898,1
10,997,1
10,1034,1
10,1055,0
1115,10,0
1181,10,0
1367,10,0
1388,10,0
10,1389,1
1390,10,0
10,1391,1
10,1392,1
10,1393,1
1394,10,0
1395,10,0
1396,10,0
10,1397,1
10,1398,1
1399,10,0
10,1400,1
1401,10,0
10,1402,1
1403,10,0
1404,10,0
10,1405,1
10,1406,1
10,1407,1
10,1408,1
10,1409,1
10,1410,1
1411,10,0
10,1412,1
10,1413,1
10,1414,1
10,1415,1
10,1416,1
10,1417,1
10,1418,1
10,1419,1
10,1420,1
10,1421,1
1422,10,0
10,1423,1
1424,10,0
10,1425,1
10,1426,1
10,1427,1
10,1428,1
10,1429,1
10,1430,1
10,1431,1
10,1432,1
1433,10,0
1434,10,0
10,1435,1
1436,10,0
10,1437,1
10,1438,1
10,1439,1
10,1440,1
1441,10,0
10,1442,1
1443,10,0
1,11,0
11,11,1
100,11,0
11,156,1
251,11,0
11,393,1
11,395,1
11,398,1
11,399,1
11,400,1
401,11,0
402,11,0
11,403,1
406,11,0
11,407,1
11,409,1
410,11,0
413,11,0
11,420,1
11,427,1
611,11,0
11,1271,1
1444,11,0
1445,11,0
11,1446,1
11,1447,1
11,1448,1
11,1449,1
11,1450,1
11,1451,1
11,1452,1
156,12,0
267,12,0
12,400,1
12,406,1
422,12,0
12,425,1
12,683,1
12,952,1
1053,12,0
12,1118,1
12,1304,1
12,1325,1
12,1385,1
1453,12,0
12,1454,1
12,1455,1
1456,12,0
12,1457,1
1458,12,0
1459,12,0
12,1460,1
12,1461,1
12,1462,1
12,1463,1
12,1464,1
1465,12,0
12,1466,1
12,1467,1
1468,12,0
1469,12,0
1470,12,0
12,2093,0
13,3,1
13,13,1
13,29,1
13,46,1
127,13,0
13,457,1
13,574,1
577,13,0
13,578,1
579,13,0
867,13,0
13,869,1
13,871,1
13,1014,1
13,1036,1
13,1093,1
13,1144,1
1315,13,0
13,1429,1
1471,13,0
13,1472,1
13,1473,1
13,1474,1
13,1475,1
1476,13,0
13,1477,1
13,1478,1
1479,13,0
13,1480,1
1481,13,0
13,1482,1
13,1483,1
1484,13,0
1485,13,0
13,1486,1
13,1487,1
1488,13,0
13,1489,1
13,1490,1
1491,13,0
13,1492,1
1493,13,0
13,1494,1
1495,13,0
13,1496,1
13,1497,1
13,1498,1
14,14,1
109,14,0
14,321,0
14,661,1
14,685,1
687,14,0
14,1230,1
14,1389,1
14,1390,1
1391,14,0
1392,14,0
1393,14,0
14,1499,1
14,1500,1
1501,14,0
14,1502,1
14,1503,1
14,1504,1
1505,14,0
14,1506,1
1507,14,0
14,1508,1
14,1509,1
1510,14,0
14,1511,1
14,1512,1
15,28,1
15,386,1
474,15,0
476,15,0
15,674,0
15,706,0
15,1280,1
15,1417,1
1418,15,0
1419,15,0
15,1513,1
15,1514,1
1515,15,0
1516,15,0
1517,15,0
1518,15,0
16,98,1
1398,16,0
27,17,0
28,17,0
38,17,0
17,50,1
17,90,1
17,111,1
17,113,1
17,133,1
17,145,1
183,17,0
17,185,1
186,17,0
17,187,1
17,189,1
199,17,0
200,17,0
17,201,1
17,219,1
17,220,1
17,221,1
17,225,1
17,240,1
251,17,0
266,17,0
275,17,0
287,17,0
17,288,1
17,289,1
17,290,1
17,293,1
17,294,1
295,17,0
17,296,1
17,297,1
303,17,0
17,383,1
393,17,0
17,396,1
17,401,1
17,407,1
411,17,0
420,17,0
505,17,0
17,507,1
17,508,1
17,532,1
17,533,1
17,535,1
536,17,0
544,17,0
17,548,1
583,17,0
17,584,1
585,17,0
17,591,1
17,592,1
17,593,1
595,17,0
597,17,0
598,17,0
600,17,0
601,17,0
17,604,1
17,611,1
17,617,1
622,17,0
628,17,0
17,629,1
636,17,0
17,637,1
638,17,0
17,652,1
17,662,1
665,17,0
675,17,0
17,676,1
17,677,1
17,679,1
680,17,0
17,688,1
733,17,0
17,734,1
17,735,1
737,17,0
17,798,1
17,824,1
17,837,1
17,841,1
17,886,1
17,890,1
17,909,1
929,17,0
930,17,0
931,17,0
17,932,1
946,17,0
954,17,0
969,17,0
17,1034,1
17,1058,1
17,1076,1
17,1077,1
17,1120,1
17,1144,1
1145,17,0
17,1162,0
17,1174,1
17,1198,1
17,1519,1
17,1520,1
17,1521,1
1522,17,0
17,1523,1
17,1524,1
17,1525,1
17,1526,1
1527,17,0
17,1528,1
1529,17,0
17,1530,1
1531,17,0
17,1532,1
1533,17,0
1534,17,0
17,1535,1
17,1536,1
1537,17,0
1538,17,0
1539,17,0
17,1540,1
17,1541,1
17,1542,1
17,1543,1
17,1544,1
17,1545,1
17,1546,1
17,1547,1
1548,17,0
17,1549,1
17,1550,1
1551,17,0
17,1552,1
17,1553,1
1554,17,0
17,1555,1
17,1556,1
1557,17,0
17,1558,1
17,1559,1
17,1560,1
17,1561,1
1562,17,0
1563,17,0
17,1564,1
17,1565,1
17,1566,1
1567,17,0
1568,17,0
1569,17,0
18,1398,0
18,1570,1
18,1571,1
18,2157,0
19,19,1
19,1311,0
19,1406,1
19,1581,0
19,1755,0
19,1874,0
20,2,1
11,20,0
14,20,0
16,20,0
20,20,1
29,20,0
20,38,1
63,20,0
20,64,1
20,98,1
20,130,1
20,134,1
20,138,1
20,141,1
20,165,1
20,172,1
20,174,1
20,175,1
177,20,0
20,203,1
270,20,0
20,273,1
20,274,1
20,306,1
307,20,0
20,319,1
20,321,1
20,322,1
326,20,0
328,20,0
20,335,0
338,20,0
347,20,0
20,348,1
350,20,0
353,20,0
20,354,1
20,355,1
356,20,0
20,358,1
20,359,1
20,360,1
361,20,0
20,363,1
20,364,1
20,368,1
20,371,1
374,20,0
20,385,1
420,20,0
421,20,0
20,422,1
20,423,1
434,20,0
20,437,1
20,441,1
445,20,0
456,20,0
20,475,1
20,506,1
20,507,1
508,20,0
527,20,0
530,20,0
539,20,0
20,548,1
20,555,1
556,20,0
20,559,1
560,20,0
561,20,0
20,562,1
20,580,1
20,628,1
20,631,1
633,20,0
20,645,1
20,656,1
20,788,1
796,20,0
820,20,0
20,827,1
20,837,1
20,888,1
20,889,1
20,891,1
20,914,1
20,999,1
20,1014,1
20,1033,1
20,1040,1
1060,20,0
20,1064,1
20,1067,1
20,1072,1
20,1078,1
20,1088,1
1107,20,0
20,1125,1
20,1134,1
20,1143,0
20,1144,1
20,1145,1
20,1168,1
20,1186,1
20,1197,1
20,1198,1
20,1225,1
1231,20,0
20,1238,1
20,1290,1
1299,20,0
20,1366,1
20,1378,1
20,1380,1
20,1394,1
1396,20,0
1397,20,0
20,1398,1
20,1399,1
20,1401,1
20,1403,1
20,1404,1
20,1407,1
1418,20,0
20,1419,1
20,1443,1
20,1516,1
20,1517,1
20,1520,1
20,1537,1
1552,20,0
20,1572,1
20,1573,1
20,1574,1
20,1575,1
1576,20,0
20,1577,1
20,1578,1
1579,20,0
20,1580,1
20,1581,1
20,1582,1
20,1583,1
1584,20,0
1585,20,0
1586,20,0
20,1587,1
20,1588,1
20,1589,1
1590,20,0
1591,20,0
1592,20,0
1593,20,0
20,1594,1
1595,20,0
20,1596,1
20,1597,1
20,1598,1
20,1599,1
20,1600,1
20,1601,1
20,1602,1
20,1603,1
1604,20,0
20,1605,1
20,1606,1
20,1607,1
20,1608,1
20,1609,1
20,1610,1
1611,20,0
1612,20,0
1613,20,0
20,1614,1
1615,20,0
20,1616,1
20,1617,1
20,1618,1
20,1619,1
1620,20,0
1621,20,0
1622,20,0
1623,20,0
20,1624,1
1625,20,0
20,1626,1
1627,20,0
1628,20,0
1629,20,0
20,1630,1
20,1631,1
20,1632,1
1633,20,0
20,1634,1
20,1635,1
20,1636,1
1637,20,0
20,1638,1
20,1639,1
20,1640,1
20,1641,1
20,1642,1
1643,20,0
1644,20,0
20,1645,1
1646,20,0
20,1647,1
20,1648,1
1649,20,0
1650,20,0
1651,20,0
20,1652,1
20,1653,1
20,1654,1
20,1655,1
20,1656,1
20,1657,1
20,1658,1
20,1659,1
20,1660,1
1661,20,0
20,1662,1
1663,20,0
20,1664,1
1665,20,0
20,1666,1
20,1667,1
20,1668,1
20,1669,1
20,1670,1
20,1671,1
1672,20,0
20,1673,1
20,1674,1
1675,20,0
20,1676,1
20,1677,1
1678,20,0
20,1679,1
1680,20,0
20,1681,1
20,1682,1
1683,20,0
20,1684,1
20,1685,1
20,1686,1
1687,20,0
20,1688,1
1689,20,0
20,1690,1
1691,20,0
1692,20,0
20,1693,1
20,1694,1
20,1695,1
20,1696,1
20,1697,1
20,1698,1
20,1699,1
21,21,1
21,364,0
21,487,0
624,21,0
21,708,1
21,709,1
710,21,0
21,711,1
713,21,0
714,21,0
715,21,0
21,716,1
21,2173,0
21,22,0
498,22,0
22,500,1
22,501,1
502,22,0
22,552,1
22,566,1
22,567,1
22,569,1
22,612,1
22,624,1
22,709,1
710,22,0
713,22,0
22,714,1
22,715,1
22,716,1
1700,22,0
22,1701,1
22,1702,1
22,1799,0
23,23,1
23,501,0
23,1205,0
1703,23,0
23,1704,1
23,1705,1
1706,23,0
23,1707,1
890,24,0
24,909,1
25,25,1
25,50,1
25,100,1
395,25,0
25,398,1
25,399,1
401,25,0
25,403,1
25,404,1
405,25,0
25,406,1
25,407,1
409,25,0
25,410,1
412,25,0
25,413,1
25,418,1
25,427,1
25,575,1
25,802,0
25,812,1
25,813,1
25,1417,1
25,1418,1
1419,25,0
1423,25,0
1445,25,0
25,1449,1
1708,25,0
1709,25,0
1710,25,0
1711,25,0
26,26,1
26,217,1
26,219,1
220,26,0
221,26,0
26,222,1
26,522,1
26,526,1
26,527,1
528,26,0
26,541,0
26,622,0
26,874,0
26,1455,1
26,1463,1
26,1712,1
26,1713,1
26,1714,1
1715,26,0
1716,26,0
26,1717,1
26,1718,1
1719,26,0
26,1918,0
27,27,1
27,579,0
1564,27,0
28,29,1
28,52,1
28,270,1
383,28,0
28,386,1
28,646,1
28,656,1
811,28,0
916,28,0
28,1033,1
1288,28,0
1417,28,0
1420,28,0
28,1423,1
28,1575,1
1622,28,0
1720,28,0
28,1721,1
28,1722,1
1723,28,0
28,1724,1
28,1725,1
29,270,1
29,383,1
29,915,1
916,29,0
29,1418,1
29,1419,1
29,1423,1
29,1516,1
29,2171,0
30,350,0
965,30,0
1026,30,0
30,1027,1
30,1028,1
30,1030,1
30,2150,0
31,1068,0
31,1726,1
1727,31,0
32,14,1
32,24,1
32,29,1
32,52,1
32,65,1
32,133,1
32,412,1
32,796,1
32,797,1
32,887,1
32,1280,1
1417,32,0
32,1418,1
1419,32,0
32,1420,1
32,1452,1
32,1675,1
32,1728,1
32,1729,1
1730,32,0
32,1731,1
32,1732,1
32,1733,1
32,1734,1
1735,32,0
32,1736,1
1737,32,0
32,1738,1
1739,32,0
32,1740,1
158,33,0
33,164,1
33,175,1
33,190,1
33,195,1
33,196,1
197,33,0
33,217,1
218,33,0
33,219,1
33,221,1
33,222,1
237,33,0
33,239,1
33,241,1
33,242,1
33,243,1
33,249,1
33,275,1
276,33,0
33,277,1
33,280,1
33,288,1
289,33,0
290,33,0
292,33,0
33,293,1
33,294,1
295,33,0
33,296,1
33,297,1
33,390,1
516,33,0
33,517,1
518,33,0
520,33,0
33,521,1
524,33,0
33,527,1
33,528,1
33,532,1
533,33,0
33,544,1
33,552,1
556,33,0
557,33,0
33,558,1
575,33,0
33,611,1
33,617,1
619,33,0
33,620,1
33,628,1
647,33,0
648,33,0
33,649,1
33,650,1
33,651,1
33,677,1
33,678,1
33,682,1
33,683,1
33,694,1
695,33,0
696,33,0
33,698,1
33,699,1
33,701,1
702,33,0
703,33,0
727,33,0
33,728,1
33,1280,1
33,1541,1
33,1544,1
1547,33,0
33,1566,1
33,1741,1
1742,33,0
34,190,1
34,217,1
34,218,1
34,219,1
220,34,0
34,222,1
243,34,0
34,277,1
34,280,1
281,34,0
34,284,1
34,285,1
34,389,1
34,518,1
519,34,0
34,522,1
523,34,0
526,34,0
34,527,1
34,529,1
552,34,0
34,620,1
34,682,1
683,34,0
34,698,1
699,34,0
700,34,0
34,701,1
34,702,1
717,34,0
34,828,0
34,1280,1
35,35,1
972,35,0
35,974,1
975,35,0
35,977,1
980,35,0
35,1221,0
1743,35,0
36,36,1
65,36,0
36,446,1
36,672,1
36,915,1
36,916,1
1323,36,0
1324,36,0
36,1422,1
36,1503,0
36,1744,1
36,1745,1
36,1746,1
36,1898,0
37,37,1
412,37,0
413,37,0
1747,37,0
37,1748,1
38,38,1
134,38,0
38,183,1
38,184,1
223,38,0
246,38,0
250,38,0
38,263,1
38,264,1
267,38,0
38,335,0
424,38,0
38,900,1
1075,38,0
38,1364,1
1388,38,0
38,1402,1
38,1425,1
1426,38,0
1538,38,0
1573,38,0
1633,38,0
38,1686,1
38,1728,1
1749,38,0
38,1750,1
38,1751,1
38,1752,1
1753,38,0
38,1754,1
38,1755,1
38,1756,1
1757,38,0
38,1758,1
1759,38,0
1760,38,0
1761,38,0
38,1762,1
38,1763,1
38,1764,1
38,1765,1
1766,38,0
38,1767,1
38,1768,1
1769,38,0
1770,38,0
39,456,1
39,457,1
40,40,1
42,40,0
40,157,1
40,199,1
40,200,1
40,312,0
40,956,1
40,1119,1
40,1557,1
40,1570,1
40,1571,1
40,1771,1
40,1772,1
1773,40,0
1774,40,0
40,1775,1
1776,40,0
40,1777,1
41,29,1
41,1513,1
1514,41,0
41,1516,1
41,1587,1
42,42,1
42,733,1
42,735,1
198,43,0
43,211,1
43,212,1
244,43,0
43,245,1
393,43,0
43,460,1
43,1078,1
43,1778,1
1779,43,0
43,2186,0
44,44,1
44,135,1
44,753,1
44,754,1
755,44,0
44,756,1
44,759,1
821,44,0
44,822,1
829,44,0
44,831,1
44,840,1
44,914,1
44,1280,1
44,1395,1
44,1425,0
44,1724,1
44,1780,1
1781,44,0
44,1782,1
44,1783,1
1784,44,0
45,45,1
45,663,1
45,688,0
45,717,1
46,46,1
186,46,0
1495,46,0
1496,46,0
47,47,1
47,1788,1
47,1789,1
48,48,1
48,346,1
48,616,1
48,920,0
48,1345,1
48,1790,1
48,1791,1
49,121,0
49,734,0
49,853,0
49,1304,1
49,1460,1
49,1796,1
1797,49,0
50,841,1
50,1279,0
50,1511,0
51,753,1
51,754,1
756,51,0
51,914,1
20,52,0
52,52,1
185,52,0
52,187,1
52,189,1
52,270,1
52,386,1
52,467,1
52,562,1
52,563,1
52,865,0
52,915,1
52,916,1
1082,52,0
52,1417,1
52,1443,1
1645,52,0
53,54,1
53,912,1
926,53,0
936,53,0
53,941,1
53,942,1
53,1015,1
53,1016,1
53,1471,1
1847,53,0
54,54,1
54,912,1
54,936,1
54,941,1
54,942,1
54,1016,1
54,1017,0
55,56,1
55,513,0
55,670,1
55,729,1
55,874,1
55,966,0
56,56,1
56,873,1
56,875,1
56,940,1
56,952,1
56,994,1
56,1664,0
57,873,1
57,897,1
57,994,1
57,1006,0
58,934,1
58,935,1
58,1011,1
58,1013,1
58,1848,1
58,2089,0
59,59,1
430,59,0
59,431,1
438,59,0
59,1849,1
59,1850,1
59,1851,1
59,1852,1
59,1853,1
59,1854,1
59,1855,1
59,1928,0
60,226,1
60,227,1
60,228,1
60,572,1
887,60,0
1856,60,0
61,61,1
146,61,0
185,61,0
187,61,0
189,61,0
61,225,1
61,240,1
61,451,1
536,61,0
774,61,0
61,776,1
777,61,0
61,778,1
61,985,0
61,1513,1
1514,61,0
1553,61,0
61,1563,1
61,1564,1
61,1565,1
61,1587,1
1731,61,0
61,1802,1
61,1857,1
1858,61,0
61,1859,1
61,1860,1
61,1861,1
1862,61,0
61,1863,1
1864,61,0
61,1865,1
61,1866,1
61,2037,0
561,62,0
62,633,1
62,780,1
62,1197,0
63,63,1
63,98,1
63,938,1
939,63,0
63,954,1
63,972,1
63,975,1
63,976,1
63,977,1
63,978,1
63,980,1
981,63,0
1020,63,0
63,1021,1
1022,63,0
1181,63,0
63,1367,1
63,1368,1
63,1433,1
63,1434,1
63,1438,1
1439,63,0
1440,63,0
63,1507,0
63,1867,1
63,1868,1
63,1869,1
64,43,1
64,175,0
64,275,0
64,780,1
64,781,1
64,1277,0
1394,64,0
64,1396,1
1397,64,0
64,1400,1
1401,64,0
64,1870,1
217,65,0
65,218,1
65,219,1
220,65,0
221,65,0
222,65,0
916,65,0
1423,65,0
1532,65,0
1533,65,0
65,1871,1
740,66,0
66,741,1
742,66,0
66,744,1
745,66,0
66,746,1
66,877,1
878,66,0
882,66,0
66,1724,1
66,1872,1
66,1873,1
66,1874,1
66,1875,1
67,108,0
67,901,1
903,67,0
67,1640,0
68,807,0
68,825,1
826,68,0
68,1900,0
69,69,1
191,69,0
69,194,1
458,69,0
460,69,0
69,752,1
833,69,0
865,69,0
866,69,0
69,931,0
70,70,1
560,70,0
70,631,1
70,1556,1
70,1926,0
71,28,1
71,71,1
71,383,1
71,836,0
862,71,0
71,885,1
71,1417,1
1418,71,0
71,1741,1
71,1742,1
72,694,0
72,698,0
72,944,1
1003,72,0
72,1204,1
72,1876,1
1877,72,0
1878,72,0
1879,72,0
72,1880,1
73,234,1
73,391,1
392,73,0
73,457,0
73,1395,1
141,74,0
74,294,0
74,1881,1
1882,74,0
74,1969,0
75,1883,1
75,1884,1
75,1885,1
75,1886,1
75,1887,1
76,191,1
192,76,0
76,193,1
76,194,1
833,76,0
76,865,1
77,77,1
77,78,1
230,77,0
790,77,0
77,828,1
898,77,0
77,925,0
230,78,0
231,78,0
78,789,1
78,790,1
78,791,1
78,898,1
78,1172,0
205,79,0
79,208,1
79,209,1
79,798,1
79,800,1
79,802,1
80,349,0
80,746,0
812,80,0
80,813,1
80,814,1
80,1006,0
80,1401,0
80,1420,0
81,81,1
149,81,0
81,904,1
81,1221,1
1373,81,0
1513,81,0
1529,81,0
1530,81,0
81,1778,1
1779,81,0
81,1859,1
81,1860,1
1861,81,0
1863,81,0
1864,81,0
81,1865,1
81,1866,1
81,1888,1
81,1889,1
81,1890,1
1891,81,0
81,1892,1
1893,81,0
1894,81,0
81,1895,1
1896,81,0
81,1897,1
81,1898,1
1899,81,0
81,1900,1
1901,81,0
1902,81,0
1903,81,0
81,1904,1
81,1905,1
81,1906,1
81,1907,1
81,1908,1
81,1909,1
81,1910,1
1911,81,0
81,1912,1
81,1913,1
1914,81,0
1915,81,0
82,82,1
565,82,0
82,1069,1
82,1916,1
183,83,0
83,211,1
212,83,0
83,252,1
580,83,0
83,581,1
631,83,0
83,1111,1
83,1639,1
83,1734,1
1735,83,0
1754,83,0
1916,83,0
83,1917,1
83,1918,1
83,1919,1
83,1920,1
83,1921,1
83,1922,1
1923,83,0
83,1924,1
83,1925,1
1926,83,0
83,1927,1
83,1928,1
84,675,0
84,2032,0
85,1929,1
13,86,0
86,1179,0
86,1930,1
86,1978,0
87,217,1
218,87,0
87,220,1
87,221,1
1519,87,0
87,1532,1
1533,87,0
87,1783,0
87,1987,0
88,88,1
88,720,0
88,886,0
1040,88,0
1101,88,0
89,1931,1
89,1932,1
89,1933,1
89,1934,1
89,1978,0
89,2157,0
90,90,1
90,1391,0
1521,90,0
90,1522,1
90,1523,1
91,213,1
91,906,0
92,92,1
1043,92,0
1935,92,0
92,1936,1
93,93,1
93,590,0
763,93,0
93,764,1
94,345,0
94,765,1
94,1999,0
95,782,1
95,783,1
95,785,1
786,95,0
95,787,1
95,1681,0
96,96,1
96,97,1
96,858,1
96,859,1
860,96,0
861,96,0
96,1024,1
96,2139,0
97,97,1
97,858,1
860,97,0
1024,97,0
98,8,1
181,98,0
182,98,0
98,1109,1
98,1245,1
98,1356,1
1442,98,0
98,1561,0
98,1621,1
1950,98,0
1951,98,0
98,1952,1
98,1953,1
98,1954,1
99,99,1
99,1882,0
100,100,1
100,272,1
100,617,0
837,101,0
101,964,0
1955,101,0
1956,101,0
101,1957,1
102,102,1
102,192,0
102,511,0
102,843,1
844,102,0
102,845,1
846,102,0
102,1734,1
102,1735,1
1958,102,0
1959,102,0
102,1960,1
103,11,1
103,103,1
103,397,1
103,401,1
103,1165,1
1452,103,0
103,1746,0
607,104,0
104,723,1
104,724,1
104,725,1
104,1688,0
105,445,0
105,607,1
725,105,0
105,1376,0
106,106,1
106,469,1
106,480,1
482,106,0
1129,106,0
1604,106,0
106,1803,1
106,1826,1
1961,106,0
1962,106,0
106,1963,1
1964,106,0
1965,106,0
106,1966,1
106,1967,1
1968,106,0
1969,106,0
1970,106,0
1971,106,0
107,107,1
107,818,1
819,107,0
108,108,1
108,1216,0
109,337,0
109,685,1
686,109,0
109,687,1
109,1230,1
109,1506,1
1507,109,0
109,1556,0
110,1193,0
110,1972,1
110,1973,1
300,111,0
111,301,1
111,877,1
111,1884,0
112,635,1
637,112,0
112,638,1
640,112,0
112,642,1
112,643,1
112,665,1
114,29,1
114,114,1
202,114,0
114,250,1
114,351,0
114,492,1
114,732,1
114,862,1
114,969,0
1416,114,0
114,1975,1
114,1976,1
1977,114,0
114,1978,1
1979,114,0
114,1980,1
114,1981,1
1982,114,0
114,1983,1
115,28,1
115,270,1
561,115,0
115,1421,1
116,961,1
116,963,1
117,117,1
117,1984,1
117,1985,1
117,1986,1
117,1987,1
117,2187,0
118,1471,1
1235,119,0
119,1236,1
1988,119,0
119,1989,1
1990,119,0
119,1991,1
119,1992,1
119,1993,1
985,120,0
120,988,1
120,989,1
121,121,1
121,470,1
484,121,0
121,485,1
487,121,0
121,621,1
121,1769,0
122,122,1
122,237,0
122,1227,0
122,1551,0
122,1559,0
1996,122,0
11,123,0
25,123,0
123,100,1
103,123,0
123,123,1
123,334,0
420,123,0
123,575,0
123,780,1
123,781,1
124,124,1
124,183,1
184,124,0
124,271,0
125,116,1
125,421,1
750,125,0
751,125,0
125,804,0
125,1872,0
126,126,1
126,226,0
847,126,0
956,126,0
2016,126,0
126,2017,1
2018,126,0
127,1023,1
127,2019,1
127,2134,0
128,128,1
128,2020,1
128,2021,1
128,2022,1
128,2023,1
2024,128,0
128,2025,1
128,2026,1
129,106,1
129,469,1
479,129,0
480,129,0
129,481,1
129,1401,1
129,1755,1
2027,129,0
129,2028,1
129,2029,1
130,130,1
130,1811,0
130,2101,0
131,131,1
131,277,0
131,2030,1
2031,131,0
132,1942,1
132,1946,1
132,2032,1
2033,132,0
133,235,1
133,237,1
133,238,1
133,479,1
133,480,1
133,481,1
1429,133,0
134,134,1
180,134,0
181,134,0
134,182,1
134,226,1
134,227,1
134,228,1
134,371,1
226,135,0
135,228,1
135,1207,0
1780,135,0
2037,135,0
135,2038,1
135,2039,1
2040,135,0
2041,135,0
135,2042,1
135,2043,1
135,2044,1
2045,135,0
136,401,0
136,412,1
136,413,1
136,622,0
136,1044,0
136,1309,0
137,503,0
137,1158,0
137,1309,0
137,2046,1
137,2047,1
138,1174,0
138,1235,0
138,1938,0
138,2033,0
139,397,0
1358,139,0
139,1775,0
139,1939,0
139,2049,1
8,140,0
140,479,1
140,481,1
2050,140,0
140,2051,1
140,2052,1
140,2072,0
140,2153,0
141,141,1
141,984,0
142,142,1
142,1216,1
143,140,1
143,262,0
143,469,1
143,481,1
781,143,0
143,916,1
143,1261,0
143,1417,1
1643,143,0
144,50,1
387,144,0
144,451,1
144,479,1
144,480,1
144,1395,1
144,1870,1
2057,144,0
2058,144,0
145,688,1
145,689,1
145,737,1
145,969,1
145,970,1
145,1726,0
146,146,1
146,1101,1
1587,146,0
1802,146,0
1857,146,0
146,1858,1
146,1859,1
146,1860,1
146,1861,1
1862,146,0
146,1863,1
146,1866,1
147,147,1
148,781,1
148,1332,1
148,2072,1
149,955,1
149,1087,0
149,2073,1
149,2074,1
150,1278,0
150,1657,1
150,2081,1
150,2082,1
150,2083,1
151,151,1
151,1596,0
151,2093,1
2094,151,0
152,9,1
152,152,1
152,202,1
152,203,1
204,152,0
152,474,1
152,475,1
152,489,1
152,646,1
152,847,1
152,1347,0
152,1425,1
1426,152,0
152,1538,1
152,1588,1
152,1662,1
152,1682,1
152,1768,1
1769,152,0
152,2030,0
152,2084,1
2095,152,0
152,2096,1
2097,152,0
152,2098,1
2099,152,0
152,2100,1
152,2101,1
152,2102,1
152,2103,1
152,2104,1
152,2105,1
152,2106,1
1,153,0
8,153,0
153,61,1
153,106,1
153,123,1
129,153,0
153,271,1
153,396,1
153,402,1
153,457,1
153,481,1
653,153,0
153,780,1
153,781,1
153,1034,1
153,1217,1
1557,153,0
153,2003,1
153,2150,1
153,2151,1
153,2152,1
2153,153,0
154,1265,1
1266,154,0
2158,154,0
2159,154,0
2160,154,0
154,2161,1
155,155,1
155,948,1
949,155,0
155,1025,1
6,156,0
9,156,0
103,156,0
156,156,1
156,185,1
186,156,0
187,156,0
188,156,0
156,189,1
156,201,1
156,224,1
225,156,0
156,240,1
156,401,1
156,405,1
156,420,0
156,441,1
156,506,1
156,508,1
156,539,1
156,553,1
156,554,1
156,561,1
156,562,1
156,565,1
156,570,1
156,599,1
156,601,1
156,602,1
156,603,1
156,615,1
156,616,1
156,633,1
156,652,1
671,156,0
156,731,1
156,767,1
768,156,0
769,156,0
156,770,1
771,156,0
156,775,1
156,777,1
156,778,1
779,156,0
156,781,1
156,933,0
967,156,0
156,1115,1
156,1181,1
156,1182,1
1325,156,0
156,1367,1
1368,156,0
1385,156,0
156,1389,0
1433,156,0
156,1435,1
156,1437,1
1438,156,0
156,1439,1
156,1440,1
156,1455,1
156,1463,1
156,1466,1
156,1489,0
156,1586,1
1598,156,0
1718,156,0
156,1800,1
156,1867,1
1868,156,0
156,1923,1
1982,156,0
156,2034,1
156,2166,1
2167,156,0
156,2168,1
156,2169,1
156,2170,1
156,2171,1
156,2172,1
2173,156,0
156,2174,1
156,2175,1
156,2176,1
156,2177,1
156,2178,1
157,157,1
158,201,1
158,532,1
158,556,1
158,557,1
158,558,1
158,835,1
946,158,0
159,1831,1
159,2179,1
159,2180,1
2181,159,0
159,2182,1
2183,159,0
159,2184,1
159,2185,1
159,2186,1
2187,159,0
1524,160,0
160,2188,1
2189,160,0
160,2190,1
162,510,1
513,162,0
2191,162,0
162,2192,1
163,872,0
1462,163,0
163,1469,1
164,164,1
164,294,0
164,647,1
164,648,1
164,649,1
651,164,0
165,2193,1
267,166,0
166,2194,1
167,945,1
1008,167,0
167,1009,1
167,1446,0
168,82,1
168,204,0
168,677,0
827,168,0
168,1118,1
168,1288,0
168,1732,1
1733,168,0
168,2053,1
168,2054,1
168,2055,1
2195,168,0
168,2196,1
2197,168,0
168,2198,1
169,1004,1
169,1006,1
169,1227,0
169,1320,0
169,1438,0
170,360,0
1086,170,0
170,1346,1
170,1550,0
170,1896,1
170,2199,1
171,226,1
171,501,0
171,958,1
2200,171,0
172,1258,0
1496,172,0
172,1985,0
172,2201,1
2147,173,0
2202,173,0
174,258,0
174,705,1
2056,174,0
174,2203,1
2204,174,0
175,1949,0
177,1244,0
179,954,0
182,482,0
182,634,0
182,754,0
182,810,0
183,1064,0
184,1757,0
184,1807,0
184,2029,0
185,529,0
185,1811,0
186,698,0
186,1090,0
186,1743,0
188,1872,0
189,952,0
189,1033,0
192,1430,0
193,876,0
193,1441,0
194,642,0
195,841,0
196,1966,0
197,1467,0
199,1355,0
201,365,0
201,1261,0
201,1977,0
204,1582,0
206,1368,0
206,2003,0
208,1435,0
208,1701,0
209,643,0
210,1623,0
211,963,0
211,1907,0
212,344,0
213,1341,0
215,822,0
215,1764,0
216,787,0
217,422,0
217,833,0
222,255,0
223,1509,0
224,1336,0
224,1643,0
225,1276,0
227,1900,0
230,336,0
231,830,0
232,293,0
234,1525,0
234,1637,0
235,1874,0
238,469,0
238,1155,0
240,364,0
240,460,0
242,1473,0
243,834,0
244,1681,0
246,1688,0
249,332,0
249,593,0
251,2147,0
252,2094,0
253,311,0
253,887,0
254,410,0
254,666,0
254,886,0
255,1678,0
256,498,0
257,1759,0
258,1298,0
258,1987,0
259,1094,0
259,1367,0
260,1112,0
261,1292,0
262,854,0
263,1073,0
263,2006,0
264,1952,0
265,841,0
265,1907,0
266,637,0
266,741,0
266,948,0
270,2181,0
272,2115,0
272,2155,0
277,1301,0
278,483,0
281,934,0
281,1542,0
282,1171,0
282,1201,0
282,1960,0
283,1751,0
284,1479,0
288,1288,0
290,365,0
292,1002,0
292,2046,0
295,1269,0
295,1707,0
297,1680,0
297,2007,0
299,699,0
299,1311,0
299,1884,0
300,1133,0
300,1960,0
302,870,0
302,899,0
302,1477,0
303,1042,0
304,559,0
304,1630,0
305,421,0
306,1105,0
307,1961,0
313,370,0
313,584,0
314,489,0
315,429,0
316,398,0
316,618,0
316,836,0
316,2103,0
317,902,0
317,1463,0
317,1931,0
317,2031,0
320,1883,0
321,2033,0
324,1085,0
325,757,0
327,1696,0
328,1968,0
328,1989,0
332,422,0
334,424,0
334,1043,0
339,1978,0
341,1178,0
341,2015,0
343,389,0
343,1109,0
344,1343,0
344,1623,0
347,1653,0
349,761,0
349,1328,0
351,2102,0
352,1370,0
353,481,0
353,863,0
355,1185,0
355,2034,0
357,1097,0
357,1278,0
358,1133,0
360,630,0
361,414,0
362,941,0
362,1074,0
365,1556,0
366,876,0
367,2105,0
369,1705,0
370,869,0
371,1725,0
373,646,0
374,1979,0
376,518,0
376,1035,0
378,1782,0
379,673,0
380,1144,0
382,431,0
383,438,0
383,1832,0
383,2179,0
386,706,0
386,1812,0
387,1254,0
387,1807,0
388,1393,0
389,1020,0
389,1513,0
389,1946,0
390,794,0
390,1866,0
393,1619,0
396,475,0
398,616,0
398,1616,0
400,2101,0
402,1772,0
403,1172,0
403,1193,0
405,705,0
405,1883,0
406,797,0
406,1549,0
410,1082,0
411,1745,0
414,975,0
414,1732,0
415,1352,0
416,1607,0
416,2004,0
418,829,0
419,588,0
421,1096,0
422,828,0
422,1949,0
423,737,0
424,450,0
425,1219,0
426,922,0
426,2108,0
427,489,0
427,1335,0
427,1997,0
428,2013,0
429,1100,0
430,1755,0
430,2034,0
431,1278,0
431,1367,0
431,1573,0
433,1439,0
434,1801,0
436,1204,0
436,1777,0
441,508,0
442,1182,0
443,672,0
443,1411,0
444,1931,0
444,2011,0
446,1355,0
447,1225,0
448,971,0
452,1157,0
456,929,0
456,1880,0
457,562,0
460,1766,0
461,836,0
461,1109,0
461,2121,0
463,848,0
463,1075,0
465,937,0
466,678,0
466,1301,0
467,1889,0
468,1449,0
470,1347,0
471,1085,0
472,1692,0
473,1082,0
473,1751,0
475,1545,0
476,816,0
476,2021,0
477,643,0
477,767,0
478,809,0
478,1391,0
478,1537,0
481,616,0
485,1054,0
485,1440,0
487,865,0
487,962,0
488,979,0
489,1044,0
490,1167,0
492,1739,0
495,2038,0
496,2097,0
497,811,0
499,1136,0
500,752,0
500,1410,0
502,894,0
503,1523,0
503,1627,0
503,2193,0
505,1160,0
505,2014,0
506,602,0
506,1913,0
508,1541,0
510,533,0
510,1334,0
511,2156,0
512,933,0
512,1822,0
512,1849,0
513,874,0
513,908,0
513,2030,0
517,2097,0
518,878,0
519,638,0
523,881,0
523,1400,0
525,568,0
525,778,0
527,1422,0
528,1044,0
528,1185,0
530,1255,0
531,611,0
531,626,0
531,1690,0
534,1891,0
535,1204,0
537,1544,0
537,1832,0
538,550,0
539,1863,0
540,656,0
541,1035,0
541,2088,0
543,767,0
543,1681,0
544,1155,0
545,1567,0
545,1878,0
549,746,0
549,1274,0
549,1400,0
551,553,0
553,966,0
555,2076,0
559,1023,0
560,585,0
561,1615,0
564,2103,0
567,710,0
567,1087,0
569,1416,0
569,1836,0
570,669,0
570,847,0
570,1933,0
571,835,0
572,1397,0
574,1462,0
578,1782,0
579,2179,0
580,1635,0
581,1913,0
583,1865,0
583,2186,0
584,957,0
584,1514,0
584,1701,0
586,641,0
588,1397,0
589,985,0
591,1016,0
595,704,0
595,1639,0
600,650,0
601,761,0
602,1516,0
603,1220,0
605,1838,0
606,712,0
606,857,0
608,906,0
609,1458,0
610,1120,0
613,1910,0
619,2068,0
620,756,0
621,1062,0
622,715,0
622,1713,0
624,767,0
624,909,0
628,1734,0
630,866,0
632,771,0
632,1669,0
632,2034,0
633,1457,0
633,1943,0
635,938,0
635,1201,0
637,711,0
640,818,0
641,1398,0
641,1634,0
643,1139,0
644,667,0
645,2125,0
647,1189,0
649,849,0
649,2034,0
650,656,0
651,1156,0
654,1229,0
656,1022,0
657,813,0
658,867,0
661,1951,0
662,932,0
663,1733,0
665,2060,0
667,1150,0
668,1839,0
668,2044,0
669,1633,0
673,1695,0
674,1041,0
674,1442,0
675,734,0
676,799,0
679,1125,0
680,1388,0
682,2083,0
686,736,0
686,944,0
686,1867,0
687,1908,0
687,2071,0
687,2158,0
689,2107,0
690,1767,0
692,1111,0
693,777,0
693,844,0
694,914,0
699,1442,0
700,1057,0
701,2038,0
702,1994,0
705,1723,0
707,1623,0
708,2120,0
709,2173,0
710,1616,0
712,1114,0
712,2056,0
712,2155,0
713,1773,0
714,1894,0
717,1823,0
721,2194,0
722,1414,0
722,2078,0
724,818,0
724,2073,0
725,897,0
727,886,0
730,796,0
730,1493,0
730,1614,0
732,1035,0
737,835,0
744,2042,0
747,1224,0
747,1727,0
749,916,0
749,1891,0
753,1808,0
754,1091,0
755,986,0
755,1364,0
756,1346,0
756,1688,0
757,1246,0
759,1486,0
761,890,0
763,1249,0
763,1602,0
763,1999,0
763,2196,0
765,796,0
765,1302,0
767,1268,0
767,1348,0
768,2063,0
776,785,0
776,1619,0
777,1662,0
777,1692,0
778,1391,0
780,1742,0
782,1972,0
784,1594,0
785,827,0
787,1510,0
788,2020,0
788,2198,0
789,1203,0
789,1345,0
793,1060,0
794,1561,0
795,937,0
796,1846,0
798,849,0
801,2193,0
803,817,0
803,1782,0
804,1643,0
806,957,0
807,1290,0
810,1169,0
811,1867,0
812,2002,0
812,2052,0
813,1553,0
814,1688,0
816,1603,0
820,1099,0
822,1544,0
827,1832,0
828,1058,0
828,2099,0
829,1018,0
829,1214,0
829,1722,0
830,1228,0
830,1313,0
831,1310,0
831,1579,0
832,1011,0
832,1834,0
835,2052,0
837,1257,0
837,2049,0
837,2169,0
837,2187,0
838,1867,0
840,2160,0
840,2187,0
841,1845,0
841,2179,0
844,1838,0
851,1949,0
857,862,0
862,2013,0
863,900,0
863,1948,0
868,1421,0
872,1179,0
872,1384,0
876,1848,0
876,2182,0
877,1978,0
878,931,0
878,1215,0
879,885,0
879,1623,0
879,1763,0
885,1406,0
886,1194,0
890,2095,0
892,1910,0
894,1003,0
894,1228,0
894,2138,0
900,2057,0
901,1295,0
901,1660,0
911,995,0
912,1387,0
913,1586,0
913,1909,0
915,967,0
916,1561,0
917,1455,0
918,1258,0
923,1761,0
927,1540,0
928,1315,0
930,1943,0
934,1907,0
934,1946,0
935,1193,0
935,2065,0
936,1687,0
938,1326,0
939,1570,0
939,2177,0
940,2135,0
943,1734,0
944,2057,0
945,1473,0
946,1563,0
948,1132,0
949,1380,0
950,1558,0
950,1980,0
952,1633,0
960,1271,0
962,2193,0
963,1791,0
964,1693,0
965,1652,0
966,1570,0
970,1641,0
971,1539,0
974,1165,0
974,1830,0
974,2050,0
975,1855,0
976,1168,0
979,1600,0
979,1959,0
980,1755,0
983,1192,0
983,1299,0
983,1460,0
985,1402,0
987,1310,0
987,1333,0
987,2195,0
990,1418,0
991,1439,0
992,1597,0
992,1952,0
994,1011,0
994,1873,0
994,1965,0
995,1138,0
995,1527,0
995,1575,0
996,1279,0
998,1116,0
999,1907,0
999,2202,0
1004,1243,0
1004,2103,0
1005,1621,0
1006,1911,0
1007,1466,0
1010,1272,0
1011,1967,0
1018,1023,0
1018,1601,0
1018,1712,0
1019,1942,0
1022,1632,0
1024,1440,0
1025,1395,0
1026,1775,0
1028,1442,0
1029,1569,0
1031,1825,0
1033,2023,0
1036,1366,0
1037,1062,0
1038,1324,0
1039,1226,0
1039,1756,0
1041,1347,0
1044,1228,0
1046,1266,0
1047,1380,0
1049,1258,0
1051,1909,0
1051,1943,0
1053,1176,0
1055,1436,0
1060,1222,0
1060,2197,0
1061,2025,0
1061,2059,0
1062,1169,0
1063,2162,0
1064,1971,0
1066,1090,0
1067,1653,0
1069,1952,0
1070,1153,0
1071,1767,0
1079,1234,0
1080,1933,0
1084,1554,0
1084,1722,0
1087,1204,0
1089,1438,0
1090,1638,0
1092,1696,0
1098,1645,0
1099,1643,0
1100,2169,0
1103,1715,0
1104,1956,0
1105,1716,0
1106,1242,0
1108,1267,0
1117,1263,0
1122,1939,0
1125,1402,0
1127,2199,0
1129,1683,0
1131,1633,0
1133,1251,0
1133,1504,0
1137,1576,0
1138,1431,0
1138,2071,0
1139,1468,0
1139,1881,0
1140,1823,0
1144,1641,0
1145,1440,0
1145,1782,0
1146,1268,0
1146,1638,0
1149,2010,0
1156,1698,0
1158,1249,0
1158,1473,0
1158,2077,0
1162,2112,0
1162,2195,0
1163,1853,0
1166,1292,0
1170,1967,0
1173,1196,0
1173,1450,0
1175,2036,0
1176,1739,0
1178,2160,0
1180,1504,0
1181,1819,0
1182,1927,0
1182,1989,0
1190,1708,0
1190,2100,0
1191,1553,0
1191,1646,0
1193,1361,0
1195,1201,0
1197,1361,0
1198,1616,0
1200,2026,0
1210,2025,0
1213,1248,0
1217,1296,0
1221,1877,0
1221,1952,0
1224,1456,0
1227,2180,0
1229,1243,0
1234,1838,0
1235,1336,0
1235,1933,0
1236,1253,0
1238,2059,0
1240,1667,0
1242,1378,0
1256,1699,0
1262,1704,0
1268,1516,0
1269,1629,0
1270,1325,0
1270,1593,0
1283,1423,0
1289,1803,0
1295,1396,0
1297,2090,0
1298,2164,0
1300,2083,0
1303,1601,0
1305,2009,0
1306,1909,0
1307,1556,0
1309,1761,0
1309,1864,0
1314,1641,0
1314,1807,0
1319,1547,0
1320,1421,0
1320,2148,0
1320,2172,0
1324,2078,0
1325,1375,0
1335,1764,0
1339,2012,0
1340,1466,0
1340,1504,0
1349,1383,0
1352,1698,0
1354,2025,0
1355,1928,0
1358,1952,0
1359,2177,0
1362,1483,0
1365,1655,0
1370,1716,0
1371,1425,0
1371,2009,0
1381,1826,0
1383,2025,0
1389,1788,0
1393,2137,0
1394,1425,0
1394,1968,0
1396,1640,0
1396,1666,0
1397,1607,0
1400,1452,0
1402,2162,0
1403,1912,0
1403,2184,0
1407,2097,0
1407,2129,0
1410,1628,0
1411,2081,0
1412,1777,0
1412,1781,0
1413,1806,0
1416,1588,0
1419,2095,0
1420,1814,0
1420,1838,0
1425,1912,0
1428,1809,0
1428,2153,0
1428,2160,0
1429,2145,0
1435,1957,0
1435,2025,0
1436,1695,0
1438,1855,0
1438,2103,0
1446,1956,0
1446,2161,0
1447,1744,0
1448,1596,0
1456,2135,0
1459,1740,0
1468,1781,0
1469,1509,0
1471,1656,0
1475,1489,0
1476,1599,0
1477,2084,0
1484,1905,0
1484,1946,0
1485,1489,0
1485,1679,0
1489,1926,0
1495,1643,0
1500,1555,0
1503,1744,0
1504,1828,0
1504,1978,0
1506,1896,0
1509,2100,0
1510,1679,0
1510,2014,0
1510,2158,0
1512,2166,0
1513,1949,0
1520,1887,0
1521,1898,0
1524,1935,0
1528,2183,0
1531,1889,0
1541,1836,0
1542,1579,0
1544,1981,0
1544,2028,0
1547,1998,0
1551,2138,0
1553,1653,0
1553,1996,0
1562,2171,0
1564,1608,0
1571,1858,0
1573,2050,0
1574,1606,0
1574,1944,0
1581,2126,0
1583,1763,0
1585,1813,0
1594,1816,0
1601,1604,0
1602,2068,0
1605,1840,0
1611,1636,0
1611,2111,0
1612,2054,0
1612,2066,0
1614,1987,0
1615,2115,0
1618,2072,0
1620,1942,0
1626,1922,0
1626,2076,0
1633,2143,0
1636,2084,0
1636,2172,0
1641,1859,0
1642,2164,0
1643,2153,0
1645,1686,0
1648,1913,0
1659,1821,0
1660,1697,0
1660,1755,0
1662,1742,0
1663,2194,0
1664,1723,0
1667,2127,0
1670,1891,0
1670,1923,0
1673,1704,0
1675,2039,0
1680,1743,0
1681,1946,0
1685,1815,0
1686,2177,0
1695,1806,0
1696,2035,0
1702,1789,0
1707,2196,0
1720,1980,0
1722,2037,0
1726,1918,0
1732,2128,0
1738,1865,0
1742,1933,0
1744,2011,0
1777,1891,0
1782,2035,0
1783,1862,0
1799,2162,0
1802,2044,0
1805,2112,0
1828,1916,0
1832,2146,0
1861,1938,0
1871,1949,0
1875,1989,0
1878,2122,0
1895,1943,0
1912,2017,0
1921,2025,0
1926,2041,0
1926,2078,0
1930,2194,0
1934,2102,0
1941,2003,0
1948,2068,0
1965,2140,0
1971,1983,0
2009,2064,0
2009,2196,0
2016,2107,0
2020,2055,0
2045,2124,0
2048,2160,0
2052,2139,0
2060,2087,0
2070,2103,0
2082,2144,0
2093,2094,0
2098,2141,0
2105,2117,0
2117,2145,0
2122,2156,0
