0,1669,0
2,64,1
2,303,0
2,654,1
2,720,1
2,781,1
2,833,1
2,1026,1
2,1557,0
1587,2,0
2,1950,1
2,2055,1
2,2095,1
2222,2,0
2,2244,1
2,2291,1
2310,2,0
2,2317,1
2,2319,1
2,2320,1
2,2376,1
2,2384,1
2,2393,1
2,2401,1
2409,2,0
2,2428,1
3,2262,0
4,16,0
4,1771,0
5,747,0
5,913,0
6,2465,0
7,2048,0
8,1325,0
10,434,0
10,1957,0
11,95,0
11,242,0
11,1314,0
2425,12,0
13,29,1
13,203,1
221,13,0
250,13,0
13,251,1
305,13,0
13,339,1
13,341,1
386,13,0
408,13,0
13,426,1
13,448,1
13,452,1
13,459,1
13,563,1
13,599,1
13,628,1
13,634,1
13,654,1
13,656,1
661,13,0
13,664,1
13,690,1
13,706,1
800,13,0
13,819,1
13,857,1
13,935,1
13,939,1
951,13,0
13,1048,1
13,1072,1
13,1143,1
13,1212,0
1265,13,0
1307,13,0
13,1318,1
13,1322,1
13,1425,1
13,1458,1
13,1488,1
13,1489,1
13,1510,1
1529,13,0
13,1530,1
1576,13,0
13,1602,1
13,1612,1
13,1712,1
13,1836,1
1879,13,0
13,1921,1
13,1925,1
13,1938,1
13,1964,1
13,1993,1
2183,13,0
2203,13,0
13,2248,0
13,2342,1
13,2425,1
13,2462,1
15,2422,0
16,1494,0
17,518,0
17,1747,0
17,2250,0
19,1481,0
20,153,0
20,176,0
22,1859,0
22,1921,0
22,2199,0
23,483,0
23,596,0
23,802,0
23,1271,0
23,1593,0
23,1776,0
23,2038,0
23,2397,0
24,496,0
25,353,0
26,103,0
26,654,0
26,1386,0
27,815,0
27,1604,0
27,2015,0
28,659,0
28,1019,0
28,1792,0
28,1958,0
30,193,0
554,30,0
30,571,1
30,640,1
30,813,1
30,827,0
881,30,0
30,928,0
30,1246,1
30,1277,1
1696,30,0
30,1808,0
30,1996,1
30,2426,1
31,63,1
31,215,1
31,326,1
470,31,0
31,635,1
638,31,0
31,687,1
31,833,1
31,1215,1
1298,31,0
31,1820,1
31,2081,1
32,537,0
32,2417,0
33,1738,0
414,34,0
34,512,1
653,34,0
34,863,0
1994,34,0
34,2325,0
34,2441,0
35,846,0
583,36,0
629,36,0
36,1242,0
36,1904,0
2076,36,0
37,92,0
37,376,0
37,842,0
37,2070,0
38,1359,0
39,641,0
39,939,1
39,1103,1
39,1311,0
40,93,0
40,168,0
40,379,0
41,216,0
41,326,0
41,416,0
42,234,1
42,1361,1
42,1866,0
42,2447,1
43,44,0
44,2274,0
45,1691,0
46,1125,0
46,1916,0
47,59,1
105,47,0
124,47,0
47,142,1
168,47,0
47,171,0
47,313,1
47,340,1
47,359,1
47,394,1
47,620,1
654,47,0
47,690,1
47,743,1
47,781,1
47,814,1
47,825,0
899,47,0
47,939,1
1145,47,0
47,1150,1
47,1182,1
47,1185,1
1239,47,0
47,1404,1
1459,47,0
47,1520,0
1585,47,0
1664,47,0
1682,47,0
1831,47,0
47,1992,1
2014,47,0
47,2128,0
47,2145,1
47,2245,1
47,2276,1
2358,47,0
48,331,0
50,16,1
50,46,1
75,50,0
50,209,1
50,212,1
50,442,0
50,619,1
50,690,1
50,815,1
950,50,0
50,1081,1
50,1289,0
50,1381,1
50,1525,1
1674,50,0
1793,50,0
1863,50,0
50,1905,1
1955,50,0
50,2166,1
50,2426,1
51,934,0
52,139,0
53,635,1
53,721,0
53,1364,0
53,2163,0
54,1196,1
55,2381,0
56,1784,0
56,2405,0
57,147,0
57,273,1
58,1813,0
58,2378,0
59,813,0
59,1765,0
59,1945,0
60,88,1
60,195,1
60,215,1
60,269,1
304,60,0
60,326,1
60,433,1
60,439,0
60,519,1
60,563,1
60,656,1
709,60,0
60,1591,1
60,1771,1
62,592,0
81,63,0
63,99,1
63,152,1
412,63,0
63,429,1
63,585,1
621,63,0
63,659,1
63,728,0
63,891,1
63,1514,1
1683,63,0
63,2040,0
2331,63,0
64,2189,0
65,394,0
65,1722,0
67,2247,0
67,2299,0
68,8,1
68,146,1
68,236,1
392,68,0
68,412,1
68,429,1
452,68,0
560,68,0
68,663,1
725,68,0
68,798,0
68,939,1
1167,68,0
68,1215,1
68,1326,1
1375,68,0
68,1483,1
68,1505,1
1568,68,0
1620,68,0
68,1628,1
68,1688,1
68,1741,1
68,1803,1
68,1990,1
2087,68,0
2093,68,0
68,2240,1
68,2357,1
72,237,0
72,1280,1
73,2091,0
74,872,0
76,160,1
76,586,1
76,864,1
76,1882,1
76,1953,0
77,1670,0
77,1706,0
77,1732,0
77,2148,0
78,132,0
78,204,1
78,211,0
78,635,1
78,827,0
1128,78,0
78,1176,1
78,1248,0
78,1502,0
1582,78,0
78,1717,1
78,1940,1
78,2393,0
79,125,0
79,1373,0
79,2013,0
80,2196,0
81,1423,0
81,1898,0
82,145,0
82,671,0
82,1757,0
82,1991,1
83,648,0
84,200,0
84,722,0
1792,84,0
85,148,0
85,938,0
85,2242,1
86,563,1
86,1630,0
88,2333,0
89,329,1
89,985,1
1388,89,0
89,1425,1
89,2144,1
90,431,0
91,370,0
91,2143,0
92,125,0
93,439,0
94,1267,0
94,1900,0
94,1946,0
95,1367,0
95,1814,0
97,555,0
97,952,0
97,2029,0
98,2092,0
99,1257,0
101,2228,0
102,598,0
103,1312,0
103,2240,1
104,312,0
104,574,0
106,1101,0
107,1155,0
107,2065,0
8,108,0
108,105,1
108,181,1
108,252,0
108,340,1
108,481,1
877,108,0
108,1101,0
1234,108,0
108,1251,0
108,1311,1
108,1406,1
1427,108,0
108,1518,0
108,1622,1
1697,108,0
108,1770,1
1933,108,0
108,1955,1
109,149,0
109,404,0
109,492,0
110,1528,0
110,2342,0
725,111,0
111,932,0
1274,111,0
111,1513,0
111,1847,0
111,2304,0
112,572,0
112,1950,0
112,2392,0
112,2420,0
113,282,0
113,937,0
113,1896,0
114,1968,0
115,2423,0
47,116,0
625,116,0
116,1147,1
1344,116,0
116,1456,0
116,2115,1
117,198,0
118,29,1
529,118,0
118,646,1
118,700,1
118,732,1
118,780,1
959,118,0
118,1172,0
118,1196,1
118,1468,1
118,1573,1
1824,118,0
1828,118,0
118,1830,1
118,1847,1
118,2059,0
118,2198,1
118,2385,1
118,2412,1
119,334,0
120,1132,0
120,1302,0
120,1518,0
120,1579,0
2149,120,0
121,220,0
121,399,1
121,541,0
121,1013,0
121,1542,0
1939,121,0
122,1333,0
123,858,0
123,1209,0
123,1906,0
124,509,0
124,1224,0
124,1614,1
125,2429,0
126,460,0
126,1968,0
127,639,0
127,1257,0
127,1445,0
127,1475,0
129,753,0
129,1954,0
130,1171,1
130,1215,1
130,1983,1
130,2058,1
131,1146,0
131,1358,0
933,132,0
132,1274,0
132,2213,1
132,2341,0
133,1951,0
134,588,0
134,1678,0
135,1106,0
135,1691,1
135,1762,0
135,1926,1
136,1876,0
137,102,1
137,427,1
137,432,1
137,624,1
635,137,0
137,690,1
737,137,0
864,137,0
137,900,1
137,935,1
137,939,1
963,137,0
1072,137,0
1094,137,0
137,1307,1
137,1322,1
137,1351,1
137,1383,1
137,1415,1
137,1416,1
1441,137,0
1466,137,0
137,1601,1
137,1625,0
1724,137,0
1783,137,0
137,1836,1
1847,137,0
137,1912,1
1921,137,0
137,1965,1
2015,137,0
137,2035,1
137,2053,1
2183,137,0
137,2293,1
137,2426,1
137,2436,0
2462,137,0
140,181,1
273,140,0
140,340,1
777,140,0
140,939,1
1047,140,0
1062,140,0
140,1285,1
140,1761,1
141,244,0
141,538,0
141,1592,0
142,1383,0
142,1393,0
143,931,0
144,1877,0
145,774,0
146,919,0
146,1764,0
146,2455,0
147,1170,1
33,149,0
149,79,1
149,273,1
149,399,1
690,149,0
149,763,0
149,797,0
149,939,1
149,2427,0
150,590,0
150,997,1
151,64,1
151,1244,0
151,1419,0
151,1685,0
151,1975,0
151,2055,1
151,2222,1
151,2244,1
2291,151,0
151,2317,1
151,2319,1
151,2320,1
2376,151,0
151,2401,1
2409,151,0
153,153,1
153,659,1
153,695,1
153,1132,1
1200,153,0
153,1202,0
153,2432,0
2436,153,0
154,297,0
154,939,1
154,1607,1
154,2459,0
155,382,0
155,931,0
155,2133,0
156,700,1
156,1824,1
157,243,0
157,664,0
157,2337,0
158,1806,0
158,2099,0
159,356,0
159,509,1
159,1744,0
160,240,0
160,438,0
160,557,0
161,477,0
161,1180,0
162,706,1
1838,162,0
163,440,0
163,768,0
164,66,1
164,80,1
164,123,1
158,164,0
164,205,0
293,164,0
164,397,1
435,164,0
164,554,1
164,680,1
769,164,0
164,802,1
164,929,1
1126,164,0
164,1142,1
1183,164,0
164,1234,1
1316,164,0
164,1391,1
164,1404,1
164,1518,0
164,1945,1
2019,164,0
164,2091,1
165,494,0
165,853,0
166,64,1
654,166,0
166,833,1
166,1026,1
166,1355,0
166,2038,0
166,2055,1
166,2218,0
2222,166,0
166,2244,1
2291,166,0
166,2310,1
2317,166,0
166,2319,1
166,2320,1
166,2384,1
2401,166,0
166,2409,1
167,1294,0
168,1940,0
320,169,0
377,169,0
169,413,1
169,449,1
457,169,0
169,603,1
169,707,1
169,718,1
779,169,0
169,840,1
850,169,0
870,169,0
169,908,1
169,959,1
169,1024,1
169,1114,1
169,1181,0
169,1209,1
1297,169,0
169,1463,1
169,1580,1
169,1636,1
169,1646,1
169,1723,1
169,1811,0
169,1845,1
169,1857,1
169,1874,1
1999,169,0
169,2059,1
169,2093,1
169,2172,1
2381,169,0
170,293,1
170,1110,0
170,1921,1
170,2230,0
172,876,0
172,1159,1
172,1336,0
173,29,1
173,91,1
412,173,0
173,434,1
635,173,0
173,939,1
173,1315,1
173,1354,1
1700,173,0
173,1764,0
2213,173,0
173,2338,1
2371,173,0
174,1018,0
174,1099,0
174,1370,0
174,2393,0
47,175,0
175,739,0
175,1060,0
175,2321,0
176,1176,0
150,178,0
178,181,1
178,213,1
178,690,1
178,777,1
178,827,1
939,178,0
178,943,1
178,1205,1
178,1427,1
178,1566,1
178,1626,1
178,2029,1
178,2035,1
2128,178,0
178,2362,1
179,1396,0
180,206,0
564,181,0
181,628,0
671,181,0
181,997,1
181,1240,0
181,1421,0
181,1510,0
181,1759,1
1761,181,0
1795,181,0
181,2035,1
181,2086,1
181,2433,0
182,405,0
182,1615,0
430,183,0
183,1215,0
183,2407,0
184,192,1
184,269,1
184,939,1
184,1605,0
184,2299,0
199,185,0
185,725,1
943,185,0
185,948,0
185,1394,0
185,1414,1
185,1556,0
185,1568,1
185,1691,1
185,1773,1
185,1810,1
185,1933,1
186,466,1
467,186,0
186,468,1
186,619,1
186,646,1
186,700,1
1196,186,0
186,1205,1
186,1248,0
186,1323,0
186,1557,0
186,1824,1
188,326,0
188,673,1
188,674,1
188,982,1
188,994,1
188,1121,1
188,1247,0
188,1258,1
188,1705,0
188,2186,1
189,375,0
190,285,0
190,290,0
190,830,0
190,1016,0
190,2348,0
191,500,0
191,2048,0
191,2155,0
192,638,0
192,2260,0
193,969,0
193,1408,0
194,2139,0
195,234,0
195,327,0
195,1990,0
197,378,0
197,2075,0
198,99,1
198,194,1
304,198,0
198,546,1
198,797,1
198,845,1
198,911,1
198,939,1
198,1017,0
1215,198,0
198,1262,0
198,1603,0
198,1979,1
2098,198,0
2331,198,0
199,2305,0
200,479,1
200,2109,0
202,203,0
202,300,1
605,202,0
202,771,0
202,1086,1
202,1239,1
202,1415,1
202,1441,1
1503,202,0
202,1844,0
202,2075,1
202,2224,1
202,2308,1
2309,202,0
202,2324,1
203,1639,0
204,80,1
204,234,1
204,364,1
204,553,1
204,636,1
204,921,1
204,935,1
204,1040,1
204,1071,1
204,1081,1
204,1277,1
204,1387,1
204,1837,1
204,1839,0
204,1852,1
204,1913,1
2161,204,0
204,2470,1
213,205,0
214,205,0
205,242,1
205,268,1
205,274,1
342,205,0
205,361,1
205,584,1
660,205,0
205,673,1
706,205,0
707,205,0
205,783,1
814,205,0
205,878,1
205,994,1
205,1147,1
205,1176,1
205,1205,1
1229,205,0
205,1258,1
205,1259,1
205,1567,1
205,1585,1
205,1661,1
205,1664,1
1695,205,0
205,1838,1
1847,205,0
205,1941,1
205,2057,1
205,2068,0
205,2385,1
206,822,0
206,2431,0
207,1790,0
208,1028,0
208,1344,0
208,1511,0
208,2141,0
209,355,0
209,769,0
304,211,0
211,659,1
211,758,1
939,211,0
1208,211,0
211,2240,1
212,1302,0
213,286,0
213,2097,0
274,214,0
214,361,1
584,214,0
214,660,1
214,706,1
707,214,0
214,798,0
214,899,0
214,1284,0
214,1299,1
214,1558,0
214,1609,0
214,1993,0
2104,214,0
2115,214,0
2174,214,0
215,6,1
215,80,1
99,215,0
215,141,1
215,215,1
215,225,1
215,294,1
215,419,1
215,473,1
215,555,1
215,569,1
215,596,1
215,649,1
215,652,1
215,677,1
215,724,1
752,215,0
215,789,1
215,804,1
215,877,1
215,947,1
953,215,0
969,215,0
215,1136,1
215,1145,1
215,1155,1
1188,215,0
215,1366,1
215,1502,1
215,1512,1
1518,215,0
1563,215,0
215,1620,1
1685,215,0
1855,215,0
1921,215,0
2109,215,0
215,2133,0
215,2140,1
215,2159,1
2197,215,0
2344,215,0
215,2368,1
216,95,1
216,190,1
216,725,1
216,1181,1
216,1316,1
1377,216,0
1672,216,0
1702,216,0
216,1969,1
216,2052,1
216,2202,1
2215,216,0
2277,216,0
63,217,0
326,217,0
635,217,0
217,830,0
217,1215,1
217,1298,1
217,1820,1
217,2081,1
1131,218,0
218,1404,1
218,1879,0
219,273,0
219,549,0
219,1593,0
220,1300,0
220,1430,0
220,1668,0
221,408,0
221,1020,0
222,2136,0
223,1967,0
224,1981,0
225,680,0
227,11,1
227,718,1
227,823,1
227,1066,1
227,1182,1
227,1352,1
1925,227,0
1999,227,0
227,2115,1
227,2239,1
227,2435,1
228,1090,0
228,1230,0
1311,229,0
229,1894,0
231,1027,0
231,2062,0
232,973,0
234,1364,0
235,859,0
235,875,0
235,1802,0
236,585,0
236,885,0
237,407,0
237,1303,0
238,1697,0
238,2102,0
239,239,1
239,628,0
240,300,0
240,606,0
240,1568,1
240,1594,0
240,1881,0
241,17,1
241,74,1
79,241,0
81,241,0
127,241,0
213,241,0
241,235,1
241,277,1
328,241,0
241,399,1
241,413,1
422,241,0
439,241,0
241,455,1
508,241,0
546,241,0
241,585,1
625,241,0
241,635,1
241,638,1
241,785,1
241,822,1
241,903,0
993,241,0
1066,241,0
241,1068,1
241,1148,1
1196,241,0
241,1216,1
1250,241,0
241,1635,1
241,1684,1
241,1695,1
241,1801,1
241,1913,1
241,1947,1
1978,241,0
1990,241,0
241,2080,1
2209,241,0
241,2256,1
241,2380,1
242,366,0
242,1706,0
242,2457,0
243,1399,0
243,1865,0
243,2301,0
244,610,0
244,1097,0
244,2105,0
245,319,0
246,2185,0
247,327,0
247,1046,0
1142,247,0
247,1425,1
247,1959,1
247,2096,0
248,1226,0
238,250,0
250,619,1
250,824,0
1142,250,0
250,1264,0
250,1955,1
251,532,0
251,1092,0
251,2265,0
252,304,1
252,1182,1
519,253,0
253,939,1
253,1027,0
253,1315,1
253,1535,0
1691,253,0
254,845,0
254,876,0
254,1972,1
254,2244,0
255,1709,0
255,2318,0
256,891,0
256,1159,1
256,1651,0
256,1976,0
257,269,0
257,365,0
257,735,0
257,2163,0
258,2278,0
258,2396,0
258,2421,0
258,2441,0
260,1426,0
260,1898,0
261,677,0
261,1772,1
262,1147,0
263,1237,0
263,1327,1
263,1847,0
216,264,0
264,651,0
1138,264,0
264,1435,1
264,1892,0
264,2307,0
265,413,0
266,47,1
266,725,0
1215,266,0
266,1389,1
2284,266,0
266,2438,0
268,885,0
268,910,0
268,1716,0
269,677,0
270,1892,0
271,63,1
326,271,0
271,470,1
635,271,0
271,669,1
271,833,1
271,1215,1
271,1230,1
271,1828,0
2035,271,0
271,2081,1
271,2183,1
272,479,0
272,1376,0
272,2050,0
272,2362,0
273,300,0
918,273,0
273,997,1
273,1759,1
2035,273,0
273,2342,1
753,274,0
754,274,0
274,1275,0
275,116,1
275,200,1
275,213,1
275,340,1
275,430,1
275,855,1
275,879,0
275,947,1
275,1205,1
275,1239,1
275,1293,0
275,1316,1
275,1620,1
1789,275,0
275,1834,0
275,1921,1
275,1955,1
276,854,0
277,993,0
278,1385,0
278,2074,1
279,1396,0
279,2446,0
280,250,1
280,1622,0
281,1789,0
283,729,0
283,921,0
283,1333,0
283,1509,0
283,2137,0
22,284,0
222,284,0
284,289,1
365,284,0
284,423,1
284,497,1
670,284,0
284,743,1
284,909,0
284,1082,1
284,1271,1
284,1399,1
284,1570,1
1689,284,0
284,2017,1
284,2064,1
284,2079,1
2117,284,0
284,2392,1
284,2434,1
285,575,0
285,609,0
285,821,0
285,1994,0
286,1723,0
287,2056,0
287,2137,0
288,21,1
288,275,1
347,288,0
288,595,1
288,597,1
288,604,1
288,635,1
288,648,1
288,669,1
288,792,0
288,814,1
288,939,1
979,288,0
1009,288,0
288,1048,1
1073,288,0
288,1074,1
288,1215,1
288,1419,1
1585,288,0
288,1641,1
1794,288,0
288,1902,1
1903,288,0
288,1904,1
288,1905,1
288,1906,1
288,1908,1
1909,288,0
288,1921,1
1975,288,0
288,2170,1
2171,288,0
2176,288,0
288,2178,1
288,2185,1
288,2248,1
2252,288,0
288,2336,1
2337,288,0
289,2427,0
290,1187,0
291,2205,1
291,2346,1
292,1719,0
296,1752,0
296,2349,0
297,1246,0
297,2142,0
297,2250,0
298,216,1
298,380,0
1138,298,0
298,2102,0
298,2321,1
299,540,0
300,627,0
300,1208,0
301,2220,0
302,1927,0
302,2046,0
303,1433,0
303,2186,0
304,960,0
305,1747,0
306,2089,0
307,1848,0
308,482,0
308,686,0
700,308,0
1824,308,0
308,2316,0
309,2156,0
340,310,0
310,448,0
310,617,1
939,310,0
1345,310,0
310,1349,1
310,2213,0
2386,310,0
311,385,0
312,1350,0
314,1255,0
316,597,0
318,446,0
319,950,0
320,1767,0
320,2430,0
321,1427,1
321,2444,1
322,806,0
322,1078,0
322,1800,0
323,1292,0
323,2417,0
324,395,0
324,1182,1
324,1992,1
324,2212,0
325,566,0
325,1913,0
325,2337,0
325,2384,0
327,1616,0
329,847,0
330,915,0
939,330,0
1182,330,0
330,1528,1
330,1742,1
331,332,0
331,1062,0
331,1726,0
332,1035,0
332,1692,0
332,1777,0
333,2056,0
334,1049,0
334,1861,0
335,1264,0
335,1677,0
335,1765,0
335,2048,0
336,1513,0
336,2162,0
337,1777,0
339,1255,0
340,21,1
197,340,0
340,260,1
484,340,0
340,505,1
561,340,0
340,563,1
340,564,1
340,597,1
340,604,1
340,654,1
340,669,1
340,690,1
730,340,0
340,740,1
814,340,0
340,939,1
996,340,0
340,1005,1
340,1065,1
340,1073,1
340,1074,1
1239,340,0
340,1293,1
340,1300,1
1315,340,0
340,1389,1
340,1395,1
340,1416,1
340,1575,1
1585,340,0
1641,340,0
340,1691,1
340,1743,1
340,1768,1
340,1794,1
340,1834,1
1891,340,0
340,1899,1
1902,340,0
1903,340,0
340,1904,1
1905,340,0
1906,340,0
340,1908,1
1909,340,0
340,1975,1
2035,340,0
340,2074,1
2102,340,0
340,2170,1
340,2171,1
340,2173,0
2176,340,0
340,2178,1
340,2185,1
340,2190,1
2226,340,0
2239,340,0
340,2252,1
340,2258,1
2336,340,0
340,2337,1
2419,340,0
340,2454,1
341,412,0
342,1155,0
342,1481,0
342,1486,0
342,1572,0
342,2196,0
342,2263,0
343,169,1
343,1215,1
2172,343,0
343,2435,0
344,1854,0
345,713,0
345,1618,0
346,1043,0
346,2385,0
347,2235,0
348,1797,0
348,1944,0
349,1715,0
349,2031,0
350,639,0
350,1945,0
350,2140,0
351,1895,0
352,688,1
352,807,1
352,2028,0
353,2438,0
354,1056,0
354,1402,0
354,1764,0
355,1407,0
355,1569,0
356,452,0
356,1040,0
356,2061,0
356,2372,0
357,535,1
625,357,0
357,809,1
819,357,0
357,875,1
357,1577,1
1589,357,0
357,1868,1
2137,357,0
357,2302,1
357,2458,1
358,430,0
358,917,0
358,1781,0
359,0,1
8,359,0
359,30,1
99,359,0
328,359,0
359,399,1
359,412,1
483,359,0
359,565,1
359,635,1
359,826,1
359,847,1
359,877,1
925,359,0
359,1017,1
359,1163,1
359,1184,1
1215,359,0
359,1311,1
359,1351,1
359,1435,1
359,1451,1
1517,359,0
359,1519,1
359,1548,1
359,1562,1
359,1705,1
359,1729,1
359,1802,1
1868,359,0
359,2051,1
2134,359,0
359,2233,1
359,2360,1
361,753,1
361,2128,0
362,304,1
362,718,1
362,826,1
833,362,0
362,939,1
362,975,0
1219,362,0
362,1311,1
362,1921,1
2035,362,0
362,2119,1
362,2439,0
363,802,0
363,1663,0
364,1024,0
307,366,0
366,601,1
366,1328,1
1691,366,0
366,2119,0
367,403,0
367,1458,0
367,1652,0
368,1519,0
368,2343,0
370,640,0
370,693,0
371,872,0
371,1321,0
371,1352,0
372,81,1
1427,372,0
372,1482,0
372,2156,0
373,786,0
373,2188,0
375,823,0
376,1959,0
376,2024,0
377,29,1
45,377,0
377,213,1
377,273,1
377,307,1
323,377,0
377,412,1
377,429,1
377,635,1
377,646,1
377,667,0
377,690,1
377,700,1
732,377,0
780,377,0
377,870,1
377,907,1
377,959,1
1176,377,0
1196,377,0
377,1438,0
377,1573,1
377,1824,1
377,1828,1
1830,377,0
377,1847,1
377,1868,1
1921,377,0
377,2035,1
377,2198,1
377,2385,1
377,2412,1
379,643,0
379,1668,1
381,1739,1
1850,381,0
381,2183,1
381,2316,1
381,2397,0
2440,381,0
382,390,0
382,1362,0
382,1582,0
382,2084,0
383,1633,0
105,384,0
384,322,1
384,340,1
384,1330,0
384,2228,0
384,2422,1
385,1612,0
385,1844,0
386,1409,0
386,1507,0
386,1603,0
386,1623,0
387,796,0
387,1128,0
387,1149,0
387,1558,0
387,2227,0
390,99,1
390,1670,0
390,2098,0
391,1429,0
391,1460,0
394,29,1
50,394,0
394,122,1
394,134,1
203,394,0
394,213,1
394,221,1
251,394,0
253,394,0
299,394,0
394,339,1
394,408,1
394,412,1
394,426,1
394,448,1
394,452,1
394,459,1
512,394,0
394,563,1
577,394,0
394,599,1
394,628,1
394,634,1
394,635,0
394,654,1
394,661,1
664,394,0
394,690,1
394,700,1
394,857,1
394,935,1
394,939,1
394,1048,1
394,1064,1
1081,394,0
394,1088,1
394,1094,1
394,1143,1
394,1215,1
394,1265,1
394,1322,1
394,1405,1
394,1425,1
394,1458,1
394,1488,1
394,1489,1
1510,394,0
1529,394,0
394,1530,1
394,1576,1
1602,394,0
1612,394,0
394,1626,1
1712,394,0
394,1723,1
394,1756,1
394,1836,1
394,1879,1
1925,394,0
1938,394,0
394,2044,1
394,2176,1
394,2183,1
394,2203,1
394,2342,1
394,2462,1
395,1346,0
395,1552,0
395,2447,1
396,635,1
396,833,1
396,984,0
396,1192,1
1215,396,0
1678,396,0
1745,396,0
396,1829,1
396,2193,1
396,2287,1
397,794,0
397,1070,0
398,1146,0
399,29,1
399,55,1
399,79,1
92,399,0
399,99,1
399,171,1
399,174,1
399,188,1
221,399,0
251,399,0
399,304,1
399,307,1
399,346,1
399,386,1
399,391,1
399,399,1
399,406,1
399,448,1
399,459,1
399,496,1
399,520,1
554,399,0
399,563,1
399,599,1
399,635,1
654,399,0
656,399,0
661,399,0
399,681,1
399,690,1
399,692,1
696,399,0
399,792,1
399,800,1
843,399,0
399,844,1
399,857,1
399,891,1
902,399,0
399,903,1
939,399,0
399,981,1
399,1043,1
399,1048,1
1055,399,0
1101,399,0
1169,399,0
399,1193,1
399,1259,1
1318,399,0
399,1382,1
1433,399,0
399,1458,1
399,1493,1
1510,399,0
399,1530,1
399,1544,0
399,1557,1
1602,399,0
399,1641,1
1661,399,0
399,1664,1
1691,399,0
1706,399,0
399,1712,1
399,1724,1
399,1834,1
399,1879,1
399,1901,1
399,1921,1
399,1984,1
399,1993,1
399,2011,1
399,2083,1
399,2140,1
2203,399,0
2329,399,0
399,2379,1
399,2400,1
400,464,0
400,2344,0
401,869,0
401,1305,0
402,1179,0
1215,403,0
403,1790,0
403,1869,0
404,822,0
405,3,1
405,13,1
58,405,0
405,105,1
405,253,1
405,468,1
405,489,1
405,526,0
405,528,1
660,405,0
405,707,1
405,767,1
405,782,1
799,405,0
405,877,1
405,891,1
405,924,1
405,992,1
405,994,0
405,1107,1
1157,405,0
1160,405,0
405,1215,1
1220,405,0
1368,405,0
405,1385,1
1404,405,0
405,1431,1
1432,405,0
405,1566,1
1571,405,0
1598,405,0
1624,405,0
405,1890,1
405,2026,1
405,2242,1
406,603,1
406,619,1
406,746,0
406,983,0
406,1490,1
2030,406,0
406,2196,0
407,1648,0
407,1909,0
407,1994,1
409,29,1
409,80,1
127,409,0
517,409,0
548,409,0
409,889,1
409,959,1
409,1679,0
409,1955,1
409,2279,1
409,2453,1
410,213,1
410,342,1
410,625,1
878,410,0
410,908,1
410,1159,0
1205,410,0
1229,410,0
410,1459,0
1567,410,0
410,1661,1
410,1664,1
410,1847,1
1941,410,0
410,2057,1
410,2131,0
410,2385,1
411,1072,0
411,1285,0
411,2050,0
413,700,1
413,1368,0
413,1756,0
413,1824,1
414,1254,0
415,56,1
258,415,0
269,415,0
415,383,1
408,415,0
415,811,1
935,415,0
998,415,0
415,1023,1
1040,415,0
415,1072,1
415,1230,1
415,1244,1
415,1247,1
1248,415,0
415,1267,1
415,1307,1
415,1361,1
415,1370,1
415,1488,1
1654,415,0
415,1793,1
415,1837,1
415,1845,1
415,2377,1
2436,415,0
416,116,1
214,416,0
416,242,1
416,268,1
416,274,1
584,416,0
416,646,0
416,673,1
416,674,1
416,706,1
416,707,1
783,416,0
416,908,1
416,1147,1
416,1166,0
416,1176,1
416,1182,1
1229,416,0
416,1259,1
416,1593,1
416,1661,1
1695,416,0
416,1838,1
416,1847,1
1941,416,0
416,1960,0
416,2057,1
416,2385,1
99,417,0
417,250,1
417,1436,1
417,1454,0
417,1797,1
418,689,0
418,806,0
418,1261,0
418,1548,0
418,2234,0
419,1376,0
419,2368,0
420,635,1
939,420,0
420,1412,0
420,1536,0
1802,420,0
421,718,0
421,786,1
421,897,0
421,2349,0
424,2177,0
425,753,0
425,1006,1
425,1115,0
425,2245,0
426,2188,0
427,432,0
427,683,0
427,1249,0
428,538,0
428,1440,0
429,615,0
429,635,1
10,430,0
26,430,0
48,430,0
91,430,0
430,105,1
430,131,1
208,430,0
430,245,1
253,430,0
430,293,1
430,301,1
311,430,0
430,316,1
326,430,0
414,430,0
430,431,1
475,430,0
511,430,0
430,512,1
519,430,0
430,538,1
653,430,0
690,430,0
702,430,0
864,430,0
874,430,0
939,430,0
430,948,1
430,1051,1
430,1058,1
1075,430,0
1085,430,0
430,1094,1
1099,430,0
430,1104,1
430,1142,1
430,1182,1
430,1190,1
430,1215,1
1236,430,0
430,1257,1
430,1280,1
430,1294,1
430,1333,1
1351,430,0
430,1357,1
430,1374,1
430,1385,1
430,1389,1
1391,430,0
1412,430,0
430,1427,1
1449,430,0
430,1538,1
430,1690,1
430,1691,1
430,1716,1
1741,430,0
430,1767,1
430,1781,1
430,1785,1
430,1831,1
1865,430,0
430,1921,1
1924,430,0
1944,430,0
430,2011,1
430,2019,1
430,2024,1
430,2027,1
2042,430,0
430,2066,1
430,2113,1
430,2130,1
2165,430,0
430,2194,1
430,2218,1
430,2219,1
430,2262,1
430,2283,1
2294,430,0
430,2345,1
430,2383,1
430,2472,1
431,852,0
432,1340,0
433,497,0
433,573,1
433,1425,1
1865,433,0
2178,433,0
435,714,0
435,1588,0
435,2163,0
436,1787,0
437,1589,0
438,771,0
438,1119,0
438,1718,0
439,1219,0
440,792,0
440,1396,0
440,2437,0
441,2242,0
442,412,1
442,1847,1
2375,442,0
443,81,1
1427,443,0
443,2459,0
444,99,1
444,705,0
444,1346,0
445,1627,0
446,2229,0
447,2261,0
447,2467,0
448,1851,0
27,449,0
449,177,1
312,449,0
331,449,0
449,348,1
402,449,0
803,449,0
449,898,1
449,1044,1
449,1211,1
1526,449,0
449,1560,1
449,1663,1
449,1687,1
1723,449,0
1851,449,0
449,2059,1
449,2128,1
2187,449,0
449,2306,1
449,2422,1
2424,449,0
449,2466,1
450,904,0
450,1494,0
451,1087,0
451,2216,0
451,2411,0
453,79,1
99,453,0
453,412,1
742,453,0
453,1106,1
1537,453,0
453,1880,1
453,2230,0
454,557,0
454,723,0
454,1733,0
454,2057,0
454,2104,0
454,2415,0
455,2084,0
456,326,1
456,399,1
456,635,1
1126,456,0
1227,456,0
1435,456,0
456,1591,1
1852,456,0
457,1136,0
457,1214,0
457,1891,0
457,2228,0
458,742,0
458,1801,0
458,2442,0
1971,460,0
460,2003,0
461,1000,0
462,1241,1
462,2348,0
463,29,1
463,45,1
463,213,1
463,273,1
463,427,1
429,463,0
463,529,1
463,635,1
463,700,1
732,463,0
463,780,1
463,870,1
463,907,1
939,463,0
959,463,0
989,463,0
1176,463,0
463,1196,1
1466,463,0
463,1468,1
463,1573,1
463,1724,1
463,1824,1
463,1828,1
463,1830,1
1868,463,0
1921,463,0
463,1965,1
2035,463,0
2198,463,0
2385,463,0
2412,463,0
464,493,0
464,1089,0
464,1263,0
464,1291,0
465,603,1
465,785,0
465,1029,0
465,1892,0
466,1429,0
467,789,0
468,30,1
468,718,1
830,468,0
468,1324,1
468,1451,0
470,2058,0
470,2335,0
471,1617,0
471,2445,0
472,574,0
472,2460,0
1200,473,0
474,701,0
474,1231,0
475,858,0
475,1584,0
476,47,1
314,476,0
476,485,0
476,1055,0
476,1170,0
476,1215,1
218,477,0
477,558,0
477,1537,1
477,1837,0
1985,477,0
477,2238,1
478,653,0
478,2253,0
478,2346,0
479,603,0
480,2447,0
481,1518,0
484,1891,0
485,1110,0
485,2363,0
486,29,1
486,81,1
486,412,1
486,624,0
486,766,0
486,1177,0
486,1626,1
486,2433,0
487,1751,0
489,1296,0
490,1068,0
491,2457,0
492,943,1
493,938,0
493,1339,0
493,1505,0
493,1676,0
494,1317,0
494,1396,0
495,1164,0
495,1643,0
497,802,0
497,1517,0
497,1725,0
498,2102,0
499,1925,1
500,686,0
500,1139,0
17,501,0
501,79,1
501,81,1
501,328,1
501,413,1
501,455,1
501,508,1
501,585,1
625,501,0
501,700,1
501,770,0
501,785,1
501,959,1
501,1066,1
501,1630,1
501,1684,1
501,1695,1
1801,501,0
501,1913,1
501,1925,1
501,1947,1
501,2080,1
501,2209,1
501,2380,1
502,942,0
502,1850,0
503,1846,0
304,504,0
504,603,0
504,1131,0
1137,504,0
1311,504,0
504,1444,0
504,1463,0
504,1854,0
504,1908,0
504,1921,1
505,1306,0
505,1504,0
506,619,1
506,2244,0
507,2265,0
509,1816,0
509,1840,0
509,2044,0
510,1507,0
510,1562,0
513,1252,0
513,1579,0
513,1834,1
515,1539,0
1425,516,0
516,1839,0
2144,516,0
517,1570,0
518,1553,0
518,1989,0
518,2264,0
519,862,1
519,1112,0
519,1311,1
520,2475,1
521,1480,0
521,2415,0
523,1879,0
447,524,0
1673,524,0
1799,524,0
524,2446,1
524,2471,1
525,1376,0
525,1677,0
525,1918,0
526,2042,0
527,2094,0
528,613,0
528,1066,0
528,1868,0
2153,528,0
529,1109,0
530,950,0
530,1210,1
530,1600,1
1793,530,0
530,2295,0
532,925,0
532,2403,0
534,1384,1
534,2329,0
535,1116,0
399,536,0
536,614,0
536,1142,0
536,1939,1
538,647,0
538,2017,0
538,2407,0
539,304,1
539,430,1
539,926,0
939,539,0
540,628,1
540,1437,0
541,898,0
541,1119,0
541,1471,0
541,1609,0
543,258,1
543,346,1
543,386,1
445,543,0
543,520,1
543,523,1
543,786,1
543,814,1
543,891,1
910,543,0
1236,543,0
543,1277,1
543,1487,1
543,1538,0
543,1630,1
1663,543,0
1691,543,0
543,1717,1
543,1762,1
543,1968,1
543,2026,1
543,2035,0
543,2072,1
543,2095,1
543,2111,1
2253,543,0
544,896,0
544,959,1
545,1432,0
1497,545,0
545,1544,1
545,1663,0
1933,545,0
546,1259,0
546,1966,0
547,1056,0
548,984,0
548,1883,0
939,549,0
549,1058,1
549,1556,1
549,2014,0
550,187,1
405,550,0
550,619,1
1005,550,0
550,1055,1
550,1405,0
1955,550,0
87,551,0
1215,551,0
551,1376,0
551,1608,0
551,2161,1
552,595,0
552,1087,0
553,1394,0
554,1720,0
555,1548,0
555,1790,0
555,2398,0
555,2472,0
556,635,1
556,1921,1
557,238,1
275,557,0
557,552,1
557,1717,0
558,1124,1
558,1465,0
559,718,0
559,1276,0
559,1286,0
559,1435,0
560,1910,0
561,1180,0
738,562,0
562,839,0
562,2426,1
563,1403,0
564,70,1
564,233,1
564,445,1
564,849,1
564,978,1
564,983,1
1026,564,0
1736,564,0
564,2429,0
565,63,1
565,68,1
565,99,1
565,124,1
565,307,1
319,565,0
565,512,1
565,598,1
565,635,1
565,939,1
565,1094,1
565,1160,1
1215,565,0
565,1281,1
565,1311,1
1425,565,0
1427,565,0
565,1516,1
565,1532,1
1720,565,0
1784,565,0
565,1841,1
565,1966,1
565,2058,1
565,2094,1
565,2164,1
565,2259,1
145,568,0
577,568,0
654,568,0
1111,568,0
1196,568,0
568,1243,1
568,1263,1
568,1293,1
568,2404,1
569,6,1
143,569,0
569,225,1
569,294,1
569,569,1
569,652,1
677,569,0
569,724,1
752,569,0
569,835,0
947,569,0
569,953,1
569,969,1
1012,569,0
569,1136,1
1188,569,0
1366,569,0
569,1371,0
569,1502,1
569,1512,1
569,1518,1
569,1625,0
1685,569,0
569,1826,0
569,1855,1
569,2109,1
569,2159,1
569,2333,1
569,2444,0
570,144,1
570,899,0
570,997,1
570,1321,0
570,1764,1
570,1942,0
570,2010,1
571,822,0
571,961,0
571,1828,0
572,153,1
572,1132,1
572,1933,1
574,825,0
574,1616,0
575,670,0
575,1705,0
576,429,1
577,627,0
577,1944,0
578,889,0
578,2323,0
579,102,1
408,579,0
579,427,1
432,579,0
579,628,1
634,579,0
579,690,1
579,864,1
579,891,1
579,935,1
1094,579,0
579,1307,1
1322,579,0
579,1351,1
1383,579,0
1415,579,0
579,1416,1
579,1441,1
579,1466,1
579,1488,1
579,1601,1
579,1724,1
579,1836,1
579,1847,1
579,1868,1
1912,579,0
579,1921,1
579,1965,1
2015,579,0
2053,579,0
579,2183,1
579,2293,1
2342,579,0
2426,579,0
579,2462,1
1080,580,0
581,822,0
581,1039,0
581,1248,0
581,1382,0
582,901,0
583,2191,0
584,99,1
584,142,1
242,584,0
584,274,1
584,361,1
584,451,1
584,584,1
625,584,0
697,584,0
584,706,1
707,584,0
584,895,1
1048,584,0
584,1147,1
584,1299,1
1348,584,0
584,1490,1
1506,584,0
1543,584,0
584,1664,1
584,1733,1
1838,584,0
584,1956,0
584,2014,1
584,2041,1
584,2144,1
584,2281,0
584,2410,1
585,1009,0
29,586,0
586,646,1
700,586,0
586,732,1
586,780,1
1196,586,0
1824,586,0
586,1828,1
586,1830,1
586,1847,1
586,2198,1
587,884,0
588,839,1
1215,588,0
590,1180,1
590,1585,0
590,2064,1
591,822,0
591,1041,0
591,1410,0
591,2446,0
592,939,1
592,1497,0
592,2113,0
593,1108,0
594,2014,0
595,1390,0
597,1407,0
598,693,0
598,1639,0
598,2463,0
601,2332,0
602,1704,0
604,1659,0
605,1509,0
606,234,1
606,1361,1
47,607,0
610,150,1
610,181,1
610,273,1
610,405,1
610,750,0
610,777,1
610,800,1
610,802,0
610,915,0
610,1213,0
610,1386,1
610,2086,1
610,2128,1
610,2362,1
611,2398,0
611,2444,0
456,612,0
612,1877,0
613,530,1
613,737,0
1568,613,0
1987,615,0
739,616,0
616,924,1
616,1894,1
616,2037,0
617,1889,0
619,3,1
619,8,1
619,10,1
17,619,0
32,619,0
619,51,1
619,69,1
619,71,1
74,619,0
619,79,1
80,619,0
619,81,1
619,95,1
619,99,1
619,116,1
619,127,1
619,213,1
214,619,0
241,619,0
242,619,0
619,251,1
619,258,1
619,259,1
619,277,1
619,285,1
619,293,1
619,307,1
309,619,0
619,323,1
619,326,1
619,328,1
339,619,0
619,369,1
619,391,1
619,399,1
619,405,1
619,412,1
619,413,1
619,422,1
619,439,1
619,451,1
619,467,1
482,619,0
619,505,1
508,619,0
619,515,1
619,517,1
547,619,0
583,619,0
619,584,1
619,585,1
619,589,1
603,619,0
619,638,1
619,646,1
619,660,1
619,672,1
676,619,0
619,696,1
619,706,1
707,619,0
619,719,1
619,727,1
619,742,1
619,762,1
619,781,1
793,619,0
619,808,1
809,619,0
619,822,1
619,828,1
619,848,1
853,619,0
619,858,1
619,859,1
619,877,1
883,619,0
888,619,0
619,889,1
891,619,0
619,916,1
619,936,1
951,619,0
619,959,1
619,969,1
619,981,1
1042,619,0
1064,619,0
1066,619,0
1068,619,0
619,1097,1
619,1126,1
1147,619,0
1161,619,0
1176,619,0
619,1205,1
619,1206,1
619,1217,1
619,1228,1
619,1234,1
619,1239,1
619,1250,1
1259,619,0
1270,619,0
619,1278,1
1287,619,0
619,1325,1
1327,619,0
1351,619,0
1394,619,0
619,1424,1
1426,619,0
619,1428,1
619,1434,1
1448,619,0
1468,619,0
619,1501,1
619,1504,1
1507,619,0
619,1537,1
1579,619,0
619,1583,1
619,1585,1
1593,619,0
619,1626,1
1635,619,0
1647,619,0
619,1658,1
1661,619,0
619,1664,1
619,1684,1
1690,619,0
619,1695,1
1708,619,0
619,1712,1
619,1717,1
619,1724,1
1748,619,0
1762,619,0
1778,619,0
619,1824,1
619,1827,1
619,1834,1
619,1838,1
1839,619,0
619,1846,1
619,1847,1
1856,619,0
619,1899,1
619,1921,1
619,1926,1
1932,619,0
619,1935,1
619,1957,1
1990,619,0
1997,619,0
619,2012,1
2023,619,0
619,2044,1
619,2072,1
2092,619,0
619,2107,1
619,2108,1
619,2110,1
619,2119,1
619,2125,1
619,2131,1
619,2133,1
619,2163,0
619,2167,1
619,2173,1
619,2204,1
619,2209,1
619,2223,1
2238,619,0
619,2241,1
2263,619,0
619,2276,1
619,2296,1
619,2299,1
2323,619,0
619,2341,1
2352,619,0
2363,619,0
619,2382,1
2385,619,0
2388,619,0
619,2390,1
619,2391,1
2427,619,0
619,2453,1
619,2458,1
619,2464,1
619,2465,1
619,2469,1
620,811,0
620,2311,0
621,1397,0
621,1717,0
622,29,1
622,529,1
646,622,0
622,732,1
622,820,0
959,622,0
622,1196,1
622,1468,1
622,1675,0
622,1830,1
1847,622,0
622,2198,1
623,857,1
623,1727,1
623,2292,0
624,814,0
624,1291,0
624,2221,0
625,1182,0
625,1281,0
625,1946,0
503,626,0
626,2131,0
627,1291,0
627,1693,0
627,2033,0
627,2113,0
93,628,0
593,628,0
628,634,1
628,636,1
628,637,1
628,660,0
778,628,0
935,628,0
628,1072,1
1210,628,0
628,1400,0
628,1836,1
628,2342,1
629,1111,0
629,1660,0
630,307,1
630,690,1
630,829,1
630,2243,0
55,631,0
891,631,0
631,955,1
631,970,0
1104,631,0
631,1159,0
1273,631,0
631,1389,1
631,1756,1
1921,631,0
631,2063,0
631,2195,0
631,2218,0
632,1314,0
632,1670,0
632,2391,0
634,882,0
634,1253,0
634,1707,0
635,1681,0
635,1721,0
636,740,0
638,1179,0
638,2283,0
639,385,1
639,1236,1
640,762,0
640,1018,0
640,1733,0
641,635,1
641,1018,0
641,1176,1
1311,641,0
641,1461,0
641,1936,0
642,112,1
642,241,1
642,568,1
642,1421,0
642,1448,0
642,1585,1
642,2165,0
642,2226,1
642,2337,0
110,643,0
643,1546,0
643,1792,1
645,647,0
645,2217,0
646,999,0
646,1892,0
646,2403,0
6,649,0
80,649,0
649,225,1
649,294,1
649,419,1
649,485,1
555,649,0
649,596,1
649,649,1
649,677,1
649,752,1
789,649,0
649,804,1
908,649,0
649,912,1
649,920,1
953,649,0
649,969,1
1136,649,0
649,1188,1
649,1366,1
1502,649,0
649,1512,1
649,1563,1
649,1620,1
649,1855,1
1921,649,0
649,2109,1
649,2140,1
2159,649,0
2368,649,0
650,1454,0
651,960,0
651,1908,0
651,2269,1
652,870,0
652,877,0
652,2056,0
652,2128,0
348,653,0
653,424,1
1126,653,0
653,1215,1
653,1427,1
653,1826,1
653,1834,1
1915,653,0
653,2142,0
654,1199,0
655,2211,0
656,782,0
656,923,0
657,1706,0
657,1922,0
658,1394,0
62,659,0
659,99,1
659,197,1
659,484,1
659,488,1
659,625,1
659,654,1
996,659,0
659,1021,0
659,1109,1
1196,659,0
659,1205,1
659,1304,1
659,1391,1
1402,659,0
659,1404,1
659,1490,1
659,1547,1
659,1600,1
659,1655,0
1721,659,0
659,1810,0
659,1847,1
659,1858,1
1870,659,0
659,1874,1
2425,659,0
328,660,0
660,1067,1
660,2207,1
660,2379,0
662,521,1
663,304,1
663,635,1
663,654,1
829,663,0
939,663,0
1139,663,0
1311,663,0
663,1379,1
663,1391,1
663,1403,0
663,1448,0
663,1510,1
1688,663,0
1847,663,0
1921,663,0
2288,663,0
665,815,0
666,1349,0
666,1947,0
226,667,0
667,257,1
667,334,1
546,667,0
667,1072,0
1170,667,0
1202,667,0
667,1309,1
667,1335,1
1675,667,0
1733,667,0
667,2008,1
2100,667,0
667,2331,1
2350,667,0
144,668,0
668,628,1
668,997,1
668,1764,1
2010,668,0
10,669,0
302,669,0
452,669,0
669,634,1
669,741,1
669,885,1
886,669,0
669,1039,1
669,1154,0
1207,669,0
669,1303,1
669,1321,1
669,1470,1
1610,669,0
1754,669,0
1790,669,0
1809,669,0
669,1997,1
2012,669,0
669,2342,1
2365,669,0
670,1535,0
671,29,1
671,646,1
671,1288,0
1348,671,0
671,1664,1
671,1766,0
1824,671,0
671,1847,1
671,2385,1
672,980,0
672,2006,0
673,1359,0
673,1745,0
674,1194,0
674,2332,0
675,2304,0
676,973,0
677,1485,0
677,1743,0
677,1803,0
678,384,1
679,858,0
679,1565,0
679,1773,0
680,2151,0
681,311,1
414,681,0
512,681,0
681,939,1
681,1860,0
1994,681,0
681,2472,1
682,1877,1
683,1388,0
683,1433,0
683,1714,0
684,2020,0
686,1921,0
687,852,0
687,1444,0
687,1965,0
688,324,1
1196,688,0
688,1868,1
1921,688,0
2196,688,0
2242,688,0
689,67,1
689,307,1
689,594,1
689,870,1
897,689,0
689,1104,0
689,1456,1
689,1537,1
689,1868,1
1930,689,0
1999,689,0
689,2242,0
689,2271,0
691,1301,0
691,1768,0
692,1573,0
692,1805,0
692,2467,0
693,2059,0
694,1593,0
694,1771,0
700,847,0
700,2404,0
702,1558,0
703,2061,0
704,1719,0
704,2372,0
705,790,0
705,989,0
705,2121,0
705,2316,0
705,2427,0
709,1254,0
709,1376,0
4,710,0
47,710,0
710,304,1
546,710,0
619,710,0
687,710,0
710,689,1
710,725,0
710,743,1
710,905,1
710,989,1
1176,710,0
710,1239,1
710,1336,1
2025,710,0
710,2117,0
710,2406,1
712,758,1
974,712,0
712,1059,1
712,1934,1
712,2055,0
713,740,0
713,1311,0
715,213,1
715,1085,1
715,1390,0
715,2283,0
715,2394,0
716,1026,0
716,1567,0
716,2312,0
718,140,1
718,201,1
384,718,0
718,508,1
718,619,1
718,718,1
718,769,1
718,883,1
718,939,1
718,999,0
1215,718,0
1425,718,0
718,1455,1
718,1590,0
718,1913,1
2216,718,0
720,790,0
720,2115,0
722,512,1
722,995,0
1215,722,0
723,654,1
723,920,1
723,1280,1
723,1314,1
723,1436,1
723,1740,0
723,2145,1
724,1997,0
725,26,1
725,43,1
725,241,1
725,246,1
725,430,1
725,583,1
725,635,1
725,868,0
725,1274,1
1316,725,0
1926,725,0
726,700,1
726,1207,0
1824,726,0
727,2286,0
727,2388,0
729,1244,0
729,1339,0
730,1031,0
731,1766,0
733,1236,0
734,401,1
734,1222,1
734,1550,0
735,2230,0
736,2223,0
737,1949,0
737,2059,0
738,1217,0
739,1103,0
739,1486,0
740,1752,0
741,801,0
741,1977,0
741,2137,0
742,1577,0
742,2078,0
3,743,0
743,29,1
743,49,1
743,52,1
126,743,0
743,180,1
743,213,1
214,743,0
251,743,0
743,265,1
743,318,1
328,743,0
743,340,1
743,343,1
743,360,1
743,361,1
743,386,1
743,413,1
743,451,1
502,743,0
743,571,1
743,608,1
635,743,0
743,657,1
743,658,1
743,660,1
743,670,1
743,687,1
743,690,1
700,743,0
743,705,1
728,743,0
743,843,1
743,864,1
872,743,0
743,939,1
743,951,1
743,959,1
743,1009,1
743,1064,1
743,1164,1
1168,743,0
743,1173,1
1215,743,0
743,1224,1
743,1242,1
1251,743,0
1262,743,0
743,1282,1
1292,743,0
1302,743,0
1385,743,0
1466,743,0
1513,743,0
743,1545,1
743,1639,1
1669,743,0
1705,743,0
743,1724,1
743,1824,1
743,1839,1
743,1840,1
1881,743,0
743,1885,1
1897,743,0
743,1898,1
743,1913,1
743,1921,1
743,1925,1
743,1941,1
743,1947,0
2055,743,0
2063,743,0
743,2064,1
2110,743,0
2124,743,0
2125,743,0
743,2144,1
743,2145,1
743,2179,1
743,2192,1
743,2244,1
2270,743,0
743,2276,1
743,2319,1
743,2320,1
743,2384,1
2393,743,0
743,2394,1
743,2409,1
743,2456,1
743,2469,1
744,1345,0
744,1364,0
744,1368,0
744,2166,0
745,1424,0
745,1807,0
746,1428,0
746,1799,1
747,1669,0
748,624,1
748,1799,0
144,749,0
749,1764,1
749,1954,0
749,2010,1
749,2242,0
750,1280,0
750,1750,0
750,1885,0
751,2178,0
751,2384,0
752,798,0
752,1370,0
753,1598,0
753,2458,0
754,990,0
754,1513,0
635,755,0
755,654,1
939,755,0
755,1554,0
755,1723,0
755,1725,0
755,2129,0
757,1657,0
758,933,1
758,1397,0
758,1692,0
759,1538,0
759,2030,0
759,2430,0
138,760,0
760,231,1
761,2203,0
762,909,0
762,1162,0
762,1881,0
763,802,0
764,635,1
764,687,1
833,764,0
1215,764,0
764,1678,1
764,2193,1
102,765,0
765,307,1
328,765,0
346,765,0
408,765,0
432,765,0
487,765,0
765,507,1
531,765,0
765,628,1
634,765,0
635,765,0
700,765,0
732,765,0
765,737,1
747,765,0
864,765,0
900,765,0
765,935,1
1072,765,0
1196,765,0
765,1307,1
765,1322,1
765,1351,1
765,1383,1
765,1441,1
765,1466,1
1488,765,0
1629,765,0
765,1712,1
765,1724,1
1824,765,0
765,1836,1
1839,765,0
1847,765,0
1868,765,0
765,1921,1
1925,765,0
1955,765,0
765,2035,1
765,2053,1
765,2385,1
765,2426,1
765,2453,1
766,1013,0
767,346,1
767,391,1
767,459,1
767,520,1
767,577,1
767,844,1
981,767,0
767,1002,0
767,1466,1
767,1724,1
767,1929,0
767,1965,1
767,2062,0
1292,768,0
768,1956,0
769,1778,0
769,1877,0
769,2275,0
1,770,0
3,770,0
770,37,1
47,770,0
770,161,1
770,285,1
770,295,1
770,374,1
770,386,1
770,392,1
770,672,1
770,885,1
770,1055,1
1116,770,0
770,1130,1
770,1133,1
770,1134,1
1207,770,0
770,1281,0
770,1341,1
770,1442,1
1605,770,0
770,1642,1
770,1712,1
770,1822,1
1847,770,0
770,1888,1
770,1900,1
770,1976,0
1977,770,0
770,2014,0
2021,770,0
770,2044,1
770,2097,1
2121,770,0
770,2176,1
770,2272,1
2290,770,0
2354,770,0
770,2416,1
2417,770,0
772,2377,0
773,1581,0
774,1948,0
774,1984,0
775,63,1
775,81,1
99,775,0
775,213,1
775,239,1
775,290,1
775,293,1
775,299,1
775,328,1
775,340,1
355,775,0
775,412,1
775,430,1
480,775,0
635,775,0
829,775,0
775,833,1
775,870,1
775,919,0
775,1014,1
775,1094,1
775,1208,1
775,1311,1
1369,775,0
1404,775,0
775,1555,1
1585,775,0
775,1603,1
1775,775,0
775,2149,1
775,2214,1
775,2447,1
2452,775,0
775,2455,1
776,1497,0
776,1728,0
776,1770,1
776,1847,1
2156,776,0
777,1629,1
777,1795,1
777,1874,1
777,2035,1
779,1356,0
782,788,0
782,1859,0
782,2060,0
783,1251,0
784,869,0
784,939,1
785,835,0
785,1838,0
102,787,0
787,756,1
787,1873,0
787,2316,0
788,306,1
788,788,1
788,1244,1
788,1320,0
1370,788,0
788,1415,1
788,1601,1
788,2309,1
788,2450,0
789,898,0
789,1795,0
619,790,0
790,1955,1
791,1207,0
791,1401,0
791,2406,0
791,2437,0
792,1495,0
793,1156,0
793,2466,0
654,794,0
794,911,1
794,1209,0
794,1372,0
1425,794,0
794,1427,1
794,2415,0
795,1193,0
796,198,1
796,1253,0
798,1780,0
799,1013,0
799,1170,0
800,1042,0
800,1867,0
802,2386,0
802,2408,0
803,1216,0
803,2018,0
803,2093,0
804,1572,0
804,2314,0
399,805,0
805,968,0
1939,805,0
806,1272,0
806,1861,0
807,213,1
807,688,1
807,1252,0
807,1381,1
807,1918,0
809,1267,0
809,1682,0
810,1029,0
810,1494,0
811,975,0
811,1634,0
811,2412,0
813,512,1
660,813,0
788,813,0
813,793,1
813,1035,1
1246,813,0
813,1381,1
813,1793,1
813,2043,0
654,816,0
816,911,1
1425,816,0
818,458,1
498,818,0
818,882,0
818,1081,1
818,1115,1
1686,818,0
818,2096,1
818,2285,0
818,2398,1
819,11,1
819,63,1
64,819,0
819,102,1
819,113,1
146,819,0
819,267,1
386,819,0
819,408,1
819,432,1
819,457,1
819,487,1
628,819,0
819,690,1
819,708,1
819,864,1
935,819,0
939,819,0
963,819,0
819,976,1
819,988,1
1072,819,0
1089,819,0
819,1205,1
819,1237,1
819,1239,1
1307,819,0
1322,819,0
1351,819,0
819,1367,1
819,1373,1
819,1385,1
819,1416,1
819,1441,1
819,1488,1
819,1581,1
1601,819,0
819,1724,1
819,1748,1
819,1783,1
1836,819,0
1847,819,0
819,1912,1
1921,819,0
819,1965,1
1996,819,0
2003,819,0
2015,819,0
819,2053,1
819,2137,1
2183,819,0
2222,819,0
2244,819,0
819,2291,1
819,2293,1
819,2317,1
2319,819,0
819,2320,1
2376,819,0
2393,819,0
819,2401,1
819,2435,1
820,1481,0
821,337,1
792,821,0
821,932,0
822,1955,1
822,2145,1
823,43,1
823,328,1
823,491,1
823,532,1
823,608,1
823,840,1
823,1032,1
823,1171,1
823,1215,1
823,1684,1
823,1705,1
823,1724,0
823,1792,1
1827,823,0
823,1921,1
823,2093,1
823,2098,1
823,2128,1
825,1921,0
826,90,1
826,131,1
243,826,0
826,408,1
826,476,1
629,826,0
826,632,1
653,826,0
672,826,0
826,718,1
826,781,1
826,809,1
826,833,1
889,826,0
826,935,1
972,826,0
826,991,1
826,1028,1
826,1042,1
826,1072,1
826,1126,1
1263,826,0
826,1269,1
826,1305,1
1307,826,0
826,1321,1
826,1328,0
826,1330,1
1392,826,0
826,1397,1
826,1407,1
1413,826,0
826,1425,1
1450,826,0
826,1488,1
826,1532,1
826,1541,1
826,1755,1
826,1767,1
826,1821,1
1864,826,0
826,1892,1
1958,826,0
826,1974,1
826,1989,1
826,2011,1
826,2325,1
826,2326,1
2327,826,0
826,2359,1
826,2447,1
827,903,0
827,1551,0
829,1210,0
829,2109,0
832,1220,1
832,1933,1
834,1296,0
211,835,0
952,835,0
835,2082,0
835,2219,0
835,2324,0
836,514,1
1315,836,0
836,1964,0
837,2361,0
838,2075,0
839,862,0
839,1085,1
839,2372,0
841,454,1
841,2183,1
842,1359,0
842,1595,0
842,1901,0
843,1902,0
843,1957,0
843,2204,0
843,2388,0
844,1021,0
846,703,1
846,1103,0
846,1405,1
846,2170,0
846,2392,0
847,449,1
847,1301,0
847,2473,0
849,1042,0
850,1840,0
850,2024,0
851,1215,1
851,1252,0
852,1573,0
852,2110,0
853,989,0
853,1056,0
854,1648,0
854,2240,1
855,911,0
855,1218,0
855,1458,0
1321,856,0
856,1880,1
856,1921,1
856,2406,1
857,2124,0
858,2114,0
861,1019,0
861,1476,0
863,1811,0
864,1871,0
865,857,1
1024,865,0
1371,865,0
865,2059,1
866,758,1
866,796,1
974,866,0
866,1059,1
866,2165,0
866,2233,0
867,877,0
867,2323,0
868,986,0
868,1628,0
869,624,1
869,2148,0
35,870,0
870,45,1
870,51,1
870,119,1
870,167,1
870,213,1
248,870,0
391,870,0
870,398,1
870,399,1
870,476,1
500,870,0
870,508,1
870,594,1
635,870,0
870,690,1
870,742,1
870,823,1
871,870,0
870,889,1
870,907,1
870,939,1
870,970,1
1040,870,0
870,1049,1
870,1052,0
870,1186,0
870,1196,1
870,1259,1
870,1311,1
870,1321,1
870,1327,1
870,1390,1
870,1404,1
870,1490,1
1537,870,0
870,1577,1
1694,870,0
870,1707,1
870,1714,1
1779,870,0
870,1780,1
1847,870,0
1926,870,0
1957,870,0
870,2012,1
870,2016,1
870,2240,1
870,2261,1
870,2385,1
2453,870,0
871,1742,0
872,2468,0
64,873,0
873,654,1
873,833,1
873,1021,1
873,1026,1
873,2055,1
873,2222,1
873,2244,1
873,2291,1
873,2310,1
873,2317,1
873,2319,1
2384,873,0
873,2393,1
873,2401,1
2409,873,0
874,2099,0
875,1975,0
879,654,1
879,690,1
879,1409,0
879,1580,0
879,2306,0
880,939,1
880,1202,0
880,1427,1
881,1156,0
153,882,0
882,1031,0
882,1834,0
883,1048,0
884,945,0
884,1397,0
885,1811,0
885,2019,0
885,2169,0
886,917,0
886,2296,0
887,1779,1
1984,887,0
888,1019,0
888,2222,0
399,890,0
890,915,0
890,1393,0
1939,890,0
890,2026,0
891,917,0
891,1519,0
892,2111,0
892,2224,0
893,1005,0
893,1029,0
894,1484,1
895,2277,0
896,481,1
896,1255,0
896,1560,0
897,2094,0
901,79,1
901,1610,0
1639,901,0
901,2171,1
901,2317,0
902,81,1
158,902,0
902,164,1
902,307,1
902,328,1
902,340,1
377,902,0
902,418,1
438,902,0
902,452,1
902,463,1
902,476,1
902,515,1
902,742,1
902,774,1
902,823,1
902,943,1
902,1450,1
902,1461,1
902,1476,1
902,1808,1
902,1868,1
902,1922,1
902,2003,1
2077,902,0
2242,902,0
2280,902,0
902,2348,1
902,2474,1
903,1526,0
903,2117,0
904,1430,0
905,2111,0
906,30,1
906,562,1
906,842,1
906,968,1
906,1632,1
906,1774,0
906,2352,0
908,809,1
1387,908,0
909,1987,0
909,2369,1
910,1840,0
912,231,1
635,912,0
912,1640,0
912,2215,0
914,573,1
914,2040,1
916,924,0
917,3,1
917,346,1
917,1301,1
1373,917,0
917,1800,1
917,1996,1
917,2183,1
918,92,1
307,918,0
918,654,1
918,721,1
1182,918,0
1389,918,0
1441,918,0
918,1467,0
918,1550,1
918,1601,1
2053,918,0
169,919,0
919,1987,1
919,2129,0
920,1176,0
920,1948,0
921,2131,0
922,1437,0
923,1502,0
924,1926,0
925,2283,0
926,941,0
926,1671,0
926,1797,0
929,1162,0
931,582,1
931,1343,0
21,932,0
932,275,1
932,347,1
595,932,0
597,932,0
932,604,1
932,635,1
932,648,1
932,669,1
932,979,1
932,1009,1
932,1073,1
932,1074,1
1077,932,0
932,1215,1
932,1230,1
932,1419,1
932,1585,1
932,1761,1
1794,932,0
932,1902,1
932,1904,1
932,1906,1
932,1908,1
1909,932,0
932,1921,1
932,1975,1
2170,932,0
932,2171,1
932,2176,1
932,2178,1
932,2252,1
932,2336,1
2337,932,0
99,933,0
933,320,1
933,696,1
933,1236,1
1514,933,0
933,1725,1
933,2326,0
68,934,0
214,934,0
934,725,1
1215,934,0
1377,934,0
934,1672,1
1702,934,0
934,1918,1
934,1969,1
934,2052,1
934,2202,1
934,2277,1
936,2325,0
937,413,1
510,937,0
937,719,1
937,883,1
937,1063,1
937,1698,0
937,2175,1
45,938,0
938,99,1
938,567,1
938,904,1
938,992,0
938,1207,0
1605,938,0
1651,938,0
2299,938,0
2345,938,0
940,1333,0
940,1408,1
940,1448,1
1327,941,0
941,1636,0
942,983,1
942,1091,0
942,1372,0
942,2297,0
943,63,1
87,943,0
943,307,1
943,690,1
943,1083,1
1234,943,0
943,1466,1
943,2154,1
943,2266,1
944,94,1
944,1057,0
944,1490,1
945,1404,1
946,1196,0
946,2314,0
947,1565,0
948,2158,0
949,2475,0
950,1773,0
116,951,0
951,126,1
258,951,0
951,512,1
581,951,0
660,951,0
951,779,1
951,823,1
951,850,1
951,872,1
951,889,1
951,920,1
939,951,0
951,1176,1
1482,951,0
951,1723,1
1741,951,0
951,1810,1
951,1811,1
951,1839,1
951,1865,1
951,1921,1
1925,951,0
2140,951,0
2257,951,0
2276,951,0
951,2347,1
951,2388,1
951,2399,1
952,1293,0
952,1541,0
953,1669,0
954,2123,0
954,2149,0
955,381,1
955,505,1
955,939,1
955,1105,1
955,1176,1
955,1212,1
955,1799,1
1834,955,0
955,2123,1
955,2155,1
955,2188,1
955,2316,1
955,2440,1
956,102,1
956,1250,0
939,957,0
957,2161,0
958,1162,0
958,1932,0
958,2086,1
959,1684,0
102,960,0
430,960,0
535,960,0
1245,960,0
960,1448,1
960,1730,1
960,1926,0
960,2128,1
961,311,1
961,526,1
962,1056,0
963,11,1
963,452,1
457,963,0
963,619,1
860,963,0
963,1066,1
963,1352,1
1713,963,0
963,1925,1
963,2435,1
964,2087,0
966,3,1
30,966,0
966,99,1
966,672,1
966,756,1
966,811,1
885,966,0
1230,966,0
966,1277,1
966,1696,0
1717,966,0
1825,966,0
966,2071,0
966,2409,0
967,1359,0
2425,967,0
968,571,1
968,881,1
968,1220,0
968,1993,1
971,1109,0
971,1879,0
546,973,0
973,635,1
759,973,0
973,929,1
973,1176,1
1962,973,0
974,1146,0
1670,974,0
650,975,0
975,779,1
975,1815,1
975,2424,0
976,1390,0
977,2001,0
977,2305,0
978,1429,0
979,1869,0
980,216,1
980,811,1
953,980,0
980,1138,1
980,1620,1
980,1954,0
980,1980,1
980,2269,1
980,2292,1
2321,980,0
981,1582,0
981,2211,0
982,1121,1
982,1250,0
982,2442,0
983,1329,0
75,984,0
984,317,1
984,389,1
984,413,1
984,428,1
660,984,0
984,858,1
859,984,0
872,984,0
984,883,1
984,1007,1
984,1008,1
984,1044,1
984,1087,1
984,1262,1
1426,984,0
984,1428,1
1839,984,0
1925,984,0
984,2023,1
984,2060,1
984,2131,1
984,2135,1
984,2157,1
984,2173,1
984,2204,1
984,2311,1
984,2382,1
2385,984,0
984,2388,1
984,2391,1
984,2396,1
984,2415,1
2420,984,0
985,1136,0
985,1582,0
986,116,1
986,242,1
340,986,0
986,446,1
986,571,1
986,584,1
986,625,1
660,986,0
986,687,1
705,986,0
986,718,1
986,728,1
986,769,1
986,833,1
864,986,0
872,986,0
986,939,1
986,951,1
1147,986,0
986,1173,1
986,1215,1
986,1219,1
986,1224,1
1242,986,0
1282,986,0
986,1351,1
986,1425,1
986,1654,1
1885,986,0
986,1898,1
986,1913,1
1921,986,0
2064,986,0
986,2140,1
987,1521,0
988,1831,0
74,989,0
264,989,0
989,292,1
989,299,1
439,989,0
989,565,1
989,635,1
989,638,1
687,989,0
989,833,1
877,989,0
908,989,0
989,1385,1
989,1999,1
99,990,0
990,1508,0
990,2155,0
991,2023,0
992,1673,0
993,1744,0
994,1571,0
995,1192,0
1311,995,0
996,2015,0
29,997,0
997,161,1
997,285,1
997,323,1
374,997,0
997,386,1
392,997,0
997,487,1
997,891,1
997,939,1
997,1055,1
1085,997,0
997,1116,1
997,1130,1
997,1133,1
997,1598,1
997,1605,1
997,1642,1
997,1684,0
997,1703,1
997,1712,1
997,1758,1
997,1822,1
997,1888,1
2044,997,0
2074,997,0
997,2097,1
997,2354,1
997,2417,1
999,81,1
999,99,1
999,292,1
635,999,0
999,828,1
999,939,1
1868,999,0
1000,1834,1
1001,603,1
1001,1818,0
1001,1925,1
1001,2450,0
1002,1264,0
1003,700,1
1003,1549,0
1003,1824,1
1003,1881,0
1004,165,1
399,1004,0
1004,625,1
1004,690,1
1004,1464,1
1004,1847,1
1005,1795,0
1006,102,1
105,1006,0
1006,131,1
1006,267,1
359,1006,0
1006,408,1
1006,427,1
1006,531,1
1006,690,1
1006,737,1
864,1006,0
1006,907,1
1006,935,1
1006,939,1
1006,1019,1
1006,1041,1
1006,1072,1
1094,1006,0
1165,1006,0
1301,1006,0
1006,1307,1
1006,1322,1
1351,1006,0
1006,1383,1
1006,1406,1
1006,1415,1
1006,1429,1
1441,1006,0
1006,1488,1
1006,1601,1
1627,1006,0
1629,1006,0
1006,1805,1
1006,1847,1
1006,1868,1
1921,1006,0
1935,1006,0
1006,1965,1
1006,1992,1
1006,2007,1
1006,2015,1
1006,2142,1
1006,2426,1
1008,1019,0
1008,1111,0
1010,1519,0
1010,1776,0
1010,2026,0
1011,45,1
1011,554,1
1011,1084,0
1011,1197,1
1981,1011,0
1012,1625,0
1012,1653,0
1012,1740,0
1013,700,1
1013,959,1
1013,1196,1
1013,1686,0
1013,1824,1
1847,1013,0
1013,2249,1
1013,2276,1
1013,2370,0
1013,2453,1
2465,1013,0
1015,1818,0
1016,1108,0
1016,1680,0
1019,1513,0
1020,696,1
1020,1140,0
1021,1683,0
1022,430,1
1022,1236,0
1023,1761,0
1023,1827,0
1023,2181,0
1024,2251,0
1025,1816,0
1026,1129,0
1026,1519,0
326,1027,0
1027,625,1
1027,1158,1
2320,1027,0
1028,1173,0
3,1029,0
1029,287,1
1029,811,1
1029,1178,1
1029,1300,0
1029,1717,1
1029,1826,1
1029,1921,1
1029,2032,1
2242,1029,0
1029,2274,1
187,1030,0
293,1030,0
1030,1319,0
1030,1376,0
1427,1030,0
1031,1098,0
1031,1553,0
1031,1673,1
1031,1938,0
1031,2471,1
1033,2418,0
1034,654,1
1034,911,1
1034,1412,0
1034,1425,1
1034,1427,1
1034,2148,0
1034,2380,0
1035,1199,0
1035,1525,0
1035,1931,0
939,1036,0
1036,1945,0
1036,2085,0
1036,2252,0
1037,1271,0
1038,2298,1
1040,1349,0
1041,1158,0
1041,1741,0
1042,1399,0
1042,1459,0
1044,1399,0
1046,1285,0
1046,1769,0
1047,1250,0
1050,11,1
193,1050,0
1050,213,1
1050,457,1
1050,823,1
940,1050,0
1182,1050,0
1196,1050,0
1050,1255,1
1050,1352,1
1050,1613,1
1050,1925,1
1050,1966,0
1999,1050,0
1050,2115,1
1050,2124,1
1050,2435,1
1050,2442,0
1052,2389,0
1053,1143,0
1053,1884,1
1053,2007,0
1056,681,1
1056,1412,0
1056,2339,1
1057,1265,0
1057,1697,0
1057,2170,0
41,1058,0
1058,99,1
146,1058,0
1058,326,1
349,1058,0
1058,385,1
1058,690,1
1058,877,1
969,1058,0
1058,1125,1
1280,1058,0
1058,1427,1
1691,1058,0
1058,2121,0
1058,2214,1
1059,1076,0
1059,1101,0
1060,2070,0
1061,1931,0
1062,1540,0
1064,1597,0
1066,11,1
242,1066,0
1066,268,1
1066,274,1
328,1066,0
342,1066,0
361,1066,0
1066,457,1
1066,584,1
1066,625,1
660,1066,0
673,1066,0
1066,674,1
1066,706,1
783,1066,0
1066,878,1
1066,908,1
1066,1052,1
1066,1145,0
1066,1176,1
1066,1205,1
1066,1229,1
1066,1258,1
1259,1066,0
1066,1352,1
1593,1066,0
1066,1664,1
1066,1695,1
1066,1838,1
1066,1941,1
2057,1066,0
2077,1066,0
1066,2435,1
1067,2468,0
1068,1568,0
1068,1787,0
1069,1397,0
1069,2063,0
1070,1582,1
1070,1717,1
1940,1070,0
1072,1579,0
1072,2186,0
1072,2472,0
1073,1325,0
1075,1146,0
1076,1233,0
1077,116,1
1077,239,1
300,1077,0
1077,328,1
343,1077,0
1077,364,1
1077,611,1
1077,939,1
1077,1114,1
1227,1077,0
1273,1077,0
1077,1287,1
1343,1077,0
1077,1511,1
1594,1077,0
1077,1756,1
1077,1972,1
2044,1077,0
2368,1077,0
1077,2445,1
1078,917,1
1078,1425,1
2144,1078,0
1079,144,1
1079,997,1
1079,1595,0
1079,1639,0
1079,2248,0
1080,1606,0
1080,1691,0
1081,286,1
1081,400,1
1081,408,1
430,1081,0
666,1081,0
1081,1149,1
1081,1186,0
1793,1081,0
1081,1848,0
2343,1081,0
1094,1084,0
1084,1215,1
1084,1705,1
1084,1772,1
4,1085,0
1085,8,1
18,1085,0
1085,73,1
78,1085,0
102,1085,0
182,1085,0
1085,213,1
1085,224,1
1085,239,1
287,1085,0
327,1085,0
328,1085,0
1085,354,1
1085,364,1
1085,408,1
1085,412,1
1085,450,1
478,1085,0
507,1085,0
1085,535,1
634,1085,0
1085,635,1
1085,676,1
1085,828,1
930,1085,0
935,1085,0
1085,939,1
1085,1039,1
1085,1045,1
1085,1046,1
1085,1189,1
1085,1215,1
1311,1085,0
1085,1340,1
1367,1085,0
1085,1387,1
1404,1085,0
1421,1085,0
1085,1423,1
1085,1481,1
1085,1693,1
1726,1085,0
1085,1730,1
1085,1776,1
1085,1786,1
1085,1790,1
1085,1836,1
1085,1867,1
1913,1085,0
1085,1921,1
1085,1963,1
1085,1997,1
2058,1085,0
1085,2086,1
1085,2119,1
1085,2126,1
1085,2232,1
1085,2238,1
1085,2254,1
2278,1085,0
2301,1085,0
1085,2323,1
1085,2342,1
1085,2366,1
1085,2402,1
1088,1384,0
1088,1448,0
63,1089,0
1089,902,1
1089,1354,0
1089,2089,0
1089,2293,0
1090,144,1
1090,997,1
1090,2010,1
1092,2072,0
1093,1099,0
1093,2058,0
1094,1250,0
1094,2302,0
1095,1226,0
1095,1469,0
1095,1490,0
1096,1125,0
1096,1824,0
1098,1957,0
1100,1101,0
1101,1105,0
1103,1840,0
1105,1226,0
1105,1679,0
1105,2323,0
1106,2438,0
1108,64,1
1108,1152,0
1108,1474,0
1108,1629,0
2055,1108,0
1108,2184,0
2222,1108,0
1108,2291,1
1108,2384,1
2401,1108,0
2409,1108,0
1109,1936,0
1110,2183,0
1112,1283,0
1114,2051,0
1118,1576,0
414,1120,0
653,1120,0
1215,1120,0
38,1121,0
113,1121,0
884,1121,0
1121,912,1
1121,1128,1
1121,2051,1
1121,2305,1
1121,2330,0
1123,146,1
1123,911,1
1123,1050,1
1123,1425,1
1123,1427,1
1123,1691,1
1123,2124,1
1125,285,1
667,1125,0
1125,1159,0
1126,1127,0
1127,203,1
1127,341,1
1127,399,1
618,1127,0
1127,690,1
698,1127,0
1127,891,1
1127,1035,1
1290,1127,0
1500,1127,0
1127,1565,0
1127,1834,1
1127,1883,0
1128,1808,0
1130,2059,0
1133,1170,0
1133,1257,0
1133,1979,0
1133,2099,0
1135,2328,0
1136,1615,0
1136,1694,0
1137,1141,0
1137,1999,0
1138,95,1
190,1138,0
1316,1138,0
1377,1138,0
1138,1969,1
2052,1138,0
1139,1256,0
1140,2160,0
1140,2222,0
1140,2403,0
1141,1924,0
1142,81,1
1142,117,1
1142,148,1
1142,157,1
1142,210,1
1142,230,1
293,1142,0
1142,326,1
388,1142,0
414,1142,0
1142,472,1
1142,490,1
495,1142,0
1142,614,1
1142,675,1
1142,851,1
1142,876,1
1142,939,1
971,1142,0
1096,1142,0
1142,1140,1
1142,1166,0
1311,1142,0
1391,1142,0
1142,1716,1
1760,1142,0
1142,1808,1
1142,1945,0
1142,2058,1
2237,1142,0
1142,2288,1
1143,1404,0
1146,1194,0
1147,1150,0
1147,1599,0
1147,2095,0
1148,1741,0
1148,2208,0
1149,2079,0
672,1150,0
1150,1921,1
1150,2040,0
249,1152,0
1152,2230,1
1153,1994,0
1153,2389,0
1154,38,1
1154,113,1
188,1154,0
1154,912,1
1154,1081,1
1154,1089,1
1154,1128,1
1154,1348,1
1154,1415,1
1154,1544,0
1956,1154,0
1154,2051,1
2305,1154,0
1157,1486,0
1159,27,1
100,1159,0
1159,134,1
1159,293,1
1159,307,1
1159,312,1
1159,336,1
1159,341,1
1159,393,1
412,1159,0
1159,490,1
1159,577,1
1159,625,1
1159,635,1
1159,690,1
1159,795,1
1159,823,1
1159,840,1
1159,843,1
1159,908,1
1159,953,1
1159,962,1
976,1159,0
1159,1176,1
1235,1159,0
1365,1159,0
1159,1385,1
1159,1427,1
1159,1466,1
1159,1480,1
1506,1159,0
1159,1521,1
1159,1543,1
1159,1648,1
1650,1159,0
1663,1159,0
1159,1691,1
1159,1724,1
1765,1159,0
1847,1159,0
1868,1159,0
1965,1159,0
1159,1999,1
1159,2066,0
1159,2098,1
2238,1159,0
2353,1159,0
2423,1159,0
1160,29,1
1160,759,1
1160,824,1
1160,1058,1
1160,1171,0
1160,1174,1
1215,1160,0
1160,1325,1
1160,1395,0
1160,1953,0
1160,2440,0
1161,1227,0
1161,1852,0
1161,2088,0
1162,255,1
1162,415,1
761,1162,0
861,1162,0
1406,1162,0
1457,1162,0
1162,1710,1
1162,1859,1
1162,1883,1
1162,1981,0
2132,1162,0
1162,2212,0
1162,2274,1
1162,2402,1
1162,2404,1
1162,2407,1
2408,1162,0
939,1163,0
1163,1427,1
1163,1791,0
1165,1492,0
1166,1511,0
1167,1708,0
1168,1949,0
1169,1692,0
1171,99,1
1171,1066,1
1171,1259,1
1171,1264,1
1171,1543,1
1862,1171,0
1172,1401,1
1172,1848,1
1174,1352,0
1174,1782,0
1175,1549,0
1175,1658,0
1175,2151,0
1176,1192,0
1176,1383,0
1177,30,1
339,1177,0
1181,587,1
1181,939,1
1181,1215,1
1181,1316,1
1182,700,1
1182,846,1
1183,1185,0
1186,891,1
1186,2030,0
2183,1186,0
1189,1986,0
1190,1221,0
1191,2465,0
1194,2091,0
1195,1611,0
1196,2077,0
1197,815,1
1197,1803,0
1197,1811,0
1197,1826,1
619,1198,0
1198,2394,0
1199,1694,1
1199,2014,0
1199,2235,0
1200,1357,0
1201,1732,0
1201,1981,0
1201,2199,0
108,1202,0
1202,128,1
1202,329,1
505,1202,0
1202,542,1
707,1202,0
1202,732,1
1202,833,1
1202,881,1
1202,1388,1
1202,1703,0
1202,1712,1
1202,1993,1
1203,433,1
1443,1203,0
1203,2055,0
1206,1851,0
1207,2085,0
1207,2094,0
1208,99,1
122,1208,0
1208,171,1
1208,307,1
1208,326,1
434,1208,0
1208,632,1
1208,635,1
1208,654,1
659,1208,0
1208,667,1
1208,759,1
939,1208,0
1049,1208,0
1208,1196,1
1208,1319,1
1208,1338,1
1208,1643,1
1812,1208,0
1208,1874,1
1208,1902,1
2044,1208,0
2061,1208,0
1208,2081,1
1208,2205,1
1208,2346,1
1209,700,1
1465,1209,0
1209,2385,1
1211,2218,0
283,1212,0
500,1212,0
1212,505,1
1212,1239,1
1212,1383,1
1212,1601,1
1212,1697,1
1212,1842,1
1212,2053,1
1212,2137,1
1212,2309,1
1214,71,1
1214,198,1
1214,270,1
1214,1355,0
8,1215,0
1215,9,1
40,1215,0
1215,44,1
174,1215,0
203,1215,0
253,1215,0
1215,279,1
1215,307,1
1215,330,1
1215,367,1
378,1215,0
1215,412,1
1215,449,1
1215,485,1
1215,512,1
518,1215,0
1215,522,1
1215,591,1
1215,633,1
1215,744,1
759,1215,0
800,1215,0
1215,801,1
1215,833,1
843,1215,0
1215,877,1
891,1215,0
922,1215,0
1215,929,1
1215,939,1
1215,977,1
1215,1119,1
1215,1143,1
1175,1215,0
1176,1215,0
1215,1179,1
1198,1215,0
1215,1311,1
1315,1215,0
1431,1215,0
1215,1432,1
1215,1466,1
1215,1553,1
1215,1569,1
1215,1576,1
1215,1602,1
1215,1654,1
1691,1215,0
1215,1706,1
1724,1215,0
1729,1215,0
1215,1746,1
1808,1215,0
1896,1215,0
1215,1901,1
1215,1965,1
1966,1215,0
1986,1215,0
2113,1215,0
2236,1215,0
1215,2276,1
1215,2330,1
1215,2332,1
1215,2333,1
2340,1215,0
1215,2347,1
1215,2378,1
1215,2422,1
1216,1686,0
1216,1762,0
531,1218,0
1218,624,1
1218,1872,0
65,1220,0
1220,99,1
1220,129,1
1220,237,1
1220,290,1
1220,303,1
1220,412,1
1220,450,1
1220,469,1
1220,605,1
629,1220,0
1220,690,1
1220,704,1
745,1220,0
1220,1349,1
1877,1220,0
1921,1220,0
1926,1220,0
1968,1220,0
2047,1220,0
1220,2163,1
2268,1220,0
1220,2281,0
1221,508,1
1221,984,1
1024,1221,0
843,1222,0
1490,1222,0
1222,1544,0
1222,2410,1
355,1223,0
1223,1461,1
1552,1223,0
1223,1853,1
2263,1223,0
1223,2289,1
1223,2373,1
1224,1689,0
1224,1927,0
1225,47,1
1225,81,1
1225,99,1
136,1225,0
1225,213,1
1225,1110,1
1225,1213,1
1675,1225,0
1225,1895,1
1225,2129,0
1225,2187,0
1226,512,1
1226,1425,0
1226,1929,0
1227,2136,0
1227,2254,0
1228,700,1
1228,1465,1
1228,2020,0
1228,2168,0
2385,1228,0
1229,1354,0
1229,1707,0
1230,1560,0
63,1231,0
1231,215,1
269,1231,0
1231,326,1
519,1231,0
1231,563,1
620,1231,0
638,1231,0
1231,833,1
974,1231,0
1231,1298,1
1231,1591,1
1820,1231,0
1231,2081,1
1231,2326,0
1232,1854,0
1233,2411,0
1236,2011,0
1237,1479,0
1238,2358,0
1239,1885,0
1240,2337,0
1243,2172,0
1244,2157,0
1244,2364,0
1245,1961,0
1246,1955,0
1247,2222,0
1248,1843,0
1249,1658,0
1251,2068,0
1251,2357,0
1251,2427,0
1252,340,1
1252,1303,0
1253,126,1
1253,274,1
1253,625,1
635,1253,0
1253,660,1
728,1253,0
1253,833,1
1253,872,1
1253,939,1
1064,1253,0
1253,1215,1
1253,1251,1
1253,1351,1
1898,1253,0
2063,1253,0
2068,1253,0
2225,1253,0
2456,1253,0
1254,334,1
1254,1973,1
1255,1323,0
1255,2017,0
1256,1691,0
1256,2064,0
1256,2310,0
1257,1796,0
1257,2444,0
1258,1465,0
1258,1651,0
1259,1670,0
1261,1396,0
1261,1923,0
1262,1301,0
1262,1978,0
1263,1668,0
1263,2221,0
63,1264,0
1264,282,1
1264,326,1
1264,333,1
470,1264,0
1264,635,1
669,1264,0
687,1264,0
1230,1264,0
1264,1298,1
1555,1264,0
1264,1728,1
1264,1820,1
1264,1987,1
1999,1264,0
1264,2035,1
1264,2073,0
1264,2081,1
2183,1264,0
1264,2266,1
1264,2364,1
1265,2075,0
1268,519,1
1268,939,1
1268,1405,0
1268,1445,1
1268,1682,1
1269,1710,0
1271,1906,0
1271,1993,0
1271,2350,0
1272,1328,0
1272,1393,0
1272,1419,0
1272,2251,0
1273,2312,0
1021,1274,0
1274,1294,1
1274,1570,0
1275,1819,0
1275,2378,0
1276,1986,0
571,1277,0
1277,788,1
1277,1354,0
1277,1657,1
1277,2426,1
1278,1760,0
1278,1946,0
1278,2269,0
1280,34,1
1280,47,1
1280,245,1
1280,266,1
1280,681,1
1280,690,1
1280,801,1
1094,1280,0
1118,1280,0
1280,1215,1
1280,1597,0
1280,1868,1
1280,2284,1
1280,2383,1
1282,21,1
1282,275,1
1282,563,1
1282,595,1
1282,597,1
604,1282,0
1282,635,1
669,1282,0
939,1282,0
979,1282,0
1009,1282,0
1282,1073,1
1074,1282,0
1282,1077,1
1278,1282,0
1282,1416,1
1419,1282,0
1585,1282,0
1641,1282,0
1282,1783,0
1282,1794,1
1282,1895,1
1903,1282,0
1905,1282,0
1282,1906,1
1282,1908,1
1282,1975,1
2171,1282,0
1282,2176,1
2178,1282,0
2185,1282,0
2252,1282,0
2336,1282,0
1283,1477,0
1629,1283,0
1284,99,1
1285,1798,0
1285,2249,0
1286,1568,1
1287,1561,0
1287,1690,0
1288,21,1
1288,595,1
1288,604,1
1288,648,1
1009,1288,0
1073,1288,0
1288,1074,1
1077,1288,0
1288,1419,1
1585,1288,0
1288,1712,0
1288,1794,1
1834,1288,0
1288,1902,1
1903,1288,0
1288,1904,1
1905,1288,0
1288,1906,1
1908,1288,0
1288,1909,1
1288,1975,1
2170,1288,0
1288,2171,1
2176,1288,0
1288,2178,1
1288,2248,1
2336,1288,0
1288,2337,1
1290,1397,0
1290,2399,0
1291,2032,0
1292,149,1
1292,343,1
394,1292,0
1292,631,1
1292,822,1
1292,889,1
1292,893,1
918,1292,0
1292,939,1
1292,1077,1
1292,1215,1
1292,1292,1
1384,1292,0
1292,1523,1
1292,1688,1
1292,1925,1
1972,1292,0
1292,2090,1
1293,1502,0
1293,1560,0
1293,2398,0
1294,1800,0
1294,1901,0
1294,1908,0
1297,1672,0
1299,1654,0
1299,1718,0
269,1300,0
1300,823,1
939,1300,0
700,1302,0
1302,779,1
1302,1024,1
1302,1445,1
1302,1723,1
1302,1824,1
1302,2242,1
1302,2271,0
1303,1738,0
1303,1742,0
1304,63,1
1304,340,1
1304,927,1
1304,1085,1
1834,1304,0
1305,1633,1
1306,625,1
1306,1706,0
1308,1508,0
1309,526,1
1309,553,1
1309,907,1
1291,1309,0
7,1311,0
1311,47,1
1311,55,1
1311,80,1
1311,88,1
1311,97,1
101,1311,0
106,1311,0
1311,109,1
1311,149,1
155,1311,0
1311,179,1
1311,186,1
223,1311,0
1311,253,1
1311,262,1
1311,279,1
1311,285,1
1311,293,1
1311,304,1
307,1311,0
1311,326,1
1311,332,1
1311,358,1
1311,415,1
1311,459,1
471,1311,0
493,1311,0
494,1311,0
1311,496,1
1311,503,1
1311,553,1
1311,554,1
1311,563,1
1311,653,1
654,1311,0
681,1311,0
1311,683,1
1311,701,1
1311,714,1
1311,720,1
1311,735,1
1311,736,1
1311,781,1
1311,800,1
814,1311,0
1311,838,1
1311,874,1
1311,892,1
1311,939,1
997,1311,0
1311,1033,1
1311,1039,1
1311,1042,1
1311,1049,1
1311,1057,1
1311,1058,1
1311,1069,1
1078,1311,0
1311,1088,1
1311,1098,1
1311,1126,1
1311,1150,1
1311,1182,1
1263,1311,0
1311,1278,1
1290,1311,0
1311,1292,1
1311,1310,1
1311,1311,1
1315,1311,0
1311,1329,1
1311,1342,1
1351,1311,0
1311,1404,1
1311,1439,1
1311,1447,1
1311,1454,1
1311,1455,1
1471,1311,0
1311,1592,1
1603,1311,0
1665,1311,0
1311,1677,1
1311,1691,1
1729,1311,0
1311,1773,1
1311,1798,1
1311,1802,1
1865,1311,0
1311,1873,1
1311,1887,1
1311,1921,1
1311,1924,1
1926,1311,0
1311,1946,1
2005,1311,0
1311,2019,1
2032,1311,0
1311,2034,1
1311,2067,1
1311,2085,1
2113,1311,0
1311,2130,1
1311,2221,1
1311,2231,1
1311,2238,1
1311,2303,1
2406,1311,0
1311,2463,1
939,1312,0
1312,1575,0
1312,2361,0
51,1313,0
1302,1313,0
1313,1350,1
1313,1873,1
1314,100,1
116,1314,0
1314,188,1
254,1314,0
1314,355,1
361,1314,0
1314,433,1
1314,563,1
1314,758,1
1314,796,1
1314,939,1
1314,1215,1
1621,1314,0
1314,1679,1
1747,1314,0
2466,1314,0
1315,1654,0
1315,2128,0
1316,1864,0
603,1317,0
1317,679,1
923,1317,0
1317,928,1
1611,1317,0
1317,1618,1
1317,2141,0
2161,1317,0
2220,1317,0
1317,2441,0
1318,1974,0
1318,2015,0
1320,1865,0
1321,1760,0
1323,1275,1
1323,1719,0
1325,1740,0
1326,1865,0
1327,1530,0
1328,1890,0
1330,1556,0
1330,2450,0
1331,1756,0
1332,300,1
605,1332,0
1332,1239,1
1415,1332,0
1441,1332,0
1332,1503,1
1332,2075,1
2224,1332,0
1332,2308,1
1332,2309,1
1334,47,1
1334,419,1
1334,1092,1
1334,1603,0
1334,1673,0
1335,2116,0
1337,1882,1
1337,2338,0
1338,1971,0
1339,78,1
1339,116,1
1339,139,1
1339,163,1
1339,182,1
364,1339,0
1339,408,1
1339,411,1
478,1339,0
1339,637,1
1339,717,1
1339,773,1
791,1339,0
1339,817,1
935,1339,0
1045,1339,0
1339,1046,1
1339,1135,1
1339,1153,1
1339,1167,1
1339,1189,1
1303,1339,0
1423,1339,0
1339,1522,1
1339,1535,1
1339,1561,1
1339,1615,1
1655,1339,0
1339,1693,1
1339,1726,1
1764,1339,0
1339,1776,1
1836,1339,0
1867,1339,0
1963,1339,0
1339,2003,0
1339,2065,1
2076,1339,0
1339,2180,1
1339,2232,1
1339,2238,1
1339,2254,1
1339,2301,1
1339,2342,1
1340,63,1
1340,625,1
1340,635,1
644,1340,0
1340,761,1
1340,902,1
1580,1340,0
1340,1625,0
1682,1340,0
1340,1900,1
1920,1340,0
1340,2361,1
1341,2339,0
1341,2444,0
2261,1343,0
1344,2137,0
1345,2461,0
1346,79,1
1346,80,1
690,1346,0
750,1346,0
1346,1689,0
1346,1965,1
1348,673,1
1348,674,1
1258,1348,0
1351,1817,0
1352,2103,0
64,1353,0
1353,1388,0
1353,1705,1
1353,2055,1
1353,2222,1
2244,1353,0
2291,1353,0
1353,2317,1
1353,2319,1
1353,2376,1
2384,1353,0
2393,1353,0
2401,1353,0
1355,29,1
1355,203,1
221,1355,0
1355,251,1
1355,339,1
1355,426,1
1355,452,1
1355,512,1
563,1355,0
1355,656,1
1355,664,1
1355,800,1
1355,857,1
920,1355,0
1355,1048,1
1143,1355,0
1355,1243,1
1355,1265,1
1355,1318,1
1355,1458,1
1355,1510,1
1355,1529,1
1530,1355,0
1355,1576,1
1355,1602,1
1355,1868,1
1355,1879,1
1355,2035,1
1356,1453,0
1356,2055,0
1356,2342,0
1357,1952,0
1357,2278,0
1357,2286,0
1358,1580,0
1358,1980,1
102,1359,0
408,1359,0
1359,432,1
624,1359,0
635,1359,0
1359,690,1
1359,900,1
1359,939,1
1359,963,1
1359,1094,1
1307,1359,0
1322,1359,0
1359,1351,1
1359,1415,1
1359,1416,1
1359,1441,1
1359,1466,1
1359,1601,1
1724,1359,0
1359,1783,1
1359,1847,1
1359,1868,1
1359,1900,0
1359,1912,1
1921,1359,0
2015,1359,0
1359,2053,1
1359,2183,1
1359,2293,1
1359,2426,1
1359,2462,1
1360,1158,1
1360,1844,0
1361,1777,0
1361,1872,0
1361,2099,0
1361,2291,0
1362,2386,0
1363,1551,0
1365,79,1
1365,99,1
430,1365,0
1365,563,1
1365,933,1
1365,1091,1
1365,1921,1
1365,2039,1
1365,2363,0
1366,2280,0
1367,1386,0
1369,1870,0
1369,2066,0
1370,1403,0
1371,1663,1
1371,2224,0
1372,1828,0
1372,2269,0
1374,1461,0
1375,1871,0
1377,1274,1
1378,539,1
1378,1388,0
1380,399,1
1380,1593,0
1380,2208,0
23,1381,0
1381,173,1
1381,293,1
1381,537,1
1381,559,1
1381,603,1
619,1381,0
1381,645,1
1381,1205,1
1236,1381,0
1381,1473,1
1381,1600,1
1381,1846,1
1381,2404,1
1383,2121,0
1384,2031,0
1386,2402,0
1387,1551,0
1387,1916,0
1387,2088,0
1391,1916,0
399,1393,0
1393,1702,0
1393,1939,1
1396,206,1
1396,370,1
1396,619,1
913,1396,0
1396,1113,1
1396,1122,1
1347,1396,0
1396,1450,1
1396,1731,0
1953,1396,0
1400,654,1
1400,1196,1
1400,1215,1
1847,1400,0
1402,2235,0
1402,2310,0
1402,2315,0
102,1403,0
133,1403,0
1403,189,1
408,1403,0
1403,427,1
602,1403,0
624,1403,0
1403,628,1
1403,690,1
716,1403,0
1403,729,1
737,1403,0
1403,900,1
1403,935,1
939,1403,0
1403,1072,1
1094,1403,0
1403,1232,1
1403,1307,1
1403,1351,1
1383,1403,0
1403,1441,1
1466,1403,0
1488,1403,0
1495,1403,0
1513,1403,0
1403,1545,1
1601,1403,0
1403,1711,1
1403,1783,1
1403,1836,1
1403,1847,1
1912,1403,0
1921,1403,0
1965,1403,0
2015,1403,0
1403,2035,1
1403,2053,1
1403,2293,1
1403,2342,1
2411,1403,0
1403,2462,1
1404,213,1
1404,1594,0
1405,2023,0
1405,2305,0
1406,1746,0
1409,939,1
1409,1834,1
1409,2364,0
1409,2419,0
107,1411,0
870,1411,0
1539,1411,0
1411,1868,1
1411,1999,1
1411,2075,0
1413,1492,0
1413,1662,0
1413,1741,0
1413,2191,0
1415,1838,0
1417,2331,1
1418,2244,0
1419,1437,0
1420,1441,0
1420,1862,0
1420,2183,0
1420,2245,0
1421,2441,0
1422,939,1
1422,1847,0
1422,1960,0
1422,2281,1
1422,2328,0
1424,1656,0
1424,1831,0
1425,1451,0
1426,2425,0
1427,2398,0
1428,1845,0
1429,1512,0
1429,1727,0
1431,1508,0
1431,1549,0
1432,1663,0
1433,1618,0
1435,95,1
1435,190,1
1435,725,1
1435,1181,1
1435,1316,1
1435,1377,1
1435,1702,1
1969,1435,0
1435,2277,1
1436,99,1
281,1436,0
1436,848,1
1436,1514,1
1436,1544,0
1436,1848,1
1436,2118,1
1436,2171,0
1436,2235,0
1436,2331,1
1437,1993,1
1437,2098,0
1437,2238,0
629,1438,0
1438,632,1
1438,1321,1
1438,1917,0
1438,1958,1
1438,2242,0
1438,2326,1
2327,1438,0
1439,63,1
1439,283,1
1439,326,1
470,1439,0
1439,669,1
684,1439,0
1439,687,1
1439,833,1
1298,1439,0
1820,1439,0
1999,1439,0
1439,2035,1
1439,2081,1
2183,1439,0
1441,2455,0
1443,1601,0
1447,1748,0
1448,1689,0
1449,2414,0
1450,8,1
80,1450,0
207,1450,0
304,1450,0
1450,653,1
1450,690,1
1450,781,1
800,1450,0
877,1450,0
1450,1351,1
1450,1418,1
1450,1570,0
1450,2149,1
1450,2356,1
1451,1512,0
99,1452,0
1452,1886,1
1453,2107,0
1456,2122,0
1457,1631,0
1457,2076,0
1457,2277,0
1459,99,1
1459,153,1
2316,1459,0
1460,1736,0
1461,2183,0
1462,1600,0
1462,2291,0
1463,2348,0
1463,2419,0
1464,2177,0
1465,2200,0
1465,2332,0
1469,90,1
131,1469,0
369,1469,0
408,1469,0
1469,634,1
654,1469,0
672,1469,0
1469,718,1
781,1469,0
1469,809,1
870,1469,0
885,1469,0
1469,891,1
1469,939,1
1469,972,1
1469,997,1
1469,1028,1
1469,1042,1
1469,1060,1
1469,1080,1
1469,1196,1
1469,1269,1
1469,1392,1
1469,1397,1
1469,1406,1
1407,1469,0
1469,1413,1
1425,1469,0
1469,1488,1
1469,1501,1
1469,1532,1
1469,1541,1
1469,1574,1
1722,1469,0
1755,1469,0
1469,1767,1
1469,1821,1
1834,1469,0
1469,1836,1
1469,1867,1
1892,1469,0
1974,1469,0
2447,1469,0
1471,1958,0
399,1472,0
1472,635,1
1472,1170,1
1472,1202,1
1472,1567,1
1472,1620,1
1472,1980,1
1472,2292,1
1474,265,1
1474,635,1
1474,1878,0
1475,61,1
1475,191,1
1475,376,1
1475,413,1
1475,437,1
1475,527,1
1475,655,1
1475,685,1
1475,824,1
1025,1475,0
1095,1475,0
1475,1119,1
1233,1475,0
1475,1336,1
1475,1462,1
1475,1532,0
1475,1598,1
1475,1644,1
1475,1766,1
1475,1813,1
1479,1529,0
1480,312,1
1480,449,1
1205,1480,0
1480,1272,1
1480,1405,1
1480,1480,1
1480,1551,1
1480,1705,1
1480,1851,1
1480,2238,1
1480,2349,1
1481,2198,0
1483,1609,0
1483,2413,0
265,1485,0
1486,213,1
1486,838,1
954,1486,0
1486,1820,0
1487,1789,0
1488,1636,0
63,1491,0
326,1491,0
1491,470,1
1491,638,1
1491,669,1
1491,687,1
1491,833,1
1491,1230,1
1491,1298,1
1491,2035,1
1491,2183,1
1492,628,1
1492,2043,0
1493,1707,0
1494,2289,0
1494,2363,0
1496,415,1
1496,535,1
1497,2218,0
1498,373,1
1498,1050,1
1498,1446,1
1498,1805,0
1499,1777,0
1499,1820,0
1499,1823,0
1500,1851,0
1500,2098,0
1503,834,1
1415,1503,0
1503,2053,1
1503,2238,1
1504,2293,0
1505,939,1
1505,1311,1
1688,1505,0
1505,2180,0
1506,2358,0
1507,1118,1
1509,2210,0
1510,2354,0
1512,2115,0
1512,2413,0
1514,1773,0
1509,1515,0
1516,2284,0
1516,2415,0
1518,2014,0
1519,1477,1
1519,1540,1
1519,2163,0
1519,2208,0
1520,245,1
351,1520,0
563,1520,0
1520,812,1
1520,1404,1
1520,1533,1
1520,1616,0
1521,2185,0
1526,386,1
1526,1920,0
2238,1526,0
1527,1677,0
1527,1718,0
1527,1971,0
1528,2324,0
1531,29,1
1531,188,1
646,1531,0
1531,700,1
732,1531,0
1531,1196,1
1531,1221,1
1531,1348,1
1531,1468,1
1531,1664,1
1824,1531,0
1531,1847,1
1531,2385,1
1533,2090,0
1535,2241,0
1535,2299,0
1537,1806,0
1539,1624,0
1539,1975,0
1539,2414,0
1540,1546,0
1540,1584,0
1540,1921,0
1540,1942,0
1540,2100,0
1541,1583,0
1541,2058,0
635,1542,0
1542,826,1
1542,1469,1
2122,1542,0
1542,2215,0
1542,2246,0
1542,2289,0
1543,79,1
1543,276,1
1543,328,1
1543,350,1
353,1543,0
575,1543,0
829,1543,0
1219,1543,0
1543,1259,1
1543,1516,1
1754,1543,0
1543,1847,1
1543,2381,0
98,1544,0
1544,328,1
1544,341,1
1544,600,1
1544,707,1
840,1544,0
1544,870,1
1544,908,1
1544,1170,1
1182,1544,0
1480,1544,0
1544,1543,1
1695,1544,0
1544,1765,1
1544,1793,0
1868,1544,0
1545,2148,0
1546,102,1
408,1546,0
1546,624,1
1546,628,1
1546,634,1
1546,690,1
737,1546,0
1546,763,1
1546,864,1
1546,935,1
939,1546,0
963,1546,0
1546,1072,1
1307,1546,0
1546,1322,1
1546,1383,1
1415,1546,0
1546,1416,1
1441,1546,0
1546,1488,1
1546,1601,1
1836,1546,0
1546,1868,1
1546,1921,1
1546,2015,1
1546,2053,1
1546,2293,1
2342,1546,0
1546,2426,1
1546,2462,1
1547,1675,0
1547,2335,0
1549,755,1
1549,1182,1
1549,1578,0
1549,1706,0
1550,1773,0
1550,2029,0
1552,1695,0
1552,2357,0
1553,2110,0
1557,1589,0
1558,870,1
1558,1868,1
1558,1999,1
1559,213,1
1559,346,1
386,1559,0
1559,445,1
1559,520,1
1559,523,1
563,1559,0
1559,571,1
1559,583,1
1559,686,1
1559,786,1
814,1559,0
1559,966,1
1559,1054,1
1559,1160,1
1559,1239,1
1293,1559,0
1559,1331,1
1559,1630,1
1663,1559,0
1762,1559,0
1559,1968,1
2026,1559,0
2058,1559,0
2095,1559,0
1559,2111,1
1559,2279,1
1559,2346,0
1562,2135,0
1564,1991,1
1566,2052,0
1566,2240,1
1567,1942,0
1568,19,1
1568,169,1
1568,690,1
1568,964,1
1568,1083,1
1102,1568,0
1568,1448,1
1568,1663,1
1568,1682,1
1694,1568,0
1568,1715,1
1568,1972,1
1568,1976,1
1568,2035,1
2138,1568,0
2242,1568,0
1569,1668,0
1569,1991,0
1571,2181,0
1572,1688,1
1572,1921,1
1573,2475,0
635,1575,0
1575,1327,1
1575,1985,1
1575,2010,1
1575,2447,0
1576,1722,0
1577,1812,0
1578,47,1
1580,1763,0
1581,1242,1
1583,1712,0
1584,1789,0
1586,441,1
1586,665,1
1588,1847,1
1589,2419,0
1594,2028,0
2125,1596,0
1597,408,1
1597,628,1
1597,634,1
1597,935,1
1597,1072,1
1488,1597,0
1836,1597,0
2462,1597,0
1598,1865,0
1599,2008,0
1602,1828,0
1603,1761,0
1604,1834,1
1605,1669,0
1606,23,1
1606,190,1
1606,214,1
1606,584,1
1606,725,1
1606,870,1
1181,1606,0
1377,1606,0
1606,1702,1
1606,1969,1
2052,1606,0
1606,2202,1
1606,2277,1
1607,2081,0
1607,2345,0
1847,1608,0
1608,1872,0
1608,2271,0
1609,546,1
1609,619,1
1609,974,1
1609,1215,1
1459,1609,0
1609,1970,1
1609,2035,1
1609,2183,1
1609,2198,0
1609,2443,1
1611,1655,0
1611,1897,0
1612,2008,0
1615,1650,0
1615,1822,0
619,1616,0
823,1616,0
1018,1616,0
1616,1142,1
1616,1976,1
144,1617,0
997,1617,0
1617,1764,1
2010,1617,0
1617,2283,0
1621,2223,0
1622,2141,0
939,1623,0
1624,2389,0
304,1625,0
647,1625,0
1627,1790,0
1628,2036,0
28,1629,0
32,1629,0
1629,307,1
1629,1040,1
1629,1049,1
1629,1574,1
32,1631,0
1631,74,1
1631,603,1
1631,672,1
822,1631,0
1631,939,1
1631,959,1
1147,1631,0
1196,1631,0
1631,1565,1
1631,1754,0
1631,2370,0
1631,2391,0
1632,571,1
2426,1632,0
1633,1898,0
1497,1634,0
216,1637,0
1702,1637,0
2148,1637,0
1638,1899,0
1641,2041,0
1642,2370,0
1644,2184,0
1645,385,1
412,1645,0
1645,1848,1
1875,1645,0
2405,1645,0
1646,2431,0
1650,2431,0
1652,673,1
810,1652,0
1652,1205,1
1653,328,1
1653,1951,0
1653,2128,1
1654,2030,0
1655,1993,0
1659,2268,0
1661,1679,0
1661,1858,0
1661,2153,0
1662,1855,0
1663,2049,0
1663,2373,0
1664,2241,0
1667,2210,0
79,1670,0
1670,1460,1
1670,1719,0
2124,1670,0
1670,2310,1
1671,1613,1
1671,2332,0
1671,2446,1
635,1672,0
1672,939,1
1672,1215,1
1672,1316,1
1834,1672,0
1675,2409,0
574,1679,0
1679,1264,1
1414,1679,0
1679,1933,1
1680,1738,1
2385,1680,0
1681,924,1
1681,1731,1
1681,1993,1
1681,2348,0
1683,2279,0
1689,2250,0
1689,2325,0
1689,2369,0
1691,1946,0
1692,690,1
1692,847,1
1420,1692,0
1512,1692,0
1692,2292,0
1693,2090,0
1693,2114,0
1234,1697,0
1697,2238,1
1699,2458,0
1700,92,1
1700,176,1
1700,196,1
1700,380,1
690,1700,0
1700,796,1
1700,1005,1
1700,1126,1
1700,1195,1
1215,1700,0
1700,1467,1
1865,1700,0
1700,2105,1
2225,1700,0
1701,187,1
1702,241,1
1702,587,1
1702,635,1
1702,813,1
1702,939,1
1702,969,1
1702,1005,1
1702,1202,1
1702,1309,1
1702,2273,1
1703,2033,0
1703,2151,0
1703,2408,0
1704,2242,0
1706,1921,0
1707,2461,0
1708,2053,0
1709,415,1
1709,465,1
713,1709,0
1709,1331,1
1709,1735,0
1709,2112,1
1710,269,1
383,1710,0
1710,1907,0
1712,1813,0
1717,1781,0
1718,889,1
1718,959,1
1719,300,1
1719,605,1
1086,1719,0
1719,1415,1
1503,1719,0
1719,2309,1
1720,2414,0
1722,2010,0
1724,2448,0
1725,1877,0
1726,2230,0
1726,2464,0
1730,1773,0
1731,739,1
924,1731,0
3,1733,0
1733,213,1
1733,255,1
1733,293,1
1733,315,1
325,1733,0
464,1733,0
1733,693,1
761,1733,0
1733,861,1
1733,1131,1
1733,1160,1
1733,1405,1
1733,1583,1
1733,1704,1
1733,1820,1
1733,2020,1
2407,1733,0
30,1734,0
1734,59,1
244,1734,0
1734,311,1
1734,1196,1
1734,1553,1
1734,1799,1
1736,2090,0
1738,273,1
1738,1824,0
1740,2145,0
1741,2303,0
1742,2130,0
430,1744,0
1746,681,1
1860,1746,0
1746,2318,1
1748,1755,0
1749,706,1
1749,1962,0
1750,1233,1
1751,296,1
1717,1751,0
1660,1753,0
1753,2241,0
1755,1919,0
1756,1839,0
1756,2137,0
1756,2249,0
1757,1534,1
1607,1757,0
1757,2043,0
1757,2056,0
1758,2296,0
1759,1868,1
1760,1793,0
1765,2348,0
1767,1863,0
1767,2034,0
1768,2010,0
1768,2401,0
1769,119,1
1769,476,1
1770,25,1
1770,32,1
213,1770,0
1770,242,1
1770,335,1
1770,467,1
1770,508,1
1770,584,1
608,1770,0
625,1770,0
1770,687,1
1770,728,1
1770,743,1
1770,751,1
820,1770,0
1052,1770,0
1770,1064,1
1770,1147,1
1770,1205,1
1770,1209,1
1215,1770,0
1219,1770,0
1770,1224,1
1251,1770,0
1770,1612,1
1770,1868,1
1770,1898,1
1913,1770,0
1921,1770,0
1770,1932,1
1770,1978,1
1770,2063,1
1770,2125,1
1770,2140,1
100,1771,0
116,1771,0
1771,144,1
1771,188,1
1771,270,1
309,1771,0
1771,361,1
1771,412,1
1771,433,1
1771,520,1
1771,587,1
1771,608,1
1771,637,1
1771,659,1
1771,833,1
939,1771,0
1771,1145,1
1771,1156,1
1771,1215,1
1771,1348,1
1441,1771,0
1771,1691,1
1771,1705,1
1790,1771,0
1817,1771,0
1832,1771,0
1771,2010,1
1771,2189,1
1771,2200,1
1771,2267,1
1773,635,1
1290,1773,0
1773,1834,1
1773,1868,1
1774,1659,1
1775,1811,0
1776,2357,0
258,1777,0
1777,314,1
412,1777,0
1777,846,1
1777,2184,0
1778,1999,0
1779,1915,0
654,1782,0
1782,1425,1
1427,1782,0
1782,2401,0
1783,2063,0
1784,2393,0
1785,2465,0
1787,220,1
1787,2228,0
1789,1986,0
1792,2464,0
1793,2430,0
1795,2143,0
1389,1796,0
1801,2126,0
1801,2214,0
1802,79,1
1802,228,1
283,1802,0
635,1802,0
1802,687,1
1802,690,1
833,1802,0
1802,1215,1
1280,1802,0
1537,1802,0
1802,2035,1
1802,2082,0
1802,2146,0
1802,2170,0
505,1804,0
711,1804,0
1804,1291,1
1804,2153,0
1806,68,1
190,1806,0
1806,508,1
1806,584,1
706,1806,0
725,1806,0
797,1806,0
1806,1181,1
1806,1196,1
1215,1806,0
1702,1806,0
1806,1918,1
1926,1806,0
1806,1969,1
2052,1806,0
1806,2202,1
1806,2277,1
1806,2437,0
3,1807,0
1808,2169,0
1808,2430,0
1810,82,1
1810,891,1
1810,1482,1
1925,1810,0
2058,1810,0
1812,2367,0
1814,1963,1
1814,2242,0
1196,1816,0
1816,2189,0
1817,2157,0
1234,1818,0
1921,1818,0
1819,65,1
1819,114,1
1819,130,1
188,1819,0
211,1819,0
213,1819,0
307,1819,0
1819,318,1
1819,340,1
360,1819,0
1819,375,1
1819,386,1
1819,399,1
404,1819,0
1819,412,1
436,1819,0
1819,446,1
1819,520,1
1819,525,1
1819,542,1
1819,561,1
602,1819,0
1819,608,1
628,1819,0
1819,634,1
1819,635,1
1819,659,1
1819,665,1
1819,667,1
1819,670,1
673,1819,0
1819,674,1
687,1819,0
1819,700,1
1819,705,1
1819,718,1
1819,743,1
1819,798,1
806,1819,0
1819,833,1
843,1819,0
1819,864,1
1819,872,1
1819,877,1
1819,939,1
1004,1819,0
1819,1009,1
1819,1058,1
1819,1062,1
1064,1819,0
1819,1066,1
1078,1819,0
1819,1097,1
1168,1819,0
1819,1176,1
1186,1819,0
1819,1196,1
1205,1819,0
1206,1819,0
1819,1208,1
1819,1215,1
1224,1819,0
1819,1230,1
1819,1258,1
1819,1259,1
1819,1320,1
1348,1819,0
1819,1351,1
1819,1385,1
1819,1404,1
1819,1466,1
1819,1621,1
1638,1819,0
1654,1819,0
1658,1819,0
1819,1704,1
1705,1819,0
1819,1724,1
1824,1819,0
1819,1836,1
1819,1882,1
1885,1819,0
1819,1892,1
1819,1898,1
1819,1899,1
1913,1819,0
1819,1914,1
1819,1921,1
1819,1926,1
1819,1929,1
1819,1965,1
1819,1984,1
1819,1992,1
1998,1819,0
1819,2063,1
2064,1819,0
2077,1819,0
2125,1819,0
1819,2140,1
2179,1819,0
1819,2191,1
2329,1819,0
2342,1819,0
1819,2395,1
1819,2426,1
1819,2427,1
1819,2456,1
1819,2475,1
1823,939,1
1826,2103,0
1829,1834,0
1763,1831,0
1833,340,1
635,1833,0
1833,1585,1
2214,1833,0
1834,24,1
79,1834,0
99,1834,0
1834,158,1
213,1834,0
1834,272,1
1834,284,1
1834,348,1
1834,394,1
1834,439,1
1834,480,1
1834,766,1
1834,825,1
1834,1117,1
1325,1834,0
1834,1327,1
1363,1834,0
1416,1834,0
1527,1834,0
1834,1641,1
1667,1834,0
1834,1737,1
1834,1802,1
1834,1877,1
1834,1880,1
1834,1907,1
1834,1926,1
1948,1834,0
1834,1955,1
1834,1967,1
1834,2035,1
1834,2054,1
1834,2064,1
1834,2116,1
1834,2144,1
1834,2197,1
2224,1834,0
2345,1834,0
1834,2351,1
1835,687,1
1835,974,1
1835,1921,1
1835,2261,1
1835,2377,0
1836,1997,0
1836,2052,0
1836,2378,0
1837,1952,0
1840,2206,0
1840,2414,0
1842,50,1
323,1842,0
505,1842,0
1842,1415,1
1842,1441,1
1842,1676,1
1842,2151,1
1842,2233,1
1844,430,1
1846,1981,0
1847,2156,0
79,1849,0
1849,566,1
1849,1514,1
1611,1849,0
1849,2150,0
1849,2331,1
1850,2229,0
1850,2377,0
1852,1925,0
1854,757,1
1854,906,1
1277,1854,0
2459,1854,0
1855,2017,0
1856,2105,0
1860,2357,0
1861,1040,1
1861,2464,0
1863,2132,0
1864,2290,0
1865,2071,0
1866,2035,1
1867,2047,0
1867,2130,0
11,1868,0
1868,29,1
80,1868,0
213,1868,0
1868,214,1
1868,232,1
1868,242,1
1868,251,1
1868,268,1
1868,274,1
1868,307,1
328,1868,0
345,1868,0
361,1868,0
1868,391,1
1868,412,1
1868,433,1
1868,457,1
584,1868,0
603,1868,0
635,1868,0
1868,660,1
1868,669,1
706,1868,0
1868,707,1
732,1868,0
1868,809,1
843,1868,0
1868,867,1
949,1868,0
1868,959,1
1868,1066,1
1100,1868,0
1868,1165,1
1176,1868,0
1868,1196,1
1868,1215,1
1868,1259,1
1311,1868,0
1352,1868,0
1868,1501,1
1626,1868,0
1868,1664,1
1868,1695,1
1868,1724,1
1868,1788,1
1868,1824,1
1838,1868,0
1847,1868,0
1868,1868,1
1868,1893,1
1868,1925,1
1868,1965,1
1868,2000,1
1868,2182,1
1868,2238,1
1868,2263,1
2385,1868,0
2435,1868,0
1868,2453,1
2465,1868,0
1868,2468,1
1868,2469,1
758,1869,0
1869,796,1
974,1869,0
1059,1869,0
1869,1934,1
1870,2265,0
1871,1922,0
1872,2184,0
1872,2316,1
1875,2078,0
1876,38,1
113,1876,0
188,1876,0
912,1876,0
982,1876,0
1089,1876,0
1876,1128,1
2051,1876,0
2305,1876,0
430,1878,0
1878,1327,1
1879,2069,0
1881,29,1
1881,126,1
1881,213,1
1881,318,1
635,1881,0
1881,658,1
687,1881,0
728,1881,0
1881,833,1
872,1881,0
1881,939,1
1064,1881,0
1215,1881,0
1219,1881,0
1881,1224,1
1881,1251,1
1881,1545,1
1881,1839,1
1881,1885,1
1881,1898,1
1881,1913,1
1941,1881,0
1881,2063,1
1881,2456,1
1882,2030,0
1884,863,1
1885,2139,0
1209,1889,0
1890,2397,0
1892,2254,0
2036,1895,0
1895,2037,0
1895,2095,0
1896,2350,0
1897,2355,0
1898,2057,0
1899,11,1
213,1899,0
1899,706,1
1066,1899,0
1899,1404,1
2307,1899,0
2435,1899,0
1905,2252,0
1906,2391,0
1907,2071,0
1362,1911,0
1911,1868,1
1911,2078,0
1911,2307,1
1912,1925,0
1912,2088,0
1912,2152,0
1917,399,1
1917,1939,1
1917,2192,0
1919,51,1
1919,307,1
891,1919,0
1919,1140,1
1919,1427,1
1919,2035,1
2276,1919,0
1919,2441,0
1921,1943,0
1923,304,1
1923,939,1
1925,2148,0
1927,2011,0
99,1928,0
1928,2401,0
1928,2469,0
1929,1944,0
1929,1986,0
1929,2426,1
1930,2184,0
1931,2018,0
1931,2138,0
1933,1989,0
1934,47,1
1934,2177,0
1935,130,1
1935,213,1
1935,293,1
408,1935,0
706,1935,0
1935,840,1
1935,926,1
939,1935,0
1935,959,1
1935,998,1
1049,1935,0
1935,1118,1
1935,1144,1
1935,1196,1
1935,1221,1
1935,1239,1
1296,1935,0
1935,1444,1
1935,1640,1
1895,1935,0
1968,1935,0
1935,2073,1
1935,2432,1
1935,2473,1
1377,1936,0
1936,2219,0
1936,2299,1
1936,2412,0
1938,2021,0
1939,2211,0
1942,635,1
690,1942,0
1942,714,1
1802,1942,0
1942,2166,0
430,1943,0
1943,2339,1
1944,2085,0
1944,2233,0
1945,2110,0
1946,2462,0
1949,328,1
1949,2406,1
1950,65,1
178,1950,0
1950,179,1
188,1950,0
1950,300,1
301,1950,0
1950,306,1
1950,405,1
1950,533,1
1950,609,1
1950,670,1
1950,771,1
868,1950,0
915,1950,0
939,1950,0
1950,1030,1
1142,1950,0
1161,1950,0
1187,1950,0
1950,1189,1
1191,1950,0
1270,1950,0
1950,1316,1
1950,1327,1
1950,1405,1
1499,1950,0
1950,1533,1
1950,1584,1
1950,1585,1
1950,1619,1
1950,1712,1
1950,1717,1
1950,1937,1
1955,1950,0
1997,1950,0
2129,1950,0
2283,1950,0
1950,2307,1
1950,2316,1
1951,268,1
1951,859,1
1951,1196,1
1951,1217,1
1424,1951,0
1951,1426,1
1951,1824,1
1925,1951,0
2173,1951,0
2276,1951,0
2363,1951,0
2382,1951,0
1951,2385,1
2388,1951,0
1951,2390,1
1951,2391,1
48,1952,0
1660,1952,0
1952,2094,0
1954,2191,0
1955,3,1
1955,4,1
1955,8,1
10,1955,0
1955,17,1
1955,29,1
1955,51,1
1955,69,1
1955,74,1
1955,79,1
1955,80,1
81,1955,0
1955,95,1
1955,99,1
1955,100,1
1955,116,1
1955,127,1
1955,213,1
241,1955,0
1955,251,1
1955,258,1
259,1955,0
268,1955,0
1955,274,1
285,1955,0
1955,293,1
301,1955,0
1955,309,1
1955,323,1
1955,326,1
328,1955,0
339,1955,0
1955,359,1
361,1955,0
391,1955,0
408,1955,0
1955,412,1
413,1955,0
1955,422,1
425,1955,0
1955,452,1
1955,466,1
1955,482,1
1955,505,1
508,1955,0
515,1955,0
1955,517,1
1955,546,1
1955,547,1
1955,563,1
585,1955,0
1955,589,1
603,1955,0
1955,625,1
638,1955,0
646,1955,0
660,1955,0
1955,669,1
1955,676,1
688,1955,0
1955,690,1
1955,696,1
700,1955,0
706,1955,0
719,1955,0
1955,732,1
1955,733,1
742,1955,0
1955,762,1
1955,767,1
1955,781,1
1955,785,1
1955,793,1
1955,808,1
823,1955,0
1955,828,1
1955,833,1
859,1955,0
1955,870,1
877,1955,0
1955,883,1
1955,889,1
1955,902,1
916,1955,0
936,1955,0
1955,939,1
951,1955,0
1955,959,1
1955,965,1
969,1955,0
981,1955,0
993,1955,0
1955,1042,1
1064,1955,0
1955,1126,1
1144,1955,0
1147,1955,0
1148,1955,0
1161,1955,0
1955,1176,1
1955,1205,1
1955,1215,1
1955,1217,1
1955,1228,1
1239,1955,0
1240,1955,0
1955,1250,1
1259,1955,0
1955,1270,1
1278,1955,0
1287,1955,0
1955,1325,1
1955,1351,1
1955,1394,1
1955,1404,1
1955,1424,1
1433,1955,0
1955,1434,1
1955,1448,1
1955,1466,1
1468,1955,0
1955,1501,1
1955,1504,1
1955,1507,1
1579,1955,0
1583,1955,0
1955,1585,1
1635,1955,0
1658,1955,0
1955,1661,1
1955,1684,1
1955,1690,1
1955,1705,1
1708,1955,0
1955,1712,1
1955,1717,1
1724,1955,0
1748,1955,0
1955,1764,1
1955,1824,1
1955,1827,1
1839,1955,0
1846,1955,0
1955,1847,1
1856,1955,0
1955,1899,1
1955,1921,1
1955,1925,1
1926,1955,0
1955,1935,1
1957,1955,0
1955,1965,1
1955,1997,1
2011,1955,0
2012,1955,0
2023,1955,0
1955,2044,1
1955,2072,1
1955,2092,1
1955,2108,1
1955,2119,1
1955,2125,1
2133,1955,0
2145,1955,0
1955,2167,1
2173,1955,0
2223,1955,0
1955,2238,1
1955,2241,1
2263,1955,0
1955,2276,1
1955,2279,1
1955,2299,1
1955,2323,1
1955,2341,1
1955,2347,1
2352,1955,0
1955,2380,1
2382,1955,0
1955,2385,1
1955,2388,1
1955,2390,1
1955,2391,1
2427,1955,0
1955,2441,1
1955,2458,1
1955,2469,1
1956,2220,0
1958,2304,0
1958,2438,0
1960,946,1
63,1961,0
1961,933,1
1239,1961,0
1961,1581,1
2003,1961,0
1961,2066,1
1968,2017,0
1970,59,1
116,1970,0
1970,126,1
1970,242,1
340,1970,0
1970,446,1
1970,571,1
1970,625,1
1970,635,1
687,1970,0
705,1970,0
718,1970,0
728,1970,0
1970,833,1
864,1970,0
872,1970,0
1970,939,1
951,1970,0
1970,1064,1
1970,1147,1
1970,1215,1
1219,1970,0
1224,1970,0
1970,1242,1
1970,1282,1
1351,1970,0
1654,1970,0
1898,1970,0
1970,1913,1
1921,1970,0
1970,2048,0
2063,1970,0
2064,1970,0
1970,2125,1
1970,2140,1
1972,635,1
1972,1215,1
1975,2139,0
1980,2381,0
1316,1982,0
1982,2081,0
1989,2362,0
1990,690,1
1992,184,1
1992,195,1
1992,877,1
1992,1115,1
1196,1992,0
1301,1992,0
1992,1437,1
1992,1835,1
1992,2422,1
1995,99,1
116,1995,0
144,1995,0
1995,188,1
1995,361,1
1995,433,1
1995,563,1
1995,608,1
939,1995,0
1995,1156,1
1215,1995,0
1995,1348,1
1425,1995,0
1995,1621,1
1679,1995,0
1705,1995,0
1995,1817,1
1832,1995,0
1995,2010,1
2189,1995,0
2267,1995,0
1999,11,1
457,1999,0
1999,1066,1
1255,1999,0
1999,1352,1
1925,1999,0
1999,2247,0
1999,2367,0
2002,234,1
2002,1361,1
2002,2128,0
2003,807,1
2003,1242,1
2003,1267,1
2003,1441,1
2004,1311,1
2004,2311,0
2006,79,1
2006,687,1
2006,833,1
2006,1230,1
1316,2006,0
2006,1385,1
2007,939,1
2007,1913,1
2007,2210,1
939,2009,0
2010,2103,0
2013,953,1
2013,2159,0
2013,2369,0
2014,2179,0
2015,2410,0
2015,2424,0
2016,2404,0
2016,2466,0
2018,70,1
2020,2078,0
2020,2185,0
2020,2419,0
2021,2191,0
2022,2039,1
2026,2052,0
359,2027,0
2027,690,1
1329,2027,0
2027,1376,1
2027,1536,1
2027,1819,1
2027,2086,0
2027,2314,0
2027,2458,0
1921,2028,0
563,2029,0
1151,2029,0
2031,1242,1
725,2033,0
2033,1274,1
2033,2217,1
11,2035,0
17,2035,0
2035,29,1
32,2035,0
2035,46,1
47,2035,0
79,2035,0
80,2035,0
2035,83,1
2035,98,1
214,2035,0
2035,239,1
274,2035,0
293,2035,0
2035,307,1
328,2035,0
2035,341,1
2035,345,1
357,2035,0
361,2035,0
2035,391,1
412,2035,0
2035,433,1
2035,487,1
2035,508,1
2035,520,1
547,2035,0
2035,563,1
2035,586,1
2035,603,1
619,2035,0
2035,625,1
2035,637,1
660,2035,0
2035,687,1
2035,690,1
706,2035,0
707,2035,0
732,2035,0
2035,808,1
2035,812,1
2035,833,1
2035,860,1
2035,939,1
2035,959,1
987,2035,0
1037,2035,0
2035,1083,1
1112,2035,0
1147,2035,0
1159,2035,0
2035,1161,1
2035,1165,1
2035,1176,1
1205,2035,0
2035,1230,1
2035,1234,1
1239,2035,0
2035,1289,1
2035,1311,1
2035,1369,1
2035,1460,1
2035,1466,1
2035,1494,1
1501,2035,0
2035,1629,1
2035,1661,1
1691,2035,0
1694,2035,0
2035,1695,1
1702,2035,0
1713,2035,0
2035,1724,1
1801,2035,0
2035,1824,1
2035,1847,1
2035,1848,1
2035,1921,1
2035,1925,1
2035,1930,1
2035,1949,1
2035,1955,1
2035,1965,1
1992,2035,0
2035,1999,1
2035,2142,1
2035,2182,1
2035,2209,1
2035,2238,1
2239,2035,0
2307,2035,0
2035,2323,1
2035,2385,1
2035,2453,1
2458,2035,0
2464,2035,0
2035,2465,1
2035,2468,1
2469,2035,0
2036,2062,0
2039,2353,0
2041,242,1
2041,706,1
2041,1147,1
2041,1279,1
63,2043,0
2045,269,1
2046,116,1
307,2046,0
2046,348,1
2046,1147,1
2046,1205,1
2046,1656,1
2046,1675,1
1760,2046,0
2046,2380,1
2048,1637,1
2049,136,1
2049,174,1
2049,1215,1
1868,2049,0
2050,2422,0
304,2051,0
2051,382,1
2051,1921,1
2053,2085,0
2053,2133,0
2053,2361,0
169,2056,0
2056,1048,1
2056,1085,1
2056,1453,1
2056,1712,1
1834,2056,0
2056,2059,1
2172,2056,0
2056,2195,1
2056,2410,1
885,2057,0
2058,305,1
2058,359,1
2058,412,1
1705,2058,0
2058,2055,1
2058,2156,0
2222,2058,0
2058,2225,1
2058,2244,1
2058,2317,1
2058,2319,1
2058,2320,1
2330,2058,0
2347,2058,0
2376,2058,0
2384,2058,0
2389,2058,0
2058,2393,1
2401,2058,0
2058,2409,1
2059,2473,0
2066,1276,1
2068,2206,0
2069,852,1
2069,2255,0
2070,852,1
2071,2081,0
2078,665,1
939,2078,0
2078,1182,1
1356,2078,0
1835,2078,0
2078,2259,0
2081,30,1
57,2081,0
79,2081,0
2081,226,1
2081,337,1
2081,338,1
2081,580,1
2081,611,1
667,2081,0
1295,2081,0
2081,1440,1
2081,1460,1
1474,2081,0
1673,2081,0
1891,2081,0
1910,2081,0
2081,2431,1
2081,2434,1
2082,939,1
2082,1182,1
2082,1364,1
2082,2429,0
2084,20,1
337,2084,0
1779,2084,0
2088,144,1
2088,997,1
1764,2088,0
2088,2010,1
102,2089,0
432,2089,0
634,2089,0
635,2089,0
2089,690,1
737,2089,0
2089,864,1
2089,900,1
2089,935,1
2089,939,1
2089,963,1
2089,1072,1
1094,2089,0
1322,2089,0
2089,1383,1
1415,2089,0
1416,2089,0
2089,1441,1
2089,1466,1
2089,1488,1
2089,1601,1
1724,2089,0
1783,2089,0
2089,1836,1
2089,1847,1
2089,1921,1
2089,2015,1
2035,2089,0
2089,2053,1
2089,2231,0
2342,2089,0
2089,2426,1
2462,2089,0
2092,2326,0
2093,2131,0
169,2094,0
584,2094,0
706,2094,0
2094,1176,1
1440,2094,0
1921,2094,0
2096,1277,1
2096,1967,1
2426,2096,0
2097,2241,0
2097,2334,0
1272,2099,0
2099,1650,1
2099,1691,1
2101,29,1
63,2101,0
99,2101,0
2101,132,1
2101,340,1
2101,433,1
2101,933,1
1121,2101,0
2101,1308,1
1404,2101,0
2101,1478,1
2101,1913,1
2206,2101,0
2103,273,1
2103,1699,1
1735,2103,0
2103,2150,0
2259,2103,0
2106,1301,1
2114,359,1
2114,1239,1
2114,1291,1
1415,2114,0
2116,2129,0
2120,190,1
2120,214,1
584,2120,0
1181,2120,0
2120,1377,1
2120,1702,1
1969,2120,0
2120,2052,1
2277,2120,0
2122,90,1
369,2122,0
399,2122,0
408,2122,0
476,2122,0
635,2122,0
2122,672,1
2122,718,1
2122,819,1
2122,833,1
2122,885,1
2122,889,1
935,2122,0
2122,939,1
2122,997,1
2122,1042,1
1263,2122,0
1269,2122,0
2122,1307,1
1330,2122,0
2122,1392,1
1407,2122,0
1413,2122,0
1450,2122,0
2122,1488,1
1501,2122,0
2122,1541,1
1755,2122,0
2122,1767,1
2122,1864,1
2122,1892,1
2122,1989,1
2122,2011,1
1261,2123,0
2123,1414,1
2124,2429,0
2127,541,1
2127,955,1
2127,2228,1
2128,27,1
2128,59,1
2128,229,1
2128,474,1
2128,505,1
2128,512,1
659,2128,0
2128,690,1
696,2128,0
846,2128,0
2128,915,1
1010,2128,0
2128,1142,1
2128,1146,1
2128,1215,1
2128,1236,1
1239,2128,0
2128,1290,1
1297,2128,0
1372,2128,0
2128,1676,1
1691,2128,0
2128,1740,1
1771,2128,0
2128,1780,1
1834,2128,0
2128,1874,1
2128,1916,1
2128,2035,1
2128,2127,1
2128,2263,1
2128,2452,0
2134,77,1
2134,104,1
2134,892,1
2134,939,1
1143,2134,0
2134,1484,1
1882,2134,0
2134,1907,1
2134,2265,1
2134,2325,1
2134,2326,1
2134,2327,1
2134,2328,1
2134,2329,1
2134,2335,0
2134,2382,0
80,2135,0
2135,1094,1
2135,1834,1
2138,2440,0
2143,29,1
2143,188,1
732,2143,0
2143,959,1
1196,2143,0
2143,1468,1
2143,1664,1
2143,1824,1
2143,2385,1
660,2145,0
2145,858,1
2145,859,1
2145,883,1
2145,1217,1
2145,1428,1
2145,1839,1
2023,2145,0
2145,2131,1
2145,2173,1
2145,2276,1
2145,2311,1
2145,2363,1
2145,2382,1
2145,2385,1
2145,2388,1
2145,2390,1
2145,2391,1
2146,1568,1
1220,2147,0
2331,2147,0
2147,2443,0
1,2149,0
5,2149,0
2149,14,1
2149,15,1
2149,26,1
2149,45,1
51,2149,0
2149,65,1
2149,80,1
2149,96,1
2149,100,1
178,2149,0
179,2149,0
2149,188,1
2149,213,1
2149,219,1
222,2149,0
2149,275,1
2149,285,1
293,2149,0
2149,297,1
2149,306,1
307,2149,0
2149,309,1
2149,314,1
344,2149,0
345,2149,0
2149,368,1
2149,371,1
2149,405,1
2149,406,1
2149,412,1
2149,439,1
442,2149,0
2149,445,1
2149,452,1
2149,496,1
507,2149,0
2149,520,1
2149,546,1
2149,554,1
2149,563,1
2149,575,1
2149,577,1
601,2149,0
2149,605,1
609,2149,0
611,2149,0
2149,619,1
2149,627,1
2149,635,1
2149,653,1
2149,654,1
669,2149,0
672,2149,0
2149,692,1
2149,727,1
2149,731,1
2149,772,1
2149,831,1
846,2149,0
871,2149,0
877,2149,0
2149,889,1
910,2149,0
2149,955,1
962,2149,0
2149,1002,1
1013,2149,0
2149,1026,1
1030,2149,0
1058,2149,0
1061,2149,0
2149,1076,1
2149,1093,1
2149,1114,1
2149,1142,1
1152,2149,0
2149,1161,1
2149,1166,1
2149,1182,1
1193,2149,0
1196,2149,0
2149,1225,1
1228,2149,0
1238,2149,0
1243,2149,0
2149,1249,1
1255,2149,0
1256,2149,0
1260,2149,0
2149,1266,1
2149,1270,1
2149,1299,1
2149,1316,1
2149,1324,1
1327,2149,0
2149,1328,1
2149,1333,1
1383,2149,0
1391,2149,0
1398,2149,0
1404,2149,0
1405,2149,0
2149,1415,1
2149,1430,1
1441,2149,0
2149,1479,1
2149,1494,1
2149,1497,1
2149,1524,1
2149,1533,1
2149,1537,1
2149,1554,1
2149,1555,1
2149,1580,1
2149,1601,1
1603,2149,0
2149,1611,1
1613,2149,0
2149,1662,1
1691,2149,0
1700,2149,0
1712,2149,0
1717,2149,0
1725,2149,0
1732,2149,0
1746,2149,0
1752,2149,0
2149,1779,1
2149,1791,1
1827,2149,0
2149,1874,1
2149,1890,1
1895,2149,0
2149,1897,1
2149,1902,1
1927,2149,0
1934,2149,0
2149,1937,1
1950,2149,0
2149,1954,1
1955,2149,0
2149,1968,1
2149,1980,1
1985,2149,0
2149,2001,1
2149,2037,1
2149,2038,1
2149,2047,1
2149,2076,1
2149,2128,1
2149,2129,1
2149,2136,1
2140,2149,0
2149,2150,1
2163,2149,0
2167,2149,0
2176,2149,0
2149,2187,1
2149,2255,1
2149,2260,1
2149,2264,1
2149,2283,1
2149,2286,1
2149,2299,1
2307,2149,0
2149,2308,1
2316,2149,0
2149,2328,1
2149,2329,1
2149,2345,1
2149,2368,1
2149,2370,1
2149,2385,1
2149,2400,1
2410,2149,0
2432,2149,0
2149,2435,1
2439,2149,0
2149,2457,1
2149,2473,1
667,2151,0
854,2151,0
2151,1415,1
2151,1441,1
1601,2151,0
1663,2151,0
2152,690,1
2152,2315,0
2152,2466,0
2158,1599,1
2159,2440,0
1761,2160,0
180,2162,0
2163,2336,0
2166,2445,0
2169,78,1
116,2169,0
2169,139,1
2169,163,1
182,2169,0
2169,300,1
302,2169,0
2169,354,1
2169,364,1
2169,393,1
2169,408,1
2169,411,1
478,2169,0
611,2169,0
624,2169,0
2169,634,1
2169,635,1
636,2169,0
2169,637,1
773,2169,0
2169,791,1
811,2169,0
817,2169,0
2169,886,1
2169,1046,1
2169,1135,1
2169,1147,1
2169,1176,1
2169,1189,1
2169,1215,1
1303,2169,0
1387,2169,0
2169,1410,1
1470,2169,0
2169,1481,1
2169,1522,1
1535,2169,0
2169,1561,1
1594,2169,0
2169,1610,1
2169,1615,1
1655,2169,0
2169,1693,1
1726,2169,0
1754,2169,0
1776,2169,0
2169,1786,1
2169,1790,1
2169,1809,1
2169,1836,1
1867,2169,0
2169,1963,1
2169,1997,1
2169,2065,1
2169,2076,1
2169,2180,1
2169,2232,1
2169,2281,0
2169,2301,1
2169,2342,1
2169,2366,1
2169,2378,1
2170,2212,0
2172,2219,0
2175,2438,0
635,2177,0
2179,10,1
2179,78,1
2179,163,1
2179,182,1
2179,213,1
2179,287,1
2179,302,1
2179,306,1
2179,408,1
409,2179,0
2179,411,1
478,2179,0
2179,563,1
2179,624,1
634,2179,0
2179,635,1
636,2179,0
2179,717,1
791,2179,0
817,2179,0
2179,930,1
935,2179,0
1046,2179,0
2179,1135,1
1153,2179,0
2179,1176,1
2179,1247,1
2179,1387,1
2179,1423,1
2179,1488,1
1535,2179,0
1610,2179,0
2179,1615,1
2179,1655,1
1693,2179,0
1776,2179,0
2179,1790,1
1997,2179,0
2179,2065,1
2126,2179,0
2179,2180,1
2254,2179,0
2179,2282,0
2304,2179,0
2342,2179,0
2179,2402,1
2179,2447,1
2180,2258,0
2181,63,1
215,2181,0
2181,461,1
2181,635,1
2181,638,1
2181,687,1
833,2181,0
2181,1215,1
1298,2181,0
1820,2181,0
2141,2181,0
2183,244,1
399,2183,0
2183,479,1
2183,578,1
2183,628,1
2183,1091,1
2183,1129,1
1194,2183,0
2183,1352,1
2183,1539,1
1799,2183,0
2183,1868,1
2184,125,1
239,2184,0
2184,2183,1
2185,2360,0
2187,2244,0
1067,2190,0
2190,2207,1
2397,2190,0
2192,2431,0
2199,29,1
188,2199,0
2199,646,1
2199,700,1
2199,732,1
2199,959,1
2199,1196,1
2199,1221,1
2199,1824,1
1847,2199,0
2200,2219,0
2201,2035,1
2202,2313,0
2205,2353,0
2206,2331,0
2208,1,1
2208,387,1
1321,2208,0
2208,1927,1
1585,2211,0
2211,2241,0
939,2212,0
2214,2380,0
2216,2257,0
2217,2372,0
2221,130,1
452,2221,0
2221,521,1
2221,554,1
2221,635,1
2221,755,1
2221,939,1
1201,2221,0
2221,1264,1
2221,1691,1
2238,2221,0
2223,2235,0
2227,115,1
654,2228,0
1425,2228,0
2228,1427,1
2229,833,1
2229,2183,1
1834,2234,0
2235,193,1
1613,2235,0
2235,2406,1
2237,51,1
2237,63,1
99,2237,0
2237,512,1
2237,889,1
902,2237,0
1058,2237,0
2237,1208,1
1555,2237,0
2237,1650,1
2237,1705,1
1775,2237,0
2149,2237,0
2237,2368,1
2240,79,1
2240,228,1
2240,293,1
2240,635,1
2240,1926,1
2240,1981,1
2062,2240,0
2139,2240,0
2240,2285,1
269,2242,0
2242,487,1
2242,1215,1
2242,1868,1
2245,2452,0
2246,190,1
214,2246,0
584,2246,0
2246,706,1
725,2246,0
2246,1181,1
1377,2246,0
2246,1672,1
2246,1702,1
2246,1969,1
2052,2246,0
2202,2246,0
2246,2277,1
2247,2446,1
654,2250,0
2250,1425,1
1427,2250,0
837,2251,0
2256,1382,1
2263,2317,0
1405,2271,0
2271,2236,1
2273,2405,0
2275,63,1
2275,215,1
470,2275,0
2275,638,1
2275,687,1
2275,1215,1
2275,1298,1
1820,2275,0
2275,2081,1
939,2277,0
1215,2277,0
2277,1316,1
2278,2363,0
2280,2415,0
2282,755,1
2284,414,1
2284,512,1
2284,1094,1
1215,2284,0
2284,1311,1
2284,1781,1
2284,1865,1
2284,1994,1
2284,2066,1
2284,2383,1
2292,2383,0
2295,1868,1
2295,2134,1
2297,198,1
188,2300,0
2300,1221,1
2300,2472,0
2304,15,1
2304,56,1
2304,363,1
548,2304,0
2304,699,1
2304,1040,1
2304,1244,1
2304,1370,1
1717,2304,0
1837,2304,0
2307,2377,0
2312,90,1
2312,369,1
2312,408,1
2312,476,1
2312,635,1
654,2312,0
672,2312,0
718,2312,0
2312,781,1
2312,833,1
2312,885,1
2312,889,1
2312,935,1
2312,939,1
1028,2312,0
1042,2312,0
2312,1072,1
2312,1126,1
2312,1263,1
2312,1269,1
2312,1397,1
1407,2312,0
2312,1425,1
1450,2312,0
2312,1488,1
2312,1501,1
1532,2312,0
2312,1755,1
2312,1767,1
2312,1821,1
2312,1892,1
2011,2312,0
1490,2313,0
2314,1590,1
2315,78,1
2315,116,1
2315,139,1
2315,163,1
2315,302,1
354,2315,0
2315,364,1
2315,408,1
2315,411,1
2315,478,1
2315,624,1
2315,634,1
636,2315,0
2315,717,1
2315,741,1
2315,773,1
2315,791,1
2315,817,1
2315,930,1
935,2315,0
2315,1045,1
2315,1046,1
1153,2315,0
2315,1303,1
2315,1387,1
1423,2315,0
2315,1481,1
1535,2315,0
2315,1610,1
2315,1615,1
1655,2315,0
2315,1726,1
2315,1776,1
2315,1790,1
2315,1809,1
1836,2315,0
1867,2315,0
2315,1963,1
2065,2315,0
2315,2076,1
2232,2315,0
2301,2315,0
2342,2315,0
2315,2366,1
2317,2426,0
2321,95,1
2321,190,1
2321,1181,1
1377,2321,0
1672,2321,0
1702,2321,0
1969,2321,0
2321,2202,1
2321,2277,1
2322,1663,1
1871,2322,0
68,2324,0
2324,2231,1
2325,2456,0
939,2330,0
2331,226,1
2331,338,1
551,2331,0
591,2331,0
694,2331,0
2331,829,1
939,2331,0
953,2331,0
2331,1204,1
1309,2331,0
2331,1508,1
2331,1649,1
2331,1698,1
2050,2331,0
2081,2331,0
2403,2331,0
2331,2413,1
939,2332,0
2332,2381,0
2333,939,1
2334,939,1
2339,47,1
2339,120,1
2339,157,1
414,2339,0
2339,653,1
691,2339,0
2339,1085,1
2339,1215,1
1622,2339,0
1666,2339,0
2339,2388,0
2339,2456,0
2341,2347,0
939,2347,0
2081,2350,0
2355,102,1
2355,635,1
2355,690,1
2355,737,1
864,2355,0
963,2355,0
1351,2355,0
2355,1383,1
1415,2355,0
1416,2355,0
2355,1441,1
2355,1466,1
1601,2355,0
2355,1724,1
2355,1847,1
2355,1868,1
2355,1965,1
2053,2355,0
2358,126,1
2358,172,1
2358,299,1
2358,318,1
654,2358,0
657,2358,0
658,2358,0
2358,833,1
2358,939,1
1016,2358,0
2358,1141,1
2358,1292,1
1448,2358,0
2358,1545,1
1595,2358,0
1839,2358,0
2358,1931,1
1941,2358,0
2358,2192,1
2358,2257,1
2358,2311,1
2362,997,1
2365,2411,0
2367,1355,1
2367,1575,1
2367,2376,0
2372,646,1
2372,733,1
2372,1239,1
2372,1664,1
2372,1992,1
2372,2331,1
2374,79,1
2374,430,1
1988,2374,0
2376,2411,0
2385,32,1
1626,2385,0
2387,81,1
2387,158,1
2387,307,1
2387,328,1
2387,418,1
476,2387,0
2387,774,1
1049,2387,0
2387,1450,1
1461,2387,0
2387,1868,1
2387,1880,1
2387,1922,1
2387,2003,1
2387,2077,1
2387,2242,1
2348,2387,0
2387,2474,1
2389,939,1
939,2414,0
2415,2445,0
2418,328,1
1847,2421,0
2422,59,1
2422,440,1
2422,542,1
2422,603,1
2422,811,1
2422,840,1
1118,2422,0
2422,1297,1
1415,2422,0
1640,2422,0
2422,1882,1
2422,1895,1
2422,1921,1
2422,1984,1
2125,2422,0
2425,344,1
2425,356,1
2425,758,1
2425,836,1
2425,1035,1
1142,2425,0
2425,1311,1
2425,1406,1
2425,1684,1
2425,1871,1
2071,2425,0
2429,108,1
2430,1459,1
2335,2430,0
2433,724,1
2437,307,1
2437,635,1
654,2437,0
690,2437,0
2437,1259,1
2168,2437,0
2437,2243,1
2437,2263,1
1702,2438,0
105,2442,0
2448,1650,1
2449,1327,1
2449,1834,1
2450,659,1
2451,413,1
2451,2145,1
2459,1843,1
2460,304,1
2460,1215,1
1847,2461,0
2463,293,1
2463,1085,1
1280,2463,0
2466,864,1
2467,901,1
1436,2467,0
1849,2467,0
2471,1673,1
