0,166,1
0,200,1
0,290,1
0,498,1
0,848,1
0,918,1
935,0,0
987,0,0
0,988,1
0,1124,1
0,1129,1
0,1161,1
0,1301,1
1362,0,0
0,1426,1
1,26,1
662,1,0
1,701,1
1,1069,1
1,1152,1
1,1171,0
1,1176,1
1,1220,1
1,1262,1
1,1277,1
1,1352,1
1,1414,1
1,1599,1
2,109,0
509,2,0
2,548,1
2,827,1
2,1251,1
2,1287,1
2,1490,1
2,1491,1
2,1535,1
222,3,0
3,249,1
3,258,1
3,319,1
687,3,0
3,916,0
3,1322,1
1340,3,0
116,4,0
234,4,0
4,819,1
4,1324,0
5,495,1
5,1042,1
5,1231,1
5,1400,1
6,326,1
6,1207,1
1536,6,0
22,7,0
7,179,1
7,204,1
284,7,0
345,7,0
399,7,0
7,484,1
555,7,0
7,562,1
581,7,0
590,7,0
7,772,1
7,776,1
778,7,0
822,7,0
7,842,1
7,936,1
7,940,1
7,973,1
7,1122,1
7,1159,1
1180,7,0
1394,7,0
1458,7,0
7,1503,1
8,1128,0
9,210,1
9,298,1
9,497,1
994,9,0
9,1084,1
9,1311,1
10,175,1
10,279,1
314,10,0
316,10,0
318,10,0
381,10,0
389,10,0
390,10,0
10,437,1
10,464,1
10,489,1
10,516,1
10,529,1
642,10,0
10,683,1
10,698,1
10,705,1
10,746,1
10,828,1
10,866,1
10,895,1
10,906,1
925,10,0
10,951,1
10,969,1
10,981,1
10,996,1
10,1008,1
10,1022,1
1028,10,0
10,1047,1
1054,10,0
10,1134,1
10,1143,1
10,1221,1
10,1226,1
1234,10,0
1235,10,0
10,1237,1
10,1427,1
10,1469,1
10,1504,1
10,1532,1
10,1553,1
10,1554,1
10,1560,1
1580,10,0
10,1628,1
11,77,1
11,243,1
11,319,1
11,460,1
475,11,0
11,496,1
11,628,1
632,11,0
11,680,1
11,716,1
11,726,1
11,745,1
11,805,1
836,11,0
11,858,1
11,1037,0
11,1188,1
1191,11,0
1204,11,0
11,1213,1
1225,11,0
11,1242,1
11,1585,1
12,22,1
34,12,0
12,211,1
12,241,1
12,242,1
12,300,1
370,12,0
12,386,1
12,404,1
409,12,0
12,431,1
12,458,1
490,12,0
12,583,1
644,12,0
645,12,0
12,654,1
12,673,1
12,721,1
748,12,0
12,749,1
12,753,1
12,804,1
12,825,0
12,832,1
12,869,1
930,12,0
976,12,0
12,1095,1
1123,12,0
12,1180,1
1260,12,0
1266,12,0
12,1288,1
1314,12,0
12,1326,1
12,1349,1
12,1355,1
1366,12,0
1373,12,0
1443,12,0
12,1463,1
12,1517,1
12,1527,1
12,1543,1
1571,12,0
12,1589,1
12,1609,1
12,1642,1
65,13,0
13,228,0
13,294,1
13,349,1
13,488,1
13,569,0
13,747,1
13,1597,1
14,215,1
14,289,1
14,403,0
14,914,1
14,932,1
14,1085,1
14,1401,1
15,108,1
114,15,0
118,15,0
15,307,1
315,15,0
15,328,1
15,444,1
525,15,0
15,686,1
15,757,1
824,15,0
15,852,1
15,887,1
1011,15,0
15,1063,1
15,1133,1
1228,15,0
15,1240,1
15,1250,0
15,1280,1
15,1282,1
15,1367,1
15,1377,1
15,1379,1
15,1415,0
15,1439,1
1608,15,0
16,236,1
16,261,0
16,445,0
16,455,1
16,458,0
16,516,0
17,103,1
17,233,0
17,673,0
17,875,0
17,1106,0
18,309,1
18,479,1
18,572,1
18,614,1
732,18,0
18,841,0
1112,18,0
1272,18,0
18,1369,1
135,19,0
19,165,0
19,844,1
860,19,0
19,1170,1
19,1447,0
20,17,1
20,441,0
20,475,1
20,612,1
829,20,0
20,1148,0
20,1446,1
1606,20,0
21,252,1
21,333,1
375,21,0
21,513,1
21,1226,0
1251,21,0
21,1530,0
22,287,0
22,399,1
555,22,0
22,776,1
22,778,1
22,822,1
22,903,0
973,22,0
1106,22,0
22,1122,1
22,1220,1
22,1339,0
1503,22,0
23,214,1
23,483,1
761,23,0
23,1238,0
23,1255,1
23,1436,1
23,1596,1
24,273,0
24,1029,1
24,1181,1
24,1453,1
24,1576,0
24,1599,0
25,329,1
25,500,1
25,543,1
25,594,0
25,622,1
25,646,1
25,740,1
25,1298,1
25,1603,1
26,56,1
27,364,1
802,27,0
27,887,1
27,1090,0
1182,27,0
1240,27,0
27,1249,1
27,1431,1
28,1401,0
29,394,1
29,689,1
29,1122,1
29,1307,1
125,30,0
30,157,0
30,454,1
30,823,1
1167,30,0
1368,30,0
31,205,1
250,31,0
423,31,0
554,31,0
31,729,1
31,1013,1
31,1168,1
31,1196,0
1210,31,0
1308,31,0
31,1315,1
31,1335,1
31,1341,1
31,1353,1
32,16,1
32,659,0
32,841,1
1248,32,0
32,1296,1
240,33,0
33,874,1
886,33,0
33,1157,1
33,1187,1
33,1342,1
34,89,1
226,34,0
501,34,0
34,563,1
34,614,1
34,794,1
34,815,1
34,931,1
1106,34,0
1194,34,0
34,1245,0
34,1305,1
34,1323,1
34,1565,1
1606,34,0
78,35,0
35,319,1
35,442,1
647,35,0
746,35,0
35,789,1
853,35,0
1148,35,0
35,1618,1
36,164,1
178,36,0
247,36,0
248,36,0
36,263,1
301,36,0
36,421,1
36,425,0
542,36,0
36,635,1
36,795,1
36,815,1
841,36,0
950,36,0
955,36,0
974,36,0
36,1018,1
36,1363,1
37,197,1
37,285,1
37,341,1
526,37,0
787,37,0
37,840,1
37,1060,1
37,1233,1
1263,37,0
37,1451,1
38,57,1
38,132,0
249,38,0
391,38,0
38,602,1
38,666,1
793,38,0
38,943,1
38,1033,1
38,1046,1
1261,38,0
38,1570,1
39,419,0
39,651,0
40,168,1
40,273,1
40,635,0
683,40,0
40,693,0
40,705,1
40,1007,1
40,1065,1
40,1349,1
40,1532,1
41,187,1
277,41,0
41,318,1
41,607,1
41,821,1
841,41,0
41,1114,1
42,4,1
42,202,1
42,244,1
42,342,1
498,42,0
42,522,1
42,567,1
602,42,0
42,643,1
666,42,0
693,42,0
42,710,1
42,793,1
42,819,1
882,42,0
42,886,1
890,42,0
42,933,1
42,942,1
42,943,1
1002,42,0
42,1033,1
1113,42,0
42,1201,1
42,1202,1
42,1221,0
1222,42,0
42,1238,1
42,1330,1
42,1378,1
42,1383,1
42,1402,1
42,1500,1
42,1584,1
42,1588,1
42,1600,1
1614,42,0
43,160,1
43,207,1
313,43,0
43,327,1
43,367,1
383,43,0
43,392,1
43,485,1
43,504,0
518,43,0
43,574,1
43,596,1
43,616,1
43,637,1
43,649,1
43,668,0
747,43,0
43,820,1
856,43,0
43,867,1
43,942,1
43,946,1
953,43,0
993,43,0
43,1004,1
1014,43,0
43,1032,1
43,1044,1
43,1192,1
43,1289,1
43,1324,1
43,1392,1
1479,43,0
43,1481,1
43,1489,1
1492,43,0
43,1511,1
1568,43,0
1630,43,0
456,44,0
623,44,0
729,44,0
739,44,0
44,1138,1
44,1139,1
44,1267,0
44,1406,1
44,1590,1
44,1591,1
45,915,0
46,335,0
201,47,0
252,47,0
295,47,0
47,305,1
47,354,1
47,397,1
47,441,1
47,461,1
517,47,0
47,536,1
584,47,0
592,47,0
599,47,0
604,47,0
47,658,1
697,47,0
47,699,1
710,47,0
47,715,1
47,718,1
834,47,0
47,839,1
47,846,1
47,887,1
47,914,0
47,954,1
47,964,1
47,971,1
980,47,0
47,1005,1
1015,47,0
47,1087,1
47,1098,1
47,1102,1
47,1119,1
47,1177,1
47,1183,1
1240,47,0
1250,47,0
47,1316,1
1318,47,0
47,1360,1
1365,47,0
47,1390,1
47,1397,1
47,1410,1
47,1418,1
47,1487,1
47,1523,0
47,1528,1
1534,47,0
47,1552,1
47,1556,1
1575,47,0
47,1587,1
118,48,0
281,48,0
48,674,1
883,48,0
48,977,1
48,987,1
48,1239,1
48,1362,1
48,1470,1
48,1502,1
49,128,1
49,233,1
49,505,0
49,783,1
49,1146,1
1205,49,0
49,1345,1
1361,49,0
49,1384,1
49,1465,1
1594,49,0
49,1617,1
50,141,1
50,287,1
50,334,1
50,428,1
50,453,0
606,50,0
619,50,0
50,641,1
50,655,0
50,851,1
855,50,0
942,50,0
50,1408,0
50,1459,1
1548,50,0
50,1614,1
77,51,0
164,51,0
51,247,1
301,51,0
51,363,1
421,51,0
51,432,1
51,462,1
51,478,1
51,576,1
51,690,1
51,766,1
51,795,1
51,836,1
841,51,0
51,950,1
51,955,1
51,997,1
51,1018,1
51,1061,1
51,1089,0
51,1170,1
1203,51,0
51,1211,1
51,1264,1
1363,51,0
51,1462,1
51,1611,1
52,184,0
52,310,1
52,559,1
52,703,1
52,1068,1
1274,52,0
942,53,0
53,1462,0
53,1469,1
54,122,0
54,656,0
914,54,0
54,932,1
1085,54,0
54,1206,0
55,417,0
209,56,0
223,56,0
56,730,1
56,1320,1
56,1423,1
56,1557,1
255,57,0
57,318,1
57,358,1
365,57,0
57,438,1
57,466,1
57,525,0
57,621,0
57,713,1
897,57,0
57,1036,0
57,1110,1
57,1164,1
57,1315,1
57,1422,1
57,1576,1
117,58,0
58,229,1
293,58,0
58,369,1
58,443,1
58,451,1
58,604,1
58,712,1
58,798,1
58,1021,1
1156,58,0
1380,58,0
1516,58,0
59,267,0
61,357,0
359,61,0
61,493,1
816,61,0
61,901,1
62,90,0
62,185,1
62,351,1
402,62,0
62,833,1
62,910,1
1065,62,0
62,1117,1
62,1149,1
62,1158,1
62,1275,1
62,1449,1
63,117,1
614,63,0
630,63,0
63,802,1
63,931,1
63,1323,1
63,1331,0
200,64,0
64,389,0
64,900,1
64,927,0
65,249,1
65,520,1
549,65,0
744,65,0
65,800,1
888,65,0
65,1026,0
65,1086,1
1167,65,0
1218,65,0
65,1249,1
65,1290,0
65,1417,1
66,218,0
67,253,1
67,397,1
67,470,1
67,487,0
67,510,1
844,67,0
67,848,1
67,908,1
67,975,1
1126,67,0
67,1268,1
67,1360,1
67,1452,1
254,68,0
68,678,1
68,892,1
68,1219,1
1490,68,0
68,1505,1
68,1620,1
114,69,0
69,1415,1
69,1487,0
70,44,1
70,103,1
207,70,0
70,459,1
470,70,0
70,480,0
70,681,0
70,755,1
70,945,1
70,987,1
70,989,1
70,1124,1
70,1273,1
70,1301,1
1419,70,0
70,1529,1
70,1633,0
71,247,1
71,357,1
71,741,0
1273,71,0
71,1584,0
402,72,0
72,441,0
72,457,1
72,458,0
532,72,0
72,960,1
1452,72,0
72,1604,1
73,51,1
73,620,1
73,909,0
947,73,0
74,102,1
74,221,1
74,235,1
335,74,0
645,74,0
74,949,1
74,956,1
74,1268,0
1294,74,0
74,1523,1
1537,74,0
74,1538,1
1545,74,0
1639,74,0
194,75,0
75,195,1
75,312,1
75,440,1
75,896,1
75,904,0
75,1006,1
1471,75,0
75,1497,1
76,114,1
76,1111,0
1564,76,0
82,77,0
77,91,1
77,114,1
77,237,1
239,77,0
257,77,0
261,77,0
291,77,0
77,324,0
77,369,1
77,384,1
77,412,1
77,414,1
77,446,1
451,77,0
475,77,0
510,77,0
512,77,0
519,77,0
77,538,1
77,539,1
77,557,1
77,564,1
585,77,0
77,587,1
77,593,1
77,618,1
77,628,1
77,639,1
77,650,1
77,675,1
77,688,1
77,691,1
77,696,1
77,767,1
805,77,0
77,858,1
77,868,1
77,893,1
77,912,1
77,923,1
77,948,1
77,1000,1
1010,77,0
1012,77,0
1045,77,0
1061,77,0
77,1067,1
77,1093,1
77,1097,1
1153,77,0
77,1156,1
77,1188,1
77,1191,1
77,1212,1
1284,77,0
1293,77,0
1310,77,0
1321,77,0
77,1332,1
1335,77,0
77,1356,1
77,1363,1
77,1385,1
77,1398,1
1406,77,0
77,1455,1
77,1519,1
77,1525,1
77,1526,1
77,1539,1
1558,77,0
77,1579,1
77,1582,1
77,1615,1
77,1616,1
78,84,1
93,78,0
78,956,1
1198,78,0
155,79,0
79,433,1
79,506,1
79,651,1
79,1224,1
1414,79,0
79,1506,1
80,169,1
80,665,0
80,1162,1
80,1445,0
80,1608,0
229,81,0
803,81,0
81,810,1
81,956,0
1357,81,0
81,1411,1
82,67,1
82,218,1
82,246,1
82,552,1
704,82,0
82,773,1
818,82,0
82,884,1
82,908,1
82,1213,1
82,1270,1
82,1453,1
1454,82,0
82,1626,1
83,2,1
83,31,1
33,83,0
41,83,0
83,71,1
83,98,1
83,100,1
83,120,1
128,83,0
138,83,0
83,149,1
83,152,1
83,155,1
175,83,0
83,183,1
195,83,0
83,205,1
83,216,1
219,83,0
83,224,1
227,83,0
229,83,0
83,250,1
83,251,1
83,253,1
260,83,0
83,265,1
83,267,1
269,83,0
275,83,0
83,279,1
283,83,0
83,286,1
83,289,1
83,291,1
83,292,1
83,314,1
83,330,1
336,83,0
341,83,0
83,342,1
83,347,1
353,83,0
83,357,1
83,362,1
83,368,1
83,371,1
376,83,0
83,387,1
83,393,1
410,83,0
417,83,0
83,423,1
83,426,1
430,83,0
83,437,1
83,446,1
83,453,1
83,463,1
464,83,0
472,83,0
83,473,1
83,492,1
83,502,1
504,83,0
505,83,0
83,510,1
83,523,1
83,529,1
83,533,1
540,83,0
83,541,1
544,83,0
83,554,1
83,560,1
564,83,0
83,568,1
589,83,0
83,591,1
598,83,0
83,601,1
83,613,1
615,83,0
83,627,1
643,83,0
650,83,0
83,656,1
83,659,1
661,83,0
83,663,1
83,675,1
684,83,0
687,83,0
83,691,1
694,83,0
83,696,1
712,83,0
83,722,1
724,83,0
83,728,1
731,83,0
83,735,1
765,83,0
83,767,1
770,83,0
83,774,1
83,777,1
778,83,0
83,781,1
783,83,0
83,792,1
83,807,1
810,83,0
811,83,0
83,813,1
817,83,0
822,83,0
83,827,1
828,83,0
83,838,1
83,843,1
83,849,1
850,83,0
859,83,0
83,862,1
866,83,0
83,871,1
880,83,0
83,885,1
889,83,0
891,83,0
83,894,1
83,895,1
934,83,0
938,83,0
948,83,0
83,951,1
83,952,1
83,963,1
965,83,0
83,969,0
83,978,1
83,984,1
996,83,0
83,1008,1
83,1009,1
83,1013,1
1016,83,0
83,1042,1
1043,83,0
83,1050,1
83,1054,1
83,1055,1
83,1071,1
83,1075,1
1077,83,0
83,1079,1
83,1103,1
83,1106,1
83,1113,1
1116,83,0
83,1130,1
1143,83,0
83,1144,1
1152,83,0
1153,83,0
1159,83,0
1168,83,0
1171,83,0
83,1202,1
1204,83,0
83,1220,1
1229,83,0
83,1232,1
83,1234,1
83,1243,1
83,1244,1
83,1245,1
83,1251,1
83,1274,1
83,1277,1
83,1281,1
1283,83,0
1287,83,0
1290,83,0
83,1303,1
83,1305,1
1306,83,0
1309,83,0
1315,83,0
83,1324,1
83,1325,1
83,1327,1
83,1329,1
83,1331,1
83,1341,1
83,1342,1
1346,83,0
83,1348,1
83,1356,1
83,1357,1
83,1363,1
83,1367,1
83,1374,1
1375,83,0
83,1376,1
83,1380,1
83,1389,1
83,1398,1
83,1401,1
1406,83,0
83,1412,1
83,1413,1
83,1420,1
1427,83,0
1445,83,0
1448,83,0
1460,83,0
83,1461,1
83,1468,1
83,1470,1
1477,83,0
1484,83,0
1491,83,0
83,1496,1
83,1497,1
83,1504,1
83,1508,1
1510,83,0
83,1515,1
83,1518,1
83,1535,1
83,1539,1
83,1542,1
1547,83,0
83,1555,1
83,1557,1
1558,83,0
1569,83,0
83,1576,1
83,1578,1
83,1580,1
83,1582,1
1601,83,0
83,1613,1
1616,83,0
83,1623,1
83,1625,1
1628,83,0
83,1632,1
813,84,0
85,112,1
238,85,0
85,835,1
85,854,1
862,85,0
85,897,1
85,955,0
85,1128,1
85,1210,0
1282,85,0
86,191,0
86,307,0
86,419,1
538,86,0
902,86,0
86,1062,1
86,1183,1
1359,86,0
86,1378,1
79,87,0
87,160,1
87,268,1
87,415,1
87,506,1
87,508,1
638,87,0
743,87,0
793,87,0
87,847,1
1107,87,0
87,1125,1
87,1181,1
1224,87,0
1350,87,0
87,1414,1
1506,87,0
88,1011,0
89,152,0
89,466,0
563,89,0
89,815,1
1090,89,0
1120,89,0
89,1247,1
89,1288,1
89,1585,1
90,134,0
142,90,0
90,306,1
90,322,1
324,90,0
90,553,1
90,617,1
90,799,1
90,863,1
90,1133,1
90,1236,1
1291,90,0
90,1391,1
1475,90,0
90,1604,1
1633,90,0
91,139,0
91,219,1
91,229,1
91,340,1
91,355,1
91,357,1
91,360,1
91,405,1
91,422,1
430,91,0
91,435,1
501,91,0
507,91,0
527,91,0
91,737,1
91,779,1
864,91,0
983,91,0
991,91,0
91,1038,1
91,1059,1
1120,91,0
91,1140,1
91,1268,1
91,1286,1
91,1295,1
91,1357,1
1429,91,0
1524,91,0
1549,91,0
1595,91,0
916,92,0
1142,92,0
92,1150,0
92,1527,0
92,1636,1
93,217,0
1549,93,0
93,1581,0
198,94,0
94,199,1
94,220,1
94,234,1
94,241,1
94,306,1
94,374,1
401,94,0
94,469,1
94,551,1
94,749,1
94,934,0
94,995,1
94,1019,1
94,1025,1
1051,94,0
94,1072,1
94,1083,0
1105,94,0
94,1106,1
94,1123,1
1132,94,0
1155,94,0
1169,94,0
94,1194,1
94,1217,1
94,1223,1
94,1260,1
94,1430,1
94,1443,1
94,1454,1
1549,94,0
1609,94,0
109,95,0
95,134,1
95,281,1
95,494,1
95,674,1
883,95,0
95,1053,0
95,1115,1
95,1337,0
95,1480,1
96,389,0
96,419,1
96,471,1
903,96,0
96,1017,1
1063,96,0
1092,96,0
96,1160,1
96,1175,1
96,1189,1
1522,96,0
1566,96,0
96,1584,0
97,15,1
97,307,1
97,439,1
97,530,1
97,709,1
762,97,0
97,1166,1
97,1514,1
98,125,1
98,128,1
98,506,1
98,747,0
783,98,0
98,823,1
98,1040,1
1205,98,0
1368,98,0
1388,98,0
98,1396,1
1440,98,0
98,1465,1
98,1533,1
99,5,1
115,99,0
99,185,1
99,211,1
99,220,1
301,99,0
474,99,0
588,99,0
99,603,1
99,605,1
99,672,1
99,773,1
99,791,1
832,99,0
99,901,1
99,947,1
99,983,1
99,1076,0
99,1101,1
99,1108,0
99,1284,1
1288,99,0
99,1296,1
99,1425,1
1593,99,0
1639,99,0
100,112,0
100,275,1
100,316,1
349,100,0
372,100,0
100,376,1
100,389,1
659,100,0
100,746,1
100,770,1
100,859,1
906,100,0
909,100,0
100,963,1
1079,100,0
100,1134,1
1222,100,0
100,1342,1
100,1477,1
101,172,1
101,1188,1
886,102,0
1584,102,0
1077,103,0
103,1441,1
104,220,0
104,392,1
104,405,1
104,986,0
104,1072,0
104,1246,1
104,1551,0
105,543,1
105,784,1
105,959,0
105,1395,1
106,165,0
106,511,1
106,558,1
106,563,0
629,106,0
106,649,0
106,764,0
106,1086,0
106,1510,1
106,1622,1
107,146,0
107,826,1
1588,107,0
107,1603,1
1610,107,0
210,108,0
483,108,0
108,548,1
607,108,0
108,797,1
945,108,0
108,1108,1
108,1123,0
108,1254,1
108,1405,1
108,1461,0
109,100,1
177,109,0
109,180,1
196,109,0
109,217,1
109,228,1
243,109,0
109,275,1
109,276,1
109,316,1
109,318,1
109,331,1
109,378,1
389,109,0
109,393,1
420,109,0
109,505,1
565,109,0
109,566,1
109,598,1
109,631,1
653,109,0
109,681,1
109,726,1
746,109,0
752,109,0
109,753,1
109,765,1
109,780,1
109,782,0
813,109,0
109,868,1
876,109,0
885,109,0
906,109,0
109,917,1
958,109,0
109,968,1
109,969,1
1020,109,0
109,1073,1
109,1082,1
1103,109,0
1134,109,0
109,1144,1
109,1149,0
109,1155,1
109,1191,1
1192,109,0
109,1229,1
109,1241,1
109,1279,1
1312,109,0
109,1328,1
109,1374,1
109,1387,1
109,1393,1
1420,109,0
109,1444,1
1448,109,0
109,1469,1
1472,109,0
109,1494,1
1498,109,0
109,1509,1
109,1512,1
1531,109,0
109,1585,1
109,1624,1
1631,109,0
314,110,0
380,110,0
110,547,1
110,698,1
110,817,1
110,828,1
1628,110,0
111,163,1
111,269,1
111,285,0
111,878,1
111,1123,0
111,1145,1
111,1292,1
112,299,1
112,417,1
112,1069,1
112,1521,1
113,889,0
114,223,1
114,265,1
279,114,0
114,296,1
348,114,0
114,372,1
114,373,1
114,377,1
393,114,0
406,114,0
448,114,0
114,489,1
494,114,0
521,114,0
114,537,1
114,556,1
586,114,0
114,597,1
640,114,0
114,648,1
114,664,1
668,114,0
114,708,1
753,114,0
114,768,1
114,808,1
114,813,1
114,856,1
865,114,0
114,866,1
114,885,1
114,910,1
114,951,1
114,996,1
114,1008,1
114,1026,1
114,1041,1
114,1054,1
114,1074,1
114,1078,1
114,1115,1
1127,114,0
1136,114,0
114,1141,1
114,1143,1
114,1151,1
114,1152,1
114,1172,1
114,1198,1
114,1220,1
1222,114,0
1229,114,0
114,1235,1
1237,114,0
114,1262,1
114,1317,1
114,1339,1
114,1359,1
1374,114,0
1409,114,0
114,1437,1
114,1472,1
114,1480,1
114,1498,1
1504,114,0
1512,114,0
1573,114,0
114,1635,1
114,1637,1
114,1638,1
115,292,1
315,115,0
115,382,1
115,444,1
115,512,0
115,656,1
115,729,0
856,115,0
115,973,0
115,1077,0
115,1280,1
115,1460,1
115,1518,1
116,486,1
116,577,1
116,1094,1
116,1206,1
116,1371,1
116,1495,1
442,117,0
117,584,1
117,621,0
117,631,0
647,117,0
117,789,1
117,853,1
117,1148,1
1618,117,0
200,118,0
118,223,1
118,265,1
279,118,0
118,372,1
373,118,0
118,393,1
118,406,1
118,448,1
118,464,1
118,488,1
118,489,1
118,521,1
118,556,1
118,586,1
597,118,0
118,648,1
118,664,1
118,668,1
118,708,1
118,768,1
850,118,0
118,865,1
118,866,1
118,895,1
910,118,0
951,118,0
118,996,1
118,1041,1
118,1054,1
1074,118,0
1115,118,0
1136,118,0
118,1141,1
1143,118,0
118,1151,1
118,1152,1
1229,118,0
118,1234,1
1262,118,0
118,1317,1
1339,118,0
118,1359,1
118,1374,1
1420,118,0
118,1427,1
118,1498,1
118,1512,1
118,1529,1
118,1573,1
118,1635,1
118,1637,1
118,1638,1
119,1,1
2,119,0
119,4,1
119,11,1
119,12,1
119,18,1
119,38,1
119,48,1
56,119,0
119,57,1
119,61,1
119,62,1
72,119,0
119,77,1
119,90,1
96,119,0
119,108,1
114,119,0
119,118,1
119,136,1
119,141,1
119,151,1
119,155,1
163,119,0
119,168,1
119,170,1
119,178,1
180,119,0
119,185,1
119,188,1
192,119,0
194,119,0
119,202,1
119,205,1
209,119,0
119,226,1
119,230,1
231,119,0
119,233,1
119,234,1
119,238,1
119,240,1
244,119,0
250,119,0
253,119,0
256,119,0
119,273,1
119,281,1
291,119,0
119,293,1
119,299,1
119,302,1
119,312,1
119,320,1
119,322,1
119,324,1
119,331,1
119,333,1
119,334,1
336,119,0
119,344,1
349,119,0
119,358,1
119,361,1
119,374,1
119,385,1
119,391,1
395,119,0
119,402,1
119,405,1
119,411,1
414,119,0
419,119,0
119,423,1
119,428,1
433,119,0
457,119,0
119,467,1
477,119,0
119,481,1
486,119,0
119,491,1
494,119,0
119,495,1
500,119,0
119,503,1
119,508,1
119,509,1
119,515,1
119,528,1
119,531,1
532,119,0
119,538,1
119,539,1
119,541,1
119,543,1
546,119,0
119,551,1
119,553,1
119,554,1
119,570,1
119,577,1
119,578,1
587,119,0
119,596,1
119,600,1
119,602,1
119,606,1
609,119,0
611,119,0
617,119,0
119,619,1
626,119,0
119,630,1
119,647,1
119,652,1
119,655,1
658,119,0
119,659,1
119,666,1
669,119,0
119,674,1
119,675,1
119,676,1
677,119,0
119,683,1
685,119,0
119,687,1
119,705,1
119,711,1
713,119,0
714,119,0
119,721,1
119,723,1
727,119,0
119,730,1
119,738,1
739,119,0
119,754,1
756,119,0
764,119,0
119,769,1
119,788,1
119,789,1
119,793,1
794,119,0
798,119,0
119,802,1
119,812,1
818,119,0
119,823,1
827,119,0
830,119,0
119,848,1
851,119,0
857,119,0
119,859,1
861,119,0
863,119,0
119,868,1
877,119,0
119,879,1
883,119,0
119,886,1
119,893,1
896,119,0
119,897,1
119,898,1
119,901,1
119,903,1
119,912,1
914,119,0
119,920,1
119,923,1
119,927,1
119,928,1
929,119,0
119,931,1
119,933,1
943,119,0
119,944,1
119,947,1
948,119,0
119,950,1
119,953,1
119,957,1
119,959,1
119,960,1
962,119,0
119,966,1
119,970,1
119,979,1
984,119,0
119,986,1
119,988,1
119,990,1
119,1003,1
119,1006,1
1013,119,0
1017,119,0
1023,119,0
119,1034,1
119,1044,1
119,1046,1
119,1065,1
1069,119,0
119,1071,1
119,1079,1
1080,119,0
1085,119,0
1092,119,0
1100,119,0
1106,119,0
1107,119,0
1109,119,0
119,1110,1
1115,119,0
119,1117,1
1121,119,0
119,1132,1
1138,119,0
119,1139,1
1142,119,0
119,1152,1
119,1160,1
1163,119,0
119,1164,1
119,1169,1
1185,119,0
1186,119,0
119,1187,1
1189,119,0
119,1193,1
1194,119,0
1196,119,0
1197,119,0
1200,119,0
119,1202,1
119,1210,1
119,1217,1
119,1224,1
1251,119,0
1261,119,0
119,1263,1
1274,119,0
119,1277,1
1280,119,0
119,1284,1
119,1287,1
1291,119,0
119,1303,1
119,1305,1
119,1306,1
119,1307,1
1310,119,0
119,1315,1
1319,119,0
1320,119,0
119,1321,1
119,1334,1
1341,119,0
119,1353,1
119,1356,1
1363,119,0
1368,119,0
1371,119,0
119,1382,1
119,1392,1
119,1396,1
119,1398,1
119,1400,1
119,1413,1
119,1414,1
119,1421,1
1438,119,0
119,1442,1
1452,119,0
119,1454,1
1456,119,0
119,1457,1
119,1464,1
119,1477,1
119,1478,1
119,1479,1
119,1480,1
119,1495,1
119,1497,1
119,1500,1
119,1513,1
119,1515,1
119,1517,1
119,1521,1
1522,119,0
119,1535,1
119,1539,1
1544,119,0
119,1546,1
119,1548,1
119,1551,1
119,1555,1
119,1558,1
1565,119,0
1566,119,0
119,1568,1
119,1569,1
119,1579,1
119,1582,1
119,1584,1
1590,119,0
119,1591,1
119,1599,1
1607,119,0
1612,119,0
119,1616,1
1621,119,0
1629,119,0
119,1633,1
119,1636,1
119,1638,1
119,1640,1
119,1641,1
120,9,1
120,105,1
120,128,1
130,120,0
211,120,0
120,216,1
221,120,0
235,120,0
120,249,1
120,253,1
120,267,1
120,270,1
120,271,1
291,120,0
120,307,1
120,309,1
120,330,1
333,120,0
335,120,0
120,336,1
362,120,0
366,120,0
120,370,1
120,387,1
120,391,1
414,120,0
120,422,1
120,442,1
453,120,0
120,473,1
479,120,0
495,120,0
514,120,0
120,520,1
120,523,1
120,539,1
120,580,1
120,591,1
120,644,1
120,647,1
120,657,1
661,120,0
120,662,1
120,687,1
693,120,0
120,722,1
120,728,1
120,744,1
120,759,1
765,120,0
120,774,1
120,777,1
789,120,0
120,807,1
832,120,0
120,843,1
849,120,0
120,850,0
853,120,0
120,862,1
120,888,1
120,972,1
120,974,1
120,981,1
120,1013,1
1016,120,0
120,1028,1
1042,120,0
120,1047,1
1050,120,0
1058,120,0
1064,120,0
120,1086,1
120,1113,1
120,1153,1
120,1168,1
1200,120,0
1208,120,0
120,1214,1
1231,120,0
120,1232,1
120,1244,1
120,1281,1
1288,120,0
120,1294,1
120,1306,1
120,1309,1
120,1315,1
120,1321,1
1331,120,0
1341,120,0
120,1346,1
120,1349,1
120,1356,1
120,1363,1
120,1376,1
120,1395,1
120,1398,1
120,1400,1
120,1401,1
120,1412,1
1416,120,0
120,1417,1
1476,120,0
120,1539,1
120,1542,1
120,1545,1
120,1557,1
120,1558,1
120,1560,1
1582,120,0
120,1584,1
120,1601,1
120,1616,1
120,1618,1
1619,120,0
120,1632,1
120,1638,1
120,1639,1
121,108,1
118,121,0
121,161,1
121,444,1
121,757,1
784,121,0
121,795,1
805,121,0
121,1190,1
121,1216,1
121,1280,1
121,1559,0
121,1581,1
121,1624,0
121,1639,1
122,147,0
122,415,1
122,508,1
515,122,0
723,122,0
926,122,0
122,1546,1
1629,122,0
124,620,1
682,124,0
124,1124,1
125,15,1
125,186,1
396,125,0
125,657,1
125,671,1
125,702,1
783,125,0
125,823,1
125,922,1
930,125,0
948,125,0
125,991,1
1049,125,0
1106,125,0
125,1194,1
1205,125,0
125,1265,1
1305,125,0
125,1356,1
125,1396,1
125,1465,1
1476,125,0
125,1539,1
125,1558,1
125,1617,1
259,126,0
126,352,1
126,438,1
126,465,1
126,621,0
126,651,1
1427,126,0
127,30,1
125,127,0
127,251,1
127,326,1
127,426,1
127,442,1
127,525,1
127,623,1
670,127,0
127,1258,1
127,1368,1
127,1466,1
128,135,1
128,269,0
414,128,0
128,454,1
128,624,1
128,751,1
783,128,0
128,823,1
874,128,0
128,1040,1
1083,128,0
128,1128,1
1205,128,0
128,1265,1
128,1266,1
128,1440,1
1465,128,0
128,1476,1
128,1533,1
129,155,0
270,129,0
436,129,0
129,442,1
129,643,1
129,1038,0
129,1048,0
130,627,0
130,1162,0
130,1208,1
1241,130,0
130,1261,0
130,1619,1
131,61,1
131,482,1
131,667,0
131,963,1
131,1003,0
131,1082,1
131,1163,1
131,1583,1
132,13,1
128,132,0
132,370,1
132,409,1
132,432,1
132,644,1
132,670,0
690,132,0
132,832,1
132,892,1
132,985,1
1288,132,0
132,1295,1
132,1349,1
1549,132,0
132,1597,1
133,14,1
133,84,1
400,133,0
133,425,1
133,475,0
133,513,1
133,914,1
133,998,1
133,1024,1
133,1085,1
1541,133,0
134,281,1
134,450,0
134,494,1
134,528,0
134,674,1
883,134,0
1239,134,0
1480,134,0
1498,134,0
135,14,1
135,15,1
31,135,0
135,54,1
135,62,1
135,65,1
135,98,1
135,114,1
133,135,0
135,161,1
135,185,1
187,135,0
239,135,0
269,135,0
135,272,1
135,284,1
135,317,1
320,135,0
135,338,1
342,135,0
379,135,0
135,398,1
403,135,0
135,415,1
135,416,1
135,424,1
135,430,1
447,135,0
135,452,0
135,468,1
135,480,1
135,564,1
135,607,1
135,610,1
135,614,1
135,620,1
135,629,1
135,650,1
655,135,0
135,657,1
686,135,0
135,720,1
135,725,1
135,738,1
135,742,1
745,135,0
767,135,0
135,772,1
135,783,1
135,790,1
135,795,1
135,802,1
135,831,1
135,833,1
857,135,0
135,881,1
883,135,0
135,898,1
135,902,1
905,135,0
914,135,0
135,931,1
932,135,0
933,135,0
135,936,1
135,1027,1
1085,135,0
135,1088,1
1091,135,0
135,1111,1
1113,135,0
135,1118,1
1131,135,0
1147,135,0
1149,135,0
1150,135,0
135,1158,1
1202,135,0
135,1205,1
1207,135,0
135,1239,1
135,1257,1
1260,135,0
135,1271,1
1297,135,0
135,1299,1
1351,135,0
1352,135,0
135,1370,1
1372,135,0
135,1406,1
1429,135,0
135,1458,1
1465,135,0
135,1472,1
135,1476,1
135,1478,1
1483,135,0
135,1486,1
135,1496,1
135,1499,1
135,1507,1
1508,135,0
135,1536,1
1550,135,0
135,1561,1
135,1562,1
135,1563,1
1600,135,0
135,1617,1
136,1,1
136,273,1
136,609,1
136,683,1
136,705,1
136,794,1
136,927,1
136,1007,1
136,1221,1
136,1532,1
137,214,1
137,222,1
137,230,1
137,253,0
137,481,1
137,530,0
137,619,1
877,137,0
137,1080,1
137,1121,1
137,1227,0
137,1382,1
137,1457,1
137,1464,1
137,1513,1
137,1634,0
1640,137,0
138,404,1
138,680,0
138,735,1
138,1225,0
138,1367,1
1389,138,0
138,1468,1
138,1513,0
138,1613,1
139,675,1
139,711,1
139,846,0
139,858,1
959,139,0
988,139,0
139,1003,1
139,1121,1
1393,139,0
139,1404,1
1532,139,0
140,2,1
140,78,1
84,140,0
140,90,1
140,100,1
140,114,1
140,118,1
140,192,0
140,193,1
140,216,1
140,230,1
250,140,0
140,254,1
140,275,1
140,277,1
140,282,1
140,290,1
140,302,1
140,304,1
309,140,0
140,316,1
140,318,1
140,333,1
140,342,1
140,347,1
140,362,1
140,376,1
387,140,0
389,140,0
393,140,0
140,415,1
140,429,1
446,140,0
140,479,1
140,481,1
140,484,1
140,491,1
503,140,0
140,509,1
539,140,0
140,545,1
555,140,0
140,562,1
140,591,1
140,612,1
140,617,1
140,619,1
628,140,0
140,645,1
140,656,1
140,678,1
140,719,1
140,722,1
140,726,1
140,728,1
140,731,1
140,732,1
140,746,1
757,140,0
765,140,0
769,140,0
140,771,1
774,140,0
140,777,1
140,778,1
792,140,0
813,140,0
140,827,1
140,845,1
140,849,1
871,140,0
140,872,1
140,885,1
906,140,0
140,909,1
913,140,0
140,925,1
933,140,0
140,949,1
959,140,0
140,963,1
140,976,1
140,987,1
140,988,1
990,140,0
1032,140,0
140,1042,1
140,1043,1
1056,140,0
1062,140,0
1075,140,0
140,1080,1
140,1088,1
140,1106,1
1111,140,0
140,1122,1
140,1130,1
140,1144,1
140,1147,1
1153,140,0
140,1154,1
1168,140,0
140,1180,1
140,1186,1
1188,140,0
1193,140,0
140,1195,1
140,1201,1
1202,140,0
140,1225,1
140,1228,1
1229,140,0
140,1236,1
1238,140,0
1251,140,0
140,1263,1
140,1272,1
1275,140,0
140,1282,1
140,1287,1
140,1291,1
140,1297,1
140,1300,1
1309,140,0
1319,140,0
140,1324,1
140,1325,0
140,1326,1
140,1332,1
1341,140,0
140,1363,1
1374,140,0
1391,140,0
1403,140,0
1404,140,0
1457,140,0
1475,140,0
1481,140,0
140,1489,1
140,1490,1
1513,140,0
140,1518,1
140,1535,1
140,1536,1
140,1549,1
1554,140,0
1580,140,0
1599,140,0
140,1630,1
140,1640,1
141,72,1
141,334,1
141,606,1
141,641,1
728,141,0
141,1460,0
141,1496,1
1548,141,0
34,142,0
266,142,0
142,325,1
142,361,0
1084,142,0
142,1267,1
142,1493,1
142,1560,1
143,243,1
279,143,0
143,428,1
143,549,1
143,550,1
143,569,1
628,143,0
143,693,1
143,743,1
744,143,0
895,143,0
143,941,1
143,965,1
143,1086,1
143,1097,0
143,1143,1
1188,143,0
1234,143,0
1235,143,0
143,1427,1
143,1434,1
143,1585,1
144,174,1
144,355,1
144,613,1
809,144,0
144,865,0
144,1321,0
145,434,1
145,475,1
145,481,0
676,145,0
145,857,1
145,898,1
146,1015,1
147,480,0
147,1076,0
148,196,1
148,775,1
148,875,1
1337,148,0
1490,148,0
149,291,1
149,463,1
149,502,1
149,508,1
149,894,1
149,1196,1
149,1229,0
149,1515,1
149,1547,1
150,337,1
760,150,0
829,150,0
150,1388,0
150,1605,1
151,471,1
576,151,0
863,151,0
1189,151,0
1438,151,0
1561,151,0
152,358,0
657,152,0
153,771,1
153,1154,1
1300,153,0
154,350,1
154,351,1
154,1063,1
1296,154,0
155,311,1
336,155,0
505,155,0
155,538,1
155,765,1
155,807,1
155,948,1
155,1091,0
155,1120,1
155,1273,1
155,1284,1
1321,155,0
155,1356,1
155,1395,0
155,1513,0
155,1523,1
155,1526,1
155,1539,1
155,1572,1
156,582,0
3,157,0
157,382,1
157,490,1
157,542,0
157,695,1
157,750,1
1081,157,0
157,1096,1
157,1135,1
157,1358,1
157,1433,1
157,1444,0
158,114,1
118,158,0
692,158,0
158,1089,0
158,1120,0
159,173,0
159,183,0
159,249,1
159,260,1
159,368,1
371,159,0
159,393,1
159,489,1
159,504,1
159,549,1
598,159,0
159,684,1
159,781,1
159,792,1
159,813,1
850,159,0
159,895,1
159,912,0
159,933,1
951,159,0
159,996,1
159,1008,1
1054,159,0
159,1077,1
159,1086,1
159,1103,1
1143,159,0
159,1202,1
159,1235,1
159,1374,1
1417,159,0
159,1420,1
159,1504,1
159,1509,1
1625,159,0
160,191,1
293,160,0
329,160,0
160,398,0
160,481,1
160,625,1
160,706,1
160,1035,1
1248,160,0
160,1259,1
1516,160,0
665,161,0
162,303,1
162,310,1
162,407,1
162,733,1
162,926,1
162,941,1
1089,162,0
314,163,0
163,677,1
163,714,1
861,163,0
163,918,0
163,928,1
163,1034,1
1197,163,0
1612,163,0
164,24,1
164,178,1
164,263,1
164,354,0
164,421,1
432,164,0
513,164,0
635,164,0
766,164,0
164,902,0
950,164,0
164,974,1
164,982,1
164,991,1
164,1018,1
164,1170,1
1205,164,0
164,1211,1
1264,164,0
164,1296,1
164,1440,1
1465,164,0
164,1533,1
164,1617,1
166,278,1
445,166,0
166,814,1
166,1137,1
166,1327,1
1508,166,0
167,2,1
167,257,0
167,509,1
167,827,1
167,1251,1
1287,167,0
167,1491,1
167,1535,1
168,281,1
168,674,1
168,795,1
894,168,0
168,1362,1
1502,168,0
15,169,0
108,169,0
169,114,1
118,169,0
169,307,1
315,169,0
169,444,1
169,757,1
824,169,0
852,169,0
169,887,1
169,1011,1
1063,169,0
169,1228,1
169,1240,1
169,1377,1
169,1379,1
170,4,1
170,48,1
170,128,1
170,135,1
151,170,0
170,168,1
178,170,0
199,170,0
170,212,1
170,218,1
170,232,1
170,253,1
170,264,1
268,170,0
170,291,1
292,170,0
170,297,1
302,170,0
170,332,1
170,335,1
339,170,0
342,170,0
170,346,1
347,170,0
356,170,0
170,358,1
170,362,1
170,374,1
388,170,0
391,170,0
170,393,1
170,405,1
170,408,1
170,424,1
170,427,1
170,450,1
454,170,0
455,170,0
468,170,0
482,170,0
170,487,1
170,494,1
170,515,1
170,519,1
170,529,1
541,170,0
170,553,1
170,561,1
170,575,1
170,576,1
170,579,1
580,170,0
170,591,1
607,170,0
170,610,1
170,629,1
170,634,1
170,636,1
170,643,1
656,170,0
170,660,1
170,692,1
170,693,1
705,170,0
722,170,0
170,723,1
170,734,1
170,744,1
170,745,1
170,757,1
170,758,1
170,763,1
170,765,1
774,170,0
170,777,1
170,790,1
170,796,1
170,798,1
170,801,1
813,170,0
819,170,0
170,825,1
170,844,1
849,170,0
170,850,1
170,860,1
863,170,0
170,881,1
170,888,1
897,170,0
170,899,1
907,170,0
914,170,0
170,915,1
916,170,0
170,919,1
170,925,1
170,933,1
939,170,0
170,970,1
995,170,0
999,170,0
170,1001,1
170,1023,1
170,1036,1
1040,170,0
170,1043,1
170,1048,1
1057,170,0
170,1066,1
170,1085,1
1094,170,0
170,1104,1
170,1131,1
170,1132,1
170,1150,1
170,1152,1
1169,170,0
1178,170,0
170,1184,1
1187,170,0
170,1199,1
170,1202,1
170,1217,1
170,1220,1
1221,170,0
1229,170,0
1247,170,0
170,1249,1
170,1262,1
170,1269,1
170,1271,1
170,1294,1
170,1295,1
1313,170,0
1314,170,0
1326,170,0
170,1333,1
1338,170,0
1343,170,0
1372,170,0
170,1374,1
1396,170,0
170,1407,1
170,1417,1
1420,170,0
1424,170,0
1431,170,0
1432,170,0
170,1435,1
170,1438,1
1441,170,0
1454,170,0
1460,170,0
170,1467,1
170,1478,1
170,1482,1
1486,170,0
1509,170,0
170,1516,1
170,1532,1
1543,170,0
1546,170,0
170,1550,1
170,1557,1
170,1562,1
170,1563,1
170,1580,1
1592,170,0
170,1598,1
170,1599,1
1600,170,0
170,1601,1
171,300,0
171,712,0
171,1104,0
172,283,1
172,591,1
1238,172,0
172,1291,1
173,190,0
173,321,1
1256,173,0
1473,173,0
174,809,1
31,175,0
175,138,1
175,149,1
175,227,1
175,249,1
175,279,1
175,330,1
175,347,1
362,175,0
371,175,0
175,385,0
175,417,1
422,175,0
175,464,1
472,175,0
502,175,0
175,504,1
514,175,0
175,529,1
591,175,0
643,175,0
656,175,0
175,694,1
774,175,0
175,777,1
175,792,1
175,813,1
175,849,1
175,888,1
894,175,0
175,933,1
175,996,1
1043,175,0
175,1054,1
1058,175,0
175,1077,1
175,1086,1
175,1103,1
1116,175,0
175,1143,1
1171,175,0
175,1202,1
175,1214,1
175,1232,1
175,1235,1
175,1237,1
175,1247,1
175,1249,1
1274,175,0
175,1281,1
175,1283,1
175,1309,1
1325,175,0
1329,175,0
1331,175,0
175,1345,1
175,1367,1
175,1374,1
175,1401,1
175,1413,1
1416,175,0
175,1417,1
175,1427,1
175,1460,1
175,1468,1
175,1504,1
1509,175,0
175,1515,1
1547,175,0
1557,175,0
175,1580,1
175,1594,1
1601,175,0
1625,175,0
146,176,0
176,795,1
176,841,1
176,1161,0
176,1235,1
176,1288,1
176,1296,1
504,177,0
177,887,1
950,178,0
178,1540,0
179,605,0
179,1538,1
180,1157,1
181,31,1
181,37,1
181,108,1
181,197,1
214,181,0
225,181,0
181,285,1
308,181,0
181,311,1
181,323,1
181,343,1
181,499,1
181,571,1
181,573,1
608,181,0
181,609,1
621,181,0
181,633,1
181,741,1
754,181,0
181,786,1
181,797,1
840,181,0
181,876,1
918,181,0
930,181,0
181,992,1
1052,181,0
1060,181,0
1108,181,0
1209,181,0
181,1227,1
181,1233,1
181,1276,1
1280,181,0
181,1302,1
181,1332,1
1354,181,0
181,1364,1
1408,181,0
181,1447,1
1451,181,0
181,1474,1
181,1567,1
1572,181,0
449,182,0
182,521,1
706,182,0
785,182,0
349,183,0
770,183,0
183,1036,0
183,1079,1
183,1387,0
183,1424,0
183,1445,1
1477,183,0
183,1555,1
184,434,1
184,464,1
678,184,0
184,1208,0
185,820,1
185,833,1
1117,185,0
185,1149,1
186,54,1
186,57,1
71,186,0
186,211,0
186,212,1
186,215,1
186,229,1
262,186,0
304,186,0
186,361,1
186,379,1
186,381,1
186,390,1
186,403,1
186,410,0
468,186,0
186,480,1
482,186,0
186,499,1
186,511,1
186,607,1
186,610,1
620,186,0
186,629,1
186,643,1
669,186,0
186,706,1
186,736,1
186,758,1
186,761,1
186,790,1
186,802,1
186,810,1
186,824,1
831,186,0
186,881,1
913,186,0
186,921,1
924,186,0
966,186,0
186,981,1
186,1028,1
186,1047,1
186,1055,0
186,1062,1
186,1088,1
186,1106,1
186,1111,1
1131,186,0
186,1147,1
186,1194,1
1205,186,0
186,1207,1
186,1225,1
186,1253,1
1297,186,0
186,1305,1
1332,186,0
1338,186,0
186,1351,1
186,1357,1
1370,186,0
186,1403,1
186,1415,1
1429,186,0
186,1441,1
186,1456,1
186,1465,1
186,1483,1
186,1486,1
186,1550,1
1562,186,0
1563,186,0
186,1577,1
1598,186,0
186,1617,1
1641,186,0
187,764,1
187,799,1
824,187,0
873,187,0
187,937,1
187,1257,1
1381,187,0
187,1447,1
187,1488,1
188,765,1
188,879,1
1544,188,0
189,740,0
189,805,0
245,190,0
190,288,1
190,744,1
951,190,0
190,961,1
190,1115,0
190,1347,1
190,1596,1
293,191,0
191,405,1
553,191,0
625,191,0
754,191,0
191,806,1
1035,191,0
191,1252,1
191,1303,1
191,1516,1
192,1139,1
192,1207,1
193,2,1
193,71,1
193,100,1
193,114,1
193,118,1
193,121,1
193,202,1
193,216,1
193,243,1
193,250,1
193,254,1
193,277,1
193,282,1
290,193,0
292,193,0
302,193,0
193,304,1
193,309,1
324,193,0
375,193,0
193,376,1
193,387,1
389,193,0
393,193,0
415,193,0
193,429,1
446,193,0
474,193,0
193,479,1
193,481,1
484,193,0
193,503,1
193,504,1
529,193,0
193,539,1
193,545,1
555,193,0
193,562,1
193,591,1
612,193,0
193,617,1
193,619,1
656,193,0
663,193,0
193,678,1
193,726,1
193,728,1
731,193,0
193,732,1
754,193,0
193,757,1
193,765,1
193,771,1
774,193,0
193,778,1
193,792,1
193,795,1
193,813,1
817,193,0
193,821,1
193,822,1
849,193,0
868,193,0
193,871,1
872,193,0
193,877,1
900,193,0
193,906,1
193,909,1
913,193,0
193,925,1
193,933,1
949,193,0
969,193,0
193,976,1
193,988,1
193,1032,1
193,1063,1
193,1080,1
1088,193,0
193,1111,1
193,1121,1
1122,193,0
1130,193,0
193,1137,1
193,1144,1
1147,193,0
1154,193,0
193,1168,1
193,1180,1
193,1186,1
193,1191,1
193,1195,1
193,1202,1
1225,193,0
193,1229,1
193,1236,1
1249,193,0
193,1263,1
193,1275,1
1277,193,0
193,1282,1
193,1295,1
193,1297,1
1309,193,0
1314,193,0
1315,193,0
193,1319,1
1324,193,0
193,1326,1
193,1332,1
1351,193,0
193,1362,1
193,1363,1
193,1369,1
193,1404,1
193,1420,1
193,1457,1
193,1460,1
193,1464,1
1469,193,0
193,1481,1
193,1489,1
1490,193,0
1491,193,0
193,1505,1
193,1513,1
193,1535,1
193,1536,1
1580,193,0
193,1585,1
1600,193,0
193,1601,1
1620,193,0
193,1630,1
193,1632,1
193,1640,1
193,1641,1
35,194,0
194,234,1
194,238,1
194,776,1
194,835,1
194,854,1
896,194,0
194,1538,0
195,392,0
198,465,0
199,903,0
201,566,0
201,649,0
201,1455,0
202,334,0
203,317,0
203,724,0
204,340,0
206,836,0
207,872,0
207,1620,0
208,434,0
208,1046,0
209,355,0
209,369,0
210,1305,0
210,1493,0
211,1445,0
213,310,0
213,784,0
213,1017,0
215,507,0
215,666,0
215,1049,0
220,1378,0
222,232,0
222,557,0
222,998,0
223,1296,0
224,365,0
224,1461,0
224,1559,0
225,1179,0
226,1173,0
227,948,0
228,475,0
228,1288,0
229,591,0
231,343,0
231,1606,0
232,571,0
233,702,0
233,1436,0
234,556,0
235,1256,0
235,1504,0
236,391,0
236,496,0
237,778,0
237,1031,0
237,1195,0
238,1119,0
238,1351,0
240,604,0
240,650,0
241,807,0
243,791,0
243,1249,0
243,1500,0
245,1436,0
246,1360,0
247,272,0
247,386,0
247,542,0
247,1171,0
247,1310,0
249,283,0
249,1348,0
251,901,0
252,632,0
255,1237,0
256,758,0
257,871,0
257,1140,0
258,294,0
261,306,0
262,1581,0
262,1641,0
264,1544,0
265,1462,0
266,910,0
266,1411,0
268,434,0
268,600,0
268,1504,0
269,284,0
271,1541,0
272,1367,0
273,382,0
273,888,0
273,1162,0
274,787,0
274,1233,0
274,1547,0
276,1574,0
277,735,0
277,1000,0
278,953,0
278,1339,0
280,325,0
280,771,0
281,540,0
281,1307,0
283,1389,0
285,1439,0
286,317,0
286,607,0
286,844,0
288,1016,0
288,1280,0
289,605,0
290,1302,0
290,1510,0
291,1357,0
291,1420,0
293,873,0
293,973,0
294,1594,0
296,1343,0
297,374,0
297,1296,0
298,364,0
298,1281,0
300,605,0
300,667,0
302,1385,0
302,1539,0
304,742,0
305,351,0
305,482,0
305,1135,0
305,1382,0
306,840,0
306,1335,0
308,1104,0
309,453,0
309,547,0
310,416,0
311,1171,0
312,1070,0
313,963,0
314,606,0
315,709,0
315,885,0
317,1480,0
317,1518,0
319,959,0
319,1430,0
320,1096,0
321,1148,0
322,946,0
322,969,0
322,1595,0
323,640,0
325,460,0
325,710,0
325,1009,0
325,1405,0
327,890,0
328,813,0
328,1398,0
329,853,0
329,1574,0
332,336,0
334,494,0
334,1056,0
335,520,0
335,1583,0
337,1574,0
340,1225,0
341,418,0
344,396,0
346,445,0
347,691,0
347,849,0
347,993,0
347,1076,0
347,1441,0
348,946,0
350,452,0
350,1218,0
351,512,0
351,763,0
351,1386,0
354,640,0
355,539,0
355,815,0
355,1075,0
356,1035,0
356,1219,0
357,594,0
358,1467,0
358,1565,0
360,659,0
360,1595,0
361,591,0
361,937,0
361,1328,0
361,1602,0
362,466,0
364,898,0
364,1230,0
365,775,0
366,1503,0
368,975,0
371,423,0
371,888,0
374,1359,0
375,1298,0
375,1341,0
375,1622,0
376,1544,0
377,1500,0
378,1108,0
379,1507,0
380,800,0
380,1370,0
380,1512,0
381,474,0
381,1116,0
381,1222,0
382,1360,0
384,1278,0
385,623,0
385,933,0
386,1261,0
387,1088,0
387,1496,0
388,617,0
388,1008,0
389,1235,0
390,507,0
390,551,0
391,500,0
391,888,0
391,1000,0
391,1325,0
392,1025,0
393,848,0
395,585,0
395,937,0
396,624,0
397,1301,0
398,520,0
399,735,0
400,1417,0
401,1121,0
402,770,0
402,793,0
402,1058,0
403,801,0
404,890,0
404,1621,0
405,768,0
408,812,0
409,841,0
410,1117,0
411,548,0
412,1030,0
416,770,0
416,1035,0
417,1377,0
418,1500,0
419,581,0
420,1054,0
423,1033,0
427,1065,0
428,694,0
428,1304,0
428,1423,0
428,1589,0
430,666,0
431,537,0
431,753,0
431,1521,0
433,664,0
433,1139,0
434,682,0
434,1619,0
435,1525,0
436,584,0
436,1486,0
437,576,0
442,1530,0
442,1550,0
445,988,0
445,1331,0
446,1521,0
447,683,0
448,1336,0
448,1344,0
448,1430,0
449,856,0
452,1502,0
453,609,0
454,876,0
455,672,0
456,1025,0
457,1617,0
459,838,0
459,943,0
459,1215,0
461,821,0
461,943,0
462,604,0
466,703,0
467,613,0
468,483,0
468,823,0
470,1295,0
471,598,0
472,1165,0
473,1513,0
474,1546,0
475,899,0
477,1507,0
478,906,0
478,1511,0
480,779,0
481,616,0
481,1127,0
484,852,0
486,1516,0
487,1042,0
487,1280,0
488,1344,0
491,960,0
492,1154,0
492,1324,0
493,1387,0
494,1520,0
495,983,0
495,1047,0
497,522,0
499,681,0
501,830,0
501,1448,0
502,802,0
504,1283,0
504,1600,0
505,1055,0
505,1266,0
506,695,0
511,622,0
511,1635,0
512,1327,0
513,1170,0
514,955,0
515,920,0
515,924,0
515,1137,0
519,1169,0
520,1336,0
521,1007,0
521,1070,0
521,1550,0
522,1277,0
523,729,0
524,917,0
524,1413,0
525,680,0
526,1139,0
527,987,0
527,1426,0
529,715,0
529,1135,0
530,647,0
530,796,0
533,992,0
533,1499,0
535,851,0
536,729,0
536,1597,0
540,1489,0
542,1319,0
545,732,0
546,547,0
546,1152,0
549,1605,0
551,761,0
551,1279,0
552,1124,0
554,737,0
554,746,0
554,852,0
555,568,0
555,1353,0
557,1038,0
558,1054,0
559,1175,0
559,1542,0
562,1303,0
562,1518,0
563,1457,0
564,1394,0
565,813,0
567,1085,0
568,1401,0
569,1472,0
572,1125,0
573,1595,0
574,1254,0
574,1388,0
576,1093,0
578,956,0
578,1608,0
579,1466,0
580,602,0
581,1566,0
583,981,0
586,1355,0
587,1227,0
589,754,0
589,925,0
590,961,0
591,1059,0
592,1276,0
596,1256,0
597,719,0
597,1015,0
598,1107,0
599,760,0
600,914,0
601,1349,0
602,764,0
602,1417,0
603,1454,0
605,710,0
605,1426,0
608,609,0
608,708,0
608,1430,0
608,1634,0
609,1071,0
610,965,0
610,1061,0
611,650,0
612,837,0
612,1031,0
613,837,0
613,984,0
615,1152,0
615,1418,0
615,1493,0
622,1099,0
626,702,0
626,764,0
626,968,0
627,686,0
628,676,0
629,901,0
630,1577,0
632,1582,0
633,760,0
633,1064,0
633,1470,0
636,1308,0
637,1008,0
637,1180,0
638,1486,0
641,1547,0
643,1150,0
645,903,0
645,1608,0
646,1572,0
647,1400,0
649,922,0
653,787,0
654,1520,0
655,1093,0
657,901,0
661,1013,0
661,1395,0
663,1055,0
668,1349,0
671,971,0
671,1457,0
672,683,0
672,953,0
672,1407,0
672,1444,0
676,802,0
676,1050,0
676,1334,0
678,949,0
680,946,0
682,761,0
683,869,0
684,1139,0
686,896,0
686,1493,0
687,1146,0
690,939,0
691,929,0
691,1015,0
691,1491,0
692,813,0
692,1483,0
694,1243,0
696,1011,0
698,1059,0
699,1126,0
699,1359,0
702,852,0
703,1290,0
703,1496,0
704,1297,0
704,1557,0
705,929,0
707,1189,0
710,947,0
713,1088,0
713,1099,0
714,1042,0
715,1518,0
716,1026,0
716,1515,0
717,815,0
717,1549,0
718,1015,0
718,1097,0
718,1406,0
719,898,0
719,1501,0
722,1005,0
722,1012,0
723,1009,0
724,759,0
726,1033,0
726,1583,0
728,962,0
728,1477,0
728,1619,0
729,1430,0
731,744,0
732,825,0
732,1182,0
732,1199,0
733,1007,0
733,1166,0
740,931,0
740,1188,0
742,1334,0
743,809,0
743,1069,0
744,865,0
744,1072,0
746,777,0
747,983,0
750,1117,0
751,1570,0
752,1006,0
752,1140,0
753,1231,0
754,1298,0
759,1311,0
759,1470,0
761,799,0
762,1287,0
763,906,0
763,1193,0
766,1580,0
769,1111,0
770,777,0
771,847,0
771,1543,0
772,969,0
775,1332,0
775,1360,0
776,968,0
776,1244,0
778,1098,0
778,1615,0
785,1284,0
785,1335,0
785,1517,0
787,1598,0
791,960,0
793,927,0
793,1529,0
795,1396,0
800,1089,0
800,1517,0
801,1625,0
802,1308,0
803,828,0
806,1052,0
811,1557,0
817,1103,0
820,1366,0
820,1463,0
821,858,0
821,1560,0
822,1476,0
823,1424,0
824,1134,0
826,965,0
831,861,0
831,1073,0
831,1589,0
834,844,0
834,1253,0
835,1200,0
837,953,0
837,1349,0
837,1634,0
838,1297,0
839,1612,0
844,999,0
844,1162,0
848,1469,0
848,1538,0
848,1631,0
850,1108,0
851,1199,0
852,1331,0
852,1484,0
860,869,0
860,941,0
860,1077,0
861,1355,0
863,927,0
863,1381,0
866,1132,0
866,1466,0
869,1264,0
870,1284,0
874,972,0
875,1092,0
876,1014,0
877,1617,0
882,1239,0
883,1474,0
885,929,0
885,1424,0
892,967,0
893,1212,0
898,1071,0
898,1256,0
899,1280,0
900,1641,0
901,1108,0
901,1530,0
902,1484,0
904,912,0
904,1218,0
905,1245,0
911,1032,0
911,1158,0
914,1499,0
918,1513,0
922,1156,0
922,1628,0
925,1200,0
929,1135,0
935,1108,0
937,1131,0
945,1568,0
947,1203,0
959,1155,0
960,1233,0
961,978,0
963,1067,0
963,1105,0
963,1226,0
963,1426,0
965,1491,0
973,1320,0
974,1015,0
978,1210,0
981,1194,0
986,1496,0
988,1044,0
992,1564,0
993,1178,0
995,1297,0
995,1519,0
998,1629,0
999,1622,0
1000,1585,0
1002,1162,0
1003,1064,0
1005,1026,0
1007,1536,0
1008,1343,0
1009,1150,0
1010,1059,0
1013,1310,0
1014,1091,0
1014,1490,0
1015,1430,0
1021,1084,0
1021,1500,0
1022,1071,0
1023,1087,0
1026,1557,0
1028,1458,0
1028,1628,0
1032,1623,0
1033,1359,0
1035,1303,0
1038,1221,0
1041,1368,0
1041,1576,0
1045,1489,0
1048,1536,0
1051,1300,0
1052,1396,0
1062,1365,0
1064,1223,0
1065,1286,0
1065,1499,0
1068,1397,0
1075,1191,0
1075,1315,0
1076,1340,0
1077,1553,0
1078,1204,0
1079,1397,0
1081,1592,0
1087,1455,0
1090,1229,0
1092,1576,0
1093,1577,0
1095,1299,0
1102,1524,0
1103,1325,0
1103,1356,0
1103,1461,0
1103,1570,0
1108,1289,0
1110,1331,0
1110,1413,0
1111,1390,0
1114,1298,0
1114,1474,0
1115,1372,0
1117,1397,0
1118,1292,0
1119,1392,0
1122,1503,0
1125,1547,0
1128,1416,0
1134,1576,0
1138,1342,0
1144,1623,0
1147,1534,0
1148,1331,0
1150,1571,0
1158,1499,0
1159,1233,0
1162,1554,0
1168,1380,0
1171,1325,0
1174,1604,0
1176,1303,0
1176,1458,0
1177,1531,0
1179,1435,0
1180,1372,0
1184,1398,0
1190,1251,0
1192,1334,0
1194,1409,0
1196,1619,0
1196,1626,0
1197,1252,0
1201,1340,0
1205,1361,0
1205,1548,0
1206,1302,0
1209,1617,0
1212,1258,0
1215,1246,0
1215,1457,0
1219,1239,0
1219,1359,0
1221,1514,0
1226,1443,0
1227,1397,0
1233,1555,0
1240,1417,0
1242,1540,0
1243,1279,0
1243,1295,0
1255,1562,0
1256,1527,0
1257,1548,0
1257,1576,0
1261,1493,0
1270,1414,0
1270,1591,0
1271,1544,0
1274,1573,0
1278,1510,0
1278,1559,0
1278,1603,0
1285,1547,0
1295,1351,0
1295,1548,0
1296,1297,0
1297,1604,0
1308,1449,0
1310,1499,0
1313,1619,0
1321,1479,0
1322,1530,0
1329,1338,0
1336,1583,0
1336,1597,0
1338,1506,0
1338,1576,0
1345,1467,0
1355,1518,0
1358,1498,0
1361,1399,0
1362,1367,0
1362,1442,0
1362,1517,0
1372,1471,0
1372,1539,0
1375,1526,0
1380,1579,0
1381,1395,0
1381,1457,0
1384,1564,0
1392,1594,0
1394,1464,0
1395,1441,0
1399,1550,0
1399,1578,0
1400,1618,0
1411,1443,0
1414,1602,0
1426,1610,0
1428,1446,0
1428,1524,0
1431,1593,0
1431,1630,0
1434,1513,0
1452,1562,0
1468,1565,0
1490,1536,0
1499,1532,0
1501,1521,0
1501,1527,0
1514,1523,0
1523,1544,0
1536,1565,0
1555,1605,0
1559,1593,0
1560,1612,0
1573,1595,0
1578,1580,0
1606,1633,0
