0,166,1
0,200,1
0,290,1
0,498,1
0,685,3
0,767,3
0,848,1
0,918,1
0,935,1
0,987,1
0,988,1
0,1124,1
0,1129,1
0,1161,1
0,1301,1
0,1362,1
0,1375,3
0,1426,1
1,26,1
1,248,3
1,662,1
1,701,1
1,910,3
1,934,3
1,1069,1
1,1152,1
1,1176,1
1,1220,1
1,1262,1
1,1277,1
1,1343,3
1,1352,1
1,1414,1
1,1599,1
2,509,1
2,546,3
2,548,1
2,686,3
2,827,1
2,1251,1
2,1287,1
2,1490,1
2,1491,1
2,1535,1
3,164,3
3,222,1
3,231,3
3,249,1
3,258,1
3,319,1
3,687,1
3,1224,3
3,1322,1
3,1340,1
4,116,1
4,234,1
4,670,3
4,775,3
4,819,1
4,1501,3
4,1529,3
5,495,1
5,1042,1
5,1231,1
5,1400,1
5,1499,3
6,326,1
6,564,3
6,748,3
6,1207,1
6,1403,3
6,1536,1
7,22,1
7,179,1
7,204,1
7,284,1
7,345,1
7,399,1
7,484,1
7,555,1
7,562,1
7,581,1
7,590,1
7,772,1
7,776,1
7,778,1
7,822,1
7,842,1
7,936,1
7,940,1
7,973,1
7,1122,1
7,1159,1
7,1180,1
7,1394,1
7,1458,1
7,1503,1
8,1471,3
8,1535,3
8,1564,3
9,210,1
9,298,1
9,497,1
9,994,1
9,1036,3
9,1084,1
9,1142,3
9,1147,3
9,1166,3
9,1311,1
9,1617,3
10,175,1
10,279,1
10,314,1
10,316,1
10,318,1
10,381,1
10,389,1
10,390,1
10,437,1
10,464,1
10,489,1
10,516,1
10,529,1
10,642,1
10,683,1
10,698,1
10,705,1
10,746,1
10,828,1
10,866,1
10,895,1
10,906,1
10,925,1
10,951,1
10,969,1
10,981,1
10,988,3
10,996,1
10,1008,1
10,1022,1
10,1028,1
10,1047,1
10,1054,1
10,1118,3
10,1134,1
10,1143,1
10,1177,3
10,1221,1
10,1226,1
10,1234,1
10,1235,1
10,1237,1
10,1409,3
10,1427,1
10,1469,1
10,1504,1
10,1532,1
10,1553,1
10,1554,1
10,1560,1
10,1580,1
10,1628,1
11,77,1
11,243,1
11,319,1
11,448,3
11,460,1
11,475,1
11,496,1
11,628,1
11,632,1
11,680,1
11,716,1
11,726,1
11,745,1
11,805,1
11,836,1
11,858,1
11,952,3
11,1188,1
11,1191,1
11,1204,1
11,1213,1
11,1225,1
11,1242,1
11,1271,3
11,1585,1
12,22,1
12,34,1
12,211,1
12,241,1
12,242,1
12,300,1
12,370,1
12,386,1
12,404,1
12,409,1
12,431,1
12,458,1
12,490,1
12,583,1
12,644,1
12,645,1
12,654,1
12,673,1
12,721,1
12,748,1
12,749,1
12,753,1
12,804,1
12,832,1
12,869,1
12,930,1
12,976,1
12,1095,1
12,1123,1
12,1180,1
12,1260,1
12,1266,1
12,1288,1
12,1314,1
12,1326,1
12,1349,1
12,1355,1
12,1366,1
12,1373,1
12,1443,1
12,1463,1
12,1517,1
12,1527,1
12,1543,1
12,1571,1
12,1589,1
12,1609,1
12,1642,1
13,65,1
13,235,3
13,294,1
13,349,1
13,488,1
13,528,3
13,747,1
13,844,3
13,1597,1
13,1634,3
14,140,3
14,215,1
14,289,1
14,914,1
14,932,1
14,1085,1
14,1260,3
14,1401,1
15,108,1
15,114,1
15,118,1
15,215,3
15,307,1
15,315,1
15,328,1
15,444,1
15,525,1
15,686,1
15,710,3
15,757,1
15,824,1
15,852,1
15,887,1
15,1011,1
15,1063,1
15,1133,1
15,1228,1
15,1240,1
15,1280,1
15,1282,1
15,1367,1
15,1377,1
15,1379,1
15,1439,1
15,1608,1
16,236,1
16,455,1
17,103,2
18,309,1
18,358,3
18,479,1
18,489,3
18,572,1
18,614,1
18,647,3
18,732,1
18,1112,1
18,1244,3
18,1272,1
18,1369,1
19,135,1
19,677,3
19,844,1
19,860,1
19,863,3
19,1170,1
20,17,1
20,191,3
20,475,1
20,612,1
20,773,3
20,829,1
20,1446,1
20,1584,3
20,1606,1
21,191,3
21,252,1
21,333,1
21,375,1
21,513,1
21,634,3
21,1251,1
22,164,3
22,399,1
22,555,1
22,776,1
22,778,1
22,809,3
22,822,1
22,973,1
22,1106,1
22,1122,1
22,1220,1
22,1503,1
23,214,1
23,483,1
23,761,1
23,887,3
23,1255,1
23,1399,3
23,1436,1
23,1585,3
23,1596,1
24,54,3
24,108,3
24,667,3
24,1029,1
24,1181,1
24,1220,3
24,1442,3
24,1453,1
25,329,1
25,500,1
25,543,1
25,622,1
25,646,1
25,740,1
25,1139,3
25,1298,1
25,1603,1
26,56,2
26,907,3
27,364,1
27,802,1
27,887,1
27,941,3
27,1182,1
27,1199,3
27,1240,1
27,1249,1
27,1431,1
28,1061,3
29,394,1
29,689,1
29,751,3
29,1122,1
29,1307,1
30,125,1
30,454,1
30,779,3
30,823,1
30,860,3
30,1167,1
30,1214,3
30,1368,1
31,205,1
31,250,1
31,423,1
31,554,1
31,729,1
31,1006,3
31,1013,1
31,1168,1
31,1210,1
31,1308,1
31,1315,1
31,1335,1
31,1341,1
31,1353,1
31,1609,3
32,16,1
32,205,3
32,841,1
32,1248,1
32,1296,1
33,240,1
33,427,3
33,874,1
33,886,1
33,1157,1
33,1187,1
33,1342,1
34,89,1
34,219,3
34,226,1
34,501,1
34,563,1
34,614,1
34,794,1
34,815,1
34,931,1
34,1106,1
34,1194,1
34,1305,1
34,1323,1
34,1565,1
34,1606,1
35,78,1
35,319,1
35,442,1
35,647,1
35,694,3
35,746,1
35,789,1
35,853,1
35,1000,3
35,1033,3
35,1148,1
35,1443,3
35,1618,1
36,164,2
36,178,1
36,247,1
36,248,1
36,263,1
36,301,1
36,421,1
36,542,1
36,635,1
36,707,3
36,795,1
36,815,1
36,841,1
36,950,1
36,955,1
36,974,1
36,1018,1
36,1165,3
36,1363,1
37,128,3
37,197,1
37,285,1
37,341,1
37,526,1
37,787,1
37,840,1
37,1060,1
37,1233,1
37,1263,1
37,1451,1
38,57,1
38,249,1
38,391,1
38,602,1
38,666,1
38,793,1
38,943,1
38,1033,1
38,1046,1
38,1261,1
38,1570,1
39,78,3
39,1215,3
40,67,3
40,168,1
40,273,1
40,445,3
40,683,1
40,705,1
40,1007,1
40,1065,1
40,1097,3
40,1349,1
40,1532,1
41,187,1
41,277,1
41,318,1
41,607,1
41,821,1
41,841,1
41,1114,1
42,4,1
42,202,1
42,244,1
42,270,3
42,342,1
42,498,1
42,522,1
42,567,1
42,582,3
42,602,1
42,643,1
42,666,1
42,693,1
42,710,1
42,739,3
42,793,1
42,819,1
42,882,1
42,886,1
42,890,1
42,933,1
42,942,1
42,943,1
42,1002,1
42,1033,1
42,1113,1
42,1201,1
42,1202,1
42,1222,1
42,1238,1
42,1330,1
42,1378,1
42,1383,1
42,1402,1
42,1500,1
42,1584,1
42,1588,1
42,1600,1
42,1614,1
43,160,1
43,207,1
43,313,1
43,327,1
43,367,1
43,383,1
43,392,1
43,485,1
43,518,1
43,535,3
43,574,1
43,596,1
43,616,1
43,637,1
43,639,3
43,649,1
43,747,1
43,820,1
43,856,1
43,867,1
43,942,1
43,946,1
43,953,1
43,993,1
43,1004,1
43,1014,1
43,1032,1
43,1044,1
43,1192,1
43,1289,1
43,1324,1
43,1392,1
43,1479,1
43,1481,1
43,1489,1
43,1492,1
43,1511,1
43,1568,1
43,1630,1
44,456,1
44,470,3
44,623,1
44,729,1
44,739,1
44,1138,1
44,1139,1
44,1406,1
44,1590,1
44,1591,1
45,132,3
47,201,1
47,252,1
47,295,1
47,305,1
47,354,1
47,397,1
47,441,1
47,461,1
47,517,1
47,536,1
47,584,1
47,592,1
47,599,1
47,604,1
47,658,1
47,697,1
47,699,1
47,710,1
47,715,1
47,718,1
47,834,1
47,839,1
47,846,1
47,887,1
47,954,1
47,964,1
47,971,1
47,980,1
47,1005,1
47,1015,1
47,1087,1
47,1098,1
47,1102,1
47,1119,1
47,1177,1
47,1183,1
47,1240,1
47,1250,1
47,1316,1
47,1318,1
47,1360,1
47,1365,1
47,1390,1
47,1397,1
47,1410,1
47,1418,1
47,1487,1
47,1528,1
47,1534,1
47,1541,3
47,1552,1
47,1556,1
47,1575,1
47,1587,1
48,118,1
48,281,1
48,674,1
48,883,1
48,977,1
48,987,1
48,1077,3
48,1239,1
48,1362,1
48,1470,1
48,1502,1
49,128,1
49,233,1
49,783,1
49,1002,3
49,1146,1
49,1205,1
49,1345,1
49,1361,1
49,1384,1
49,1465,1
49,1594,1
49,1617,1
50,141,1
50,172,3
50,278,3
50,287,1
50,334,1
50,428,1
50,606,1
50,619,1
50,641,1
50,791,3
50,851,1
50,855,1
50,901,3
50,942,1
50,1354,3
50,1459,1
50,1548,1
50,1614,1
51,77,1
51,164,1
51,247,1
51,301,1
51,363,1
51,421,1
51,432,1
51,462,1
51,478,1
51,576,1
51,690,1
51,766,1
51,795,1
51,836,1
51,841,1
51,915,3
51,950,1
51,955,1
51,997,1
51,1018,1
51,1061,1
51,1170,1
51,1203,1
51,1211,1
51,1264,1
51,1324,3
51,1363,1
51,1462,1
51,1611,1
52,310,1
52,559,1
52,671,3
52,703,1
52,1068,1
52,1274,1
52,1467,3
53,449,3
53,942,1
53,1463,3
53,1469,1
54,99,3
54,575,3
54,914,1
54,932,1
54,1085,1
55,378,3
55,934,3
56,209,1
56,223,1
56,674,3
56,730,1
56,1033,3
56,1320,1
56,1423,1
56,1557,1
57,255,1
57,318,1
57,358,1
57,365,1
57,438,1
57,458,3
57,466,1
57,478,3
57,713,1
57,732,3
57,745,3
57,897,1
57,1110,1
57,1164,1
57,1315,1
57,1422,1
57,1576,1
58,117,1
58,229,1
58,293,1
58,369,1
58,443,1
58,451,1
58,604,1
58,712,1
58,798,1
58,1021,1
58,1156,1
58,1320,3
58,1380,1
58,1516,1
58,1538,3
59,342,3
59,401,3
59,1175,3
61,359,1
61,493,1
61,816,1
61,901,1
61,942,3
61,989,3
61,1501,3
62,185,2
62,351,1
62,402,1
62,538,3
62,833,1
62,910,1
62,1065,1
62,1117,1
62,1149,1
62,1158,1
62,1275,1
62,1441,3
62,1449,1
62,1550,3
63,117,1
63,614,1
63,630,1
63,802,1
63,931,1
63,1323,1
64,200,1
64,271,3
64,900,1
64,1195,3
65,249,1
65,520,1
65,542,3
65,549,1
65,685,3
65,744,1
65,800,1
65,888,1
65,1086,1
65,1155,3
65,1167,1
65,1218,1
65,1249,1
65,1417,1
66,199,3
66,1125,3
67,236,3
67,253,1
67,397,1
67,470,1
67,510,1
67,842,3
67,844,1
67,848,1
67,908,1
67,975,1
67,1126,1
67,1268,1
67,1360,1
67,1452,1
68,254,1
68,256,3
68,645,3
68,661,3
68,678,1
68,892,1
68,1219,1
68,1223,3
68,1490,1
68,1505,1
68,1620,1
69,114,1
69,319,3
69,1239,3
69,1415,1
70,44,1
70,103,1
70,207,1
70,459,1
70,470,1
70,755,1
70,945,1
70,987,1
70,989,1
70,1124,1
70,1273,1
70,1301,1
70,1419,1
70,1508,3
70,1529,1
71,247,1
71,357,1
71,1273,1
71,1487,3
72,402,1
72,457,1
72,532,1
72,695,3
72,960,1
72,1069,3
72,1244,3
72,1452,1
72,1604,1
73,51,1
73,620,1
73,947,1
74,102,1
74,198,3
74,221,1
74,235,1
74,335,1
74,645,1
74,949,1
74,956,1
74,1294,1
74,1523,1
74,1537,1
74,1538,1
74,1545,1
74,1639,1
75,194,1
75,195,1
75,312,1
75,440,1
75,896,1
75,1006,1
75,1244,3
75,1254,3
75,1471,1
75,1497,1
76,114,1
76,1423,3
76,1564,1
77,82,1
77,91,1
77,114,1
77,237,1
77,239,1
77,257,1
77,261,1
77,291,1
77,369,1
77,384,1
77,412,1
77,414,1
77,446,1
77,451,1
77,475,1
77,510,1
77,512,1
77,519,1
77,538,1
77,539,1
77,557,1
77,564,1
77,568,3
77,585,1
77,587,1
77,593,1
77,618,1
77,628,1
77,639,1
77,650,1
77,675,1
77,688,1
77,691,1
77,696,1
77,767,1
77,805,1
77,858,1
77,868,1
77,893,1
77,912,1
77,923,1
77,948,1
77,1000,1
77,1010,1
77,1012,1
77,1045,1
77,1061,1
77,1067,1
77,1093,1
77,1097,1
77,1153,1
77,1156,1
77,1188,1
77,1191,1
77,1212,1
77,1284,1
77,1293,1
77,1310,1
77,1321,1
77,1332,1
77,1335,1
77,1356,1
77,1363,1
77,1385,1
77,1398,1
77,1406,1
77,1455,1
77,1519,1
77,1525,1
77,1526,1
77,1539,1
77,1558,1
77,1579,1
77,1582,1
77,1615,1
77,1616,1
78,84,2
78,93,1
78,940,3
78,956,1
78,1198,1
79,155,1
79,433,1
79,506,1
79,651,1
79,1224,1
79,1414,1
79,1506,1
80,169,1
80,540,3
80,1068,3
80,1162,1
81,229,1
81,368,3
81,803,1
81,810,1
81,1043,3
81,1357,1
81,1411,1
82,67,1
82,218,1
82,246,1
82,552,1
82,704,1
82,773,1
82,818,1
82,884,1
82,908,1
82,1213,1
82,1270,1
82,1440,3
82,1453,1
82,1454,1
82,1554,3
82,1588,3
82,1626,1
83,2,1
83,31,1
83,33,1
83,41,1
83,71,1
83,98,1
83,100,1
83,120,2
83,128,1
83,138,1
83,149,1
83,152,1
83,155,1
83,175,1
83,183,1
83,195,1
83,205,1
83,216,1
83,219,1
83,224,1
83,227,1
83,229,1
83,250,1
83,251,1
83,253,1
83,260,1
83,261,3
83,265,1
83,267,1
83,269,1
83,275,1
83,279,1
83,283,1
83,285,3
83,286,1
83,289,1
83,291,1
83,292,1
83,314,1
83,330,1
83,336,1
83,341,1
83,342,1
83,347,1
83,353,1
83,357,1
83,362,1
83,368,1
83,371,1
83,376,1
83,387,1
83,393,1
83,410,1
83,417,1
83,421,3
83,423,1
83,426,1
83,430,1
83,437,1
83,446,1
83,453,1
83,463,1
83,464,1
83,472,1
83,473,1
83,492,1
83,502,1
83,504,1
83,505,1
83,510,1
83,523,1
83,529,1
83,533,1
83,540,1
83,541,1
83,544,1
83,554,1
83,560,1
83,564,1
83,568,1
83,589,1
83,591,1
83,598,1
83,601,1
83,613,1
83,615,1
83,627,1
83,643,1
83,650,1
83,656,1
83,659,1
83,661,1
83,663,1
83,675,1
83,684,1
83,687,1
83,691,1
83,694,1
83,696,1
83,712,1
83,722,1
83,724,1
83,728,1
83,731,1
83,735,1
83,765,1
83,767,1
83,770,1
83,774,1
83,777,1
83,778,1
83,781,1
83,783,1
83,792,1
83,807,1
83,810,1
83,811,1
83,813,1
83,817,1
83,822,1
83,827,1
83,828,1
83,838,1
83,843,1
83,849,1
83,850,1
83,859,1
83,862,1
83,866,1
83,871,1
83,880,1
83,885,1
83,889,1
83,891,1
83,894,1
83,895,1
83,934,1
83,938,1
83,948,1
83,951,1
83,952,1
83,963,1
83,965,1
83,978,1
83,984,1
83,996,1
83,1008,1
83,1009,1
83,1013,1
83,1016,1
83,1042,1
83,1043,1
83,1050,1
83,1054,1
83,1055,1
83,1071,1
83,1075,1
83,1077,1
83,1079,1
83,1103,1
83,1106,1
83,1113,1
83,1116,1
83,1130,1
83,1143,1
83,1144,1
83,1152,1
83,1153,1
83,1159,1
83,1168,1
83,1171,1
83,1202,1
83,1204,1
83,1220,1
83,1229,1
83,1232,1
83,1234,1
83,1243,1
83,1244,1
83,1245,1
83,1251,1
83,1274,1
83,1277,1
83,1281,1
83,1283,1
83,1287,1
83,1290,1
83,1303,1
83,1305,1
83,1306,1
83,1309,1
83,1315,1
83,1324,1
83,1325,1
83,1327,1
83,1329,1
83,1331,1
83,1341,1
83,1342,1
83,1346,1
83,1348,1
83,1356,1
83,1357,1
83,1363,1
83,1367,1
83,1374,1
83,1375,1
83,1376,1
83,1380,1
83,1389,1
83,1398,1
83,1401,1
83,1406,1
83,1412,1
83,1413,1
83,1420,1
83,1427,1
83,1445,1
83,1448,1
83,1460,1
83,1461,1
83,1468,1
83,1470,1
83,1477,1
83,1484,1
83,1491,1
83,1496,1
83,1497,1
83,1504,1
83,1508,1
83,1510,1
83,1515,1
83,1518,1
83,1535,1
83,1539,1
83,1542,1
83,1547,1
83,1555,1
83,1557,1
83,1558,1
83,1569,1
83,1576,1
83,1578,1
83,1580,1
83,1582,1
83,1601,1
83,1613,1
83,1616,1
83,1623,1
83,1625,1
83,1628,1
83,1632,1
84,813,1
85,112,1
85,238,1
85,835,1
85,854,1
85,862,1
85,897,1
85,1074,3
85,1128,1
85,1261,3
85,1282,1
86,419,1
86,538,1
86,902,1
86,952,3
86,1062,1
86,1183,1
86,1359,1
86,1378,1
87,79,1
87,160,1
87,268,1
87,415,1
87,506,1
87,508,1
87,638,1
87,736,3
87,743,1
87,756,3
87,786,3
87,793,1
87,847,1
87,1107,1
87,1125,1
87,1181,1
87,1224,1
87,1350,1
87,1414,1
87,1506,1
88,154,3
88,739,3
89,563,1
89,815,1
89,909,3
89,918,3
89,1019,3
89,1090,1
89,1120,1
89,1247,1
89,1288,1
89,1585,1
90,142,1
90,306,1
90,322,1
90,324,1
90,553,1
90,617,1
90,799,1
90,863,1
90,1133,1
90,1236,1
90,1291,1
90,1391,1
90,1475,1
90,1604,1
90,1633,1
91,219,1
91,229,1
91,340,1
91,355,1
91,357,1
91,360,1
91,405,1
91,422,1
91,430,1
91,435,1
91,501,1
91,507,1
91,527,1
91,737,1
91,779,1
91,864,1
91,983,1
91,991,1
91,1038,1
91,1059,1
91,1120,1
91,1140,1
91,1268,1
91,1286,1
91,1295,1
91,1357,1
91,1429,1
91,1524,1
91,1549,1
91,1595,1
92,864,3
92,916,1
92,1142,1
92,1224,3
92,1636,1
93,1337,3
93,1549,1
94,198,1
94,199,1
94,220,1
94,234,1
94,241,1
94,306,1
94,374,1
94,401,1
94,469,1
94,551,1
94,749,1
94,867,3
94,995,1
94,1019,1
94,1025,1
94,1051,1
94,1072,1
94,1105,1
94,1106,1
94,1123,1
94,1132,1
94,1155,1
94,1169,1
94,1194,1
94,1217,1
94,1223,1
94,1260,1
94,1430,1
94,1443,1
94,1454,1
94,1480,3
94,1549,1
94,1609,1
95,109,1
95,134,2
95,161,3
95,281,1
95,494,1
95,674,1
95,883,1
95,1115,1
95,1480,1
96,419,1
96,471,1
96,903,1
96,924,3
96,1017,1
96,1063,1
96,1078,3
96,1092,1
96,1160,1
96,1175,1
96,1189,1
96,1297,3
96,1522,1
96,1566,1
97,15,1
97,307,1
97,439,1
97,530,1
97,709,1
97,762,1
97,1166,1
97,1481,3
97,1514,1
98,125,2
98,128,2
98,301,3
98,506,1
98,783,1
98,823,1
98,1040,1
98,1205,1
98,1368,1
98,1388,1
98,1396,1
98,1412,3
98,1440,1
98,1465,1
98,1533,1
99,5,1
99,115,1
99,185,1
99,211,1
99,220,1
99,301,1
99,474,1
99,511,3
99,588,1
99,603,1
99,605,1
99,672,1
99,773,1
99,791,1
99,832,1
99,901,1
99,947,1
99,983,1
99,1101,1
99,1284,1
99,1288,1
99,1296,1
99,1425,1
99,1593,1
99,1639,1
100,275,1
100,316,1
100,349,1
100,372,1
100,376,1
100,389,1
100,409,3
100,659,1
100,746,1
100,770,1
100,784,3
100,859,1
100,906,1
100,909,1
100,963,1
100,1079,1
100,1134,1
100,1222,1
100,1342,1
100,1477,1
101,172,2
101,1188,1
102,279,3
102,831,3
102,886,1
102,1076,3
102,1338,3
102,1584,1
103,1077,1
103,1441,1
104,392,1
104,405,1
104,1246,1
105,543,1
105,784,1
105,1395,1
106,511,1
106,558,1
106,629,1
106,744,3
106,993,3
106,1510,1
106,1622,1
107,644,3
107,826,1
107,1242,3
107,1346,3
107,1588,1
107,1603,1
107,1610,1
108,210,1
108,483,1
108,548,1
108,607,1
108,797,1
108,945,1
108,950,3
108,1108,1
108,1254,1
108,1405,1
108,1587,3
109,100,1
109,177,1
109,180,1
109,196,1
109,217,1
109,228,1
109,243,1
109,275,1
109,276,1
109,316,1
109,318,1
109,331,1
109,378,1
109,389,1
109,393,1
109,420,1
109,505,1
109,565,1
109,566,1
109,598,1
109,631,1
109,653,1
109,681,1
109,726,1
109,746,1
109,752,1
109,753,1
109,765,1
109,780,1
109,813,1
109,868,1
109,876,1
109,885,1
109,906,1
109,917,1
109,958,1
109,968,1
109,969,1
109,1020,1
109,1073,1
109,1082,1
109,1084,3
109,1103,1
109,1134,1
109,1144,1
109,1155,1
109,1191,1
109,1192,1
109,1229,1
109,1241,1
109,1279,1
109,1312,1
109,1328,1
109,1374,1
109,1387,1
109,1393,1
109,1420,1
109,1444,1
109,1448,1
109,1469,1
109,1472,1
109,1494,1
109,1498,1
109,1509,1
109,1512,1
109,1531,1
109,1585,1
109,1624,1
109,1631,1
110,314,1
110,380,1
110,481,3
110,547,1
110,698,1
110,817,1
110,828,1
110,1087,3
110,1364,3
110,1386,3
110,1628,1
111,163,1
111,269,1
111,425,3
111,878,1
111,1145,1
111,1292,1
112,299,1
112,417,1
112,1069,1
112,1521,1
113,310,3
113,987,3
114,223,1
114,265,1
114,279,1
114,296,1
114,348,1
114,372,1
114,373,1
114,377,1
114,393,1
114,406,1
114,448,1
114,489,1
114,494,1
114,521,1
114,537,1
114,556,1
114,568,3
114,586,1
114,597,1
114,640,1
114,648,1
114,664,1
114,668,1
114,708,1
114,753,1
114,768,1
114,808,1
114,813,1
114,856,1
114,865,1
114,866,1
114,885,1
114,910,1
114,951,1
114,996,1
114,1008,1
114,1026,1
114,1041,1
114,1054,1
114,1074,1
114,1078,1
114,1115,1
114,1127,1
114,1136,1
114,1141,1
114,1143,1
114,1151,1
114,1152,1
114,1172,1
114,1198,1
114,1220,1
114,1222,1
114,1229,1
114,1235,1
114,1237,1
114,1262,1
114,1317,1
114,1339,1
114,1359,1
114,1374,1
114,1409,1
114,1437,1
114,1472,1
114,1480,1
114,1498,1
114,1504,1
114,1512,1
114,1573,1
114,1635,1
114,1637,1
114,1638,1
115,292,1
115,315,1
115,382,1
115,444,1
115,656,1
115,856,1
115,931,3
115,1280,1
115,1412,3
115,1460,1
115,1518,1
116,486,1
116,577,1
116,1094,1
116,1206,1
116,1371,1
116,1495,1
117,251,3
117,442,1
117,584,1
117,647,1
117,650,3
117,789,1
117,853,1
117,1148,1
117,1618,1
118,200,1
118,223,1
118,265,1
118,279,1
118,302,3
118,372,1
118,373,1
118,393,1
118,406,1
118,448,1
118,464,1
118,488,1
118,489,1
118,521,1
118,556,1
118,586,1
118,597,1
118,648,1
118,664,1
118,668,1
118,708,1
118,768,1
118,850,1
118,865,1
118,866,1
118,895,1
118,910,1
118,951,1
118,996,1
118,1041,1
118,1054,1
118,1074,1
118,1115,1
118,1136,1
118,1141,1
118,1143,1
118,1151,1
118,1152,1
118,1229,1
118,1234,1
118,1262,1
118,1317,1
118,1339,1
118,1359,1
118,1374,1
118,1420,1
118,1427,1
118,1467,3
118,1498,1
118,1512,1
118,1529,1
118,1573,1
118,1635,1
118,1637,1
118,1638,1
119,1,1
119,2,1
119,4,1
119,11,1
119,12,1
119,18,1
119,38,1
119,48,1
119,56,1
119,57,1
119,61,1
119,62,1
119,72,1
119,77,1
119,90,1
119,96,1
119,108,1
119,114,1
119,118,1
119,136,1
119,141,1
119,151,1
119,155,1
119,163,1
119,168,1
119,170,2
119,178,1
119,180,1
119,185,1
119,188,1
119,192,1
119,194,1
119,202,1
119,205,1
119,209,1
119,226,1
119,230,1
119,231,1
119,233,1
119,234,1
119,238,1
119,240,1
119,244,1
119,250,1
119,253,1
119,256,1
119,273,1
119,281,1
119,291,1
119,293,1
119,299,1
302,119,0
312,119,0
320,119,0
322,119,0
324,119,0
331,119,0
333,119,0
334,119,0
336,119,0
344,119,0
349,119,0
358,119,0
361,119,0
374,119,0
385,119,0
391,119,0
395,119,0
402,119,0
405,119,0
411,119,0
414,119,0
419,119,0
423,119,0
428,119,0
433,119,0
457,119,0
467,119,0
477,119,0
481,119,0
486,119,0
491,119,0
494,119,0
495,119,0
500,119,0
503,119,0
508,119,0
509,119,0
515,119,0
528,119,0
531,119,0
532,119,0
538,119,0
539,119,0
541,119,0
543,119,0
546,119,0
551,119,0
553,119,0
554,119,0
570,119,0
577,119,0
578,119,0
587,119,0
596,119,0
600,119,0
602,119,0
606,119,0
609,119,0
611,119,0
617,119,0
619,119,0
626,119,0
630,119,0
647,119,0
652,119,0
655,119,0
658,119,0
659,119,0
666,119,0
669,119,0
674,119,0
675,119,0
676,119,0
677,119,0
683,119,0
685,119,0
687,119,0
705,119,0
711,119,0
713,119,0
714,119,0
721,119,0
723,119,0
727,119,0
730,119,0
738,119,0
739,119,0
754,119,0
756,119,0
764,119,0
769,119,0
788,119,0
789,119,0
793,119,0
794,119,0
798,119,0
802,119,0
812,119,0
818,119,0
823,119,0
827,119,0
830,119,0
848,119,0
851,119,0
857,119,0
859,119,0
861,119,0
863,119,0
868,119,0
877,119,0
879,119,0
883,119,0
886,119,0
893,119,0
896,119,0
897,119,0
898,119,0
901,119,0
903,119,0
912,119,0
914,119,0
920,119,0
923,119,0
927,119,0
928,119,0
929,119,0
931,119,0
933,119,0
943,119,0
944,119,0
947,119,0
948,119,0
950,119,0
953,119,0
957,119,0
959,119,0
960,119,0
962,119,0
966,119,0
970,119,0
979,119,0
984,119,0
986,119,0
988,119,0
990,119,0
1003,119,0
1006,119,0
1013,119,0
1017,119,0
1023,119,0
1034,119,0
1044,119,0
1046,119,0
1065,119,0
1069,119,0
1071,119,0
1079,119,0
1080,119,0
1085,119,0
1092,119,0
1100,119,0
1106,119,0
1107,119,0
1109,119,0
1110,119,0
1115,119,0
1117,119,0
1121,119,0
1132,119,0
1138,119,0
1139,119,0
1142,119,0
1152,119,0
1160,119,0
1163,119,0
1164,119,0
1169,119,0
1185,119,0
1186,119,0
1187,119,0
1189,119,0
1193,119,0
1194,119,0
1196,119,0
1197,119,0
1200,119,0
1202,119,0
1210,119,0
1217,119,0
1224,119,0
1251,119,0
1261,119,0
1263,119,0
1274,119,0
1277,119,0
1280,119,0
1284,119,0
1287,119,0
1291,119,0
1303,119,0
1305,119,0
1306,119,0
1307,119,0
1310,119,0
1315,119,0
1319,119,0
1320,119,0
1321,119,0
1334,119,0
1341,119,0
1353,119,0
1356,119,0
1363,119,0
1368,119,0
1371,119,0
1382,119,0
1392,119,0
1396,119,0
1398,119,0
1400,119,0
1413,119,0
1414,119,0
1421,119,0
119,1430,3
1438,119,0
1442,119,0
1452,119,0
1454,119,0
1456,119,0
1457,119,0
1464,119,0
1477,119,0
1478,119,0
1479,119,0
1480,119,0
1495,119,0
1497,119,0
1500,119,0
1513,119,0
1515,119,0
1517,119,0
1521,119,0
1522,119,0
1535,119,0
1539,119,0
1544,119,0
1546,119,0
1548,119,0
1551,119,0
1555,119,0
1558,119,0
1565,119,0
1566,119,0
1568,119,0
1569,119,0
1579,119,0
1582,119,0
1584,119,0
1590,119,0
1591,119,0
1599,119,0
1607,119,0
1612,119,0
1616,119,0
1621,119,0
1629,119,0
1633,119,0
1636,119,0
1638,119,0
1640,119,0
1641,119,0
9,120,0
105,120,0
128,120,0
130,120,0
211,120,0
216,120,0
221,120,0
235,120,0
249,120,0
253,120,0
267,120,0
270,120,0
271,120,0
291,120,0
307,120,0
309,120,0
330,120,0
333,120,0
335,120,0
336,120,0
362,120,0
366,120,0
370,120,0
387,120,0
391,120,0
414,120,0
422,120,0
442,120,0
453,120,0
473,120,0
479,120,0
495,120,0
514,120,0
520,120,0
523,120,0
539,120,0
580,120,0
591,120,0
644,120,0
647,120,0
657,120,0
661,120,0
662,120,0
687,120,0
693,120,0
722,120,0
728,120,0
744,120,0
759,120,0
765,120,0
774,120,0
777,120,0
789,120,0
807,120,0
832,120,0
843,120,0
849,120,0
853,120,0
862,120,0
888,120,0
972,120,0
974,120,0
981,120,0
1013,120,0
120,1015,3
1016,120,0
1028,120,0
1042,120,0
1047,120,0
1050,120,0
1058,120,0
1064,120,0
1086,120,0
1113,120,0
1153,120,0
1168,120,0
1200,120,0
1208,120,0
1214,120,0
1231,120,0
1232,120,0
1244,120,0
1281,120,0
120,1287,3
1288,120,0
1294,120,0
1306,120,0
1309,120,0
1315,120,0
1321,120,0
1331,120,0
1341,120,0
1346,120,0
1349,120,0
1356,120,0
1363,120,0
1376,120,0
1395,120,0
1398,120,0
1400,120,0
1401,120,0
1412,120,0
1416,120,0
1417,120,0
1476,120,0
1539,120,0
1542,120,0
1545,120,0
120,1554,3
1557,120,0
1558,120,0
1560,120,0
1582,120,0
1584,120,0
1601,120,0
1616,120,0
1618,120,0
1619,120,0
1632,120,0
1638,120,0
1639,120,0
108,121,0
118,121,0
161,121,0
444,121,0
757,121,0
784,121,0
795,121,0
805,121,0
1190,121,0
1216,121,0
1280,121,0
1581,121,0
1639,121,0
415,122,0
508,122,0
515,122,0
723,122,0
122,819,3
122,858,3
926,122,0
122,1421,3
1546,122,0
1629,122,0
123,400,3
123,1456,3
620,124,0
682,124,0
124,761,3
1124,124,0
124,1281,3
124,1494,3
15,125,0
186,125,0
396,125,0
657,125,0
671,125,0
702,125,0
783,125,0
823,125,0
922,125,0
930,125,0
948,125,0
991,125,0
1049,125,0
1106,125,0
1194,125,0
1205,125,0
1265,125,0
1305,125,0
1356,125,0
1396,125,0
1465,125,0
1476,125,0
1539,125,0
1558,125,0
1617,125,0
259,126,0
352,126,0
438,126,0
465,126,0
126,503,3
651,126,0
126,972,3
1427,126,0
30,127,0
125,127,0
251,127,0
326,127,0
426,127,0
442,127,0
525,127,0
623,127,0
670,127,0
127,878,3
127,1071,3
1258,127,0
1368,127,0
1466,127,0
128,135,2
128,192,3
414,128,0
454,128,0
624,128,0
128,713,3
751,128,0
783,128,0
823,128,0
128,825,3
874,128,0
1040,128,0
1083,128,0
1128,128,0
1205,128,0
1265,128,0
1266,128,0
128,1286,3
1440,128,0
1465,128,0
1476,128,0
1533,128,0
270,129,0
436,129,0
442,129,0
643,129,0
129,1146,3
1208,130,0
1241,130,0
1619,130,0
61,131,0
131,448,3
482,131,0
963,131,0
1082,131,0
1163,131,0
1583,131,0
13,132,0
128,132,0
370,132,0
409,132,0
432,132,0
644,132,0
690,132,0
832,132,0
892,132,0
985,132,0
1288,132,0
1295,132,0
1349,132,0
1549,132,0
1597,132,0
14,133,0
84,133,0
400,133,0
425,133,0
513,133,0
133,679,3
914,133,0
998,133,0
1024,133,0
133,1031,3
1085,133,0
1541,133,0
281,134,0
494,134,0
674,134,0
883,134,0
1239,134,0
134,1466,3
134,1473,3
1480,134,0
1498,134,0
14,135,0
15,135,0
31,135,0
54,135,0
62,135,0
65,135,0
98,135,0
114,135,0
133,135,0
161,135,0
185,135,0
187,135,0
239,135,0
269,135,0
272,135,0
284,135,0
317,135,0
320,135,0
338,135,0
342,135,0
379,135,0
398,135,0
403,135,0
415,135,0
416,135,0
424,135,0
430,135,0
447,135,0
468,135,0
480,135,0
564,135,0
607,135,0
610,135,0
614,135,0
620,135,0
629,135,0
650,135,0
655,135,0
657,135,0
686,135,0
720,135,0
725,135,0
738,135,0
742,135,0
745,135,0
767,135,0
772,135,0
783,135,0
790,135,0
795,135,0
802,135,0
831,135,0
833,135,0
857,135,0
881,135,0
883,135,0
898,135,0
902,135,0
905,135,0
914,135,0
931,135,0
932,135,0
933,135,0
936,135,0
1027,135,0
1085,135,0
1088,135,0
1091,135,0
1111,135,0
1113,135,0
1118,135,0
1131,135,0
1147,135,0
1149,135,0
1150,135,0
1158,135,0
1202,135,0
1205,135,0
1207,135,0
1239,135,0
1257,135,0
1260,135,0
1271,135,0
1297,135,0
1299,135,0
1351,135,0
1352,135,0
1370,135,0
1372,135,0
1406,135,0
1429,135,0
1458,135,0
1465,135,0
1472,135,0
1476,135,0
1478,135,0
1483,135,0
1486,135,0
1496,135,0
1499,135,0
1507,135,0
1508,135,0
1536,135,0
1550,135,0
1561,135,0
1562,135,0
1563,135,0
1600,135,0
1617,135,0
1,136,0
273,136,0
609,136,0
683,136,0
705,136,0
794,136,0
136,802,3
136,874,3
136,886,3
927,136,0
1007,136,0
1221,136,0
1532,136,0
136,1621,3
214,137,0
222,137,0
230,137,0
481,137,0
619,137,0
877,137,0
1080,137,0
1121,137,0
1382,137,0
1457,137,0
1464,137,0
1513,137,0
1640,137,0
404,138,0
735,138,0
1367,138,0
1389,138,0
1468,138,0
1613,138,0
139,379,3
675,139,0
711,139,0
858,139,0
139,892,3
139,932,3
959,139,0
988,139,0
1003,139,0
139,1034,3
1121,139,0
1393,139,0
1404,139,0
139,1477,3
1532,139,0
2,140,0
78,140,0
84,140,0
90,140,0
100,140,0
114,140,0
118,140,0
140,193,2
216,140,0
230,140,0
250,140,0
254,140,0
275,140,0
277,140,0
282,140,0
290,140,0
302,140,0
304,140,0
309,140,0
316,140,0
318,140,0
333,140,0
342,140,0
347,140,0
362,140,0
376,140,0
387,140,0
389,140,0
393,140,0
415,140,0
429,140,0
446,140,0
479,140,0
481,140,0
484,140,0
491,140,0
503,140,0
509,140,0
539,140,0
545,140,0
555,140,0
562,140,0
591,140,0
612,140,0
617,140,0
619,140,0
628,140,0
645,140,0
656,140,0
678,140,0
719,140,0
722,140,0
726,140,0
728,140,0
731,140,0
732,140,0
746,140,0
757,140,0
765,140,0
769,140,0
771,140,0
774,140,0
777,140,0
778,140,0
792,140,0
813,140,0
827,140,0
845,140,0
849,140,0
871,140,0
872,140,0
885,140,0
906,140,0
909,140,0
913,140,0
925,140,0
933,140,0
949,140,0
959,140,0
963,140,0
976,140,0
987,140,0
988,140,0
990,140,0
1032,140,0
1042,140,0
1043,140,0
1056,140,0
1062,140,0
1075,140,0
1080,140,0
1088,140,0
1106,140,0
1111,140,0
1122,140,0
1130,140,0
1144,140,0
1147,140,0
1153,140,0
1154,140,0
1168,140,0
1180,140,0
1186,140,0
1188,140,0
1193,140,0
1195,140,0
1201,140,0
1202,140,0
1225,140,0
1228,140,0
1229,140,0
1236,140,0
1238,140,0
1251,140,0
1263,140,0
1272,140,0
1275,140,0
1282,140,0
1287,140,0
1291,140,0
1297,140,0
1300,140,0
1309,140,0
1319,140,0
1324,140,0
1326,140,0
1332,140,0
1341,140,0
1363,140,0
1374,140,0
1391,140,0
1403,140,0
1404,140,0
1457,140,0
1475,140,0
1481,140,0
1489,140,0
1490,140,0
1513,140,0
1518,140,0
1535,140,0
1536,140,0
1549,140,0
1554,140,0
1580,140,0
1599,140,0
1630,140,0
1640,140,0
72,141,0
334,141,0
606,141,0
641,141,0
728,141,0
141,1448,3
1496,141,0
1548,141,0
34,142,0
266,142,0
325,142,0
1084,142,0
1267,142,0
1493,142,0
1560,142,0
142,1607,3
243,143,0
279,143,0
428,143,0
549,143,0
550,143,0
569,143,0
143,613,3
628,143,0
693,143,0
743,143,0
744,143,0
895,143,0
941,143,0
965,143,0
1086,143,0
1143,143,0
1188,143,0
1234,143,0
1235,143,0
1427,143,0
1434,143,0
1585,143,0
144,174,2
355,144,0
144,573,3
613,144,0
809,144,0
144,1111,3
144,1312,3
145,246,3
434,145,0
475,145,0
145,588,3
676,145,0
145,737,3
857,145,0
898,145,0
145,1047,3
1015,146,0
146,1059,3
196,148,0
148,637,3
775,148,0
875,148,0
148,1115,3
1337,148,0
1490,148,0
148,1566,3
291,149,0
463,149,0
502,149,0
508,149,0
894,149,0
1196,149,0
1515,149,0
1547,149,0
337,150,0
760,150,0
829,150,0
150,1389,3
1605,150,0
471,151,0
576,151,0
863,151,0
151,883,3
1189,151,0
1438,151,0
1561,151,0
657,152,0
771,153,0
153,800,3
1154,153,0
1300,153,0
154,195,3
350,154,0
351,154,0
1063,154,0
1296,154,0
154,1413,3
155,290,3
311,155,0
336,155,0
505,155,0
538,155,0
155,560,3
765,155,0
807,155,0
155,945,3
948,155,0
1120,155,0
155,1266,3
1273,155,0
1284,155,0
155,1305,3
1321,155,0
1356,155,0
1523,155,0
1526,155,0
1539,155,0
1572,155,0
156,1175,3
3,157,0
382,157,0
490,157,0
157,569,3
695,157,0
750,157,0
157,796,3
1081,157,0
1096,157,0
1135,157,0
1358,157,0
1433,157,0
157,1450,3
114,158,0
118,158,0
692,158,0
158,773,3
249,159,0
260,159,0
368,159,0
371,159,0
393,159,0
489,159,0
504,159,0
549,159,0
598,159,0
684,159,0
781,159,0
792,159,0
813,159,0
850,159,0
895,159,0
933,159,0
951,159,0
996,159,0
1008,159,0
1054,159,0
159,1070,3
1077,159,0
1086,159,0
1103,159,0
1143,159,0
1202,159,0
1235,159,0
1374,159,0
1417,159,0
1420,159,0
159,1483,3
1504,159,0
1509,159,0
1625,159,0
191,160,0
293,160,0
160,320,3
329,160,0
481,160,0
160,553,3
625,160,0
706,160,0
1035,160,0
1248,160,0
1259,160,0
160,1319,3
160,1412,3
160,1478,3
1516,160,0
160,1636,3
665,161,0
303,162,0
310,162,0
407,162,0
162,649,3
733,162,0
926,162,0
941,162,0
1089,162,0
162,1220,3
162,1438,3
314,163,0
677,163,0
714,163,0
861,163,0
928,163,0
1034,163,0
163,1071,3
1197,163,0
1612,163,0
24,164,0
164,178,2
263,164,0
421,164,0
432,164,0
513,164,0
635,164,0
766,164,0
950,164,0
974,164,0
982,164,0
991,164,0
1018,164,0
1170,164,0
1205,164,0
1211,164,0
1264,164,0
1296,164,0
1440,164,0
164,1455,3
1465,164,0
1533,164,0
1617,164,0
165,398,3
165,1481,3
165,1617,3
278,166,0
445,166,0
814,166,0
1137,166,0
166,1299,3
1327,166,0
1508,166,0
2,167,0
509,167,0
827,167,0
1251,167,0
1287,167,0
1491,167,0
1535,167,0
167,1538,3
281,168,0
674,168,0
795,168,0
894,168,0
168,1178,3
1362,168,0
168,1446,3
1502,168,0
15,169,0
108,169,0
114,169,0
118,169,0
307,169,0
315,169,0
444,169,0
757,169,0
824,169,0
852,169,0
887,169,0
169,892,3
1011,169,0
1063,169,0
1228,169,0
1240,169,0
1377,169,0
1379,169,0
4,170,0
48,170,0
128,170,0
135,170,0
151,170,0
168,170,0
178,170,0
199,170,0
212,170,0
218,170,0
232,170,0
253,170,0
264,170,0
268,170,0
291,170,0
292,170,0
297,170,0
302,170,0
332,170,0
335,170,0
339,170,0
342,170,0
346,170,0
347,170,0
356,170,0
358,170,0
362,170,0
374,170,0
388,170,0
391,170,0
393,170,0
405,170,0
408,170,0
424,170,0
427,170,0
450,170,0
454,170,0
455,170,0
468,170,0
482,170,0
487,170,0
494,170,0
515,170,0
519,170,0
529,170,0
541,170,0
553,170,0
561,170,0
575,170,0
576,170,0
579,170,0
580,170,0
591,170,0
607,170,0
610,170,0
629,170,0
634,170,0
636,170,0
643,170,0
656,170,0
660,170,0
692,170,0
693,170,0
705,170,0
722,170,0
723,170,0
734,170,0
744,170,0
745,170,0
757,170,0
758,170,0
763,170,0
765,170,0
774,170,0
777,170,0
790,170,0
796,170,0
798,170,0
801,170,0
813,170,0
819,170,0
825,170,0
844,170,0
849,170,0
850,170,0
860,170,0
863,170,0
881,170,0
888,170,0
897,170,0
899,170,0
907,170,0
914,170,0
915,170,0
916,170,0
919,170,0
925,170,0
933,170,0
939,170,0
970,170,0
995,170,0
999,170,0
1001,170,0
1023,170,0
1036,170,0
1040,170,0
1043,170,0
1048,170,0
1057,170,0
1066,170,0
1085,170,0
1094,170,0
1104,170,0
1131,170,0
1132,170,0
1150,170,0
1152,170,0
1169,170,0
1178,170,0
1184,170,0
1187,170,0
1199,170,0
1202,170,0
1217,170,0
1220,170,0
1221,170,0
1229,170,0
1247,170,0
1249,170,0
1262,170,0
1269,170,0
1271,170,0
1294,170,0
1295,170,0
1313,170,0
1314,170,0
1326,170,0
1333,170,0
1338,170,0
1343,170,0
1372,170,0
1374,170,0
1396,170,0
1407,170,0
1417,170,0
1420,170,0
1424,170,0
1431,170,0
1432,170,0
1435,170,0
1438,170,0
1441,170,0
1454,170,0
1460,170,0
1467,170,0
1478,170,0
1482,170,0
1486,170,0
1509,170,0
1516,170,0
1532,170,0
1543,170,0
1546,170,0
1550,170,0
1557,170,0
1562,170,0
1563,170,0
1580,170,0
1592,170,0
1598,170,0
1599,170,0
1600,170,0
1601,170,0
171,1145,3
171,1209,3
171,1618,3
283,172,0
591,172,0
172,872,3
1238,172,0
1291,172,0
172,1348,3
173,203,3
173,215,3
173,257,3
321,173,0
1256,173,0
173,1468,3
1473,173,0
173,1520,3
809,174,0
174,1553,3
31,175,0
138,175,0
149,175,0
175,220,3
227,175,0
249,175,0
279,175,0
330,175,0
347,175,0
362,175,0
371,175,0
417,175,0
422,175,0
464,175,0
472,175,0
502,175,0
504,175,0
514,175,0
529,175,0
591,175,0
643,175,0
656,175,0
694,175,0
175,767,3
774,175,0
777,175,0
792,175,0
813,175,0
849,175,0
888,175,0
894,175,0
175,904,3
933,175,0
996,175,0
1043,175,0
1054,175,0
1058,175,0
1077,175,0
1086,175,0
1103,175,0
1116,175,0
1143,175,0
1171,175,0
1202,175,0
1214,175,0
1232,175,0
1235,175,0
1237,175,0
1247,175,0
1249,175,0
1274,175,0
1281,175,0
1283,175,0
1309,175,0
1325,175,0
1329,175,0
1331,175,0
1345,175,0
1367,175,0
1374,175,0
1401,175,0
1413,175,0
1416,175,0
1417,175,0
1427,175,0
1460,175,0
1468,175,0
1504,175,0
1509,175,0
1515,175,0
1547,175,0
1557,175,0
1580,175,0
1594,175,0
1601,175,0
1625,175,0
146,176,0
176,427,3
176,778,3
795,176,0
841,176,0
1235,176,0
1288,176,0
1296,176,0
176,1518,3
177,344,3
504,177,0
177,808,3
177,815,3
887,177,0
177,1039,3
178,292,3
178,447,3
950,178,0
178,1180,3
178,1408,3
179,1200,3
1538,179,0
1157,180,0
31,181,0
37,181,0
108,181,0
197,181,0
214,181,0
225,181,0
285,181,0
308,181,0
311,181,0
323,181,0
343,181,0
499,181,0
571,181,0
573,181,0
608,181,0
609,181,0
621,181,0
633,181,0
741,181,0
754,181,0
786,181,0
797,181,0
840,181,0
876,181,0
918,181,0
930,181,0
181,984,3
992,181,0
181,1036,3
1052,181,0
1060,181,0
1108,181,0
1209,181,0
1227,181,0
1233,181,0
1276,181,0
1280,181,0
181,1285,3
1302,181,0
1332,181,0
1354,181,0
1364,181,0
1408,181,0
1447,181,0
1451,181,0
1474,181,0
1567,181,0
1572,181,0
449,182,0
182,480,3
521,182,0
706,182,0
785,182,0
183,241,3
349,183,0
770,183,0
1079,183,0
1445,183,0
1477,183,0
1555,183,0
434,184,0
464,184,0
678,184,0
820,185,0
833,185,0
1117,185,0
1149,185,0
185,1364,3
185,1565,3
54,186,0
57,186,0
71,186,0
212,186,0
215,186,0
229,186,0
262,186,0
304,186,0
361,186,0
379,186,0
381,186,0
390,186,0
403,186,0
468,186,0
480,186,0
482,186,0
499,186,0
511,186,0
607,186,0
610,186,0
620,186,0
629,186,0
643,186,0
669,186,0
706,186,0
736,186,0
758,186,0
761,186,0
790,186,0
802,186,0
810,186,0
824,186,0
831,186,0
881,186,0
913,186,0
921,186,0
924,186,0
966,186,0
981,186,0
1028,186,0
1047,186,0
1062,186,0
1088,186,0
1106,186,0
1111,186,0
1131,186,0
1147,186,0
1194,186,0
1205,186,0
1207,186,0
1225,186,0
1253,186,0
1297,186,0
186,1300,3
1305,186,0
1332,186,0
1338,186,0
1351,186,0
1357,186,0
1370,186,0
1403,186,0
1415,186,0
1429,186,0
1441,186,0
1456,186,0
1465,186,0
1483,186,0
1486,186,0
1550,186,0
1562,186,0
1563,186,0
1577,186,0
1598,186,0
1617,186,0
1641,186,0
187,675,3
764,187,0
799,187,0
824,187,0
873,187,0
937,187,0
187,1094,3
1257,187,0
1381,187,0
1447,187,0
1488,187,0
188,203,3
765,188,0
879,188,0
188,988,3
188,1332,3
188,1488,3
1544,188,0
189,1409,3
245,190,0
288,190,0
744,190,0
951,190,0
961,190,0
1347,190,0
1596,190,0
293,191,0
405,191,0
191,478,3
553,191,0
625,191,0
754,191,0
806,191,0
1035,191,0
1252,191,0
1303,191,0
1516,191,0
192,201,3
192,494,3
1139,192,0
1207,192,0
2,193,0
71,193,0
100,193,0
114,193,0
118,193,0
121,193,0
202,193,0
216,193,0
243,193,0
250,193,0
254,193,0
277,193,0
282,193,0
290,193,0
292,193,0
302,193,0
304,193,0
309,193,0
324,193,0
375,193,0
376,193,0
387,193,0
389,193,0
393,193,0
415,193,0
429,193,0
446,193,0
474,193,0
479,193,0
481,193,0
484,193,0
503,193,0
504,193,0
529,193,0
539,193,0
545,193,0
555,193,0
562,193,0
591,193,0
612,193,0
617,193,0
619,193,0
656,193,0
663,193,0
678,193,0
726,193,0
728,193,0
731,193,0
732,193,0
754,193,0
757,193,0
765,193,0
771,193,0
774,193,0
778,193,0
792,193,0
795,193,0
193,796,3
813,193,0
817,193,0
821,193,0
822,193,0
193,829,3
849,193,0
868,193,0
871,193,0
872,193,0
877,193,0
900,193,0
906,193,0
909,193,0
913,193,0
193,923,3
925,193,0
933,193,0
949,193,0
969,193,0
976,193,0
988,193,0
1032,193,0
1063,193,0
1080,193,0
1088,193,0
1111,193,0
1121,193,0
1122,193,0
1130,193,0
1137,193,0
1144,193,0
1147,193,0
1154,193,0
1168,193,0
1180,193,0
1186,193,0
1191,193,0
1195,193,0
1202,193,0
1225,193,0
1229,193,0
1236,193,0
1249,193,0
1263,193,0
1275,193,0
1277,193,0
1282,193,0
1295,193,0
1297,193,0
1309,193,0
1314,193,0
1315,193,0
1319,193,0
1324,193,0
1326,193,0
1332,193,0
1351,193,0
1362,193,0
1363,193,0
1369,193,0
1404,193,0
1420,193,0
1457,193,0
1460,193,0
1464,193,0
1469,193,0
1481,193,0
1489,193,0
1490,193,0
1491,193,0
1505,193,0
1513,193,0
1535,193,0
1536,193,0
1580,193,0
1585,193,0
1600,193,0
1601,193,0
1620,193,0
1630,193,0
1632,193,0
1640,193,0
1641,193,0
35,194,0
234,194,0
238,194,0
776,194,0
835,194,0
854,194,0
896,194,0
194,1240,3
195,764,3
195,992,3
196,671,3
197,501,3
197,1126,3
198,234,3
199,1236,3
200,335,3
201,1106,3
202,618,3
202,812,3
204,899,3
205,629,3
205,926,3
205,1611,3
206,520,3
206,556,3
206,687,3
208,299,3
208,836,3
208,1147,3
208,1612,3
209,620,3
209,705,3
209,799,3
209,1235,3
210,837,3
210,1583,3
212,992,3
213,476,3
213,622,3
214,617,3
215,823,3
215,1409,3
215,1626,3
216,583,3
217,315,3
218,265,3
218,544,3
219,232,3
219,713,3
219,996,3
219,1207,3
220,1200,3
221,1046,3
221,1061,3
221,1543,3
221,1623,3
222,317,3
223,840,3
223,895,3
224,232,3
224,367,3
224,649,3
224,1095,3
224,1563,3
225,1196,3
226,274,3
226,780,3
227,1166,3
228,1388,3
229,507,3
230,897,3
230,1279,3
231,705,3
232,1300,3
233,751,3
233,778,3
233,1092,3
235,697,3
235,732,3
237,1203,3
238,688,3
238,822,3
239,802,3
239,1276,3
240,523,3
242,382,3
242,519,3
242,1124,3
242,1399,3
244,1169,3
245,468,3
245,831,3
245,922,3
245,1024,3
245,1049,3
245,1058,3
245,1304,3
246,1179,3
246,1203,3
246,1516,3
248,500,3
248,543,3
249,1344,3
250,737,3
250,1165,3
253,686,3
253,1318,3
255,684,3
255,793,3
256,278,3
256,437,3
256,1265,3
256,1596,3
257,726,3
257,940,3
258,631,3
258,645,3
259,310,3
259,412,3
259,1109,3
260,956,3
260,1042,3
260,1054,3
261,268,3
261,519,3
261,586,3
261,749,3
261,854,3
263,548,3
263,1148,3
264,1217,3
264,1456,3
265,295,3
265,696,3
265,1073,3
265,1102,3
267,594,3
268,627,3
268,887,3
270,1106,3
271,1625,3
272,513,3
272,542,3
272,1154,3
274,771,3
275,376,3
276,389,3
277,1474,3
278,1578,3
279,861,3
279,1391,3
280,416,3
281,771,3
281,894,3
282,646,3
283,1204,3
284,1156,3
285,547,3
286,926,3
287,1258,3
287,1497,3
289,467,3
289,951,3
290,607,3
290,1390,3
291,1284,3
293,849,3
293,861,3
293,1020,3
294,1351,3
294,1432,3
297,1266,3
300,1078,3
301,509,3
301,1276,3
302,690,3
305,1135,3
307,638,3
307,662,3
307,854,3
307,1077,3
308,676,3
309,1152,3
309,1185,3
309,1207,3
309,1300,3
311,1141,3
312,658,3
312,1033,3
312,1603,3
313,1475,3
313,1615,3
314,933,3
314,1124,3
314,1329,3
314,1439,3
315,359,3
315,602,3
315,1126,3
315,1129,3
315,1473,3
316,710,3
316,972,3
318,545,3
319,1590,3
322,1021,3
322,1288,3
324,1003,3
326,801,3
326,1229,3
327,884,3
327,1292,3
328,1499,3
330,626,3
330,678,3
331,388,3
331,1298,3
331,1349,3
331,1549,3
332,1060,3
333,364,3
333,959,3
334,706,3
335,1155,3
335,1572,3
336,624,3
336,874,3
336,1453,3
337,643,3
337,669,3
338,875,3
338,1266,3
339,738,3
340,745,3
341,502,3
341,520,3
342,748,3
342,1259,3
342,1529,3
344,631,3
344,1441,3
344,1612,3
345,1232,3
345,1315,3
346,1303,3
346,1471,3
347,432,3
347,675,3
347,1298,3
348,570,3
349,1419,3
350,710,3
351,826,3
351,1603,3
352,391,3
353,822,3
353,1214,3
354,421,3
354,715,3
354,1256,3
355,462,3
355,639,3
356,742,3
357,1469,3
357,1502,3
358,497,3
358,829,3
359,417,3
359,835,3
361,412,3
362,1478,3
362,1570,3
363,979,3
363,1236,3
363,1260,3
365,943,3
366,752,3
368,999,3
369,890,3
370,1396,3
370,1497,3
371,1221,3
371,1616,3
372,650,3
374,1222,3
375,1544,3
375,1595,3
376,1602,3
377,1280,3
378,1060,3
378,1123,3
379,537,3
379,936,3
379,1477,3
380,1061,3
382,619,3
382,1161,3
382,1263,3
383,483,3
383,1497,3
384,784,3
384,1257,3
385,1262,3
385,1341,3
385,1406,3
385,1515,3
385,1592,3
386,601,3
386,1272,3
387,614,3
387,1232,3
388,1492,3
389,1202,3
389,1204,3
391,1463,3
392,479,3
392,575,3
394,488,3
394,1038,3
395,817,3
396,463,3
396,795,3
397,1210,3
397,1404,3
398,452,3
400,485,3
400,1173,3
400,1512,3
402,478,3
402,1556,3
404,1533,3
405,1417,3
408,774,3
408,810,3
409,641,3
409,1149,3
412,540,3
412,1358,3
414,613,3
414,1441,3
414,1443,3
416,1135,3
419,483,3
419,1196,3
421,444,3
421,803,3
421,1061,3
422,664,3
422,1242,3
423,940,3
424,1059,3
425,438,3
425,1095,3
425,1104,3
425,1619,3
427,499,3
428,853,3
429,1508,3
429,1519,3
430,704,3
430,729,3
430,1463,3
432,778,3
432,1106,3
433,1089,3
433,1419,3
435,962,3
435,1307,3
436,1154,3
439,679,3
440,654,3
442,1218,3
443,833,3
443,1298,3
444,806,3
445,762,3
445,1192,3
448,857,3
449,703,3
449,708,3
449,1557,3
450,473,3
451,906,3
451,969,3
451,1405,3
454,998,3
455,651,3
456,691,3
456,1108,3
458,811,3
458,1546,3
460,1433,3
461,872,3
462,687,3
462,1039,3
462,1329,3
462,1560,3
463,712,3
463,1226,3
464,1294,3
465,506,3
465,1301,3
467,782,3
467,851,3
467,1259,3
467,1297,3
468,1113,3
468,1288,3
468,1434,3
468,1463,3
468,1507,3
469,612,3
470,1537,3
471,1152,3
471,1271,3
472,1318,3
472,1496,3
472,1568,3
475,995,3
477,1577,3
478,1067,3
479,1264,3
480,915,3
482,580,3
483,1380,3
483,1551,3
484,1215,3
484,1294,3
486,560,3
486,764,3
487,1414,3
487,1464,3
489,1237,3
492,834,3
492,1112,3
492,1495,3
493,569,3
493,946,3
493,1284,3
493,1351,3
494,760,3
494,872,3
496,964,3
496,1377,3
496,1587,3
498,1006,3
499,975,3
499,1121,3
502,876,3
502,1024,3
502,1282,3
503,885,3
504,855,3
504,1011,3
504,1104,3
505,1443,3
506,686,3
506,1501,3
506,1515,3
507,983,3
507,1129,3
507,1349,3
508,1388,3
508,1431,3
509,1086,3
510,957,3
510,1562,3
511,693,3
512,1289,3
513,870,3
513,1006,3
514,585,3
514,766,3
517,888,3
517,1520,3
518,674,3
519,1043,3
521,1145,3
522,1174,3
522,1267,3
523,999,3
524,634,3
524,717,3
526,531,3
526,884,3
526,1360,3
526,1495,3
527,876,3
528,1235,3
528,1532,3
530,575,3
530,903,3
530,1218,3
531,762,3
531,1593,3
532,533,3
532,548,3
532,1389,3
535,1121,3
536,1096,3
536,1441,3
538,589,3
538,1465,3
538,1472,3
540,815,3
540,1144,3
540,1178,3
541,636,3
542,1031,3
543,1632,3
548,1019,3
549,949,3
549,1290,3
549,1315,3
549,1607,3
549,1628,3
550,1363,3
550,1430,3
550,1592,3
551,636,3
552,897,3
553,712,3
553,1042,3
553,1225,3
553,1414,3
554,884,3
557,625,3
557,801,3
560,736,3
560,791,3
560,812,3
560,851,3
562,770,3
563,949,3
563,963,3
563,998,3
563,1219,3
563,1637,3
564,1217,3
565,600,3
566,852,3
566,1012,3
568,760,3
569,1227,3
570,1396,3
571,916,3
571,924,3
571,972,3
572,1521,3
573,1185,3
573,1234,3
575,740,3
576,1021,3
576,1392,3
579,1109,3
580,1057,3
581,1475,3
583,657,3
583,954,3
583,1474,3
584,640,3
585,592,3
585,851,3
586,1167,3
587,632,3
587,687,3
587,1588,3
590,997,3
590,1268,3
590,1383,3
591,1626,3
592,1113,3
593,610,3
593,630,3
593,945,3
593,1089,3
594,1007,3
594,1074,3
597,630,3
597,1458,3
597,1523,3
598,1307,3
599,1107,3
600,1203,3
601,795,3
601,814,3
601,938,3
601,1213,3
601,1287,3
601,1324,3
602,637,3
602,1358,3
604,901,3
604,1547,3
605,979,3
606,609,3
606,1302,3
606,1392,3
607,785,3
607,1166,3
608,776,3
608,1408,3
610,785,3
611,640,3
611,1299,3
613,809,3
613,1403,3
614,1239,3
615,1182,3
615,1255,3
615,1534,3
615,1629,3
617,631,3
617,680,3
618,982,3
621,1052,3
622,1324,3
624,1097,3
624,1123,3
625,758,3
627,1482,3
627,1502,3
628,1099,3
631,1028,3
632,1152,3
632,1234,3
633,1111,3
634,1040,3
636,1058,3
636,1291,3
637,784,3
637,1047,3
637,1195,3
637,1347,3
638,1141,3
638,1447,3
639,715,3
639,1429,3
640,1636,3
641,1135,3
642,1557,3
643,1352,3
646,682,3
646,1267,3
647,1272,3
648,782,3
648,1364,3
650,1193,3
650,1604,3
651,1517,3
652,970,3
654,1271,3
655,697,3
655,1241,3
655,1442,3
656,1039,3
656,1241,3
658,1314,3
659,1129,3
662,909,3
663,1200,3
664,930,3
664,1364,3
664,1562,3
665,729,3
667,904,3
668,1382,3
669,753,3
669,787,3
670,999,3
670,1067,3
670,1140,3
670,1212,3
670,1306,3
671,828,3
673,1289,3
673,1514,3
673,1524,3
674,1637,3
676,1584,3
677,800,3
677,1485,3
678,1294,3
678,1338,3
678,1365,3
679,796,3
679,1421,3
681,1152,3
681,1241,3
681,1327,3
682,1101,3
682,1132,3
682,1243,3
682,1400,3
682,1466,3
686,1551,3
687,1549,3
688,1233,3
688,1293,3
688,1351,3
689,840,3
690,731,3
691,751,3
692,724,3
692,1106,3
692,1259,3
694,870,3
695,873,3
695,1560,3
697,1016,3
697,1409,3
698,1559,3
700,923,3
701,914,3
701,1539,3
702,1060,3
702,1166,3
702,1261,3
703,1081,3
703,1156,3
703,1469,3
705,1378,3
706,1017,3
707,931,3
708,1063,3
709,1425,3
711,1617,3
714,808,3
714,1515,3
715,1607,3
716,768,3
716,1168,3
716,1263,3
716,1450,3
719,915,3
719,1299,3
719,1564,3
720,1634,3
723,1485,3
723,1528,3
724,931,3
724,1301,3
724,1319,3
726,868,3
727,1037,3
727,1170,3
727,1438,3
728,1044,3
728,1483,3
728,1574,3
729,870,3
729,1215,3
730,985,3
730,1343,3
731,1073,3
732,1185,3
732,1254,3
733,739,3
733,1268,3
734,1070,3
734,1190,3
734,1195,3
734,1562,3
737,1180,3
738,792,3
738,1231,3
739,1025,3
741,930,3
741,1032,3
741,1317,3
741,1591,3
742,1212,3
743,1396,3
744,912,3
746,1467,3
747,1256,3
748,1380,3
749,1428,3
750,824,3
750,895,3
751,1365,3
752,1256,3
753,1174,3
755,1316,3
755,1571,3
756,1604,3
757,1528,3
757,1548,3
758,1262,3
758,1592,3
760,1307,3
761,1115,3
763,1103,3
763,1304,3
763,1607,3
764,1341,3
765,870,3
765,1306,3
766,1329,3
768,886,3
768,1438,3
769,1002,3
770,1230,3
770,1261,3
772,1385,3
774,1398,3
776,1360,3
777,1385,3
780,1229,3
782,949,3
782,1326,3
784,1092,3
784,1322,3
785,1041,3
785,1080,3
785,1299,3
789,862,3
789,937,3
789,1420,3
790,1534,3
791,1346,3
791,1393,3
792,974,3
792,1074,3
792,1284,3
792,1385,3
793,1387,3
793,1531,3
795,983,3
795,1315,3
798,1360,3
799,1262,3
800,1198,3
801,1060,3
801,1291,3
803,841,3
803,1314,3
803,1473,3
803,1560,3
805,1286,3
806,1491,3
807,1082,3
808,1322,3
812,1467,3
813,1103,3
814,1526,3
815,924,3
817,854,3
818,996,3
818,1105,3
818,1334,3
820,1149,3
821,1175,3
821,1590,3
821,1640,3
823,1393,3
824,1510,3
826,1184,3
828,1421,3
830,994,3
831,1074,3
831,1096,3
837,1010,3
837,1526,3
838,1010,3
842,872,3
842,1290,3
843,1090,3
843,1093,3
843,1254,3
845,1051,3
847,1063,3
847,1502,3
848,1071,3
848,1109,3
848,1242,3
848,1258,3
851,1051,3
852,1239,3
853,1238,3
855,1570,3
857,1629,3
858,897,3
860,1516,3
861,1560,3
863,1089,3
863,1282,3
864,1233,3
865,982,3
865,999,3
865,1245,3
869,1321,3
870,1348,3
871,999,3
871,1358,3
871,1635,3
873,984,3
875,1020,3
875,1263,3
878,959,3
878,1122,3
878,1317,3
886,1086,3
886,1294,3
888,1174,3
889,1216,3
890,1025,3
892,1183,3
892,1287,3
893,1502,3
894,1422,3
894,1555,3
894,1580,3
896,1376,3
896,1633,3
897,1411,3
897,1518,3
898,903,3
901,1432,3
901,1436,3
904,1008,3
906,1177,3
906,1599,3
909,938,3
909,961,3
909,1158,3
910,942,3
910,1334,3
911,1282,3
914,1018,3
917,1113,3
918,1596,3
920,1525,3
921,1045,3
922,1182,3
922,1208,3
923,1418,3
924,1572,3
927,1090,3
929,1180,3
929,1493,3
930,1119,3
931,1627,3
932,1553,3
934,1297,3
937,1018,3
937,1061,3
937,1195,3
937,1412,3
940,1369,3
942,1149,3
943,1032,3
943,1628,3
944,1527,3
945,1440,3
945,1571,3
946,1069,3
947,965,3
947,1119,3
948,1594,3
949,992,3
950,987,3
950,1101,3
950,1345,3
950,1579,3
951,1485,3
952,1019,3
952,1371,3
953,1137,3
954,1394,3
958,1141,3
958,1368,3
960,964,3
962,1481,3
962,1563,3
963,1307,3
964,1183,3
964,1238,3
967,1472,3
970,1202,3
971,1080,3
971,1112,3
972,1427,3
973,1375,3
974,1205,3
974,1422,3
974,1434,3
975,1264,3
977,1113,3
977,1276,3
977,1295,3
977,1428,3
977,1573,3
978,996,3
979,1430,3
981,1011,3
981,1016,3
982,1216,3
982,1301,3
982,1468,3
984,1076,3
985,1007,3
986,1356,3
986,1594,3
988,1024,3
989,1498,3
991,1040,3
991,1427,3
993,1313,3
994,1162,3
995,1089,3
996,1049,3
997,1289,3
997,1390,3
997,1456,3
1000,1133,3
1000,1506,3
1001,1405,3
1002,1285,3
1003,1054,3
1003,1152,3
1003,1482,3
1005,1077,3
1005,1339,3
1006,1012,3
1006,1213,3
1008,1587,3
1014,1274,3
1015,1209,3
1015,1353,3
1017,1455,3
1017,1582,3
1019,1310,3
1022,1111,3
1022,1375,3
1023,1570,3
1028,1216,3
1029,1310,3
1032,1430,3
1033,1200,3
1036,1160,3
1037,1322,3
1040,1282,3
1042,1307,3
1043,1394,3
1045,1076,3
1046,1613,3
1047,1460,3
1048,1466,3
1048,1509,3
1050,1280,3
1051,1074,3
1051,1349,3
1052,1160,3
1052,1170,3
1054,1555,3
1055,1075,3
1059,1415,3
1060,1606,3
1061,1322,3
1061,1621,3
1065,1091,3
1065,1549,3
1066,1073,3
1066,1291,3
1067,1557,3
1069,1280,3
1070,1146,3
1070,1442,3
1071,1106,3
1072,1335,3
1075,1588,3
1078,1602,3
1080,1347,3
1082,1167,3
1083,1141,3
1083,1207,3
1083,1337,3
1085,1321,3
1086,1488,3
1087,1188,3
1092,1280,3
1093,1109,3
1093,1144,3
1093,1531,3
1098,1167,3
1099,1534,3
1101,1291,3
1101,1487,3
1102,1599,3
1104,1450,3
1105,1173,3
1107,1260,3
1107,1499,3
1108,1300,3
1108,1528,3
1109,1240,3
1110,1306,3
1111,1287,3
1111,1520,3
1111,1538,3
1114,1239,3
1115,1419,3
1118,1364,3
1119,1148,3
1119,1156,3
1120,1129,3
1126,1554,3
1127,1315,3
1129,1402,3
1131,1447,3
1134,1192,3
1134,1535,3
1136,1559,3
1136,1581,3
1138,1365,3
1140,1292,3
1141,1152,3
1141,1588,3
1144,1158,3
1146,1272,3
1148,1606,3
1159,1337,3
1161,1421,3
1163,1553,3
1174,1610,3
1176,1426,3
1178,1334,3
1180,1630,3
1181,1495,3
1181,1509,3
1183,1439,3
1183,1585,3
1184,1392,3
1185,1627,3
1186,1483,3
1192,1291,3
1193,1455,3
1195,1631,3
1196,1420,3
1201,1215,3
1202,1320,3
1202,1412,3
1207,1457,3
1207,1540,3
1207,1587,3
1210,1467,3
1212,1282,3
1213,1279,3
1215,1565,3
1217,1270,3
1217,1562,3
1220,1428,3
1221,1316,3
1225,1337,3
1228,1240,3
1228,1271,3
1229,1516,3
1229,1602,3
1232,1499,3
1236,1443,3
1237,1464,3
1239,1241,3
1240,1262,3
1242,1569,3
1243,1295,3
1244,1362,3
1248,1495,3
1249,1453,3
1250,1358,3
1256,1314,3
1256,1347,3
1256,1397,3
1259,1610,3
1260,1441,3
1265,1511,3
1266,1302,3
1266,1316,3
1266,1489,3
1268,1522,3
1275,1410,3
1275,1469,3
1278,1602,3
1279,1324,3
1279,1477,3
1280,1334,3
1287,1374,3
1290,1505,3
1294,1345,3
1299,1330,3
1303,1406,3
1304,1501,3
1305,1439,3
1309,1459,3
1311,1466,3
1314,1498,3
1314,1564,3
1314,1605,3
1316,1345,3
1316,1538,3
1316,1602,3
1321,1411,3
1322,1603,3
1323,1330,3
1327,1570,3
1327,1592,3
1329,1443,3
1332,1498,3
1353,1397,3
1353,1456,3
1353,1512,3
1353,1514,3
1356,1377,3
1356,1432,3
1357,1506,3
1357,1642,3
1361,1486,3
1363,1372,3
1363,1423,3
1367,1398,3
1368,1554,3
1368,1605,3
1369,1535,3
1377,1471,3
1381,1563,3
1381,1593,3
1386,1572,3
1387,1392,3
1390,1635,3
1396,1523,3
1396,1628,3
1400,1527,3
1404,1510,3
1408,1449,3
1409,1608,3
1411,1442,3
1415,1488,3
1420,1480,3
1421,1640,3
1424,1591,3
1449,1579,3
1465,1624,3
1473,1474,3
1473,1633,3
1478,1497,3
1484,1634,3
1493,1546,3
1496,1527,3
1507,1536,3
1522,1598,3
1534,1548,3
1544,1617,3
1546,1629,3
1563,1586,3
1570,1638,3
1574,1600,3
1574,1609,3
1578,1603,3
1581,1587,3
1589,1596,3
1591,1640,3
1593,1616,3
