0,166,1
0,200,1
0,290,1
0,319,3
0,479,3
0,498,1
0,848,1
0,918,1
0,935,1
0,987,1
0,988,1
0,1124,1
0,1129,1
0,1161,1
0,1246,3
0,1262,3
0,1301,1
0,1362,1
0,1426,1
1,26,1
1,662,1
1,701,1
1,1069,1
1,1152,1
1,1176,1
1,1220,1
1,1262,1
1,1277,1
1,1352,1
1,1414,1
1,1599,1
2,509,1
2,548,1
2,827,1
2,960,3
2,1139,3
2,1192,3
2,1251,1
2,1287,1
2,1490,1
2,1491,1
2,1535,1
3,222,1
3,249,1
3,258,1
3,319,1
3,687,1
3,1322,1
3,1340,1
4,73,3
4,83,3
4,116,1
4,234,1
4,819,1
4,1149,3
4,1269,3
5,495,1
5,834,3
5,1042,1
5,1231,1
5,1372,3
5,1400,1
5,1506,3
6,25,3
6,78,3
6,326,1
6,1029,3
6,1207,1
6,1536,1
7,22,1
7,179,1
7,204,1
7,284,1
7,345,1
7,399,1
7,484,1
7,555,1
7,562,1
7,581,1
7,590,1
7,684,3
7,772,1
7,776,1
7,778,1
7,822,1
7,842,1
7,936,1
7,940,1
7,973,1
7,1122,1
7,1159,1
7,1180,1
7,1394,1
7,1458,1
7,1503,1
7,1635,3
8,364,3
9,210,1
9,298,1
9,497,1
9,994,1
9,1084,1
9,1311,1
10,175,1
10,279,1
10,314,1
10,316,1
10,318,1
10,381,1
10,389,1
10,390,1
10,437,1
10,464,1
10,489,1
10,516,1
10,529,1
10,642,1
10,683,1
10,698,1
10,705,1
10,746,1
10,828,1
10,866,1
10,895,1
10,906,1
10,925,1
10,939,3
10,951,1
10,969,1
10,981,1
10,996,1
10,1008,1
10,1022,1
10,1028,1
10,1047,1
10,1054,1
10,1059,3
10,1134,1
10,1143,1
10,1221,1
10,1226,1
10,1234,1
10,1235,1
10,1237,1
10,1427,1
10,1469,1
10,1504,1
10,1532,1
10,1553,1
10,1554,1
10,1560,1
10,1580,1
10,1628,1
11,77,1
11,116,3
11,243,1
11,319,1
11,460,1
11,475,1
11,496,1
11,628,1
11,632,1
11,680,1
11,716,1
11,726,1
11,745,1
11,805,1
11,836,1
11,858,1
11,1188,1
11,1191,1
11,1204,1
11,1213,1
11,1225,1
11,1242,1
11,1585,1
12,22,1
12,34,1
12,140,3
12,211,1
12,219,3
12,241,1
12,242,1
12,249,3
12,300,1
12,370,1
12,386,1
12,401,3
12,404,1
12,409,1
12,431,1
12,458,1
12,490,1
12,583,1
12,644,1
12,645,1
12,654,1
12,673,1
12,721,1
12,748,1
12,749,1
12,753,1
12,804,1
12,832,1
12,869,1
12,930,1
12,976,1
12,1095,1
12,1123,1
12,1180,1
12,1260,1
12,1266,1
12,1288,1
12,1314,1
12,1317,3
12,1326,1
12,1349,1
12,1355,1
12,1366,1
12,1373,1
12,1443,1
12,1463,1
12,1517,1
12,1527,1
12,1543,1
12,1571,1
12,1589,1
12,1609,1
12,1642,1
13,65,1
13,294,1
13,349,1
13,488,1
13,613,3
13,630,3
13,747,1
13,1128,3
13,1597,1
14,130,3
14,215,1
14,289,1
14,914,1
14,921,3
14,932,1
14,992,3
14,1085,1
14,1401,1
15,108,1
15,114,1
15,118,1
15,307,1
15,315,1
15,328,1
15,444,1
15,525,1
15,613,3
15,686,1
15,757,1
15,824,1
15,852,1
15,887,1
15,1011,1
15,1063,1
15,1133,1
15,1228,1
15,1240,1
15,1280,1
15,1282,1
15,1367,1
15,1377,1
15,1379,1
15,1439,1
15,1608,1
16,236,1
16,455,1
16,880,3
16,1434,3
16,1476,3
17,362,3
17,412,3
17,1349,3
17,1443,3
17,1617,3
18,309,1
18,479,1
18,572,1
18,614,1
18,732,1
18,1112,1
18,1272,1
18,1369,1
19,135,1
19,844,1
19,860,1
19,1170,1
20,17,1
20,475,1
20,612,1
20,829,1
20,1446,1
20,1606,1
20,1632,3
21,252,1
21,333,1
21,375,1
21,513,1
21,688,3
21,777,3
21,1251,1
21,1296,3
22,399,1
22,555,1
22,668,3
22,776,1
22,778,1
22,798,3
22,822,1
22,973,1
22,1106,1
22,1122,1
22,1220,1
22,1496,3
22,1503,1
23,214,1
23,483,1
23,761,1
23,950,3
23,1255,1
23,1436,1
23,1596,1
24,43,3
24,238,3
24,655,3
24,1029,1
24,1181,1
24,1294,3
24,1453,1
25,329,1
25,498,3
25,500,1
25,543,1
25,622,1
25,646,1
25,740,1
25,1298,1
25,1603,1
26,71,3
26,1192,3
26,1329,3
27,122,3
27,364,1
27,537,3
27,738,3
27,802,1
27,887,1
27,1182,1
27,1240,1
27,1249,1
27,1350,3
27,1431,1
28,411,3
29,394,1
29,638,3
29,689,1
29,1122,1
29,1307,1
29,1398,3
30,125,1
30,454,1
30,823,1
30,1167,1
30,1368,1
31,205,1
31,207,3
31,250,1
31,423,1
31,554,1
31,593,3
31,729,1
31,1013,1
31,1168,1
31,1210,1
31,1308,1
31,1315,1
31,1335,1
31,1341,1
31,1353,1
32,16,1
32,841,1
32,1051,3
32,1243,3
32,1248,1
32,1296,1
33,240,1
33,646,3
33,874,1
33,886,1
33,1157,1
33,1187,1
33,1342,1
34,89,1
34,226,1
34,268,3
34,501,1
34,563,1
34,614,1
34,794,1
34,815,1
34,871,3
34,931,1
34,1106,1
34,1194,1
34,1305,1
34,1323,1
34,1565,1
34,1606,1
35,78,1
35,319,1
35,442,1
35,647,1
35,746,1
35,775,3
35,789,1
35,834,3
35,853,1
35,1148,1
35,1378,3
35,1618,1
36,178,1
36,247,1
36,248,1
36,263,1
36,301,1
36,421,1
36,542,1
36,635,1
36,795,1
36,815,1
36,841,1
36,950,1
36,955,1
36,974,1
36,1018,1
36,1363,1
37,197,1
37,202,3
37,285,1
37,341,1
37,526,1
37,787,1
37,840,1
37,1060,1
37,1233,1
37,1263,1
37,1451,1
38,57,1
38,249,1
38,391,1
38,602,1
38,666,1
38,719,3
38,793,1
38,943,1
38,1033,1
38,1046,1
38,1261,1
38,1570,1
40,168,1
40,273,1
40,683,1
40,705,1
40,1007,1
40,1065,1
40,1235,3
40,1349,1
40,1354,3
40,1399,3
40,1532,1
41,187,1
41,277,1
41,318,1
41,438,3
41,496,3
41,531,3
41,607,1
41,821,1
41,841,1
41,1114,1
41,1204,3
42,4,1
42,202,1
42,244,1
42,342,1
42,498,1
42,522,1
42,567,1
42,602,1
42,643,1
42,666,1
42,693,1
42,710,1
42,793,1
42,819,1
42,882,1
42,886,1
42,890,1
42,933,1
42,942,1
42,943,1
42,1002,1
42,1033,1
42,1113,1
42,1130,3
42,1201,1
42,1202,1
42,1222,1
42,1238,1
42,1330,1
42,1378,1
42,1383,1
42,1402,1
42,1500,1
42,1584,1
42,1588,1
42,1600,1
42,1614,1
43,160,1
43,207,1
43,313,1
43,327,1
43,367,1
43,383,1
43,392,1
43,485,1
43,510,3
43,518,1
43,574,1
43,596,1
43,616,1
43,637,1
43,649,1
43,747,1
43,820,1
43,856,1
43,867,1
43,942,1
43,946,1
43,953,1
43,993,1
43,1004,1
43,1014,1
43,1032,1
43,1044,1
43,1192,1
43,1289,1
43,1324,1
43,1392,1
43,1479,1
43,1480,3
43,1481,1
43,1489,1
43,1492,1
43,1511,1
43,1568,1
43,1630,1
44,317,3
44,456,1
44,623,1
44,729,1
44,739,1
44,1138,1
44,1139,1
44,1280,3
44,1406,1
44,1590,1
44,1591,1
45,603,3
46,145,3
46,217,3
47,78,3
47,123,3
47,201,1
47,252,1
47,295,1
47,305,1
47,354,1
47,397,1
47,441,1
47,461,1
47,517,1
47,536,1
47,584,1
47,592,1
47,599,1
47,604,1
47,658,1
47,697,1
47,699,1
47,710,1
47,715,1
47,718,1
47,834,1
47,839,1
47,846,1
47,887,1
47,954,1
47,964,1
47,971,1
47,980,1
47,1005,1
47,1015,1
47,1087,1
47,1098,1
47,1102,1
47,1119,1
47,1177,1
47,1183,1
47,1240,1
47,1250,1
47,1316,1
47,1318,1
47,1360,1
47,1365,1
47,1390,1
47,1397,1
47,1410,1
47,1418,1
47,1487,1
47,1528,1
47,1534,1
47,1552,1
47,1556,1
47,1575,1
47,1587,1
48,118,1
48,281,1
48,459,3
48,584,3
48,674,1
48,883,1
48,977,1
48,987,1
48,1239,1
48,1362,1
48,1470,1
48,1502,1
49,128,1
49,233,1
49,783,1
49,1146,1
49,1205,1
49,1345,1
49,1361,1
49,1384,1
49,1465,1
49,1594,1
49,1617,1
49,1619,3
50,141,1
50,287,1
50,334,1
50,428,1
50,593,3
50,606,1
50,619,1
50,641,1
50,851,1
50,855,1
50,942,1
50,1363,3
50,1459,1
50,1548,1
50,1613,3
50,1614,1
51,77,1
51,79,3
51,164,1
51,247,1
51,301,1
51,363,1
51,421,1
51,432,1
51,462,1
51,478,1
51,576,1
51,690,1
51,766,1
51,795,1
51,836,1
51,841,1
51,950,1
51,955,1
51,997,1
51,1018,1
51,1061,1
51,1073,3
51,1094,3
51,1162,3
51,1170,1
51,1203,1
51,1211,1
51,1264,1
51,1363,1
51,1462,1
51,1611,1
52,289,3
52,310,1
52,559,1
52,703,1
52,1068,1
52,1093,3
52,1274,1
53,203,3
53,568,3
53,942,1
53,1161,3
53,1469,1
54,474,3
54,686,3
54,914,1
54,932,1
54,1047,3
54,1085,1
55,1450,3
56,209,1
56,223,1
56,730,1
56,936,3
56,1320,1
56,1423,1
56,1557,1
56,1607,3
57,255,1
57,318,1
57,352,3
57,358,1
57,365,1
57,438,1
57,466,1
57,713,1
57,897,1
57,1110,1
57,1164,1
57,1240,3
57,1315,1
57,1422,1
57,1576,1
58,117,1
58,229,1
58,293,1
58,369,1
58,443,1
58,451,1
58,543,3
58,604,1
58,690,3
58,712,1
58,757,3
58,798,1
58,1021,1
58,1156,1
58,1380,1
58,1516,1
61,216,3
61,359,1
61,446,3
61,484,3
61,493,1
61,638,3
61,816,1
61,901,1
61,1457,3
62,351,1
62,402,1
62,833,1
62,910,1
62,1065,1
62,1117,1
62,1149,1
62,1158,1
62,1275,1
62,1312,3
62,1449,1
62,1553,3
63,117,1
63,614,1
63,628,3
63,630,1
63,802,1
63,931,1
63,1155,3
63,1323,1
64,200,1
64,386,3
64,686,3
64,900,1
65,249,1
65,520,1
65,549,1
65,744,1
65,800,1
65,888,1
65,1086,1
65,1167,1
65,1218,1
65,1249,1
65,1417,1
66,179,3
66,1149,3
66,1579,3
67,253,1
67,397,1
67,470,1
67,510,1
67,844,1
67,848,1
67,851,3
67,898,3
67,908,1
67,975,1
67,1126,1
67,1249,3
67,1268,1
67,1360,1
67,1389,3
67,1452,1
68,254,1
68,678,1
68,892,1
68,1142,3
68,1219,1
68,1490,1
68,1505,1
68,1620,1
69,114,1
69,944,3
69,1415,1
70,44,1
70,103,1
70,207,1
70,209,3
70,459,1
70,470,1
70,696,3
70,734,3
70,755,1
70,915,3
70,945,1
70,987,1
70,989,1
70,1081,3
70,1124,1
70,1273,1
70,1301,1
70,1303,3
70,1419,1
70,1529,1
71,247,1
71,357,1
71,1273,1
72,313,3
72,402,1
72,457,1
72,532,1
72,960,1
72,1379,3
72,1452,1
72,1604,1
73,51,1
73,298,3
73,408,3
73,620,1
73,746,3
73,947,1
74,102,1
74,221,1
74,235,1
74,301,3
74,335,1
74,645,1
74,949,1
74,956,1
74,1294,1
74,1523,1
74,1537,1
74,1538,1
74,1545,1
74,1639,1
75,194,1
75,195,1
75,312,1
75,440,1
75,587,3
75,610,3
75,896,1
75,1006,1
75,1471,1
75,1497,1
76,114,1
76,1362,3
76,1564,1
77,82,1
77,91,1
77,114,1
77,237,1
77,239,1
77,257,1
77,261,1
77,291,1
77,369,1
77,384,1
77,412,1
77,414,1
77,446,1
77,451,1
77,475,1
77,510,1
77,512,1
77,519,1
77,538,1
77,539,1
77,557,1
77,564,1
77,585,1
77,587,1
77,593,1
77,618,1
77,628,1
77,639,1
77,650,1
77,675,1
77,688,1
77,691,1
77,696,1
77,767,1
77,805,1
77,858,1
77,868,1
77,893,1
77,912,1
77,923,1
77,948,1
77,1000,1
77,1010,1
77,1012,1
77,1027,3
77,1045,1
77,1061,1
77,1067,1
77,1093,1
77,1097,1
77,1153,1
77,1156,1
77,1188,1
77,1191,1
77,1212,1
77,1284,1
77,1293,1
77,1310,1
77,1321,1
77,1332,1
77,1335,1
77,1356,1
77,1363,1
77,1385,1
77,1398,1
77,1406,1
77,1439,3
77,1455,1
77,1519,1
77,1525,1
77,1526,1
77,1539,1
77,1558,1
77,1579,1
77,1582,1
77,1615,1
77,1616,1
78,93,1
78,956,1
78,1198,1
79,155,1
79,433,1
79,506,1
79,651,1
79,753,3
79,1224,1
79,1414,1
79,1506,1
79,1584,3
80,123,3
80,169,1
80,284,3
80,1162,1
81,229,1
81,672,3
81,803,1
81,810,1
81,1080,3
81,1262,3
81,1357,1
81,1411,1
82,67,1
82,218,1
82,246,1
82,305,3
82,308,3
82,552,1
82,692,3
82,704,1
82,773,1
82,818,1
82,884,1
82,908,1
82,1213,1
82,1270,1
82,1453,1
82,1454,1
82,1626,1
83,2,1
83,31,1
83,33,1
83,41,1
83,71,1
83,98,1
83,100,1
83,128,1
83,138,1
83,149,1
83,152,1
83,155,1
83,175,1
83,183,1
83,195,1
83,205,1
83,216,1
83,219,1
83,224,1
83,227,1
83,229,1
83,250,1
83,251,1
83,253,1
83,260,1
83,265,1
83,267,1
83,269,1
83,275,1
83,279,1
83,283,1
83,286,1
83,289,1
83,291,1
83,292,1
83,314,1
83,330,1
83,336,1
83,341,1
83,342,1
83,347,1
83,353,1
83,357,1
83,362,1
83,368,1
83,371,1
83,376,1
83,387,1
83,393,1
83,410,1
83,417,1
83,423,1
83,426,1
83,430,1
83,437,1
83,446,1
83,453,1
83,463,1
83,464,1
83,472,1
83,473,1
83,492,1
83,502,1
83,504,1
83,505,1
83,510,1
83,523,1
83,529,1
83,533,1
83,540,1
83,541,1
83,544,1
83,554,1
83,560,1
83,564,1
83,568,1
83,589,1
83,591,1
83,598,1
83,601,1
83,613,1
83,615,1
83,627,1
83,643,1
83,650,1
83,656,1
83,659,1
83,661,1
83,663,1
83,675,1
83,684,1
83,687,1
83,691,1
83,694,1
83,696,1
83,712,1
83,722,1
83,724,1
83,728,1
83,731,1
83,735,1
83,765,1
83,767,1
83,770,1
83,774,1
83,777,1
83,778,1
83,781,1
83,783,1
83,792,1
83,807,1
83,810,1
83,811,1
83,813,1
83,817,1
83,822,1
83,827,1
83,828,1
83,838,1
83,843,1
83,849,1
83,850,1
83,859,1
83,862,1
83,866,1
83,871,1
83,880,1
83,885,1
83,889,1
83,891,1
83,894,1
83,895,1
83,934,1
83,938,1
83,948,1
83,951,1
83,952,1
83,963,1
83,965,1
83,978,1
83,984,1
83,996,1
83,1008,1
83,1009,1
83,1013,1
83,1016,1
83,1042,1
83,1043,1
83,1050,1
83,1054,1
83,1055,1
83,1059,3
83,1071,1
83,1075,1
83,1077,1
83,1079,1
83,1103,1
83,1106,1
83,1113,1
83,1116,1
83,1130,1
83,1143,1
83,1144,1
83,1152,1
83,1153,1
83,1159,1
83,1168,1
83,1171,1
83,1202,1
83,1204,1
83,1220,1
83,1229,1
83,1232,1
83,1234,1
83,1243,1
83,1244,1
83,1245,1
83,1251,1
83,1274,1
83,1277,1
83,1281,1
83,1283,1
83,1287,1
83,1290,1
83,1303,1
83,1305,1
83,1306,1
83,1309,1
83,1315,1
83,1324,1
83,1325,1
83,1327,1
83,1329,1
83,1331,1
83,1341,1
83,1342,1
83,1346,1
83,1348,1
83,1356,1
83,1357,1
83,1363,1
83,1367,1
83,1374,1
83,1375,1
83,1376,1
83,1380,1
83,1389,1
83,1398,1
83,1401,1
83,1406,1
83,1412,1
83,1413,1
83,1420,1
83,1427,1
83,1445,1
83,1448,1
83,1460,1
83,1461,1
83,1468,1
83,1470,1
83,1477,1
83,1484,1
83,1491,1
83,1496,1
83,1497,1
83,1504,1
83,1508,1
83,1510,1
83,1515,1
83,1518,1
83,1535,1
83,1539,1
83,1542,1
83,1547,1
83,1555,1
83,1557,1
83,1558,1
83,1569,1
83,1576,1
83,1578,1
83,1580,1
83,1582,1
83,1601,1
83,1613,1
83,1616,1
83,1623,1
83,1625,1
83,1628,1
83,1632,1
84,813,1
84,834,3
84,1364,3
85,112,1
85,238,1
85,835,1
85,854,1
85,862,1
85,897,1
85,1128,1
85,1282,1
86,419,1
86,538,1
86,540,3
86,728,3
86,737,3
86,902,1
86,1062,1
86,1183,1
86,1309,3
86,1359,1
86,1378,1
87,79,1
87,160,1
87,268,1
87,415,1
87,506,1
87,508,1
87,629,3
87,638,1
87,743,1
87,793,1
87,847,1
87,1107,1
87,1125,1
87,1181,1
87,1224,1
87,1350,1
87,1414,1
87,1506,1
88,498,3
88,698,3
88,1199,3
89,563,1
89,815,1
89,1090,1
89,1120,1
89,1247,1
89,1288,1
89,1585,1
90,142,1
90,306,1
90,322,1
90,324,1
90,553,1
90,617,1
90,799,1
90,863,1
90,1133,1
90,1236,1
90,1291,1
90,1391,1
90,1475,1
90,1604,1
90,1633,1
91,219,1
91,229,1
91,340,1
91,355,1
91,357,1
91,360,1
91,405,1
91,422,1
91,430,1
91,435,1
91,501,1
91,507,1
91,527,1
91,737,1
91,779,1
91,864,1
91,983,1
91,991,1
91,1038,1
91,1059,1
91,1120,1
91,1140,1
91,1268,1
91,1286,1
91,1295,1
91,1357,1
91,1429,1
91,1524,1
91,1549,1
91,1595,1
92,873,3
92,916,1
92,1142,1
92,1337,3
92,1576,3
92,1636,1
93,748,3
93,841,3
93,1311,3
93,1549,1
94,198,1
94,199,1
94,220,1
94,234,1
94,241,1
94,306,1
94,374,1
94,401,1
94,469,1
94,551,1
94,749,1
94,995,1
94,1019,1
94,1025,1
94,1051,1
94,1072,1
94,1105,1
94,1106,1
94,1123,1
94,1132,1
94,1155,1
94,1169,1
94,1194,1
94,1217,1
94,1223,1
94,1260,1
94,1430,1
94,1443,1
94,1454,1
94,1549,1
94,1609,1
95,109,1
95,281,1
95,494,1
95,553,3
95,674,1
95,883,1
95,957,3
95,1115,1
95,1174,3
95,1480,1
96,419,1
96,471,1
96,903,1
96,1017,1
96,1063,1
96,1092,1
96,1160,1
96,1175,1
96,1189,1
96,1522,1
96,1566,1
97,15,1
97,169,3
97,307,1
97,439,1
97,442,3
97,530,1
97,709,1
97,762,1
97,918,3
97,1166,1
97,1514,1
98,506,1
98,541,3
98,783,1
98,823,1
98,1040,1
98,1205,1
98,1368,1
98,1388,1
98,1396,1
98,1403,3
98,1440,1
98,1465,1
98,1512,3
98,1533,1
99,5,1
99,115,1
99,185,1
99,211,1
99,220,1
99,301,1
99,474,1
99,588,1
99,603,1
99,605,1
99,672,1
99,773,1
99,791,1
99,832,1
99,901,1
99,947,1
99,983,1
99,1101,1
99,1284,1
99,1288,1
99,1296,1
99,1425,1
99,1593,1
99,1639,1
100,275,1
100,316,1
100,349,1
100,372,1
100,376,1
100,389,1
100,659,1
100,746,1
100,770,1
100,859,1
100,906,1
100,909,1
100,963,1
100,1079,1
100,1134,1
100,1222,1
100,1342,1
100,1477,1
101,1188,1
101,1569,3
102,719,3
102,886,1
102,912,3
102,1501,3
102,1584,1
103,1077,1
103,1441,1
104,392,1
104,405,1
104,1246,1
105,543,1
105,784,1
105,1395,1
106,511,1
106,558,1
106,629,1
106,1235,3
106,1313,3
106,1510,1
106,1622,1
107,554,3
107,826,1
107,935,3
107,1388,3
107,1588,1
107,1603,1
107,1610,1
108,210,1
108,314,3
108,483,1
108,548,1
108,607,1
108,627,3
108,797,1
108,945,1
108,1095,3
108,1108,1
108,1254,1
108,1405,1
109,100,1
109,177,1
109,180,1
109,196,1
109,217,1
109,228,1
109,243,1
109,275,1
109,276,1
109,316,1
109,318,1
109,331,1
109,378,1
109,389,1
109,393,1
109,420,1
109,505,1
109,565,1
109,566,1
109,598,1
109,631,1
109,653,1
109,681,1
109,726,1
109,746,1
109,752,1
109,753,1
109,765,1
109,780,1
109,813,1
109,868,1
109,876,1
109,885,1
109,906,1
109,917,1
109,927,3
109,958,1
109,968,1
109,969,1
109,1020,1
109,1073,1
109,1082,1
109,1103,1
109,1134,1
109,1144,1
109,1155,1
109,1191,1
109,1192,1
109,1229,1
109,1241,1
109,1279,1
109,1312,1
109,1328,1
109,1374,1
109,1387,1
109,1393,1
109,1420,1
109,1444,1
109,1448,1
109,1469,1
109,1472,1
109,1494,1
109,1498,1
109,1509,1
109,1512,1
109,1531,1
109,1585,1
109,1624,1
109,1631,1
110,300,3
110,314,1
110,380,1
110,547,1
110,698,1
110,717,3
110,817,1
110,828,1
110,984,3
110,1553,3
110,1628,1
111,163,1
111,269,1
111,878,1
111,1145,1
111,1292,1
112,299,1
112,417,1
112,1069,1
112,1521,1
113,440,3
113,781,3
114,223,1
114,265,1
114,279,1
114,296,1
114,348,1
114,372,1
114,373,1
114,377,1
114,393,1
114,406,1
114,448,1
114,465,3
114,489,1
114,494,1
114,521,1
114,537,1
114,556,1
114,586,1
114,597,1
114,640,1
114,648,1
114,664,1
114,668,1
114,708,1
114,753,1
114,768,1
114,808,1
114,813,1
114,856,1
114,865,1
114,866,1
114,885,1
114,910,1
114,951,1
114,996,1
114,1008,1
114,1026,1
114,1041,1
114,1054,1
114,1074,1
114,1078,1
114,1115,1
114,1127,1
114,1136,1
114,1141,1
114,1143,1
114,1151,1
114,1152,1
114,1172,1
114,1198,1
114,1220,1
114,1222,1
114,1229,1
114,1235,1
114,1237,1
114,1262,1
114,1317,1
114,1339,1
114,1359,1
114,1374,1
114,1409,1
114,1437,1
114,1472,1
114,1480,1
114,1498,1
114,1504,1
114,1512,1
114,1573,1
114,1635,1
114,1637,1
114,1638,1
115,292,1
115,315,1
115,382,1
115,444,1
115,656,1
115,702,3
115,856,1
115,1163,3
115,1280,1
115,1460,1
115,1518,1
116,486,1
116,577,1
116,1094,1
116,1206,1
116,1371,1
116,1495,1
116,1565,3
117,289,3
117,442,1
117,584,1
117,647,1
117,789,1
117,853,1
117,1030,3
117,1148,1
117,1618,1
118,200,1
118,223,1
118,265,1
118,279,1
118,372,1
118,373,1
118,393,1
118,406,1
118,448,1
118,464,1
118,488,1
118,489,1
118,521,1
118,526,3
118,556,1
118,586,1
118,597,1
118,648,1
118,664,1
118,668,1
118,708,1
118,768,1
118,850,1
118,865,1
118,866,1
118,895,1
118,910,1
118,951,1
118,996,1
118,1041,1
118,1054,1
118,1074,1
118,1115,1
118,1136,1
118,1141,1
118,1143,1
118,1151,1
118,1152,1
118,1229,1
118,1234,1
118,1262,1
118,1282,3
118,1317,1
118,1339,1
118,1359,1
118,1374,1
118,1420,1
118,1427,1
118,1498,1
118,1512,1
118,1529,1
118,1573,1
118,1635,1
118,1637,1
118,1638,1
119,1,1
119,2,1
119,4,1
119,11,1
119,12,1
119,18,1
119,38,1
119,48,1
119,56,1
119,57,1
119,61,1
119,62,1
119,72,1
119,77,1
119,90,1
119,96,1
119,108,1
119,114,1
119,118,1
119,136,1
119,141,1
119,151,1
119,155,1
119,163,1
119,168,1
119,178,1
119,180,1
119,185,1
119,188,1
119,192,1
119,194,1
119,202,1
119,205,1
119,209,1
119,226,1
119,230,1
119,231,1
119,233,1
119,234,1
119,238,1
119,240,1
119,244,1
119,250,1
119,253,1
119,256,1
119,273,1
119,281,1
119,291,1
119,293,1
119,299,1
302,119,0
312,119,0
320,119,0
322,119,0
324,119,0
331,119,0
333,119,0
334,119,0
336,119,0
344,119,0
349,119,0
358,119,0
361,119,0
374,119,0
385,119,0
391,119,0
395,119,0
402,119,0
405,119,0
411,119,0
414,119,0
419,119,0
423,119,0
428,119,0
433,119,0
457,119,0
467,119,0
477,119,0
481,119,0
486,119,0
491,119,0
494,119,0
495,119,0
500,119,0
503,119,0
508,119,0
509,119,0
515,119,0
528,119,0
531,119,0
532,119,0
538,119,0
539,119,0
541,119,0
543,119,0
546,119,0
551,119,0
553,119,0
554,119,0
570,119,0
577,119,0
578,119,0
587,119,0
596,119,0
600,119,0
602,119,0
606,119,0
609,119,0
611,119,0
617,119,0
619,119,0
626,119,0
630,119,0
647,119,0
652,119,0
655,119,0
658,119,0
659,119,0
666,119,0
669,119,0
674,119,0
675,119,0
676,119,0
677,119,0
683,119,0
685,119,0
687,119,0
705,119,0
711,119,0
713,119,0
714,119,0
721,119,0
723,119,0
727,119,0
730,119,0
738,119,0
739,119,0
754,119,0
756,119,0
764,119,0
769,119,0
788,119,0
789,119,0
793,119,0
794,119,0
798,119,0
802,119,0
812,119,0
818,119,0
823,119,0
827,119,0
830,119,0
848,119,0
851,119,0
857,119,0
859,119,0
861,119,0
863,119,0
868,119,0
877,119,0
879,119,0
883,119,0
886,119,0
893,119,0
896,119,0
897,119,0
898,119,0
901,119,0
903,119,0
912,119,0
914,119,0
920,119,0
923,119,0
927,119,0
928,119,0
929,119,0
931,119,0
933,119,0
943,119,0
944,119,0
947,119,0
948,119,0
950,119,0
953,119,0
957,119,0
959,119,0
960,119,0
962,119,0
966,119,0
970,119,0
979,119,0
984,119,0
986,119,0
988,119,0
990,119,0
1003,119,0
1006,119,0
1013,119,0
1017,119,0
1023,119,0
1034,119,0
1044,119,0
1046,119,0
1065,119,0
1069,119,0
1071,119,0
1079,119,0
1080,119,0
1085,119,0
1092,119,0
1100,119,0
1106,119,0
1107,119,0
1109,119,0
1110,119,0
1115,119,0
1117,119,0
1121,119,0
1132,119,0
1138,119,0
1139,119,0
1142,119,0
1152,119,0
1160,119,0
1163,119,0
1164,119,0
1169,119,0
1185,119,0
1186,119,0
1187,119,0
1189,119,0
1193,119,0
1194,119,0
1196,119,0
1197,119,0
1200,119,0
1202,119,0
1210,119,0
1217,119,0
1224,119,0
1251,119,0
119,1258,3
1261,119,0
1263,119,0
1274,119,0
1277,119,0
1280,119,0
1284,119,0
1287,119,0
1291,119,0
1303,119,0
1305,119,0
1306,119,0
1307,119,0
1310,119,0
1315,119,0
1319,119,0
1320,119,0
1321,119,0
1334,119,0
1341,119,0
1353,119,0
1356,119,0
1363,119,0
1368,119,0
1371,119,0
1382,119,0
1392,119,0
1396,119,0
1398,119,0
1400,119,0
1413,119,0
1414,119,0
1421,119,0
1438,119,0
1442,119,0
1452,119,0
1454,119,0
1456,119,0
1457,119,0
1464,119,0
1477,119,0
1478,119,0
1479,119,0
1480,119,0
1495,119,0
1497,119,0
1500,119,0
1513,119,0
1515,119,0
1517,119,0
1521,119,0
1522,119,0
1535,119,0
1539,119,0
1544,119,0
1546,119,0
1548,119,0
119,1549,3
1551,119,0
1555,119,0
1558,119,0
1565,119,0
1566,119,0
1568,119,0
1569,119,0
1579,119,0
1582,119,0
1584,119,0
1590,119,0
1591,119,0
1599,119,0
1607,119,0
1612,119,0
1616,119,0
1621,119,0
1629,119,0
1633,119,0
1636,119,0
1638,119,0
1640,119,0
1641,119,0
9,120,0
105,120,0
128,120,0
130,120,0
120,195,3
211,120,0
216,120,0
221,120,0
235,120,0
249,120,0
253,120,0
267,120,0
270,120,0
271,120,0
291,120,0
307,120,0
309,120,0
330,120,0
333,120,0
335,120,0
336,120,0
362,120,0
366,120,0
370,120,0
387,120,0
391,120,0
414,120,0
422,120,0
442,120,0
453,120,0
473,120,0
479,120,0
495,120,0
514,120,0
520,120,0
523,120,0
539,120,0
580,120,0
591,120,0
644,120,0
647,120,0
657,120,0
661,120,0
662,120,0
687,120,0
693,120,0
722,120,0
728,120,0
744,120,0
759,120,0
765,120,0
774,120,0
777,120,0
789,120,0
807,120,0
832,120,0
843,120,0
849,120,0
853,120,0
862,120,0
888,120,0
972,120,0
974,120,0
981,120,0
1013,120,0
1016,120,0
1028,120,0
1042,120,0
1047,120,0
1050,120,0
1058,120,0
1064,120,0
1086,120,0
1113,120,0
1153,120,0
1168,120,0
1200,120,0
1208,120,0
1214,120,0
1231,120,0
1232,120,0
1244,120,0
1281,120,0
1288,120,0
1294,120,0
1306,120,0
1309,120,0
1315,120,0
1321,120,0
1331,120,0
1341,120,0
1346,120,0
1349,120,0
1356,120,0
1363,120,0
1376,120,0
1395,120,0
1398,120,0
1400,120,0
1401,120,0
1412,120,0
1416,120,0
1417,120,0
1476,120,0
1539,120,0
1542,120,0
1545,120,0
1557,120,0
1558,120,0
1560,120,0
1582,120,0
1584,120,0
1601,120,0
1616,120,0
1618,120,0
1619,120,0
1632,120,0
1638,120,0
1639,120,0
108,121,0
118,121,0
161,121,0
444,121,0
757,121,0
784,121,0
795,121,0
805,121,0
1190,121,0
1216,121,0
1280,121,0
121,1446,3
1581,121,0
1639,121,0
122,146,3
415,122,0
508,122,0
515,122,0
723,122,0
926,122,0
122,1249,3
122,1304,3
1546,122,0
1629,122,0
123,1588,3
620,124,0
682,124,0
124,829,3
124,1024,3
1124,124,0
124,1438,3
15,125,0
186,125,0
396,125,0
657,125,0
671,125,0
702,125,0
783,125,0
823,125,0
922,125,0
930,125,0
948,125,0
991,125,0
1049,125,0
1106,125,0
1194,125,0
1205,125,0
1265,125,0
1305,125,0
1356,125,0
1396,125,0
1465,125,0
1476,125,0
1539,125,0
1558,125,0
1617,125,0
259,126,0
352,126,0
438,126,0
465,126,0
651,126,0
126,683,3
126,1182,3
1427,126,0
30,127,0
125,127,0
251,127,0
326,127,0
127,327,3
426,127,0
442,127,0
127,511,3
525,127,0
127,527,3
623,127,0
670,127,0
127,915,3
127,933,3
1258,127,0
127,1313,3
1368,127,0
1466,127,0
414,128,0
454,128,0
624,128,0
128,661,3
751,128,0
783,128,0
823,128,0
874,128,0
1040,128,0
1083,128,0
1128,128,0
1205,128,0
1265,128,0
1266,128,0
1440,128,0
1465,128,0
1476,128,0
1533,128,0
270,129,0
436,129,0
442,129,0
643,129,0
129,1317,3
1208,130,0
1241,130,0
1619,130,0
61,131,0
482,131,0
131,662,3
131,775,3
963,131,0
1082,131,0
1163,131,0
1583,131,0
13,132,0
128,132,0
370,132,0
409,132,0
432,132,0
644,132,0
690,132,0
832,132,0
892,132,0
132,970,3
985,132,0
1288,132,0
1295,132,0
132,1337,3
1349,132,0
1549,132,0
1597,132,0
14,133,0
84,133,0
400,133,0
425,133,0
513,133,0
914,133,0
998,133,0
1024,133,0
1085,133,0
133,1166,3
1541,133,0
281,134,0
494,134,0
134,524,3
134,576,3
674,134,0
134,861,3
883,134,0
1239,134,0
1480,134,0
1498,134,0
14,135,0
15,135,0
31,135,0
54,135,0
62,135,0
65,135,0
98,135,0
114,135,0
133,135,0
161,135,0
185,135,0
187,135,0
239,135,0
269,135,0
272,135,0
284,135,0
317,135,0
320,135,0
338,135,0
342,135,0
379,135,0
398,135,0
403,135,0
415,135,0
416,135,0
424,135,0
430,135,0
447,135,0
468,135,0
480,135,0
564,135,0
607,135,0
610,135,0
614,135,0
620,135,0
629,135,0
650,135,0
655,135,0
657,135,0
686,135,0
720,135,0
725,135,0
738,135,0
742,135,0
745,135,0
767,135,0
772,135,0
783,135,0
790,135,0
795,135,0
802,135,0
831,135,0
833,135,0
857,135,0
881,135,0
883,135,0
898,135,0
902,135,0
905,135,0
914,135,0
931,135,0
932,135,0
933,135,0
936,135,0
1027,135,0
1085,135,0
1088,135,0
1091,135,0
1111,135,0
1113,135,0
1118,135,0
1131,135,0
1147,135,0
1149,135,0
1150,135,0
1158,135,0
135,1183,3
1202,135,0
1205,135,0
1207,135,0
1239,135,0
1257,135,0
1260,135,0
1271,135,0
1297,135,0
1299,135,0
1351,135,0
1352,135,0
1370,135,0
1372,135,0
1406,135,0
1429,135,0
1458,135,0
1465,135,0
1472,135,0
1476,135,0
1478,135,0
1483,135,0
1486,135,0
1496,135,0
1499,135,0
135,1502,3
1507,135,0
1508,135,0
1536,135,0
1550,135,0
1561,135,0
1562,135,0
1563,135,0
1600,135,0
1617,135,0
1,136,0
273,136,0
136,411,3
136,416,3
609,136,0
683,136,0
136,691,3
705,136,0
794,136,0
927,136,0
1007,136,0
1221,136,0
1532,136,0
214,137,0
222,137,0
230,137,0
481,137,0
619,137,0
877,137,0
137,1022,3
1080,137,0
1121,137,0
1382,137,0
1457,137,0
1464,137,0
1513,137,0
1640,137,0
404,138,0
735,138,0
138,1082,3
1367,138,0
1389,138,0
1468,138,0
1613,138,0
139,400,3
675,139,0
711,139,0
858,139,0
959,139,0
988,139,0
1003,139,0
1121,139,0
1393,139,0
1404,139,0
1532,139,0
2,140,0
78,140,0
84,140,0
90,140,0
100,140,0
114,140,0
118,140,0
216,140,0
230,140,0
250,140,0
254,140,0
275,140,0
277,140,0
282,140,0
290,140,0
302,140,0
304,140,0
309,140,0
316,140,0
318,140,0
333,140,0
342,140,0
347,140,0
362,140,0
376,140,0
387,140,0
389,140,0
393,140,0
415,140,0
429,140,0
446,140,0
479,140,0
481,140,0
484,140,0
491,140,0
503,140,0
509,140,0
539,140,0
545,140,0
555,140,0
562,140,0
591,140,0
612,140,0
617,140,0
619,140,0
628,140,0
645,140,0
656,140,0
678,140,0
719,140,0
722,140,0
726,140,0
728,140,0
731,140,0
732,140,0
746,140,0
757,140,0
765,140,0
769,140,0
771,140,0
774,140,0
777,140,0
778,140,0
792,140,0
813,140,0
827,140,0
845,140,0
849,140,0
871,140,0
872,140,0
885,140,0
906,140,0
909,140,0
913,140,0
925,140,0
933,140,0
949,140,0
959,140,0
963,140,0
976,140,0
987,140,0
988,140,0
990,140,0
1032,140,0
1042,140,0
1043,140,0
1056,140,0
1062,140,0
1075,140,0
1080,140,0
1088,140,0
1106,140,0
1111,140,0
1122,140,0
1130,140,0
1144,140,0
1147,140,0
1153,140,0
1154,140,0
1168,140,0
1180,140,0
1186,140,0
1188,140,0
1193,140,0
1195,140,0
1201,140,0
1202,140,0
1225,140,0
1228,140,0
1229,140,0
1236,140,0
1238,140,0
1251,140,0
1263,140,0
1272,140,0
1275,140,0
1282,140,0
1287,140,0
1291,140,0
1297,140,0
1300,140,0
1309,140,0
1319,140,0
1324,140,0
1326,140,0
1332,140,0
1341,140,0
1363,140,0
1374,140,0
1391,140,0
1403,140,0
1404,140,0
1457,140,0
1475,140,0
1481,140,0
1489,140,0
1490,140,0
1513,140,0
1518,140,0
1535,140,0
1536,140,0
1549,140,0
1554,140,0
1580,140,0
1599,140,0
1630,140,0
1640,140,0
72,141,0
334,141,0
606,141,0
641,141,0
728,141,0
141,801,3
141,918,3
141,956,3
1496,141,0
141,1506,3
1548,141,0
34,142,0
266,142,0
325,142,0
142,476,3
142,911,3
1084,142,0
1267,142,0
142,1290,3
1493,142,0
1560,142,0
243,143,0
279,143,0
428,143,0
549,143,0
550,143,0
569,143,0
628,143,0
693,143,0
743,143,0
744,143,0
895,143,0
941,143,0
965,143,0
143,1005,3
1086,143,0
1143,143,0
1188,143,0
1234,143,0
1235,143,0
1427,143,0
1434,143,0
1585,143,0
355,144,0
144,515,3
144,607,3
613,144,0
809,144,0
145,160,3
434,145,0
475,145,0
676,145,0
857,145,0
898,145,0
146,796,3
1015,146,0
146,1431,3
147,1386,3
196,148,0
148,373,3
775,148,0
875,148,0
1337,148,0
148,1470,3
1490,148,0
291,149,0
463,149,0
502,149,0
508,149,0
149,766,3
894,149,0
149,982,3
1196,149,0
149,1391,3
1515,149,0
149,1523,3
1547,149,0
337,150,0
150,490,3
760,150,0
829,150,0
1605,150,0
471,151,0
576,151,0
151,826,3
863,151,0
1189,151,0
1438,151,0
1561,151,0
152,385,3
657,152,0
152,1447,3
153,200,3
153,238,3
771,153,0
1154,153,0
1300,153,0
153,1312,3
350,154,0
351,154,0
154,497,3
1063,154,0
1296,154,0
154,1497,3
154,1592,3
311,155,0
336,155,0
505,155,0
538,155,0
765,155,0
807,155,0
948,155,0
155,997,3
1120,155,0
1273,155,0
1284,155,0
1321,155,0
155,1333,3
1356,155,0
1523,155,0
1526,155,0
1539,155,0
1572,155,0
156,193,3
156,290,3
156,1242,3
156,1422,3
3,157,0
382,157,0
490,157,0
695,157,0
750,157,0
157,767,3
1081,157,0
1096,157,0
1135,157,0
1358,157,0
1433,157,0
114,158,0
118,158,0
158,434,3
692,158,0
249,159,0
159,251,3
260,159,0
368,159,0
371,159,0
159,392,3
393,159,0
489,159,0
504,159,0
549,159,0
598,159,0
159,623,3
159,663,3
684,159,0
781,159,0
792,159,0
813,159,0
850,159,0
895,159,0
933,159,0
951,159,0
996,159,0
1008,159,0
1054,159,0
1077,159,0
1086,159,0
1103,159,0
1143,159,0
1202,159,0
1235,159,0
1374,159,0
1417,159,0
1420,159,0
1504,159,0
1509,159,0
1625,159,0
191,160,0
293,160,0
329,160,0
481,160,0
625,160,0
706,160,0
1035,160,0
1248,160,0
1259,160,0
1516,160,0
160,1569,3
161,299,3
665,161,0
162,277,3
303,162,0
310,162,0
407,162,0
162,446,3
733,162,0
926,162,0
941,162,0
1089,162,0
162,1376,3
314,163,0
677,163,0
714,163,0
861,163,0
928,163,0
163,961,3
163,1007,3
1034,163,0
163,1071,3
163,1136,3
1197,163,0
163,1333,3
163,1343,3
163,1434,3
1612,163,0
24,164,0
263,164,0
164,320,3
421,164,0
432,164,0
513,164,0
635,164,0
766,164,0
950,164,0
974,164,0
982,164,0
991,164,0
1018,164,0
1170,164,0
1205,164,0
1211,164,0
1264,164,0
1296,164,0
1440,164,0
1465,164,0
1533,164,0
1617,164,0
164,1621,3
165,506,3
278,166,0
166,330,3
445,166,0
166,670,3
814,166,0
1137,166,0
1327,166,0
1508,166,0
166,1528,3
2,167,0
509,167,0
167,655,3
827,167,0
1251,167,0
1287,167,0
1491,167,0
1535,167,0
281,168,0
674,168,0
795,168,0
894,168,0
1362,168,0
1502,168,0
15,169,0
108,169,0
114,169,0
118,169,0
307,169,0
315,169,0
444,169,0
169,528,3
757,169,0
824,169,0
169,838,3
852,169,0
887,169,0
1011,169,0
1063,169,0
1228,169,0
1240,169,0
1377,169,0
1379,169,0
4,170,0
48,170,0
128,170,0
135,170,0
151,170,0
168,170,0
178,170,0
199,170,0
212,170,0
218,170,0
232,170,0
253,170,0
264,170,0
268,170,0
291,170,0
292,170,0
297,170,0
302,170,0
332,170,0
335,170,0
339,170,0
342,170,0
346,170,0
347,170,0
356,170,0
358,170,0
362,170,0
374,170,0
388,170,0
391,170,0
393,170,0
405,170,0
408,170,0
424,170,0
427,170,0
450,170,0
454,170,0
455,170,0
468,170,0
482,170,0
487,170,0
494,170,0
515,170,0
519,170,0
529,170,0
541,170,0
553,170,0
561,170,0
575,170,0
576,170,0
579,170,0
580,170,0
591,170,0
170,601,3
607,170,0
610,170,0
629,170,0
634,170,0
636,170,0
643,170,0
656,170,0
660,170,0
692,170,0
693,170,0
705,170,0
722,170,0
723,170,0
734,170,0
744,170,0
745,170,0
757,170,0
758,170,0
763,170,0
765,170,0
774,170,0
777,170,0
790,170,0
796,170,0
798,170,0
801,170,0
813,170,0
819,170,0
825,170,0
844,170,0
849,170,0
850,170,0
860,170,0
863,170,0
170,878,3
881,170,0
888,170,0
897,170,0
899,170,0
907,170,0
914,170,0
915,170,0
916,170,0
919,170,0
925,170,0
933,170,0
939,170,0
970,170,0
995,170,0
999,170,0
1001,170,0
1023,170,0
1036,170,0
1040,170,0
1043,170,0
1048,170,0
1057,170,0
1066,170,0
1085,170,0
1094,170,0
1104,170,0
1131,170,0
1132,170,0
1150,170,0
1152,170,0
1169,170,0
1178,170,0
1184,170,0
1187,170,0
1199,170,0
1202,170,0
1217,170,0
1220,170,0
1221,170,0
1229,170,0
1247,170,0
1249,170,0
1262,170,0
1269,170,0
1271,170,0
1294,170,0
1295,170,0
1313,170,0
1314,170,0
1326,170,0
1333,170,0
1338,170,0
1343,170,0
1372,170,0
1374,170,0
1396,170,0
1407,170,0
1417,170,0
1420,170,0
1424,170,0
1431,170,0
1432,170,0
1435,170,0
1438,170,0
1441,170,0
1454,170,0
1460,170,0
1467,170,0
1478,170,0
1482,170,0
1486,170,0
1509,170,0
1516,170,0
1532,170,0
1543,170,0
1546,170,0
1550,170,0
1557,170,0
1562,170,0
1563,170,0
1580,170,0
1592,170,0
1598,170,0
1599,170,0
1600,170,0
1601,170,0
171,335,3
171,407,3
171,995,3
283,172,0
591,172,0
172,917,3
1238,172,0
1291,172,0
172,1590,3
321,173,0
173,677,3
173,1166,3
1256,173,0
173,1397,3
1473,173,0
809,174,0
31,175,0
138,175,0
149,175,0
227,175,0
249,175,0
279,175,0
330,175,0
347,175,0
362,175,0
371,175,0
417,175,0
422,175,0
464,175,0
472,175,0
502,175,0
504,175,0
514,175,0
529,175,0
591,175,0
643,175,0
656,175,0
694,175,0
774,175,0
777,175,0
792,175,0
813,175,0
849,175,0
888,175,0
894,175,0
933,175,0
996,175,0
1043,175,0
1054,175,0
1058,175,0
1077,175,0
1086,175,0
1103,175,0
1116,175,0
1143,175,0
1171,175,0
1202,175,0
1214,175,0
1232,175,0
1235,175,0
1237,175,0
1247,175,0
1249,175,0
1274,175,0
1281,175,0
1283,175,0
1309,175,0
1325,175,0
1329,175,0
1331,175,0
1345,175,0
1367,175,0
1374,175,0
1401,175,0
1413,175,0
1416,175,0
1417,175,0
1427,175,0
1460,175,0
1468,175,0
1504,175,0
1509,175,0
1515,175,0
1547,175,0
1557,175,0
1580,175,0
1594,175,0
1601,175,0
1625,175,0
146,176,0
795,176,0
841,176,0
1235,176,0
1288,176,0
1296,176,0
176,1577,3
504,177,0
177,600,3
887,177,0
178,703,3
950,178,0
178,1334,3
179,344,3
1538,179,0
180,370,3
1157,180,0
180,1400,3
31,181,0
37,181,0
108,181,0
197,181,0
214,181,0
225,181,0
285,181,0
308,181,0
311,181,0
323,181,0
343,181,0
499,181,0
571,181,0
573,181,0
608,181,0
609,181,0
621,181,0
633,181,0
741,181,0
754,181,0
786,181,0
797,181,0
840,181,0
876,181,0
918,181,0
930,181,0
992,181,0
1052,181,0
1060,181,0
1108,181,0
1209,181,0
1227,181,0
1233,181,0
1276,181,0
1280,181,0
1302,181,0
1332,181,0
1354,181,0
1364,181,0
1408,181,0
1447,181,0
1451,181,0
1474,181,0
1567,181,0
1572,181,0
182,439,3
449,182,0
521,182,0
706,182,0
785,182,0
349,183,0
183,471,3
770,183,0
1079,183,0
183,1125,3
1445,183,0
1477,183,0
1555,183,0
184,342,3
434,184,0
464,184,0
678,184,0
184,695,3
185,331,3
185,394,3
820,185,0
833,185,0
1117,185,0
1149,185,0
54,186,0
57,186,0
71,186,0
212,186,0
215,186,0
229,186,0
262,186,0
304,186,0
361,186,0
379,186,0
381,186,0
186,388,3
390,186,0
403,186,0
468,186,0
480,186,0
482,186,0
499,186,0
511,186,0
607,186,0
610,186,0
620,186,0
629,186,0
643,186,0
669,186,0
706,186,0
736,186,0
758,186,0
761,186,0
790,186,0
802,186,0
810,186,0
824,186,0
831,186,0
881,186,0
913,186,0
921,186,0
924,186,0
966,186,0
981,186,0
1028,186,0
1047,186,0
1062,186,0
1088,186,0
1106,186,0
1111,186,0
1131,186,0
1147,186,0
1194,186,0
1205,186,0
1207,186,0
1225,186,0
1253,186,0
1297,186,0
1305,186,0
1332,186,0
1338,186,0
1351,186,0
1357,186,0
1370,186,0
1403,186,0
1415,186,0
1429,186,0
1441,186,0
1456,186,0
1465,186,0
1483,186,0
1486,186,0
1550,186,0
1562,186,0
1563,186,0
1577,186,0
1598,186,0
1617,186,0
1641,186,0
187,541,3
764,187,0
799,187,0
824,187,0
873,187,0
937,187,0
1257,187,0
1381,187,0
1447,187,0
1488,187,0
765,188,0
879,188,0
188,1036,3
188,1106,3
1544,188,0
245,190,0
190,274,3
288,190,0
190,392,3
190,565,3
744,190,0
951,190,0
961,190,0
1347,190,0
1596,190,0
293,191,0
405,191,0
553,191,0
625,191,0
754,191,0
806,191,0
1035,191,0
1252,191,0
1303,191,0
1516,191,0
1139,192,0
1207,192,0
2,193,0
71,193,0
100,193,0
114,193,0
118,193,0
121,193,0
202,193,0
216,193,0
243,193,0
250,193,0
254,193,0
277,193,0
282,193,0
290,193,0
292,193,0
302,193,0
304,193,0
309,193,0
324,193,0
375,193,0
376,193,0
387,193,0
389,193,0
393,193,0
415,193,0
193,428,3
429,193,0
446,193,0
474,193,0
479,193,0
481,193,0
484,193,0
503,193,0
504,193,0
529,193,0
539,193,0
545,193,0
555,193,0
562,193,0
591,193,0
612,193,0
617,193,0
619,193,0
656,193,0
663,193,0
678,193,0
726,193,0
728,193,0
731,193,0
732,193,0
754,193,0
757,193,0
765,193,0
771,193,0
774,193,0
778,193,0
792,193,0
795,193,0
813,193,0
817,193,0
821,193,0
822,193,0
849,193,0
868,193,0
871,193,0
872,193,0
877,193,0
900,193,0
906,193,0
909,193,0
913,193,0
925,193,0
933,193,0
949,193,0
969,193,0
976,193,0
988,193,0
1032,193,0
1063,193,0
1080,193,0
1088,193,0
1111,193,0
1121,193,0
1122,193,0
1130,193,0
1137,193,0
1144,193,0
1147,193,0
1154,193,0
1168,193,0
1180,193,0
1186,193,0
1191,193,0
1195,193,0
1202,193,0
1225,193,0
1229,193,0
1236,193,0
1249,193,0
1263,193,0
1275,193,0
1277,193,0
1282,193,0
1295,193,0
1297,193,0
1309,193,0
1314,193,0
1315,193,0
1319,193,0
1324,193,0
1326,193,0
1332,193,0
1351,193,0
1362,193,0
1363,193,0
1369,193,0
1404,193,0
1420,193,0
1457,193,0
1460,193,0
1464,193,0
1469,193,0
1481,193,0
1489,193,0
1490,193,0
1491,193,0
1505,193,0
1513,193,0
1535,193,0
1536,193,0
1580,193,0
1585,193,0
1600,193,0
1601,193,0
1620,193,0
1630,193,0
1632,193,0
1640,193,0
1641,193,0
35,194,0
234,194,0
238,194,0
194,552,3
776,194,0
835,194,0
854,194,0
896,194,0
194,1147,3
194,1469,3
195,366,3
195,1002,3
195,1334,3
196,1271,3
197,453,3
198,535,3
199,588,3
199,633,3
200,939,3
201,793,3
201,1396,3
201,1512,3
201,1637,3
202,274,3
202,912,3
204,896,3
204,1553,3
205,896,3
206,300,3
206,695,3
206,742,3
206,1075,3
207,383,3
207,1441,3
208,556,3
209,575,3
209,805,3
209,939,3
210,770,3
211,1166,3
213,251,3
213,1063,3
213,1542,3
214,981,3
215,1495,3
216,588,3
216,1065,3
217,273,3
217,453,3
217,1446,3
218,865,3
219,645,3
219,802,3
220,347,3
220,484,3
220,775,3
220,1354,3
221,799,3
221,1385,3
221,1623,3
222,462,3
222,866,3
222,1209,3
223,764,3
223,1077,3
223,1481,3
225,678,3
226,996,3
227,670,3
228,668,3
228,1252,3
229,1378,3
230,1312,3
231,421,3
231,599,3
231,680,3
232,512,3
232,853,3
232,1493,3
232,1641,3
233,328,3
235,488,3
235,635,3
235,917,3
236,1033,3
236,1319,3
237,825,3
237,1380,3
239,745,3
239,1409,3
239,1599,3
240,650,3
240,884,3
240,1152,3
240,1154,3
241,409,3
241,752,3
241,862,3
242,424,3
243,802,3
243,805,3
244,305,3
245,753,3
246,958,3
248,636,3
248,992,3
249,311,3
249,493,3
250,1390,3
251,543,3
251,1208,3
252,655,3
252,827,3
252,1039,3
253,1168,3
253,1317,3
253,1528,3
253,1605,3
253,1638,3
254,429,3
254,710,3
254,978,3
254,1465,3
254,1529,3
255,266,3
255,338,3
255,920,3
257,660,3
257,1095,3
258,419,3
258,452,3
258,1297,3
258,1435,3
259,1024,3
259,1127,3
260,1480,3
261,1100,3
261,1491,3
263,1456,3
265,540,3
265,866,3
265,1285,3
265,1466,3
267,1062,3
268,1580,3
269,735,3
270,1608,3
271,1620,3
273,1129,3
273,1157,3
273,1543,3
275,976,3
276,300,3
276,1014,3
277,1138,3
279,1304,3
280,344,3
281,659,3
282,963,3
282,965,3
284,448,3
284,1182,3
285,615,3
285,1276,3
285,1564,3
288,1580,3
288,1620,3
289,332,3
289,1518,3
290,688,3
293,743,3
295,1052,3
296,391,3
296,462,3
296,1532,3
300,1042,3
301,1257,3
301,1453,3
302,462,3
302,1537,3
303,1053,3
305,565,3
305,679,3
305,807,3
305,1069,3
306,1072,3
306,1333,3
307,358,3
307,989,3
309,336,3
309,513,3
310,1405,3
310,1514,3
311,502,3
311,1216,3
311,1348,3
311,1364,3
312,1129,3
312,1268,3
312,1375,3
312,1424,3
313,799,3
314,1499,3
316,1155,3
319,964,3
319,1240,3
320,758,3
322,870,3
322,983,3
322,1263,3
323,444,3
324,975,3
327,443,3
327,487,3
328,946,3
328,1199,3
329,544,3
330,1137,3
331,549,3
331,1573,3
332,611,3
332,1358,3
334,740,3
334,797,3
334,1239,3
335,388,3
335,826,3
336,649,3
336,1219,3
338,704,3
339,1244,3
339,1529,3
340,1110,3
341,1045,3
341,1323,3
342,873,3
342,1546,3
343,666,3
344,1348,3
345,521,3
345,528,3
346,420,3
346,579,3
347,456,3
347,616,3
347,821,3
347,1099,3
348,658,3
348,854,3
350,1062,3
351,503,3
352,462,3
353,621,3
353,648,3
354,1336,3
354,1402,3
354,1595,3
355,702,3
356,510,3
356,1280,3
357,875,3
357,1416,3
358,1438,3
358,1495,3
359,439,3
359,1149,3
360,994,3
361,466,3
361,1528,3
363,1120,3
363,1617,3
364,1451,3
364,1519,3
364,1574,3
367,941,3
368,1141,3
369,1258,3
370,1221,3
371,1615,3
372,554,3
372,1414,3
372,1424,3
373,511,3
374,447,3
375,710,3
375,711,3
376,383,3
376,1419,3
377,799,3
377,962,3
377,1364,3
378,417,3
378,1488,3
379,888,3
380,409,3
380,571,3
380,645,3
380,1289,3
381,408,3
381,878,3
381,946,3
382,1631,3
383,626,3
383,733,3
383,799,3
383,929,3
383,1329,3
383,1581,3
385,582,3
385,748,3
386,627,3
386,1528,3
387,458,3
390,994,3
390,1486,3
390,1570,3
391,1534,3
392,490,3
392,1162,3
393,1171,3
393,1450,3
395,852,3
395,908,3
395,1003,3
396,1320,3
397,640,3
397,1083,3
398,1194,3
400,572,3
403,680,3
403,889,3
406,769,3
406,991,3
406,1256,3
406,1356,3
411,613,3
413,924,3
414,839,3
414,1430,3
414,1475,3
415,1535,3
419,1451,3
420,556,3
421,824,3
421,1417,3
422,892,3
422,984,3
422,1128,3
423,703,3
424,617,3
424,906,3
424,1138,3
424,1519,3
425,733,3
425,1536,3
426,1219,3
427,931,3
427,997,3
427,1229,3
428,532,3
429,701,3
432,883,3
432,1054,3
433,444,3
433,594,3
434,776,3
434,1160,3
435,668,3
437,1407,3
438,1434,3
443,476,3
444,1068,3
445,783,3
445,874,3
445,1084,3
445,1486,3
448,1550,3
450,1183,3
450,1619,3
451,1362,3
452,503,3
454,681,3
454,716,3
454,1390,3
457,612,3
457,1181,3
458,918,3
458,1343,3
461,747,3
461,1417,3
463,540,3
463,808,3
463,1333,3
463,1526,3
464,831,3
464,1095,3
465,865,3
465,1575,3
466,1374,3
466,1462,3
466,1586,3
468,997,3
468,1210,3
468,1483,3
469,617,3
470,551,3
470,640,3
470,674,3
470,799,3
470,897,3
470,925,3
471,1247,3
472,1093,3
472,1100,3
473,1273,3
473,1383,3
474,600,3
475,1588,3
479,905,3
480,812,3
480,1548,3
481,968,3
483,1428,3
484,1092,3
484,1584,3
485,590,3
485,768,3
487,989,3
487,1492,3
489,601,3
489,1038,3
492,1633,3
494,980,3
494,1635,3
495,1284,3
495,1543,3
497,528,3
497,541,3
497,546,3
497,1398,3
498,610,3
501,1202,3
501,1531,3
502,603,3
503,1098,3
504,681,3
504,781,3
506,1294,3
506,1428,3
507,908,3
508,1234,3
509,757,3
509,1513,3
510,868,3
510,1551,3
511,874,3
511,1322,3
511,1561,3
512,1082,3
512,1259,3
513,631,3
513,1607,3
513,1614,3
514,1322,3
515,795,3
516,849,3
517,569,3
518,702,3
518,1017,3
518,1493,3
519,601,3
519,1129,3
523,550,3
524,773,3
524,1628,3
525,1449,3
528,1341,3
529,750,3
529,858,3
529,976,3
529,1334,3
530,588,3
531,828,3
531,1328,3
532,1233,3
532,1341,3
534,590,3
534,668,3
534,937,3
535,782,3
535,1164,3
536,576,3
536,1229,3
537,878,3
537,1194,3
537,1445,3
538,828,3
540,755,3
540,1454,3
540,1543,3
541,1531,3
542,566,3
542,853,3
544,980,3
544,1094,3
544,1479,3
545,952,3
545,1442,3
546,937,3
550,698,3
551,1514,3
552,708,3
552,1413,3
552,1478,3
552,1519,3
553,731,3
553,1182,3
553,1516,3
554,603,3
555,598,3
555,779,3
556,1172,3
556,1550,3
557,679,3
557,918,3
558,937,3
558,977,3
558,1531,3
559,677,3
559,934,3
559,1089,3
560,1248,3
561,1191,3
561,1329,3
561,1459,3
561,1493,3
561,1598,3
562,1309,3
562,1630,3
564,796,3
564,1205,3
566,818,3
567,1398,3
569,614,3
569,1177,3
569,1268,3
569,1296,3
571,818,3
572,1051,3
572,1465,3
574,977,3
575,1635,3
576,1591,3
578,681,3
579,903,3
579,1581,3
580,667,3
580,1200,3
581,1335,3
581,1594,3
582,1258,3
583,595,3
584,1264,3
585,803,3
585,942,3
585,1369,3
588,791,3
588,908,3
588,1056,3
589,1548,3
590,613,3
590,1205,3
590,1470,3
590,1510,3
591,595,3
592,1055,3
592,1244,3
596,1062,3
597,737,3
598,716,3
598,1270,3
599,1231,3
601,875,3
602,877,3
602,951,3
602,1128,3
602,1411,3
602,1483,3
602,1562,3
603,755,3
604,861,3
605,623,3
605,658,3
605,1163,3
606,842,3
606,970,3
606,1604,3
606,1621,3
607,642,3
607,716,3
607,1290,3
608,1032,3
608,1628,3
609,1413,3
611,1038,3
611,1511,3
612,985,3
612,1485,3
612,1527,3
613,1106,3
613,1193,3
614,1423,3
614,1517,3
615,838,3
616,680,3
616,1576,3
618,1612,3
618,1635,3
619,1286,3
621,786,3
621,937,3
622,774,3
626,718,3
627,1477,3
627,1511,3
628,1244,3
629,1492,3
631,678,3
631,1226,3
632,779,3
632,1021,3
633,1159,3
634,941,3
634,1467,3
634,1516,3
635,787,3
635,1385,3
636,771,3
636,999,3
639,847,3
640,1105,3
641,1440,3
642,1541,3
643,1455,3
644,1253,3
644,1539,3
645,1323,3
646,830,3
646,1452,3
647,664,3
649,1032,3
650,651,3
651,700,3
651,792,3
651,875,3
651,1013,3
653,945,3
653,1103,3
656,1442,3
658,1322,3
659,1105,3
660,703,3
661,963,3
661,1217,3
664,1222,3
665,1292,3
665,1539,3
665,1616,3
667,1394,3
667,1541,3
668,750,3
668,762,3
668,1336,3
669,1604,3
671,1611,3
672,687,3
672,718,3
673,1052,3
674,1605,3
676,961,3
677,890,3
677,1106,3
678,1642,3
679,1040,3
679,1303,3
680,1193,3
681,1006,3
681,1074,3
681,1519,3
682,1163,3
682,1260,3
682,1441,3
682,1641,3
683,1085,3
686,1045,3
687,1088,3
687,1355,3
688,1197,3
688,1221,3
689,841,3
689,1518,3
690,715,3
690,1208,3
690,1563,3
690,1607,3
694,890,3
695,902,3
695,1568,3
697,1262,3
698,910,3
699,889,3
700,1524,3
701,939,3
701,1570,3
703,737,3
703,757,3
703,1065,3
703,1500,3
703,1544,3
703,1614,3
705,786,3
705,1135,3
705,1139,3
706,1407,3
707,1077,3
709,1261,3
713,739,3
714,790,3
714,1056,3
714,1423,3
715,1022,3
716,729,3
716,904,3
717,1428,3
717,1450,3
718,1218,3
718,1385,3
721,1017,3
721,1335,3
723,725,3
723,1070,3
724,1335,3
725,1425,3
726,1073,3
726,1098,3
726,1314,3
727,1472,3
728,1340,3
728,1416,3
729,1496,3
730,1221,3
731,1140,3
732,769,3
732,1099,3
733,1593,3
734,933,3
734,1163,3
734,1197,3
735,849,3
735,894,3
735,1130,3
735,1183,3
736,863,3
736,1141,3
736,1490,3
737,1361,3
739,983,3
739,1050,3
739,1483,3
740,1048,3
740,1630,3
741,1211,3
741,1472,3
743,826,3
743,914,3
743,1131,3
743,1382,3
743,1479,3
743,1498,3
744,1219,3
745,1464,3
746,1427,3
748,1011,3
748,1375,3
749,1306,3
749,1381,3
749,1426,3
750,950,3
750,1530,3
753,1055,3
753,1434,3
757,889,3
757,1161,3
757,1272,3
758,1221,3
758,1319,3
758,1438,3
759,819,3
760,1195,3
761,928,3
762,815,3
762,1403,3
764,848,3
766,1109,3
767,1521,3
768,1593,3
769,1394,3
771,960,3
774,956,3
774,1246,3
774,1587,3
775,1356,3
776,1622,3
777,840,3
777,931,3
780,1375,3
780,1627,3
781,1381,3
785,1024,3
785,1183,3
785,1286,3
786,972,3
787,997,3
788,862,3
788,917,3
788,1232,3
789,1551,3
791,1428,3
791,1550,3
794,1603,3
795,1124,3
795,1591,3
797,1077,3
798,1199,3
800,1154,3
802,806,3
802,1021,3
803,1189,3
804,1414,3
805,834,3
805,1017,3
806,1375,3
812,1075,3
812,1397,3
813,1432,3
814,1066,3
816,1543,3
818,1480,3
818,1640,3
819,1092,3
822,1555,3
823,993,3
823,1297,3
824,931,3
824,1404,3
825,1117,3
826,1147,3
828,1220,3
829,1548,3
831,914,3
831,982,3
834,858,3
834,1081,3
834,1447,3
835,1516,3
836,1314,3
837,1415,3
837,1482,3
838,1046,3
840,960,3
844,1569,3
845,1016,3
845,1033,3
845,1439,3
846,1062,3
846,1077,3
847,1105,3
848,1253,3
848,1468,3
850,1578,3
853,1234,3
853,1240,3
854,1605,3
855,1186,3
856,1332,3
856,1620,3
857,1233,3
858,1171,3
858,1367,3
859,1074,3
861,1390,3
863,866,3
863,1103,3
863,1150,3
863,1289,3
864,1286,3
866,964,3
866,1037,3
874,1010,3
875,1031,3
875,1634,3
880,1419,3
880,1466,3
882,1609,3
883,976,3
884,1213,3
886,1362,3
887,1283,3
888,991,3
890,1583,3
891,961,3
891,968,3
892,1346,3
892,1505,3
894,1106,3
894,1202,3
895,963,3
896,1535,3
896,1636,3
899,1085,3
901,1119,3
902,1603,3
905,1031,3
905,1194,3
905,1219,3
906,1024,3
906,1585,3
908,1317,3
909,1481,3
911,1250,3
914,1469,3
916,1276,3
916,1536,3
917,1570,3
918,1369,3
919,1159,3
921,1150,3
922,1183,3
925,1000,3
926,974,3
926,1330,3
927,1284,3
929,1139,3
930,1189,3
932,1524,3
933,1274,3
933,1396,3
933,1564,3
936,1358,3
938,1516,3
939,1017,3
940,1602,3
941,947,3
941,1080,3
941,1341,3
944,1141,3
944,1584,3
945,1080,3
946,1286,3
946,1310,3
947,1184,3
947,1245,3
948,1449,3
949,1616,3
950,1248,3
951,995,3
951,1215,3
951,1294,3
952,1299,3
955,1307,3
956,1563,3
957,1089,3
960,1019,3
960,1356,3
962,1138,3
962,1584,3
963,1122,3
967,1186,3
968,1433,3
969,1155,3
969,1263,3
971,1268,3
971,1551,3
973,1600,3
974,1379,3
974,1551,3
975,1058,3
976,1637,3
978,1494,3
978,1551,3
979,1433,3
979,1447,3
979,1608,3
980,1455,3
981,1426,3
983,1184,3
984,1178,3
985,1220,3
986,1033,3
988,1368,3
990,1092,3
991,1562,3
992,1402,3
994,1300,3
994,1474,3
997,1203,3
997,1436,3
998,1514,3
998,1524,3
999,1006,3
999,1372,3
1003,1564,3
1004,1351,3
1005,1138,3
1006,1329,3
1007,1510,3
1008,1167,3
1009,1185,3
1009,1463,3
1010,1147,3
1010,1284,3
1010,1568,3
1012,1327,3
1013,1141,3
1013,1498,3
1014,1568,3
1020,1260,3
1021,1093,3
1021,1140,3
1024,1418,3
1024,1524,3
1028,1533,3
1029,1451,3
1029,1621,3
1033,1058,3
1036,1392,3
1039,1248,3
1040,1625,3
1041,1095,3
1043,1438,3
1044,1566,3
1046,1234,3
1047,1297,3
1050,1541,3
1052,1387,3
1054,1413,3
1055,1122,3
1056,1154,3
1056,1269,3
1056,1624,3
1057,1563,3
1059,1083,3
1059,1436,3
1059,1464,3
1062,1076,3
1063,1557,3
1065,1607,3
1066,1610,3
1067,1350,3
1067,1610,3
1070,1224,3
1072,1314,3
1072,1331,3
1077,1242,3
1079,1630,3
1082,1463,3
1083,1347,3
1083,1373,3
1083,1563,3
1084,1518,3
1089,1123,3
1089,1354,3
1092,1299,3
1095,1289,3
1096,1169,3
1096,1386,3
1097,1243,3
1098,1108,3
1099,1624,3
1100,1237,3
1105,1254,3
1105,1499,3
1105,1629,3
1106,1629,3
1108,1613,3
1110,1239,3
1110,1575,3
1112,1384,3
1114,1447,3
1116,1326,3
1118,1631,3
1119,1466,3
1120,1603,3
1121,1233,3
1121,1279,3
1121,1431,3
1121,1610,3
1124,1336,3
1124,1360,3
1124,1584,3
1127,1516,3
1128,1496,3
1131,1388,3
1132,1203,3
1132,1271,3
1135,1385,3
1142,1466,3
1142,1526,3
1144,1385,3
1145,1491,3
1147,1395,3
1147,1500,3
1149,1623,3
1150,1459,3
1152,1500,3
1152,1527,3
1154,1504,3
1158,1358,3
1160,1606,3
1162,1615,3
1166,1234,3
1172,1353,3
1174,1215,3
1176,1630,3
1182,1393,3
1183,1285,3
1184,1606,3
1186,1207,3
1189,1229,3
1189,1256,3
1191,1389,3
1191,1400,3
1191,1457,3
1191,1610,3
1192,1426,3
1196,1622,3
1199,1438,3
1202,1321,3
1202,1355,3
1207,1510,3
1208,1263,3
1208,1459,3
1212,1251,3
1213,1299,3
1214,1472,3
1215,1484,3
1216,1307,3
1217,1539,3
1219,1440,3
1220,1332,3
1221,1296,3
1221,1581,3
1224,1323,3
1225,1559,3
1228,1431,3
1230,1601,3
1232,1271,3
1233,1433,3
1236,1243,3
1243,1613,3
1244,1623,3
1249,1348,3
1250,1423,3
1251,1351,3
1251,1493,3
1251,1583,3
1255,1265,3
1256,1552,3
1256,1592,3
1262,1507,3
1263,1504,3
1263,1533,3
1266,1378,3
1267,1326,3
1272,1483,3
1272,1629,3
1274,1368,3
1274,1600,3
1278,1504,3
1283,1573,3
1284,1300,3
1285,1446,3
1286,1299,3
1286,1334,3
1286,1355,3
1296,1559,3
1300,1437,3
1306,1605,3
1309,1334,3
1311,1564,3
1312,1331,3
1312,1557,3
1313,1488,3
1316,1623,3
1318,1636,3
1319,1386,3
1319,1402,3
1321,1398,3
1321,1400,3
1321,1525,3
1322,1538,3
1324,1606,3
1325,1364,3
1328,1461,3
1329,1407,3
1330,1522,3
1331,1560,3
1350,1555,3
1351,1422,3
1352,1494,3
1352,1506,3
1352,1609,3
1353,1366,3
1354,1571,3
1357,1448,3
1359,1574,3
1360,1451,3
1361,1562,3
1363,1374,3
1363,1429,3
1364,1452,3
1366,1467,3
1372,1451,3
1377,1394,3
1377,1486,3
1385,1461,3
1385,1528,3
1388,1488,3
1391,1576,3
1393,1533,3
1395,1509,3
1397,1622,3
1410,1569,3
1416,1609,3
1417,1620,3
1421,1475,3
1430,1599,3
1431,1603,3
1435,1553,3
1453,1585,3
1466,1629,3
1470,1597,3
1474,1532,3
1475,1642,3
1481,1500,3
1488,1571,3
1494,1573,3
1500,1515,3
1519,1601,3
1525,1630,3
1533,1596,3
1537,1545,3
1544,1547,3
1555,1581,3
1564,1595,3
1565,1596,3
1567,1573,3
1568,1605,3
1581,1591,3
1586,1597,3
1609,1634,3
