0,2105,0
2,64,1
2,654,1
2,720,1
2,781,1
2,828,0
2,833,1
2,1026,1
1587,2,0
2,1950,1
2,2055,1
2,2095,1
2222,2,0
2,2244,1
2,2291,1
2310,2,0
2,2317,1
2,2319,1
2,2320,1
2,2376,1
2,2384,1
2,2393,1
2,2401,1
2409,2,0
2,2428,1
3,1596,0
4,1398,0
4,1585,0
4,2466,0
6,650,0
6,936,0
7,486,0
7,2199,0
8,1674,0
10,1065,0
10,1622,0
10,2174,0
10,2176,0
11,2247,0
2425,12,0
13,29,1
13,203,1
221,13,0
250,13,0
13,251,1
305,13,0
13,339,1
13,341,1
386,13,0
408,13,0
13,426,1
13,448,1
13,452,1
13,459,1
13,563,1
13,599,1
13,628,1
13,634,1
13,654,1
13,656,1
661,13,0
13,664,1
13,690,1
13,706,1
800,13,0
13,819,1
13,857,1
13,935,1
13,939,1
951,13,0
13,1048,1
13,1072,1
13,1143,1
1265,13,0
1307,13,0
13,1318,1
13,1322,1
13,1384,0
13,1425,1
13,1458,1
13,1488,1
13,1489,1
13,1510,1
1529,13,0
13,1530,1
1576,13,0
13,1602,1
13,1612,1
13,1712,1
13,1836,1
1879,13,0
13,1921,1
13,1925,1
13,1938,1
13,1964,1
13,1993,1
13,2182,0
2183,13,0
2203,13,0
13,2342,1
13,2425,1
13,2462,1
15,1792,0
15,2013,0
16,818,0
16,2007,0
16,2440,0
18,844,0
18,1926,0
18,2084,0
21,192,0
21,209,0
21,971,0
21,1897,0
22,1044,0
22,1105,0
23,423,0
23,756,0
23,766,0
23,2065,0
24,434,0
24,1768,0
25,1352,0
25,1398,0
26,1263,0
26,1504,0
26,1792,0
27,1184,0
27,2357,0
28,486,0
28,1051,0
28,1076,0
28,1952,0
28,1955,0
554,30,0
30,571,1
30,640,1
30,654,0
30,813,1
881,30,0
30,1246,1
30,1277,1
30,1341,0
30,1605,0
1696,30,0
30,1996,1
30,2426,1
31,63,1
31,205,0
31,215,1
31,326,1
470,31,0
31,635,1
638,31,0
31,687,1
31,833,1
31,1298,1
1820,31,0
31,2081,1
32,2376,0
33,2471,0
34,414,1
512,34,0
34,653,1
34,1558,0
1994,34,0
35,1580,0
583,36,0
629,36,0
36,1308,0
36,1399,0
36,1672,0
2076,36,0
37,674,0
37,1138,0
37,1507,0
37,1919,0
37,2266,0
38,306,0
38,620,0
39,154,0
939,39,0
39,1068,0
39,1103,1
39,1214,0
39,2059,0
39,2129,0
40,87,0
40,942,0
40,1175,0
40,1725,0
41,2231,0
42,234,1
42,652,0
42,1361,1
42,2447,1
43,1891,0
44,1122,0
44,2115,0
44,2185,0
45,164,0
45,1024,0
45,1236,0
46,65,0
46,1258,0
47,59,1
47,105,1
124,47,0
142,47,0
47,168,1
313,47,0
47,340,1
47,359,1
47,394,1
47,620,1
47,690,1
743,47,0
47,781,1
47,814,1
47,899,1
47,939,1
1145,47,0
47,1150,1
1182,47,0
47,1185,1
47,1239,1
47,1404,1
1450,47,0
47,1459,1
1585,47,0
1664,47,0
1682,47,0
1831,47,0
1992,47,0
47,2014,1
2145,47,0
47,2245,1
47,2276,1
47,2358,1
48,756,0
48,1216,0
49,1709,0
49,2403,0
16,50,0
50,46,1
50,75,1
50,209,1
212,50,0
50,619,1
50,690,1
50,815,1
50,950,1
1081,50,0
50,1381,1
50,1525,1
50,1674,1
1793,50,0
1863,50,0
1905,50,0
50,1955,1
2166,50,0
50,2426,1
51,1691,0
52,55,0
52,471,0
52,565,0
52,976,0
53,635,1
53,2204,0
54,871,0
54,1196,1
54,1705,0
54,1830,0
56,376,0
56,484,0
56,1978,0
57,273,1
57,1115,0
57,2226,0
58,983,0
58,1921,0
60,88,1
60,195,1
60,215,1
60,269,1
60,304,1
326,60,0
60,433,1
60,519,1
60,563,1
60,620,1
60,709,1
1591,60,0
60,1771,1
60,2158,0
61,1139,0
62,878,0
63,81,1
99,63,0
63,152,1
63,322,0
63,412,1
429,63,0
63,585,1
63,621,1
659,63,0
63,891,1
63,1236,0
63,1514,1
63,1683,1
2331,63,0
64,551,0
66,423,0
66,548,0
67,505,0
8,68,0
68,146,1
68,236,1
68,392,1
68,412,1
429,68,0
68,452,1
68,560,1
635,68,0
68,663,1
68,725,1
939,68,0
1167,68,0
68,1215,1
68,1326,1
1375,68,0
68,1483,1
68,1505,1
1568,68,0
1620,68,0
68,1628,1
68,1688,1
68,1741,1
68,1803,1
68,1990,1
2087,68,0
68,2093,1
2240,68,0
68,2357,1
70,1435,0
71,2086,0
72,1280,1
72,1390,0
74,1057,0
75,1587,0
75,1831,0
75,1844,0
75,2334,0
76,160,1
76,206,0
76,429,0
76,556,0
76,586,1
76,864,1
76,1882,1
76,2394,0
77,328,0
77,804,0
77,1982,0
77,2307,0
78,204,1
78,635,1
78,1026,0
1128,78,0
78,1176,1
1582,78,0
78,1717,1
78,1940,1
79,537,0
79,602,0
79,1997,0
79,2217,0
80,1492,0
80,2249,0
81,1456,0
81,2329,0
82,1217,0
82,1991,1
83,699,0
83,1533,0
84,1077,0
1792,84,0
85,1121,0
85,2242,1
86,563,1
87,782,0
87,1916,0
88,1545,0
89,255,0
89,329,1
89,985,1
1388,89,0
89,1425,1
89,1538,0
89,2144,1
90,2270,0
92,756,0
92,970,0
92,1710,0
93,1400,0
93,1646,0
94,1699,0
95,1924,0
96,1781,0
97,1533,0
97,1554,0
97,2167,0
100,995,0
100,1118,0
100,1597,0
103,635,0
103,1500,0
103,1567,0
103,2240,1
104,1331,0
105,1056,0
106,539,0
106,1943,0
106,1997,0
107,1157,0
107,2021,0
8,108,0
108,181,1
108,340,1
108,377,0
108,481,1
108,619,1
877,108,0
1234,108,0
108,1311,1
108,1406,1
1427,108,0
108,1622,1
1697,108,0
108,1715,0
108,1770,1
1933,108,0
108,1955,1
109,982,0
111,656,0
725,111,0
111,1274,1
111,1750,0
112,1484,0
112,1861,0
113,462,0
113,813,0
113,967,0
113,2028,0
114,1843,0
114,2000,0
114,2374,0
115,710,0
47,116,0
625,116,0
116,820,0
116,1147,1
1344,116,0
116,2115,1
117,311,0
118,29,1
529,118,0
118,543,0
118,646,1
118,700,1
118,732,1
118,780,1
959,118,0
118,1196,1
118,1468,1
118,1573,1
1824,118,0
1828,118,0
118,1830,1
118,1847,1
118,1937,0
118,2198,1
118,2412,1
119,334,0
119,1733,0
119,2210,0
120,290,0
120,2149,1
120,2199,0
120,2414,0
399,121,0
121,554,0
121,1222,0
121,1939,1
121,2156,0
122,935,0
122,1371,0
123,170,0
123,1571,0
123,2243,0
124,195,0
124,855,0
124,1432,0
1614,124,0
127,433,0
127,1399,0
128,284,0
128,1850,0
128,1919,0
129,201,0
129,246,0
1171,130,0
130,1199,0
130,1983,1
130,2058,1
131,555,0
132,933,1
132,2213,1
133,255,0
133,767,0
133,1710,0
133,2076,0
134,2352,0
135,1274,0
1691,135,0
135,1926,1
136,255,0
137,102,1
137,244,0
137,427,1
137,432,1
137,624,1
137,628,1
137,634,1
635,137,0
137,737,1
137,810,0
864,137,0
900,137,0
137,935,1
137,963,1
137,1072,1
137,1094,1
1351,137,0
1383,137,0
137,1415,1
137,1416,1
137,1441,1
137,1466,1
137,1488,1
137,1601,1
1724,137,0
1783,137,0
137,1868,1
1912,137,0
137,1921,1
1965,137,0
137,2015,1
2053,137,0
2293,137,0
137,2342,1
2426,137,0
137,2462,1
138,1014,0
139,1353,0
139,1824,0
140,181,1
340,140,0
140,399,1
140,777,1
939,140,0
140,1047,1
1062,140,0
140,1285,1
1761,140,0
141,1226,0
141,1343,0
142,379,0
143,931,0
143,1107,0
144,547,0
144,2191,0
145,447,0
145,2067,0
145,2381,0
146,2231,0
147,1170,1
148,1676,0
33,149,0
79,149,0
149,273,1
149,1736,0
150,365,0
150,997,1
150,2463,0
151,64,1
151,313,0
151,336,0
151,1478,0
2055,151,0
151,2222,1
151,2319,1
151,2384,1
2393,151,0
151,2401,1
151,2409,1
153,153,1
153,659,1
153,695,1
153,958,0
153,1132,1
153,1200,1
153,1576,0
2436,153,0
154,294,0
154,814,0
154,939,1
154,1186,0
154,1607,1
154,1932,0
154,2432,0
155,1742,0
155,2197,0
156,615,0
156,700,1
1824,156,0
156,2032,0
156,2281,0
157,483,0
157,1401,0
157,2164,0
158,573,0
158,1544,0
159,509,1
159,1537,0
159,2127,0
161,1750,0
162,667,0
706,162,0
162,1660,0
162,1838,1
163,1120,0
163,2252,0
163,2371,0
164,66,1
164,80,1
164,99,1
123,164,0
158,164,0
164,293,1
164,397,1
164,435,1
164,554,1
164,680,1
769,164,0
164,802,1
164,929,1
164,1126,1
164,1142,1
164,1182,0
1183,164,0
164,1234,1
1316,164,0
164,1391,1
164,1404,1
1945,164,0
164,2019,1
164,2091,1
165,628,0
165,1997,0
64,166,0
166,189,0
166,654,1
166,833,1
166,1112,0
2055,166,0
2222,166,0
166,2244,1
166,2291,1
166,2310,1
2317,166,0
166,2376,1
166,2401,1
167,1625,0
168,492,0
168,1419,0
169,260,0
320,169,0
169,377,1
169,413,1
169,449,1
169,457,1
603,169,0
169,707,1
718,169,0
169,779,1
840,169,0
169,850,1
169,870,1
169,908,1
959,169,0
1024,169,0
1114,169,0
1209,169,0
169,1297,1
169,1463,1
1580,169,0
169,1591,1
169,1612,1
1636,169,0
169,1646,1
1723,169,0
1845,169,0
169,1857,1
169,1868,1
169,1874,1
169,1999,1
169,2059,1
169,2093,1
2172,169,0
169,2381,1
169,2436,0
170,293,1
171,1944,0
172,1159,1
173,29,1
173,91,1
173,434,1
173,635,1
173,1315,1
173,1337,0
1354,173,0
173,1629,1
173,1700,1
173,2148,0
173,2338,1
2371,173,0
174,931,0
174,1528,0
175,47,1
175,469,0
175,1443,0
175,2424,0
176,409,0
178,150,1
178,181,1
178,213,1
178,273,1
777,178,0
827,178,0
939,178,0
178,943,1
178,1205,1
178,1427,1
1566,178,0
1626,178,0
178,2029,1
2128,178,0
2362,178,0
179,1163,0
180,836,0
181,564,1
671,181,0
181,997,1
181,1759,1
181,1761,1
181,1795,1
2086,181,0
182,208,0
182,386,0
182,480,0
182,794,0
182,1923,0
183,430,1
183,1475,0
183,2065,0
184,192,1
184,269,1
184,939,1
184,1208,0
184,1866,0
185,199,1
185,725,1
185,1149,0
185,1414,1
1568,185,0
185,1691,1
185,1773,1
1810,185,0
2035,185,0
185,2145,1
185,2229,0
466,186,0
467,186,0
186,468,1
186,506,0
186,619,1
186,646,1
700,186,0
186,985,0
186,1196,1
186,1205,1
186,1404,1
1824,186,0
186,2098,0
186,2249,0
187,1888,0
187,2321,0
187,2323,0
188,644,0
673,188,0
674,188,0
188,766,0
188,982,1
188,994,1
188,1121,1
188,1258,1
188,1987,0
188,2186,1
188,2371,0
188,2383,0
189,240,0
190,844,0
190,1034,0
190,1700,0
191,441,0
191,1958,0
192,1012,0
192,1610,0
192,2165,0
192,2326,0
194,809,0
195,757,0
195,1106,0
196,1542,0
197,733,0
197,2147,0
197,2420,0
198,99,1
198,194,1
198,304,1
198,519,1
546,198,0
198,797,1
198,845,1
911,198,0
198,939,1
198,1979,1
198,2098,1
198,2331,1
199,742,0
199,1865,0
200,479,1
200,480,0
200,745,0
200,782,0
202,300,1
202,330,0
202,605,1
202,1086,1
202,1239,1
202,1482,0
202,1503,1
2075,202,0
202,2224,1
202,2308,1
202,2309,1
202,2324,1
204,80,1
234,204,0
204,364,1
553,204,0
204,598,0
636,204,0
204,804,0
204,921,1
204,935,1
1040,204,0
204,1071,1
204,1081,1
204,1360,0
204,1387,1
204,1837,1
1852,204,0
204,1913,1
204,2161,1
204,2448,0
204,2470,1
213,205,0
205,214,1
205,242,1
205,268,1
205,274,1
205,342,1
205,361,1
205,584,1
205,625,1
205,660,1
205,673,1
205,674,1
205,706,1
205,707,1
205,783,1
205,814,1
205,878,1
908,205,0
205,994,1
205,1176,1
1205,205,0
205,1229,1
205,1259,1
205,1567,1
1661,205,0
205,1664,1
205,1695,1
1838,205,0
205,1847,1
1941,205,0
205,1969,0
205,2057,1
206,2144,0
207,287,0
207,1563,0
208,1549,0
208,1946,0
208,2086,0
208,2280,0
209,1080,0
209,1641,0
304,211,0
758,211,0
211,939,1
211,1208,1
211,2240,1
212,1491,0
213,616,0
213,2178,0
213,2365,0
214,274,1
214,361,1
214,670,0
706,214,0
214,707,1
214,1299,1
214,1805,0
214,1838,1
214,2104,1
214,2115,1
214,2174,1
6,215,0
215,80,1
141,215,0
215,215,1
215,225,1
215,294,1
215,419,1
473,215,0
215,555,1
215,569,1
215,596,1
215,649,1
652,215,0
677,215,0
215,724,1
215,752,1
789,215,0
804,215,0
215,877,1
215,947,1
953,215,0
969,215,0
1136,215,0
1145,215,0
1155,215,0
215,1188,1
215,1191,0
215,1337,0
215,1366,1
1502,215,0
215,1512,1
215,1518,1
215,1563,1
215,1620,1
215,1685,1
215,1855,1
215,2109,1
215,2140,1
215,2159,1
215,2197,1
215,2344,1
2368,215,0
216,95,1
216,190,1
216,371,0
216,725,1
1181,216,0
1316,216,0
216,1377,1
216,1672,1
216,1702,1
1969,216,0
216,2052,1
216,2202,1
216,2215,1
2277,216,0
217,63,1
215,217,0
326,217,0
470,217,0
217,638,1
833,217,0
217,1663,0
1820,217,0
217,2081,1
1131,218,0
1404,218,0
218,1442,0
218,1799,0
219,350,0
219,1009,0
220,1547,0
220,1591,0
220,2242,0
221,1197,0
221,1215,1
221,1580,0
223,616,0
223,1350,0
224,237,0
224,611,0
227,11,1
227,47,1
227,452,1
227,718,1
227,823,1
227,1182,1
1352,227,0
1999,227,0
227,2113,0
227,2115,1
227,2239,1
227,2435,1
228,385,0
229,667,0
1311,229,0
232,2235,0
233,425,0
233,457,0
233,995,0
235,297,0
235,1071,0
235,1115,0
236,565,0
236,749,0
236,1102,0
236,1584,0
236,1852,0
237,2228,0
238,316,0
238,1217,0
239,239,1
239,719,0
239,1038,0
240,667,0
240,1112,0
240,1490,0
1568,240,0
241,17,1
29,241,0
74,241,0
79,241,0
241,81,1
241,127,1
241,213,1
235,241,0
241,277,1
241,328,1
241,399,1
241,413,1
241,422,1
241,439,1
241,455,1
508,241,0
546,241,0
241,625,1
241,638,1
241,785,1
822,241,0
241,833,1
241,993,1
241,1066,1
1068,241,0
241,1079,0
1147,241,0
1148,241,0
1196,241,0
1216,241,0
241,1250,1
1635,241,0
241,1684,1
241,1695,1
1801,241,0
1913,241,0
241,1925,1
1947,241,0
1978,241,0
241,1990,1
2080,241,0
241,2209,1
241,2256,1
241,2380,1
242,1217,0
243,858,0
243,1051,0
244,1428,0
244,2017,0
244,2197,0
245,1030,0
245,1760,0
245,2302,0
247,1142,1
247,1425,1
1834,247,0
247,1959,1
248,570,0
248,750,0
248,1640,0
249,434,0
250,238,1
250,619,1
758,250,0
250,1142,1
1955,250,0
252,304,1
252,438,0
252,939,1
252,1182,1
252,1690,0
252,2053,0
252,2076,0
252,2472,0
253,519,1
253,939,1
253,1691,1
254,569,0
254,1789,0
1972,254,0
255,752,0
255,880,0
255,2231,0
256,490,0
256,1159,1
256,1474,0
256,1476,0
257,295,0
257,655,0
257,1464,0
257,2229,0
258,1347,0
259,1512,0
259,1835,0
259,1988,0
259,2030,0
261,661,0
261,1240,0
261,1325,0
1772,261,0
261,2142,0
262,970,0
262,1887,0
263,937,0
263,1327,1
263,2312,0
216,264,0
264,600,0
264,656,0
264,1138,1
264,1435,1
265,915,0
265,2106,0
47,266,0
266,1215,1
1389,266,0
2284,266,0
267,1159,0
267,1237,0
267,2307,0
268,1199,0
269,309,0
269,1864,0
269,2207,0
270,631,0
270,2112,0
270,2182,0
63,271,0
271,326,1
271,464,0
271,635,1
638,271,0
271,669,1
271,687,1
1215,271,0
271,1230,1
271,1820,1
271,1994,0
271,2035,1
271,2183,1
272,2354,0
273,911,0
918,273,0
997,273,0
273,1759,1
1795,273,0
273,2342,1
274,277,0
753,274,0
274,754,1
116,275,0
275,200,1
213,275,0
275,340,1
275,855,1
864,275,0
275,947,1
275,1205,1
275,1209,0
275,1316,1
275,1620,1
1789,275,0
275,1921,1
276,889,0
276,2437,0
277,494,0
277,726,0
277,906,0
278,1111,0
278,2074,1
279,1845,0
279,1846,0
280,250,1
280,281,0
280,1191,0
280,2111,0
281,1365,0
281,2020,0
281,2107,0
282,1707,0
283,2193,0
22,284,0
284,222,1
289,284,0
365,284,0
423,284,0
497,284,0
284,670,1
284,743,1
284,1082,1
284,1271,1
284,1399,1
284,1570,1
284,1689,1
284,2015,1
284,2017,1
2064,284,0
284,2079,1
284,2117,1
284,2392,1
2434,284,0
285,960,0
285,1535,0
286,306,0
21,288,0
288,347,1
288,533,0
595,288,0
288,597,1
288,604,1
288,648,1
814,288,0
288,939,1
288,979,1
288,1009,1
288,1048,1
1073,288,0
288,1074,1
288,1215,1
288,1419,1
288,1587,0
1641,288,0
288,1794,1
288,1902,1
288,1903,1
288,1904,1
288,1906,1
1908,288,0
288,1909,1
288,1921,1
288,1975,1
288,2170,1
288,2171,1
288,2176,1
288,2178,1
2185,288,0
2248,288,0
288,2252,1
288,2336,1
2337,288,0
289,1939,0
291,2205,1
291,2346,1
293,1555,0
294,1242,0
294,1715,0
295,1821,0
296,803,0
296,925,0
297,791,0
297,1889,0
298,216,1
1435,298,0
298,1691,1
299,818,0
299,2345,0
301,1394,0
302,929,0
302,974,0
303,604,0
303,1898,0
304,383,0
305,2145,0
307,843,0
307,1707,0
307,2257,0
308,324,0
700,308,0
308,2339,0
309,1236,0
309,2252,0
340,310,0
617,310,0
310,1345,1
310,1349,1
310,2386,1
311,852,0
311,1717,0
313,1773,0
315,717,0
317,418,0
318,1142,0
319,816,0
319,1994,0
320,477,0
321,472,0
321,999,0
321,1233,0
1427,321,0
321,1993,1
321,2254,0
321,2444,1
322,1276,0
323,394,0
323,1113,0
323,1609,0
324,1121,0
1182,324,0
324,1359,0
324,1596,0
324,1992,1
325,2017,0
327,1377,0
328,807,0
328,1779,0
328,2070,0
329,1101,0
939,330,0
330,1140,0
1182,330,0
330,1528,1
330,1742,1
330,2369,0
331,675,0
332,1904,0
332,2208,0
333,1189,0
335,782,0
335,907,0
335,1107,0
336,382,0
336,2113,0
336,2359,0
337,526,0
338,1076,0
338,2468,0
339,1020,0
21,340,0
340,197,1
260,340,0
340,347,1
340,484,1
340,505,1
561,340,0
340,604,1
648,340,0
669,340,0
690,340,0
340,730,1
740,340,0
814,340,0
939,340,0
996,340,0
340,1005,1
340,1009,1
340,1065,1
340,1074,1
340,1239,1
1293,340,0
1311,340,0
340,1315,1
340,1329,0
340,1389,1
1395,340,0
340,1416,1
340,1419,1
1436,340,0
1575,340,0
340,1585,1
340,1641,1
340,1743,1
340,1768,1
340,1794,1
340,1802,1
340,1834,1
1891,340,0
340,1899,1
340,1902,1
1903,340,0
1904,340,0
1905,340,0
340,1906,1
340,1908,1
340,1909,1
1921,340,0
340,1975,1
340,2074,1
340,2102,1
2170,340,0
340,2171,1
340,2176,1
340,2185,1
340,2190,1
340,2216,0
2226,340,0
340,2252,1
340,2258,1
340,2336,1
340,2337,1
340,2399,0
340,2419,1
2454,340,0
341,996,0
341,1666,0
341,1794,0
342,1480,0
343,169,1
343,449,1
1215,343,0
343,1241,0
344,1620,0
345,396,0
345,1243,0
345,1718,0
346,2373,0
348,947,0
348,1992,0
349,1095,0
349,1772,0
350,1117,0
351,1028,0
351,1512,0
688,352,0
352,763,0
807,352,0
352,2182,0
353,1215,0
353,1589,0
353,1983,0
354,1151,0
355,718,0
355,1408,0
355,1763,0
356,1574,0
535,357,0
357,625,1
809,357,0
855,357,0
357,875,1
1389,357,0
357,1519,0
1577,357,0
357,1589,1
357,1758,0
357,1868,1
357,2051,0
357,2137,1
357,2209,0
2302,357,0
357,2432,0
357,2458,1
358,703,0
359,0,1
359,8,1
30,359,0
99,359,0
293,359,0
359,328,1
399,359,0
359,412,1
483,359,0
359,565,1
359,847,1
359,877,1
359,925,1
939,359,0
359,1017,1
359,1085,1
1163,359,0
359,1184,1
1215,359,0
359,1351,1
359,1451,1
1517,359,0
1519,359,0
359,1548,1
359,1562,1
359,1705,1
1729,359,0
359,2051,1
2074,359,0
2134,359,0
359,2233,1
359,2360,1
360,1402,0
360,2345,0
361,753,1
304,362,0
362,718,1
362,833,1
362,852,0
362,939,1
1219,362,0
362,1356,0
362,1921,1
362,2035,1
362,2119,1
363,366,0
364,368,0
307,366,0
366,601,1
366,1328,1
366,1691,1
367,522,0
367,1782,0
368,833,0
369,435,0
369,982,0
369,2157,0
369,2269,0
370,1535,0
370,2363,0
370,2394,0
371,1856,0
372,81,1
372,386,0
372,1360,0
373,1904,0
374,1504,0
376,521,0
376,668,0
376,1920,0
376,1998,0
377,29,1
45,377,0
377,213,1
377,273,1
377,307,1
377,323,1
377,412,1
377,427,1
429,377,0
635,377,0
377,646,1
377,690,1
377,700,1
377,732,1
377,780,1
377,870,1
907,377,0
377,939,1
959,377,0
377,1176,1
377,1196,1
1468,377,0
1573,377,0
1724,377,0
377,1824,1
377,1828,1
377,1868,1
1921,377,0
1965,377,0
377,2035,1
2198,377,0
377,2412,1
379,430,0
379,1668,1
381,1739,1
381,1740,0
381,1796,0
1850,381,0
381,2091,0
381,2183,1
381,2316,1
381,2440,1
381,2443,0
382,632,0
382,1662,0
384,105,1
384,322,1
384,340,1
384,728,0
878,384,0
384,1144,0
384,1478,0
384,1971,0
2422,384,0
385,689,0
385,1095,0
385,1114,0
385,1122,0
385,2090,0
386,679,0
386,1145,0
386,1833,0
386,2381,0
390,99,1
390,512,1
390,845,0
390,1651,0
391,443,0
391,627,0
394,29,1
394,50,1
122,394,0
394,134,1
394,213,1
394,251,1
394,299,1
326,394,0
394,339,1
394,341,1
386,394,0
394,408,1
394,426,1
394,448,1
394,456,0
394,459,1
394,512,1
394,563,1
577,394,0
394,599,1
628,394,0
634,394,0
394,656,1
394,661,1
394,664,1
394,690,1
394,700,1
394,744,0
800,394,0
394,857,1
394,935,1
394,939,1
1048,394,0
394,1064,1
1072,394,0
1081,394,0
394,1088,1
1143,394,0
394,1215,1
394,1265,1
394,1307,1
394,1318,1
394,1322,1
394,1405,1
1425,394,0
394,1488,1
1489,394,0
394,1510,1
394,1529,1
394,1576,1
394,1602,1
394,1612,1
1712,394,0
1756,394,0
394,1836,1
394,1879,1
394,1921,1
394,1925,1
394,1993,1
394,2044,1
394,2128,1
2176,394,0
394,2342,1
395,724,0
395,1312,0
395,1748,0
395,2447,1
396,635,1
396,687,1
396,833,1
396,1192,1
396,1215,1
396,1678,1
396,1745,1
396,1829,1
396,2193,1
2287,396,0
397,552,0
397,706,0
398,806,0
399,29,1
399,55,1
79,399,0
92,399,0
399,171,1
399,174,1
188,399,0
399,221,1
399,268,1
399,293,1
304,399,0
307,399,0
399,346,1
399,386,1
399,391,1
399,399,1
399,406,1
399,448,1
399,452,1
399,496,1
399,520,1
399,554,1
399,563,1
399,577,1
599,399,0
635,399,0
399,654,1
399,681,1
399,692,1
399,696,1
399,792,1
399,800,1
399,843,1
844,399,0
399,857,1
399,902,1
399,903,1
939,399,0
981,399,0
399,1043,1
399,1055,1
399,1101,1
399,1143,1
399,1169,1
399,1193,1
399,1259,1
399,1318,1
399,1382,1
399,1433,1
1458,399,0
399,1466,1
399,1493,1
399,1510,1
1529,399,0
1530,399,0
1557,399,0
1577,399,0
399,1591,1
399,1602,1
399,1661,1
1691,399,0
399,1706,1
399,1712,1
1724,399,0
399,1834,1
399,1879,1
399,1901,1
1921,399,0
1984,399,0
399,1993,1
399,2011,1
399,2083,1
399,2140,1
399,2176,0
2203,399,0
2329,399,0
2379,399,0
399,2400,1
400,1036,0
401,1825,0
402,832,0
402,935,0
403,872,0
403,1215,1
404,650,0
404,1459,0
3,405,0
405,13,1
58,405,0
405,105,1
253,405,0
405,468,1
405,489,1
405,528,1
660,405,0
405,706,1
707,405,0
767,405,0
405,782,1
799,405,0
405,924,1
405,992,1
405,1094,1
405,1107,1
405,1157,1
405,1215,1
405,1311,1
405,1316,1
405,1368,1
405,1385,1
1431,405,0
405,1432,1
1566,405,0
405,1571,1
1598,405,0
405,1624,1
405,1689,0
405,1890,1
405,1965,1
2026,405,0
405,2059,1
405,2309,1
406,603,1
406,619,1
406,1490,1
406,1716,0
406,1822,0
1955,406,0
406,2030,1
406,2053,1
407,1656,0
1994,407,0
407,2095,0
29,409,0
409,127,1
409,328,1
409,413,1
409,517,1
548,409,0
409,619,1
785,409,0
409,889,1
409,1065,0
409,1782,0
409,1916,0
1925,409,0
409,1955,1
2279,409,0
409,2453,1
410,213,1
268,410,0
410,342,1
878,410,0
908,410,0
410,1205,1
1229,410,0
1259,410,0
410,1567,1
410,1661,1
410,1847,1
410,1941,1
410,2057,1
2385,410,0
411,694,0
411,1859,0
412,860,0
412,1720,0
412,2394,0
413,434,0
700,413,0
413,818,0
413,1343,0
413,1824,1
414,607,0
414,893,0
414,1215,1
414,1969,0
56,415,0
258,415,0
269,415,0
415,383,1
415,408,1
415,811,1
415,935,1
415,998,1
415,1023,1
415,1040,1
1072,415,0
1215,415,0
1230,415,0
1244,415,0
415,1247,1
1248,415,0
415,1267,1
415,1307,1
415,1370,1
1381,415,0
415,1388,1
415,1488,1
415,1654,1
415,1793,1
415,1845,1
2377,415,0
415,2436,1
116,416,0
213,416,0
416,214,1
242,416,0
274,416,0
342,416,0
584,416,0
416,625,1
416,660,1
416,706,1
416,707,1
783,416,0
416,908,1
416,994,1
416,1176,1
416,1182,1
1205,416,0
416,1229,1
416,1258,1
416,1259,1
416,1567,1
1593,416,0
416,1838,1
1847,416,0
416,1941,1
416,2057,1
417,99,1
250,417,0
417,1310,0
417,1436,1
417,1593,0
417,1797,1
417,1926,1
418,1125,0
418,1877,0
419,1830,0
419,2273,0
420,575,0
420,635,1
420,939,1
1802,420,0
420,2047,0
420,2393,0
421,786,1
421,1280,0
421,1972,0
422,558,0
422,865,0
423,674,0
423,990,0
424,1117,0
425,1006,1
427,1044,0
427,1662,0
427,2305,0
428,1433,0
428,2265,0
428,2422,0
429,635,1
429,719,0
429,1987,0
430,10,1
26,430,0
47,430,0
430,48,1
430,105,1
430,131,1
208,430,0
430,245,1
253,430,0
430,293,1
430,301,1
430,311,1
316,430,0
430,326,1
430,414,1
430,431,1
475,430,0
430,511,1
512,430,0
430,538,1
635,430,0
690,430,0
702,430,0
855,430,0
864,430,0
430,874,1
939,430,0
430,948,1
430,972,0
984,430,0
430,1051,1
430,1075,1
1085,430,0
430,1094,1
430,1099,1
1104,430,0
1142,430,0
1157,430,0
430,1182,1
1190,430,0
430,1215,1
1236,430,0
1257,430,0
430,1280,1
1294,430,0
430,1311,1
430,1333,1
1351,430,0
1357,430,0
430,1374,1
1385,430,0
430,1389,1
430,1391,1
1412,430,0
1427,430,0
430,1449,1
1450,430,0
1538,430,0
430,1622,1
430,1690,1
430,1691,1
430,1716,1
430,1741,1
1767,430,0
430,1781,1
430,1785,1
430,1831,1
1865,430,0
430,1921,1
430,1924,1
430,1944,1
430,1994,1
430,2006,1
2019,430,0
2024,430,0
430,2042,1
2066,430,0
430,2113,1
430,2130,1
430,2165,1
430,2194,1
430,2208,0
2218,430,0
430,2219,1
430,2262,1
430,2283,1
2294,430,0
2345,430,0
2383,430,0
430,2463,1
430,2472,1
431,732,0
432,2207,0
433,520,1
554,433,0
433,573,1
433,939,1
433,1215,1
1425,433,0
433,1986,0
433,2178,1
434,1181,0
436,1397,0
436,1751,0
436,2064,0
438,1374,0
439,712,0
440,674,0
440,1286,0
440,1550,0
441,1721,0
442,412,1
442,1299,0
442,1310,0
442,1311,1
442,2375,1
443,81,1
443,1338,0
443,1427,1
443,2446,0
99,444,0
445,2171,0
445,2246,0
446,843,0
446,1265,0
447,837,0
447,1619,0
447,1651,0
448,589,0
449,27,1
449,177,1
449,312,1
449,331,1
449,348,1
402,449,0
449,449,1
449,803,1
449,898,1
449,1044,1
1048,449,0
449,1211,1
1526,449,0
449,1527,0
1560,449,0
449,1663,1
1687,449,0
1723,449,0
1851,449,0
449,1991,0
2128,449,0
449,2172,1
2187,449,0
449,2306,1
449,2422,1
449,2424,1
2466,449,0
450,956,0
450,2293,0
451,745,0
452,1257,0
452,1297,0
452,1451,0
452,2343,0
453,79,1
453,99,1
412,453,0
742,453,0
453,1106,1
453,1183,0
453,1537,1
1880,453,0
453,1943,0
453,2053,0
454,2448,0
455,2462,0
456,326,1
456,399,1
456,509,0
635,456,0
456,891,1
456,1182,0
456,1183,0
456,1227,1
456,1302,0
1591,456,0
456,1662,0
456,1852,1
456,1950,0
457,900,0
460,1908,0
460,1971,1
461,584,0
1241,462,0
463,29,1
273,463,0
463,307,1
463,323,1
463,412,1
463,529,1
463,599,0
646,463,0
700,463,0
732,463,0
463,780,1
870,463,0
907,463,0
463,939,1
463,959,1
463,989,1
463,1176,1
463,1196,1
1466,463,0
463,1468,1
463,1573,1
463,1655,0
463,1724,1
1824,463,0
463,1828,1
463,1830,1
463,1847,1
1868,463,0
1921,463,0
463,1965,1
2035,463,0
2198,463,0
2385,463,0
2412,463,0
464,1452,0
464,2362,0
465,593,0
465,603,1
466,480,0
466,1276,0
466,1556,0
468,30,1
468,488,0
468,830,1
468,1215,1
468,1324,1
468,1691,1
468,1841,0
470,751,0
472,2441,0
1200,473,0
473,1315,0
474,918,0
474,2312,0
474,2350,0
47,476,0
476,120,1
314,476,0
476,1127,0
1215,476,0
218,477,0
477,840,0
477,1160,0
477,1537,1
477,1985,1
477,2238,1
478,781,0
478,1600,0
479,984,0
479,1587,0
479,2012,0
480,2355,0
481,851,0
481,2138,0
482,2353,0
483,783,0
483,2133,0
485,1434,0
485,1513,0
29,486,0
486,412,1
1626,486,0
487,1588,0
488,1486,0
489,1852,0
490,765,0
490,1259,0
490,1416,0
491,2302,0
943,492,0
492,1419,0
493,1946,0
494,1042,0
495,1907,0
496,613,0
496,2029,0
497,669,0
497,1106,0
498,1624,0
498,1927,0
499,724,0
499,1010,0
1925,499,0
500,1445,0
500,2018,0
500,2150,0
17,501,0
501,79,1
413,501,0
439,501,0
501,455,1
501,508,1
501,585,1
501,785,1
501,822,1
501,1066,1
501,1148,1
501,1196,1
1216,501,0
501,1250,1
501,1630,1
501,1653,0
501,1684,1
501,1695,1
501,1801,1
501,1913,1
501,1921,1
1925,501,0
501,2080,1
501,2209,1
501,2380,1
502,2036,0
502,2229,0
503,2240,0
504,304,1
504,939,1
504,1137,1
1311,504,0
504,1921,1
504,2417,0
505,1207,0
506,599,0
506,619,1
506,929,0
506,1683,0
506,2289,0
507,1345,0
507,2122,0
508,946,0
509,1729,0
510,1326,0
512,1263,0
512,1766,0
512,2217,0
513,1833,0
513,1834,1
513,1936,0
513,2005,0
516,1425,1
516,2144,1
518,2232,0
518,2456,0
519,862,1
519,1311,1
519,2421,0
520,580,0
520,1249,0
520,2475,1
521,1737,0
521,1979,0
521,2147,0
522,609,0
522,1695,0
447,524,0
524,1673,1
1799,524,0
524,2446,1
524,2471,1
525,718,0
525,1734,0
526,1921,0
527,2276,0
528,1022,0
528,1036,0
528,1523,0
528,2153,1
529,1101,0
1210,530,0
530,1600,1
530,1793,1
531,1523,0
531,2011,0
531,2312,0
532,1307,0
532,2286,0
534,863,0
534,888,0
534,1384,1
399,536,0
536,1312,0
536,1351,0
1939,536,0
537,633,0
538,2395,0
539,304,1
539,740,0
539,939,1
1182,539,0
539,1924,0
540,628,1
540,838,0
541,1723,0
541,2190,0
541,2241,0
542,560,0
543,258,1
346,543,0
543,445,1
520,543,0
523,543,0
543,636,1
543,786,1
543,814,1
891,543,0
543,910,1
543,1160,1
543,1236,1
543,1239,1
543,1279,0
543,1455,0
1487,543,0
543,1630,1
543,1663,1
543,1762,1
543,1968,1
543,2072,1
2095,543,0
543,2111,1
543,2253,1
544,959,1
544,1211,0
544,1239,0
544,2212,0
545,687,0
1497,545,0
1544,545,0
546,1693,0
547,753,0
547,1640,0
548,1862,0
548,1885,0
548,2418,0
549,560,0
549,939,1
549,1556,1
550,187,1
550,405,1
550,619,1
550,1005,1
550,1015,0
550,1055,1
1316,550,0
550,1833,0
550,1955,1
550,2241,0
87,551,0
551,1215,1
551,1368,0
2161,551,0
552,1937,0
554,665,0
554,801,0
554,1874,0
554,2230,0
555,2002,0
635,556,0
1215,556,0
556,1718,0
556,1921,1
557,238,1
275,557,0
552,557,0
557,1396,0
557,1858,0
558,859,0
1124,558,0
559,745,0
560,753,0
561,824,0
561,1235,0
561,1282,0
561,1956,0
562,738,1
2426,562,0
563,1019,0
563,1577,0
564,70,1
233,564,0
445,564,0
564,849,1
564,891,1
564,978,1
983,564,0
564,1736,1
564,1861,0
565,63,1
99,565,0
565,124,1
565,307,1
565,319,1
565,598,1
565,775,1
565,902,1
565,939,1
565,1094,1
1160,565,0
1215,565,0
565,1281,1
565,1311,1
565,1425,1
565,1427,1
565,1516,1
565,1532,1
1566,565,0
565,1720,1
565,1784,1
565,1841,1
565,1843,0
565,1966,1
565,2058,1
2094,565,0
565,2164,1
565,2259,1
566,2170,0
145,568,0
577,568,0
568,654,1
568,1111,1
1196,568,0
568,1243,1
568,1263,1
568,1293,1
568,2404,1
569,6,1
569,141,1
143,569,0
569,419,1
555,569,0
569,569,1
652,569,0
569,677,1
724,569,0
569,752,1
569,789,1
569,804,1
569,953,1
1012,569,0
1136,569,0
569,1188,1
569,1366,1
1502,569,0
569,1512,1
569,1518,1
1563,569,0
1620,569,0
569,1685,1
1855,569,0
2109,569,0
2197,569,0
2333,569,0
570,144,1
570,628,1
570,997,1
570,1610,0
570,1764,1
570,1962,0
2010,570,0
570,2091,0
571,627,0
571,1646,0
571,2040,0
572,153,1
572,592,0
572,1201,0
572,2011,0
572,2241,0
573,1679,0
575,2168,0
576,429,1
576,1377,0
577,1447,0
579,102,1
579,427,1
579,624,1
579,628,1
579,634,1
579,635,1
579,864,1
579,891,1
579,907,0
579,935,1
579,939,1
579,963,1
1072,579,0
579,1322,1
1383,579,0
1415,579,0
579,1441,1
579,1466,1
579,1488,1
579,1601,1
579,1671,0
579,1724,1
1783,579,0
1836,579,0
579,1847,1
579,1868,1
1912,579,0
1921,579,0
579,1965,1
579,2015,1
579,2035,1
579,2053,1
579,2183,1
579,2293,1
579,2342,1
579,2462,1
580,970,0
1080,580,0
580,1262,0
581,801,0
581,1991,0
583,1883,0
584,99,1
584,124,1
142,584,0
451,584,0
605,584,0
584,697,1
706,584,0
584,857,1
895,584,0
584,922,0
1253,584,0
584,1299,1
584,1348,1
1490,584,0
1506,584,0
584,1543,1
584,1664,1
1733,584,0
2144,584,0
584,2410,1
585,875,0
585,1810,0
29,586,0
586,529,1
586,646,1
700,586,0
586,732,1
586,780,1
959,586,0
586,1573,1
1824,586,0
586,1828,1
586,1830,1
586,1847,1
2198,586,0
586,2385,1
586,2412,1
587,668,0
588,636,0
588,839,1
1215,588,0
588,1840,0
589,735,0
590,1180,1
2064,590,0
591,920,0
591,2409,0
592,939,1
595,2368,0
596,1809,0
596,2386,0
597,865,0
597,2251,0
598,1301,0
598,1385,0
598,1882,0
599,2014,0
600,1482,0
602,1520,0
602,2429,0
603,860,0
603,1416,0
603,2229,0
604,1182,0
606,234,1
606,1361,1
47,607,0
607,2472,0
608,1253,0
610,150,1
610,181,1
610,273,1
610,405,1
610,777,1
610,800,1
1259,610,0
610,1386,1
612,456,1
612,2233,0
613,530,1
613,1040,0
613,1066,0
613,1389,0
613,1900,0
615,904,0
615,1011,0
615,1987,1
615,1990,0
616,739,1
924,616,0
616,1637,1
616,1894,1
616,2447,0
618,840,0
619,3,1
619,8,1
619,10,1
619,17,1
619,32,1
619,51,1
619,69,1
71,619,0
619,74,1
79,619,0
619,81,1
95,619,0
619,116,1
619,127,1
619,213,1
619,214,1
619,235,1
242,619,0
251,619,0
619,259,1
619,268,1
619,274,1
277,619,0
285,619,0
301,619,0
619,304,1
619,309,1
619,323,1
619,328,1
619,339,1
619,361,1
369,619,0
619,391,1
399,619,0
619,405,1
619,439,1
619,451,1
619,452,1
619,466,1
619,468,1
619,482,1
619,505,1
508,619,0
619,515,1
619,517,1
619,547,1
563,619,0
619,583,1
619,584,1
619,589,1
619,603,1
619,635,1
619,660,1
619,672,1
619,676,1
619,690,1
696,619,0
700,619,0
619,707,1
719,619,0
619,727,1
619,742,1
762,619,0
781,619,0
619,785,1
619,793,1
808,619,0
809,619,0
619,813,1
619,822,1
619,823,1
619,828,1
619,833,1
848,619,0
619,853,1
858,619,0
619,859,1
619,870,1
619,877,1
619,883,1
619,888,1
619,889,1
907,619,0
619,916,1
933,619,0
619,936,1
619,939,1
951,619,0
619,959,1
619,969,1
981,619,0
619,1042,1
1064,619,0
1066,619,0
619,1068,1
619,1097,1
619,1126,1
1147,619,0
619,1148,1
619,1161,1
619,1205,1
1206,619,0
1215,619,0
619,1217,1
1228,619,0
619,1234,1
619,1237,0
1250,619,0
1259,619,0
1270,619,0
619,1278,1
619,1287,1
619,1325,1
619,1327,1
619,1351,1
619,1394,1
619,1404,1
619,1424,1
1426,619,0
1428,619,0
619,1434,1
1448,619,0
619,1466,1
1501,619,0
1504,619,0
1507,619,0
619,1579,1
1583,619,0
619,1585,1
619,1593,1
1626,619,0
619,1635,1
619,1647,1
1658,619,0
619,1661,1
1664,619,0
619,1684,1
619,1690,1
619,1695,1
1708,619,0
619,1712,1
1724,619,0
1748,619,0
619,1762,1
1764,619,0
619,1778,1
619,1827,1
1839,619,0
619,1846,1
1847,619,0
619,1856,1
619,1899,1
619,1925,1
1926,619,0
1932,619,0
1947,619,0
619,1957,1
619,1965,1
619,1990,1
1997,619,0
619,2012,1
619,2023,1
2044,619,0
619,2072,1
619,2092,1
2107,619,0
619,2108,1
619,2110,1
2119,619,0
619,2125,1
2131,619,0
619,2133,1
2145,619,0
619,2167,1
619,2173,1
2204,619,0
619,2223,1
619,2238,1
619,2241,1
619,2263,1
619,2276,1
619,2279,1
619,2296,1
619,2299,1
619,2323,1
619,2341,1
619,2352,1
619,2363,1
2382,619,0
619,2388,1
2390,619,0
619,2391,1
619,2427,1
619,2453,1
2458,619,0
2464,619,0
619,2465,1
2469,619,0
620,2387,0
621,2090,0
622,29,1
529,622,0
646,622,0
622,700,1
1468,622,0
622,1847,1
622,2198,1
622,2412,1
623,857,1
623,1269,0
623,1727,1
623,2465,0
624,742,0
624,1575,0
625,924,0
625,2340,0
626,503,1
626,878,0
626,1506,0
627,963,0
627,1956,0
627,2027,0
627,2314,0
628,93,1
408,628,0
628,593,1
634,628,0
636,628,0
628,637,1
628,778,1
628,935,1
1072,628,0
628,1210,1
628,1307,1
628,1793,1
1836,628,0
628,2086,1
628,2102,0
2342,628,0
630,307,1
630,690,1
630,829,1
630,1885,0
55,631,0
955,631,0
1104,631,0
631,1273,1
631,1389,1
631,1690,0
631,1756,1
631,1822,0
631,1972,1
631,2044,0
631,2290,0
631,2374,0
631,2413,0
632,1941,0
632,2294,0
633,2319,0
634,1433,0
634,1530,0
634,2405,0
635,923,0
635,1410,0
635,2260,0
635,2406,0
636,1633,0
637,1052,0
637,1469,0
637,2191,0
638,1435,0
638,1765,0
639,385,1
639,1209,0
639,1236,1
640,837,0
635,641,0
641,939,1
641,1176,1
1311,641,0
641,1389,1
641,1432,0
641,1802,1
112,642,0
642,241,1
642,568,1
642,1110,0
642,1585,1
642,2226,1
643,110,1
643,681,0
643,731,0
1792,643,0
644,1420,0
644,2452,0
645,1014,0
645,1160,0
646,702,0
646,1842,0
646,1896,0
646,2153,0
646,2161,0
647,804,0
648,1294,0
648,2424,0
649,6,1
649,80,1
649,141,1
649,225,1
649,294,1
419,649,0
485,649,0
649,649,1
649,652,1
724,649,0
649,752,1
649,789,1
649,877,1
908,649,0
912,649,0
649,920,1
649,947,1
953,649,0
649,1136,1
1155,649,0
1188,649,0
649,1366,1
649,1512,1
1518,649,0
1563,649,0
1620,649,0
649,1807,0
649,1855,1
1921,649,0
649,2140,1
649,2159,1
649,2368,1
650,1011,0
650,2249,0
651,2269,1
653,424,1
653,1215,1
1427,653,0
653,1575,1
653,1826,1
1834,653,0
1915,653,0
654,1792,0
656,996,0
656,1394,0
658,759,0
658,1216,0
659,62,1
197,659,0
659,484,1
488,659,0
659,625,1
659,700,1
659,786,0
659,943,0
659,1109,1
1205,659,0
659,1304,1
659,1391,1
659,1402,1
659,1404,1
659,1405,1
659,1490,1
1547,659,0
659,1695,0
659,1721,1
659,1793,1
1847,659,0
659,1858,1
659,1870,1
659,1874,1
659,2279,0
328,660,0
660,1067,1
660,2207,1
661,1694,0
661,1839,0
661,2238,0
662,521,1
663,304,1
635,663,0
663,804,0
663,829,1
663,939,1
1139,663,0
1379,663,0
663,1390,0
1391,663,0
663,1510,1
663,1688,1
663,1847,1
663,1921,1
663,2288,1
664,980,0
665,2453,0
666,798,0
666,966,0
666,2324,0
667,226,1
667,257,1
269,667,0
667,334,1
546,667,0
997,667,0
667,1005,1
667,1170,1
1202,667,0
667,1335,1
1675,667,0
1733,667,0
2008,667,0
2056,667,0
667,2100,1
667,2177,0
667,2213,0
667,2350,1
144,668,0
628,668,0
668,997,1
668,2010,1
10,669,0
669,302,1
624,669,0
669,634,1
741,669,0
669,885,1
886,669,0
669,1039,1
669,1207,1
669,1303,1
1321,669,0
1470,669,0
1610,669,0
1754,669,0
669,1790,1
669,1809,1
669,1836,1
1997,669,0
669,2012,1
669,2198,0
2342,669,0
669,2365,1
671,29,1
671,188,1
732,671,0
959,671,0
671,1094,0
671,1196,1
1221,671,0
671,1348,1
1468,671,0
671,1664,1
1847,671,0
671,1940,0
671,2385,1
671,2474,0
673,2432,0
676,1370,0
676,2367,0
677,1286,0
677,2398,0
678,384,1
678,705,0
678,1866,0
679,1094,0
679,1414,0
679,1676,0
680,886,0
680,1000,0
680,1853,0
680,1898,0
311,681,0
681,414,1
512,681,0
681,653,1
681,704,0
681,939,1
681,1994,1
681,2449,0
681,2472,1
682,1415,0
1877,682,0
682,2173,0
682,2232,0
683,2042,0
684,1023,0
685,2049,0
686,1078,0
687,1193,0
324,688,0
688,876,0
688,2196,1
2242,688,0
689,67,1
689,307,1
594,689,0
870,689,0
689,897,1
908,689,0
1456,689,0
1537,689,0
689,1868,1
689,1930,1
689,1999,1
690,1922,0
691,895,0
691,2176,0
692,1114,0
694,1105,0
695,799,0
696,1514,0
696,2393,0
697,1967,0
698,1097,0
698,2203,0
699,1878,0
699,2378,0
700,1145,0
703,1810,0
704,1025,0
705,1938,0
706,1566,0
707,741,0
708,1054,0
708,1648,0
708,2275,0
709,1377,0
709,1716,0
709,1947,0
710,4,1
47,710,0
710,304,1
710,687,1
710,689,1
765,710,0
905,710,0
710,989,1
1159,710,0
710,1176,1
1239,710,0
1311,710,0
1336,710,0
710,2025,1
710,2406,1
712,758,1
796,712,0
712,974,1
712,1059,1
712,1934,1
713,2014,0
713,2438,0
213,715,0
715,753,0
715,1085,1
715,1587,0
717,1003,0
717,1156,0
717,1427,0
717,1554,0
718,140,1
201,718,0
718,384,1
718,718,1
718,769,1
718,833,1
718,939,1
718,1215,1
718,1425,1
1455,718,0
718,1913,1
718,2216,1
719,2169,0
720,1131,0
720,1243,0
720,1440,0
720,1546,0
720,1944,0
721,2239,0
722,512,1
722,1215,1
722,1312,0
722,1994,1
654,723,0
920,723,0
723,939,1
723,1280,1
1314,723,0
723,1436,1
723,1508,0
724,841,0
26,725,0
725,43,1
725,241,1
725,246,1
725,430,1
725,583,1
725,635,1
725,939,1
725,1274,1
725,1316,1
726,700,1
726,1927,0
728,1160,0
730,737,0
730,1327,1
730,1379,0
732,786,0
733,1310,0
733,1425,0
734,401,1
734,1222,1
735,749,0
735,1170,0
736,763,0
736,2321,0
737,2296,0
739,1125,0
740,1372,0
742,1102,0
743,3,1
29,743,0
49,743,0
743,52,1
126,743,0
743,180,1
743,213,1
214,743,0
743,251,1
743,265,1
743,318,1
328,743,0
743,343,1
743,360,1
361,743,0
386,743,0
743,413,1
743,502,1
571,743,0
743,608,1
743,635,1
743,657,1
743,658,1
743,660,1
743,670,1
705,743,0
728,743,0
743,833,1
743,843,1
872,743,0
743,951,1
743,959,1
743,1064,1
743,1164,1
743,1168,1
1173,743,0
743,1196,1
1215,743,0
1219,743,0
743,1224,1
1234,743,0
743,1242,1
743,1251,1
743,1259,1
743,1262,1
743,1282,1
743,1302,1
1311,743,0
1351,743,0
743,1385,1
1513,743,0
743,1545,1
743,1639,1
1654,743,0
743,1669,1
743,1839,1
1840,743,0
1881,743,0
1885,743,0
1897,743,0
1898,743,0
743,1921,1
743,1941,1
1951,743,0
1965,743,0
743,2055,1
743,2058,1
743,2063,1
743,2064,1
2124,743,0
743,2125,1
743,2131,0
2140,743,0
743,2179,1
743,2192,1
743,2222,1
743,2244,1
743,2270,1
2276,743,0
2291,743,0
743,2317,1
2319,743,0
743,2320,1
2393,743,0
743,2394,1
743,2401,1
743,2409,1
743,2427,1
743,2456,1
2469,743,0
744,760,0
744,2420,0
746,1799,1
746,2017,0
747,874,0
748,624,1
748,1552,0
748,2009,0
749,144,1
628,749,0
749,1257,0
749,1764,1
749,2010,1
750,2217,0
751,859,0
751,2210,0
752,2365,0
753,1871,0
753,2411,0
754,797,0
754,1046,0
754,1273,0
754,2056,0
755,635,1
755,939,1
755,2315,0
757,1546,0
758,933,1
758,2350,0
760,138,1
760,231,1
1160,760,0
760,1216,0
760,1314,0
760,2451,0
761,1801,0
761,2097,0
762,2003,0
762,2198,0
763,1760,0
763,1833,0
764,635,1
764,687,1
833,764,0
764,1192,1
1215,764,0
764,1629,0
764,1678,1
1745,764,0
764,1913,1
764,2193,1
764,2415,0
765,102,1
194,765,0
307,765,0
765,328,1
765,427,1
432,765,0
765,487,1
507,765,0
531,765,0
603,765,0
624,765,0
634,765,0
765,635,1
637,765,0
690,765,0
700,765,0
732,765,0
737,765,0
747,765,0
765,872,0
765,900,1
1072,765,0
1094,765,0
765,1196,1
765,1322,1
1351,765,0
1415,765,0
765,1416,1
765,1421,0
765,1441,1
765,1466,1
765,1601,1
765,1629,1
765,1712,1
1724,765,0
1824,765,0
765,1836,1
765,1847,1
1921,765,0
765,1925,1
1952,765,0
1965,765,0
2015,765,0
765,2035,1
2293,765,0
2342,765,0
765,2385,1
765,2426,1
765,2453,1
765,2462,1
766,1513,0
766,1710,0
766,2269,0
766,2381,0
767,346,1
767,391,1
767,520,1
767,690,1
767,800,1
767,844,1
767,1537,1
1641,767,0
767,1724,1
768,1292,1
769,1858,0
1,770,0
770,3,1
37,770,0
47,770,0
770,161,1
285,770,0
770,295,1
770,374,1
770,386,1
770,392,1
770,487,1
770,672,1
770,885,1
770,1116,1
770,1130,1
1133,770,0
770,1134,1
770,1341,1
770,1442,1
1605,770,0
770,1642,1
770,1712,1
1822,770,0
770,1847,1
770,1850,0
770,1888,1
770,1900,1
1977,770,0
770,2021,1
770,2044,1
2074,770,0
2097,770,0
770,2121,1
770,2176,1
2272,770,0
770,2290,1
770,2354,1
2416,770,0
2417,770,0
771,989,0
772,1241,0
772,1846,0
772,1931,0
775,63,1
68,775,0
775,74,1
775,81,1
99,775,0
775,239,1
775,290,1
775,293,1
775,299,1
775,328,1
775,340,1
775,355,1
430,775,0
775,480,1
775,829,1
833,775,0
870,775,0
775,903,1
775,939,1
775,1014,1
775,1094,1
775,1208,1
775,1278,1
775,1287,1
1311,775,0
1369,775,0
1404,775,0
775,1405,1
775,1555,1
1603,775,0
775,1705,1
775,1775,1
775,1868,1
2087,775,0
775,2214,1
775,2320,1
775,2447,1
2452,775,0
775,2455,1
776,1770,1
776,1847,1
776,2156,1
776,2247,0
997,777,0
777,1092,0
777,1540,0
777,1733,0
777,1795,1
777,1874,1
777,2035,1
780,1127,0
781,808,0
781,1027,0
781,1642,0
781,2168,0
782,2355,0
783,1129,0
783,1266,0
783,1326,0
783,2285,0
784,893,0
784,939,1
1425,784,0
785,1660,0
786,958,0
786,1706,0
786,2181,0
786,2252,0
787,102,1
787,756,1
787,2060,0
306,788,0
788,788,1
788,1297,0
788,1370,1
788,1415,1
1601,788,0
2309,788,0
790,619,1
790,1527,0
790,1955,1
792,1923,0
794,654,1
911,794,0
1425,794,0
794,1427,1
794,1941,0
794,2131,0
795,1496,0
796,198,1
796,1274,0
796,1285,0
798,1855,0
799,1175,0
800,2145,0
800,2448,0
801,1151,0
801,1794,0
802,1164,0
803,1002,0
804,1901,0
805,399,1
805,1337,0
806,887,0
806,948,0
806,1195,0
807,213,1
688,807,0
1381,807,0
807,1697,0
808,1091,0
809,922,0
809,963,0
809,2240,0
810,1182,0
811,2006,0
813,654,1
813,660,1
902,813,0
813,1035,1
813,1246,1
1381,813,0
813,1793,1
814,920,0
814,2139,0
814,2231,0
815,1178,0
654,816,0
816,911,1
816,1114,0
1425,816,0
816,1427,1
818,458,1
498,818,0
818,1081,1
818,1115,1
818,1277,1
818,1686,1
818,1878,0
818,1879,0
2096,818,0
818,2398,1
819,11,1
63,819,0
819,64,1
102,819,0
819,113,1
819,213,1
819,264,1
819,267,1
386,819,0
819,408,1
819,427,1
819,457,1
487,819,0
506,819,0
624,819,0
819,628,1
634,819,0
819,660,1
690,819,0
819,708,1
819,737,1
819,788,1
790,819,0
864,819,0
819,900,1
819,927,0
819,933,1
819,939,1
819,976,1
819,988,1
819,1072,1
819,1196,1
819,1205,1
1237,819,0
819,1239,1
819,1307,1
819,1322,1
1351,819,0
1367,819,0
819,1373,1
1383,819,0
819,1385,1
1416,819,0
819,1441,1
1466,819,0
819,1488,1
819,1528,1
1581,819,0
1748,819,0
1836,819,0
819,1868,1
819,1912,1
819,1921,1
2003,819,0
819,2015,1
2051,819,0
2053,819,0
819,2137,1
819,2183,1
819,2222,1
2244,819,0
819,2291,1
819,2319,1
819,2368,1
819,2376,1
819,2377,0
819,2384,1
819,2393,1
819,2409,1
819,2426,1
819,2435,1
819,2462,1
820,1144,0
820,1761,0
821,337,1
821,792,1
821,996,0
821,1332,0
822,1955,1
822,2035,1
822,2048,0
822,2145,1
43,823,0
823,328,1
823,491,1
823,532,1
823,608,1
823,840,1
1032,823,0
823,1104,1
823,1130,1
1171,823,0
823,1215,1
823,1219,0
1684,823,0
1792,823,0
823,1827,1
823,1921,1
823,2093,1
823,2098,1
823,2128,1
824,1955,0
825,881,0
825,1009,0
825,2346,0
90,826,0
826,131,1
243,826,0
826,369,1
826,476,1
826,632,1
826,635,1
826,654,1
672,826,0
826,809,1
826,885,1
935,826,0
826,939,1
826,972,1
991,826,0
826,997,1
826,1028,1
1042,826,0
826,1072,1
1126,826,0
826,1263,1
826,1269,1
826,1305,1
826,1307,1
826,1330,1
826,1392,1
1397,826,0
826,1406,0
826,1407,1
1413,826,0
826,1450,1
826,1488,1
826,1532,1
826,1541,1
826,1755,1
1767,826,0
826,1821,1
826,1834,1
826,1864,1
1892,826,0
1958,826,0
826,1974,1
1989,826,0
826,2011,1
826,2139,0
826,2325,1
826,2326,1
826,2327,1
826,2359,1
827,1164,0
828,964,0
828,1117,0
828,1709,0
829,2343,0
832,1220,1
832,1933,1
832,2303,0
833,2394,0
834,2460,0
835,211,1
835,952,1
835,1804,0
514,836,0
836,1315,1
837,1808,0
839,1085,1
839,2072,0
840,1112,0
840,2257,0
840,2265,0
840,2363,0
841,454,1
841,1545,0
841,2183,1
842,970,0
845,1277,0
703,846,0
1405,846,0
847,449,1
847,1452,0
847,1477,0
847,1524,0
847,1791,0
848,2044,0
849,1848,0
850,1437,0
850,2133,0
851,1215,1
852,1499,0
852,1580,0
852,2085,0
853,2279,0
854,1049,0
854,1064,0
854,1326,0
854,2240,1
854,2259,0
1321,856,0
856,1773,1
856,1921,1
2406,856,0
857,1267,0
858,1424,0
859,879,0
860,1237,0
860,1822,0
861,1739,0
862,2009,0
863,1103,0
864,1215,0
865,857,1
865,1024,1
865,1171,0
865,1371,1
865,1480,1
865,2059,1
758,866,0
796,866,0
866,1059,1
866,1621,0
866,1934,1
866,1944,0
866,2063,0
868,1802,0
869,624,1
869,1561,0
869,2358,0
35,870,0
870,45,1
870,51,1
80,870,0
870,119,1
870,167,1
870,213,1
248,870,0
870,391,1
870,394,1
870,398,1
870,476,1
500,870,0
870,508,1
870,594,1
870,690,1
870,823,1
870,829,1
870,871,1
870,907,1
870,930,0
870,939,1
870,970,1
1030,870,0
870,1040,1
1049,870,0
870,1196,1
870,1259,1
1311,870,0
1321,870,0
1327,870,0
1390,870,0
1404,870,0
870,1433,1
870,1537,1
870,1577,1
870,1620,1
870,1694,1
1707,870,0
1714,870,0
870,1769,1
870,1779,1
870,1780,1
870,1834,1
870,1847,1
870,1926,1
870,2012,1
870,2016,1
870,2240,1
870,2261,1
870,2453,1
871,1391,0
64,873,0
873,654,1
873,833,1
1021,873,0
873,1026,1
873,2054,0
873,2055,1
873,2244,1
2317,873,0
873,2319,1
2320,873,0
2376,873,0
2384,873,0
2393,873,0
874,2340,0
874,2343,0
877,961,0
877,2421,0
879,654,1
879,690,1
880,939,1
880,1243,0
1427,880,0
880,1796,0
881,976,0
881,1950,0
881,1951,0
881,2454,0
882,153,1
884,1153,0
884,1354,0
885,2471,0
886,1998,0
887,1779,1
1984,887,0
888,1642,0
889,1217,0
890,399,1
890,1939,1
892,1463,0
893,972,0
893,1057,0
893,1428,0
894,1271,0
894,1484,1
894,1884,0
895,996,0
895,1342,0
895,2058,0
896,481,1
896,1125,0
897,1093,0
897,1117,0
897,1210,0
897,2000,0
898,1905,0
899,1648,0
900,2051,0
79,901,0
901,99,1
901,1074,0
1639,901,0
901,2064,0
901,2471,0
902,81,1
902,99,1
902,158,1
902,164,1
902,307,1
902,340,1
902,377,1
902,418,1
902,438,1
902,452,1
902,463,1
902,476,1
902,742,1
902,774,1
902,943,1
1049,902,0
902,1349,0
1461,902,0
1476,902,0
902,1808,1
902,1868,1
902,1922,1
902,2003,1
902,2077,1
902,2280,1
902,2288,0
902,2348,1
902,2474,1
903,1860,0
903,1907,0
904,2155,0
905,1000,0
30,906,0
906,842,1
1632,906,0
907,2363,0
908,809,1
908,1387,1
908,1443,0
909,1129,0
909,2369,1
910,924,0
912,231,1
912,635,1
913,2273,0
914,573,1
2040,914,0
915,1229,0
916,2005,0
916,2281,0
917,3,1
917,346,1
917,1205,1
917,1301,1
1373,917,0
917,1800,1
917,1996,1
917,2091,0
92,918,0
307,918,0
430,918,0
918,654,1
918,721,1
1182,918,0
918,1389,1
1415,918,0
918,1550,1
1601,918,0
918,2053,1
918,2309,1
169,919,0
919,1686,0
1987,919,0
920,1580,0
920,2363,0
922,1439,0
922,1942,0
924,1469,0
924,1771,0
929,1420,0
931,582,1
931,1403,0
932,21,1
932,275,1
932,595,1
932,979,1
932,1009,1
932,1073,1
932,1074,1
1077,932,0
932,1215,1
932,1419,1
932,1585,1
932,1641,1
932,1794,1
932,1829,0
932,1837,0
1902,932,0
932,1904,1
932,1905,1
932,1906,1
932,1907,0
932,1908,1
1909,932,0
932,1975,1
932,2170,1
932,2171,1
2176,932,0
932,2178,1
932,2185,1
932,2248,1
932,2252,1
2337,932,0
99,933,0
933,659,1
933,696,1
933,1236,1
1725,933,0
934,68,1
190,934,0
214,934,0
934,508,1
584,934,0
706,934,0
934,725,1
1181,934,0
934,1188,0
934,1215,1
934,1672,1
934,1918,1
934,2052,1
934,2202,1
935,1079,0
935,1619,0
937,413,1
510,937,0
937,719,1
937,883,1
937,1063,1
937,1107,0
937,2175,1
45,938,0
938,567,1
938,904,1
938,995,0
1605,938,0
938,1651,1
2299,938,0
2345,938,0
939,2004,0
1408,940,0
940,1448,1
940,1566,0
941,1327,1
941,1784,0
941,1885,0
983,942,0
942,1921,1
943,63,1
87,943,0
943,307,1
943,690,1
943,1083,1
1234,943,0
943,1466,1
943,2154,1
943,2266,1
944,94,1
944,1490,1
944,1491,0
945,1404,1
945,2203,0
949,1629,0
116,951,0
951,126,1
413,951,0
951,430,1
512,951,0
581,951,0
951,660,1
951,700,1
951,779,1
951,850,1
951,872,1
951,1176,1
1205,951,0
1482,951,0
1723,951,0
951,1741,1
1811,951,0
951,1839,1
951,1865,1
951,1921,1
951,1925,1
951,2058,1
2257,951,0
2276,951,0
2399,951,0
953,1509,0
954,970,0
954,1898,0
381,955,0
955,505,1
955,725,1
955,1105,1
955,1212,1
955,1234,0
955,1383,0
955,1799,1
955,1834,1
955,2123,1
955,2155,1
955,2188,1
955,2316,1
2440,955,0
956,102,1
957,939,1
957,2355,0
958,2086,1
960,102,1
960,430,1
960,1245,1
1311,960,0
960,1329,0
960,1448,1
960,1707,0
1730,960,0
2128,960,0
311,961,0
526,961,0
961,1160,0
961,2367,0
963,11,1
963,452,1
963,457,1
963,619,1
963,860,1
963,1066,1
963,1713,1
1868,963,0
963,1925,1
963,2296,0
2435,963,0
965,2252,0
966,3,1
966,99,1
756,966,0
966,788,1
966,885,1
966,1277,1
966,1408,0
1717,966,0
966,1825,1
966,2290,0
967,2128,0
967,2425,1
968,571,1
968,881,1
968,1546,0
1993,968,0
2426,968,0
969,1445,0
970,1792,0
970,2212,0
971,2288,0
972,2357,0
546,973,0
973,759,1
1176,973,0
973,1431,0
1962,973,0
974,1350,0
975,650,1
975,779,1
975,1779,1
1815,975,0
976,1207,0
976,1744,0
976,1824,0
977,1657,0
978,1793,0
980,216,1
811,980,0
980,953,1
980,1138,1
980,1365,0
1435,980,0
1620,980,0
1980,980,0
980,2269,1
980,2292,1
980,2321,1
982,1121,1
982,1527,0
984,75,1
317,984,0
984,389,1
984,413,1
984,428,1
984,660,1
984,719,1
859,984,0
883,984,0
984,1007,1
984,1008,1
984,1044,1
984,1087,1
1217,984,0
984,1262,1
1424,984,0
1426,984,0
1839,984,0
984,1840,1
984,2023,1
984,2060,1
984,2131,1
984,2135,1
2157,984,0
984,2173,1
2204,984,0
984,2253,0
2276,984,0
984,2311,1
984,2363,1
984,2382,1
984,2388,1
984,2390,1
984,2396,1
984,2415,1
984,2420,1
986,116,1
126,986,0
986,340,1
986,446,1
986,571,1
986,584,1
625,986,0
986,635,1
986,660,1
687,986,0
986,705,1
986,706,1
986,718,1
986,728,1
769,986,0
986,833,1
864,986,0
986,872,1
986,951,1
986,1064,1
986,1084,0
986,1147,1
1168,986,0
1215,986,0
986,1242,1
986,1251,1
1282,986,0
986,1407,0
986,1425,1
986,1654,1
986,1711,0
986,1742,0
986,1898,1
986,1921,1
986,2034,0
2064,986,0
74,989,0
989,264,1
989,292,1
989,299,1
565,989,0
638,989,0
989,833,1
870,989,0
877,989,0
989,1385,1
989,1454,0
1999,989,0
989,2027,0
990,99,1
1466,990,0
991,1793,0
995,1018,0
995,1311,1
995,1378,0
996,1236,0
996,1689,0
996,1708,0
29,997,0
37,997,0
997,161,1
997,285,1
295,997,0
997,374,1
386,997,0
392,997,0
997,487,1
997,891,1
939,997,0
997,1046,0
1055,997,0
1085,997,0
997,1130,1
997,1133,1
997,1134,1
1207,997,0
997,1341,1
1598,997,0
1605,997,0
997,1642,1
997,1703,1
997,1758,1
1822,997,0
997,1829,0
997,1977,1
997,2097,1
997,2354,1
997,2416,1
998,1214,0
998,1509,0
998,2170,0
999,81,1
999,635,1
999,828,1
999,939,1
999,1833,0
999,2391,0
1000,1834,1
1001,603,1
1002,2365,0
1003,700,1
1003,1769,0
1824,1003,0
165,1004,0
1004,399,1
1004,625,1
1004,690,1
1004,1196,1
1004,1464,1
1004,1847,1
1004,2125,0
1005,2120,0
102,1006,0
1006,105,1
1006,131,1
184,1006,0
1006,267,1
1006,359,1
1006,408,1
1006,427,1
1006,531,1
1006,634,1
635,1006,0
1006,690,1
1006,737,1
1006,864,1
1006,900,1
1006,907,1
935,1006,0
1006,963,1
1006,1019,1
1041,1006,0
1006,1072,1
1006,1094,1
1006,1165,1
1006,1301,1
1006,1307,1
1322,1006,0
1006,1351,1
1006,1383,1
1006,1415,1
1006,1416,1
1006,1429,1
1006,1441,1
1466,1006,0
1488,1006,0
1601,1006,0
1006,1614,1
1006,1627,1
1724,1006,0
1006,1805,1
1006,1836,1
1006,1847,1
1006,1868,1
1006,1877,0
1921,1006,0
1006,2007,1
1006,2015,1
2053,1006,0
2142,1006,0
1006,2145,1
1006,2342,1
1006,2426,1
1006,2462,1
1007,1308,0
1007,2346,0
1008,2378,0
1010,1460,0
1011,45,1
438,1011,0
1011,554,1
1011,1142,0
1011,1197,1
1011,1981,1
1011,2209,0
1012,2198,0
1013,700,1
1013,959,1
1013,1196,1
1013,1915,0
1013,2249,1
1013,2385,1
1013,2453,1
1015,1015,1
1016,1593,0
1016,1870,0
1016,1988,0
1017,1348,0
1017,1996,0
1018,2437,0
696,1020,0
1021,2462,0
1022,430,1
1022,1529,0
1024,2171,0
1024,2256,0
1025,1034,0
1026,1532,0
1027,326,1
1027,625,1
1027,907,1
1158,1027,0
1027,1512,0
1027,1547,0
1027,2232,0
1027,2320,1
1029,3,1
1029,287,1
811,1029,0
1029,1178,1
1029,1203,0
1029,1717,1
1826,1029,0
1029,2032,1
1029,2274,1
1029,2450,0
187,1030,0
1030,293,1
1673,1031,0
1031,2446,1
1031,2471,1
1032,1750,0
1033,1363,0
1033,1685,0
1034,654,1
1034,911,1
1034,1427,1
1035,1282,0
1036,939,1
1036,1434,0
1037,1452,0
1037,2083,0
1038,2298,1
1039,1836,0
1039,1855,0
1039,2308,0
1041,1311,0
1041,1575,0
1041,1735,0
1042,1192,0
1044,1665,0
1044,2467,0
1046,1577,0
1046,1833,0
1048,1396,0
1049,1132,0
1049,2180,0
11,1050,0
1050,193,1
213,1050,0
1050,457,1
635,1050,0
1050,781,1
1050,940,1
1050,1066,1
1050,1182,1
1050,1255,1
1050,1613,1
1925,1050,0
1050,1999,1
2115,1050,0
1050,2406,1
1050,2435,1
1051,1969,0
1051,2224,0
1052,2312,0
1053,1322,0
1053,1457,0
1053,1884,1
1054,1101,0
1054,1249,0
1055,1222,0
1055,1230,0
1055,1511,0
1055,2428,0
681,1056,0
41,1058,0
99,1058,0
1058,146,1
1058,326,1
1058,349,1
1058,385,1
877,1058,0
1058,891,1
1058,969,1
1058,1014,1
1058,1100,0
1058,1125,1
1058,1280,1
1058,1427,1
1691,1058,0
1058,1792,0
1058,2214,1
1059,1348,0
1060,2204,0
1060,2446,0
1061,1481,0
1064,1453,0
1065,1911,0
11,1066,0
1066,214,1
1066,274,1
328,1066,0
1066,584,1
1066,625,1
660,1066,0
673,1066,0
674,1066,0
1066,706,1
707,1066,0
1066,908,1
1066,994,1
1052,1066,0
1066,1147,1
1066,1176,1
1066,1205,1
1229,1066,0
1259,1066,0
1066,1352,1
1066,1567,1
1066,1587,0
1066,1664,1
1695,1066,0
1838,1066,0
1066,1847,1
1066,1941,1
1066,2016,0
2057,1066,0
1066,2077,1
1066,2149,1
1066,2435,1
1069,1632,0
1069,1995,0
1070,1468,0
1070,1489,0
1070,1582,1
1070,1717,1
1070,1940,1
1071,1397,0
1073,1237,0
1073,1960,0
1074,1259,0
1074,1499,0
1074,2045,0
1074,2211,0
1076,1079,0
1076,1612,0
1077,116,1
1077,239,1
328,1077,0
1077,343,1
364,1077,0
1077,611,1
1077,631,1
1077,939,1
1077,1077,1
1077,1104,1
1215,1077,0
1077,1227,1
1077,1273,1
1077,1287,1
1343,1077,0
1077,1511,1
1077,1594,1
1077,1874,0
2445,1077,0
1078,917,1
1078,2109,0
1079,144,1
628,1079,0
1079,1229,0
1079,1764,1
1079,2010,1
1081,286,1
400,1081,0
408,1081,0
1081,430,1
666,1081,0
1081,1149,1
1081,1195,0
1793,1081,0
2343,1081,0
1082,1198,0
1082,1349,0
1083,1157,0
1083,1607,0
1084,1094,1
1215,1084,0
1705,1084,0
1772,1084,0
1085,4,1
1085,8,1
18,1085,0
1085,73,1
1085,78,1
1085,102,1
1085,182,1
1085,213,1
1085,224,1
239,1085,0
1085,259,1
327,1085,0
1085,328,1
354,1085,0
1085,364,1
1085,408,1
1085,412,1
450,1085,0
1085,478,1
535,1085,0
1085,624,1
634,1085,0
635,1085,0
676,1085,0
809,1085,0
1085,930,1
1085,1045,1
1046,1085,0
1167,1085,0
1189,1085,0
1085,1215,1
1085,1340,1
1085,1367,1
1085,1421,1
1085,1423,1
1481,1085,0
1693,1085,0
1085,1726,1
1764,1085,0
1085,1776,1
1085,1786,1
1085,1790,1
1085,1836,1
1867,1085,0
1085,1868,1
1085,1913,1
1085,1921,1
1085,1926,1
1085,1963,1
1085,2058,1
2086,1085,0
1085,2119,1
1085,2126,1
2232,1085,0
2238,1085,0
2254,1085,0
1085,2278,1
1085,2301,1
1085,2323,1
2342,1085,0
2366,1085,0
1085,2402,1
1086,1898,0
1088,1138,0
1088,1689,0
1088,1960,0
1089,63,1
1089,902,1
1089,2369,0
1090,144,1
1090,997,1
1090,2251,0
1093,1467,0
1093,1969,0
1094,1549,0
1094,2265,0
1094,2341,0
1095,2252,0
1096,1559,0
1102,1323,0
1102,1527,0
1103,1151,0
1104,1869,0
1104,1976,0
1107,1634,0
64,1108,0
1108,2055,1
1108,2169,0
1108,2222,1
1108,2244,1
2291,1108,0
1108,2317,1
1108,2319,1
1108,2320,1
1108,2393,1
1108,2401,1
1109,1437,0
1109,1896,0
1110,2328,0
1111,1261,0
1111,1813,0
1111,1933,0
1112,2090,0
1113,1652,0
1114,1977,0
1116,2448,0
1117,2311,0
1120,414,1
653,1120,0
1120,1954,0
38,1121,0
1121,113,1
1121,884,1
1121,912,1
1121,1128,1
1121,1348,1
1121,2051,1
1121,2305,1
1122,2227,0
146,1123,0
1123,1050,1
1123,1425,1
1123,1427,1
1123,1691,1
1123,2037,0
2124,1123,0
1123,2266,0
1124,2200,0
285,1125,0
1125,667,1
1126,1659,0
1127,203,1
1127,341,1
399,1127,0
618,1127,0
654,1127,0
698,1127,0
891,1127,0
1127,1290,1
1127,1298,0
1127,1443,0
1500,1127,0
1127,1739,0
1127,1834,1
1128,2093,0
1129,2297,0
1131,1809,0
1133,1812,0
1137,2452,0
1138,95,1
1138,190,1
1138,1181,1
1138,1316,1
1138,1377,1
1138,1672,1
1138,1969,1
1138,2052,1
1138,2202,1
1140,1479,0
1142,81,1
1142,117,1
148,1142,0
1142,157,1
1142,210,1
230,1142,0
1142,293,1
1142,304,1
326,1142,0
1142,388,1
414,1142,0
472,1142,0
1142,490,1
1142,495,1
614,1142,0
675,1142,0
814,1142,0
1142,851,1
876,1142,0
1142,971,1
1142,1096,1
1142,1140,1
1142,1311,1
1142,1391,1
1142,1760,1
1142,1808,1
1959,1142,0
1142,2058,1
2288,1142,0
1142,2472,0
1143,1518,0
1146,1472,0
1146,1687,0
1147,1446,0
1150,1844,0
1152,249,1
1152,2230,1
1152,2447,0
1153,2331,0
38,1154,0
1154,113,1
1154,547,1
1154,884,1
1154,912,1
1154,982,1
1154,1089,1
1128,1154,0
1415,1154,0
1154,1457,0
1956,1154,0
2051,1154,0
1154,2305,1
1156,1543,0
1156,1931,0
1156,2411,0
1157,1173,0
1158,1335,0
1159,27,1
100,1159,0
1159,293,1
307,1159,0
1159,336,1
393,1159,0
1159,577,1
635,1159,0
1159,707,1
1159,795,1
1159,843,1
1159,870,1
953,1159,0
1159,962,1
1159,976,1
1159,1176,1
1159,1182,1
1159,1235,1
1365,1159,0
1427,1159,0
1159,1466,1
1506,1159,0
1521,1159,0
1159,1648,1
1159,1650,1
1159,1663,1
1159,1691,1
1159,1765,1
1159,1773,1
1159,1868,1
1999,1159,0
2098,1159,0
1159,2128,1
1159,2353,1
1159,2423,1
1160,29,1
1160,824,1
1160,1058,1
1160,1174,1
1160,1215,1
1160,1325,1
1160,1655,0
1162,255,1
1162,415,1
1162,761,1
861,1162,0
1162,1267,1
1406,1162,0
1162,1457,1
1710,1162,0
1162,1859,1
1162,1883,1
1162,1900,1
2132,1162,0
1162,2274,1
1162,2402,1
1162,2404,1
2407,1162,0
2408,1162,0
1163,939,1
1163,1427,1
1164,1575,0
1164,1772,0
1164,1785,0
1165,1361,0
1165,1577,0
1165,2162,0
1167,1487,0
1170,1693,0
1171,99,1
1259,1171,0
1264,1171,0
1171,1436,1
1543,1171,0
1171,1862,1
1171,2087,0
1172,1262,0
1401,1172,0
1848,1172,0
1173,1235,0
1174,1256,0
1174,1290,0
1174,2440,0
1174,2448,0
1175,1941,0
30,1177,0
1177,1931,0
1177,2457,0
1178,1692,0
1180,2258,0
1181,241,1
1181,587,1
1181,635,1
1181,939,1
1181,1215,1
1309,1181,0
1181,1316,1
1182,700,1
1182,846,1
1824,1182,0
1182,1870,0
1182,2285,0
1182,2447,0
1183,1187,0
1184,1826,0
1185,1483,0
1185,1940,0
891,1186,0
1186,1566,0
1186,1810,0
1913,1186,0
1186,2183,1
1186,2314,0
1188,1390,0
1188,1490,0
1189,1359,0
1190,1886,0
1191,2292,0
1196,2427,0
815,1197,0
1197,1739,1
1197,1826,1
1197,2303,0
1198,619,1
1198,1554,0
1198,1562,0
1198,1910,0
1198,2433,0
1199,1209,0
1694,1199,0
1202,108,1
1202,128,1
1202,329,1
542,1202,0
732,1202,0
1202,833,1
1202,881,1
1202,1316,1
1202,1993,1
1203,433,1
1203,1443,1
1205,1422,0
1207,1380,0
99,1208,0
1208,122,1
1208,171,1
1208,257,1
307,1208,0
326,1208,0
1208,434,1
1208,632,1
1208,654,1
1208,659,1
1208,759,1
1208,939,1
959,1208,0
1077,1208,0
1208,1126,1
1196,1208,0
1208,1285,1
1319,1208,0
1208,1338,1
1208,1629,1
1643,1208,0
1208,1812,1
1874,1208,0
1208,2044,1
1208,2061,1
1208,2081,1
1208,2205,1
1208,2346,1
1209,700,1
1209,1465,1
1209,1872,0
1210,1403,0
1211,2406,0
1212,283,1
500,1212,0
1239,1212,0
1383,1212,0
1212,1415,1
1212,1441,1
1212,2053,1
2137,1212,0
1212,2151,1
1212,2309,1
1214,71,1
270,1214,0
1214,1496,0
1214,2205,0
1215,8,1
9,1215,0
1215,40,1
44,1215,0
1215,174,1
1215,203,1
1215,253,1
279,1215,0
1215,307,1
1215,330,1
367,1215,0
1215,378,1
449,1215,0
1215,485,1
1215,490,1
1215,512,1
1215,518,1
522,1215,0
546,1215,0
591,1215,0
1215,633,1
1215,635,1
1215,690,1
1215,744,1
1215,800,1
1215,801,1
1215,809,1
1215,843,1
1215,877,1
1215,891,1
1215,922,1
1215,929,1
939,1215,0
1215,977,1
1055,1215,0
1215,1119,1
1175,1215,0
1215,1176,1
1179,1215,0
1215,1198,1
1215,1202,1
1215,1431,1
1432,1215,0
1215,1529,1
1215,1553,1
1215,1569,1
1215,1576,1
1654,1215,0
1691,1215,0
1215,1706,1
1215,1724,1
1215,1729,1
1746,1215,0
1808,1215,0
1215,1847,1
1215,1896,1
1899,1215,0
1215,1962,1
1965,1215,0
1966,1215,0
1215,1986,1
1215,2113,1
1215,2236,1
1215,2238,1
1215,2274,0
1215,2330,1
2332,1215,0
1215,2333,1
2340,1215,0
2347,1215,0
2378,1215,0
2379,1215,0
1215,2389,1
1216,2270,0
1217,2281,0
1218,531,1
1218,624,1
1218,1382,0
1218,1641,0
1218,2002,0
1219,2165,0
1220,65,1
1220,99,1
1220,129,1
1220,237,1
290,1220,0
1220,303,1
412,1220,0
450,1220,0
1220,469,1
605,1220,0
617,1220,0
1220,629,1
1220,690,1
704,1220,0
1220,710,1
745,1220,0
939,1220,0
1220,1345,1
1220,1860,0
1220,1877,1
1220,1921,1
1220,1926,1
1968,1220,0
1220,2047,1
1220,2163,1
1220,2268,1
1220,2404,0
508,1221,0
1221,1879,0
843,1222,0
1222,1501,0
1223,355,1
1223,585,1
1223,1461,1
1223,1552,1
1223,1853,1
1223,2289,1
1223,2373,1
1225,47,1
1225,81,1
99,1225,0
1225,136,1
1225,153,1
1225,902,1
1110,1225,0
1213,1225,0
1225,1675,1
1895,1225,0
1226,512,1
1226,1717,0
1227,2256,0
700,1228,0
1465,1228,0
1228,2136,0
1228,2385,1
1229,2237,0
63,1231,0
1231,269,1
433,1231,0
470,1231,0
519,1231,0
1231,563,1
635,1231,0
1231,638,1
687,1231,0
1231,709,1
833,1231,0
1231,974,1
1231,1215,1
1231,1298,1
1231,1591,1
1231,1668,0
1231,1820,1
2081,1231,0
1232,1760,0
1233,2222,0
1236,1586,0
1236,2151,0
1237,2399,0
1237,2474,0
1238,1307,0
1239,1904,0
1239,2434,0
1240,1752,0
1240,2225,0
1241,1808,0
1241,2469,0
1242,1653,0
1242,1698,0
1242,1827,0
1243,2089,0
1243,2110,0
1244,2454,0
1246,2142,0
1247,2219,0
1248,2011,0
1248,2302,0
1249,1894,0
1250,1582,0
1251,2004,0
1252,340,1
1253,126,1
1253,625,1
635,1253,0
660,1253,0
1253,687,1
1253,728,1
1253,833,1
872,1253,0
1253,1064,1
1215,1253,0
1251,1253,0
1253,1351,1
2063,1253,0
1253,2068,1
2125,1253,0
2140,1253,0
1253,2225,1
2456,1253,0
1254,334,1
1254,1533,0
1254,1973,1
1254,2383,0
1254,2447,0
1255,1454,0
1255,1701,0
1255,2418,0
1256,2372,0
1257,1301,0
1257,1759,0
1259,1586,0
1259,1628,0
1259,2428,0
1260,1573,0
1260,2026,0
1262,1788,0
1263,1721,0
1263,2442,0
63,1264,0
1264,282,1
1264,326,1
1264,333,1
1264,470,1
1264,479,1
635,1264,0
1264,638,1
669,1264,0
1264,1215,1
1264,1230,1
1264,1298,1
1264,1419,0
1555,1264,0
1264,1728,1
1264,1820,1
1264,1987,1
1264,1999,1
2035,1264,0
1264,2055,0
2081,1264,0
1264,2183,1
2266,1264,0
2364,1264,0
1264,2424,0
1265,2123,0
1265,2242,0
1267,1661,0
1268,519,1
1445,1268,0
1268,1682,1
1268,2103,0
1268,2135,0
1269,1426,0
1269,1488,0
1271,1961,0
1272,1678,0
1272,2357,0
1274,591,1
1274,1294,1
1275,2316,0
415,1277,0
1277,571,1
1657,1277,0
1277,2082,0
2426,1277,0
34,1280,0
1280,47,1
245,1280,0
1280,681,1
1280,801,1
1280,846,1
939,1280,0
1280,1094,1
1280,1118,1
1280,1215,1
2284,1280,0
1280,2383,1
1281,1881,0
1281,2311,0
1282,21,1
1282,275,1
1282,563,1
1282,595,1
597,1282,0
635,1282,0
1282,669,1
814,1282,0
1282,939,1
1282,979,1
1282,1009,1
1282,1074,1
1282,1077,1
1282,1215,1
1282,1278,1
1282,1585,1
1282,1641,1
1794,1282,0
1905,1282,0
1282,1906,1
1282,1908,1
1282,1909,1
1282,1975,1
1282,2170,1
1282,2176,1
1282,2178,1
1282,2248,1
1282,2252,1
2336,1282,0
1282,2337,1
1283,1629,1
1992,1283,0
99,1284,0
1284,2148,0
1285,1313,0
1285,2053,0
1285,2330,0
1285,2379,0
1568,1286,0
1286,2204,0
1287,1559,0
21,1288,0
1288,275,1
595,1288,0
1288,604,1
648,1288,0
1288,814,1
979,1288,0
1077,1288,0
1288,1419,1
1288,1585,1
1288,1641,1
1288,1773,0
1794,1288,0
1288,1834,1
1288,1902,1
1288,1904,1
1905,1288,0
1288,1975,1
2170,1288,0
1288,2176,1
2178,1288,0
2185,1288,0
2248,1288,0
1288,2337,1
1289,1593,0
1290,1499,0
1291,2152,0
1292,149,1
1292,304,1
1292,635,1
1292,889,1
1292,893,1
918,1292,0
1292,939,1
1215,1292,0
1292,1292,1
1384,1292,0
1292,1521,0
1292,1523,1
1292,1688,1
1925,1292,0
1292,1972,1
2090,1292,0
1293,1653,0
1293,1993,0
1294,1767,0
1295,2409,0
1297,1796,0
1297,2066,0
269,1300,0
823,1300,0
939,1300,0
1300,1839,0
1300,2368,1
1301,1772,0
700,1302,0
779,1302,0
1302,959,1
1024,1302,0
1445,1302,0
1690,1302,0
1824,1302,0
1302,2438,0
1303,1414,0
1303,1520,0
1304,63,1
1304,340,1
927,1304,0
1304,1085,1
1304,1405,1
1304,1654,0
1834,1304,0
1304,2396,0
1305,1632,0
1305,1633,1
1305,2229,0
1306,625,1
1307,1789,0
1307,2037,0
1309,526,1
1309,907,1
1309,1291,1
1309,1397,0
1441,1309,0
1309,1478,0
1309,1500,1
1309,2116,0
1309,2278,0
1311,7,1
47,1311,0
1311,97,1
1311,101,1
1311,106,1
109,1311,0
134,1311,0
1311,149,1
155,1311,0
179,1311,0
1311,223,1
262,1311,0
1311,279,1
1311,285,1
1311,290,1
1311,293,1
1311,304,1
1311,326,1
1311,332,1
1311,358,1
1311,369,1
415,1311,0
1311,459,1
1311,471,1
1311,493,1
1311,494,1
1311,496,1
503,1311,0
554,1311,0
1311,563,1
1311,629,1
1311,635,1
1311,653,1
1311,683,1
1311,701,1
714,1311,0
1311,735,1
1311,736,1
800,1311,0
1311,814,1
1311,838,1
855,1311,0
862,1311,0
1311,877,1
1311,892,1
1311,920,1
1311,939,1
1311,997,1
1033,1311,0
1311,1039,1
1311,1042,1
1311,1049,1
1311,1057,1
1311,1058,1
1069,1311,0
1311,1078,1
1088,1311,0
1311,1098,1
1311,1126,1
1311,1150,1
1311,1182,1
1311,1236,1
1311,1259,1
1263,1311,0
1278,1311,0
1311,1292,1
1311,1310,1
1311,1325,1
1311,1329,1
1311,1342,1
1311,1351,1
1311,1404,1
1311,1405,1
1311,1447,1
1454,1311,0
1311,1471,1
1311,1541,1
1311,1592,1
1311,1603,1
1629,1311,0
1311,1653,1
1311,1665,1
1311,1677,1
1311,1691,1
1311,1760,1
1311,1773,1
1311,1798,1
1812,1311,0
1311,1819,1
1311,1873,1
1311,1887,1
1311,1913,1
1921,1311,0
1311,1924,1
1311,1926,1
1946,1311,0
1311,2005,1
1311,2019,1
2032,1311,0
1311,2034,1
2067,1311,0
1311,2085,1
1311,2113,1
1311,2130,1
1311,2231,1
1311,2238,1
1311,2247,0
2299,1311,0
1311,2303,1
1311,2340,1
2353,1311,0
1312,939,1
1313,51,1
1302,1313,0
1313,1350,1
1313,1873,1
1314,100,1
1314,116,1
188,1314,0
1314,254,1
1314,355,1
1314,361,1
1314,563,1
637,1314,0
758,1314,0
1314,796,1
974,1314,0
1314,1215,1
1314,1348,1
1314,1425,1
1621,1314,0
1314,1679,1
1314,1747,1
1314,2056,0
1314,2466,1
1315,1371,0
1316,1528,0
1317,603,1
1317,679,1
923,1317,0
928,1317,0
1293,1317,0
1317,1441,1
1547,1317,0
1317,1611,1
1317,1618,1
1317,1698,0
2161,1317,0
2220,1317,0
1318,2218,0
1320,1576,0
1322,2240,0
1275,1323,0
1323,2141,0
1327,1495,0
1327,1562,0
1328,2259,0
1330,1465,0
1330,1743,0
1330,1972,0
1330,2079,0
1331,1397,0
300,1332,0
1086,1332,0
1332,1415,1
1332,1441,1
1332,2075,1
1332,2224,1
1332,2309,1
1333,2323,0
1334,47,1
419,1334,0
1092,1334,0
1336,1353,0
1337,1812,0
1882,1337,0
1339,78,1
139,1339,0
1339,163,1
302,1339,0
1339,354,1
1339,364,1
408,1339,0
1339,411,1
478,1339,0
624,1339,0
1339,636,1
637,1339,0
1339,717,1
741,1339,0
773,1339,0
1339,791,1
1339,817,1
1339,930,1
1045,1339,0
1339,1135,1
1339,1153,1
1339,1189,1
1339,1303,1
1339,1387,1
1339,1423,1
1339,1470,1
1339,1481,1
1339,1522,1
1339,1535,1
1339,1561,1
1615,1339,0
1339,1655,1
1693,1339,0
1339,1726,1
1339,1754,1
1339,1790,1
1809,1339,0
1339,1836,1
1867,1339,0
1963,1339,0
1339,1997,1
1339,2065,1
1339,2076,1
1339,2180,1
1339,2232,1
1339,2241,0
1339,2254,1
2366,1339,0
1340,63,1
1340,625,1
1340,644,1
1340,706,1
761,1340,0
781,1340,0
1340,1626,1
1340,1682,1
1792,1340,0
1340,1900,1
1920,1340,0
2361,1340,0
1341,1739,0
1342,1945,0
1343,2404,1
1077,1345,0
1345,1357,0
1345,2463,0
1346,79,1
1346,99,1
1346,690,1
1346,750,1
1346,1965,1
1347,1495,0
1347,1987,0
1348,673,1
1348,674,1
1348,994,1
1348,1258,1
1349,2403,0
1350,1469,0
1352,1612,0
64,1353,0
1353,1705,1
1353,2055,1
2222,1353,0
1353,2244,1
2291,1353,0
1353,2317,1
2319,1353,0
2320,1353,0
1353,2376,1
1353,2393,1
2401,1353,0
2409,1353,0
1354,1403,0
1354,1484,0
29,1355,0
1355,221,1
1355,251,1
339,1355,0
386,1355,0
1355,399,1
1355,426,1
1355,448,1
452,1355,0
1355,459,1
512,1355,0
1355,563,1
1355,599,1
654,1355,0
656,1355,0
661,1355,0
1355,664,1
1355,690,1
800,1355,0
1355,920,1
1355,939,1
1355,1143,1
1355,1243,1
1355,1293,1
1318,1355,0
1355,1458,1
1355,1489,1
1355,1510,1
1355,1529,1
1576,1355,0
1355,1602,1
1355,1712,1
1879,1355,0
1355,1921,1
1355,1993,1
1355,2055,0
1355,2203,1
1356,1667,0
1356,1676,0
1357,2448,0
1358,1980,1
1358,2113,0
1359,102,1
408,1359,0
1359,427,1
1359,432,1
1359,624,1
1359,628,1
1359,635,1
1359,690,1
864,1359,0
900,1359,0
1359,935,1
939,1359,0
1359,1072,1
1094,1359,0
1359,1307,1
1359,1322,1
1359,1351,1
1359,1383,1
1415,1359,0
1416,1359,0
1466,1359,0
1359,1488,1
1359,1601,1
1359,1724,1
1359,1783,1
1359,1836,1
1359,1847,1
1868,1359,0
1359,1912,1
1359,1921,1
1359,1965,1
2015,1359,0
2035,1359,0
2183,1359,0
1359,2342,1
1359,2426,1
1359,2462,1
1360,1158,1
1360,1772,0
1361,2461,0
1363,1391,0
1365,79,1
1365,99,1
1365,430,1
563,1365,0
1365,933,1
1365,1091,1
1365,1278,1
1365,1469,1
1365,1921,1
1365,2039,1
1365,2044,1
1366,1820,0
1367,2172,0
1367,2294,0
1369,1981,0
1369,2009,0
1369,2171,0
1370,2432,0
1371,1663,1
1371,1898,0
1371,2029,0
1371,2181,0
1372,1549,0
1373,1771,0
1374,1522,0
1374,1850,0
1375,1537,0
1376,1497,0
1376,1875,0
1377,1274,1
1377,2176,0
539,1378,0
1379,2103,0
399,1380,0
1381,23,1
1381,173,1
1381,537,1
1381,559,1
1381,619,1
645,1381,0
1381,1205,1
1381,1236,1
1473,1381,0
1381,1600,1
1381,1846,1
1381,1955,1
1381,1999,1
2404,1381,0
1381,2428,0
1382,2123,0
1385,2173,0
1386,1565,0
1386,1856,0
1388,1663,0
1389,2033,0
1390,1483,0
1391,1469,0
1392,1513,0
1393,399,1
1393,1541,0
1393,1939,1
1395,1793,0
1396,206,1
1396,370,1
619,1396,0
1396,913,1
1396,1113,1
1122,1396,0
1396,1347,1
1396,1449,0
1450,1396,0
1396,1953,1
1400,654,1
939,1400,0
1196,1400,0
1215,1400,0
1400,1902,0
1400,2218,0
1403,102,1
133,1403,0
1403,189,1
1403,432,1
602,1403,0
624,1403,0
1403,628,1
1403,634,1
690,1403,0
716,1403,0
1403,729,1
1403,864,1
1403,900,1
935,1403,0
1403,939,1
1072,1403,0
1403,1232,1
1403,1307,1
1403,1322,1
1351,1403,0
1403,1383,1
1441,1403,0
1466,1403,0
1403,1488,1
1495,1403,0
1513,1403,0
1545,1403,0
1403,1601,1
1403,1711,1
1403,1724,1
1403,1786,0
1836,1403,0
1403,1847,1
1868,1403,0
1912,1403,0
1921,1403,0
1403,1965,1
1403,2015,1
1403,2053,1
1403,2241,0
1403,2342,1
2411,1403,0
1403,2426,1
1404,213,1
1404,1696,0
1404,2337,0
1408,1697,0
1409,939,1
1834,1409,0
1409,2085,0
1411,107,1
870,1411,0
1050,1411,0
1411,1539,1
1411,1999,1
1411,2447,1
1413,1860,0
1417,1926,0
1417,1942,0
1417,2302,0
1417,2331,1
1418,1740,0
1420,2355,0
1420,2453,0
1421,1782,0
1422,939,1
1422,2281,1
1423,2014,0
1423,2035,0
1425,1861,0
1425,1923,0
1425,2343,0
1427,1496,0
1427,1821,0
1428,1883,0
1430,1628,0
1434,1544,0
1434,2067,0
1434,2233,0
1434,2397,0
1435,95,1
1435,1181,1
1435,1316,1
1435,1377,1
1435,1672,1
1702,1435,0
1435,1969,1
1435,2052,1
2202,1435,0
1436,99,1
1436,281,1
1436,718,1
1436,848,1
1436,1526,0
1436,1825,0
1436,1848,1
1436,2118,1
2144,1436,0
1436,2320,0
1437,1993,1
1437,2056,0
1438,629,1
1438,632,1
1438,672,1
991,1438,0
1438,1788,0
1438,1958,1
1438,2326,1
1439,63,1
1439,283,1
326,1439,0
1439,470,1
635,1439,0
1439,669,1
684,1439,0
833,1439,0
1230,1439,0
1439,1298,1
1439,1820,1
1439,1882,0
1999,1439,0
1439,2081,1
1439,2183,1
1439,2404,0
1440,1868,0
1443,1584,0
1443,1689,0
1443,2352,0
1446,1655,0
1446,1947,0
1446,2422,0
1447,1785,0
1447,2399,0
8,1450,0
207,1450,0
1450,653,1
1450,800,1
1450,855,1
877,1450,0
1315,1450,0
1351,1450,0
1450,1418,1
1450,1921,1
1450,1926,0
1450,2149,1
1450,2181,0
1450,2356,1
1451,1657,0
1451,2224,0
99,1452,0
1452,1886,1
1455,1815,0
1456,1655,0
1456,1766,0
1457,1680,0
1457,1808,0
1458,1924,0
1458,2444,0
1459,153,1
1459,2316,1
1464,2237,0
1465,1599,0
1467,2468,0
1468,1586,0
1468,1658,0
90,1469,0
1469,131,1
369,1469,0
408,1469,0
476,1469,0
1469,634,1
672,1469,0
781,1469,0
809,1469,0
891,1469,0
972,1469,0
1028,1469,0
1042,1469,0
1469,1060,1
1469,1080,1
1469,1126,1
1469,1196,1
1469,1263,1
1469,1307,1
1469,1397,1
1469,1413,1
1469,1450,1
1469,1488,1
1469,1501,1
1469,1541,1
1469,1574,1
1722,1469,0
1767,1469,0
1469,1834,1
1469,1864,1
1469,1892,1
1469,1989,1
1469,2011,1
1469,2342,1
2447,1469,0
1470,1727,0
1470,2200,0
1472,399,1
1472,635,1
1170,1472,0
1202,1472,0
1472,1215,1
1472,1620,1
1802,1472,0
1472,1881,0
1980,1472,0
2269,1472,0
1474,265,1
1474,635,1
1474,1740,0
1475,61,1
1475,191,1
1475,376,1
1475,413,1
1475,437,1
1475,527,1
1475,655,1
1475,685,1
1475,824,1
1475,1025,1
1475,1095,1
1475,1233,1
1475,1336,1
1475,1404,1
1475,1462,1
1475,1644,1
1766,1475,0
1813,1475,0
1476,1954,0
1477,1752,0
1477,1962,0
1477,2377,0
1480,312,1
758,1480,0
803,1480,0
1480,1205,1
1480,1272,1
1480,1480,1
1480,1482,0
1480,1551,1
1480,1691,1
1480,1705,1
1480,1851,1
1480,2349,1
1481,1855,0
1482,1987,0
1482,2283,0
1483,2230,0
1484,1821,0
1485,265,1
1485,2358,0
213,1486,0
1486,838,1
1486,954,1
1487,1927,0
1487,2243,0
1489,2325,0
1491,63,1
1491,326,1
1491,470,1
1491,635,1
669,1491,0
1491,833,1
1491,1230,1
1491,1298,1
1491,1717,0
2035,1491,0
2081,1491,0
1491,2183,1
1491,2188,0
1492,628,1
1495,1863,0
1496,415,1
1496,535,1
1496,2215,0
1497,1716,0
1497,2381,0
1498,373,1
1498,1050,1
1498,1446,1
1498,2305,0
1499,2174,0
1500,1813,0
1501,1640,0
1503,834,1
1503,1415,1
1503,2238,1
1505,269,1
1505,304,1
1505,939,1
1505,1688,1
1507,1118,1
1508,1816,0
1508,2288,0
1511,2175,0
1511,2322,0
1512,2400,0
1513,1905,0
1515,1509,1
1515,1767,0
1515,2152,0
1515,2252,0
1516,2113,0
1516,2356,0
560,1519,0
1519,1477,1
1519,1540,1
1519,1765,0
1520,245,1
1520,351,1
1520,563,1
812,1520,0
1520,1533,1
1520,2351,0
1521,2263,0
1525,1550,0
386,1526,0
1526,1847,0
1526,2061,0
1526,2238,1
1527,1727,0
1528,2178,0
1531,29,1
188,1531,0
646,1531,0
732,1531,0
1531,1196,1
1531,1221,1
1531,1348,1
1531,1468,1
1664,1531,0
1531,1824,1
1531,2115,0
1531,2385,1
1532,1901,0
1533,2279,0
1534,1886,0
1536,1805,0
1538,1748,0
635,1542,0
826,1542,0
1542,1469,1
1542,1830,0
1542,2122,1
1543,79,1
1543,276,1
1543,294,1
1543,328,1
350,1543,0
1543,353,1
1543,575,1
644,1543,0
1543,891,1
1259,1543,0
1516,1543,0
1543,1754,1
1543,1847,1
1544,98,1
1544,341,1
600,1544,0
707,1544,0
840,1544,0
1544,870,1
1544,908,1
1544,1170,1
1182,1544,0
1544,1480,1
1695,1544,0
1544,1765,1
1544,1847,1
1544,1868,1
1544,2038,0
2098,1544,0
1545,1756,0
1545,2390,0
102,1546,0
1546,408,1
1546,432,1
1546,624,1
628,1546,0
1546,690,1
737,1546,0
1546,763,1
1546,900,1
935,1546,0
1546,963,1
1072,1546,0
1546,1094,1
1546,1307,1
1546,1322,1
1546,1351,1
1383,1546,0
1546,1416,1
1546,1466,1
1546,1488,1
1601,1546,0
1546,1724,1
1836,1546,0
1847,1546,0
1546,1868,1
1546,1912,1
1921,1546,0
1546,1965,1
2035,1546,0
1546,2053,1
1546,2183,1
2293,1546,0
1546,2342,1
1549,755,1
1549,1182,1
1550,2438,0
1554,1724,0
1556,1595,0
1556,1597,0
1556,1787,0
1557,2054,0
1558,870,1
1558,1868,1
1999,1558,0
1558,2003,0
1559,213,1
1559,258,1
1559,346,1
1559,445,1
1559,520,1
1559,523,1
1559,583,1
1559,636,1
1559,686,1
786,1559,0
1559,814,1
1559,891,1
1559,910,1
966,1559,0
1559,1054,1
1559,1160,1
1559,1183,1
1559,1239,1
1293,1559,0
1559,1331,1
1559,1663,1
1559,1762,1
1559,2026,1
2058,1559,0
1559,2111,1
1559,2252,0
1560,1630,0
1560,1684,0
1560,2163,0
1560,2309,0
1560,2324,0
1561,2214,0
1562,1626,0
1563,2339,0
1563,2448,0
1991,1564,0
1564,2271,0
1566,2240,1
1567,1903,0
1567,2079,0
1567,2347,0
1568,19,1
169,1568,0
292,1568,0
964,1568,0
1083,1568,0
1568,1102,1
1568,1348,1
1568,1663,1
1568,1682,1
1568,1715,1
1568,1972,1
1568,1976,1
1568,2035,1
1568,2138,1
2469,1568,0
1569,2409,0
1569,2423,0
1570,2314,0
1571,1883,0
1571,2462,0
1572,1688,1
1572,1795,0
1573,1912,0
1574,1950,0
1575,635,1
1327,1575,0
1575,1837,0
1985,1575,0
1576,1653,0
1578,47,1
1578,1278,1
1578,2087,1
1581,1242,1
1581,1823,0
1582,1698,0
1583,2037,0
1585,2397,0
441,1586,0
665,1586,0
1587,2356,0
1588,1847,1
1589,2024,0
1590,2404,0
1591,2361,0
1595,1832,0
1596,1972,0
1596,2125,1
408,1597,0
1597,634,1
1597,935,1
1597,1072,1
1597,1307,1
1597,1322,1
1597,1488,1
1597,1618,0
1597,1836,1
1602,2432,0
1603,1996,0
1834,1604,0
1604,2456,0
23,1606,0
1606,190,1
1606,584,1
1606,725,1
1606,870,1
1181,1606,0
1606,1377,1
1672,1606,0
1969,1606,0
1606,2052,1
1606,2202,1
2277,1606,0
1608,1847,1
1609,546,1
1609,619,1
1609,974,1
1215,1609,0
1609,1459,1
1609,1699,0
1609,1819,1
1609,1970,1
2183,1609,0
1609,2443,1
1610,2038,0
1613,2358,0
619,1616,0
1616,823,1
1616,1018,1
1142,1616,0
1616,1543,1
1616,1758,0
144,1617,0
1617,628,1
1617,997,1
1617,1764,1
1617,2010,1
1617,2324,0
1621,1986,0
1622,1862,0
1623,939,1
1623,1836,0
1624,2008,0
304,1625,0
647,1625,0
1625,2025,0
1625,2182,0
1626,1699,0
1627,1997,0
1628,2412,0
28,1629,0
1629,32,1
195,1629,0
1629,307,1
660,1629,0
974,1629,0
1040,1629,0
1574,1629,0
1629,1992,1
32,1631,0
603,1631,0
672,1631,0
1631,939,1
1631,959,1
1631,1113,1
1631,1196,1
1287,1631,0
1631,1565,1
1631,1735,0
1632,571,1
881,1632,0
2426,1632,0
1633,2458,0
1634,1497,1
1636,2445,0
1637,216,1
591,1637,0
1702,1637,0
1637,2148,1
1637,2277,0
1638,2316,0
1639,1888,0
1640,2086,0
1644,2208,0
1644,2455,0
1645,385,1
412,1645,0
1875,1645,0
2405,1645,0
1647,1821,0
1649,2314,0
1651,2419,0
673,1652,0
1652,810,1
1205,1652,0
1652,2385,1
1653,328,1
1215,1653,0
1653,2302,0
1657,2259,0
1659,2400,0
1662,1827,0
1663,1945,0
1663,2361,0
1666,1787,0
1666,2380,0
1667,2198,0
1668,2296,0
1669,1986,0
1670,79,1
1460,1670,0
1670,1700,0
1670,1750,0
1670,2124,1
1671,1613,1
1671,1673,1
1671,2446,1
241,1672,0
1673,2343,0
1678,1997,0
1679,574,1
1264,1679,0
1679,1414,1
1679,1933,1
1680,1738,1
1680,2204,0
2385,1680,0
1681,924,1
1681,1731,1
1681,1910,0
1681,1993,1
1683,2059,0
1685,1884,0
1685,1941,0
1686,1895,0
1689,1848,0
1689,2456,0
1690,2078,0
690,1692,0
1692,902,1
1692,1420,1
1512,1692,0
1692,2229,0
1693,1954,0
1696,2291,0
1697,496,1
1697,1234,1
2238,1697,0
1699,1734,0
1699,2131,0
1700,92,1
1700,176,1
1700,196,1
1700,380,1
1700,690,1
796,1700,0
1005,1700,0
1126,1700,0
1700,1195,1
1700,1215,1
1700,1467,1
1700,2091,0
1700,2105,1
1700,2225,1
187,1701,0
1701,1706,0
1702,587,1
1702,635,1
1702,813,1
1702,939,1
1202,1702,0
1702,1309,1
1316,1702,0
1702,2273,1
1703,1792,0
1703,2174,0
1704,2028,0
1705,2010,0
1705,2133,0
415,1709,0
1709,465,1
1709,713,1
1709,742,1
1709,2112,1
1710,269,1
1710,383,1
1710,1817,0
1711,2296,0
1716,2234,0
1718,889,1
1718,959,1
1719,300,1
1719,605,1
1086,1719,0
1719,1239,1
1719,1415,1
1441,1719,0
1719,1503,1
1719,2075,1
1719,2224,1
2308,1719,0
1719,2309,1
1719,2324,1
1720,1964,0
1721,1867,0
1722,2203,0
1723,1848,0
1723,2314,0
1724,2086,0
1724,2307,0
1726,1746,0
1730,2176,0
1731,739,1
924,1731,0
1733,3,1
1733,255,1
1733,293,1
1733,315,1
1733,325,1
464,1733,0
1733,693,1
1733,761,1
1733,939,1
1733,1131,1
1733,1208,1
1704,1733,0
1733,1788,0
1733,1820,1
1733,2020,1
1733,2299,1
1733,2407,1
1733,2408,1
1734,30,1
1734,59,1
1734,244,1
1734,311,1
1734,1196,1
1263,1734,0
1553,1734,0
1734,1799,1
2446,1734,0
1736,1998,0
1737,2226,0
273,1738,0
1740,2465,0
1744,430,1
1746,681,1
1746,1860,1
1746,2318,1
1748,2281,0
1749,706,1
1749,1983,0
1233,1750,0
1750,1834,0
1750,1987,0
1751,296,1
1717,1751,0
1751,2081,0
1753,1660,1
1754,1832,0
1757,1534,1
1757,1607,1
213,1759,0
1759,989,1
1868,1759,0
1759,2035,1
1759,2185,0
1764,2413,0
1766,1900,0
1767,1825,0
1767,2268,0
1768,1967,0
119,1769,0
1769,476,1
1770,25,1
1770,32,1
1770,126,1
213,1770,0
1770,242,1
1770,335,1
1770,467,1
1770,584,1
1770,608,1
1770,625,1
635,1770,0
1770,687,1
1770,706,1
1770,728,1
743,1770,0
751,1770,0
1770,820,1
833,1770,0
1770,872,1
1770,1052,1
1770,1064,1
1205,1770,0
1215,1770,0
1219,1770,0
1770,1612,1
1705,1770,0
1770,1898,1
1770,1913,1
1770,1921,1
1978,1770,0
2125,1770,0
1770,2140,1
1770,2309,1
1770,2456,1
1771,99,1
1771,100,1
116,1771,0
144,1771,0
1771,188,1
1771,309,1
1771,355,1
361,1771,0
1771,433,1
1771,520,1
1771,587,1
1771,608,1
1771,637,1
1771,659,1
1771,833,1
1771,939,1
1771,1156,1
1215,1771,0
1771,1425,1
1771,1441,1
1771,1621,1
1771,1705,1
1790,1771,0
1771,1793,1
1817,1771,0
1771,1832,1
2010,1771,0
2189,1771,0
1771,2200,1
1771,2267,1
1773,635,1
1773,1290,1
1633,1773,0
1659,1774,0
1774,2107,0
1775,2130,0
1775,2292,0
1776,2047,0
1777,258,1
1777,314,1
412,1777,0
1777,846,1
1778,2375,0
1779,2160,0
1780,1789,0
1780,2174,0
1781,2398,0
654,1782,0
1782,911,1
1782,1425,1
1782,1427,1
1782,2093,0
1782,2155,0
1783,2286,0
1784,2041,0
1786,2138,0
1787,220,1
1789,2139,0
1790,2231,0
1790,2456,0
1796,1389,1
1796,1956,0
1797,1991,0
1800,2100,0
1800,2354,0
79,1802,0
1802,228,1
1802,283,1
635,1802,0
687,1802,0
1802,690,1
819,1802,0
1802,1215,1
1802,1230,1
1802,1537,1
1728,1802,0
505,1804,0
1804,526,1
711,1804,0
1804,1291,1
1804,1917,0
1804,2035,0
1804,2137,1
1805,2291,0
68,1806,0
1806,214,1
584,1806,0
1806,725,1
1215,1806,0
1377,1806,0
1806,1702,1
1806,1918,1
1926,1806,0
2052,1806,0
1806,2202,1
2277,1806,0
1807,3,1
1807,2223,0
1809,2039,0
82,1810,0
1810,1811,1
1810,1925,1
2058,1810,0
1812,2412,0
1814,1963,1
1815,1848,0
1816,1196,1
1817,2163,0
1818,1234,1
1921,1818,0
65,1819,0
1819,80,1
114,1819,0
126,1819,0
130,1819,0
1819,188,1
1819,211,1
213,1819,0
307,1819,0
1819,318,1
340,1819,0
360,1819,0
1819,361,1
1819,375,1
399,1819,0
1819,404,1
1819,412,1
1819,436,1
446,1819,0
1819,452,1
520,1819,0
1819,525,1
1819,542,1
1819,561,1
1819,571,1
602,1819,0
1819,628,1
1819,635,1
660,1819,0
1819,665,1
1819,667,1
1819,670,1
1819,673,1
1819,674,1
1819,687,1
690,1819,0
1819,700,1
718,1819,0
1819,728,1
1819,743,1
1819,798,1
1819,806,1
1819,833,1
877,1819,0
1819,893,1
902,1819,0
1819,939,1
1819,951,1
1819,994,1
1819,1009,1
1058,1819,0
1819,1062,1
1819,1066,1
1819,1078,1
1103,1819,0
1819,1168,1
1173,1819,0
1819,1176,1
1186,1819,0
1819,1196,1
1205,1819,0
1819,1206,1
1208,1819,0
1819,1215,1
1819,1219,1
1819,1224,1
1230,1819,0
1819,1251,1
1819,1258,1
1819,1268,1
1819,1320,1
1819,1385,1
1819,1404,1
1819,1466,1
1819,1621,1
1819,1638,1
1819,1654,1
1691,1819,0
1704,1819,0
1819,1705,1
1819,1724,1
1824,1819,0
1819,1836,1
1868,1819,0
1819,1882,1
1898,1819,0
1819,1899,1
1819,1914,1
1819,1926,1
1819,1929,1
1932,1819,0
1819,1998,1
1819,2064,1
1819,2077,1
1819,2124,1
1819,2140,1
1819,2144,1
2179,1819,0
1819,2191,1
1819,2329,1
2395,1819,0
2411,1819,0
2426,1819,0
1819,2456,1
1819,2475,1
1821,2291,0
1822,2111,0
1823,939,1
1825,2216,0
1829,1883,0
1830,2004,0
1830,2325,0
874,1831,0
1831,1763,1
1831,2266,0
1832,2086,0
1833,340,1
1833,635,1
1833,1014,1
1833,1405,1
1833,1585,1
1833,2214,1
24,1834,0
1834,79,1
99,1834,0
158,1834,0
272,1834,0
1834,348,1
394,1834,0
439,1834,0
1834,690,1
766,1834,0
1834,825,1
1834,939,1
1834,1117,1
1834,1290,1
1834,1316,1
1834,1327,1
1834,1363,1
1834,1404,1
1834,1527,1
1575,1834,0
1667,1834,0
1737,1834,0
1758,1834,0
1802,1834,0
1877,1834,0
1880,1834,0
1834,1907,1
1834,1918,0
1834,1926,1
1834,1948,1
1834,1955,1
1834,1967,1
1834,2054,1
2116,1834,0
2144,1834,0
1834,2197,1
1834,2224,1
1834,2345,1
1834,2351,1
1835,687,1
819,1835,0
974,1835,0
1921,1835,0
1835,1941,0
1835,2197,0
1838,2244,0
1839,2343,0
1842,50,1
1842,323,1
1842,505,1
1842,1239,1
1842,1415,1
1842,1676,1
1842,2009,0
2151,1842,0
1842,2233,1
1843,2322,0
430,1844,0
1844,2023,0
1845,2018,0
1846,2429,0
1849,79,1
1849,566,1
1849,1514,1
1849,1611,1
2331,1849,0
1852,2171,0
757,1854,0
1854,906,1
1854,2459,1
1857,2204,0
1858,2391,0
1859,2181,0
1861,1040,1
1865,2264,0
1866,2035,1
1866,2446,0
1868,11,1
1868,29,1
32,1868,0
1868,80,1
1868,213,1
1868,232,1
251,1868,0
1868,274,1
307,1868,0
1868,345,1
1868,361,1
1868,391,1
1868,412,1
1868,584,1
1868,603,1
1868,619,1
1868,625,1
660,1868,0
1868,706,1
707,1868,0
1868,732,1
1868,867,1
1868,876,1
1868,949,1
1868,959,1
1066,1868,0
1100,1868,0
1868,1147,1
1868,1161,1
1165,1868,0
1868,1176,1
1196,1868,0
1868,1205,1
1259,1868,0
1868,1352,1
1466,1868,0
1868,1661,1
1868,1664,1
1724,1868,0
1868,1788,1
1868,1824,1
1868,1838,1
1868,1847,1
1868,1868,1
1868,1893,1
1965,1868,0
2000,1868,0
1868,2182,1
2385,1868,0
1868,2435,1
1868,2453,1
1868,2458,1
1868,2464,1
1868,2465,1
2468,1868,0
1869,758,1
1869,796,1
1869,974,1
1869,1059,1
1869,1934,1
1870,2112,0
1872,2064,0
2316,1872,0
1874,1967,0
1876,38,1
113,1876,0
1876,884,1
982,1876,0
1876,1348,1
1876,2051,1
1876,2305,1
1878,430,1
567,1878,0
1878,1327,1
29,1881,0
213,1881,0
1881,318,1
1881,657,1
1881,658,1
728,1881,0
939,1881,0
951,1881,0
1064,1881,0
1164,1881,0
1881,1215,1
1251,1881,0
1351,1881,0
1881,1545,1
1881,1839,1
1881,1885,1
1881,1898,1
1881,1913,1
1881,1941,1
2125,1881,0
1881,2145,1
2192,1881,0
1881,2212,0
2456,1881,0
1884,863,1
1884,1926,0
1888,2110,0
1209,1889,0
1892,2285,0
1893,2027,0
2036,1895,0
1896,2086,0
11,1899,0
213,1899,0
457,1899,0
1352,1899,0
1899,2141,0
1899,2307,1
1899,2387,0
1899,2435,1
1900,2402,0
1904,2389,0
1906,2057,0
1906,2097,0
1908,2305,0
1911,1362,1
1911,1868,1
1911,2109,0
1911,2167,0
1911,2307,1
1912,2393,0
1913,2307,0
1915,1962,0
1915,1983,0
1915,2331,0
1917,399,1
1939,1917,0
1918,2455,0
1919,51,1
1919,99,1
1919,1215,1
1427,1919,0
2035,1919,0
1919,2056,1
2276,1919,0
1922,1992,0
1923,304,1
655,1923,0
1923,939,1
1182,1923,0
1927,1983,0
99,1928,0
1928,2284,0
2426,1929,0
1932,2331,0
1933,2096,0
1933,2120,0
1934,47,1
1934,2269,0
1935,130,1
1935,293,1
1935,408,1
1935,706,1
1935,926,1
939,1935,0
1935,959,1
1935,998,1
1935,1049,1
1097,1935,0
1935,1118,1
1144,1935,0
1196,1935,0
1935,1221,1
1935,1239,1
1935,1296,1
1935,1415,1
1935,1444,1
1565,1935,0
1640,1935,0
1935,1847,1
1935,2073,1
1935,2432,1
1935,2473,1
1377,1936,0
2299,1936,0
1125,1938,0
1938,2004,0
1942,635,1
1942,690,1
1942,714,1
1802,1942,0
1942,2021,0
430,1943,0
1943,2339,1
1944,2052,0
1944,2250,0
1949,328,1
1949,2406,1
65,1950,0
116,1950,0
1950,178,1
1950,188,1
1950,300,1
1950,301,1
1950,306,1
533,1950,0
609,1950,0
619,1950,0
670,1950,0
1950,696,1
1950,771,1
1950,868,1
915,1950,0
939,1950,0
1950,1005,1
1030,1950,0
1142,1950,0
1161,1950,0
1950,1187,1
1950,1189,1
1950,1191,1
1270,1950,0
1950,1316,1
1950,1327,1
1328,1950,0
1405,1950,0
1499,1950,0
1950,1533,1
1950,1584,1
1585,1950,0
1950,1619,1
1950,1717,1
1937,1950,0
1955,1950,0
1997,1950,0
1950,2129,1
1950,2283,1
1950,2307,1
1950,2316,1
1950,2444,0
1951,268,1
1951,700,1
1951,859,1
1951,959,1
1951,1217,1
1424,1951,0
1426,1951,0
1661,1951,0
1951,1824,1
2204,1951,0
1951,2240,0
1951,2276,1
1951,2278,0
1951,2363,1
1951,2382,1
1951,2385,1
1951,2388,1
1951,2390,1
2391,1951,0
1952,48,1
1952,1660,1
1953,2059,0
3,1955,0
4,1955,0
1955,8,1
29,1955,0
1955,32,1
1955,51,1
1955,69,1
1955,71,1
1955,79,1
1955,81,1
95,1955,0
1955,100,1
1955,116,1
1955,186,1
213,1955,0
1955,235,1
1955,241,1
1955,242,1
1955,259,1
1955,268,1
1955,274,1
1955,277,1
301,1955,0
1955,304,1
1955,307,1
1955,323,1
1955,326,1
1955,339,1
1955,369,1
391,1955,0
1955,399,1
1955,405,1
408,1955,0
1955,412,1
1955,413,1
1955,422,1
1955,425,1
452,1955,0
1955,466,1
1955,482,1
1955,505,1
517,1955,0
546,1955,0
1955,547,1
563,1955,0
1955,584,1
589,1955,0
1955,619,1
635,1955,0
1955,638,1
646,1955,0
1955,660,1
669,1955,0
672,1955,0
1955,676,1
1955,688,1
696,1955,0
1955,700,1
1955,706,1
1955,707,1
1955,733,1
781,1955,0
785,1955,0
793,1955,0
1955,808,1
813,1955,0
823,1955,0
1955,828,1
1955,833,1
1955,843,1
853,1955,0
1955,870,1
1955,888,1
889,1955,0
891,1955,0
902,1955,0
1955,916,1
1955,936,1
1955,939,1
1955,951,1
1955,959,1
1955,965,1
1955,969,1
1955,981,1
1955,993,1
1042,1955,0
1955,1066,1
1955,1068,1
1097,1955,0
1126,1955,0
1144,1955,0
1955,1148,1
1955,1161,1
1196,1955,0
1955,1205,1
1217,1955,0
1955,1221,1
1228,1955,0
1955,1234,1
1955,1240,1
1250,1955,0
1259,1955,0
1270,1955,0
1351,1955,0
1394,1955,0
1424,1955,0
1426,1955,0
1428,1955,0
1433,1955,0
1448,1955,0
1955,1466,1
1955,1468,1
1955,1501,1
1955,1504,1
1537,1955,0
1583,1955,0
1585,1955,0
1635,1955,0
1647,1955,0
1955,1658,1
1661,1955,0
1664,1955,0
1955,1684,1
1955,1695,1
1955,1705,1
1955,1708,1
1712,1955,0
1955,1717,1
1955,1724,1
1955,1748,1
1955,1764,1
1801,1955,0
1955,1824,1
1955,1827,1
1839,1955,0
1955,1846,1
1899,1955,0
1913,1955,0
1955,1921,1
1926,1955,0
1955,1957,1
1955,1965,1
1955,1990,1
1997,1955,0
2011,1955,0
2012,1955,0
1955,2023,1
2044,1955,0
1955,2072,1
1955,2073,1
1955,2092,1
2107,1955,0
2108,1955,0
2119,1955,0
1955,2125,1
2131,1955,0
1955,2133,1
1955,2145,1
1955,2173,1
2223,1955,0
1955,2238,1
2241,1955,0
1955,2263,1
1955,2276,1
2279,1955,0
2296,1955,0
2299,1955,0
1955,2323,1
1955,2341,1
1955,2347,1
1955,2352,1
1955,2380,1
1955,2385,1
2388,1955,0
2390,1955,0
1955,2391,1
2427,1955,0
1955,2441,1
1955,2458,1
1955,2465,1
2469,1955,0
1956,2111,0
1959,2321,0
1960,946,1
1961,63,1
1961,1581,1
1961,2003,1
1962,1986,0
1965,2184,0
1966,2466,0
1970,59,1
1970,126,1
242,1970,0
340,1970,0
446,1970,0
1970,571,1
1970,584,1
1970,625,1
1970,635,1
1970,687,1
1970,705,1
1970,706,1
1970,718,1
1970,728,1
833,1970,0
1970,864,1
939,1970,0
1970,951,1
1064,1970,0
1970,1147,1
1970,1168,1
1173,1970,0
1970,1215,1
1970,1219,1
1224,1970,0
1970,1242,1
1970,1251,1
1970,1282,1
1970,1351,1
1654,1970,0
1970,1913,1
1921,1970,0
2063,1970,0
1970,2064,1
2125,1970,0
2140,1970,0
1970,2426,1
1972,635,1
669,1972,0
1972,1215,1
1974,2036,0
1978,2110,0
1979,2013,0
1316,1982,0
1988,2078,0
690,1990,0
184,1992,0
1992,195,1
1992,359,1
765,1992,0
877,1992,0
1115,1992,0
1992,1301,1
1437,1992,0
1992,1712,1
1835,1992,0
1995,99,1
1995,270,1
1995,361,1
1995,433,1
563,1995,0
939,1995,0
1995,1156,1
1995,1348,1
1995,1425,1
1995,1621,1
1705,1995,0
1817,1995,0
1995,1832,1
1995,2189,1
1995,2200,1
1995,2378,0
1996,2018,0
11,1999,0
457,1999,0
1999,1066,1
1999,1196,1
1352,1999,0
1999,1925,1
2002,234,1
2002,1361,1
2002,2092,0
807,2003,0
2003,1242,1
1267,2003,0
2003,1441,1
1311,2004,0
2006,79,1
213,2006,0
687,2006,0
2006,833,1
1230,2006,0
2006,1316,1
1382,2006,0
2006,1385,1
2006,1537,1
1691,2006,0
2007,939,1
1913,2007,0
2007,2210,1
939,2009,0
2012,2258,0
2013,953,1
2014,2047,0
2018,70,1
2018,2260,0
2021,2059,0
2022,2039,1
2024,2359,0
2026,2472,0
359,2027,0
2027,1215,1
2027,1329,1
2027,1376,1
2027,1536,1
2027,1819,1
2028,1921,1
2029,563,1
2029,1151,1
2029,2032,0
2030,2451,0
2031,1242,1
2033,725,1
2033,1274,1
2033,2217,1
2034,2135,0
2034,2159,0
2035,11,1
2035,17,1
2035,29,1
2035,46,1
47,2035,0
2035,80,1
83,2035,0
2035,98,1
2035,100,1
2035,169,1
213,2035,0
214,2035,0
242,2035,0
2035,251,1
2035,268,1
2035,274,1
2035,275,1
290,2035,0
307,2035,0
2035,328,1
341,2035,0
2035,345,1
357,2035,0
2035,391,1
2035,412,1
2035,457,1
2035,487,1
508,2035,0
2035,520,1
2035,547,1
2035,552,1
2035,563,1
2035,584,1
2035,586,1
2035,603,1
625,2035,0
635,2035,0
637,2035,0
2035,659,1
2035,660,1
2035,690,1
2035,700,1
2035,706,1
707,2035,0
2035,732,1
2035,812,1
2035,833,1
843,2035,0
2035,939,1
2035,959,1
987,2035,0
2035,1037,1
2035,1066,1
2035,1077,1
1112,2035,0
2035,1147,1
1161,2035,0
2035,1165,1
2035,1176,1
2035,1196,1
2035,1215,1
2035,1230,1
2035,1234,1
2035,1250,1
2035,1289,1
1311,2035,0
1352,2035,0
1369,2035,0
2035,1404,1
2035,1460,1
2035,1466,1
1494,2035,0
2035,1501,1
2035,1626,1
1629,2035,0
2035,1664,1
2035,1694,1
2035,1695,1
2035,1702,1
2035,1713,1
2035,1724,1
1824,2035,0
2035,1838,1
2035,1839,1
1893,2035,0
1925,2035,0
2035,1949,1
1955,2035,0
1965,2035,0
2035,1992,1
2035,2035,1
2035,2044,1
2035,2130,0
2035,2142,1
2035,2176,1
2035,2182,1
2035,2209,1
2035,2239,1
2035,2307,1
2035,2323,1
2035,2367,0
2035,2389,0
2035,2435,1
2035,2453,1
2458,2035,0
2464,2035,0
2035,2465,1
2035,2468,1
2035,2469,1
2041,242,1
706,2041,0
1147,2041,0
2041,1234,1
2041,1279,1
2041,2223,0
2043,63,1
2043,2298,0
269,2045,0
2046,116,1
2046,660,1
2046,1147,1
2046,1205,1
2046,1656,1
2046,1675,1
1760,2046,0
2048,1637,1
136,2049,0
2049,174,1
2049,1215,1
2050,2167,0
2050,2201,0
2051,304,1
2051,382,1
2051,1921,1
2052,2184,0
2053,2367,0
2056,169,1
2056,449,1
2056,1048,1
2056,1085,1
2056,1453,1
2056,1723,1
2056,1834,1
2056,2059,1
2056,2128,1
2172,2056,0
2195,2056,0
2056,2237,0
2056,2410,1
2057,885,1
1769,2057,0
2057,2353,0
2058,608,1
2058,706,1
2058,1705,1
2058,2055,1
2222,2058,0
2058,2225,1
2058,2244,1
2376,2058,0
2058,2389,1
2401,2058,0
2058,2409,1
2066,1276,1
2069,852,1
852,2070,0
2071,2093,0
2071,2260,0
2073,2123,0
2074,2435,0
2074,2466,0
2078,665,1
939,2078,0
2078,1182,1
2078,1356,1
2081,30,1
2081,57,1
2081,79,1
2081,226,1
337,2081,0
338,2081,0
580,2081,0
611,2081,0
2081,667,1
953,2081,0
2081,1295,1
2081,1440,1
2081,1460,1
2081,1474,1
2081,1673,1
2081,1910,1
2081,2431,1
2434,2081,0
939,2082,0
2082,1182,1
2082,1311,1
1364,2082,0
2082,2355,0
2084,20,1
2084,337,1
2084,1779,1
2084,2094,0
2084,2371,0
144,2088,0
2088,1764,1
2088,2198,0
102,2089,0
408,2089,0
2089,432,1
2089,624,1
634,2089,0
635,2089,0
737,2089,0
864,2089,0
2089,900,1
2089,935,1
2089,939,1
2089,963,1
2089,1072,1
1322,2089,0
2089,1351,1
1383,2089,0
2089,1416,1
1441,2089,0
1466,2089,0
2089,1488,1
1724,2089,0
1783,2089,0
1836,2089,0
1847,2089,0
2089,1868,1
1921,2089,0
2089,1965,1
2035,2089,0
2089,2053,1
2089,2183,1
2342,2089,0
2089,2426,1
2089,2462,1
2091,2449,0
169,2094,0
2094,706,1
707,2094,0
1176,2094,0
2094,1440,1
2094,1723,1
2094,1921,1
2094,2360,1
2096,1277,1
1967,2096,0
2096,2426,1
2099,1272,1
2099,1650,1
2099,1691,1
2099,2121,0
2183,2099,0
2101,29,1
63,2101,0
2101,132,1
433,2101,0
1121,2101,0
1308,2101,0
1404,2101,0
2101,1427,1
1478,2101,0
2101,1913,1
2101,1926,1
2101,2206,1
273,2103,0
1202,2103,0
2103,1699,1
2103,1735,1
2103,2259,1
1301,2106,0
2107,2272,0
2112,2220,0
359,2114,0
2114,833,1
2114,1291,1
2120,190,1
214,2120,0
584,2120,0
2120,725,1
2120,1377,1
2120,1672,1
2120,1702,1
2120,2052,1
2120,2277,1
2122,90,1
2122,369,1
2122,399,1
2122,476,1
2122,635,1
2122,654,1
2122,718,1
809,2122,0
2122,833,1
935,2122,0
2122,939,1
972,2122,0
2122,997,1
2122,1028,1
1042,2122,0
2122,1072,1
1126,2122,0
1263,2122,0
2122,1269,1
1307,2122,0
1330,2122,0
2122,1397,1
1413,2122,0
2122,1425,1
2122,1450,1
2122,1488,1
2122,1532,1
2122,1541,1
2122,1755,1
1767,2122,0
1821,2122,0
1864,2122,0
1892,2122,0
1974,2122,0
1989,2122,0
2122,2011,1
1261,2123,0
2123,1414,1
2126,2387,0
541,2127,0
955,2127,0
2228,2127,0
2128,27,1
59,2128,0
2128,99,1
229,2128,0
2128,474,1
2128,503,1
2128,505,1
2128,512,1
2128,690,1
696,2128,0
2128,846,1
2128,915,1
2128,1010,1
2128,1142,1
2128,1146,1
2128,1236,1
2128,1297,1
2128,1372,1
2128,1404,1
2128,1676,1
1691,2128,0
2128,1740,1
1771,2128,0
1779,2128,0
2128,1780,1
2128,1834,1
2128,1874,1
2128,1916,1
2128,2035,1
2128,2263,1
2129,2473,0
2132,2368,0
2132,2435,0
2132,2447,0
77,2134,0
2134,104,1
2134,563,1
939,2134,0
2134,959,1
991,2134,0
2134,1143,1
1484,2134,0
2134,1907,1
2134,1958,1
2265,2134,0
2134,2326,1
2134,2327,1
2134,2328,1
2134,2329,1
2135,80,1
2135,1094,1
2135,1834,1
2142,2153,0
2143,29,1
2143,646,1
2143,700,1
2143,959,1
2143,1196,1
2143,1221,1
2143,1348,1
2143,1468,1
2143,1664,1
2145,660,1
2145,859,1
883,2145,0
2145,1217,1
2145,1426,1
2145,1428,1
2145,1684,1
1925,2145,0
2145,2131,1
2145,2173,1
2145,2311,1
2145,2363,1
2145,2391,1
2146,1568,1
1220,2147,0
2147,2243,0
2149,1,1
2149,5,1
14,2149,0
2149,15,1
2149,26,1
2149,58,1
2149,65,1
2149,79,1
80,2149,0
81,2149,0
96,2149,0
2149,178,1
2149,179,1
2149,188,1
2149,204,1
219,2149,0
2149,222,1
2149,275,1
285,2149,0
293,2149,0
297,2149,0
300,2149,0
2149,307,1
2149,309,1
2149,314,1
2149,344,1
345,2149,0
2149,357,1
2149,368,1
2149,371,1
2149,385,1
405,2149,0
412,2149,0
2149,442,1
2149,445,1
2149,452,1
464,2149,0
2149,472,1
2149,496,1
507,2149,0
2149,533,1
2149,546,1
563,2149,0
568,2149,0
2149,575,1
603,2149,0
605,2149,0
2149,609,1
2149,611,1
619,2149,0
2149,627,1
2149,635,1
2149,653,1
669,2149,0
2149,692,1
2149,696,1
2149,727,1
2149,731,1
2149,772,1
831,2149,0
2149,833,1
870,2149,0
2149,889,1
2149,903,1
2149,910,1
2149,915,1
939,2149,0
2149,955,1
2149,962,1
2149,998,1
1002,2149,0
2149,1005,1
2149,1013,1
1026,2149,0
1040,2149,0
2149,1048,1
2149,1058,1
2149,1061,1
2149,1076,1
2149,1077,1
1093,2149,0
2149,1114,1
1143,2149,0
1152,2149,0
1161,2149,0
2149,1166,1
1182,2149,0
2149,1189,1
1193,2149,0
1196,2149,0
1205,2149,0
1215,2149,0
1225,2149,0
1228,2149,0
2149,1238,1
2149,1243,1
2149,1249,1
1255,2149,0
2149,1256,1
2149,1260,1
1266,2149,0
1270,2149,0
1299,2149,0
2149,1316,1
1321,2149,0
1324,2149,0
1327,2149,0
2149,1333,1
1382,2149,0
1383,2149,0
1389,2149,0
2149,1391,1
2149,1398,1
2149,1404,1
2149,1405,1
2149,1415,1
1425,2149,0
2149,1430,1
2149,1441,1
1479,2149,0
1490,2149,0
1494,2149,0
1497,2149,0
1499,2149,0
2149,1524,1
2149,1528,1
1533,2149,0
2149,1554,1
2149,1555,1
1580,2149,0
1601,2149,0
2149,1603,1
2149,1611,1
1662,2149,0
2149,1691,1
2149,1700,1
2149,1712,1
1732,2149,0
2149,1746,1
1752,2149,0
2149,1779,1
1791,2149,0
1792,2149,0
1827,2149,0
2149,1834,1
1874,2149,0
2149,1877,1
1895,2149,0
2149,1897,1
2149,1902,1
2149,1927,1
1934,2149,0
1937,2149,0
2149,1954,1
2149,1968,1
2149,1980,1
2149,1984,1
2001,2149,0
2149,2037,1
2149,2038,1
2047,2149,0
2149,2076,1
2149,2101,1
2149,2117,1
2149,2124,1
2149,2136,1
2149,2140,1
2150,2149,0
2149,2161,1
2149,2163,1
2149,2167,1
2149,2176,1
2149,2178,1
2149,2187,1
2255,2149,0
2260,2149,0
2264,2149,0
2149,2283,1
2286,2149,0
2149,2307,1
2149,2308,1
2149,2316,1
2149,2328,1
2329,2149,0
2149,2370,1
2149,2400,1
2410,2149,0
2419,2149,0
2435,2149,0
2149,2439,1
2149,2457,1
2151,667,1
2151,1383,1
2151,1441,1
2151,1601,1
2151,1663,1
690,2152,0
1599,2158,0
2158,2396,0
2160,1761,1
2161,2428,0
180,2162,0
2162,878,1
2162,2383,0
2165,2453,0
2166,2412,0
2169,78,1
116,2169,0
163,2169,0
2169,182,1
2169,204,1
300,2169,0
302,2169,0
2169,354,1
2169,364,1
393,2169,0
408,2169,0
2169,411,1
478,2169,0
2169,611,1
2169,624,1
635,2169,0
2169,636,1
637,2169,0
2169,717,1
2169,791,1
2169,886,1
2169,930,1
1046,2169,0
1135,2169,0
1147,2169,0
1153,2169,0
2169,1167,1
2169,1176,1
1189,2169,0
2169,1215,1
1303,2169,0
2169,1387,1
1410,2169,0
1423,2169,0
2169,1481,1
1522,2169,0
2169,1535,1
1561,2169,0
2169,1594,1
2169,1610,1
2169,1615,1
1693,2169,0
1717,2169,0
1726,2169,0
1754,2169,0
2169,1776,1
2169,1786,1
2169,1790,1
2169,1793,1
1867,2169,0
2169,1997,1
2169,2170,0
2169,2180,1
2232,2169,0
2169,2238,1
2254,2169,0
2301,2169,0
2342,2169,0
2169,2366,1
2171,2357,0
2173,2310,0
2177,635,1
2179,10,1
2179,78,1
2179,139,1
2179,182,1
2179,287,1
2179,302,1
306,2179,0
2179,364,1
2179,408,1
2179,409,1
2179,411,1
2179,412,1
2179,478,1
563,2179,0
2179,624,1
2179,634,1
2179,636,1
2179,637,1
717,2179,0
2179,773,1
2179,791,1
2179,930,1
2179,935,1
1045,2179,0
2179,1046,1
2179,1072,1
2179,1135,1
2179,1153,1
1176,2179,0
2179,1215,1
1247,2179,0
2179,1293,1
1307,2179,0
1387,2179,0
2179,1423,1
1481,2179,0
1535,2179,0
1596,2179,0
2179,1610,1
2179,1615,1
1655,2179,0
2179,1693,1
2179,1776,1
2179,1790,1
1809,2179,0
2179,1836,1
2179,1997,1
2179,2065,1
2179,2180,1
2179,2236,0
2254,2179,0
2179,2304,1
2342,2179,0
2179,2402,1
2447,2179,0
2180,2242,0
2181,63,1
215,2181,0
461,2181,0
470,2181,0
2181,635,1
2181,638,1
2181,687,1
1298,2181,0
1820,2181,0
2181,2081,1
2141,2181,0
2183,244,1
399,2183,0
2183,479,1
2183,578,1
1129,2183,0
2183,1194,1
2183,1287,1
2183,1539,1
2183,1799,1
2183,1868,1
2184,125,1
2184,239,1
2184,829,1
2183,2184,0
2190,2397,1
2192,2250,0
2196,2406,0
2199,29,1
2199,646,1
700,2199,0
2199,732,1
959,2199,0
2199,1196,1
2199,1221,1
1348,2199,0
1468,2199,0
2199,1664,1
1847,2199,0
2199,2385,1
2201,2035,1
2204,2382,0
2206,2297,0
1,2208,0
2208,387,1
2208,1321,1
2208,1927,1
2211,1585,1
939,2212,0
2214,2440,0
2216,2450,0
2221,130,1
2221,304,1
2221,384,1
452,2221,0
2221,521,1
554,2221,0
635,2221,0
2221,755,1
939,2221,0
1142,2221,0
2221,1201,1
2221,1691,1
2221,1921,1
2221,2238,1
2221,2458,0
2224,2467,0
115,2227,0
2227,2240,0
2228,654,1
2228,911,1
2228,1425,1
2229,833,1
2183,2229,0
1834,2234,0
2235,193,1
2235,1613,1
2235,2406,1
51,2237,0
2237,63,1
512,2237,0
902,2237,0
2237,1058,1
1555,2237,0
2237,1650,1
2237,1705,1
2237,1847,1
2149,2237,0
2368,2237,0
2240,79,1
228,2240,0
2240,635,1
2240,684,1
690,2240,0
2240,1215,1
2240,1926,1
2240,2062,1
2240,2139,1
2240,2285,1
2242,269,1
2242,487,1
2244,2452,0
2246,190,1
584,2246,0
706,2246,0
725,2246,0
2246,1181,1
2246,1377,1
2246,1672,1
1702,2246,0
2246,1969,1
2052,2246,0
2247,2446,1
2250,654,1
1425,2250,0
2250,1427,1
2251,837,1
2271,1405,1
2271,2236,1
2275,63,1
470,2275,0
635,2275,0
687,2275,0
2275,690,1
2275,833,1
2275,1215,1
2275,1298,1
1820,2275,0
2275,2081,1
241,2277,0
2277,635,1
2277,939,1
2277,1215,1
2277,1316,1
2282,755,1
2284,414,1
2284,512,1
2284,1094,1
1215,2284,0
1311,2284,0
1865,2284,0
2383,2284,0
2289,2466,0
2295,1868,1
2295,2134,1
2297,198,1
2299,2326,0
188,2300,0
2300,1348,1
15,2304,0
56,2304,0
2304,363,1
2304,699,1
921,2304,0
1040,2304,0
2304,1244,1
2304,1267,1
2304,1370,1
1717,2304,0
1837,2304,0
2307,2430,0
2309,2388,0
2312,90,1
2312,369,1
2312,408,1
2312,476,1
635,2312,0
2312,672,1
781,2312,0
2312,809,1
2312,833,1
885,2312,0
939,2312,0
2312,972,1
2312,1072,1
2312,1263,1
2312,1269,1
1307,2312,0
1392,2312,0
1397,2312,0
2312,1407,1
2312,1413,1
2312,1425,1
2312,1450,1
2312,1488,1
2312,1501,1
2312,1541,1
2312,1767,1
1821,2312,0
2312,1864,1
2312,1892,1
2312,1974,1
2312,1989,1
2312,2011,1
1490,2313,0
2314,1590,1
2315,78,1
2315,116,1
2315,139,1
182,2315,0
2315,302,1
2315,354,1
2315,364,1
2315,408,1
624,2315,0
2315,634,1
2315,637,1
2315,717,1
741,2315,0
2315,773,1
2315,791,1
2315,886,1
2315,930,1
935,2315,0
1045,2315,0
2315,1046,1
2315,1135,1
2315,1153,1
2315,1167,1
1189,2315,0
2315,1303,1
2315,1387,1
2315,1423,1
2315,1470,1
2315,1481,1
2315,1522,1
2315,1535,1
2315,1610,1
2315,1615,1
1655,2315,0
2315,1693,1
2315,1754,1
1764,2315,0
2315,1776,1
1786,2315,0
2315,1790,1
2315,1793,1
2315,1836,1
2315,1963,1
2315,1997,1
2315,2065,1
2315,2076,1
2180,2315,0
2232,2315,0
2315,2238,1
2254,2315,0
2315,2301,1
2342,2315,0
2317,2384,0
2321,95,1
2321,190,1
2321,725,1
2321,1316,1
2321,1377,1
2321,1672,1
1702,2321,0
2321,2052,1
2202,2321,0
2277,2321,0
2322,1663,1
2322,1871,1
68,2324,0
939,2330,0
226,2331,0
338,2331,0
551,2331,0
2331,591,1
694,2331,0
758,2331,0
829,2331,0
953,2331,0
2331,1204,1
1309,2331,0
2331,1508,1
2331,1649,1
1698,2331,0
2331,1733,1
2331,2050,1
2331,2081,1
2403,2331,0
2413,2331,0
2332,939,1
939,2333,0
2334,939,1
47,2339,0
2339,120,1
2339,157,1
2339,414,1
2339,691,1
1085,2339,0
2339,1215,1
2339,1622,1
2339,1666,1
1763,2339,0
1767,2339,0
939,2347,0
2349,2360,0
2081,2350,0
102,2355,0
635,2355,0
2355,737,1
2355,900,1
2355,939,1
2355,963,1
1351,2355,0
2355,1383,1
2355,1415,1
2355,1416,1
1441,2355,0
2355,1601,1
2355,1724,1
1847,2355,0
2355,1921,1
2355,1965,1
2355,2053,1
2355,2293,1
2426,2355,0
2358,172,1
2358,299,1
2358,318,1
2358,657,1
2358,939,1
1016,2358,0
2358,1141,1
2358,1545,1
2358,1595,1
2358,1839,1
2358,1931,1
2358,1941,1
2358,2145,1
2157,2358,0
2358,2192,1
2358,2257,1
2362,997,1
2364,2449,0
2365,2430,0
2367,1355,1
2367,1575,1
2372,646,1
2372,733,1
2372,1085,1
2372,1239,1
2372,1321,1
1664,2372,0
2372,1992,1
2374,79,1
2374,430,1
2374,1988,1
2385,32,1
2385,328,1
2387,81,1
158,2387,0
2387,307,1
2387,328,1
2387,438,1
2387,774,1
2387,823,1
2387,943,1
2387,1049,1
1450,2387,0
1461,2387,0
2387,1476,1
2387,1754,1
1868,2387,0
2387,1880,1
2387,1922,1
2387,2003,1
2387,2077,1
2387,2348,1
2387,2474,1
939,2389,0
2392,2469,0
2410,2462,0
2414,939,1
2418,328,1
1847,2421,0
2422,59,1
2422,440,1
2422,542,1
2422,603,1
2422,811,1
2422,829,1
2422,840,1
2422,1118,1
1297,2422,0
2422,1640,1
1882,2422,0
1895,2422,0
2422,1921,1
2422,1984,1
2422,2266,1
2422,2286,1
356,2425,0
2425,758,1
2425,836,1
2425,933,1
2425,1035,1
2425,1142,1
1311,2425,0
2425,1406,1
2425,1684,1
1871,2425,0
2425,2071,1
2429,108,1
2430,1459,1
2335,2430,0
2430,2471,0
724,2433,0
1723,2433,0
2437,307,1
635,2437,0
2437,654,1
690,2437,0
2437,724,1
1404,2437,0
2168,2437,0
2437,2243,1
2263,2437,0
2438,1702,1
2442,105,1
2442,359,1
2448,1650,1
1327,2449,0
2450,659,1
2450,1458,1
413,2451,0
2459,1843,1
2460,304,1
1215,2460,0
2461,1847,1
293,2463,0
1085,2463,0
2463,1280,1
2466,864,1
901,2467,0
1849,2467,0
2471,1673,1
