0,10,1
0,25,1
0,27,1
0,28,1
0,43,1
0,91,1
0,100,1
0,111,1
0,152,1
0,175,1
0,176,1
0,177,1
0,178,1
0,179,1
0,180,1
0,181,1
0,182,1
0,183,1
0,184,1
0,185,1
0,186,1
0,187,1
0,188,1
0,189,1
0,190,1
0,191,1
0,192,1
0,193,1
0,194,1
0,195,1
0,196,1
0,197,1
0,198,1
0,199,1
0,200,1
0,201,1
0,202,1
0,203,1
0,204,1
0,205,1
0,206,1
0,207,1
0,208,1
0,209,1
0,210,1
0,211,1
0,212,1
0,213,1
0,214,1
0,215,1
0,216,1
0,217,1
0,218,1
0,219,1
0,220,1
0,221,1
0,222,1
0,223,1
0,224,1
0,225,1
0,226,1
0,227,1
0,228,1
0,229,1
0,230,1
0,231,1
0,232,1
0,233,1
0,234,1
0,235,1
0,236,1
0,237,1
0,238,1
0,239,1
0,240,1
0,241,1
0,242,1
0,243,1
0,244,1
0,245,1
0,246,1
0,247,1
0,248,1
0,249,1
0,250,1
0,251,1
0,252,1
0,253,1
0,254,1
0,255,1
0,256,1
0,257,1
0,258,1
0,259,1
0,260,1
0,261,1
0,262,1
0,263,1
0,264,1
0,265,1
0,266,1
0,267,1
0,268,1
0,269,1
0,270,1
0,271,1
0,272,1
0,273,1
0,274,1
0,275,1
0,276,1
0,277,1
0,278,1
0,279,1
0,280,1
0,281,1
0,282,1
0,283,1
0,284,1
0,285,1
0,286,1
0,287,1
0,288,1
0,289,1
0,290,1
0,291,1
0,292,1
0,293,1
0,294,1
0,295,1
0,296,1
0,297,1
0,298,1
0,299,1
0,300,1
0,301,1
0,302,1
0,303,1
0,304,1
0,305,1
0,306,1
0,307,1
0,308,1
0,309,1
0,310,1
0,311,1
0,312,1
0,313,1
0,314,1
0,315,1
0,316,1
0,317,1
0,318,1
0,319,1
0,320,1
0,321,1
0,322,1
0,323,1
0,324,1
0,325,1
0,326,1
0,327,1
0,328,1
0,329,1
0,330,1
0,331,1
0,332,1
0,333,1
0,334,1
0,335,1
0,336,1
0,337,1
0,338,1
0,339,1
0,340,1
0,341,1
0,342,1
0,343,1
0,344,1
0,345,1
0,346,1
0,347,1
0,348,1
0,349,1
0,350,1
0,351,1
0,352,1
0,353,1
0,354,1
0,355,1
0,356,1
0,357,1
0,358,1
0,359,1
0,360,1
0,361,1
0,362,1
0,363,1
0,364,1
0,365,1
0,366,1
0,367,1
0,368,1
0,369,1
0,370,1
0,371,1
0,372,1
0,373,1
0,374,1
0,375,1
0,376,1
0,377,1
0,378,1
0,379,1
0,380,1
0,381,1
0,382,1
0,383,1
0,384,1
0,385,1
0,386,1
0,387,1
0,388,1
0,389,1
0,390,1
0,391,1
0,392,1
0,1158,3
0,1175,3
1,200,1
1,235,1
1,269,1
1,278,1
1,279,1
1,393,1
1,394,1
1,395,1
1,396,1
1,397,1
1,398,1
1,399,1
1,400,1
1,401,1
1,402,1
1,403,1
1,404,1
1,405,1
1,406,1
1,407,1
1,408,1
1,409,1
1,410,1
1,411,1
1,412,1
1,413,1
1,414,1
1,415,1
1,416,1
1,417,1
1,418,1
1,419,1
1,420,1
1,421,1
1,422,1
1,423,1
1,424,1
1,425,1
1,426,1
1,427,1
1,855,3
1,1065,3
2,428,1
2,429,1
2,430,1
2,431,1
2,432,1
2,433,1
2,434,1
2,435,1
2,436,1
2,437,1
2,438,1
3,43,1
3,150,3
3,244,1
3,254,1
3,304,1
3,369,3
3,395,1
3,439,1
3,440,1
3,441,1
3,442,1
3,443,1
3,444,1
3,445,1
3,618,3
3,1091,3
3,1602,3
4,25,1
4,106,1
4,121,1
4,272,1
4,414,1
4,429,1
4,446,1
4,447,1
4,448,1
4,449,1
4,450,1
4,451,1
4,452,1
4,453,1
4,454,1
4,455,1
4,456,1
4,457,1
4,458,1
4,459,1
4,460,1
4,461,1
4,462,1
4,463,1
4,464,1
4,465,1
4,466,1
4,467,1
4,468,1
4,469,1
4,470,1
4,471,1
4,472,1
4,473,1
4,474,1
4,475,1
4,476,1
4,477,1
4,478,1
4,479,1
4,480,1
4,481,1
4,482,1
4,483,1
4,484,1
4,485,1
4,486,1
4,487,1
4,488,1
4,489,1
4,490,1
4,491,1
4,492,1
4,493,1
4,946,3
5,33,1
5,191,1
5,192,1
5,193,1
5,194,1
5,195,1
5,197,1
5,494,1
5,495,1
5,496,1
5,497,1
5,498,1
5,499,1
5,500,1
5,501,1
5,502,1
5,503,1
5,504,1
5,505,1
5,506,1
5,507,1
5,508,1
5,509,1
5,510,1
5,511,1
5,512,1
5,513,1
5,514,1
5,515,1
5,516,1
5,517,1
5,518,1
5,519,1
5,520,1
5,521,1
5,522,1
5,523,1
5,524,1
5,525,1
5,526,1
5,527,1
5,528,1
5,529,1
5,530,1
5,531,1
5,1275,3
5,1570,3
6,8,1
6,9,1
6,11,1
6,21,1
6,22,1
6,29,1
6,33,1
6,61,1
6,103,1
6,104,1
6,108,1
6,112,1
6,158,1
6,164,1
6,177,1
6,185,1
6,186,1
6,187,1
6,188,1
6,189,1
6,195,1
6,205,1
6,207,1
6,209,1
6,235,1
6,236,1
6,237,1
6,239,1
6,242,1
6,243,1
6,249,1
6,255,1
6,256,1
6,282,1
6,285,1
6,287,1
6,289,1
6,290,1
6,291,1
6,294,1
6,346,1
6,385,1
6,393,1
6,401,1
6,405,1
6,409,1
6,432,1
6,441,1
6,464,1
6,510,1
6,511,1
6,512,1
6,514,1
6,515,1
6,518,1
6,519,1
6,520,1
6,521,1
6,524,1
6,525,1
6,526,1
6,527,1
6,528,1
6,529,1
6,532,1
6,533,1
6,534,1
6,535,1
6,536,1
6,537,1
6,538,1
6,539,1
6,540,1
6,541,1
6,542,1
6,543,1
6,544,1
6,545,1
6,546,1
6,547,1
6,548,1
6,549,1
6,550,1
6,551,1
6,552,1
6,553,1
6,554,1
6,555,1
6,556,1
6,557,1
6,558,1
6,559,1
6,560,1
6,561,1
6,562,1
6,563,1
6,564,1
6,565,1
6,566,1
6,567,1
6,568,1
6,569,1
6,570,1
6,571,1
6,572,1
6,573,1
6,574,1
6,575,1
6,576,1
6,577,1
6,578,1
6,579,1
6,580,1
6,581,1
6,582,1
6,583,1
6,584,1
6,585,1
6,586,1
6,587,1
6,588,1
6,589,1
6,590,1
6,591,1
6,592,1
6,593,1
6,594,1
6,595,1
6,596,1
6,597,1
6,598,1
6,599,1
6,600,1
6,601,1
6,602,1
6,603,1
6,604,1
6,605,1
6,606,1
6,607,1
6,608,1
6,609,1
6,610,1
6,611,1
6,612,1
6,613,1
6,614,1
6,615,1
6,616,1
6,617,1
6,618,1
6,619,1
6,620,1
6,621,1
6,622,1
6,623,1
6,624,1
6,625,1
6,626,1
6,627,1
6,628,1
6,629,1
6,630,1
6,631,1
6,632,1
6,633,1
6,634,1
6,635,1
6,636,1
6,637,1
6,638,1
6,639,1
6,640,1
6,641,1
6,642,1
6,643,1
6,644,1
6,645,1
6,646,1
6,647,1
6,648,1
6,649,1
6,650,1
6,651,1
6,652,1
6,653,1
6,654,1
6,655,1
6,656,1
6,657,1
6,658,1
6,659,1
6,660,1
6,661,1
6,662,1
6,663,1
6,664,1
6,665,1
6,666,1
6,667,1
6,668,1
6,669,1
6,670,1
6,671,1
6,672,1
6,673,1
6,674,1
6,675,1
6,676,1
6,677,1
6,678,1
6,679,1
6,680,1
6,681,1
6,682,1
6,683,1
6,684,1
6,685,1
6,686,1
6,687,1
6,688,1
6,689,1
6,690,1
6,691,1
6,692,1
6,693,1
6,694,1
6,695,1
6,696,1
6,697,1
6,698,1
6,699,1
6,700,1
6,701,1
6,702,1
6,703,1
6,704,1
6,705,1
6,706,1
6,707,1
6,708,1
6,709,1
6,710,1
6,711,1
6,712,1
6,713,1
6,714,1
6,715,1
6,716,1
6,717,1
6,718,1
6,719,1
6,720,1
6,721,1
6,722,1
6,723,1
6,724,1
6,725,1
6,726,1
6,727,1
6,728,1
6,729,1
6,730,1
6,731,1
6,852,3
6,1278,3
6,2149,3
7,12,1
7,21,1
7,27,1
7,28,1
7,30,1
7,44,1
7,51,1
7,52,1
7,54,1
7,55,1
7,56,1
7,60,1
7,61,1
7,66,1
7,67,1
7,68,1
7,69,1
7,77,1
7,79,1
7,80,1
7,84,1
7,95,1
7,96,1
7,97,1
7,100,1
7,102,1
7,104,1
7,107,1
7,111,1
7,112,1
7,114,1
7,116,1
7,120,1
7,127,1
7,145,1
7,152,1
7,153,1
7,155,1
7,158,1
7,167,1
7,169,1
7,177,1
7,180,1
7,181,1
7,182,1
7,185,1
7,187,1
7,189,1
7,190,1
7,191,1
7,192,1
7,193,1
7,194,1
7,201,1
7,203,1
7,205,1
7,206,1
7,207,1
7,208,1
7,209,1
7,211,1
7,212,1
7,213,1
7,215,1
7,223,1
7,226,1
7,227,1
7,228,1
7,231,1
7,232,1
7,234,1
7,242,1
7,243,1
7,244,1
7,245,1
7,250,1
7,251,1
7,255,1
7,257,1
7,260,1
7,263,1
7,264,1
7,266,1
7,269,1
7,272,1
7,279,1
7,286,1
7,300,1
7,301,1
7,302,1
7,303,1
7,305,1
7,384,1
7,385,1
7,391,1
7,392,1
7,393,1
7,401,1
7,407,1
7,408,1
7,411,1
7,421,1
7,441,1
7,457,1
7,460,1
7,475,1
7,479,1
7,481,1
7,488,1
7,489,1
7,494,1
7,495,1
7,530,1
7,536,1
7,538,1
7,561,1
7,562,1
7,597,1
7,598,1
7,599,1
7,600,1
7,601,1
7,602,1
7,604,1
7,607,1
7,608,1
7,611,1
7,612,1
7,614,1
7,633,1
7,635,1
7,636,1
7,639,1
7,642,1
7,643,1
7,665,1
7,670,1
7,675,1
7,676,1
7,677,1
7,679,1
7,708,1
7,709,1
7,711,1
7,712,1
7,713,1
7,715,1
7,716,1
7,723,1
7,724,1
7,729,1
7,732,1
7,733,1
7,734,1
7,735,1
7,736,1
7,737,1
7,738,1
7,739,1
7,740,1
7,741,1
7,742,1
7,743,1
7,744,1
7,745,1
7,746,1
7,747,1
7,748,1
7,749,1
7,750,1
7,751,1
7,752,1
7,753,1
7,754,1
7,755,1
7,756,1
7,757,1
7,758,1
7,759,1
7,760,1
7,761,1
7,762,1
7,763,1
7,764,1
7,765,1
7,766,1
7,767,1
7,768,1
7,769,1
7,770,1
7,771,1
7,772,1
7,773,1
7,774,1
7,775,1
7,776,1
7,777,1
7,778,1
7,779,1
7,780,1
7,781,1
7,782,1
7,783,1
7,784,1
7,785,1
7,786,1
7,787,1
7,788,1
7,789,1
7,790,1
7,791,1
7,792,1
7,793,1
7,794,1
7,795,1
7,796,1
7,797,1
7,798,1
7,799,1
7,800,1
7,801,1
7,802,1
7,803,1
7,804,1
7,805,1
7,806,1
7,807,1
7,808,1
7,809,1
7,810,1
7,811,1
7,812,1
7,813,1
7,814,1
7,815,1
7,816,1
7,817,1
7,818,1
7,819,1
7,820,1
7,821,1
7,822,1
7,823,1
7,824,1
7,825,1
7,826,1
7,827,1
7,828,1
7,829,1
7,830,1
7,831,1
7,832,1
7,833,1
7,834,1
7,835,1
7,836,1
7,837,1
7,838,1
7,839,1
7,840,1
7,841,1
7,842,1
7,843,1
7,844,1
7,845,1
7,846,1
7,847,1
7,848,1
7,849,1
7,850,1
7,851,1
7,852,1
7,853,1
7,854,1
7,855,1
7,856,1
7,857,1
7,858,1
7,859,1
7,860,1
7,861,1
7,862,1
7,863,1
7,864,1
7,865,1
7,866,1
7,867,1
7,868,1
7,869,1
7,870,1
7,871,1
7,872,1
7,873,1
7,874,1
7,875,1
7,876,1
7,877,1
7,878,1
7,879,1
7,880,1
7,881,1
7,882,1
7,883,1
7,884,1
7,885,1
7,886,1
7,887,1
7,888,1
7,889,1
7,891,1
7,892,1
7,893,1
7,894,1
7,895,1
7,896,1
7,897,1
7,898,1
7,899,1
7,900,1
7,901,1
7,902,1
7,903,1
7,904,1
7,905,1
7,906,1
7,907,1
7,908,1
7,910,1
7,911,1
7,912,1
7,913,1
7,914,1
7,915,1
7,916,1
7,926,1
7,927,1
7,928,1
7,929,1
7,930,1
7,931,1
7,932,1
7,933,1
7,934,1
7,935,1
7,936,1
7,937,1
7,938,1
7,939,1
7,940,1
7,941,1
7,942,1
7,943,1
7,944,1
7,945,1
7,946,1
7,947,1
7,948,1
7,949,1
7,950,1
7,951,1
7,952,1
7,953,1
7,954,1
7,955,1
7,956,1
7,957,1
7,958,1
7,959,1
7,960,1
7,961,1
7,962,1
7,963,1
7,964,1
7,965,1
7,966,1
7,967,1
7,968,1
7,969,1
7,970,1
7,971,1
7,972,1
7,973,1
7,974,1
7,975,1
7,976,1
7,977,1
7,978,1
7,979,1
7,980,1
7,981,1
7,982,1
7,983,1
7,984,1
7,985,1
7,986,1
7,987,1
7,988,1
7,989,1
7,990,1
7,991,1
7,992,1
7,993,1
7,994,1
7,995,1
7,996,1
7,997,1
7,998,1
7,999,1
7,1000,1
7,1001,1
7,1002,1
7,1003,1
7,1004,1
7,1005,1
7,1006,1
7,1007,1
7,1008,1
7,1009,1
7,1010,1
7,1011,1
7,1012,1
7,1013,1
7,1014,1
7,1015,1
7,1016,1
7,1017,1
7,1018,1
7,1019,1
7,1020,1
7,1021,1
7,1022,1
7,1023,1
7,1024,1
7,1025,1
7,1026,1
7,1027,1
7,1028,1
7,1029,1
7,1030,1
7,1031,1
7,1032,1
7,1235,3
7,1796,3
8,34,3
8,1033,1
8,1034,1
8,2180,3
9,36,1
9,41,1
9,48,1
9,52,1
9,82,1
9,88,1
9,92,1
9,97,1
9,98,1
9,99,1
9,104,1
9,105,1
9,107,1
9,110,1
9,112,1
9,117,1
9,118,1
9,119,1
9,122,1
9,127,1
9,149,1
9,153,1
9,161,1
9,163,1
9,230,1
9,246,1
9,268,1
9,284,1
9,311,1
9,340,1
9,391,1
9,398,1
9,428,1
9,440,1
9,441,1
9,445,1
9,447,1
9,457,1
9,468,1
9,472,1
9,504,1
9,507,1
9,515,1
9,521,1
9,522,1
9,523,1
9,537,1
9,544,1
9,546,1
9,548,1
9,550,1
9,553,1
9,562,1
9,573,1
9,579,1
9,599,1
9,601,1
9,621,1
9,631,1
9,633,1
9,693,1
9,719,1
9,730,1
9,743,1
9,744,1
9,758,1
9,788,1
9,802,1
9,808,1
9,828,1
9,834,1
9,852,1
9,862,1
9,885,1
9,888,1
9,889,1
9,896,1
9,905,1
9,915,1
9,928,1
9,943,1
9,953,1
9,971,1
9,997,1
9,1014,1
9,1019,1
9,1035,1
9,1036,1
9,1037,1
9,1038,1
9,1039,1
9,1040,1
9,1041,1
9,1042,1
9,1043,1
9,1044,1
9,1045,1
9,1046,1
9,1047,1
9,1048,1
9,1049,1
9,1050,1
9,1051,1
9,1052,1
9,1053,1
9,1054,1
9,1055,1
9,1056,1
9,1057,1
9,1058,1
9,1059,1
9,1060,1
9,1061,1
9,1062,1
9,1063,1
9,1064,1
9,1065,1
9,1066,1
9,1067,1
9,1068,1
9,1069,1
9,1070,1
9,1071,1
9,1072,1
9,1073,1
9,1074,1
9,1075,1
9,1076,1
9,1077,1
9,1078,1
9,1079,1
9,1080,1
9,1081,1
9,1082,1
9,1083,1
9,1084,1
9,1085,1
9,1086,1
9,1087,1
9,1088,1
9,1089,1
9,1090,1
9,1091,1
9,1092,1
9,1093,1
9,1094,1
9,1095,1
9,1096,1
9,1097,1
9,1098,1
9,1099,1
9,1100,1
9,1101,1
9,1102,1
9,1103,1
9,1104,1
9,1105,1
9,1106,1
9,1107,1
9,1108,1
9,1109,1
9,1110,1
9,1111,1
9,1112,1
9,1113,1
9,1114,1
9,1115,1
9,1116,1
9,1117,1
9,1118,1
9,1119,1
9,1120,1
9,1121,1
9,1122,1
9,1123,1
9,1124,1
9,1125,1
9,1126,1
9,1127,1
9,1128,1
9,1129,1
9,1130,1
9,1131,1
9,1132,1
9,1133,1
9,1134,1
9,1135,1
9,1136,1
9,1137,1
9,1138,1
9,1139,1
9,1140,1
9,1141,1
9,1142,1
9,1143,1
9,1144,1
9,1145,1
9,1146,1
9,1147,1
9,1148,1
9,1149,1
9,1150,1
9,1151,1
9,1152,1
9,1153,1
9,1154,1
9,1155,1
9,1156,1
9,1157,1
9,1158,1
9,1159,1
9,1160,1
9,1161,1
9,1162,1
9,1163,1
9,1164,1
9,1165,1
9,1166,1
9,1167,1
9,1168,1
9,1169,1
9,1170,1
9,1171,1
9,1172,1
9,1173,1
9,1174,1
9,1175,1
9,1176,1
9,1177,1
9,1178,1
9,1179,1
9,1180,1
9,1181,1
9,1182,1
9,1183,1
9,1184,1
9,1185,1
9,1186,1
9,1187,1
9,1188,1
9,1189,1
9,1190,1
9,1191,1
9,1192,1
9,1193,1
9,1194,1
9,1195,1
9,1196,1
9,1197,1
9,1198,1
9,1199,1
9,1200,1
9,1201,1
9,1202,1
9,1203,1
9,1204,1
9,1205,1
9,1206,1
9,1207,1
9,1208,1
9,1209,1
9,1210,1
9,1211,1
9,1212,1
9,1213,1
9,1214,1
9,1215,1
9,1216,1
9,1217,1
9,1218,1
9,1219,1
9,1220,1
9,1221,1
9,1222,1
9,1223,1
9,1224,1
9,1225,1
9,1226,1
9,1227,1
9,1228,1
9,1229,1
9,1230,1
9,1231,1
9,1232,1
9,1233,1
9,1234,1
9,1235,1
9,1236,1
9,1237,1
9,1238,1
9,1239,1
9,1240,1
9,1241,1
9,1242,1
9,1243,1
9,1244,1
9,1245,1
9,1246,1
9,1247,1
9,1248,1
9,1249,1
9,1250,1
9,1251,1
9,1252,1
9,1253,1
9,1254,1
9,1255,1
9,1256,1
9,1257,1
9,1258,1
9,1259,1
9,1260,1
9,1261,1
9,1262,1
9,1263,1
9,1264,1
9,1265,1
9,1266,1
9,1267,1
9,1268,1
9,1269,1
9,1270,1
9,1271,1
9,1272,1
9,1273,1
9,1274,1
9,1275,1
9,1276,1
9,1277,1
9,1278,1
9,1279,1
9,1280,1
9,1281,1
9,1282,1
9,1283,1
9,1284,1
9,1285,1
9,1286,1
9,1287,1
9,1288,1
9,1289,1
9,1290,1
9,1291,1
9,1292,1
9,1293,1
9,1294,1
9,1295,1
9,1296,1
9,1297,1
9,1298,1
9,1299,1
9,1300,1
9,1301,1
9,1302,1
9,1303,1
9,1304,1
9,1305,1
9,1306,1
9,1307,1
9,1308,1
9,1309,1
9,1310,1
9,1311,1
9,1312,1
9,1313,1
9,1314,1
9,1315,1
9,1316,1
9,1317,1
9,1318,1
9,1319,1
9,1320,1
9,1321,1
9,1322,1
9,1323,1
9,1324,1
9,1325,1
9,1326,1
9,1327,1
9,1328,1
9,1329,1
9,1330,1
9,1331,1
9,1332,1
9,1333,1
9,1334,1
9,1335,1
9,1336,1
9,1337,1
9,1338,1
9,1339,1
9,1340,1
9,1341,1
9,1342,1
9,1343,1
9,1344,1
9,1345,1
9,1346,1
9,1347,1
9,1348,1
9,1349,1
9,1350,1
9,1351,1
9,1352,1
9,1353,1
9,1354,1
9,1355,1
9,1356,1
9,1357,1
9,1358,1
9,1359,1
9,1360,1
9,1361,1
9,1362,1
9,1363,1
9,1364,1
9,1365,1
9,1366,1
9,1367,1
9,1368,1
9,1369,1
9,1370,1
9,1371,1
9,1372,1
9,1373,1
9,1374,1
9,1375,1
9,1376,1
9,1377,1
9,1378,1
9,1379,1
9,1380,1
9,1381,1
9,1382,1
9,1383,1
9,1384,1
9,1385,1
9,1386,1
9,1387,1
9,1688,3
10,15,1
10,19,1
10,20,1
10,52,1
10,62,1
10,65,1
10,87,1
10,96,1
10,97,1
10,98,1
10,106,1
10,112,1
10,115,1
10,129,1
10,134,1
10,143,1
10,148,1
10,181,1
10,182,1
10,227,1
10,228,1
10,242,1
10,243,1
10,244,1
10,267,1
10,304,1
10,307,1
10,308,1
10,319,1
10,322,1
10,327,1
10,346,1
10,348,1
10,350,1
10,352,1
10,355,1
10,359,1
10,366,1
10,367,1
10,368,1
10,385,1
10,420,1
10,479,1
10,481,1
10,534,1
10,549,1
10,551,1
10,553,1
10,615,1
10,616,1
10,630,1
10,635,1
10,636,1
10,637,1
10,638,1
10,665,1
10,671,1
10,730,1
10,731,1
10,780,1
10,781,1
10,788,1
10,790,1
10,791,1
10,812,1
10,858,1
10,859,1
10,860,1
10,880,1
10,898,1
10,908,3
10,915,1
10,988,3
10,997,1
10,1024,1
10,1033,1
10,1034,1
10,1051,1
10,1082,1
10,1115,1
10,1181,1
10,1280,1
10,1368,1
10,1388,1
10,1389,1
10,1390,1
10,1391,1
10,1392,1
10,1393,1
10,1394,1
10,1395,1
10,1396,1
10,1397,1
10,1398,1
10,1399,1
10,1400,1
10,1401,1
10,1402,1
10,1403,1
10,1404,1
10,1405,1
10,1406,1
10,1407,1
10,1408,1
10,1409,1
10,1410,1
10,1411,1
10,1412,1
10,1413,1
10,1414,1
10,1415,1
10,1416,1
10,1417,1
10,1418,1
10,1419,1
10,1420,1
10,1421,1
10,1422,1
10,1423,1
10,1424,1
10,1425,1
10,1426,1
10,1427,1
10,1428,1
10,1429,1
10,1430,1
10,1431,1
10,1432,1
10,1433,1
10,1434,1
10,1435,1
10,1436,1
10,1437,1
10,1438,1
10,1439,1
10,1440,1
10,1441,1
10,1442,1
10,1443,1
10,2151,3
11,1,1
11,100,1
11,251,1
11,393,1
11,398,1
11,399,1
11,400,1
11,401,1
11,402,1
11,404,1
11,407,1
11,409,1
11,410,1
11,413,1
11,418,1
11,419,1
11,422,1
11,611,1
11,707,3
11,1033,1
11,1271,1
11,1444,1
11,1445,1
11,1446,1
11,1447,1
11,1448,1
11,1449,1
11,1450,1
1451,11,0
1452,11,0
11,1731,3
156,12,0
267,12,0
400,12,0
406,12,0
419,12,0
422,12,0
425,12,0
570,12,0
682,12,0
875,12,0
940,12,0
952,12,0
1053,12,0
1055,12,0
1118,12,0
1241,12,0
12,1268,3
1304,12,0
1385,12,0
1453,12,0
1454,12,0
1455,12,0
1456,12,0
1457,12,0
1458,12,0
1459,12,0
1460,12,0
1461,12,0
1462,12,0
1463,12,0
1464,12,0
1465,12,0
1466,12,0
1467,12,0
1468,12,0
1469,12,0
1470,12,0
3,13,0
29,13,0
46,13,0
127,13,0
457,13,0
13,512,3
573,13,0
574,13,0
577,13,0
868,13,0
869,13,0
1014,13,0
1036,13,0
1093,13,0
1206,13,0
1315,13,0
1471,13,0
1472,13,0
1473,13,0
1474,13,0
1475,13,0
1476,13,0
1477,13,0
1478,13,0
1479,13,0
1480,13,0
1481,13,0
1482,13,0
1483,13,0
1484,13,0
1485,13,0
1486,13,0
1487,13,0
1488,13,0
1489,13,0
1490,13,0
1491,13,0
1492,13,0
1493,13,0
1494,13,0
1495,13,0
1496,13,0
1497,13,0
1498,13,0
13,1614,3
109,14,0
661,14,0
684,14,0
685,14,0
687,14,0
1044,14,0
1230,14,0
1389,14,0
1391,14,0
1393,14,0
1499,14,0
1500,14,0
1501,14,0
1502,14,0
1503,14,0
1504,14,0
1505,14,0
1506,14,0
1507,14,0
1508,14,0
1509,14,0
1510,14,0
1511,14,0
1512,14,0
14,2073,3
28,15,0
271,15,0
474,15,0
475,15,0
476,15,0
489,15,0
1407,15,0
15,1412,3
1417,15,0
1418,15,0
1419,15,0
1513,15,0
1514,15,0
1515,15,0
1516,15,0
1517,15,0
1518,15,0
15,2169,3
98,16,0
781,16,0
16,1342,3
1398,16,0
27,17,0
28,17,0
38,17,0
50,17,0
52,17,0
90,17,0
111,17,0
113,17,0
133,17,0
145,17,0
183,17,0
185,17,0
186,17,0
187,17,0
189,17,0
200,17,0
205,17,0
206,17,0
207,17,0
218,17,0
219,17,0
225,17,0
240,17,0
249,17,0
251,17,0
266,17,0
275,17,0
287,17,0
288,17,0
289,17,0
293,17,0
296,17,0
17,346,3
17,375,3
393,17,0
397,17,0
401,17,0
407,17,0
535,17,0
537,17,0
545,17,0
546,17,0
559,17,0
564,17,0
583,17,0
585,17,0
586,17,0
589,17,0
590,17,0
591,17,0
592,17,0
593,17,0
595,17,0
598,17,0
599,17,0
600,17,0
601,17,0
602,17,0
603,17,0
611,17,0
617,17,0
622,17,0
627,17,0
635,17,0
637,17,0
638,17,0
639,17,0
652,17,0
662,17,0
665,17,0
675,17,0
676,17,0
677,17,0
678,17,0
680,17,0
690,17,0
733,17,0
798,17,0
799,17,0
803,17,0
811,17,0
824,17,0
837,17,0
890,17,0
900,17,0
909,17,0
929,17,0
931,17,0
932,17,0
969,17,0
1033,17,0
1077,17,0
1120,17,0
1144,17,0
1145,17,0
1186,17,0
1198,17,0
1519,17,0
1520,17,0
1521,17,0
1522,17,0
1523,17,0
1524,17,0
1525,17,0
1526,17,0
1527,17,0
1528,17,0
1529,17,0
1530,17,0
1531,17,0
1532,17,0
1533,17,0
1534,17,0
1535,17,0
1536,17,0
1537,17,0
1538,17,0
1539,17,0
1540,17,0
1541,17,0
1542,17,0
1543,17,0
1544,17,0
1545,17,0
1546,17,0
1547,17,0
1548,17,0
1549,17,0
1550,17,0
1551,17,0
1552,17,0
1553,17,0
1554,17,0
1555,17,0
1556,17,0
1557,17,0
1558,17,0
1559,17,0
1560,17,0
1561,17,0
1562,17,0
1563,17,0
1564,17,0
1565,17,0
1566,17,0
1567,17,0
1568,17,0
1569,17,0
18,251,3
18,898,3
18,1315,3
1570,18,0
1571,18,0
19,220,3
19,580,3
19,938,3
1406,19,0
1407,19,0
2,20,0
11,20,0
16,20,0
60,20,0
63,20,0
64,20,0
98,20,0
108,20,0
130,20,0
138,20,0
141,20,0
165,20,0
172,20,0
174,20,0
175,20,0
177,20,0
192,20,0
202,20,0
203,20,0
204,20,0
224,20,0
266,20,0
270,20,0
273,20,0
274,20,0
20,286,3
287,20,0
307,20,0
319,20,0
320,20,0
321,20,0
322,20,0
327,20,0
338,20,0
349,20,0
350,20,0
351,20,0
352,20,0
353,20,0
354,20,0
355,20,0
357,20,0
359,20,0
360,20,0
361,20,0
365,20,0
367,20,0
368,20,0
385,20,0
417,20,0
420,20,0
421,20,0
422,20,0
423,20,0
424,20,0
429,20,0
437,20,0
441,20,0
444,20,0
445,20,0
456,20,0
475,20,0
505,20,0
506,20,0
507,20,0
509,20,0
530,20,0
533,20,0
538,20,0
555,20,0
556,20,0
559,20,0
560,20,0
561,20,0
562,20,0
580,20,0
626,20,0
656,20,0
705,20,0
722,20,0
734,20,0
749,20,0
796,20,0
837,20,0
847,20,0
852,20,0
888,20,0
891,20,0
914,20,0
997,20,0
999,20,0
1014,20,0
1033,20,0
1034,20,0
1064,20,0
1065,20,0
1066,20,0
1072,20,0
1077,20,0
1078,20,0
1088,20,0
1092,20,0
1125,20,0
1128,20,0
1144,20,0
1186,20,0
1227,20,0
1231,20,0
1238,20,0
1255,20,0
1261,20,0
1366,20,0
1378,20,0
1380,20,0
1398,20,0
1399,20,0
1400,20,0
1401,20,0
1404,20,0
1407,20,0
1416,20,0
1417,20,0
1418,20,0
1419,20,0
1520,20,0
20,1526,3
1535,20,0
1538,20,0
1551,20,0
1552,20,0
1572,20,0
1573,20,0
1574,20,0
1575,20,0
1576,20,0
1577,20,0
1578,20,0
1579,20,0
1580,20,0
1581,20,0
1582,20,0
1583,20,0
1584,20,0
1585,20,0
1586,20,0
1587,20,0
1588,20,0
1589,20,0
1590,20,0
1591,20,0
1592,20,0
1593,20,0
1594,20,0
1595,20,0
1596,20,0
1597,20,0
1598,20,0
1599,20,0
1600,20,0
1601,20,0
1602,20,0
1603,20,0
1604,20,0
1605,20,0
1606,20,0
1607,20,0
1608,20,0
1609,20,0
1610,20,0
1611,20,0
1612,20,0
1613,20,0
1614,20,0
1615,20,0
1616,20,0
1617,20,0
1618,20,0
1619,20,0
1620,20,0
1621,20,0
1622,20,0
1623,20,0
1624,20,0
1625,20,0
1626,20,0
1627,20,0
1628,20,0
1629,20,0
1630,20,0
1631,20,0
1632,20,0
1633,20,0
1634,20,0
1635,20,0
1636,20,0
1637,20,0
1638,20,0
1639,20,0
1640,20,0
1641,20,0
1642,20,0
1643,20,0
1644,20,0
1645,20,0
1646,20,0
1647,20,0
1648,20,0
1649,20,0
1650,20,0
1651,20,0
1652,20,0
1653,20,0
1654,20,0
1655,20,0
1656,20,0
1657,20,0
1658,20,0
1659,20,0
1660,20,0
1661,20,0
1662,20,0
1663,20,0
1664,20,0
1665,20,0
1666,20,0
1667,20,0
1668,20,0
1669,20,0
1670,20,0
1671,20,0
1672,20,0
1673,20,0
1674,20,0
1675,20,0
1676,20,0
1677,20,0
1678,20,0
1679,20,0
1680,20,0
1681,20,0
1682,20,0
1683,20,0
1684,20,0
1685,20,0
1686,20,0
1687,20,0
1688,20,0
1689,20,0
1690,20,0
1691,20,0
1692,20,0
1693,20,0
1694,20,0
1695,20,0
1696,20,0
1697,20,0
1698,20,0
1699,20,0
21,254,3
708,21,0
711,21,0
712,21,0
713,21,0
716,21,0
21,720,3
21,22,0
496,22,0
497,22,0
499,22,0
500,22,0
502,22,0
531,22,0
566,22,0
567,22,0
568,22,0
569,22,0
612,22,0
624,22,0
708,22,0
710,22,0
711,22,0
713,22,0
714,22,0
716,22,0
1700,22,0
1701,22,0
1702,22,0
23,1278,3
1703,23,0
1704,23,0
1705,23,0
1706,23,0
1707,23,0
24,164,3
24,679,3
890,24,0
909,24,0
50,25,0
397,25,0
398,25,0
399,25,0
401,25,0
402,25,0
404,25,0
405,25,0
406,25,0
407,25,0
412,25,0
413,25,0
419,25,0
420,25,0
427,25,0
812,25,0
876,25,0
25,1081,3
25,1364,3
1417,25,0
1418,25,0
1449,25,0
1450,25,0
1708,25,0
1709,25,0
1710,25,0
1711,25,0
217,26,0
218,26,0
219,26,0
220,26,0
221,26,0
222,26,0
524,26,0
525,26,0
526,26,0
1455,26,0
1464,26,0
1465,26,0
1466,26,0
1467,26,0
1712,26,0
1713,26,0
1714,26,0
1715,26,0
1716,26,0
1717,26,0
1718,26,0
1719,26,0
27,47,3
27,360,3
1555,27,0
1563,27,0
1565,27,0
27,1685,3
27,1987,3
27,2035,3
383,28,0
386,28,0
646,28,0
811,28,0
915,28,0
916,28,0
1033,28,0
1034,28,0
1288,28,0
1418,28,0
1420,28,0
1516,28,0
28,1555,3
1575,28,0
1679,28,0
1720,28,0
1721,28,0
1722,28,0
1723,28,0
1724,28,0
1725,28,0
28,1999,3
383,29,0
386,29,0
915,29,0
1417,29,0
1516,29,0
29,2113,3
30,803,3
965,30,0
1026,30,0
1027,30,0
1028,30,0
31,281,3
31,1183,3
1726,31,0
1727,31,0
31,1894,3
14,32,0
29,32,0
52,32,0
65,32,0
133,32,0
32,340,3
396,32,0
403,32,0
404,32,0
412,32,0
413,32,0
795,32,0
797,32,0
887,32,0
1073,32,0
32,1210,3
1238,32,0
32,1240,3
1280,32,0
1419,32,0
1420,32,0
1452,32,0
1675,32,0
1728,32,0
1729,32,0
1730,32,0
1731,32,0
1732,32,0
1733,32,0
1734,32,0
1735,32,0
1736,32,0
1737,32,0
1738,32,0
1739,32,0
1740,32,0
112,33,0
164,33,0
175,33,0
190,33,0
196,33,0
217,33,0
218,33,0
220,33,0
222,33,0
235,33,0
236,33,0
237,33,0
239,33,0
241,33,0
243,33,0
247,33,0
249,33,0
276,33,0
280,33,0
282,33,0
285,33,0
288,33,0
290,33,0
291,33,0
292,33,0
293,33,0
294,33,0
295,33,0
296,33,0
297,33,0
389,33,0
390,33,0
515,33,0
517,33,0
519,33,0
520,33,0
521,33,0
522,33,0
523,33,0
526,33,0
532,33,0
555,33,0
557,33,0
575,33,0
618,33,0
619,33,0
620,33,0
622,33,0
627,33,0
628,33,0
629,33,0
647,33,0
648,33,0
649,33,0
650,33,0
676,33,0
677,33,0
682,33,0
693,33,0
694,33,0
696,33,0
697,33,0
698,33,0
699,33,0
701,33,0
702,33,0
703,33,0
728,33,0
1150,33,0
1280,33,0
1541,33,0
1543,33,0
1547,33,0
1566,33,0
1741,33,0
1742,33,0
33,1788,3
190,34,0
217,34,0
218,34,0
242,34,0
34,254,3
277,34,0
280,34,0
282,34,0
283,34,0
284,34,0
285,34,0
389,34,0
515,34,0
517,34,0
522,34,0
523,34,0
524,34,0
525,34,0
526,34,0
527,34,0
528,34,0
529,34,0
575,34,0
618,34,0
619,34,0
683,34,0
699,34,0
700,34,0
703,34,0
717,34,0
728,34,0
34,2072,3
972,35,0
974,35,0
975,35,0
976,35,0
977,35,0
979,35,0
980,35,0
981,35,0
1743,35,0
52,36,0
65,36,0
446,36,0
672,36,0
706,36,0
36,748,3
36,868,3
915,36,0
1280,36,0
1317,36,0
1324,36,0
1422,36,0
1744,36,0
1745,36,0
1746,36,0
412,37,0
37,524,3
832,37,0
37,895,3
37,1542,3
1747,37,0
1748,37,0
37,1838,3
183,38,0
184,38,0
223,38,0
246,38,0
250,38,0
257,38,0
263,38,0
340,38,0
424,38,0
432,38,0
633,38,0
748,38,0
1052,38,0
1075,38,0
1108,38,0
1364,38,0
1388,38,0
1402,38,0
1415,38,0
1425,38,0
1426,38,0
1514,38,0
1538,38,0
1573,38,0
1634,38,0
1749,38,0
1750,38,0
1751,38,0
1752,38,0
1753,38,0
1754,38,0
1755,38,0
1756,38,0
1757,38,0
1758,38,0
1759,38,0
1760,38,0
1761,38,0
1762,38,0
1763,38,0
1764,38,0
1765,38,0
1766,38,0
1767,38,0
1768,38,0
1769,38,0
1770,38,0
456,39,0
457,39,0
42,40,0
157,40,0
199,40,0
411,40,0
956,40,0
1119,40,0
40,1177,3
1557,40,0
1570,40,0
1571,40,0
1771,40,0
1772,40,0
1773,40,0
1774,40,0
1775,40,0
1776,40,0
1777,40,0
40,1827,3
29,41,0
41,222,3
41,1408,3
1513,41,0
1514,41,0
1516,41,0
1587,41,0
733,42,0
734,42,0
735,42,0
198,43,0
211,43,0
244,43,0
254,43,0
304,43,0
393,43,0
460,43,0
1078,43,0
1778,43,0
1779,43,0
43,2121,3
135,44,0
44,336,3
44,636,3
753,44,0
755,44,0
759,44,0
822,44,0
823,44,0
829,44,0
830,44,0
831,44,0
840,44,0
911,44,0
914,44,0
1280,44,0
1395,44,0
1724,44,0
1780,44,0
1781,44,0
1782,44,0
1783,44,0
1784,44,0
663,45,0
717,45,0
185,46,0
186,46,0
187,46,0
188,46,0
189,46,0
46,441,3
1492,46,0
1494,46,0
1495,46,0
1496,46,0
46,1893,3
47,978,3
47,1659,3
1788,47,0
1789,47,0
48,115,3
346,48,0
615,48,0
616,48,0
671,48,0
1790,48,0
1791,48,0
49,412,3
1304,49,0
1460,49,0
1796,49,0
1797,49,0
841,50,0
50,1559,3
753,51,0
754,51,0
755,51,0
756,51,0
914,51,0
51,1206,3
186,52,0
187,52,0
189,52,0
270,52,0
450,52,0
453,52,0
562,52,0
563,52,0
633,52,0
916,52,0
52,1119,3
1417,52,0
1419,52,0
1443,52,0
1708,52,0
54,53,0
926,53,0
936,53,0
941,53,0
53,945,3
1015,53,0
1016,53,0
53,1067,3
1847,53,0
54,390,3
1016,54,0
729,55,0
874,55,0
875,55,0
55,883,3
943,55,0
952,55,0
56,587,3
875,56,0
897,56,0
994,56,0
873,57,0
897,57,0
994,57,0
934,58,0
935,58,0
1013,58,0
58,1259,3
1848,58,0
430,59,0
431,59,0
434,59,0
438,59,0
59,1327,3
1849,59,0
1850,59,0
1851,59,0
1852,59,0
1853,59,0
1854,59,0
1855,59,0
226,60,0
227,60,0
228,60,0
815,60,0
817,60,0
60,1156,3
1856,60,0
60,1969,3
146,61,0
185,61,0
186,61,0
188,61,0
189,61,0
225,61,0
61,363,3
451,61,0
536,61,0
776,61,0
61,1042,3
1553,61,0
1587,61,0
1731,61,0
1802,61,0
1857,61,0
1858,61,0
1859,61,0
1860,61,0
1861,61,0
1862,61,0
1863,61,0
1864,61,0
1865,61,0
1866,61,0
62,224,3
561,62,0
780,62,0
781,62,0
62,1240,3
385,63,0
937,63,0
939,63,0
954,63,0
972,63,0
973,63,0
974,63,0
975,63,0
977,63,0
978,63,0
979,63,0
980,63,0
981,63,0
1020,63,0
1021,63,0
1031,63,0
1115,63,0
1145,63,0
1181,63,0
1368,63,0
1435,63,0
1436,63,0
1437,63,0
63,1478,3
63,1543,3
1867,63,0
1868,63,0
1869,63,0
43,64,0
127,64,0
781,64,0
1394,64,0
1396,64,0
1397,64,0
1399,64,0
1401,64,0
1424,64,0
1870,64,0
19,65,0
29,65,0
52,65,0
218,65,0
219,65,0
221,65,0
915,65,0
916,65,0
65,951,3
65,1067,3
1423,65,0
1519,65,0
1532,65,0
1533,65,0
1871,65,0
66,330,3
740,66,0
741,66,0
742,66,0
744,66,0
745,66,0
746,66,0
877,66,0
882,66,0
1679,66,0
1872,66,0
1873,66,0
1874,66,0
1875,66,0
901,67,0
902,67,0
903,67,0
67,1107,3
825,68,0
826,68,0
68,1885,3
192,69,0
193,69,0
833,69,0
866,69,0
905,69,0
968,69,0
69,1551,3
69,1887,3
70,112,3
560,70,0
631,70,0
645,70,0
70,832,3
70,1137,3
1556,70,0
28,71,0
71,235,3
862,71,0
863,71,0
885,71,0
1417,71,0
1418,71,0
1742,71,0
71,1759,3
944,72,0
1001,72,0
1002,72,0
1204,72,0
1876,72,0
1877,72,0
1878,72,0
1879,72,0
1880,72,0
234,73,0
384,73,0
392,73,0
73,1370,3
73,1904,3
141,74,0
74,867,3
1881,74,0
1882,74,0
75,738,3
1883,75,0
1884,75,0
1885,75,0
1886,75,0
1887,75,0
191,76,0
192,76,0
193,76,0
833,76,0
76,862,3
865,76,0
230,77,0
791,77,0
898,77,0
77,1867,3
230,78,0
231,78,0
791,78,0
828,78,0
78,1381,3
78,2065,3
205,79,0
208,79,0
800,79,0
79,1495,3
813,80,0
814,80,0
80,1268,3
149,81,0
904,81,0
1222,81,0
1223,81,0
1513,81,0
1514,81,0
1529,81,0
1587,81,0
1778,81,0
1802,81,0
1857,81,0
1859,81,0
1861,81,0
1863,81,0
1864,81,0
1865,81,0
1888,81,0
1889,81,0
1890,81,0
1891,81,0
1892,81,0
1893,81,0
1894,81,0
1895,81,0
1896,81,0
1897,81,0
1898,81,0
1899,81,0
1900,81,0
1901,81,0
1902,81,0
1903,81,0
1904,81,0
1905,81,0
1906,81,0
1907,81,0
1908,81,0
1909,81,0
1910,81,0
1911,81,0
1912,81,0
1913,81,0
1914,81,0
1915,81,0
565,82,0
1069,82,0
1598,82,0
1916,82,0
82,1925,3
183,83,0
252,83,0
560,83,0
580,83,0
581,83,0
631,83,0
1111,83,0
1112,83,0
1708,83,0
1735,83,0
1754,83,0
1916,83,0
1917,83,0
1918,83,0
1919,83,0
1920,83,0
1921,83,0
1922,83,0
1923,83,0
1924,83,0
1925,83,0
1926,83,0
1927,83,0
1928,83,0
67,84,0
84,1945,3
85,1172,3
1929,85,0
13,86,0
86,166,3
86,266,3
86,319,3
1488,86,0
1930,86,0
217,87,0
218,87,0
220,87,0
222,87,0
87,265,3
87,338,3
1519,87,0
1532,87,0
87,1923,3
1040,88,0
1101,88,0
88,1918,3
89,319,3
89,396,3
1931,89,0
1932,89,0
1933,89,0
1934,89,0
1521,90,0
1523,90,0
90,1965,3
213,91,0
91,288,3
92,789,3
92,1481,3
1935,92,0
1936,92,0
763,93,0
764,93,0
94,730,3
765,94,0
766,94,0
94,901,3
94,948,3
782,95,0
785,95,0
786,95,0
787,95,0
95,868,3
96,340,3
859,96,0
1024,96,0
858,97,0
97,1260,3
8,98,0
148,98,0
181,98,0
182,98,0
98,898,3
98,1079,3
1109,98,0
1442,98,0
98,1930,3
1950,98,0
1951,98,0
1952,98,0
1953,98,0
1954,98,0
99,173,3
100,304,3
100,888,3
100,1742,3
837,101,0
1955,101,0
1956,101,0
1957,101,0
842,102,0
843,102,0
844,102,0
845,102,0
1958,102,0
1959,102,0
1960,102,0
11,103,0
401,103,0
428,103,0
1165,103,0
1452,103,0
614,104,0
723,104,0
724,104,0
725,104,0
104,1076,3
104,105,0
105,241,3
607,105,0
614,105,0
723,105,0
724,105,0
725,105,0
105,2178,3
469,106,0
479,106,0
480,106,0
482,106,0
106,1078,3
1129,106,0
1416,106,0
1604,106,0
1803,106,0
1826,106,0
1961,106,0
1962,106,0
1963,106,0
1964,106,0
1965,106,0
1966,106,0
1967,106,0
1968,106,0
1969,106,0
1970,106,0
1971,106,0
108,569,3
108,1264,3
108,1386,3
108,1977,3
661,109,0
684,109,0
687,109,0
1230,109,0
1506,109,0
109,1632,3
1972,110,0
1973,110,0
300,111,0
305,111,0
111,602,3
111,608,3
111,648,3
877,111,0
878,111,0
879,111,0
111,919,3
635,112,0
636,112,0
638,112,0
112,1203,3
112,2198,3
1549,113,0
29,114,0
492,114,0
550,114,0
862,114,0
863,114,0
1416,114,0
1588,114,0
114,1940,3
1975,114,0
1976,114,0
1977,114,0
1978,114,0
1979,114,0
1980,114,0
1981,114,0
1982,114,0
1983,114,0
28,115,0
270,115,0
383,115,0
562,115,0
115,752,3
115,1670,3
116,834,3
961,116,0
962,116,0
116,1534,3
117,1364,3
1984,117,0
1985,117,0
1986,117,0
1987,117,0
118,644,3
118,1468,3
1847,118,0
1988,119,0
1989,119,0
1990,119,0
1991,119,0
1992,119,0
1993,119,0
119,2140,3
120,864,3
984,120,0
985,120,0
986,120,0
120,1317,3
120,1739,3
120,2087,3
446,121,0
484,121,0
485,121,0
487,121,0
121,2053,3
122,359,3
1261,122,0
1996,122,0
11,123,0
272,123,0
412,123,0
413,123,0
420,123,0
780,123,0
123,1670,3
123,2089,3
183,124,0
124,1791,3
124,2080,3
116,125,0
421,125,0
125,691,3
750,125,0
1056,125,0
125,1171,3
847,126,0
2016,126,0
2017,126,0
2018,126,0
1023,127,0
127,1608,3
127,1969,3
2019,127,0
128,573,3
128,674,3
2020,128,0
2021,128,0
2022,128,0
2023,128,0
2024,128,0
2025,128,0
2026,128,0
106,129,0
469,129,0
479,129,0
480,129,0
481,129,0
1071,129,0
1401,129,0
1755,129,0
2027,129,0
2028,129,0
2029,129,0
130,294,3
130,684,3
2030,131,0
2031,131,0
131,2167,3
132,220,3
132,1077,3
132,1130,3
1942,132,0
1946,132,0
2032,132,0
2033,132,0
106,133,0
235,133,0
237,133,0
479,133,0
480,133,0
481,133,0
133,1028,3
1429,133,0
133,2187,3
98,134,0
180,134,0
181,134,0
182,134,0
227,134,0
228,134,0
134,1939,3
227,135,0
135,403,3
537,135,0
135,1381,3
1780,135,0
135,1955,3
2037,135,0
2038,135,0
2039,135,0
2040,135,0
2041,135,0
2042,135,0
2043,135,0
2044,135,0
2045,135,0
135,2071,3
412,136,0
136,823,3
136,955,3
2046,137,0
2047,137,0
138,861,3
138,1302,3
139,521,3
139,1207,3
1358,139,0
139,1665,3
2049,139,0
8,140,0
106,140,0
479,140,0
140,663,3
140,1088,3
1212,140,0
2050,140,0
2051,140,0
2052,140,0
1216,142,0
52,143,0
270,143,0
386,143,0
469,143,0
479,143,0
481,143,0
143,756,3
780,143,0
916,143,0
143,959,3
1419,143,0
143,1424,3
1643,143,0
50,144,0
387,144,0
480,144,0
481,144,0
144,1078,3
1132,144,0
144,1317,3
1870,144,0
2057,144,0
2058,144,0
689,145,0
737,145,0
900,145,0
969,145,0
145,1520,3
1101,146,0
1513,146,0
1514,146,0
1587,146,0
1802,146,0
1857,146,0
1858,146,0
1860,146,0
1861,146,0
1863,146,0
1864,146,0
1866,146,0
147,1748,3
2072,148,0
955,149,0
149,1078,3
149,1255,3
1280,149,0
149,2052,3
2073,149,0
2074,149,0
150,197,3
150,273,3
1657,150,0
1694,150,0
2081,150,0
2082,150,0
2083,150,0
151,873,3
2093,151,0
2094,151,0
151,2107,3
109,152,0
203,152,0
474,152,0
475,152,0
488,152,0
646,152,0
152,670,3
847,152,0
152,1274,3
1520,152,0
1538,152,0
1662,152,0
1766,152,0
1767,152,0
1769,152,0
2084,152,0
2095,152,0
2096,152,0
2097,152,0
2098,152,0
2099,152,0
2100,152,0
2101,152,0
2102,152,0
2103,152,0
2104,152,0
2105,152,0
2106,152,0
152,2148,3
1,153,0
8,153,0
61,153,0
106,153,0
123,153,0
129,153,0
396,153,0
420,153,0
456,153,0
480,153,0
481,153,0
153,615,3
652,153,0
653,153,0
780,153,0
781,153,0
832,153,0
1033,153,0
1034,153,0
1178,153,0
1552,153,0
1557,153,0
153,1714,3
2003,153,0
2150,153,0
2151,153,0
2152,153,0
2153,153,0
1265,154,0
154,1439,3
2158,154,0
2159,154,0
2160,154,0
2161,154,0
947,155,0
949,155,0
1025,155,0
6,156,0
83,156,0
103,156,0
168,156,0
185,156,0
186,156,0
187,156,0
188,156,0
189,156,0
225,156,0
346,156,0
397,156,0
401,156,0
441,156,0
457,156,0
505,156,0
506,156,0
507,156,0
508,156,0
539,156,0
549,156,0
553,156,0
561,156,0
563,156,0
570,156,0
597,156,0
599,156,0
603,156,0
611,156,0
615,156,0
633,156,0
646,156,0
652,156,0
656,156,0
757,156,0
767,156,0
768,156,0
769,156,0
770,156,0
771,156,0
774,156,0
775,156,0
776,156,0
777,156,0
778,156,0
779,156,0
781,156,0
1115,156,0
1181,156,0
1325,156,0
156,1366,3
1368,156,0
1433,156,0
1435,156,0
1437,156,0
1438,156,0
1440,156,0
1455,156,0
1463,156,0
1465,156,0
1466,156,0
1467,156,0
1470,156,0
1586,156,0
1598,156,0
1714,156,0
1800,156,0
156,1829,3
1867,156,0
1868,156,0
1923,156,0
2034,156,0
2166,156,0
2167,156,0
2168,156,0
2169,156,0
2170,156,0
2171,156,0
2172,156,0
2173,156,0
2174,156,0
2175,156,0
2176,156,0
2177,156,0
2178,156,0
157,920,3
157,1170,3
1772,157,0
532,158,0
538,158,0
556,158,0
557,158,0
558,158,0
617,158,0
158,729,3
946,158,0
1831,159,0
2179,159,0
2180,159,0
2181,159,0
2182,159,0
2183,159,0
2184,159,0
2185,159,0
2186,159,0
2187,159,0
1524,160,0
2188,160,0
2189,160,0
2190,160,0
872,161,0
510,162,0
514,162,0
2191,162,0
2192,162,0
163,1880,3
164,488,3
647,164,0
648,164,0
649,164,0
650,164,0
651,164,0
164,989,3
165,788,3
165,992,3
165,1031,3
165,1151,3
2193,165,0
267,166,0
166,1283,3
2194,166,0
945,167,0
1007,167,0
1009,167,0
82,168,0
827,168,0
1069,168,0
1118,168,0
1531,168,0
1732,168,0
1733,168,0
2053,168,0
2054,168,0
2055,168,0
2195,168,0
2196,168,0
2197,168,0
2198,168,0
1004,169,0
1005,169,0
1006,169,0
169,1136,3
170,353,3
1086,170,0
170,1822,3
1896,170,0
2199,170,0
226,171,0
845,171,0
958,171,0
171,1186,3
171,1358,3
2200,171,0
172,680,3
1496,172,0
172,1850,3
172,2089,3
2201,172,0
2147,173,0
2202,173,0
174,506,3
2056,174,0
2203,174,0
2204,174,0
176,1315,3
176,1563,3
177,2029,3
178,1637,3
179,324,3
179,548,3
181,1768,3
182,487,3
182,2120,3
183,1099,3
184,1168,3
186,1683,3
187,853,3
187,1890,3
188,765,3
190,945,3
190,1009,3
190,1422,3
190,1499,3
192,560,3
192,2032,3
192,2180,3
193,1343,3
194,402,3
194,1302,3
195,2158,3
196,374,3
196,600,3
197,1072,3
198,1266,3
198,1409,3
198,1523,3
198,1581,3
200,1639,3
200,2097,3
201,360,3
201,1426,3
202,381,3
202,1030,3
202,1875,3
202,2078,3
202,2098,3
203,1292,3
203,1435,3
204,1164,3
204,1222,3
205,1921,3
206,662,3
206,1180,3
206,2188,3
207,1297,3
208,319,3
208,951,3
208,1068,3
208,1802,3
209,1549,3
210,1964,3
210,1974,3
211,1195,3
215,676,3
215,1185,3
216,2072,3
217,1282,3
217,1752,3
218,761,3
218,1742,3
219,850,3
219,2116,3
219,2132,3
220,1795,3
222,333,3
222,1149,3
223,1351,3
224,1493,3
224,1569,3
224,1882,3
225,565,3
227,309,3
227,1366,3
228,790,3
228,1138,3
229,2185,3
230,1826,3
233,968,3
234,1370,3
235,1442,3
236,731,3
237,724,3
237,1378,3
237,2106,3
238,525,3
238,1554,3
239,1804,3
240,2093,3
243,1516,3
243,1584,3
244,741,3
244,1806,3
245,757,3
246,1119,3
250,1815,3
252,661,3
252,757,3
252,1305,3
252,1553,3
253,1027,3
253,1448,3
253,1477,3
254,1334,3
254,2145,3
255,290,3
255,477,3
256,1360,3
257,1300,3
257,2115,3
258,692,3
258,733,3
258,966,3
258,1168,3
258,1631,3
260,626,3
260,1282,3
260,1657,3
262,339,3
262,931,3
263,380,3
263,671,3
263,1383,3
263,1742,3
264,370,3
264,1479,3
264,1838,3
265,1797,3
266,1199,3
266,1443,3
269,323,3
269,508,3
269,1463,3
271,511,3
271,801,3
275,888,3
277,1181,3
277,1534,3
279,1391,3
281,2024,3
281,2034,3
282,1723,3
283,615,3
283,1611,3
284,1010,3
285,1536,3
285,1649,3
286,1596,3
289,535,3
289,924,3
292,316,3
292,1054,3
292,1304,3
292,1884,3
293,586,3
293,1384,3
293,1869,3
294,900,3
294,929,3
294,2194,3
295,965,3
295,1072,3
296,1923,3
296,1941,3
298,1726,3
300,441,3
300,1677,3
301,1879,3
302,1657,3
303,1565,3
304,1390,3
305,1641,3
306,494,3
306,1569,3
308,1428,3
308,1722,3
308,1935,3
309,1057,3
311,893,3
311,1026,3
311,1574,3
311,1693,3
312,1177,3
313,1111,3
314,2158,3
317,424,3
317,927,3
318,597,3
318,1860,3
319,2032,3
320,2114,3
321,539,3
321,1051,3
321,1675,3
322,1295,3
323,758,3
323,820,3
325,1722,3
326,1386,3
327,665,3
327,1384,3
328,594,3
328,1745,3
331,528,3
331,1087,3
331,1605,3
331,1978,3
333,597,3
333,779,3
334,1408,3
336,584,3
336,604,3
336,1031,3
337,1661,3
338,631,3
339,1098,3
340,1241,3
340,1843,3
341,670,3
341,1245,3
342,746,3
342,1917,3
343,910,3
343,1816,3
344,1962,3
344,2002,3
345,517,3
346,408,3
346,447,3
346,481,3
346,1261,3
346,1344,3
346,1859,3
346,2042,3
347,541,3
347,881,3
347,988,3
351,529,3
353,1243,3
353,1732,3
353,2171,3
356,1961,3
357,768,3
357,1559,3
357,2128,3
358,1257,3
358,1533,3
359,1678,3
360,1438,3
361,1542,3
361,1691,3
362,1103,3
362,1142,3
364,1892,3
366,401,3
366,1712,3
367,1682,3
368,786,3
368,1480,3
368,1551,3
370,1268,3
371,1390,3
372,1392,3
373,823,3
373,1056,3
374,2131,3
375,423,3
375,607,3
375,862,3
375,1576,3
376,991,3
377,1640,3
377,1796,3
379,408,3
379,447,3
379,1785,3
383,1447,3
383,2190,3
384,1307,3
385,858,3
386,1146,3
387,1155,3
387,2176,3
388,524,3
388,595,3
388,1046,3
389,1823,3
389,2153,3
390,1013,3
391,744,3
391,1144,3
391,1505,3
392,465,3
393,453,3
393,728,3
393,752,3
393,1943,3
393,2156,3
395,474,3
395,534,3
396,1235,3
396,1498,3
397,680,3
397,719,3
397,1449,3
397,1671,3
400,2105,3
401,848,3
402,1192,3
402,1983,3
403,585,3
403,911,3
403,1183,3
405,1091,3
409,822,3
409,1692,3
409,2078,3
411,1906,3
412,1119,3
412,1355,3
414,1265,3
414,2090,3
415,1038,3
415,1144,3
415,1470,3
415,1729,3
415,1821,3
416,1955,3
417,2129,3
418,595,3
419,986,3
420,787,3
420,1831,3
421,1098,3
421,1465,3
422,1966,3
423,667,3
424,2050,3
425,1042,3
426,432,3
426,537,3
426,1760,3
427,1470,3
428,1041,3
429,601,3
429,1638,3
430,452,3
431,455,3
432,539,3
432,690,3
432,1572,3
434,998,3
434,1041,3
434,1572,3
436,1751,3
437,825,3
437,1182,3
438,1746,3
438,1912,3
439,1972,3
440,555,3
440,1106,3
440,1786,3
444,445,3
444,686,3
444,978,3
444,1982,3
445,510,3
445,908,3
447,1313,3
449,476,3
450,560,3
450,946,3
451,1590,3
452,892,3
452,1142,3
453,1799,3
455,1406,3
456,572,3
456,803,3
456,1237,3
457,1060,3
458,1350,3
460,501,3
460,711,3
460,1030,3
460,1930,3
461,1759,3
465,1439,3
465,1508,3
468,945,3
468,971,3
468,2003,3
469,858,3
470,886,3
472,1364,3
472,1790,3
473,1163,3
473,1805,3
474,482,3
474,694,3
474,1602,3
476,1831,3
477,830,3
478,2198,3
480,1535,3
481,1513,3
483,1927,3
484,1400,3
484,2151,3
486,987,3
486,1232,3
487,1986,3
488,1645,3
489,840,3
489,2088,3
491,684,3
492,1008,3
493,1245,3
493,1842,3
493,2176,3
495,1265,3
496,522,3
496,2049,3
497,644,3
498,846,3
498,1810,3
500,1104,3
500,1111,3
500,1196,3
501,523,3
501,1704,3
502,1283,3
502,2081,3
503,730,3
503,2172,3
504,556,3
505,1218,3
505,1325,3
505,1395,3
505,2063,3
506,2197,3
508,1069,3
509,2122,3
510,1753,3
512,1346,3
513,1417,3
514,1892,3
515,1859,3
516,727,3
517,1886,3
518,1598,3
518,1656,3
521,1636,3
524,1267,3
524,1559,3
524,2030,3
526,1505,3
527,1948,3
528,1307,3
529,688,3
529,1048,3
529,1142,3
529,2104,3
530,674,3
533,1332,3
538,837,3
538,1245,3
540,2138,3
541,1737,3
541,2047,3
544,558,3
544,650,3
544,1375,3
544,1725,3
545,1254,3
545,1515,3
547,1981,3
547,2191,3
548,800,3
548,1339,3
548,1744,3
548,1800,3
548,2123,3
549,804,3
550,575,3
550,955,3
550,1971,3
552,1929,3
553,1607,3
553,1701,3
553,1839,3
554,887,3
555,1364,3
555,2048,3
555,2110,3
556,970,3
558,890,3
560,1624,3
561,604,3
562,962,3
562,1411,3
563,1905,3
566,1545,3
566,1660,3
566,1857,3
567,1650,3
568,1380,3
569,1181,3
569,1687,3
569,1837,3
571,1025,3
572,601,3
572,694,3
572,1952,3
573,855,3
573,1171,3
577,589,3
577,1675,3
577,1861,3
578,877,3
579,1796,3
580,1267,3
580,1325,3
581,1723,3
583,1011,3
583,1871,3
584,1284,3
585,686,3
585,1472,3
586,779,3
587,1403,3
588,1169,3
588,1271,3
589,729,3
589,1531,3
591,616,3
591,2188,3
592,678,3
593,913,3
593,1062,3
593,1230,3
593,1912,3
594,640,3
594,1946,3
595,1706,3
597,2136,3
599,832,3
601,806,3
601,1505,3
603,1983,3
606,880,3
608,1396,3
609,1512,3
610,1025,3
611,1839,3
612,678,3
612,1517,3
613,765,3
613,1514,3
614,1228,3
614,1388,3
615,1230,3
616,733,3
616,1928,3
617,1000,3
617,1074,3
617,1560,3
618,1638,3
618,1747,3
618,2065,3
619,673,3
620,1143,3
620,1405,3
621,1101,3
621,1186,3
622,1259,3
623,1041,3
624,1219,3
626,1989,3
626,2187,3
628,698,3
628,1032,3
628,1544,3
629,1998,3
630,1386,3
631,720,3
632,2101,3
633,1219,3
636,1384,3
638,834,3
639,684,3
640,1194,3
640,1793,3
641,663,3
641,682,3
641,686,3
644,1048,3
645,1678,3
646,1167,3
647,1460,3
648,1124,3
648,1230,3
648,1507,3
650,933,3
651,1081,3
651,2138,3
652,705,3
653,1105,3
653,1772,3
655,1079,3
655,1182,3
655,1394,3
658,1062,3
658,1195,3
659,1543,3
659,1949,3
660,1259,3
660,1977,3
662,1523,3
663,1858,3
663,2106,3
665,1028,3
666,2121,3
667,1249,3
668,2080,3
669,1688,3
670,1534,3
671,777,3
671,1136,3
672,1434,3
672,1536,3
672,1771,3
675,1250,3
676,776,3
676,2066,3
677,1429,3
677,1613,3
677,1927,3
678,1226,3
680,1715,3
681,783,3
681,1422,3
681,1857,3
682,896,3
682,1530,3
683,724,3
683,1987,3
684,1433,3
684,1963,3
686,1148,3
686,1897,3
686,1941,3
687,1194,3
687,2145,3
688,917,3
689,1820,3
689,1883,3
690,1007,3
690,1019,3
691,2180,3
692,1693,3
693,1584,3
694,802,3
694,1945,3
695,706,3
695,854,3
695,1766,3
696,1009,3
697,1940,3
699,984,3
703,958,3
703,1177,3
703,1453,3
704,1435,3
704,1760,3
705,1108,3
707,879,3
708,1121,3
708,1569,3
709,1059,3
710,1627,3
711,1527,3
713,1237,3
713,1786,3
714,1074,3
715,991,3
716,1699,3
718,1190,3
719,1735,3
719,2165,3
721,1740,3
722,895,3
723,1540,3
724,1030,3
724,1830,3
724,2036,3
726,1313,3
726,1531,3
729,1935,3
730,1040,3
730,2126,3
731,884,3
731,1486,3
732,1709,3
734,1429,3
735,2182,3
736,1762,3
736,1784,3
736,1978,3
738,1033,3
738,1731,3
739,1165,3
739,1430,3
740,975,3
740,1801,3
741,849,3
741,1113,3
743,1793,3
744,777,3
744,2162,3
746,1012,3
746,1372,3
746,1799,3
748,1613,3
749,915,3
750,965,3
750,1886,3
751,1153,3
752,830,3
752,1161,3
757,1537,3
758,1391,3
758,1558,3
758,1630,3
759,1171,3
760,1384,3
762,803,3
762,2126,3
765,997,3
766,775,3
767,933,3
767,1561,3
767,1931,3
767,1984,3
768,2077,3
769,840,3
771,1089,3
771,1473,3
771,1878,3
772,1970,3
774,805,3
775,882,3
775,961,3
776,845,3
777,839,3
778,1103,3
778,1163,3
779,1712,3
783,1534,3
784,1652,3
784,1937,3
785,1600,3
786,1064,3
787,1859,3
788,1512,3
788,1578,3
789,1822,3
791,2007,3
791,2023,3
792,1998,3
795,2165,3
796,1180,3
796,1666,3
796,1779,3
798,1426,3
799,837,3
800,1823,3
800,1934,3
800,2146,3
802,905,3
806,1558,3
807,1549,3
807,1913,3
808,1146,3
808,1927,3
809,1020,3
810,1520,3
810,1611,3
811,1075,3
811,1279,3
812,2095,3
813,878,3
813,1530,3
815,1029,3
815,1590,3
816,839,3
816,2040,3
817,2033,3
818,1957,3
820,1100,3
820,1744,3
822,1594,3
823,2192,3
824,1518,3
824,2146,3
825,1162,3
830,2031,3
833,1574,3
834,1454,3
835,1670,3
836,1977,3
837,1017,3
837,1113,3
837,1401,3
838,895,3
840,2025,3
841,2067,3
842,1105,3
844,1942,3
844,2161,3
845,1201,3
845,1395,3
846,1023,3
846,1121,3
846,1148,3
846,2144,3
848,1178,3
852,1533,3
855,2153,3
856,1911,3
856,2020,3
858,865,3
859,2122,3
862,1294,3
864,2126,3
864,2163,3
868,1475,3
869,1821,3
869,1964,3
870,1097,3
875,1433,3
877,2154,3
878,1130,3
879,1605,3
880,1928,3
885,1760,3
885,1922,3
886,2063,3
892,952,3
892,1194,3
893,1311,3
893,1612,3
894,1632,3
897,1932,3
898,1223,3
900,1220,3
900,1497,3
900,1825,3
902,1145,3
902,1283,3
903,1334,3
904,1989,3
908,1107,3
909,1022,3
911,2124,3
912,2163,3
914,1886,3
915,1128,3
915,1985,3
915,2076,3
917,1667,3
921,1670,3
922,1294,3
922,2083,3
922,2101,3
923,1423,3
924,1954,3
924,1955,3
924,2134,3
925,1647,3
925,1795,3
926,1983,3
927,2002,3
927,2153,3
929,1968,3
930,1702,3
933,1488,3
934,1028,3
935,1457,3
942,1187,3
942,1608,3
942,1700,3
943,1088,3
943,1214,3
943,1523,3
944,1199,3
945,1086,3
945,1406,3
945,1479,3
948,2183,3
949,1423,3
950,1135,3
950,2078,3
952,1015,3
952,2133,3
955,1893,3
955,2074,3
960,1073,3
960,1411,3
961,1750,3
963,1669,3
963,2043,3
964,1094,3
964,1431,3
964,1578,3
964,1853,3
966,1385,3
968,1070,3
972,1334,3
972,1928,3
975,1451,3
976,2131,3
977,1113,3
977,1477,3
978,1013,3
978,1051,3
981,1584,3
983,1548,3
984,1781,3
984,1782,3
985,1019,3
987,1162,3
987,2050,3
988,1147,3
989,1527,3
990,1015,3
990,1700,3
990,2067,3
991,1024,3
992,1454,3
992,1531,3
992,2175,3
993,1410,3
993,1824,3
994,1267,3
995,1495,3
995,2075,3
996,1244,3
996,1377,3
996,2085,3
998,2197,3
1000,2067,3
1004,2061,3
1005,1857,3
1006,2142,3
1007,1537,3
1007,1791,3
1009,1170,3
1011,2106,3
1011,2182,3
1012,2146,3
1013,1902,3
1015,2081,3
1017,1387,3
1017,2156,3
1019,2199,3
1022,1916,3
1024,1846,3
1026,2128,3
1028,1831,3
1028,1846,3
1034,1380,3
1036,1164,3
1037,1117,3
1037,1196,3
1038,1608,3
1038,1920,3
1039,1996,3
1041,1261,3
1044,1416,3
1044,1880,3
1045,1401,3
1046,1225,3
1050,1430,3
1050,1732,3
1052,2044,3
1053,1655,3
1055,1229,3
1057,1283,3
1058,1090,3
1058,1850,3
1058,2108,3
1059,2167,3
1060,2021,3
1062,1180,3
1064,1195,3
1066,1463,3
1066,2020,3
1067,1068,3
1068,1569,3
1069,2185,3
1071,1605,3
1075,1750,3
1076,1154,3
1076,1680,3
1076,1834,3
1077,1253,3
1077,1749,3
1078,1972,3
1079,1894,3
1079,1913,3
1079,2172,3
1080,1245,3
1080,2110,3
1082,2024,3
1084,1193,3
1085,1984,3
1087,1265,3
1088,1699,3
1088,2041,3
1089,1534,3
1089,2131,3
1092,2073,3
1096,1385,3
1098,1296,3
1099,1457,3
1100,1115,3
1100,1481,3
1102,1376,3
1102,2070,3
1103,1406,3
1103,1751,3
1110,1254,3
1111,1151,3
1113,1745,3
1113,1914,3
1114,1398,3
1117,1171,3
1117,1498,3
1117,2011,3
1118,2188,3
1124,1900,3
1124,2182,3
1125,1500,3
1125,2020,3
1125,2077,3
1126,1994,3
1127,1393,3
1127,1962,3
1130,1274,3
1136,1321,3
1137,1400,3
1138,1701,3
1139,1717,3
1140,1663,3
1142,1307,3
1143,1818,3
1143,2159,3
1145,1567,3
1145,1654,3
1148,1370,3
1149,2033,3
1149,2144,3
1152,2130,3
1153,1988,3
1155,1945,3
1160,1427,3
1161,1290,3
1162,1630,3
1162,1927,3
1165,1506,3
1166,1193,3
1166,1441,3
1167,1841,3
1167,2118,3
1172,1365,3
1173,1401,3
1174,1619,3
1175,2023,3
1179,1980,3
1181,1409,3
1181,2124,3
1187,1985,3
1187,2035,3
1187,2112,3
1190,1463,3
1191,1567,3
1193,1724,3
1194,2041,3
1196,1239,3
1196,2197,3
1198,1382,3
1200,1363,3
1202,1224,3
1209,2056,3
1210,1791,3
1211,2036,3
1211,2176,3
1213,2040,3
1214,1676,3
1215,1575,3
1215,2020,3
1219,1797,3
1221,1249,3
1222,1859,3
1222,2144,3
1225,1360,3
1228,2063,3
1232,1474,3
1232,1656,3
1234,1457,3
1235,1932,3
1240,1461,3
1241,1584,3
1241,1748,3
1242,1444,3
1244,1895,3
1248,1845,3
1249,1888,3
1249,2077,3
1252,1921,3
1254,1554,3
1254,1762,3
1255,1266,3
1259,1499,3
1260,2068,3
1261,2064,3
1262,2162,3
1263,1940,3
1266,1291,3
1266,1316,3
1267,1876,3
1268,2090,3
1269,1659,3
1272,1419,3
1273,1770,3
1274,2174,3
1275,1908,3
1282,1470,3
1282,1610,3
1283,1717,3
1283,1718,3
1283,2003,3
1286,1886,3
1286,2067,3
1287,1616,3
1288,2167,3
1289,1378,3
1289,1860,3
1290,1559,3
1292,1955,3
1294,2139,3
1296,1886,3
1297,1374,3
1297,1779,3
1298,1479,3
1299,1831,3
1301,1461,3
1301,2067,3
1302,1469,3
1305,1789,3
1308,1575,3
1309,1458,3
1311,1969,3
1313,1716,3
1314,1563,3
1316,2172,3
1319,1394,3
1323,1407,3
1324,1698,3
1326,1916,3
1326,2107,3
1329,2115,3
1332,1455,3
1336,1524,3
1339,1509,3
1339,2086,3
1344,1428,3
1347,1609,3
1348,2007,3
1349,1862,3
1350,1527,3
1352,2005,3
1356,2094,3
1357,2194,3
1358,1913,3
1359,1954,3
1360,1766,3
1361,1942,3
1362,2035,3
1362,2123,3
1366,1547,3
1370,1624,3
1371,1673,3
1376,2143,3
1380,1698,3
1382,1712,3
1382,2161,3
1389,1753,3
1389,1763,3
1390,2196,3
1392,1801,3
1393,1607,3
1393,1666,3
1393,1848,3
1394,1550,3
1394,1687,3
1395,1816,3
1401,1715,3
1401,1902,3
1404,1732,3
1405,1539,3
1407,1862,3
1409,1536,3
1409,1925,3
1412,1944,3
1413,1570,3
1416,2202,3
1417,1731,3
1417,1842,3
1419,2144,3
1420,1523,3
1420,2055,3
1425,2006,3
1426,1927,3
1426,2153,3
1427,1770,3
1427,1839,3
1428,1976,3
1429,1566,3
1430,1477,3
1430,2093,3
1432,1981,3
1433,1804,3
1434,1626,3
1437,1886,3
1438,1496,3
1438,1607,3
1438,1930,3
1442,1746,3
1442,1825,3
1443,1973,3
1446,1457,3
1446,1694,3
1446,1770,3
1446,2137,3
1450,1667,3
1451,2091,3
1455,1458,3
1461,1736,3
1462,1633,3
1462,1963,3
1467,1606,3
1467,1888,3
1468,2153,3
1470,2163,3
1470,2174,3
1476,2065,3
1477,2029,3
1478,2016,3
1483,1554,3
1486,2003,3
1487,1879,3
1492,1690,3
1493,2165,3
1497,1914,3
1498,1605,3
1498,1738,3
1500,2048,3
1502,1680,3
1504,2156,3
1506,1802,3
1506,1900,3
1510,1588,3
1512,2128,3
1513,1864,3
1514,1816,3
1518,1960,3
1522,1599,3
1523,1624,3
1526,1530,3
1528,2094,3
1530,1533,3
1537,1880,3
1540,1581,3
1540,1810,3
1542,1841,3
1543,1842,3
1544,1859,3
1545,1886,3
1545,2121,3
1546,1840,3
1548,1831,3
1548,1847,3
1548,1957,3
1550,1787,3
1550,1890,3
1551,1701,3
1551,1853,3
1552,1754,3
1553,1751,3
1556,1646,3
1563,2114,3
1564,1869,3
1569,1585,3
1570,1940,3
1570,1952,3
1572,1954,3
1576,2159,3
1577,1777,3
1579,2001,3
1579,2176,3
1583,1972,3
1585,2024,3
1589,1661,3
1593,2058,3
1595,1824,3
1595,1948,3
1596,1928,3
1597,1885,3
1597,2159,3
1598,1738,3
1602,1653,3
1602,2044,3
1603,1639,3
1604,1753,3
1606,2103,3
1610,1729,3
1614,1893,3
1620,1919,3
1621,1896,3
1627,1763,3
1627,1799,3
1628,1682,3
1628,2080,3
1631,1755,3
1633,1736,3
1636,1726,3
1645,1756,3
1650,2119,3
1651,1782,3
1652,1805,3
1654,1885,3
1661,2133,3
1665,1760,3
1677,2086,3
1683,2128,3
1685,2118,3
1686,2024,3
1689,1870,3
1689,2081,3
1690,1992,3
1696,1915,3
1698,1699,3
1700,1987,3
1701,2129,3
1707,2104,3
1709,1736,3
1710,1782,3
1711,2067,3
1712,1815,3
1713,1795,3
1716,2079,3
1721,1917,3
1723,1818,3
1724,1835,3
1726,1986,3
1730,1880,3
1742,2018,3
1743,1982,3
1750,2002,3
1755,2029,3
1760,2141,3
1764,1921,3
1764,2190,3
1765,1925,3
1777,1850,3
1778,1808,3
1781,2039,3
1781,2204,3
1785,1809,3
1789,2138,3
1794,2034,3
1795,2118,3
1801,1992,3
1801,2181,3
1804,1909,3
1805,1984,3
1808,1846,3
1810,1836,3
1810,1841,3
1813,1871,3
1813,2130,3
1815,1981,3
1817,2152,3
1818,2066,3
1821,2050,3
1827,2017,3
1847,1948,3
1855,2013,3
1869,2025,3
1870,1900,3
1872,2116,3
1886,2018,3
1888,2032,3
1892,1980,3
1900,2015,3
1905,1980,3
1909,2014,3
1916,2001,3
1919,1995,3
1937,2074,3
1945,2136,3
1958,2153,3
1960,2134,3
1961,1978,3
1963,2142,3
1965,2129,3
1984,2157,3
1989,2069,3
2002,2179,3
2011,2112,3
2012,2089,3
2015,2056,3
2018,2122,3
2034,2066,3
2044,2175,3
2050,2078,3
2050,2164,3
2067,2155,3
2068,2079,3
2079,2104,3
2092,2156,3
2123,2144,3
2152,2198,3
