0,7,1
0,10,1
0,25,1
0,27,1
0,28,1
0,43,1
0,91,1
0,100,1
0,111,1
0,152,1
0,175,1
0,176,1
0,177,1
0,178,1
0,179,1
0,180,1
0,181,1
0,182,1
0,183,1
0,184,1
0,185,1
0,186,1
0,187,1
0,188,1
0,189,1
0,190,1
0,191,1
0,192,1
0,193,1
0,194,1
0,195,1
0,196,1
0,197,1
0,198,1
0,199,1
0,200,1
0,201,1
0,202,1
0,203,1
0,204,1
0,205,1
0,206,1
0,207,1
0,208,1
0,209,1
0,210,1
0,211,1
0,212,1
0,213,1
0,214,1
0,215,1
0,216,1
0,217,1
0,218,1
0,219,1
0,220,1
0,221,1
0,222,1
0,223,1
0,224,1
0,225,1
0,226,1
0,227,1
0,228,1
0,229,1
0,230,1
0,231,1
0,232,1
0,233,1
0,234,1
0,235,1
0,236,1
0,237,1
0,238,1
0,239,1
0,240,1
0,241,1
0,242,1
0,243,1
0,244,1
0,245,1
0,246,1
0,247,1
0,248,1
0,249,1
0,250,1
0,251,1
0,252,1
0,253,1
0,254,1
0,255,1
0,256,1
0,257,1
0,258,1
0,259,1
0,260,1
0,261,1
0,262,1
0,263,1
0,264,1
0,265,1
0,266,1
0,267,1
0,268,1
0,269,1
0,270,1
0,271,1
0,272,1
0,273,1
0,274,1
0,275,1
0,276,1
0,277,1
0,278,1
0,279,1
0,280,1
0,281,1
0,282,1
0,283,1
0,284,1
0,285,1
0,286,1
0,287,1
0,288,1
0,289,1
0,290,1
0,291,1
0,292,1
0,293,1
0,294,1
0,295,1
0,296,1
0,297,1
0,298,1
0,299,1
0,300,1
0,301,1
0,302,1
0,303,1
0,304,1
0,305,1
0,306,1
0,307,1
0,308,1
0,309,1
0,310,1
0,311,1
0,312,1
0,313,1
0,314,1
0,315,1
0,316,1
0,317,1
0,318,1
0,319,1
0,320,1
0,321,1
0,322,1
0,323,1
0,324,1
0,325,1
0,326,1
0,327,1
0,328,1
0,329,1
0,330,1
0,331,1
0,332,1
0,333,1
0,334,1
0,335,1
0,336,1
0,337,1
0,338,1
0,339,1
0,340,1
0,341,1
0,342,1
0,343,1
0,344,1
0,345,1
0,346,1
0,347,1
0,348,1
0,349,1
0,350,1
0,351,1
0,352,1
0,353,1
0,354,1
0,355,1
0,356,1
0,357,1
0,358,1
0,359,1
0,360,1
0,361,1
0,362,1
0,363,1
0,364,1
0,365,1
0,366,1
0,367,1
0,368,1
0,369,1
0,370,1
0,371,1
0,372,1
0,373,1
0,374,1
0,375,1
0,376,1
0,377,1
0,378,1
0,379,1
0,380,1
0,381,1
0,382,1
0,383,1
0,384,1
0,385,1
0,386,1
0,387,1
0,388,1
0,389,1
0,390,1
0,391,1
0,392,1
1,1,1
1,25,1
1,200,1
1,235,1
1,269,1
1,278,1
1,279,1
1,393,1
1,394,1
1,395,1
1,396,1
1,397,1
1,398,1
1,399,1
1,400,1
1,401,1
1,402,1
1,403,1
1,404,1
1,405,1
1,406,1
1,407,1
1,408,1
1,409,1
1,410,1
1,411,1
1,412,1
1,413,1
1,414,1
1,415,1
1,416,1
1,417,1
1,418,1
1,419,1
1,420,1
1,421,1
1,422,1
1,423,1
1,424,1
1,425,1
1,426,1
1,427,1
2,428,1
2,429,1
2,430,1
2,431,1
2,432,1
2,433,1
2,434,1
2,435,1
2,436,1
2,437,1
2,438,1
3,43,1
3,244,1
3,254,1
3,304,1
3,395,1
3,439,1
3,440,1
3,441,1
3,442,1
3,443,1
3,444,1
3,445,1
4,4,1
4,25,1
4,106,1
4,121,1
4,272,1
4,414,1
4,429,1
4,446,1
4,447,1
4,448,1
4,449,1
4,450,1
4,451,1
4,452,1
4,453,1
4,454,1
4,455,1
4,456,1
4,457,1
4,458,1
4,459,1
4,460,1
4,461,1
4,462,1
4,463,1
4,464,1
4,465,1
4,466,1
4,467,1
4,468,1
4,469,1
4,470,1
4,471,1
4,472,1
4,473,1
4,474,1
4,475,1
4,476,1
4,477,1
4,478,1
4,479,1
4,480,1
4,481,1
4,482,1
4,483,1
4,484,1
4,485,1
4,486,1
4,487,1
4,488,1
4,489,1
4,490,1
4,491,1
4,492,1
4,493,1
5,33,1
5,191,1
5,192,1
5,193,1
5,194,1
5,195,1
5,197,1
5,494,1
5,495,1
5,496,1
5,497,1
5,498,1
5,499,1
5,500,1
5,501,1
5,502,1
5,503,1
5,504,1
5,505,1
5,506,1
5,507,1
5,508,1
5,509,1
5,510,1
5,511,1
5,512,1
5,513,1
5,514,1
5,515,1
5,516,1
5,517,1
5,518,1
5,519,1
5,520,1
5,521,1
5,522,1
5,523,1
5,524,1
5,525,1
5,526,1
5,527,1
5,528,1
5,529,1
5,530,1
5,531,1
6,8,1
6,9,1
6,11,1
6,17,1
6,21,1
6,22,1
6,29,1
6,33,1
6,61,1
6,103,1
6,104,1
6,108,1
6,112,1
6,158,1
6,164,1
6,177,1
6,185,1
6,186,1
6,187,1
6,188,1
6,189,1
6,195,1
6,205,1
6,207,1
6,209,1
6,235,1
6,236,1
6,237,1
6,239,1
6,242,1
6,243,1
6,249,1
6,255,1
6,256,1
6,282,1
6,285,1
6,287,1
6,289,1
6,290,1
6,291,1
6,294,1
6,346,1
6,385,1
6,393,1
6,401,1
6,405,1
6,409,1
6,432,1
6,441,1
6,464,1
6,510,1
6,511,1
6,512,1
6,514,1
6,515,1
6,518,1
6,519,1
6,520,1
6,521,1
6,524,1
6,525,1
6,526,1
6,527,1
6,528,1
6,529,1
6,532,1
6,533,1
6,534,1
6,535,1
6,536,1
6,537,1
6,538,1
6,539,1
6,540,1
6,541,1
6,542,1
6,543,1
6,544,1
6,545,1
6,546,1
6,547,1
6,548,1
6,549,1
6,550,1
6,551,1
6,552,1
6,553,1
6,554,1
6,555,1
6,556,1
6,557,1
6,558,1
6,559,1
6,560,1
6,561,1
6,562,1
6,563,1
6,564,1
6,565,1
6,566,1
6,567,1
6,568,1
6,569,1
6,570,1
6,571,1
6,572,1
6,573,1
6,574,1
6,575,1
6,576,1
6,577,1
6,578,1
6,579,1
6,580,1
6,581,1
6,582,1
6,583,1
6,584,1
6,585,1
6,586,1
6,587,1
6,588,1
6,589,1
6,590,1
6,591,1
6,592,1
6,593,1
6,594,1
6,595,1
6,596,1
6,597,1
6,598,1
6,599,1
6,600,1
6,601,1
6,602,1
6,603,1
6,604,1
6,605,1
6,606,1
6,607,1
6,608,1
6,609,1
6,610,1
6,611,1
6,612,1
6,613,1
6,614,1
6,615,1
6,616,1
6,617,1
6,618,1
6,619,1
6,620,1
6,621,1
6,622,1
6,623,1
6,624,1
6,625,1
6,626,1
6,627,1
6,628,1
6,629,1
6,630,1
6,631,1
6,632,1
6,633,1
6,634,1
6,635,1
6,636,1
6,637,1
6,638,1
6,639,1
6,640,1
6,641,1
6,642,1
6,643,1
6,644,1
6,645,1
6,646,1
6,647,1
6,648,1
6,649,1
6,650,1
6,651,1
6,652,1
6,653,1
6,654,1
6,655,1
6,656,1
6,657,1
6,658,1
6,659,1
6,660,1
6,661,1
6,662,1
6,663,1
6,664,1
6,665,1
6,666,1
6,667,1
6,668,1
6,669,1
6,670,1
6,671,1
6,672,1
6,673,1
6,674,1
6,675,1
6,676,1
6,677,1
6,678,1
6,679,1
6,680,1
6,681,1
6,682,1
6,683,1
6,684,1
6,685,1
6,686,1
6,687,1
6,688,1
6,689,1
6,690,1
6,691,1
6,692,1
6,693,1
6,694,1
6,695,1
6,696,1
6,697,1
6,698,1
6,699,1
6,700,1
6,701,1
6,702,1
6,703,1
6,704,1
6,705,1
6,706,1
6,707,1
6,708,1
6,709,1
6,710,1
6,711,1
6,712,1
6,713,1
6,714,1
6,715,1
6,716,1
6,717,1
6,718,1
6,719,1
6,720,1
6,721,1
6,722,1
6,723,1
6,724,1
6,725,1
6,726,1
6,727,1
6,728,1
6,729,1
6,730,1
6,731,1
7,7,1
7,12,1
7,21,1
7,27,1
7,28,1
7,30,1
7,44,1
7,51,1
7,52,1
7,54,1
7,55,1
7,56,1
7,60,1
7,61,1
7,66,1
7,67,1
7,68,1
7,69,1
7,77,1
7,79,1
7,80,1
7,84,1
7,95,1
7,96,1
7,97,1
7,100,1
7,102,1
7,104,1
7,107,1
7,111,1
7,112,1
7,114,1
7,116,1
7,120,1
7,127,1
7,145,1
7,152,1
7,153,1
7,155,1
7,158,1
7,167,1
7,169,1
7,177,1
7,180,1
7,181,1
7,182,1
7,185,1
7,187,1
7,189,1
7,190,1
7,191,1
7,192,1
7,193,1
7,194,1
7,201,1
7,203,1
7,205,1
7,206,1
7,207,1
7,208,1
7,209,1
7,211,1
7,212,1
7,213,1
7,215,1
7,223,1
7,226,1
7,227,1
7,228,1
7,231,1
7,232,1
7,234,1
7,242,1
7,243,1
7,244,1
7,245,1
7,250,1
7,251,1
7,255,1
7,257,1
7,260,1
7,263,1
7,264,1
7,266,1
7,269,1
7,272,1
7,279,1
7,286,1
7,300,1
7,301,1
7,302,1
7,303,1
7,305,1
7,384,1
7,385,1
7,391,1
7,392,1
7,393,1
7,401,1
7,407,1
7,408,1
7,411,1
7,421,1
7,441,1
7,457,1
7,460,1
7,475,1
7,479,1
7,481,1
7,488,1
7,489,1
7,494,1
7,495,1
7,530,1
7,536,1
7,538,1
7,561,1
7,562,1
7,597,1
7,598,1
7,599,1
7,600,1
7,601,1
7,602,1
7,604,1
7,607,1
7,608,1
7,611,1
7,612,1
7,614,1
7,633,1
7,635,1
7,636,1
7,639,1
7,642,1
7,643,1
7,665,1
7,670,1
7,675,1
7,676,1
7,677,1
7,679,1
7,708,1
7,709,1
7,711,1
7,712,1
7,713,1
7,715,1
7,716,1
7,723,1
7,724,1
7,729,1
7,732,1
7,733,1
7,734,1
7,735,1
7,736,1
7,737,1
7,738,1
7,739,1
7,740,1
7,741,1
7,742,1
7,743,1
7,744,1
7,745,1
7,746,1
7,747,1
7,748,1
7,749,1
7,750,1
7,751,1
7,752,1
7,753,1
7,754,1
7,755,1
7,756,1
7,757,1
7,758,1
7,759,1
7,760,1
7,761,1
7,762,1
7,763,1
7,764,1
7,765,1
7,766,1
7,767,1
7,768,1
7,769,1
7,770,1
7,771,1
7,772,1
7,773,1
7,774,1
7,775,1
7,776,1
7,777,1
7,778,1
7,779,1
7,780,1
7,781,1
7,782,1
7,783,1
7,784,1
7,785,1
7,786,1
7,787,1
7,788,1
7,789,1
7,790,1
7,791,1
7,792,1
7,793,1
7,794,1
7,795,1
7,796,1
7,797,1
7,798,1
7,799,1
7,800,1
7,801,1
7,802,1
7,803,1
7,804,1
7,805,1
7,806,1
7,807,1
7,808,1
7,809,1
7,810,1
7,811,1
7,812,1
7,813,1
7,814,1
7,815,1
7,816,1
7,817,1
7,818,1
7,819,1
7,820,1
7,821,1
7,822,1
7,823,1
7,824,1
7,825,1
7,826,1
7,827,1
7,828,1
7,829,1
7,830,1
7,831,1
7,832,1
7,833,1
7,834,1
7,835,1
7,836,1
7,837,1
7,838,1
7,839,1
7,840,1
7,841,1
7,842,1
7,843,1
7,844,1
7,845,1
7,846,1
7,847,1
7,848,1
7,849,1
7,850,1
7,851,1
7,852,1
7,853,1
7,854,1
7,855,1
7,856,1
7,857,1
7,858,1
7,859,1
7,860,1
7,861,1
7,862,1
7,863,1
7,864,1
7,865,1
7,866,1
7,867,1
7,868,1
7,869,1
7,870,1
7,871,1
7,872,1
7,873,1
7,874,1
7,875,1
7,876,1
7,877,1
7,878,1
7,879,1
7,880,1
7,881,1
7,882,1
7,883,1
7,884,1
7,885,1
7,886,1
7,887,1
7,888,1
7,889,1
7,891,1
7,892,1
7,893,1
7,894,1
7,895,1
7,896,1
7,897,1
7,898,1
7,899,1
7,900,1
7,901,1
7,902,1
7,903,1
7,904,1
7,905,1
7,906,1
7,907,1
7,908,1
7,910,1
7,911,1
7,912,1
7,913,1
7,914,1
7,915,1
7,916,1
7,926,1
7,927,1
7,928,1
7,929,1
7,930,1
7,931,1
7,932,1
7,933,1
7,934,1
7,935,1
7,936,1
7,937,1
7,938,1
7,939,1
7,940,1
7,941,1
7,942,1
7,943,1
7,944,1
7,945,1
7,946,1
7,947,1
7,948,1
7,949,1
7,950,1
7,951,1
7,952,1
7,953,1
7,954,1
7,955,1
7,956,1
7,957,1
7,958,1
7,959,1
7,960,1
7,961,1
7,962,1
7,963,1
7,964,1
7,965,1
7,966,1
7,967,1
7,968,1
7,969,1
7,970,1
7,971,1
7,972,1
7,973,1
7,974,1
7,975,1
7,976,1
7,977,1
7,978,1
7,979,1
7,980,1
7,981,1
7,982,1
7,983,1
7,984,1
7,985,1
7,986,1
7,987,1
7,988,1
7,989,1
7,990,1
7,991,1
7,992,1
7,993,1
7,994,1
7,995,1
7,996,1
7,997,1
7,998,1
7,999,1
7,1000,1
7,1001,1
7,1002,1
7,1003,1
7,1004,1
7,1005,1
7,1006,1
7,1007,1
7,1008,1
7,1009,1
7,1010,1
7,1011,1
7,1012,1
7,1013,1
7,1014,1
7,1015,1
7,1016,1
7,1017,1
7,1018,1
7,1019,1
7,1020,1
7,1021,1
7,1022,1
7,1023,1
7,1024,1
7,1025,1
7,1026,1
7,1027,1
7,1028,1
7,1029,1
7,1030,1
7,1031,1
7,1032,1
8,1033,1
8,1034,1
9,20,1
9,36,1
9,41,1
9,48,1
9,52,1
9,82,1
9,88,1
9,92,1
9,97,1
9,98,1
9,99,1
9,104,1
9,105,1
9,107,1
9,110,1
9,112,1
9,117,1
9,118,1
9,119,1
9,122,1
9,127,1
9,149,1
9,153,1
9,161,1
9,163,1
9,230,1
9,246,1
9,268,1
9,284,1
9,311,1
9,340,1
9,391,1
9,398,1
9,428,1
9,440,1
9,441,1
9,445,1
9,447,1
9,457,1
9,468,1
9,472,1
9,504,1
9,507,1
9,515,1
9,521,1
9,522,1
9,523,1
9,537,1
9,544,1
9,546,1
9,548,1
9,550,1
9,553,1
9,562,1
9,573,1
9,579,1
9,599,1
9,601,1
9,621,1
9,631,1
9,633,1
9,693,1
9,719,1
9,730,1
9,743,1
9,744,1
9,758,1
9,788,1
9,802,1
9,808,1
9,828,1
9,834,1
9,852,1
9,862,1
9,885,1
9,888,1
9,889,1
9,896,1
9,905,1
9,915,1
9,928,1
9,943,1
9,953,1
9,971,1
9,997,1
9,1014,1
9,1019,1
9,1035,1
9,1036,1
9,1037,1
9,1038,1
9,1039,1
9,1040,1
9,1041,1
9,1042,1
9,1043,1
9,1044,1
9,1045,1
9,1046,1
9,1047,1
9,1048,1
9,1049,1
9,1050,1
9,1051,1
9,1052,1
9,1053,1
9,1054,1
9,1055,1
9,1056,1
9,1057,1
9,1058,1
9,1059,1
9,1060,1
9,1061,1
9,1062,1
9,1063,1
9,1064,1
9,1065,1
9,1066,1
9,1067,1
9,1068,1
9,1069,1
9,1070,1
9,1071,1
9,1072,1
9,1073,1
9,1074,1
9,1075,1
9,1076,1
9,1077,1
9,1078,1
9,1079,1
9,1080,1
9,1081,1
9,1082,1
9,1083,1
9,1084,1
9,1085,1
9,1086,1
9,1087,1
9,1088,1
9,1089,1
9,1090,1
9,1091,1
9,1092,1
9,1093,1
9,1094,1
9,1095,1
9,1096,1
9,1097,1
9,1098,1
9,1099,1
9,1100,1
9,1101,1
9,1102,1
9,1103,1
9,1104,1
9,1105,1
9,1106,1
9,1107,1
9,1108,1
9,1109,1
9,1110,1
9,1111,1
9,1112,1
9,1113,1
9,1114,1
9,1115,1
9,1116,1
9,1117,1
9,1118,1
9,1119,1
9,1120,1
9,1121,1
9,1122,1
9,1123,1
9,1124,1
9,1125,1
9,1126,1
9,1127,1
9,1128,1
9,1129,1
9,1130,1
9,1131,1
9,1132,1
9,1133,1
9,1134,1
9,1135,1
9,1136,1
9,1137,1
9,1138,1
9,1139,1
9,1140,1
9,1141,1
9,1142,1
9,1143,1
9,1144,1
9,1145,1
9,1146,1
9,1147,1
9,1148,1
9,1149,1
9,1150,1
9,1151,1
9,1152,1
9,1153,1
9,1154,1
9,1155,1
9,1156,1
9,1157,1
9,1158,1
9,1159,1
9,1160,1
9,1161,1
9,1162,1
9,1163,1
9,1164,1
9,1165,1
9,1166,1
9,1167,1
9,1168,1
9,1169,1
9,1170,1
9,1171,1
9,1172,1
9,1173,1
9,1174,1
9,1175,1
9,1176,1
9,1177,1
9,1178,1
9,1179,1
9,1180,1
9,1181,1
9,1182,1
9,1183,1
9,1184,1
9,1185,1
9,1186,1
9,1187,1
9,1188,1
9,1189,1
9,1190,1
9,1191,1
9,1192,1
9,1193,1
9,1194,1
9,1195,1
9,1196,1
9,1197,1
9,1198,1
9,1199,1
9,1200,1
9,1201,1
9,1202,1
9,1203,1
9,1204,1
9,1205,1
9,1206,1
9,1207,1
9,1208,1
9,1209,1
9,1210,1
9,1211,1
9,1212,1
9,1213,1
9,1214,1
9,1215,1
9,1216,1
9,1217,1
9,1218,1
9,1219,1
9,1220,1
9,1221,1
9,1222,1
9,1223,1
9,1224,1
9,1225,1
9,1226,1
9,1227,1
9,1228,1
9,1229,1
9,1230,1
9,1231,1
9,1232,1
9,1233,1
9,1234,1
9,1235,1
9,1236,1
9,1237,1
9,1238,1
9,1239,1
9,1240,1
9,1241,1
9,1242,1
9,1243,1
9,1244,1
9,1245,1
9,1246,1
9,1247,1
9,1248,1
9,1249,1
9,1250,1
9,1251,1
9,1252,1
9,1253,1
9,1254,1
9,1255,1
9,1256,1
9,1257,1
9,1258,1
9,1259,1
9,1260,1
9,1261,1
9,1262,1
9,1263,1
9,1264,1
9,1265,1
9,1266,1
9,1267,1
9,1268,1
9,1269,1
9,1270,1
9,1271,1
9,1272,1
9,1273,1
9,1274,1
9,1275,1
9,1276,1
9,1277,1
9,1278,1
9,1279,1
9,1280,1
9,1281,1
9,1282,1
9,1283,1
9,1284,1
9,1285,1
9,1286,1
9,1287,1
9,1288,1
9,1289,1
9,1290,1
9,1291,1
9,1292,1
9,1293,1
9,1294,1
9,1295,1
9,1296,1
9,1297,1
9,1298,1
9,1299,1
9,1300,1
9,1301,1
9,1302,1
9,1303,1
9,1304,1
9,1305,1
9,1306,1
9,1307,1
9,1308,1
9,1309,1
9,1310,1
9,1311,1
9,1312,1
9,1313,1
9,1314,1
9,1315,1
9,1316,1
9,1317,1
9,1318,1
9,1319,1
9,1320,1
9,1321,1
9,1322,1
9,1323,1
9,1324,1
9,1325,1
9,1326,1
9,1327,1
9,1328,1
9,1329,1
9,1330,1
9,1331,1
9,1332,1
9,1333,1
9,1334,1
9,1335,1
9,1336,1
9,1337,1
9,1338,1
9,1339,1
9,1340,1
9,1341,1
9,1342,1
9,1343,1
9,1344,1
9,1345,1
9,1346,1
9,1347,1
9,1348,1
9,1349,1
9,1350,1
9,1351,1
9,1352,1
9,1353,1
9,1354,1
9,1355,1
9,1356,1
9,1357,1
9,1358,1
9,1359,1
9,1360,1
9,1361,1
9,1362,1
9,1363,1
9,1364,1
9,1365,1
9,1366,1
9,1367,1
9,1368,1
9,1369,1
9,1370,1
9,1371,1
9,1372,1
9,1373,1
9,1374,1
9,1375,1
9,1376,1
9,1377,1
9,1378,1
9,1379,1
9,1380,1
9,1381,1
9,1382,1
9,1383,1
9,1384,1
9,1385,1
9,1386,1
9,1387,1
10,10,1
10,15,1
10,19,1
10,20,1
10,52,1
10,62,1
10,65,1
10,87,1
10,91,1
10,96,1
10,97,1
10,98,1
10,106,1
10,112,1
10,115,1
10,129,1
10,134,1
10,143,1
10,148,1
10,181,1
10,182,1
10,227,1
10,228,1
10,242,1
10,243,1
10,244,1
10,267,1
10,304,1
10,307,1
10,308,1
10,319,1
10,322,1
10,327,1
10,346,1
10,348,1
10,350,1
10,352,1
10,355,1
10,359,1
10,366,1
10,367,1
10,368,1
10,385,1
10,420,1
10,479,1
10,481,1
10,534,1
10,549,1
10,551,1
10,553,1
10,615,1
10,616,1
10,630,1
10,635,1
10,636,1
10,637,1
10,638,1
10,665,1
10,671,1
10,730,1
10,731,1
10,780,1
10,781,1
10,788,1
10,790,1
10,791,1
10,812,1
10,858,1
10,859,1
10,860,1
10,880,1
10,898,1
10,915,1
10,997,1
10,1024,1
10,1033,1
10,1034,1
10,1051,1
10,1082,1
10,1115,1
10,1181,1
10,1280,1
10,1368,1
10,1388,1
10,1389,1
10,1390,1
10,1391,1
10,1392,1
10,1393,1
10,1394,1
10,1395,1
10,1396,1
10,1397,1
10,1398,1
10,1399,1
10,1400,1
10,1401,1
10,1402,1
10,1403,1
10,1404,1
10,1405,1
10,1406,1
10,1407,1
10,1408,1
10,1409,1
10,1410,1
10,1411,1
10,1412,1
10,1413,1
10,1414,1
10,1415,1
10,1416,1
10,1417,1
10,1418,1
10,1419,1
10,1420,1
10,1421,1
10,1422,1
10,1423,1
10,1424,1
10,1425,1
10,1426,1
10,1427,1
10,1428,1
10,1429,1
10,1430,1
10,1431,1
10,1432,1
10,1433,1
10,1434,1
10,1435,1
10,1436,1
10,1437,1
10,1438,1
10,1439,1
10,1440,1
10,1441,1
10,1442,1
10,1443,1
11,1,1
11,11,1
11,100,1
11,156,1
11,251,1
11,393,1
11,398,1
11,399,1
11,400,1
11,401,1
11,402,1
11,404,1
11,407,1
11,409,1
11,410,1
11,413,1
11,418,1
11,419,1
11,422,1
11,611,1
11,1033,1
11,1271,1
11,1444,1
11,1445,1
11,1446,1
11,1447,1
11,1448,1
11,1449,1
11,1450,1
11,1451,1
11,1452,1
12,156,1
12,267,1
12,400,1
12,406,1
12,419,1
12,422,1
12,425,1
12,570,1
12,682,1
12,875,1
12,940,1
12,952,1
12,1053,1
12,1055,1
12,1118,1
12,1241,1
12,1304,1
12,1385,1
12,1453,1
12,1454,1
12,1455,1
12,1456,1
12,1457,1
12,1458,1
12,1459,1
12,1460,1
12,1461,1
12,1462,1
12,1463,1
12,1464,1
12,1465,1
12,1466,1
12,1467,1
12,1468,1
12,1469,1
12,1470,1
13,3,1
13,29,1
13,46,1
13,127,1
13,457,1
13,573,1
13,574,1
13,577,1
13,868,1
13,869,1
13,1014,1
13,1036,1
13,1093,1
13,1206,1
13,1315,1
13,1471,1
13,1472,1
13,1473,1
13,1474,1
13,1475,1
13,1476,1
13,1477,1
13,1478,1
13,1479,1
13,1480,1
13,1481,1
13,1482,1
13,1483,1
13,1484,1
13,1485,1
13,1486,1
13,1487,1
13,1488,1
13,1489,1
13,1490,1
13,1491,1
13,1492,1
13,1493,1
13,1494,1
13,1495,1
13,1496,1
13,1497,1
13,1498,1
14,14,1
14,109,1
14,661,1
14,684,1
14,685,1
14,687,1
14,1044,1
14,1230,1
14,1389,1
14,1391,1
14,1393,1
14,1499,1
14,1500,1
14,1501,1
14,1502,1
14,1503,1
14,1504,1
14,1505,1
14,1506,1
14,1507,1
14,1508,1
14,1509,1
14,1510,1
14,1511,1
14,1512,1
15,28,1
15,271,1
15,474,1
15,475,1
15,476,1
15,489,1
15,1407,1
15,1417,1
15,1418,1
15,1419,1
15,1513,1
15,1514,1
15,1515,1
15,1516,1
15,1517,1
15,1518,1
16,16,1
16,98,1
16,781,1
16,1398,1
17,17,1
17,27,1
17,28,1
17,38,1
17,50,1
17,52,1
17,90,1
17,111,1
17,113,1
17,133,1
17,145,1
17,183,1
17,185,1
17,186,1
17,187,1
17,189,1
17,200,1
17,205,1
17,206,1
17,207,1
17,218,1
17,219,1
17,225,1
17,240,1
17,249,1
17,251,1
17,266,1
17,275,1
17,287,1
17,288,1
17,289,1
17,293,1
17,296,1
17,393,1
17,397,1
17,401,1
17,407,1
17,535,1
17,537,1
17,545,1
17,546,1
17,559,1
17,564,1
17,583,1
17,585,1
17,586,1
17,589,1
17,590,1
17,591,1
17,592,1
17,593,1
17,595,1
17,598,1
17,599,1
17,600,1
17,601,1
17,602,1
17,603,1
17,611,1
17,617,1
17,622,1
17,627,1
17,635,1
17,637,1
17,638,1
17,639,1
17,652,1
17,662,1
17,665,1
17,675,1
17,676,1
17,677,1
17,678,1
17,680,1
17,690,1
17,733,1
17,798,1
17,799,1
17,803,1
17,811,1
17,824,1
17,837,1
17,890,1
17,900,1
17,909,1
17,929,1
17,931,1
17,932,1
17,969,1
17,1033,1
17,1077,1
17,1120,1
17,1144,1
17,1145,1
17,1186,1
17,1198,1
17,1519,1
17,1520,1
17,1521,1
17,1522,1
17,1523,1
17,1524,1
17,1525,1
17,1526,1
17,1527,1
17,1528,1
17,1529,1
17,1530,1
17,1531,1
17,1532,1
17,1533,1
17,1534,1
17,1535,1
17,1536,1
17,1537,1
17,1538,1
17,1539,1
17,1540,1
17,1541,1
17,1542,1
17,1543,1
17,1544,1
17,1545,1
17,1546,1
17,1547,1
17,1548,1
17,1549,1
17,1550,1
17,1551,1
17,1552,1
17,1553,1
17,1554,1
17,1555,1
17,1556,1
17,1557,1
17,1558,1
17,1559,1
17,1560,1
17,1561,1
17,1562,1
17,1563,1
17,1564,1
17,1565,1
17,1566,1
17,1567,1
17,1568,1
17,1569,1
18,1570,1
18,1571,1
19,19,1
19,1406,1
19,1407,1
20,2,1
20,11,1
20,16,1
20,38,1
20,60,1
20,63,1
20,64,1
20,98,1
20,108,1
20,130,1
20,138,1
20,141,1
20,165,1
20,172,1
20,174,1
20,175,1
20,177,1
20,192,1
20,202,1
20,203,1
20,204,1
20,224,1
20,266,1
20,270,1
20,273,1
20,274,1
20,287,1
20,307,1
20,319,1
20,320,1
20,321,1
20,322,1
20,327,1
20,338,1
20,349,1
20,350,1
20,351,1
20,352,1
20,353,1
20,354,1
20,355,1
20,357,1
20,359,1
20,360,1
20,361,1
20,365,1
20,367,1
20,368,1
20,385,1
20,417,1
20,420,1
20,421,1
20,422,1
20,423,1
20,424,1
20,429,1
20,437,1
20,441,1
20,444,1
20,445,1
20,456,1
20,475,1
20,505,1
20,506,1
20,507,1
20,509,1
20,530,1
20,533,1
20,538,1
20,555,1
20,556,1
20,559,1
20,560,1
20,561,1
20,562,1
20,580,1
20,626,1
20,656,1
20,705,1
20,722,1
20,734,1
20,749,1
20,796,1
20,837,1
20,847,1
20,852,1
20,888,1
20,891,1
20,914,1
20,997,1
20,999,1
20,1014,1
20,1033,1
20,1034,1
20,1064,1
20,1065,1
20,1066,1
20,1072,1
20,1077,1
20,1078,1
20,1088,1
20,1092,1
20,1125,1
20,1128,1
20,1144,1
20,1186,1
20,1227,1
20,1231,1
20,1238,1
20,1255,1
20,1261,1
20,1366,1
20,1378,1
20,1380,1
20,1398,1
20,1399,1
20,1400,1
20,1401,1
20,1404,1
20,1407,1
20,1416,1
20,1417,1
20,1418,1
20,1419,1
20,1520,1
20,1535,1
20,1538,1
20,1551,1
20,1552,1
20,1572,1
20,1573,1
20,1574,1
20,1575,1
20,1576,1
20,1577,1
20,1578,1
20,1579,1
20,1580,1
20,1581,1
20,1582,1
20,1583,1
20,1584,1
20,1585,1
20,1586,1
20,1587,1
20,1588,1
20,1589,1
20,1590,1
20,1591,1
20,1592,1
20,1593,1
20,1594,1
20,1595,1
20,1596,1
20,1597,1
20,1598,1
20,1599,1
20,1600,1
20,1601,1
20,1602,1
20,1603,1
20,1604,1
20,1605,1
20,1606,1
20,1607,1
20,1608,1
20,1609,1
20,1610,1
20,1611,1
20,1612,1
20,1613,1
20,1614,1
20,1615,1
20,1616,1
20,1617,1
20,1618,1
20,1619,1
20,1620,1
20,1621,1
20,1622,1
20,1623,1
20,1624,1
20,1625,1
20,1626,1
20,1627,1
20,1628,1
20,1629,1
20,1630,1
20,1631,1
20,1632,1
20,1633,1
20,1634,1
20,1635,1
20,1636,1
20,1637,1
20,1638,1
20,1639,1
20,1640,1
20,1641,1
20,1642,1
20,1643,1
20,1644,1
20,1645,1
20,1646,1
20,1647,1
20,1648,1
20,1649,1
20,1650,1
20,1651,1
20,1652,1
20,1653,1
20,1654,1
20,1655,1
20,1656,1
20,1657,1
20,1658,1
20,1659,1
20,1660,1
20,1661,1
20,1662,1
20,1663,1
20,1664,1
20,1665,1
20,1666,1
20,1667,1
20,1668,1
20,1669,1
20,1670,1
20,1671,1
20,1672,1
20,1673,1
20,1674,1
20,1675,1
20,1676,1
20,1677,1
20,1678,1
20,1679,1
20,1680,1
20,1681,1
20,1682,1
20,1683,1
20,1684,1
20,1685,1
20,1686,1
20,1687,1
20,1688,1
20,1689,1
20,1690,1
20,1691,1
20,1692,1
20,1693,1
20,1694,1
20,1695,1
20,1696,1
20,1697,1
20,1698,1
20,1699,1
21,708,1
21,711,1
21,712,1
21,713,1
21,716,1
22,21,1
22,22,1
22,496,1
22,497,1
22,499,1
22,500,1
22,502,1
22,531,1
22,566,1
22,567,1
22,568,1
22,569,1
22,612,1
22,624,1
22,708,1
22,710,1
22,711,1
22,713,1
22,714,1
22,716,1
22,1700,1
22,1701,1
22,1702,1
23,23,1
23,1703,1
23,1704,1
23,1705,1
23,1706,1
23,1707,1
24,890,1
24,909,1
25,25,1
25,50,1
25,100,1
25,397,1
25,398,1
25,399,1
25,401,1
25,402,1
25,404,1
25,405,1
25,406,1
25,407,1
25,412,1
25,413,1
25,419,1
25,420,1
25,427,1
25,812,1
25,876,1
25,1417,1
25,1418,1
25,1449,1
25,1450,1
25,1708,1
25,1709,1
25,1710,1
25,1711,1
26,26,1
26,217,1
26,218,1
26,219,1
26,220,1
26,221,1
26,222,1
26,524,1
26,525,1
26,526,1
26,1455,1
26,1464,1
26,1465,1
26,1466,1
26,1467,1
26,1712,1
26,1713,1
26,1714,1
26,1715,1
26,1716,1
26,1717,1
26,1718,1
26,1719,1
27,1555,1
27,1563,1
27,1565,1
28,29,1
28,383,1
28,386,1
28,646,1
28,811,1
28,915,1
28,916,1
28,1033,1
28,1034,1
28,1288,1
28,1418,1
28,1420,1
28,1516,1
28,1575,1
28,1679,1
28,1720,1
28,1721,1
28,1722,1
28,1723,1
28,1724,1
28,1725,1
29,29,1
29,383,1
29,386,1
29,915,1
29,1417,1
29,1516,1
30,965,1
30,1026,1
30,1027,1
30,1028,1
31,1726,1
31,1727,1
32,14,1
32,29,1
32,32,1
32,52,1
32,65,1
32,133,1
32,396,1
32,403,1
32,404,1
32,412,1
32,413,1
32,795,1
32,797,1
32,887,1
32,1073,1
32,1238,1
32,1280,1
32,1419,1
32,1420,1
32,1452,1
32,1675,1
32,1728,1
32,1729,1
32,1730,1
32,1731,1
32,1732,1
32,1733,1
32,1734,1
32,1735,1
32,1736,1
32,1737,1
32,1738,1
32,1739,1
32,1740,1
33,112,1
33,164,1
33,175,1
33,190,1
33,196,1
33,217,1
33,218,1
33,220,1
33,222,1
33,235,1
33,236,1
33,237,1
33,239,1
33,241,1
33,243,1
33,247,1
33,249,1
33,276,1
33,280,1
33,282,1
33,285,1
33,288,1
33,290,1
33,291,1
33,292,1
33,293,1
33,294,1
33,295,1
33,296,1
33,297,1
33,389,1
33,390,1
33,515,1
33,517,1
33,519,1
33,520,1
33,521,1
33,522,1
33,523,1
33,526,1
33,532,1
33,555,1
33,557,1
33,575,1
33,618,1
33,619,1
33,620,1
33,622,1
33,627,1
33,628,1
33,629,1
33,647,1
33,648,1
33,649,1
33,650,1
33,676,1
33,677,1
33,682,1
33,693,1
33,694,1
33,696,1
33,697,1
33,698,1
33,699,1
33,701,1
33,702,1
33,703,1
33,728,1
33,1150,1
33,1280,1
33,1541,1
33,1543,1
33,1547,1
33,1566,1
33,1741,1
33,1742,1
34,190,1
34,217,1
34,218,1
34,242,1
34,277,1
34,280,1
34,282,1
34,283,1
34,284,1
34,285,1
34,389,1
34,515,1
34,517,1
34,522,1
34,523,1
34,524,1
34,525,1
34,526,1
34,527,1
34,528,1
34,529,1
34,575,1
34,618,1
34,619,1
34,683,1
34,699,1
34,700,1
34,703,1
34,717,1
34,728,1
35,972,1
35,974,1
35,975,1
35,976,1
35,977,1
35,979,1
35,980,1
35,981,1
35,1743,1
36,36,1
36,52,1
36,65,1
36,446,1
36,672,1
36,706,1
36,915,1
36,1280,1
36,1317,1
36,1324,1
36,1422,1
36,1744,1
36,1745,1
36,1746,1
37,37,1
37,412,1
37,832,1
37,1747,1
37,1748,1
38,38,1
38,183,1
38,184,1
38,223,1
38,246,1
38,250,1
38,257,1
38,263,1
38,340,1
38,424,1
38,432,1
38,633,1
38,748,1
38,1052,1
38,1075,1
38,1108,1
38,1364,1
38,1388,1
38,1402,1
38,1415,1
38,1425,1
38,1426,1
38,1514,1
38,1538,1
38,1573,1
38,1634,1
38,1749,1
38,1750,1
38,1751,1
38,1752,1
38,1753,1
38,1754,1
38,1755,1
38,1756,1
38,1757,1
38,1758,1
38,1759,1
38,1760,1
38,1761,1
38,1762,1
38,1763,1
38,1764,1
38,1765,1
38,1766,1
38,1767,1
38,1768,1
38,1769,1
38,1770,1
39,456,1
39,457,1
40,40,1
40,42,1
40,157,1
40,199,1
40,411,1
40,956,1
40,1119,1
40,1557,1
40,1570,1
40,1571,1
40,1771,1
40,1772,1
40,1773,1
40,1774,1
40,1775,1
40,1776,1
40,1777,1
41,29,1
41,1513,1
41,1514,1
41,1516,1
41,1587,1
42,42,1
42,733,1
42,734,1
42,735,1
43,43,1
43,198,1
43,211,1
43,244,1
43,254,1
43,304,1
43,393,1
43,460,1
43,1078,1
43,1778,1
43,1779,1
44,135,1
44,753,1
44,755,1
44,759,1
44,822,1
44,823,1
44,829,1
44,830,1
44,831,1
44,840,1
44,911,1
44,914,1
44,1280,1
44,1395,1
44,1724,1
44,1780,1
44,1781,1
44,1782,1
44,1783,1
44,1784,1
45,45,1
45,663,1
45,717,1
46,185,1
46,186,1
46,187,1
46,188,1
46,189,1
46,1492,1
46,1494,1
46,1495,1
46,1496,1
47,1788,1
47,1789,1
48,48,1
48,346,1
48,615,1
48,616,1
48,671,1
48,1790,1
48,1791,1
49,1304,1
49,1460,1
49,1796,1
49,1797,1
50,50,1
50,841,1
51,753,1
51,754,1
51,755,1
51,756,1
51,914,1
52,52,1
52,186,1
52,187,1
52,189,1
52,270,1
52,450,1
52,453,1
52,562,1
52,563,1
52,633,1
52,916,1
52,1417,1
52,1419,1
52,1443,1
52,1708,1
53,54,1
53,926,1
53,936,1
53,941,1
53,1015,1
53,1016,1
53,1847,1
54,1016,1
55,56,1
55,729,1
55,874,1
55,875,1
55,943,1
55,952,1
56,875,1
56,897,1
56,994,1
57,57,1
57,873,1
57,897,1
57,994,1
58,934,1
58,935,1
58,1013,1
58,1848,1
59,59,1
59,430,1
59,431,1
59,434,1
59,438,1
59,1849,1
59,1850,1
59,1851,1
59,1852,1
59,1853,1
59,1854,1
59,1855,1
60,226,1
60,227,1
60,228,1
60,815,1
60,817,1
60,1856,1
61,146,1
61,185,1
61,186,1
61,188,1
61,189,1
61,225,1
61,451,1
61,536,1
61,776,1
61,1553,1
61,1587,1
61,1731,1
61,1802,1
61,1857,1
61,1858,1
61,1859,1
61,1860,1
61,1861,1
61,1862,1
61,1863,1
61,1864,1
61,1865,1
61,1866,1
62,561,1
62,780,1
62,781,1
63,63,1
63,385,1
63,937,1
63,939,1
63,954,1
63,972,1
63,973,1
63,974,1
63,975,1
63,977,1
63,978,1
63,979,1
63,980,1
63,981,1
63,1020,1
63,1021,1
63,1031,1
63,1115,1
63,1145,1
63,1181,1
63,1368,1
63,1435,1
63,1436,1
63,1437,1
63,1867,1
63,1868,1
63,1869,1
64,43,1
64,127,1
64,781,1
64,1394,1
64,1396,1
64,1397,1
64,1399,1
64,1401,1
64,1424,1
64,1870,1
65,19,1
65,29,1
65,52,1
65,65,1
65,218,1
65,219,1
65,221,1
65,915,1
65,916,1
65,1423,1
65,1519,1
65,1532,1
65,1533,1
65,1871,1
66,66,1
66,740,1
66,741,1
66,742,1
66,744,1
66,745,1
66,746,1
66,877,1
66,882,1
66,1679,1
66,1872,1
66,1873,1
66,1874,1
66,1875,1
67,901,1
67,902,1
67,903,1
68,68,1
68,825,1
68,826,1
69,192,1
69,193,1
69,833,1
69,866,1
69,905,1
69,968,1
70,70,1
70,560,1
70,631,1
70,645,1
70,1556,1
71,28,1
71,71,1
71,862,1
71,863,1
71,885,1
71,1417,1
71,1418,1
71,1742,1
72,72,1
72,944,1
72,1001,1
72,1002,1
72,1204,1
72,1876,1
72,1877,1
72,1878,1
72,1879,1
72,1880,1
73,234,1
73,384,1
73,392,1
74,74,1
74,141,1
74,1881,1
74,1882,1
75,1883,1
75,1884,1
75,1885,1
75,1886,1
75,1887,1
76,191,1
76,192,1
76,193,1
76,833,1
76,865,1
77,77,1
77,78,1
77,230,1
77,791,1
77,898,1
78,230,1
78,231,1
78,791,1
78,828,1
79,205,1
79,208,1
79,800,1
80,813,1
80,814,1
81,149,1
81,904,1
81,1222,1
81,1223,1
81,1513,1
81,1514,1
81,1529,1
81,1587,1
81,1778,1
81,1802,1
81,1857,1
81,1859,1
81,1861,1
81,1863,1
81,1864,1
81,1865,1
81,1888,1
81,1889,1
81,1890,1
81,1891,1
81,1892,1
81,1893,1
81,1894,1
81,1895,1
81,1896,1
81,1897,1
81,1898,1
81,1899,1
81,1900,1
81,1901,1
81,1902,1
81,1903,1
81,1904,1
81,1905,1
81,1906,1
81,1907,1
81,1908,1
81,1909,1
81,1910,1
81,1911,1
81,1912,1
81,1913,1
81,1914,1
81,1915,1
82,82,1
82,565,1
82,1069,1
82,1598,1
82,1916,1
83,83,1
83,183,1
83,252,1
83,560,1
83,580,1
83,581,1
83,631,1
83,1111,1
83,1112,1
83,1708,1
83,1735,1
83,1754,1
83,1916,1
83,1917,1
83,1918,1
83,1919,1
83,1920,1
83,1921,1
83,1922,1
83,1923,1
83,1924,1
83,1925,1
83,1926,1
83,1927,1
83,1928,1
84,67,1
84,84,1
85,1929,1
86,13,1
86,1488,1
86,1930,1
87,217,1
87,218,1
87,220,1
87,222,1
87,1519,1
87,1532,1
88,88,1
88,1040,1
88,1101,1
89,1931,1
89,1932,1
89,1933,1
89,1934,1
90,90,1
90,1521,1
90,1523,1
91,213,1
92,1935,1
92,1936,1
93,763,1
93,764,1
94,765,1
94,766,1
95,95,1
95,782,1
95,785,1
95,786,1
95,787,1
96,96,1
96,97,1
96,859,1
96,1024,1
97,858,1
98,8,1
98,148,1
98,181,1
98,182,1
98,1109,1
98,1442,1
98,1950,1
98,1951,1
98,1952,1
98,1953,1
98,1954,1
99,99,1
100,100,1
101,837,1
101,1955,1
101,1956,1
101,1957,1
102,102,1
102,842,1
102,843,1
102,844,1
102,845,1
102,1958,1
102,1959,1
102,1960,1
103,11,1
103,103,1
103,401,1
103,428,1
103,1165,1
103,1452,1
104,104,1
104,614,1
104,723,1
104,724,1
104,725,1
105,104,1
105,607,1
105,614,1
105,723,1
105,724,1
105,725,1
106,106,1
106,143,1
106,469,1
106,479,1
106,480,1
106,482,1
106,1129,1
106,1416,1
106,1604,1
106,1803,1
106,1826,1
106,1961,1
106,1962,1
106,1963,1
106,1964,1
106,1965,1
106,1966,1
106,1967,1
106,1968,1
106,1969,1
106,1970,1
106,1971,1
107,107,1
109,661,1
109,684,1
109,687,1
109,1230,1
109,1506,1
110,1972,1
110,1973,1
111,111,1
111,300,1
111,305,1
111,877,1
111,878,1
111,879,1
112,635,1
112,636,1
112,638,1
113,113,1
113,1549,1
114,29,1
114,114,1
114,492,1
114,550,1
114,862,1
114,863,1
114,1416,1
114,1588,1
114,1975,1
114,1976,1
114,1977,1
114,1978,1
114,1979,1
114,1980,1
114,1981,1
114,1982,1
114,1983,1
115,28,1
115,270,1
115,383,1
115,562,1
116,116,1
116,961,1
116,962,1
117,117,1
117,1984,1
117,1985,1
117,1986,1
117,1987,1
118,1847,1
119,1988,1
119,1989,1
119,1990,1
119,1991,1
119,1992,1
119,1993,1
120,120,1
120,984,1
120,985,1
120,986,1
121,121,1
121,446,1
121,484,1
121,485,1
121,487,1
122,122,1
122,1261,1
122,1996,1
123,11,1
123,123,1
123,272,1
123,412,1
123,413,1
123,420,1
123,780,1
124,183,1
125,116,1
125,421,1
125,750,1
125,1056,1
126,847,1
126,2016,1
126,2017,1
126,2018,1
127,1023,1
127,2019,1
128,2020,1
128,2021,1
128,2022,1
128,2023,1
128,2024,1
128,2025,1
128,2026,1
129,106,1
129,469,1
129,479,1
129,480,1
129,481,1
129,1071,1
129,1401,1
129,1755,1
129,2027,1
129,2028,1
129,2029,1
130,130,1
131,131,1
131,2030,1
131,2031,1
132,132,1
132,1942,1
132,1946,1
132,2032,1
132,2033,1
133,106,1
133,235,1
133,237,1
133,479,1
133,480,1
133,481,1
133,1429,1
134,98,1
134,134,1
134,180,1
134,181,1
134,182,1
134,227,1
134,228,1
135,227,1
135,537,1
135,1780,1
135,2037,1
135,2038,1
135,2039,1
135,2040,1
135,2041,1
135,2042,1
135,2043,1
135,2044,1
135,2045,1
136,412,1
137,2046,1
137,2047,1
139,1358,1
139,2049,1
140,8,1
140,106,1
140,479,1
140,1212,1
140,2050,1
140,2051,1
140,2052,1
142,1216,1
143,52,1
143,270,1
143,386,1
143,469,1
143,479,1
143,481,1
143,780,1
143,916,1
143,1419,1
143,1643,1
144,50,1
144,387,1
144,480,1
144,481,1
144,1132,1
144,1870,1
144,2057,1
144,2058,1
145,145,1
145,689,1
145,737,1
145,900,1
145,969,1
146,1101,1
146,1513,1
146,1514,1
146,1587,1
146,1802,1
146,1857,1
146,1858,1
146,1860,1
146,1861,1
146,1863,1
146,1864,1
146,1866,1
148,2072,1
149,955,1
149,1280,1
149,2073,1
149,2074,1
150,150,1
150,1657,1
150,1694,1
150,2081,1
150,2082,1
150,2083,1
151,151,1
151,2093,1
151,2094,1
152,109,1
152,152,1
152,203,1
152,474,1
152,475,1
152,488,1
152,646,1
152,847,1
152,1520,1
152,1538,1
152,1662,1
152,1766,1
152,1767,1
152,1769,1
152,2084,1
152,2095,1
152,2096,1
152,2097,1
152,2098,1
152,2099,1
152,2100,1
152,2101,1
152,2102,1
152,2103,1
152,2104,1
152,2105,1
152,2106,1
153,1,1
153,8,1
153,61,1
153,106,1
153,123,1
153,129,1
153,396,1
153,420,1
153,456,1
153,480,1
153,481,1
153,652,1
153,653,1
153,780,1
153,781,1
153,832,1
153,1033,1
153,1034,1
153,1178,1
153,1552,1
153,1557,1
153,2003,1
153,2150,1
153,2151,1
153,2152,1
153,2153,1
154,1265,1
154,2158,1
154,2159,1
154,2160,1
154,2161,1
155,155,1
155,947,1
155,949,1
155,1025,1
156,6,1
156,83,1
156,103,1
156,156,1
156,168,1
156,185,1
156,186,1
156,187,1
156,188,1
156,189,1
156,225,1
156,346,1
156,397,1
156,401,1
156,441,1
156,457,1
156,505,1
156,506,1
156,507,1
156,508,1
156,539,1
156,549,1
156,553,1
156,561,1
156,563,1
156,570,1
156,597,1
156,599,1
156,603,1
156,611,1
156,615,1
156,633,1
156,646,1
156,652,1
156,656,1
156,757,1
156,767,1
156,768,1
156,769,1
156,770,1
156,771,1
156,774,1
156,775,1
156,776,1
156,777,1
156,778,1
156,779,1
156,781,1
156,1115,1
156,1181,1
156,1325,1
156,1368,1
156,1433,1
156,1435,1
156,1437,1
156,1438,1
156,1440,1
156,1455,1
156,1463,1
156,1465,1
156,1466,1
156,1467,1
156,1470,1
156,1586,1
156,1598,1
156,1714,1
156,1800,1
156,1867,1
156,1868,1
156,1923,1
156,2034,1
156,2166,1
156,2167,1
156,2168,1
156,2169,1
156,2170,1
156,2171,1
156,2172,1
156,2173,1
156,2174,1
156,2175,1
156,2176,1
156,2177,1
156,2178,1
157,1772,1
158,532,1
158,538,1
158,556,1
158,557,1
158,558,1
158,617,1
158,946,1
159,1831,1
159,2179,1
159,2180,1
159,2181,1
159,2182,1
159,2183,1
159,2184,1
159,2185,1
159,2186,1
159,2187,1
160,1524,1
160,2188,1
160,2189,1
160,2190,1
161,872,1
162,510,1
162,514,1
162,2191,1
162,2192,1
164,164,1
164,647,1
164,648,1
164,649,1
164,650,1
164,651,1
165,2193,1
166,267,1
166,2194,1
167,167,1
167,945,1
167,1007,1
167,1009,1
168,82,1
168,827,1
168,1069,1
168,1118,1
168,1531,1
168,1732,1
168,1733,1
168,2053,1
168,2054,1
168,2055,1
168,2195,1
168,2196,1
168,2197,1
168,2198,1
169,1004,1
169,1005,1
169,1006,1
170,170,1
170,1086,1
170,1896,1
170,2199,1
171,226,1
171,845,1
171,958,1
171,2200,1
172,1496,1
172,2201,1
173,2147,1
173,2202,1
174,2056,1
174,2203,1
174,2204,1
7,0,1
1,1,1
25,1,1
4,4,1
17,6,1
7,7,1
20,9,1
10,10,1
91,10,1
11,11,1
156,11,1
14,14,1
16,16,1
17,17,1
19,19,1
38,20,1
22,22,1
23,23,1
25,25,1
100,25,1
26,26,1
29,28,1
29,29,1
32,32,1
36,36,1
37,37,1
38,38,1
40,40,1
42,42,1
43,43,1
45,45,1
48,48,1
50,50,1
52,52,1
56,55,1
57,57,1
59,59,1
63,63,1
65,65,1
66,66,1
68,68,1
70,70,1
71,71,1
72,72,1
74,74,1
77,77,1
78,77,1
82,82,1
83,83,1
84,84,1
88,88,1
90,90,1
95,95,1
96,96,1
97,96,1
99,99,1
100,100,1
102,102,1
103,103,1
104,104,1
106,106,1
143,106,1
107,107,1
111,111,1
113,113,1
114,114,1
116,116,1
117,117,1
120,120,1
121,121,1
122,122,1
123,123,1
130,130,1
131,131,1
132,132,1
134,134,1
145,145,1
150,150,1
151,151,1
152,152,1
155,155,1
156,156,1
164,164,1
167,167,1
170,170,1
