0,7,2
0,10,1
0,25,1
0,27,1
0,28,1
0,43,1
0,91,1
0,100,1
0,111,1
0,152,1
0,175,1
0,176,1
0,177,1
0,178,1
0,179,1
0,180,1
0,181,1
0,182,1
0,183,1
0,184,1
0,185,1
0,186,1
0,187,1
0,188,1
0,189,1
0,190,1
0,191,1
0,192,1
0,193,1
0,194,1
0,195,1
0,196,1
0,197,1
0,198,1
0,199,1
0,200,1
0,201,1
0,202,1
0,203,1
0,204,1
0,205,1
0,206,1
0,207,1
0,208,1
0,209,1
0,210,1
0,211,1
0,212,1
0,213,1
0,214,1
0,215,1
0,216,1
0,217,1
0,218,1
0,219,1
0,220,1
0,221,1
0,222,1
0,223,1
0,224,1
0,225,1
0,226,1
0,227,1
0,228,1
0,229,1
0,230,1
0,231,1
0,232,1
0,233,1
0,234,1
0,235,1
0,236,1
0,237,1
0,238,1
0,239,1
0,240,1
0,241,1
0,242,1
0,243,1
0,244,1
0,245,1
0,246,1
0,247,1
0,248,1
0,249,1
0,250,1
0,251,1
0,252,1
0,253,1
0,254,1
0,255,1
0,256,1
0,257,1
0,258,1
0,259,1
0,260,1
0,261,1
0,262,1
0,263,1
0,264,1
0,265,1
0,266,1
0,267,1
0,268,1
0,269,1
0,270,1
0,271,1
0,272,1
0,273,1
0,274,1
0,275,1
0,276,1
0,277,1
0,278,1
0,279,1
0,280,1
0,281,1
0,282,1
0,283,1
0,284,1
0,285,1
0,286,1
0,287,1
0,288,1
0,289,1
0,290,1
0,291,1
0,292,1
0,293,1
0,294,1
0,295,1
0,296,1
0,297,1
0,298,1
0,299,1
0,300,1
0,301,1
0,302,1
0,303,1
0,304,1
0,305,1
0,306,1
0,307,1
0,308,1
0,309,1
0,310,1
0,311,1
0,312,1
0,313,1
0,314,1
0,315,1
0,316,1
0,317,1
0,318,1
0,319,1
0,320,1
0,321,1
0,322,1
0,323,1
0,324,1
0,325,1
0,326,1
0,327,1
0,328,1
0,329,1
0,330,1
0,331,1
0,332,1
0,333,1
0,334,1
0,335,1
0,336,1
0,337,1
0,338,1
0,339,1
0,340,1
0,341,1
0,342,1
0,343,1
0,344,1
0,345,1
0,346,1
0,347,1
0,348,1
0,349,1
0,350,1
0,351,1
0,352,1
0,353,1
0,354,1
0,355,1
0,356,1
0,357,1
0,358,1
0,359,1
0,360,1
0,361,1
0,362,1
0,363,1
0,364,1
0,365,1
0,366,1
0,367,1
0,368,1
0,369,1
0,370,1
0,371,1
0,372,1
0,373,1
0,374,1
0,375,1
0,376,1
0,377,1
0,378,1
0,379,1
0,380,1
0,381,1
0,382,1
0,383,1
0,384,1
0,385,1
0,386,1
0,387,1
0,388,1
0,389,1
0,390,1
0,391,1
0,392,1
0,912,3
0,1168,3
0,1909,3
0,1957,3
1,1,2
1,25,2
1,200,1
1,235,1
1,269,1
1,278,1
1,279,1
1,393,1
1,394,1
1,395,1
1,396,1
1,397,1
1,398,1
1,399,1
1,400,1
1,401,1
1,402,1
1,403,1
1,404,1
1,405,1
1,406,1
1,407,1
1,408,1
1,409,1
1,410,1
1,411,1
1,412,1
1,413,1
1,414,1
1,415,1
1,416,1
1,417,1
1,418,1
1,419,1
1,420,1
1,421,1
1,422,1
1,423,1
1,424,1
1,425,1
1,426,1
1,427,1
2,120,3
2,297,3
2,428,1
2,429,1
2,430,1
2,431,1
2,432,1
2,433,1
2,434,1
2,435,1
2,436,1
2,437,1
2,438,1
2,495,3
3,43,1
3,244,1
3,254,1
3,304,1
3,395,1
3,439,1
3,440,1
3,441,1
3,442,1
3,443,1
3,444,1
3,445,1
3,465,3
3,1120,3
3,1205,3
3,1901,3
4,4,2
4,25,1
4,58,3
4,106,1
4,121,1
4,272,1
4,414,1
4,429,1
4,446,1
4,447,1
4,448,1
4,449,1
4,450,1
4,451,1
4,452,1
4,453,1
4,454,1
4,455,1
4,456,1
4,457,1
4,458,1
4,459,1
4,460,1
4,461,1
4,462,1
4,463,1
4,464,1
4,465,1
4,466,1
4,467,1
4,468,1
4,469,1
4,470,1
4,471,1
4,472,1
4,473,1
4,474,1
4,475,1
4,476,1
4,477,1
4,478,1
4,479,1
4,480,1
4,481,1
4,482,1
4,483,1
4,484,1
4,485,1
4,486,1
4,487,1
4,488,1
4,489,1
4,490,1
4,491,1
4,492,1
4,493,1
4,1094,3
4,2070,3
5,33,1
5,191,1
5,192,1
5,193,1
5,194,1
5,195,1
5,197,1
5,494,1
5,495,1
5,496,1
5,497,1
5,498,1
5,499,1
5,500,1
5,501,1
5,502,1
5,503,1
5,504,1
5,505,1
5,506,1
5,507,1
5,508,1
5,509,1
5,510,1
5,511,1
5,512,1
5,513,1
5,514,1
5,515,1
5,516,1
5,517,1
5,518,1
5,519,1
5,520,1
5,521,1
5,522,1
5,523,1
5,524,1
5,525,1
5,526,1
5,527,1
5,528,1
5,529,1
5,530,1
5,531,1
5,561,3
5,597,3
5,739,3
6,8,1
6,9,1
6,11,1
6,17,2
6,21,1
6,22,1
6,29,1
6,33,1
6,61,1
6,103,1
6,104,1
6,108,1
6,112,1
6,158,1
6,164,1
6,177,1
6,185,1
6,186,1
6,187,1
6,188,1
6,189,1
6,195,1
6,205,1
6,207,1
6,209,1
6,235,1
6,236,1
6,237,1
6,239,1
6,242,1
6,243,1
6,249,1
6,255,1
6,256,1
6,282,1
6,285,1
6,287,1
6,289,1
6,290,1
6,291,1
6,294,1
6,318,3
6,346,1
6,385,1
6,393,1
6,401,1
6,405,1
6,409,1
6,432,1
6,441,1
6,464,1
6,510,1
6,511,1
6,512,1
6,514,1
6,515,1
6,518,1
6,519,1
6,520,1
6,521,1
6,524,1
6,525,1
6,526,1
6,527,1
6,528,1
6,529,1
6,532,1
6,533,1
6,534,1
6,535,1
6,536,1
6,537,1
6,538,1
6,539,1
6,540,1
6,541,1
6,542,1
6,543,1
6,544,1
6,545,1
6,546,1
6,547,1
6,548,1
6,549,1
6,550,1
6,551,1
6,552,1
6,553,1
6,554,1
6,555,1
6,556,1
6,557,1
6,558,1
6,559,1
6,560,1
6,561,1
6,562,1
6,563,1
6,564,1
6,565,1
6,566,1
6,567,1
6,568,1
6,569,1
6,570,1
6,571,1
6,572,1
6,573,1
6,574,1
6,575,1
6,576,1
6,577,1
6,578,1
6,579,1
6,580,1
6,581,1
6,582,1
6,583,1
6,584,1
6,585,1
6,586,1
6,587,1
6,588,1
6,589,1
6,590,1
6,591,1
6,592,1
6,593,1
6,594,1
6,595,1
6,596,1
6,597,1
6,598,1
6,599,1
6,600,1
6,601,1
6,602,1
6,603,1
6,604,1
6,605,1
6,606,1
6,607,1
6,608,1
6,609,1
6,610,1
6,611,1
6,612,1
6,613,1
6,614,1
6,615,1
6,616,1
6,617,1
6,618,1
6,619,1
6,620,1
6,621,1
6,622,1
6,623,1
6,624,1
6,625,1
6,626,1
6,627,1
6,628,1
6,629,1
6,630,1
6,631,1
6,632,1
6,633,1
6,634,1
6,635,1
6,636,1
6,637,1
6,638,1
6,639,1
6,640,1
6,641,1
6,642,1
6,643,1
6,644,1
6,645,1
6,646,1
6,647,1
6,648,1
6,649,1
6,650,1
6,651,1
6,652,1
6,653,1
6,654,1
6,655,1
6,656,1
6,657,1
6,658,1
6,659,1
6,660,1
6,661,1
6,662,1
6,663,1
6,664,1
6,665,1
6,666,1
6,667,1
6,668,1
6,669,1
6,670,1
6,671,1
6,672,1
6,673,1
6,674,1
6,675,1
6,676,1
6,677,1
6,678,1
6,679,1
6,680,1
6,681,1
6,682,1
6,683,1
6,684,1
6,685,1
6,686,1
6,687,1
6,688,1
6,689,1
6,690,1
6,691,1
6,692,1
6,693,1
6,694,1
6,695,1
6,696,1
6,697,1
6,698,1
6,699,1
6,700,1
6,701,1
6,702,1
6,703,1
6,704,1
6,705,1
6,706,1
6,707,1
6,708,1
6,709,1
6,710,1
6,711,1
6,712,1
6,713,1
6,714,1
6,715,1
6,716,1
6,717,1
6,718,1
6,719,1
6,720,1
6,721,1
6,722,1
6,723,1
6,724,1
6,725,1
6,726,1
6,727,1
6,728,1
6,729,1
6,730,1
6,731,1
7,7,2
7,12,1
7,21,1
7,27,1
7,28,1
7,30,1
7,44,1
7,51,1
7,52,1
7,54,1
7,55,1
7,56,1
7,60,1
7,61,1
7,66,1
7,67,1
7,68,1
7,69,1
7,77,1
7,79,1
7,80,1
7,84,1
7,95,1
7,96,1
7,97,1
7,100,1
7,102,1
7,104,1
7,107,1
7,111,1
7,112,1
7,114,1
7,116,1
7,120,1
7,127,1
7,145,1
7,152,1
7,153,1
7,155,1
7,158,1
7,167,1
7,169,1
7,177,1
7,180,1
7,181,1
7,182,1
7,185,1
7,187,1
7,189,1
7,190,1
7,191,1
7,192,1
7,193,1
7,194,1
7,201,1
7,203,1
7,205,1
7,206,1
7,207,1
7,208,1
7,209,1
7,211,1
7,212,1
7,213,1
7,215,1
7,223,1
7,226,1
7,227,1
7,228,1
7,231,1
7,232,1
7,234,1
7,242,1
7,243,1
7,244,1
7,245,1
7,250,1
7,251,1
7,255,1
7,257,1
7,260,1
7,263,1
7,264,1
7,266,1
7,269,1
7,272,1
7,279,1
7,286,1
7,300,1
7,301,1
7,302,1
7,303,1
7,305,1
7,384,1
7,385,1
7,391,1
7,392,1
7,393,1
7,401,1
7,407,1
7,408,1
7,411,1
7,421,1
7,441,1
7,457,1
7,460,1
7,475,1
7,479,1
7,481,1
7,488,1
7,489,1
7,494,1
7,495,1
7,530,1
7,536,1
7,538,1
7,561,1
7,562,1
7,597,1
7,598,1
7,599,1
7,600,1
7,601,1
7,602,1
7,604,1
7,607,1
7,608,1
7,611,1
7,612,1
7,614,1
7,633,1
7,635,1
7,636,1
7,639,1
7,642,1
7,643,1
7,665,1
7,670,1
7,675,1
7,676,1
7,677,1
7,679,1
7,708,1
7,709,1
7,711,1
7,712,1
7,713,1
7,715,1
7,716,1
7,723,1
7,724,1
7,729,1
7,732,1
7,733,1
7,734,1
7,735,1
7,736,1
7,737,1
7,738,1
7,739,1
7,740,1
7,741,1
7,742,1
7,743,1
7,744,1
7,745,1
7,746,1
7,747,1
7,748,1
7,749,1
7,750,1
7,751,1
7,752,1
7,753,1
7,754,1
7,755,1
7,756,1
7,757,1
7,758,1
7,759,1
7,760,1
7,761,1
7,762,1
7,763,1
7,764,1
7,765,1
7,766,1
7,767,1
7,768,1
7,769,1
7,770,1
7,771,1
7,772,1
7,773,1
7,774,1
7,775,1
7,776,1
7,777,1
7,778,1
7,779,1
7,780,1
7,781,1
7,782,1
7,783,1
7,784,1
7,785,1
7,786,1
7,787,1
7,788,1
7,789,1
7,790,1
7,791,1
7,792,1
7,793,1
7,794,1
7,795,1
7,796,1
7,797,1
7,798,1
7,799,1
7,800,1
7,801,1
7,802,1
7,803,1
7,804,1
7,805,1
7,806,1
7,807,1
7,808,1
7,809,1
7,810,1
7,811,1
7,812,1
7,813,1
7,814,1
7,815,1
7,816,1
7,817,1
7,818,1
7,819,1
7,820,1
7,821,1
7,822,1
7,823,1
7,824,1
7,825,1
7,826,1
7,827,1
7,828,1
7,829,1
7,830,1
7,831,1
7,832,1
7,833,1
7,834,1
7,835,1
7,836,1
7,837,1
7,838,1
7,839,1
7,840,1
7,841,1
7,842,1
7,843,1
7,844,1
7,845,1
7,846,1
7,847,1
7,848,1
7,849,1
7,850,1
7,851,1
7,852,1
7,853,1
7,854,1
7,855,1
7,856,1
7,857,1
7,858,1
7,859,1
7,860,1
7,861,1
7,862,1
7,863,1
7,864,1
7,865,1
7,866,1
7,867,1
7,868,1
7,869,1
7,870,1
7,871,1
7,872,1
7,873,1
7,874,1
7,875,1
7,876,1
7,877,1
7,878,1
7,879,1
7,880,1
7,881,1
7,882,1
7,883,1
7,884,1
7,885,1
7,886,1
7,887,1
7,888,1
7,889,1
7,891,1
7,892,1
7,893,1
7,894,1
7,895,1
7,896,1
7,897,1
7,898,1
7,899,1
7,900,1
7,901,1
7,902,1
7,903,1
7,904,1
7,905,1
7,906,1
7,907,1
7,908,1
7,910,1
7,911,1
7,912,1
7,913,1
7,914,1
7,915,1
7,916,1
7,926,1
7,927,1
7,928,1
7,929,1
7,930,1
7,931,1
7,932,1
7,933,1
7,934,1
7,935,1
7,936,1
7,937,1
7,938,1
7,939,1
7,940,1
7,941,1
7,942,1
7,943,1
7,944,1
7,945,1
7,946,1
7,947,1
7,948,1
7,949,1
7,950,1
7,951,1
7,952,1
7,953,1
7,954,1
7,955,1
7,956,1
7,957,1
7,958,1
7,959,1
7,960,1
7,961,1
7,962,1
7,963,1
7,964,1
7,965,1
7,966,1
7,967,1
7,968,1
7,969,1
7,970,1
7,971,1
7,972,1
7,973,1
7,974,1
7,975,1
7,976,1
7,977,1
7,978,1
7,979,1
7,980,1
7,981,1
7,982,1
7,983,1
7,984,1
7,985,1
7,986,1
7,987,1
7,988,1
7,989,1
7,990,1
7,991,1
7,992,1
7,993,1
7,994,1
7,995,1
7,996,1
7,997,1
7,998,1
7,999,1
7,1000,1
7,1001,1
7,1002,1
7,1003,1
7,1004,1
7,1005,1
7,1006,1
7,1007,1
7,1008,1
7,1009,1
7,1010,1
7,1011,1
7,1012,1
7,1013,1
7,1014,1
7,1015,1
7,1016,1
7,1017,1
7,1018,1
7,1019,1
7,1020,1
7,1021,1
7,1022,1
7,1023,1
7,1024,1
7,1025,1
7,1026,1
7,1027,1
7,1028,1
7,1029,1
7,1030,1
7,1031,1
7,1032,1
7,1632,3
8,1033,1
8,1034,1
8,1845,3
9,20,2
9,36,1
9,41,1
9,48,1
9,52,1
9,82,1
9,88,1
9,92,1
9,97,1
9,98,1
9,99,1
9,104,1
9,105,1
9,107,1
9,110,1
9,112,1
9,117,1
9,118,1
9,119,1
9,122,1
9,127,1
9,149,1
9,153,1
9,161,1
9,163,1
9,230,1
9,246,1
9,268,1
9,284,1
9,311,1
9,340,1
9,391,1
9,398,1
9,428,1
9,440,1
9,441,1
9,445,1
9,447,1
9,457,1
9,468,1
9,472,1
9,504,1
9,507,1
9,515,1
9,521,1
9,522,1
9,523,1
9,537,1
9,544,1
9,546,1
9,548,1
9,550,1
9,553,1
9,562,1
9,573,1
9,579,1
9,599,1
9,601,1
9,621,1
9,631,1
9,633,1
9,693,1
9,719,1
9,730,1
9,743,1
9,744,1
9,758,1
9,788,1
9,802,1
9,808,1
9,828,1
9,834,1
9,852,1
9,862,1
9,885,1
9,888,1
9,889,1
9,896,1
9,905,1
9,915,1
9,928,1
9,943,1
9,953,1
9,971,1
9,997,1
9,1014,1
9,1019,1
9,1035,1
9,1036,1
9,1037,1
9,1038,1
9,1039,1
9,1040,1
9,1041,1
9,1042,1
9,1043,1
9,1044,1
9,1045,1
9,1046,1
9,1047,1
9,1048,1
9,1049,1
9,1050,1
9,1051,1
9,1052,1
9,1053,1
9,1054,1
9,1055,1
9,1056,1
9,1057,1
9,1058,1
9,1059,1
9,1060,1
9,1061,1
9,1062,1
9,1063,1
9,1064,1
9,1065,1
9,1066,1
9,1067,1
9,1068,1
9,1069,1
9,1070,1
9,1071,1
9,1072,1
9,1073,1
9,1074,1
9,1075,1
9,1076,1
9,1077,1
9,1078,1
9,1079,1
9,1080,1
9,1081,1
9,1082,1
9,1083,1
9,1084,1
9,1085,1
9,1086,1
9,1087,1
9,1088,1
9,1089,1
9,1090,1
9,1091,1
9,1092,1
9,1093,1
9,1094,1
9,1095,1
9,1096,1
9,1097,1
9,1098,1
9,1099,1
9,1100,1
9,1101,1
9,1102,1
9,1103,1
9,1104,1
9,1105,1
9,1106,1
9,1107,1
9,1108,1
9,1109,1
9,1110,1
9,1111,1
9,1112,1
9,1113,1
9,1114,1
9,1115,1
9,1116,1
9,1117,1
9,1118,1
9,1119,1
9,1120,1
9,1121,1
9,1122,1
9,1123,1
9,1124,1
9,1125,1
9,1126,1
9,1127,1
9,1128,1
9,1129,1
9,1130,1
9,1131,1
9,1132,1
9,1133,1
9,1134,1
9,1135,1
9,1136,1
9,1137,1
9,1138,1
9,1139,1
9,1140,1
9,1141,1
9,1142,1
9,1143,1
9,1144,1
9,1145,1
9,1146,1
9,1147,1
9,1148,1
9,1149,1
9,1150,1
9,1151,1
9,1152,1
9,1153,1
9,1154,1
9,1155,1
9,1156,1
9,1157,1
9,1158,1
9,1159,1
9,1160,1
9,1161,1
9,1162,1
9,1163,1
9,1164,1
9,1165,1
9,1166,1
9,1167,1
9,1168,1
9,1169,1
9,1170,1
9,1171,1
9,1172,1
9,1173,1
9,1174,1
9,1175,1
9,1176,1
9,1177,1
9,1178,1
9,1179,1
9,1180,1
9,1181,1
9,1182,1
9,1183,1
9,1184,1
9,1185,1
9,1186,1
9,1187,1
9,1188,1
9,1189,1
9,1190,1
9,1191,1
9,1192,1
9,1193,1
9,1194,1
9,1195,1
9,1196,1
9,1197,1
9,1198,1
9,1199,1
9,1200,1
9,1201,1
9,1202,1
9,1203,1
9,1204,1
9,1205,1
9,1206,1
9,1207,1
9,1208,1
9,1209,1
9,1210,1
9,1211,1
9,1212,1
9,1213,1
9,1214,1
9,1215,1
9,1216,1
9,1217,1
9,1218,1
9,1219,1
9,1220,1
9,1221,1
9,1222,1
9,1223,1
9,1224,1
9,1225,1
9,1226,1
9,1227,1
9,1228,1
9,1229,1
9,1230,1
9,1231,1
9,1232,1
9,1233,1
9,1234,1
9,1235,1
9,1236,1
9,1237,1
9,1238,1
9,1239,1
9,1240,1
9,1241,1
9,1242,1
9,1243,1
9,1244,1
9,1245,1
9,1246,1
9,1247,1
9,1248,1
9,1249,1
9,1250,1
9,1251,1
9,1252,1
9,1253,1
9,1254,1
9,1255,1
9,1256,1
9,1257,1
9,1258,1
9,1259,1
9,1260,1
9,1261,1
9,1262,1
9,1263,1
9,1264,1
9,1265,1
9,1266,1
9,1267,1
9,1268,1
9,1269,1
9,1270,1
9,1271,1
9,1272,1
9,1273,1
9,1274,1
9,1275,1
9,1276,1
9,1277,1
9,1278,1
9,1279,1
9,1280,1
9,1281,1
9,1282,1
9,1283,1
9,1284,1
9,1285,1
9,1286,1
9,1287,1
9,1288,1
9,1289,1
9,1290,1
9,1291,1
9,1292,1
9,1293,1
9,1294,1
9,1295,1
9,1296,1
9,1297,1
9,1298,1
9,1299,1
9,1300,1
9,1301,1
9,1302,1
9,1303,1
9,1304,1
9,1305,1
9,1306,1
9,1307,1
9,1308,1
9,1309,1
9,1310,1
9,1311,1
9,1312,1
9,1313,1
9,1314,1
9,1315,1
9,1316,1
9,1317,1
9,1318,1
9,1319,1
9,1320,1
9,1321,1
9,1322,1
9,1323,1
9,1324,1
9,1325,1
9,1326,1
9,1327,1
9,1328,1
9,1329,1
9,1330,1
9,1331,1
9,1332,1
9,1333,1
9,1334,1
9,1335,1
9,1336,1
9,1337,1
9,1338,1
9,1339,1
9,1340,1
9,1341,1
9,1342,1
9,1343,1
9,1344,1
9,1345,1
9,1346,1
9,1347,1
9,1348,1
9,1349,1
9,1350,1
9,1351,1
9,1352,1
9,1353,1
9,1354,1
9,1355,1
9,1356,1
9,1357,1
9,1358,1
9,1359,1
9,1360,1
9,1361,1
9,1362,1
9,1363,1
9,1364,1
9,1365,1
9,1366,1
9,1367,1
9,1368,1
9,1369,1
9,1370,1
9,1371,1
9,1372,1
9,1373,1
9,1374,1
9,1375,1
9,1376,1
9,1377,1
9,1378,1
9,1379,1
9,1380,1
9,1381,1
9,1382,1
9,1383,1
9,1384,1
9,1385,1
9,1386,1
9,1387,1
9,1900,3
10,10,2
10,15,1
10,19,1
10,20,1
10,52,1
10,62,1
10,65,1
10,87,1
10,91,2
10,96,1
10,97,1
10,98,1
10,106,1
10,112,1
10,115,1
10,129,1
10,134,1
10,143,1
10,148,1
10,181,1
10,182,1
10,227,1
10,228,1
10,231,3
10,242,1
10,243,1
10,244,1
10,267,1
10,304,1
10,307,1
10,308,1
10,319,1
10,322,1
10,327,1
10,346,1
10,348,1
10,350,1
10,352,1
10,355,1
10,359,1
10,366,1
10,367,1
10,368,1
10,385,1
10,420,1
10,479,1
10,481,1
10,534,1
10,549,1
10,551,1
10,553,1
10,615,1
10,616,1
10,630,1
10,635,1
10,636,1
10,637,1
10,638,1
10,665,1
10,671,1
10,730,1
10,731,1
10,780,1
10,781,1
10,788,1
10,790,1
10,791,1
10,812,1
10,858,1
10,859,1
10,860,1
10,880,1
10,898,1
10,915,1
10,997,1
10,1024,1
10,1033,1
10,1034,1
10,1051,1
10,1082,1
10,1115,1
10,1181,1
10,1280,1
10,1368,1
10,1388,1
10,1389,1
10,1390,1
10,1391,1
10,1392,1
10,1393,1
10,1394,1
10,1395,1
10,1396,1
10,1397,1
10,1398,1
10,1399,1
10,1400,1
10,1401,1
10,1402,1
10,1403,1
10,1404,1
10,1405,1
10,1406,1
10,1407,1
10,1408,1
10,1409,1
10,1410,1
10,1411,1
10,1412,1
10,1413,1
10,1414,1
10,1415,1
10,1416,1
10,1417,1
10,1418,1
10,1419,1
10,1420,1
10,1421,1
10,1422,1
10,1423,1
10,1424,1
10,1425,1
10,1426,1
10,1427,1
10,1428,1
10,1429,1
10,1430,1
10,1431,1
10,1432,1
10,1433,1
10,1434,1
10,1435,1
10,1436,1
10,1437,1
10,1438,1
10,1439,1
10,1440,1
10,1441,1
10,1442,1
10,1443,1
10,1886,3
11,1,1
11,11,2
11,100,1
11,156,2
11,251,1
11,393,1
11,398,1
11,399,1
11,400,1
11,401,1
11,402,1
11,404,1
11,407,1
11,409,1
11,410,1
11,413,1
11,418,1
11,419,1
11,422,1
11,462,3
11,611,1
11,973,3
11,1033,1
11,1271,1
11,1444,1
11,1445,1
11,1446,1
11,1447,1
11,1448,1
11,1449,1
11,1450,1
1451,11,0
1452,11,0
156,12,0
267,12,0
12,279,3
400,12,0
406,12,0
419,12,0
422,12,0
425,12,0
570,12,0
682,12,0
875,12,0
940,12,0
952,12,0
1053,12,0
1055,12,0
1118,12,0
1241,12,0
1304,12,0
1385,12,0
1453,12,0
1454,12,0
1455,12,0
1456,12,0
1457,12,0
1458,12,0
1459,12,0
1460,12,0
1461,12,0
1462,12,0
1463,12,0
1464,12,0
1465,12,0
1466,12,0
1467,12,0
1468,12,0
1469,12,0
1470,12,0
12,1541,3
12,1812,3
3,13,0
29,13,0
46,13,0
127,13,0
457,13,0
573,13,0
574,13,0
577,13,0
868,13,0
869,13,0
1014,13,0
1036,13,0
1093,13,0
1206,13,0
1315,13,0
1471,13,0
1472,13,0
1473,13,0
1474,13,0
1475,13,0
1476,13,0
1477,13,0
1478,13,0
1479,13,0
1480,13,0
1481,13,0
1482,13,0
1483,13,0
1484,13,0
1485,13,0
1486,13,0
1487,13,0
1488,13,0
1489,13,0
1490,13,0
1491,13,0
1492,13,0
1493,13,0
1494,13,0
1495,13,0
1496,13,0
1497,13,0
1498,13,0
14,14,2
109,14,0
14,629,3
661,14,0
684,14,0
685,14,0
687,14,0
1044,14,0
1230,14,0
1389,14,0
1391,14,0
1393,14,0
1499,14,0
1500,14,0
1501,14,0
1502,14,0
1503,14,0
1504,14,0
1505,14,0
1506,14,0
1507,14,0
1508,14,0
1509,14,0
1510,14,0
1511,14,0
1512,14,0
14,1546,3
14,1625,3
14,1849,3
14,2166,3
28,15,0
15,142,3
271,15,0
474,15,0
475,15,0
476,15,0
489,15,0
15,693,3
15,1117,3
1407,15,0
1417,15,0
1418,15,0
1419,15,0
1513,15,0
1514,15,0
1515,15,0
1516,15,0
1517,15,0
1518,15,0
15,1599,3
16,16,2
98,16,0
16,698,3
781,16,0
1398,16,0
16,1530,3
16,1877,3
17,17,2
27,17,0
28,17,0
38,17,0
50,17,0
52,17,0
90,17,0
111,17,0
113,17,0
133,17,0
145,17,0
183,17,0
185,17,0
186,17,0
187,17,0
189,17,0
200,17,0
205,17,0
206,17,0
207,17,0
218,17,0
219,17,0
225,17,0
240,17,0
249,17,0
251,17,0
266,17,0
275,17,0
287,17,0
288,17,0
289,17,0
293,17,0
296,17,0
393,17,0
397,17,0
401,17,0
407,17,0
535,17,0
537,17,0
545,17,0
546,17,0
559,17,0
564,17,0
583,17,0
585,17,0
586,17,0
589,17,0
590,17,0
591,17,0
592,17,0
593,17,0
595,17,0
598,17,0
599,17,0
600,17,0
601,17,0
602,17,0
603,17,0
611,17,0
617,17,0
622,17,0
627,17,0
635,17,0
637,17,0
638,17,0
639,17,0
652,17,0
662,17,0
665,17,0
675,17,0
676,17,0
677,17,0
678,17,0
680,17,0
690,17,0
733,17,0
798,17,0
799,17,0
803,17,0
811,17,0
824,17,0
837,17,0
890,17,0
900,17,0
909,17,0
929,17,0
931,17,0
932,17,0
969,17,0
1033,17,0
1077,17,0
1120,17,0
1144,17,0
1145,17,0
1186,17,0
1198,17,0
1519,17,0
1520,17,0
1521,17,0
1522,17,0
1523,17,0
1524,17,0
1525,17,0
1526,17,0
1527,17,0
1528,17,0
1529,17,0
1530,17,0
1531,17,0
1532,17,0
1533,17,0
1534,17,0
1535,17,0
1536,17,0
1537,17,0
1538,17,0
1539,17,0
1540,17,0
1541,17,0
1542,17,0
1543,17,0
1544,17,0
1545,17,0
1546,17,0
1547,17,0
1548,17,0
1549,17,0
1550,17,0
1551,17,0
1552,17,0
1553,17,0
1554,17,0
1555,17,0
1556,17,0
1557,17,0
1558,17,0
1559,17,0
1560,17,0
1561,17,0
1562,17,0
1563,17,0
1564,17,0
1565,17,0
1566,17,0
1567,17,0
1568,17,0
1569,17,0
18,676,3
18,777,3
18,1100,3
1570,18,0
1571,18,0
19,19,2
19,945,3
1406,19,0
1407,19,0
2,20,0
11,20,0
16,20,0
20,38,2
60,20,0
63,20,0
64,20,0
98,20,0
108,20,0
130,20,0
138,20,0
141,20,0
165,20,0
172,20,0
174,20,0
175,20,0
177,20,0
192,20,0
202,20,0
203,20,0
204,20,0
224,20,0
266,20,0
270,20,0
273,20,0
274,20,0
287,20,0
307,20,0
319,20,0
320,20,0
321,20,0
322,20,0
327,20,0
338,20,0
349,20,0
350,20,0
351,20,0
352,20,0
353,20,0
354,20,0
355,20,0
357,20,0
359,20,0
360,20,0
361,20,0
365,20,0
367,20,0
368,20,0
385,20,0
417,20,0
420,20,0
421,20,0
422,20,0
423,20,0
424,20,0
429,20,0
437,20,0
441,20,0
444,20,0
445,20,0
456,20,0
475,20,0
505,20,0
506,20,0
507,20,0
509,20,0
530,20,0
533,20,0
538,20,0
555,20,0
556,20,0
559,20,0
560,20,0
561,20,0
562,20,0
580,20,0
626,20,0
656,20,0
705,20,0
722,20,0
734,20,0
749,20,0
796,20,0
837,20,0
847,20,0
852,20,0
888,20,0
891,20,0
914,20,0
997,20,0
999,20,0
1014,20,0
1033,20,0
1034,20,0
1064,20,0
1065,20,0
1066,20,0
1072,20,0
1077,20,0
1078,20,0
1088,20,0
1092,20,0
1125,20,0
1128,20,0
1144,20,0
1186,20,0
1227,20,0
1231,20,0
1238,20,0
1255,20,0
1261,20,0
1366,20,0
1378,20,0
1380,20,0
1398,20,0
1399,20,0
1400,20,0
1401,20,0
1404,20,0
1407,20,0
1416,20,0
1417,20,0
1418,20,0
1419,20,0
1520,20,0
1535,20,0
1538,20,0
1551,20,0
1552,20,0
1572,20,0
1573,20,0
1574,20,0
1575,20,0
1576,20,0
1577,20,0
1578,20,0
1579,20,0
1580,20,0
1581,20,0
1582,20,0
1583,20,0
1584,20,0
1585,20,0
1586,20,0
1587,20,0
1588,20,0
1589,20,0
1590,20,0
1591,20,0
1592,20,0
1593,20,0
1594,20,0
1595,20,0
1596,20,0
1597,20,0
1598,20,0
1599,20,0
1600,20,0
1601,20,0
1602,20,0
1603,20,0
1604,20,0
1605,20,0
1606,20,0
1607,20,0
1608,20,0
1609,20,0
1610,20,0
1611,20,0
1612,20,0
1613,20,0
1614,20,0
1615,20,0
1616,20,0
1617,20,0
1618,20,0
1619,20,0
1620,20,0
1621,20,0
1622,20,0
1623,20,0
1624,20,0
1625,20,0
1626,20,0
1627,20,0
1628,20,0
1629,20,0
1630,20,0
1631,20,0
1632,20,0
1633,20,0
1634,20,0
1635,20,0
1636,20,0
1637,20,0
1638,20,0
1639,20,0
1640,20,0
1641,20,0
1642,20,0
1643,20,0
1644,20,0
1645,20,0
1646,20,0
1647,20,0
1648,20,0
1649,20,0
1650,20,0
1651,20,0
1652,20,0
1653,20,0
1654,20,0
1655,20,0
1656,20,0
1657,20,0
1658,20,0
1659,20,0
1660,20,0
1661,20,0
1662,20,0
1663,20,0
1664,20,0
1665,20,0
1666,20,0
1667,20,0
1668,20,0
1669,20,0
1670,20,0
1671,20,0
1672,20,0
1673,20,0
1674,20,0
1675,20,0
1676,20,0
1677,20,0
1678,20,0
1679,20,0
1680,20,0
1681,20,0
1682,20,0
1683,20,0
1684,20,0
1685,20,0
1686,20,0
1687,20,0
1688,20,0
1689,20,0
1690,20,0
1691,20,0
1692,20,0
1693,20,0
1694,20,0
1695,20,0
1696,20,0
1697,20,0
1698,20,0
1699,20,0
21,455,3
708,21,0
711,21,0
712,21,0
713,21,0
716,21,0
21,957,3
21,1802,3
21,22,0
22,22,2
496,22,0
497,22,0
499,22,0
500,22,0
502,22,0
531,22,0
566,22,0
567,22,0
568,22,0
569,22,0
612,22,0
624,22,0
708,22,0
710,22,0
711,22,0
713,22,0
714,22,0
716,22,0
1700,22,0
1701,22,0
1702,22,0
23,23,2
1703,23,0
1704,23,0
1705,23,0
1706,23,0
1707,23,0
24,57,3
24,346,3
890,24,0
909,24,0
24,1564,3
24,1999,3
25,25,2
50,25,0
25,100,2
397,25,0
398,25,0
399,25,0
401,25,0
402,25,0
404,25,0
405,25,0
406,25,0
407,25,0
412,25,0
413,25,0
419,25,0
420,25,0
427,25,0
812,25,0
876,25,0
1417,25,0
1418,25,0
1449,25,0
1450,25,0
1708,25,0
1709,25,0
1710,25,0
1711,25,0
26,26,2
26,30,3
217,26,0
218,26,0
219,26,0
220,26,0
221,26,0
222,26,0
26,509,3
524,26,0
525,26,0
526,26,0
26,532,3
26,664,3
26,801,3
1455,26,0
1464,26,0
1465,26,0
1466,26,0
1467,26,0
1712,26,0
1713,26,0
1714,26,0
1715,26,0
1716,26,0
1717,26,0
1718,26,0
1719,26,0
26,1812,3
1555,27,0
1563,27,0
1565,27,0
28,29,2
383,28,0
386,28,0
646,28,0
811,28,0
915,28,0
916,28,0
1033,28,0
1034,28,0
1288,28,0
28,1291,3
1418,28,0
1420,28,0
1516,28,0
1575,28,0
1679,28,0
1720,28,0
1721,28,0
1722,28,0
1723,28,0
1724,28,0
1725,28,0
28,1770,3
29,29,2
29,300,3
383,29,0
386,29,0
29,837,3
29,889,3
915,29,0
1417,29,0
1516,29,0
30,39,3
30,81,3
965,30,0
1026,30,0
1027,30,0
1028,30,0
1726,31,0
1727,31,0
31,1735,3
14,32,0
29,32,0
32,32,2
52,32,0
65,32,0
133,32,0
32,366,3
396,32,0
403,32,0
404,32,0
412,32,0
413,32,0
795,32,0
797,32,0
887,32,0
1073,32,0
32,1108,3
1238,32,0
1280,32,0
1419,32,0
1420,32,0
1452,32,0
1675,32,0
1728,32,0
1729,32,0
1730,32,0
1731,32,0
1732,32,0
1733,32,0
1734,32,0
1735,32,0
1736,32,0
1737,32,0
1738,32,0
1739,32,0
1740,32,0
32,1852,3
112,33,0
164,33,0
175,33,0
190,33,0
196,33,0
217,33,0
218,33,0
220,33,0
222,33,0
235,33,0
236,33,0
237,33,0
239,33,0
241,33,0
243,33,0
247,33,0
249,33,0
276,33,0
280,33,0
282,33,0
285,33,0
288,33,0
290,33,0
291,33,0
292,33,0
293,33,0
294,33,0
295,33,0
296,33,0
297,33,0
389,33,0
390,33,0
515,33,0
517,33,0
519,33,0
520,33,0
521,33,0
522,33,0
523,33,0
526,33,0
532,33,0
555,33,0
557,33,0
575,33,0
618,33,0
619,33,0
620,33,0
622,33,0
627,33,0
628,33,0
629,33,0
647,33,0
648,33,0
649,33,0
650,33,0
676,33,0
677,33,0
682,33,0
693,33,0
694,33,0
696,33,0
697,33,0
698,33,0
699,33,0
701,33,0
702,33,0
703,33,0
728,33,0
33,923,3
1150,33,0
1280,33,0
1541,33,0
1543,33,0
1547,33,0
1566,33,0
33,1652,3
1741,33,0
1742,33,0
33,1812,3
190,34,0
217,34,0
218,34,0
242,34,0
277,34,0
280,34,0
282,34,0
283,34,0
284,34,0
285,34,0
34,359,3
389,34,0
515,34,0
517,34,0
522,34,0
523,34,0
524,34,0
525,34,0
526,34,0
527,34,0
528,34,0
529,34,0
34,550,3
575,34,0
618,34,0
619,34,0
683,34,0
699,34,0
700,34,0
703,34,0
717,34,0
728,34,0
35,651,3
972,35,0
974,35,0
975,35,0
976,35,0
977,35,0
979,35,0
980,35,0
981,35,0
1743,35,0
36,36,2
52,36,0
65,36,0
36,232,3
446,36,0
36,671,3
672,36,0
706,36,0
915,36,0
1280,36,0
1317,36,0
1324,36,0
36,1331,3
1422,36,0
1744,36,0
1745,36,0
1746,36,0
37,37,2
412,37,0
832,37,0
1747,37,0
1748,37,0
38,38,2
183,38,0
184,38,0
223,38,0
246,38,0
250,38,0
257,38,0
263,38,0
340,38,0
424,38,0
432,38,0
633,38,0
748,38,0
1052,38,0
1075,38,0
1108,38,0
38,1313,3
1364,38,0
1388,38,0
1402,38,0
1415,38,0
1425,38,0
1426,38,0
1514,38,0
1538,38,0
1573,38,0
1634,38,0
1749,38,0
1750,38,0
1751,38,0
1752,38,0
1753,38,0
1754,38,0
1755,38,0
1756,38,0
1757,38,0
1758,38,0
1759,38,0
1760,38,0
1761,38,0
1762,38,0
1763,38,0
1764,38,0
1765,38,0
1766,38,0
1767,38,0
1768,38,0
1769,38,0
1770,38,0
38,2076,3
39,387,3
456,39,0
457,39,0
40,40,2
42,40,0
157,40,0
199,40,0
411,40,0
40,620,3
956,40,0
40,1085,3
1119,40,0
1557,40,0
1570,40,0
1571,40,0
1771,40,0
1772,40,0
1773,40,0
1774,40,0
1775,40,0
1776,40,0
1777,40,0
29,41,0
1513,41,0
1514,41,0
1516,41,0
1587,41,0
42,42,2
42,197,3
733,42,0
734,42,0
735,42,0
42,1357,3
42,2043,3
43,43,2
198,43,0
211,43,0
244,43,0
254,43,0
304,43,0
393,43,0
460,43,0
1078,43,0
1778,43,0
1779,43,0
135,44,0
753,44,0
755,44,0
759,44,0
822,44,0
823,44,0
829,44,0
830,44,0
831,44,0
840,44,0
911,44,0
914,44,0
1280,44,0
1395,44,0
44,1597,3
1724,44,0
1780,44,0
1781,44,0
1782,44,0
1783,44,0
1784,44,0
45,45,2
663,45,0
717,45,0
185,46,0
186,46,0
187,46,0
188,46,0
189,46,0
1492,46,0
1494,46,0
1495,46,0
1496,46,0
47,338,3
47,885,3
1788,47,0
1789,47,0
47,1940,3
48,48,2
346,48,0
615,48,0
616,48,0
671,48,0
48,873,3
48,1332,3
1790,48,0
1791,48,0
48,2067,3
1304,49,0
49,1321,3
1460,49,0
49,1695,3
1796,49,0
1797,49,0
50,50,2
841,50,0
50,1948,3
753,51,0
754,51,0
755,51,0
756,51,0
914,51,0
51,1373,3
52,52,2
186,52,0
187,52,0
189,52,0
270,52,0
450,52,0
453,52,0
562,52,0
563,52,0
633,52,0
916,52,0
1417,52,0
1419,52,0
1443,52,0
1708,52,0
54,53,0
53,603,3
926,53,0
936,53,0
941,53,0
1015,53,0
1016,53,0
53,1119,3
53,1287,3
1847,53,0
54,319,3
54,859,3
1016,54,0
55,56,2
55,717,3
729,55,0
874,55,0
875,55,0
943,55,0
952,55,0
875,56,0
897,56,0
994,56,0
56,1899,3
57,57,2
57,84,3
873,57,0
897,57,0
994,57,0
934,58,0
935,58,0
1013,58,0
58,1238,3
58,1623,3
1848,58,0
59,59,2
59,342,3
430,59,0
431,59,0
434,59,0
438,59,0
1849,59,0
1850,59,0
1851,59,0
1852,59,0
1853,59,0
1854,59,0
1855,59,0
226,60,0
227,60,0
228,60,0
815,60,0
817,60,0
60,1185,3
1856,60,0
146,61,0
185,61,0
186,61,0
188,61,0
189,61,0
225,61,0
451,61,0
536,61,0
776,61,0
1553,61,0
1587,61,0
1731,61,0
1802,61,0
1857,61,0
1858,61,0
1859,61,0
1860,61,0
1861,61,0
1862,61,0
1863,61,0
1864,61,0
1865,61,0
1866,61,0
62,259,3
561,62,0
780,62,0
781,62,0
63,63,2
385,63,0
937,63,0
939,63,0
954,63,0
972,63,0
973,63,0
974,63,0
975,63,0
977,63,0
978,63,0
979,63,0
980,63,0
981,63,0
1020,63,0
1021,63,0
1031,63,0
1115,63,0
1145,63,0
1181,63,0
63,1184,3
1368,63,0
1435,63,0
1436,63,0
1437,63,0
63,1812,3
1867,63,0
1868,63,0
1869,63,0
43,64,0
127,64,0
781,64,0
64,938,3
1394,64,0
1396,64,0
1397,64,0
1399,64,0
1401,64,0
1424,64,0
1870,64,0
19,65,0
29,65,0
52,65,0
65,65,2
65,193,3
218,65,0
219,65,0
221,65,0
65,497,3
915,65,0
916,65,0
1423,65,0
1519,65,0
1532,65,0
1533,65,0
1871,65,0
66,66,2
66,122,3
66,338,3
740,66,0
741,66,0
742,66,0
744,66,0
745,66,0
746,66,0
877,66,0
882,66,0
1679,66,0
1872,66,0
1873,66,0
1874,66,0
1875,66,0
901,67,0
902,67,0
903,67,0
67,1233,3
67,1415,3
68,68,2
825,68,0
826,68,0
68,882,3
192,69,0
193,69,0
833,69,0
866,69,0
905,69,0
968,69,0
69,1544,3
70,70,2
560,70,0
631,70,0
645,70,0
1556,70,0
28,71,0
71,71,2
862,71,0
863,71,0
885,71,0
71,1056,3
1417,71,0
1418,71,0
1742,71,0
72,72,2
944,72,0
1001,72,0
1002,72,0
1204,72,0
72,1604,3
1876,72,0
1877,72,0
1878,72,0
1879,72,0
1880,72,0
234,73,0
384,73,0
392,73,0
73,635,3
73,813,3
74,74,2
141,74,0
74,1442,3
1881,74,0
1882,74,0
75,798,3
1883,75,0
1884,75,0
1885,75,0
1886,75,0
1887,75,0
191,76,0
192,76,0
193,76,0
833,76,0
865,76,0
77,77,2
77,78,2
230,77,0
791,77,0
898,77,0
77,1951,3
230,78,0
231,78,0
791,78,0
828,78,0
205,79,0
208,79,0
800,79,0
79,1521,3
813,80,0
814,80,0
80,1612,3
80,2065,3
149,81,0
81,891,3
904,81,0
1222,81,0
1223,81,0
1513,81,0
1514,81,0
1529,81,0
1587,81,0
1778,81,0
1802,81,0
1857,81,0
1859,81,0
1861,81,0
1863,81,0
1864,81,0
1865,81,0
1888,81,0
1889,81,0
1890,81,0
1891,81,0
1892,81,0
1893,81,0
1894,81,0
1895,81,0
1896,81,0
1897,81,0
1898,81,0
1899,81,0
1900,81,0
1901,81,0
1902,81,0
1903,81,0
1904,81,0
1905,81,0
1906,81,0
1907,81,0
1908,81,0
1909,81,0
1910,81,0
1911,81,0
1912,81,0
1913,81,0
1914,81,0
1915,81,0
81,2057,3
82,82,2
565,82,0
82,806,3
1069,82,0
82,1440,3
1598,82,0
1916,82,0
83,83,2
183,83,0
83,188,3
252,83,0
560,83,0
580,83,0
581,83,0
631,83,0
1111,83,0
1112,83,0
1708,83,0
1735,83,0
1754,83,0
1916,83,0
1917,83,0
1918,83,0
1919,83,0
1920,83,0
1921,83,0
1922,83,0
1923,83,0
1924,83,0
1925,83,0
1926,83,0
1927,83,0
1928,83,0
67,84,0
84,84,2
84,1309,3
84,1958,3
84,2119,3
85,615,3
85,618,3
1929,85,0
13,86,0
86,952,3
86,1108,3
1488,86,0
1930,86,0
217,87,0
218,87,0
220,87,0
222,87,0
1519,87,0
1532,87,0
88,88,2
88,364,3
88,811,3
88,856,3
1040,88,0
1101,88,0
89,1015,3
89,1366,3
1931,89,0
1932,89,0
1933,89,0
1934,89,0
90,90,2
90,1059,3
1521,90,0
1523,90,0
213,91,0
91,1224,3
91,1727,3
92,645,3
1935,92,0
1936,92,0
93,154,3
763,93,0
764,93,0
93,1636,3
94,322,3
765,94,0
766,94,0
94,1447,3
95,95,2
782,95,0
785,95,0
786,95,0
787,95,0
96,96,2
96,97,2
859,96,0
1024,96,0
858,97,0
8,98,0
148,98,0
181,98,0
182,98,0
98,585,3
1109,98,0
1442,98,0
1950,98,0
1951,98,0
1952,98,0
1953,98,0
1954,98,0
99,99,2
99,217,3
99,837,3
99,1700,3
100,100,2
837,101,0
101,1894,3
1955,101,0
1956,101,0
1957,101,0
102,102,2
842,102,0
843,102,0
844,102,0
845,102,0
102,886,3
102,1163,3
102,1300,3
1958,102,0
1959,102,0
1960,102,0
11,103,0
103,103,2
401,103,0
428,103,0
1165,103,0
1452,103,0
104,104,2
614,104,0
723,104,0
724,104,0
725,104,0
104,1381,3
104,105,0
607,105,0
614,105,0
723,105,0
724,105,0
725,105,0
105,1903,3
105,1907,3
105,2194,3
106,106,2
106,143,2
106,166,3
469,106,0
479,106,0
480,106,0
482,106,0
106,651,3
1129,106,0
1416,106,0
106,1491,3
1604,106,0
1803,106,0
1826,106,0
1961,106,0
1962,106,0
1963,106,0
1964,106,0
1965,106,0
1966,106,0
1967,106,0
1968,106,0
1969,106,0
1970,106,0
1971,106,0
107,107,2
108,267,3
108,335,3
108,723,3
109,544,3
661,109,0
684,109,0
687,109,0
1230,109,0
1506,109,0
109,2092,3
110,1679,3
1972,110,0
1973,110,0
111,111,2
300,111,0
305,111,0
877,111,0
878,111,0
879,111,0
111,1686,3
635,112,0
636,112,0
638,112,0
112,737,3
113,113,2
113,1253,3
1549,113,0
29,114,0
114,114,2
492,114,0
114,541,3
550,114,0
114,638,3
862,114,0
863,114,0
1416,114,0
114,1548,3
114,1560,3
1588,114,0
1975,114,0
1976,114,0
1977,114,0
1978,114,0
1979,114,0
1980,114,0
1981,114,0
1982,114,0
1983,114,0
28,115,0
270,115,0
383,115,0
562,115,0
115,1693,3
115,1709,3
116,116,2
961,116,0
962,116,0
117,117,2
117,1425,3
1984,117,0
1985,117,0
1986,117,0
1987,117,0
117,2179,3
118,1480,3
1847,118,0
119,1047,3
119,1485,3
1988,119,0
1989,119,0
1990,119,0
1991,119,0
1992,119,0
1993,119,0
120,120,2
120,429,3
984,120,0
985,120,0
986,120,0
121,121,2
446,121,0
484,121,0
485,121,0
487,121,0
122,122,2
1261,122,0
1996,122,0
122,2128,3
11,123,0
123,123,2
272,123,0
412,123,0
413,123,0
420,123,0
123,561,3
780,123,0
183,124,0
124,260,3
124,771,3
116,125,0
421,125,0
750,125,0
1056,125,0
126,290,3
847,126,0
126,886,3
2016,126,0
2017,126,0
2018,126,0
1023,127,0
2019,127,0
2020,128,0
2021,128,0
2022,128,0
2023,128,0
2024,128,0
2025,128,0
2026,128,0
128,2189,3
106,129,0
129,140,3
469,129,0
479,129,0
480,129,0
481,129,0
129,633,3
129,919,3
1071,129,0
1401,129,0
1755,129,0
2027,129,0
2028,129,0
2029,129,0
130,130,2
130,1212,3
131,131,2
131,571,3
131,1220,3
131,1477,3
131,1568,3
131,1951,3
2030,131,0
2031,131,0
132,132,2
132,344,3
132,1125,3
1942,132,0
1946,132,0
2032,132,0
2033,132,0
106,133,0
235,133,0
237,133,0
479,133,0
480,133,0
481,133,0
133,602,3
1429,133,0
98,134,0
134,134,2
180,134,0
181,134,0
182,134,0
227,134,0
228,134,0
135,200,3
227,135,0
537,135,0
1780,135,0
135,1983,3
2037,135,0
2038,135,0
2039,135,0
2040,135,0
2041,135,0
2042,135,0
2043,135,0
2044,135,0
2045,135,0
412,136,0
136,437,3
136,2147,3
137,331,3
137,1270,3
2046,137,0
2047,137,0
138,406,3
1358,139,0
2049,139,0
8,140,0
106,140,0
479,140,0
140,733,3
1212,140,0
140,1881,3
2050,140,0
2051,140,0
2052,140,0
141,1257,3
1216,142,0
142,1252,3
142,1613,3
52,143,0
270,143,0
386,143,0
469,143,0
479,143,0
481,143,0
780,143,0
916,143,0
1419,143,0
143,1452,3
1643,143,0
50,144,0
387,144,0
480,144,0
481,144,0
1132,144,0
1870,144,0
2057,144,0
2058,144,0
145,145,2
689,145,0
737,145,0
900,145,0
969,145,0
145,1179,3
146,761,3
1101,146,0
146,1305,3
1513,146,0
1514,146,0
146,1517,3
1587,146,0
1802,146,0
1857,146,0
1858,146,0
1860,146,0
1861,146,0
1863,146,0
1864,146,0
1866,146,0
146,2114,3
146,2163,3
2072,148,0
149,692,3
955,149,0
1280,149,0
149,1405,3
2073,149,0
2074,149,0
149,2098,3
150,150,2
1657,150,0
1694,150,0
150,1836,3
2081,150,0
2082,150,0
2083,150,0
151,151,2
151,563,3
2093,151,0
2094,151,0
109,152,0
152,152,2
203,152,0
152,438,3
474,152,0
475,152,0
488,152,0
646,152,0
847,152,0
1520,152,0
1538,152,0
152,1555,3
1662,152,0
1766,152,0
1767,152,0
1769,152,0
2084,152,0
2095,152,0
2096,152,0
2097,152,0
2098,152,0
2099,152,0
2100,152,0
2101,152,0
2102,152,0
2103,152,0
2104,152,0
2105,152,0
2106,152,0
1,153,0
8,153,0
61,153,0
106,153,0
123,153,0
129,153,0
396,153,0
420,153,0
456,153,0
480,153,0
481,153,0
652,153,0
653,153,0
780,153,0
781,153,0
832,153,0
1033,153,0
1034,153,0
1178,153,0
1552,153,0
1557,153,0
2003,153,0
153,2109,3
2150,153,0
2151,153,0
2152,153,0
2153,153,0
1265,154,0
2158,154,0
2159,154,0
2160,154,0
2161,154,0
155,155,2
155,744,3
947,155,0
949,155,0
1025,155,0
155,1491,3
155,2169,3
6,156,0
83,156,0
103,156,0
156,156,2
168,156,0
185,156,0
186,156,0
187,156,0
188,156,0
189,156,0
225,156,0
346,156,0
397,156,0
401,156,0
441,156,0
457,156,0
505,156,0
506,156,0
507,156,0
508,156,0
539,156,0
549,156,0
553,156,0
561,156,0
563,156,0
570,156,0
597,156,0
599,156,0
603,156,0
611,156,0
615,156,0
633,156,0
646,156,0
652,156,0
656,156,0
757,156,0
767,156,0
768,156,0
769,156,0
770,156,0
771,156,0
774,156,0
775,156,0
776,156,0
777,156,0
778,156,0
779,156,0
781,156,0
1115,156,0
156,1131,3
1181,156,0
1325,156,0
1368,156,0
1433,156,0
1435,156,0
1437,156,0
1438,156,0
1440,156,0
1455,156,0
1463,156,0
1465,156,0
1466,156,0
1467,156,0
1470,156,0
1586,156,0
1598,156,0
1714,156,0
1800,156,0
1867,156,0
1868,156,0
1923,156,0
2034,156,0
2166,156,0
2167,156,0
2168,156,0
2169,156,0
2170,156,0
2171,156,0
2172,156,0
2173,156,0
2174,156,0
2175,156,0
2176,156,0
2177,156,0
2178,156,0
1772,157,0
158,346,3
532,158,0
538,158,0
556,158,0
557,158,0
558,158,0
617,158,0
946,158,0
1831,159,0
2179,159,0
2180,159,0
2181,159,0
2182,159,0
2183,159,0
2184,159,0
2185,159,0
2186,159,0
2187,159,0
1524,160,0
2188,160,0
2189,160,0
2190,160,0
872,161,0
510,162,0
514,162,0
2191,162,0
2192,162,0
163,514,3
163,616,3
163,1124,3
164,164,2
647,164,0
648,164,0
649,164,0
650,164,0
651,164,0
165,370,3
165,674,3
165,699,3
165,1784,3
2193,165,0
267,166,0
166,860,3
2194,166,0
167,167,2
945,167,0
1007,167,0
1009,167,0
82,168,0
827,168,0
1069,168,0
1118,168,0
1531,168,0
1732,168,0
1733,168,0
168,1923,3
2053,168,0
2054,168,0
2055,168,0
2195,168,0
2196,168,0
2197,168,0
2198,168,0
169,380,3
1004,169,0
1005,169,0
1006,169,0
169,1514,3
170,170,2
170,899,3
1086,170,0
1896,170,0
170,2112,3
2199,170,0
226,171,0
171,241,3
845,171,0
958,171,0
171,1156,3
2200,171,0
172,562,3
1496,172,0
2201,172,0
173,481,3
2147,173,0
2202,173,0
2056,174,0
174,2069,3
2203,174,0
2204,174,0
175,415,3
175,2038,3
176,1298,3
177,312,3
177,1058,3
179,240,3
179,1080,3
180,520,3
180,1629,3
182,378,3
184,1058,3
185,591,3
185,1551,3
185,2065,3
188,1147,3
188,1242,3
189,622,3
189,1251,3
190,1616,3
191,1381,3
191,1394,3
191,1479,3
192,279,3
192,459,3
193,1429,3
193,1593,3
193,1688,3
195,1184,3
196,1758,3
196,1807,3
196,2137,3
197,387,3
199,290,3
199,1087,3
199,1495,3
200,811,3
200,2054,3
201,1299,3
201,1937,3
201,2145,3
202,213,3
202,1212,3
203,381,3
204,1012,3
204,1017,3
207,1497,3
208,420,3
209,311,3
209,2026,3
209,2173,3
211,388,3
211,499,3
211,618,3
211,1979,3
212,1633,3
213,1865,3
213,1871,3
214,1390,3
217,495,3
217,1520,3
218,1060,3
219,482,3
219,1560,3
220,737,3
220,1640,3
221,273,3
221,771,3
221,896,3
222,1535,3
224,975,3
224,1982,3
227,2177,3
229,498,3
229,853,3
229,1185,3
229,1893,3
231,443,3
231,472,3
231,1754,3
232,727,3
235,640,3
236,322,3
238,1352,3
240,879,3
242,944,3
242,1861,3
243,892,3
243,953,3
243,1754,3
243,1795,3
244,331,3
244,1532,3
244,2099,3
246,908,3
246,1121,3
246,1783,3
247,282,3
247,517,3
247,1012,3
250,2080,3
251,689,3
251,1007,3
252,902,3
252,1381,3
252,1808,3
252,2024,3
252,2106,3
254,434,3
254,595,3
254,1604,3
254,2069,3
256,920,3
256,1970,3
257,668,3
257,824,3
257,1961,3
258,508,3
258,618,3
258,1107,3
259,1004,3
261,408,3
261,694,3
262,863,3
262,908,3
264,1282,3
264,1948,3
265,556,3
266,491,3
266,1390,3
266,2083,3
267,661,3
268,439,3
268,1137,3
268,1254,3
272,1122,3
272,1260,3
273,945,3
273,2016,3
274,757,3
275,2059,3
277,1023,3
277,1270,3
278,1812,3
281,563,3
281,987,3
281,1515,3
282,618,3
282,1432,3
283,568,3
284,764,3
284,1132,3
285,1371,3
288,625,3
288,1367,3
291,1341,3
292,740,3
292,1612,3
293,329,3
293,2107,3
294,989,3
294,1782,3
294,1881,3
294,1927,3
295,398,3
295,1144,3
295,1270,3
296,666,3
296,1282,3
297,1192,3
298,1196,3
299,574,3
300,1512,3
301,628,3
302,777,3
303,831,3
303,1767,3
304,1122,3
304,2065,3
307,951,3
307,1013,3
307,1032,3
307,1956,3
310,439,3
310,556,3
310,1093,3
310,1425,3
311,1517,3
312,2181,3
313,1244,3
315,338,3
315,1851,3
316,2013,3
317,1449,3
318,384,3
319,1320,3
320,1576,3
320,1709,3
320,2015,3
321,482,3
321,1410,3
321,1565,3
325,513,3
325,1287,3
325,2058,3
326,610,3
326,1088,3
327,1388,3
328,575,3
329,712,3
330,670,3
330,1086,3
330,1701,3
331,448,3
332,1372,3
334,2164,3
335,1895,3
336,774,3
337,582,3
337,901,3
338,600,3
339,421,3
339,2038,3
340,1709,3
341,1779,3
342,1427,3
342,1949,3
343,608,3
343,886,3
343,1908,3
344,534,3
344,836,3
344,1967,3
345,807,3
345,1646,3
346,2073,3
347,576,3
347,766,3
347,1246,3
347,1361,3
347,1638,3
347,1668,3
351,2101,3
353,1354,3
354,532,3
354,1559,3
356,1522,3
357,1122,3
358,1173,3
358,1570,3
359,829,3
359,1171,3
360,990,3
360,2138,3
362,857,3
362,1326,3
364,521,3
364,729,3
366,1559,3
367,1609,3
368,738,3
369,1569,3
369,2159,3
370,780,3
370,1063,3
371,1454,3
372,446,3
372,1639,3
373,854,3
373,956,3
373,2190,3
374,647,3
374,919,3
374,999,3
374,1915,3
376,876,3
378,783,3
378,1729,3
379,904,3
379,1049,3
379,1712,3
383,829,3
384,1064,3
385,850,3
385,2182,3
387,1607,3
389,413,3
389,1057,3
389,1239,3
389,1424,3
390,1603,3
391,423,3
391,1519,3
392,1385,3
393,1109,3
393,1281,3
393,2009,3
394,522,3
394,1273,3
394,1889,3
394,2026,3
396,870,3
396,949,3
397,533,3
397,788,3
398,1342,3
398,1808,3
399,676,3
399,810,3
399,1409,3
399,1458,3
401,866,3
401,2171,3
403,1298,3
403,1305,3
403,1798,3
403,1819,3
404,504,3
405,858,3
408,1898,3
409,1295,3
409,1562,3
410,1864,3
411,785,3
412,657,3
413,1201,3
413,1344,3
414,843,3
414,1114,3
415,600,3
415,930,3
415,1195,3
417,1068,3
418,1272,3
418,1400,3
419,950,3
419,1319,3
419,1579,3
420,1480,3
420,2057,3
421,2064,3
422,1362,3
423,1855,3
424,944,3
424,1792,3
424,2036,3
425,1702,3
426,1661,3
427,1891,3
428,826,3
428,1145,3
428,1536,3
429,1510,3
430,890,3
430,1467,3
430,1724,3
431,1911,3
432,678,3
432,1704,3
433,1536,3
434,1665,3
434,1807,3
436,479,3
436,1853,3
437,1627,3
437,1763,3
438,802,3
438,823,3
440,1484,3
441,530,3
441,742,3
442,602,3
442,1141,3
443,547,3
444,576,3
444,1541,3
446,712,3
446,1007,3
446,2042,3
447,1181,3
447,1200,3
449,735,3
450,1142,3
451,1035,3
451,1536,3
451,2083,3
453,779,3
453,1493,3
454,1290,3
454,1724,3
455,526,3
455,695,3
455,1919,3
456,2145,3
457,555,3
458,1837,3
458,1955,3
459,1759,3
460,699,3
461,1749,3
463,618,3
463,1681,3
464,687,3
464,2159,3
465,1402,3
465,1809,3
466,645,3
466,1908,3
467,1968,3
468,2012,3
469,1078,3
470,835,3
470,2017,3
472,1098,3
473,1298,3
473,1670,3
473,2028,3
474,1101,3
474,1477,3
474,1556,3
475,2172,3
476,2035,3
477,1173,3
477,1534,3
478,961,3
478,1130,3
480,1574,3
481,616,3
483,614,3
484,867,3
484,1421,3
484,2076,3
486,1676,3
486,2059,3
486,2088,3
487,1915,3
488,560,3
488,1609,3
489,1190,3
489,1619,3
489,1914,3
490,710,3
491,1926,3
492,1119,3
492,1396,3
493,607,3
493,2103,3
494,1350,3
495,1849,3
496,1735,3
497,1932,3
497,2060,3
500,1334,3
502,1089,3
502,1315,3
503,1327,3
504,543,3
504,1096,3
506,2189,3
509,835,3
509,1749,3
509,2140,3
511,1262,3
514,560,3
514,1704,3
515,775,3
515,948,3
515,1813,3
516,1602,3
516,1692,3
519,1970,3
525,2068,3
526,1189,3
529,638,3
529,867,3
529,1744,3
532,1014,3
533,1185,3
533,2133,3
534,883,3
534,1822,3
534,1962,3
536,1161,3
536,1705,3
537,551,3
537,749,3
537,1050,3
537,1314,3
537,1395,3
537,1597,3
538,939,3
538,1328,3
539,2062,3
541,1824,3
542,1753,3
543,788,3
543,1267,3
543,1989,3
545,1183,3
545,1349,3
545,1442,3
546,986,3
547,2136,3
549,651,3
549,1966,3
552,867,3
552,1031,3
553,1798,3
556,626,3
556,815,3
556,1225,3
557,1389,3
558,647,3
558,1281,3
558,2149,3
559,699,3
561,644,3
561,1384,3
561,1456,3
562,934,3
562,1440,3
562,1478,3
564,1863,3
565,1873,3
566,1068,3
566,1679,3
567,2042,3
569,1249,3
569,1806,3
570,1446,3
571,1163,3
572,1002,3
572,1677,3
573,746,3
573,2078,3
574,1092,3
574,2041,3
575,1402,3
575,1655,3
576,1176,3
578,1017,3
579,1189,3
580,606,3
580,1085,3
581,1858,3
582,631,3
582,762,3
582,1569,3
582,1754,3
583,1661,3
583,1903,3
586,597,3
586,1567,3
588,1847,3
588,2136,3
591,2088,3
593,1487,3
595,2201,3
596,1892,3
598,2082,3
600,1099,3
600,1381,3
600,2096,3
601,1281,3
602,649,3
602,2031,3
602,2094,3
603,703,3
603,2095,3
604,1180,3
604,1708,3
604,1797,3
604,2141,3
605,1808,3
606,1096,3
606,1255,3
606,1772,3
608,926,3
608,970,3
609,1128,3
609,1591,3
610,867,3
611,2040,3
613,821,3
614,1673,3
615,966,3
616,673,3
616,695,3
616,1708,3
618,1028,3
619,884,3
619,1157,3
620,1089,3
620,1606,3
622,1267,3
625,1441,3
626,1598,3
627,1427,3
627,1753,3
629,728,3
629,824,3
629,1168,3
632,803,3
634,1148,3
635,717,3
635,1467,3
637,1553,3
638,1672,3
638,1897,3
640,2183,3
641,1867,3
642,960,3
642,1834,3
644,1374,3
645,1138,3
647,1281,3
647,2111,3
648,790,3
651,1330,3
651,1657,3
652,1755,3
652,1945,3
654,678,3
654,722,3
655,1862,3
657,777,3
657,2059,3
659,1699,3
660,1606,3
660,1619,3
662,1743,3
663,1790,3
665,1135,3
665,1970,3
665,2039,3
667,1570,3
668,945,3
669,878,3
672,689,3
672,2143,3
673,1860,3
673,2124,3
674,727,3
674,1080,3
674,1205,3
675,1064,3
676,1079,3
676,1192,3
677,1136,3
677,1829,3
678,1159,3
678,1275,3
679,1429,3
679,1886,3
679,1949,3
681,1413,3
682,1214,3
682,1916,3
683,1474,3
684,1791,3
685,901,3
687,1692,3
687,1936,3
687,2159,3
688,745,3
688,1396,3
689,1981,3
690,1313,3
690,1525,3
693,1026,3
693,1484,3
694,1241,3
695,735,3
695,804,3
696,1449,3
698,1325,3
700,2054,3
701,888,3
701,942,3
701,1296,3
702,904,3
702,1051,3
704,946,3
706,1381,3
706,2064,3
707,786,3
707,2162,3
709,933,3
711,1796,3
712,1136,3
712,1947,3
714,1180,3
716,1428,3
717,1934,3
719,1074,3
719,2144,3
722,959,3
723,1814,3
725,1067,3
725,1622,3
725,1963,3
726,1905,3
728,879,3
728,1504,3
731,918,3
731,1271,3
731,2015,3
732,1034,3
732,1565,3
732,2152,3
733,1427,3
733,2151,3
735,916,3
735,1015,3
736,1930,3
738,2001,3
739,1513,3
740,1522,3
740,1592,3
741,1119,3
741,1205,3
741,2050,3
742,941,3
742,2143,3
743,2046,3
744,1107,3
745,1825,3
745,1973,3
745,2082,3
748,1830,3
749,1713,3
751,813,3
751,1267,3
751,1908,3
753,1594,3
753,1694,3
758,1505,3
759,1708,3
759,1829,3
759,1903,3
761,1645,3
762,1592,3
763,1644,3
765,1375,3
766,1893,3
767,1531,3
768,2027,3
769,1867,3
770,1303,3
770,1531,3
771,880,3
771,1462,3
772,1532,3
772,1701,3
772,1849,3
773,1541,3
774,1450,3
775,1689,3
775,1903,3
776,1978,3
777,1120,3
779,1258,3
779,1260,3
781,1457,3
785,1005,3
785,1033,3
785,1882,3
787,1714,3
788,1247,3
791,1316,3
792,1956,3
792,2135,3
795,1909,3
796,1940,3
796,2044,3
797,1770,3
800,2067,3
801,960,3
801,1696,3
801,2148,3
802,1514,3
802,1862,3
805,1726,3
806,2156,3
807,1306,3
808,908,3
811,894,3
812,1464,3
812,1849,3
813,1727,3
815,986,3
816,1757,3
818,1656,3
819,1344,3
819,1711,3
819,1877,3
820,1181,3
820,1610,3
821,1235,3
824,924,3
824,1537,3
824,2006,3
826,1463,3
826,1886,3
829,1562,3
830,1386,3
830,1881,3
833,1601,3
834,1097,3
834,1167,3
834,1292,3
835,1527,3
838,1804,3
843,1029,3
843,2055,3
844,1152,3
845,1072,3
845,1108,3
845,1808,3
845,1949,3
846,1492,3
847,2109,3
848,1302,3
849,1163,3
850,1268,3
850,1857,3
851,943,3
851,962,3
851,1328,3
851,1540,3
851,1608,3
851,1926,3
852,1189,3
856,1016,3
857,1494,3
859,870,3
859,1041,3
859,1077,3
859,1934,3
860,1994,3
865,1757,3
865,2098,3
870,948,3
871,1554,3
871,1662,3
871,1720,3
874,2134,3
877,1247,3
877,1615,3
877,1682,3
878,1054,3
879,1959,3
879,2091,3
881,1836,3
883,1931,3
884,1287,3
884,1644,3
884,1648,3
884,1798,3
887,1324,3
888,1273,3
890,1769,3
890,2136,3
892,1182,3
894,1659,3
895,963,3
895,1709,3
895,2057,3
900,1709,3
902,1030,3
903,1827,3
905,1916,3
906,1705,3
907,1282,3
907,1406,3
908,1077,3
909,1388,3
912,1044,3
912,1447,3
914,1303,3
915,1320,3
915,1359,3
916,1212,3
916,1282,3
916,2108,3
917,1555,3
917,1816,3
918,1397,3
920,1154,3
920,1381,3
921,2129,3
922,1665,3
923,1774,3
923,1881,3
924,1940,3
930,1359,3
930,1627,3
930,2067,3
932,1878,3
933,1590,3
933,1925,3
934,1194,3
935,1821,3
936,2099,3
936,2147,3
939,2025,3
940,980,3
940,1001,3
940,1647,3
942,1064,3
943,1952,3
948,1289,3
948,2126,3
956,1188,3
956,1729,3
957,1116,3
958,1794,3
959,1028,3
959,1358,3
960,1095,3
960,1964,3
962,1212,3
963,1598,3
964,1897,3
968,1050,3
968,1124,3
969,1151,3
969,1592,3
970,1307,3
971,1090,3
971,1580,3
971,2003,3
974,1325,3
974,2076,3
976,1880,3
976,2000,3
977,1230,3
979,1479,3
981,1197,3
981,1271,3
983,1378,3
984,1286,3
984,1835,3
984,1987,3
985,1083,3
987,1142,3
987,1190,3
987,1449,3
987,1941,3
988,1529,3
989,1050,3
990,1612,3
990,1900,3
990,2125,3
991,1156,3
991,1987,3
995,1680,3
997,2060,3
1002,1339,3
1003,1403,3
1003,1690,3
1004,1035,3
1005,1222,3
1006,1757,3
1008,1184,3
1008,1234,3
1010,1912,3
1011,1611,3
1012,2186,3
1014,1333,3
1015,1105,3
1017,1092,3
1019,1913,3
1020,1787,3
1023,1685,3
1026,1424,3
1026,1546,3
1033,1077,3
1033,2138,3
1035,1768,3
1035,2069,3
1036,1987,3
1037,1150,3
1039,1364,3
1040,1314,3
1044,1468,3
1044,2099,3
1047,1662,3
1048,2068,3
1051,1868,3
1051,2017,3
1054,1586,3
1055,1155,3
1055,1959,3
1057,2125,3
1059,1891,3
1060,1321,3
1060,1395,3
1062,1602,3
1063,1283,3
1063,1737,3
1066,2131,3
1069,1493,3
1069,1635,3
1069,1797,3
1070,1623,3
1072,1206,3
1073,1923,3
1077,1584,3
1079,1380,3
1080,1361,3
1081,1512,3
1082,1654,3
1083,1119,3
1084,1662,3
1085,1103,3
1085,1277,3
1085,1594,3
1085,1751,3
1085,1757,3
1088,1583,3
1089,1935,3
1091,1733,3
1092,1966,3
1094,2037,3
1095,1648,3
1095,1654,3
1096,1848,3
1097,2014,3
1101,1798,3
1103,2013,3
1104,1413,3
1104,1826,3
1104,2071,3
1106,1477,3
1107,1153,3
1108,1266,3
1108,1870,3
1114,1177,3
1114,2134,3
1116,1450,3
1116,1583,3
1116,1594,3
1117,1359,3
1117,1361,3
1117,1420,3
1118,1148,3
1120,1604,3
1120,1642,3
1121,2071,3
1122,1235,3
1122,1614,3
1122,2054,3
1123,1364,3
1125,2012,3
1127,1612,3
1135,1769,3
1136,1768,3
1137,1624,3
1138,2049,3
1141,1147,3
1144,2178,3
1145,1750,3
1145,2125,3
1147,1209,3
1147,1565,3
1152,1503,3
1153,1241,3
1153,1635,3
1154,1562,3
1155,1316,3
1156,1173,3
1160,1968,3
1163,1283,3
1163,1971,3
1164,2139,3
1169,1509,3
1169,1590,3
1169,1602,3
1170,1360,3
1170,1871,3
1172,2058,3
1174,1694,3
1175,1637,3
1176,1856,3
1181,1587,3
1182,1756,3
1183,1309,3
1187,1538,3
1187,1846,3
1188,1216,3
1190,1553,3
1190,2199,3
1192,2009,3
1194,1414,3
1195,1680,3
1196,1225,3
1197,1478,3
1198,1915,3
1199,1986,3
1204,1620,3
1205,1563,3
1207,1392,3
1207,1403,3
1209,1761,3
1209,1859,3
1210,1478,3
1210,2010,3
1213,1620,3
1213,2129,3
1216,1770,3
1216,1937,3
1218,1957,3
1222,1556,3
1226,2022,3
1227,1346,3
1229,1314,3
1230,2000,3
1232,1866,3
1233,1793,3
1234,1312,3
1234,1802,3
1237,1302,3
1239,1980,3
1241,1725,3
1243,1591,3
1246,2062,3
1247,1863,3
1248,2158,3
1249,1365,3
1252,2057,3
1254,1398,3
1255,1823,3
1256,2044,3
1256,2198,3
1258,1480,3
1258,2165,3
1260,1302,3
1261,1733,3
1261,2053,3
1263,1375,3
1263,2063,3
1264,2174,3
1265,1678,3
1270,1787,3
1271,1704,3
1271,1896,3
1272,1322,3
1272,1586,3
1275,1923,3
1275,2036,3
1276,1614,3
1276,2178,3
1277,1432,3
1277,1715,3
1278,1294,3
1282,1421,3
1284,1547,3
1286,1484,3
1287,1459,3
1287,1662,3
1287,2083,3
1290,1310,3
1291,1600,3
1291,1981,3
1291,2097,3
1295,1742,3
1300,1640,3
1301,1541,3
1302,1783,3
1303,1712,3
1304,1637,3
1309,1769,3
1310,1474,3
1315,1683,3
1318,1371,3
1319,2075,3
1320,1545,3
1320,2073,3
1324,1461,3
1327,1438,3
1329,1936,3
1330,1414,3
1333,2116,3
1338,1899,3
1340,1440,3
1340,1474,3
1342,1711,3
1346,1858,3
1350,1377,3
1350,1431,3
1351,1559,3
1352,2002,3
1353,2153,3
1354,1526,3
1354,2171,3
1354,2175,3
1358,2116,3
1361,1382,3
1363,1549,3
1370,1749,3
1373,1528,3
1374,2069,3
1375,2053,3
1380,2187,3
1381,1545,3
1382,1601,3
1382,1786,3
1383,2149,3
1384,1899,3
1384,2182,3
1385,2003,3
1385,2088,3
1386,2050,3
1390,1705,3
1390,1830,3
1392,1976,3
1394,1494,3
1396,2175,3
1398,2196,3
1399,1728,3
1402,1453,3
1402,1487,3
1404,1849,3
1406,1560,3
1406,1567,3
1410,2084,3
1410,2090,3
1414,1518,3
1421,1701,3
1423,2174,3
1426,1631,3
1426,1832,3
1427,1465,3
1427,1651,3
1427,1961,3
1427,2149,3
1428,1611,3
1429,1537,3
1430,1974,3
1431,1791,3
1434,1580,3
1434,1673,3
1434,1926,3
1436,1574,3
1437,2016,3
1438,1590,3
1439,1441,3
1439,2057,3
1439,2098,3
1439,2155,3
1440,1650,3
1442,2108,3
1445,1712,3
1449,1626,3
1455,1691,3
1456,1654,3
1456,1728,3
1458,1686,3
1459,1831,3
1460,1805,3
1463,1513,3
1463,1669,3
1469,2150,3
1472,1695,3
1473,1919,3
1476,2122,3
1478,2004,3
1479,2084,3
1485,1933,3
1487,2073,3
1494,1543,3
1495,1749,3
1495,1888,3
1496,2201,3
1497,1800,3
1499,1537,3
1499,2076,3
1500,2109,3
1502,2047,3
1503,1688,3
1505,1521,3
1505,1558,3
1506,1983,3
1510,1813,3
1511,1993,3
1512,1680,3
1513,1952,3
1515,1549,3
1515,2080,3
1521,2203,3
1524,1681,3
1524,2108,3
1526,1786,3
1526,2099,3
1527,1798,3
1529,1850,3
1529,1982,3
1530,1944,3
1532,1734,3
1533,1929,3
1533,2014,3
1533,2186,3
1534,1643,3
1535,2015,3
1535,2172,3
1536,1635,3
1539,1715,3
1542,1672,3
1548,1985,3
1549,1694,3
1556,1719,3
1556,1917,3
1557,2130,3
1559,1985,3
1563,1661,3
1566,1632,3
1568,1630,3
1569,1705,3
1574,1884,3
1577,1697,3
1582,1594,3
1590,1680,3
1590,1801,3
1590,1917,3
1591,1832,3
1593,1743,3
1593,1778,3
1593,1803,3
1594,1896,3
1596,2024,3
1596,2097,3
1598,1897,3
1602,1810,3
1609,1781,3
1614,1694,3
1617,2104,3
1618,1962,3
1625,1688,3
1625,1962,3
1626,1878,3
1627,2103,3
1630,1673,3
1633,1937,3
1635,2004,3
1645,1808,3
1651,2180,3
1652,1780,3
1652,2050,3
1654,1942,3
1662,1866,3
1664,1700,3
1674,1681,3
1678,1743,3
1678,1950,3
1680,1871,3
1682,1890,3
1682,1961,3
1683,2037,3
1688,1835,3
1689,1775,3
1692,2106,3
1695,2193,3
1702,1792,3
1706,1916,3
1707,1897,3
1707,2155,3
1709,1926,3
1709,1948,3
1718,1855,3
1725,1917,3
1728,1770,3
1733,2152,3
1737,1810,3
1738,1858,3
1743,2024,3
1748,1975,3
1755,1756,3
1758,1860,3
1760,2152,3
1765,2048,3
1767,2120,3
1768,1946,3
1777,1940,3
1777,1989,3
1779,2159,3
1780,1827,3
1786,1831,3
1789,1815,3
1802,2012,3
1804,1880,3
1808,2124,3
1809,2101,3
1814,2104,3
1818,1971,3
1820,1997,3
1820,2157,3
1821,2004,3
1824,2052,3
1827,1923,3
1827,2012,3
1830,2066,3
1836,2038,3
1839,2101,3
1848,2166,3
1870,2025,3
1880,2193,3
1892,1906,3
1892,1947,3
1894,2123,3
1915,2096,3
1920,2138,3
1922,2112,3
1928,1972,3
1933,2054,3
1938,2035,3
1943,2158,3
1948,2077,3
1968,2037,3
1978,2137,3
1982,2101,3
1986,1997,3
1987,1994,3
1988,2053,3
1988,2057,3
2003,2061,3
2005,2184,3
2012,2154,3
2016,2115,3
2016,2182,3
2019,2045,3
2022,2061,3
2043,2099,3
2059,2169,3
2061,2120,3
2063,2179,3
2068,2100,3
2072,2083,3
2081,2109,3
2086,2147,3
2118,2159,3
