0,7,1
0,10,1
0,25,1
0,27,1
0,28,1
0,43,1
0,91,1
100,0,0
111,0,0
0,152,1
0,175,1
0,176,1
0,177,1
0,178,1
0,179,1
180,0,0
0,181,1
182,0,0
0,183,1
0,184,1
0,185,1
0,186,1
0,187,1
0,188,1
0,189,1
0,190,1
0,191,1
0,192,1
0,193,1
194,0,0
195,0,0
0,196,1
0,197,1
0,198,1
0,199,1
0,200,1
0,201,1
202,0,0
0,203,1
0,204,1
0,205,1
206,0,0
0,207,1
0,208,1
209,0,0
0,210,1
211,0,0
0,212,1
0,213,1
0,214,1
0,215,1
0,216,1
0,217,1
0,218,1
219,0,0
220,0,0
0,221,1
0,222,1
0,223,1
224,0,0
225,0,0
0,226,1
227,0,0
228,0,0
229,0,0
230,0,0
0,231,1
0,232,1
233,0,0
0,234,1
235,0,0
0,236,1
0,237,1
0,238,1
0,239,1
0,240,1
0,241,1
242,0,0
0,243,1
244,0,0
0,245,1
0,246,1
0,247,1
248,0,0
249,0,0
0,250,1
0,251,1
0,252,1
0,253,1
254,0,0
0,255,1
256,0,0
257,0,0
0,258,1
259,0,0
0,260,1
0,261,1
0,262,1
0,263,1
0,264,1
0,265,1
266,0,0
0,267,1
0,268,1
0,269,1
0,270,1
0,271,1
0,272,1
0,273,1
0,274,1
275,0,0
0,276,1
0,277,1
0,278,1
0,279,1
0,280,1
0,281,1
282,0,0
0,283,1
284,0,0
0,285,1
0,286,1
0,287,1
0,288,1
289,0,0
0,290,1
0,291,1
292,0,0
0,293,1
0,294,1
0,295,1
0,296,1
0,297,1
0,298,1
0,299,1
300,0,0
0,301,1
0,302,1
0,303,1
0,304,1
0,305,1
0,306,1
307,0,0
0,308,1
309,0,0
310,0,0
0,311,1
0,312,1
0,313,1
0,314,1
0,315,1
316,0,0
317,0,0
318,0,0
319,0,0
0,320,1
321,0,0
0,322,1
0,323,1
0,324,1
325,0,0
0,326,1
327,0,0
0,328,1
0,329,1
0,330,1
331,0,0
0,332,1
0,333,1
334,0,0
335,0,0
0,336,1
337,0,0
0,338,1
0,339,1
340,0,0
341,0,0
0,342,1
0,343,1
0,344,1
0,345,1
346,0,0
0,347,1
0,348,1
0,349,1
350,0,0
351,0,0
352,0,0
353,0,0
0,354,1
355,0,0
0,356,1
357,0,0
0,358,1
359,0,0
360,0,0
0,361,1
0,362,1
363,0,0
364,0,0
365,0,0
366,0,0
0,367,1
0,368,1
0,369,1
0,370,1
371,0,0
0,372,1
0,373,1
0,374,1
0,375,1
376,0,0
0,377,1
0,378,1
0,379,1
0,380,1
0,381,1
0,382,1
0,383,1
0,384,1
0,385,1
0,386,1
387,0,0
0,388,1
389,0,0
0,390,1
391,0,0
0,392,1
1,1,1
1,25,1
1,200,1
235,1,0
1,269,1
1,278,1
279,1,0
393,1,0
1,394,1
1,395,1
396,1,0
1,397,1
1,398,1
399,1,0
400,1,0
1,401,1
1,402,1
1,403,1
1,404,1
1,405,1
406,1,0
1,407,1
1,408,1
1,409,1
1,410,1
411,1,0
1,412,1
1,413,1
414,1,0
415,1,0
1,416,1
1,417,1
418,1,0
419,1,0
420,1,0
1,421,1
1,422,1
1,423,1
1,424,1
1,425,1
1,426,1
427,1,0
1,859,0
428,2,0
2,429,1
2,430,1
431,2,0
2,432,1
433,2,0
434,2,0
2,435,1
2,436,1
2,437,1
2,438,1
2,823,0
3,43,1
3,244,1
254,3,0
304,3,0
395,3,0
3,439,1
440,3,0
3,441,1
3,442,1
3,443,1
3,444,1
3,445,1
4,4,1
4,25,1
4,106,1
4,121,1
4,215,0
4,272,1
4,414,1
4,429,1
4,446,1
4,447,1
4,448,1
4,449,1
4,450,1
4,451,1
452,4,0
453,4,0
454,4,0
455,4,0
4,456,1
4,457,1
4,458,1
4,459,1
4,460,1
461,4,0
4,462,1
4,463,1
464,4,0
4,465,1
466,4,0
467,4,0
4,468,1
469,4,0
470,4,0
471,4,0
4,472,1
473,4,0
474,4,0
4,475,1
476,4,0
4,477,1
4,478,1
4,479,1
4,480,1
4,481,1
4,482,1
4,483,1
4,484,1
485,4,0
486,4,0
4,487,1
488,4,0
4,489,1
4,490,1
4,491,1
4,492,1
4,493,1
4,2157,0
5,33,1
191,5,0
5,192,1
5,193,1
5,194,1
195,5,0
5,197,1
494,5,0
5,495,1
5,496,1
5,497,1
498,5,0
5,499,1
5,500,1
501,5,0
5,502,1
503,5,0
504,5,0
505,5,0
5,506,1
507,5,0
5,508,1
509,5,0
510,5,0
511,5,0
512,5,0
513,5,0
5,514,1
515,5,0
5,516,1
517,5,0
5,518,1
5,519,1
520,5,0
521,5,0
522,5,0
5,523,1
5,524,1
5,525,1
5,526,1
5,527,1
528,5,0
5,529,1
530,5,0
531,5,0
5,1127,0
8,6,0
6,9,1
6,11,1
6,17,1
6,21,1
6,22,1
29,6,0
6,33,1
6,61,1
103,6,0
6,104,1
6,108,1
112,6,0
6,158,1
6,164,1
6,177,1
6,185,1
186,6,0
6,187,1
6,188,1
6,189,1
6,195,1
6,205,1
207,6,0
6,209,1
6,235,1
236,6,0
6,237,1
6,239,1
6,242,1
243,6,0
6,249,1
6,255,1
6,256,1
6,282,1
6,285,1
287,6,0
289,6,0
290,6,0
6,291,1
294,6,0
346,6,0
6,385,1
393,6,0
401,6,0
405,6,0
6,409,1
6,432,1
6,441,1
6,464,1
510,6,0
6,511,1
6,512,1
514,6,0
6,515,1
6,518,1
6,519,1
6,520,1
6,521,1
6,524,1
6,525,1
526,6,0
6,527,1
6,528,1
6,529,1
532,6,0
6,533,1
6,534,1
6,535,1
6,536,1
6,537,1
6,538,1
6,539,1
540,6,0
6,541,1
542,6,0
543,6,0
6,544,1
6,545,1
6,546,1
6,547,1
6,548,1
6,549,1
550,6,0
551,6,0
6,552,1
6,553,1
6,554,1
6,555,1
556,6,0
6,557,1
558,6,0
559,6,0
560,6,0
6,561,1
6,562,1
6,563,1
6,564,1
6,565,1
566,6,0
6,567,1
568,6,0
6,569,1
6,570,1
571,6,0
572,6,0
573,6,0
6,574,1
6,575,1
6,576,1
6,577,1
578,6,0
6,579,1
6,580,1
6,581,1
6,582,1
583,6,0
6,584,1
585,6,0
6,586,1
6,587,1
588,6,0
589,6,0
6,590,1
591,6,0
6,592,1
593,6,0
6,594,1
6,595,1
596,6,0
597,6,0
598,6,0
6,599,1
600,6,0
6,601,1
602,6,0
6,603,1
6,604,1
6,605,1
6,606,1
6,607,1
6,608,1
609,6,0
6,610,1
6,611,1
6,612,1
6,613,1
6,614,1
6,615,1
616,6,0
6,617,1
6,618,1
6,619,1
620,6,0
621,6,0
6,622,1
623,6,0
624,6,0
625,6,0
6,626,1
6,627,1
6,628,1
6,629,1
6,630,1
6,631,1
6,632,1
633,6,0
6,634,1
6,635,1
6,636,1
6,637,1
638,6,0
639,6,0
640,6,0
6,641,1
6,642,1
6,643,1
6,644,1
6,645,1
6,646,1
6,647,1
6,648,1
6,649,1
6,650,1
6,651,1
6,652,1
6,653,1
654,6,0
6,655,1
6,656,1
6,657,1
658,6,0
6,659,1
6,660,1
6,661,1
6,662,1
6,663,1
6,664,1
665,6,0
6,666,1
6,667,1
668,6,0
669,6,0
6,670,1
671,6,0
672,6,0
673,6,0
6,674,1
675,6,0
676,6,0
6,677,1
678,6,0
6,679,1
6,680,1
6,681,1
6,682,1
683,6,0
6,684,1
6,685,1
6,686,1
687,6,0
6,688,1
689,6,0
6,690,1
6,691,1
692,6,0
693,6,0
6,694,1
6,695,1
6,696,1
6,697,1
6,698,1
6,699,1
700,6,0
6,701,1
6,702,1
6,703,1
704,6,0
6,705,1
6,706,1
6,707,1
6,708,1
6,709,1
710,6,0
6,711,1
6,712,1
6,713,1
714,6,0
6,715,1
716,6,0
6,717,1
718,6,0
6,719,1
6,720,1
6,721,1
722,6,0
723,6,0
6,724,1
725,6,0
6,726,1
6,727,1
6,728,1
6,729,1
6,730,1
6,731,1
7,7,1
7,12,1
21,7,0
7,27,1
28,7,0
7,30,1
7,44,1
7,51,1
7,52,1
54,7,0
7,55,1
7,56,1
7,60,1
61,7,0
66,7,0
67,7,0
68,7,0
7,69,1
7,77,1
79,7,0
7,80,1
84,7,0
95,7,0
7,96,1
7,97,1
7,100,1
7,102,1
7,104,1
7,107,1
7,111,1
7,112,1
7,114,1
7,116,1
120,7,0
7,127,1
145,7,0
7,152,1
7,153,1
7,155,1
7,158,1
167,7,0
169,7,0
177,7,0
7,180,1
7,181,1
182,7,0
7,185,1
7,187,1
189,7,0
7,190,1
7,191,1
7,192,1
7,193,1
7,194,1
7,201,1
7,203,1
205,7,0
7,206,1
207,7,0
7,208,1
209,7,0
7,211,1
7,212,1
7,213,1
215,7,0
7,223,1
226,7,0
7,227,1
7,228,1
231,7,0
7,232,1
7,234,1
242,7,0
7,243,1
244,7,0
7,245,1
7,250,1
7,251,1
7,255,1
257,7,0
7,260,1
7,263,1
7,264,1
7,266,1
7,269,1
7,272,1
7,279,1
7,286,1
300,7,0
301,7,0
7,302,1
303,7,0
7,305,1
7,384,1
385,7,0
7,391,1
7,392,1
393,7,0
7,401,1
407,7,0
7,408,1
411,7,0
421,7,0
7,441,1
7,457,1
460,7,0
7,475,1
479,7,0
481,7,0
7,488,1
7,489,1
494,7,0
7,495,1
530,7,0
7,536,1
7,538,1
561,7,0
7,562,1
7,597,1
7,598,1
7,599,1
600,7,0
7,601,1
602,7,0
604,7,0
7,607,1
7,608,1
611,7,0
7,612,1
7,614,1
633,7,0
7,635,1
636,7,0
7,639,1
7,642,1
643,7,0
665,7,0
670,7,0
7,675,1
7,676,1
677,7,0
7,679,1
708,7,0
7,709,1
7,711,1
7,712,1
7,713,1
7,715,1
7,716,1
723,7,0
7,724,1
7,729,1
7,732,1
7,733,1
734,7,0
7,735,1
7,736,1
7,737,1
7,738,1
7,739,1
7,740,1
7,741,1
7,742,1
7,743,1
744,7,0
7,745,1
746,7,0
7,747,1
7,748,1
7,749,1
750,7,0
751,7,0
7,752,1
753,7,0
754,7,0
7,755,1
7,756,1
757,7,0
7,758,1
7,759,1
7,760,1
7,761,1
7,762,1
7,763,1
764,7,0
765,7,0
7,766,1
7,767,1
768,7,0
7,769,1
7,770,1
7,771,1
7,772,1
7,773,1
7,774,1
7,775,1
776,7,0
777,7,0
7,778,1
7,779,1
780,7,0
7,781,1
7,782,1
7,783,1
784,7,0
7,785,1
786,7,0
7,787,1
7,788,1
789,7,0
7,790,1
791,7,0
7,792,1
7,793,1
7,794,1
7,795,1
7,796,1
7,797,1
798,7,0
799,7,0
7,800,1
7,801,1
7,802,1
803,7,0
7,804,1
7,805,1
7,806,1
7,807,1
7,808,1
7,809,1
7,810,1
811,7,0
7,812,1
813,7,0
7,814,1
815,7,0
816,7,0
7,817,1
7,818,1
7,819,1
7,820,1
821,7,0
822,7,0
7,823,1
7,824,1
7,825,1
7,826,1
7,827,1
828,7,0
829,7,0
7,830,1
7,831,1
7,832,1
7,833,1
834,7,0
835,7,0
836,7,0
7,837,1
838,7,0
7,839,1
7,840,1
7,841,1
842,7,0
843,7,0
844,7,0
7,845,1
7,846,1
847,7,0
7,848,1
849,7,0
850,7,0
7,851,1
7,852,1
7,853,1
854,7,0
7,855,1
856,7,0
7,857,1
858,7,0
7,859,1
7,860,1
7,861,1
7,862,1
863,7,0
7,864,1
865,7,0
866,7,0
7,867,1
7,868,1
7,869,1
7,870,1
7,871,1
872,7,0
7,873,1
7,874,1
875,7,0
7,876,1
7,877,1
7,878,1
879,7,0
880,7,0
7,881,1
7,882,1
7,883,1
7,884,1
7,885,1
7,886,1
7,887,1
888,7,0
889,7,0
7,891,1
7,892,1
7,893,1
7,894,1
895,7,0
896,7,0
897,7,0
898,7,0
7,899,1
7,900,1
901,7,0
7,902,1
7,903,1
7,904,1
7,905,1
906,7,0
907,7,0
7,908,1
910,7,0
7,911,1
7,912,1
913,7,0
7,914,1
915,7,0
7,916,1
926,7,0
927,7,0
928,7,0
7,929,1
7,930,1
7,931,1
7,932,1
7,933,1
934,7,0
7,935,1
936,7,0
937,7,0
7,938,1
939,7,0
7,940,1
941,7,0
7,942,1
943,7,0
944,7,0
7,945,1
7,946,1
947,7,0
7,948,1
7,949,1
950,7,0
7,951,1
7,952,1
7,953,1
7,954,1
955,7,0
956,7,0
7,957,1
7,958,1
959,7,0
7,960,1
7,961,1
962,7,0
963,7,0
964,7,0
7,965,1
966,7,0
7,967,1
968,7,0
7,969,1
7,970,1
7,971,1
7,972,1
7,973,1
974,7,0
7,975,1
7,976,1
7,977,1
7,978,1
7,979,1
980,7,0
7,981,1
7,982,1
7,983,1
984,7,0
7,985,1
7,986,1
7,987,1
7,988,1
989,7,0
7,990,1
991,7,0
992,7,0
7,993,1
994,7,0
995,7,0
7,996,1
7,997,1
998,7,0
999,7,0
7,1000,1
7,1001,1
1002,7,0
7,1003,1
7,1004,1
1005,7,0
7,1006,1
1007,7,0
7,1008,1
7,1009,1
7,1010,1
1011,7,0
1012,7,0
7,1013,1
1014,7,0
7,1015,1
7,1016,1
7,1017,1
1018,7,0
7,1019,1
1020,7,0
7,1021,1
7,1022,1
1023,7,0
7,1024,1
1025,7,0
7,1026,1
7,1027,1
7,1028,1
7,1029,1
7,1030,1
7,1031,1
7,1032,1
8,890,0
8,1033,1
8,1034,1
9,20,1
9,36,1
9,41,1
9,48,1
9,52,1
9,82,1
9,88,1
92,9,0
9,97,1
9,98,1
9,99,1
104,9,0
105,9,0
107,9,0
9,110,1
112,9,0
117,9,0
118,9,0
119,9,0
122,9,0
127,9,0
9,149,1
9,153,1
9,161,1
9,163,1
9,230,1
9,246,1
268,9,0
9,284,1
9,311,1
9,340,1
391,9,0
9,398,1
9,428,1
440,9,0
9,441,1
9,445,1
9,447,1
9,457,1
468,9,0
472,9,0
9,504,1
507,9,0
9,515,1
9,521,1
9,522,1
9,523,1
9,537,1
544,9,0
9,546,1
548,9,0
550,9,0
9,553,1
562,9,0
9,573,1
579,9,0
599,9,0
601,9,0
9,621,1
9,631,1
9,633,1
9,693,1
9,719,1
9,730,1
743,9,0
9,744,1
758,9,0
788,9,0
9,802,1
9,808,1
9,828,1
9,834,1
852,9,0
862,9,0
885,9,0
888,9,0
9,889,1
9,896,1
9,905,1
9,915,1
928,9,0
9,943,1
9,953,1
971,9,0
9,997,1
9,1014,1
9,1019,1
9,1035,1
9,1036,1
9,1037,1
9,1038,1
1039,9,0
1040,9,0
9,1041,1
1042,9,0
9,1043,1
1044,9,0
1045,9,0
1046,9,0
9,1047,1
9,1048,1
9,1049,1
1050,9,0
9,1051,1
9,1052,1
9,1053,1
9,1054,1
1055,9,0
9,1056,1
9,1057,1
9,1058,1
9,1059,1
1060,9,0
1061,9,0
9,1062,1
1063,9,0
1064,9,0
9,1065,1
9,1066,1
9,1067,1
1068,9,0
9,1069,1
1070,9,0
9,1071,1
1072,9,0
1073,9,0
9,1074,1
1075,9,0
1076,9,0
1077,9,0
1078,9,0
9,1079,1
1080,9,0
9,1081,1
1082,9,0
9,1083,1
1084,9,0
9,1085,1
9,1086,1
9,1087,1
1088,9,0
9,1089,1
9,1090,1
9,1091,1
1092,9,0
1093,9,0
9,1094,1
1095,9,0
9,1096,1
9,1097,1
1098,9,0
9,1099,1
1100,9,0
1101,9,0
9,1102,1
1103,9,0
9,1104,1
9,1105,1
9,1106,1
9,1107,1
9,1108,1
1109,9,0
9,1110,1
9,1111,1
1112,9,0
9,1113,1
9,1114,1
9,1115,1
9,1116,1
9,1117,1
9,1118,1
9,1119,1
9,1120,1
1121,9,0
9,1122,1
9,1123,1
9,1124,1
9,1125,1
1126,9,0
9,1127,1
9,1128,1
9,1129,1
9,1130,1
1131,9,0
1132,9,0
1133,9,0
9,1134,1
9,1135,1
1136,9,0
1137,9,0
9,1138,1
1139,9,0
9,1140,1
9,1141,1
9,1142,1
9,1143,1
9,1144,1
9,1145,1
9,1146,1
9,1147,1
9,1148,1
1149,9,0
1150,9,0
1151,9,0
9,1152,1
1153,9,0
9,1154,1
1155,9,0
9,1156,1
1157,9,0
9,1158,1
9,1159,1
1160,9,0
9,1161,1
1162,9,0
9,1163,1
9,1164,1
9,1165,1
9,1166,1
1167,9,0
9,1168,1
9,1169,1
9,1170,1
9,1171,1
9,1172,1
9,1173,1
9,1174,1
1175,9,0
9,1176,1
9,1177,1
1178,9,0
9,1179,1
9,1180,1
1181,9,0
9,1182,1
9,1183,1
9,1184,1
1185,9,0
1186,9,0
9,1187,1
1188,9,0
1189,9,0
9,1190,1
1191,9,0
1192,9,0
9,1193,1
9,1194,1
1195,9,0
9,1196,1
1197,9,0
9,1198,1
1199,9,0
9,1200,1
9,1201,1
9,1202,1
9,1203,1
9,1204,1
9,1205,1
9,1206,1
1207,9,0
1208,9,0
9,1209,1
1210,9,0
9,1211,1
1212,9,0
9,1213,1
9,1214,1
1215,9,0
1216,9,0
9,1217,1
1218,9,0
9,1219,1
9,1220,1
9,1221,1
9,1222,1
1223,9,0
1224,9,0
9,1225,1
1226,9,0
1227,9,0
1228,9,0
9,1229,1
1230,9,0
1231,9,0
9,1232,1
9,1233,1
9,1234,1
1235,9,0
9,1236,1
9,1237,1
9,1238,1
9,1239,1
9,1240,1
9,1241,1
9,1242,1
9,1243,1
9,1244,1
1245,9,0
9,1246,1
1247,9,0
9,1248,1
9,1249,1
9,1250,1
9,1251,1
9,1252,1
9,1253,1
9,1254,1
9,1255,1
9,1256,1
1257,9,0
1258,9,0
1259,9,0
1260,9,0
9,1261,1
9,1262,1
9,1263,1
1264,9,0
9,1265,1
1266,9,0
1267,9,0
1268,9,0
9,1269,1
1270,9,0
9,1271,1
9,1272,1
1273,9,0
9,1274,1
9,1275,1
1276,9,0
9,1277,1
9,1278,1
9,1279,1
9,1280,1
9,1281,1
1282,9,0
9,1283,1
1284,9,0
1285,9,0
1286,9,0
9,1287,1
1288,9,0
1289,9,0
9,1290,1
1291,9,0
1292,9,0
9,1293,1
9,1294,1
1295,9,0
9,1296,1
9,1297,1
9,1298,1
1299,9,0
9,1300,1
9,1301,1
9,1302,1
1303,9,0
1304,9,0
9,1305,1
9,1306,1
1307,9,0
9,1308,1
1309,9,0
9,1310,1
9,1311,1
1312,9,0
9,1313,1
9,1314,1
9,1315,1
9,1316,1
9,1317,1
9,1318,1
1319,9,0
1320,9,0
1321,9,0
9,1322,1
9,1323,1
9,1324,1
9,1325,1
1326,9,0
9,1327,1
9,1328,1
1329,9,0
9,1330,1
9,1331,1
9,1332,1
1333,9,0
9,1334,1
1335,9,0
1336,9,0
9,1337,1
1338,9,0
9,1339,1
1340,9,0
9,1341,1
9,1342,1
9,1343,1
9,1344,1
9,1345,1
1346,9,0
9,1347,1
9,1348,1
9,1349,1
9,1350,1
9,1351,1
1352,9,0
9,1353,1
9,1354,1
9,1355,1
9,1356,1
9,1357,1
9,1358,1
1359,9,0
9,1360,1
9,1361,1
9,1362,1
9,1363,1
1364,9,0
9,1365,1
9,1366,1
9,1367,1
9,1368,1
1369,9,0
1370,9,0
9,1371,1
1372,9,0
9,1373,1
9,1374,1
9,1375,1
1376,9,0
9,1377,1
1378,9,0
1379,9,0
1380,9,0
9,1381,1
9,1382,1
1383,9,0
9,1384,1
9,1385,1
9,1386,1
9,1387,1
9,1510,0
10,10,1
10,15,1
19,10,0
10,20,1
10,52,1
10,62,1
65,10,0
87,10,0
10,91,1
10,96,1
97,10,0
10,98,1
10,106,1
112,10,0
10,115,1
10,129,1
10,134,1
10,143,1
10,148,1
10,181,1
10,182,1
10,227,1
228,10,0
242,10,0
10,243,1
10,244,1
10,267,1
10,304,1
10,307,1
10,308,1
10,319,1
322,10,0
10,327,1
10,346,1
10,348,1
10,350,1
10,352,1
355,10,0
10,359,1
10,366,1
10,367,1
10,368,1
10,385,1
10,420,1
10,479,1
481,10,0
10,534,1
10,549,1
10,551,1
10,553,1
10,615,1
616,10,0
630,10,0
635,10,0
636,10,0
10,637,1
638,10,0
10,665,1
10,671,1
10,730,1
731,10,0
10,780,1
781,10,0
788,10,0
10,790,1
791,10,0
10,812,1
10,858,1
859,10,0
10,860,1
880,10,0
898,10,0
10,915,1
10,997,1
10,1024,1
10,1033,1
10,1034,1
1051,10,0
10,1082,1
10,1115,1
10,1181,1
10,1280,1
10,1368,1
10,1388,1
10,1389,1
10,1390,1
10,1391,1
10,1392,1
1393,10,0
10,1394,1
1395,10,0
10,1396,1
10,1397,1
10,1398,1
10,1399,1
10,1400,1
10,1401,1
10,1402,1
10,1403,1
1404,10,0
10,1405,1
1406,10,0
1407,10,0
10,1408,1
10,1409,1
10,1410,1
10,1411,1
1412,10,0
10,1413,1
1414,10,0
1415,10,0
1416,10,0
10,1417,1
1418,10,0
10,1419,1
10,1420,1
10,1421,1
10,1422,1
1423,10,0
1424,10,0
10,1425,1
1426,10,0
10,1427,1
10,1428,1
1429,10,0
10,1430,1
1431,10,0
10,1432,1
1433,10,0
10,1434,1
1435,10,0
10,1436,1
1437,10,0
10,1438,1
10,1439,1
10,1440,1
10,1441,1
10,1442,1
10,1443,1
1,11,0
11,11,1
100,11,0
11,156,1
11,251,1
11,393,1
398,11,0
11,399,1
11,400,1
11,401,1
11,402,1
404,11,0
11,407,1
11,409,1
11,410,1
413,11,0
11,418,1
11,419,1
422,11,0
11,611,1
1033,11,0
1271,11,0
1444,11,0
11,1445,1
11,1446,1
11,1447,1
11,1448,1
1449,11,0
11,1450,1
11,1451,1
11,1452,1
156,12,0
12,213,0
267,12,0
400,12,0
12,406,1
12,419,1
422,12,0
12,425,1
12,570,1
12,682,1
875,12,0
12,940,1
952,12,0
1053,12,0
12,1055,1
12,1118,1
12,1241,1
12,1304,1
12,1385,1
1453,12,0
12,1454,1
12,1455,1
1456,12,0
12,1457,1
12,1458,1
12,1459,1
12,1460,1
1461,12,0
12,1462,1
1463,12,0
12,1464,1
1465,12,0
12,1466,1
12,1467,1
1468,12,0
1469,12,0
12,1470,1
13,3,1
29,13,0
13,46,1
13,127,1
457,13,0
13,573,1
574,13,0
13,577,1
868,13,0
13,869,1
13,1014,1
13,1036,1
1093,13,0
13,1206,1
13,1315,1
13,1471,1
1472,13,0
13,1473,1
13,1474,1
13,1475,1
1476,13,0
1477,13,0
13,1478,1
13,1479,1
1480,13,0
13,1481,1
13,1482,1
13,1483,1
1484,13,0
13,1485,1
13,1486,1
1487,13,0
13,1488,1
1489,13,0
1490,13,0
13,1491,1
13,1492,1
13,1493,1
1494,13,0
1495,13,0
1496,13,0
13,1497,1
1498,13,0
14,14,1
14,109,1
661,14,0
14,684,1
14,685,1
687,14,0
14,1030,0
1044,14,0
1230,14,0
1389,14,0
14,1391,1
1393,14,0
14,1499,1
1500,14,0
1501,14,0
14,1502,1
14,1503,1
14,1504,1
14,1505,1
14,1506,1
14,1507,1
1508,14,0
14,1509,1
1510,14,0
14,1511,1
14,1512,1
28,15,0
15,127,0
15,175,0
271,15,0
15,474,1
15,475,1
15,476,1
15,489,1
15,1407,1
1417,15,0
15,1418,1
1419,15,0
15,1513,1
1514,15,0
15,1515,1
15,1516,1
15,1517,1
15,1518,1
16,16,1
98,16,0
16,228,0
781,16,0
16,1398,1
17,17,1
27,17,0
17,28,1
17,38,1
50,17,0
17,52,1
17,90,1
111,17,0
113,17,0
133,17,0
17,145,1
17,183,1
17,185,1
17,186,1
17,187,1
17,189,1
200,17,0
205,17,0
206,17,0
17,207,1
17,218,1
219,17,0
17,225,1
17,240,1
17,249,1
251,17,0
266,17,0
17,275,1
287,17,0
17,288,1
17,289,1
17,293,1
296,17,0
17,393,1
397,17,0
17,401,1
407,17,0
17,535,1
537,17,0
17,545,1
17,546,1
559,17,0
564,17,0
17,583,1
17,585,1
17,586,1
589,17,0
17,590,1
591,17,0
17,592,1
17,593,1
595,17,0
17,598,1
17,599,1
17,600,1
17,601,1
17,602,1
17,603,1
611,17,0
617,17,0
622,17,0
627,17,0
635,17,0
637,17,0
17,638,1
639,17,0
17,652,1
17,662,1
17,665,1
17,675,1
17,676,1
17,677,1
678,17,0
17,680,1
17,690,1
17,733,1
17,798,1
17,799,1
803,17,0
17,811,1
17,824,1
17,837,1
17,890,1
900,17,0
909,17,0
17,929,1
17,931,1
932,17,0
17,969,1
1033,17,0
1077,17,0
17,1120,1
1144,17,0
17,1145,1
1186,17,0
17,1198,1
17,1519,1
17,1520,1
17,1521,1
17,1522,1
17,1523,1
17,1524,1
17,1525,1
17,1526,1
1527,17,0
17,1528,1
17,1529,1
1530,17,0
17,1531,1
17,1532,1
1533,17,0
17,1534,1
1535,17,0
17,1536,1
17,1537,1
17,1538,1
17,1539,1
1540,17,0
1541,17,0
1542,17,0
17,1543,1
17,1544,1
17,1545,1
1546,17,0
1547,17,0
17,1548,1
1549,17,0
17,1550,1
17,1551,1
17,1552,1
1553,17,0
17,1554,1
1555,17,0
1556,17,0
1557,17,0
17,1558,1
17,1559,1
17,1560,1
17,1561,1
17,1562,1
17,1563,1
17,1564,1
17,1565,1
17,1566,1
17,1567,1
1568,17,0
1569,17,0
18,875,0
18,1570,1
18,1571,1
18,2153,0
19,19,1
19,431,0
19,1406,1
19,1407,1
19,1449,0
19,2141,0
2,20,0
20,11,1
20,16,1
20,38,1
20,60,1
20,63,1
64,20,0
98,20,0
108,20,0
130,20,0
138,20,0
141,20,0
165,20,0
20,172,1
174,20,0
20,175,1
20,177,1
20,192,1
20,202,1
203,20,0
20,204,1
20,224,1
20,266,1
270,20,0
273,20,0
274,20,0
287,20,0
20,303,0
20,307,1
20,319,1
320,20,0
20,321,1
322,20,0
327,20,0
338,20,0
20,349,1
20,350,1
351,20,0
352,20,0
20,353,1
354,20,0
355,20,0
20,357,1
359,20,0
20,360,1
361,20,0
20,365,1
367,20,0
20,368,1
20,385,1
20,417,1
20,420,1
421,20,0
20,422,1
20,423,1
20,424,1
429,20,0
20,437,1
20,441,1
20,444,1
20,445,1
20,456,1
20,475,1
20,505,1
20,506,1
20,507,1
20,509,1
20,530,1
533,20,0
20,535,0
20,538,1
20,555,1
20,556,1
20,559,1
20,560,1
561,20,0
562,20,0
20,580,1
20,626,1
20,656,1
20,705,1
20,722,1
20,734,1
20,749,1
20,796,1
20,837,1
847,20,0
20,852,1
888,20,0
20,891,1
20,914,1
20,997,1
20,999,1
1014,20,0
20,1033,1
1034,20,0
20,1064,1
20,1065,1
20,1066,1
20,1072,1
20,1077,1
1078,20,0
1088,20,0
20,1092,1
20,1125,1
20,1128,1
20,1144,1
20,1186,1
20,1227,1
1231,20,0
20,1238,1
20,1255,1
20,1261,1
20,1366,1
1378,20,0
20,1380,1
1398,20,0
20,1399,1
20,1400,1
20,1401,1
20,1404,1
1407,20,0
1416,20,0
1417,20,0
20,1418,1
20,1419,1
20,1520,1
20,1535,1
1538,20,0
20,1551,1
20,1552,1
1572,20,0
20,1573,1
20,1574,1
20,1575,1
20,1576,1
20,1577,1
20,1578,1
20,1579,1
20,1580,1
20,1581,1
1582,20,0
20,1583,1
20,1584,1
20,1585,1
20,1586,1
20,1587,1
20,1588,1
1589,20,0
1590,20,0
1591,20,0
20,1592,1
1593,20,0
1594,20,0
20,1595,1
20,1596,1
20,1597,1
20,1598,1
1599,20,0
1600,20,0
1601,20,0
20,1602,1
20,1603,1
1604,20,0
1605,20,0
1606,20,0
1607,20,0
20,1608,1
20,1609,1
20,1610,1
1611,20,0
20,1612,1
20,1613,1
20,1614,1
1615,20,0
1616,20,0
20,1617,1
20,1618,1
20,1619,1
1620,20,0
20,1621,1
1622,20,0
20,1623,1
1624,20,0
20,1625,1
20,1626,1
1627,20,0
20,1628,1
1629,20,0
20,1630,1
20,1631,1
20,1632,1
20,1633,1
20,1634,1
20,1635,1
20,1636,1
20,1637,1
20,1638,1
1639,20,0
20,1640,1
1641,20,0
20,1642,1
1643,20,0
20,1644,1
20,1645,1
20,1646,1
20,1647,1
20,1648,1
20,1649,1
20,1650,1
1651,20,0
20,1652,1
1653,20,0
20,1654,1
20,1655,1
1656,20,0
1657,20,0
20,1658,1
20,1659,1
1660,20,0
20,1661,1
20,1662,1
20,1663,1
20,1664,1
1665,20,0
20,1666,1
1667,20,0
20,1668,1
1669,20,0
20,1670,1
1671,20,0
20,1672,1
20,1673,1
20,1674,1
20,1675,1
20,1676,1
20,1677,1
20,1678,1
1679,20,0
20,1680,1
20,1681,1
1682,20,0
1683,20,0
1684,20,0
1685,20,0
20,1686,1
1687,20,0
20,1688,1
1689,20,0
20,1690,1
20,1691,1
1692,20,0
20,1693,1
20,1694,1
20,1695,1
20,1696,1
20,1697,1
20,1698,1
1699,20,0
20,1717,0
21,410,0
21,674,0
708,21,0
21,711,1
21,712,1
21,713,1
716,21,0
22,21,1
22,22,1
22,44,0
22,496,1
22,497,1
499,22,0
22,500,1
502,22,0
22,531,1
566,22,0
22,567,1
22,568,1
569,22,0
612,22,0
22,624,1
708,22,0
22,710,1
22,711,1
22,713,1
714,22,0
22,716,1
1700,22,0
22,1701,1
1702,22,0
23,23,1
23,113,0
23,1402,0
23,1703,1
23,1704,1
23,1705,1
23,1706,1
23,1707,1
23,1814,0
24,890,1
24,909,1
24,2061,0
25,25,1
50,25,0
25,100,1
397,25,0
398,25,0
399,25,0
25,401,1
402,25,0
404,25,0
405,25,0
406,25,0
25,407,1
25,412,1
25,413,1
419,25,0
420,25,0
25,427,1
25,812,1
25,876,1
1417,25,0
25,1418,1
25,1449,1
25,1450,1
25,1708,1
25,1709,1
1710,25,0
1711,25,0
25,2113,0
26,26,1
217,26,0
26,218,1
26,219,1
220,26,0
221,26,0
222,26,0
26,509,0
26,524,1
26,525,1
26,526,1
26,1455,1
1464,26,0
26,1465,1
26,1466,1
1467,26,0
1712,26,0
26,1713,1
1714,26,0
26,1715,1
26,1716,1
1717,26,0
26,1718,1
26,1719,1
26,1951,0
27,822,0
27,1529,0
1555,27,0
27,1563,1
27,1565,1
28,29,1
28,383,1
28,386,1
646,28,0
28,811,1
28,915,1
28,916,1
28,1033,1
1034,28,0
28,1288,1
1418,28,0
28,1420,1
28,1516,1
28,1575,1
28,1679,1
1720,28,0
28,1721,1
28,1722,1
28,1723,1
28,1724,1
28,1725,1
29,29,1
29,383,1
29,386,1
29,915,1
29,1417,1
29,1516,1
30,965,1
30,967,0
1026,30,0
1027,30,0
30,1028,1
30,1242,0
31,593,0
31,1292,0
31,1726,1
31,1727,1
32,14,1
32,29,1
32,32,1
32,52,1
65,32,0
32,133,1
32,396,1
32,403,1
404,32,0
412,32,0
413,32,0
32,795,1
32,797,1
887,32,0
32,1073,1
1238,32,0
32,1280,1
32,1419,1
32,1420,1
32,1452,1
32,1675,1
1728,32,0
32,1729,1
1730,32,0
1731,32,0
32,1732,1
1733,32,0
32,1734,1
32,1735,1
32,1736,1
32,1737,1
32,1738,1
32,1739,1
1740,32,0
33,112,1
33,164,1
33,175,1
190,33,0
196,33,0
217,33,0
33,218,1
33,220,1
222,33,0
33,235,1
33,236,1
237,33,0
239,33,0
33,241,1
243,33,0
33,247,1
249,33,0
276,33,0
33,280,1
33,282,1
33,285,1
33,288,1
290,33,0
33,291,1
292,33,0
33,293,1
294,33,0
295,33,0
33,296,1
33,297,1
389,33,0
33,390,1
33,515,1
517,33,0
519,33,0
33,520,1
33,521,1
33,522,1
33,523,1
33,526,1
33,532,1
33,555,1
33,557,1
33,575,1
618,33,0
33,619,1
33,620,1
33,622,1
627,33,0
33,628,1
629,33,0
33,647,1
33,648,1
33,649,1
33,650,1
676,33,0
677,33,0
33,682,1
33,693,1
694,33,0
33,696,1
33,697,1
33,698,1
699,33,0
33,701,1
33,702,1
703,33,0
33,728,1
33,1150,1
1280,33,0
33,1541,1
33,1543,1
1547,33,0
1566,33,0
1741,33,0
1742,33,0
34,190,1
217,34,0
34,218,1
34,242,1
277,34,0
34,280,1
34,282,1
283,34,0
34,284,1
285,34,0
389,34,0
34,515,1
517,34,0
522,34,0
523,34,0
34,524,1
34,525,1
526,34,0
527,34,0
528,34,0
34,529,1
575,34,0
34,618,1
34,619,1
34,683,1
34,699,1
700,34,0
703,34,0
34,717,1
34,728,1
35,972,1
974,35,0
35,975,1
976,35,0
977,35,0
979,35,0
35,980,1
35,981,1
1743,35,0
35,1951,0
36,36,1
52,36,0
36,65,1
446,36,0
36,672,1
36,706,1
915,36,0
1280,36,0
1317,36,0
36,1324,1
36,1422,1
1744,36,0
36,1745,1
1746,36,0
36,1871,0
37,37,1
412,37,0
832,37,0
37,1432,0
37,1747,1
1748,37,0
38,38,1
38,183,1
184,38,0
38,223,1
38,243,0
38,246,1
38,250,1
38,257,1
38,263,1
38,340,1
38,424,1
38,432,1
38,633,1
38,748,1
1052,38,0
1075,38,0
38,1108,1
38,1181,0
38,1364,1
38,1388,1
38,1402,1
1415,38,0
38,1425,1
38,1426,1
38,1514,1
1538,38,0
1573,38,0
38,1634,1
38,1749,1
38,1750,1
38,1751,1
38,1752,1
1753,38,0
38,1754,1
38,1755,1
38,1756,1
38,1757,1
38,1758,1
38,1759,1
38,1760,1
38,1761,1
1762,38,0
38,1763,1
1764,38,0
38,1765,1
38,1766,1
38,1767,1
1768,38,0
38,1769,1
38,1770,1
39,456,1
457,39,0
40,40,1
40,42,1
40,157,1
199,40,0
40,411,1
956,40,0
1119,40,0
40,1453,0
40,1557,1
40,1570,1
1571,40,0
40,1771,1
40,1772,1
40,1773,1
40,1774,1
1775,40,0
1776,40,0
1777,40,0
29,41,0
1513,41,0
1514,41,0
1516,41,0
41,1587,1
42,42,1
42,733,1
42,734,1
42,735,1
43,43,1
43,198,1
211,43,0
43,244,1
43,254,1
43,304,1
393,43,0
43,460,1
1078,43,0
1778,43,0
1779,43,0
135,44,0
44,753,1
44,755,1
759,44,0
44,822,1
44,823,1
44,829,1
44,830,1
44,831,1
44,840,1
44,911,1
914,44,0
44,1280,1
44,1395,1
44,1724,1
1780,44,0
44,1781,1
1782,44,0
44,1783,1
44,1784,1
44,2137,0
45,45,1
45,663,1
45,717,1
45,937,0
46,185,1
46,186,1
46,187,1
46,188,1
46,189,1
46,1050,0
1492,46,0
1494,46,0
46,1495,1
1496,46,0
47,1788,1
47,1789,1
48,48,1
48,346,1
615,48,0
616,48,0
48,671,1
48,1790,1
48,1791,1
49,1304,1
1460,49,0
49,1683,0
49,1796,1
49,1797,1
50,50,1
50,841,1
50,1273,0
51,336,0
51,753,1
51,754,1
51,755,1
51,756,1
51,914,1
51,1008,0
52,52,1
52,186,1
52,187,1
52,189,1
52,270,1
52,450,1
52,453,1
52,562,1
52,563,1
52,633,1
52,916,1
52,1148,0
52,1242,0
52,1417,1
52,1419,1
52,1442,0
52,1443,1
1708,52,0
53,54,1
53,668,0
926,53,0
53,936,1
53,941,1
53,1015,1
53,1016,1
53,1847,1
54,1016,1
55,56,1
55,729,1
55,874,1
55,875,1
55,943,1
55,952,1
55,1807,0
56,875,1
897,56,0
994,56,0
56,1573,0
57,57,1
873,57,0
897,57,0
994,57,0
58,755,0
58,934,1
58,935,1
58,1013,1
1848,58,0
59,59,1
59,430,1
431,59,0
59,434,1
438,59,0
59,1604,0
59,1608,0
59,1849,1
59,1850,1
1851,59,0
1852,59,0
59,1853,1
59,1854,1
59,1855,1
60,226,1
60,227,1
60,228,1
60,746,0
60,815,1
60,817,1
60,1856,1
61,146,1
185,61,0
186,61,0
61,188,1
189,61,0
61,225,1
61,451,1
536,61,0
61,776,1
61,1021,0
61,1553,1
61,1587,1
61,1731,1
1802,61,0
61,1857,1
1858,61,0
61,1859,1
61,1860,1
61,1861,1
61,1862,1
61,1863,1
1864,61,0
1865,61,0
1866,61,0
62,561,1
62,780,1
62,781,1
62,1935,0
63,63,1
63,385,1
63,937,1
63,939,1
63,954,1
972,63,0
973,63,0
63,974,1
63,975,1
63,977,1
63,978,1
63,979,1
63,980,1
981,63,0
63,1020,1
1021,63,0
63,1031,1
1115,63,0
63,1145,1
1181,63,0
63,1368,1
63,1435,1
1436,63,0
63,1437,1
63,1570,0
1867,63,0
1868,63,0
63,1869,1
43,64,0
127,64,0
781,64,0
64,868,0
1394,64,0
1396,64,0
1397,64,0
64,1399,1
64,1401,1
64,1424,1
1870,64,0
64,2002,0
19,65,0
65,29,1
65,52,1
65,65,1
65,218,1
65,219,1
65,221,1
65,915,1
916,65,0
65,1178,0
1423,65,0
1519,65,0
1532,65,0
65,1533,1
65,1797,0
65,1871,1
66,66,1
740,66,0
741,66,0
66,742,1
66,744,1
745,66,0
746,66,0
877,66,0
66,882,1
66,1679,1
1872,66,0
66,1873,1
1874,66,0
66,1875,1
901,67,0
67,902,1
67,903,1
67,1483,0
67,2162,0
68,68,1
68,825,1
68,826,1
68,1934,0
192,69,0
69,193,1
69,612,0
69,833,1
866,69,0
905,69,0
968,69,0
69,1364,0
70,70,1
70,560,1
70,631,1
645,70,0
70,1556,1
71,28,1
71,71,1
862,71,0
71,863,1
71,885,1
71,967,0
71,1417,1
71,1418,1
71,1742,1
72,72,1
72,944,1
72,1001,1
1002,72,0
1204,72,0
72,1876,1
1877,72,0
72,1878,1
1879,72,0
72,1880,1
73,221,0
234,73,0
73,384,1
392,73,0
73,1735,0
73,1783,0
74,74,1
74,141,1
1881,74,0
74,1882,1
75,545,0
75,1883,1
75,1884,1
1885,75,0
1886,75,0
75,1887,1
76,191,1
76,192,1
76,193,1
76,534,0
76,833,1
76,865,1
77,77,1
77,78,1
77,230,1
791,77,0
77,888,0
77,898,1
78,230,1
78,231,1
791,78,0
828,78,0
79,138,0
205,79,0
79,208,1
800,79,0
79,1296,0
813,80,0
80,814,1
80,1009,0
80,1362,0
81,149,1
81,425,0
904,81,0
81,1222,1
1223,81,0
81,1384,0
81,1513,1
81,1514,1
81,1529,1
81,1587,1
81,1778,1
81,1796,0
1802,81,0
81,1857,1
1859,81,0
1861,81,0
81,1863,1
1864,81,0
81,1865,1
81,1888,1
1889,81,0
1890,81,0
1891,81,0
81,1892,1
81,1893,1
81,1894,1
81,1895,1
81,1896,1
1897,81,0
81,1898,1
81,1899,1
81,1900,1
1901,81,0
81,1902,1
81,1903,1
1904,81,0
1905,81,0
1906,81,0
81,1907,1
81,1908,1
1909,81,0
81,1910,1
1911,81,0
81,1912,1
1913,81,0
81,1914,1
1915,81,0
82,82,1
82,565,1
82,1069,1
82,1598,1
1916,82,0
83,83,1
83,183,1
252,83,0
83,560,1
83,580,1
581,83,0
83,631,1
83,1111,1
83,1112,1
1708,83,0
83,1735,1
83,1754,1
83,1916,1
1917,83,0
83,1918,1
1919,83,0
83,1920,1
83,1921,1
83,1922,1
1923,83,0
83,1924,1
83,1925,1
1926,83,0
83,1927,1
1928,83,0
67,84,0
84,84,1
84,348,0
84,1056,0
84,1076,0
85,1929,1
86,13,1
86,1488,1
86,1930,1
87,96,0
87,217,1
218,87,0
87,220,1
87,222,1
87,1519,1
87,1532,1
88,88,1
1040,88,0
88,1086,0
88,1101,1
1931,89,0
89,1932,1
89,1933,1
89,1934,1
90,90,1
90,1428,0
90,1521,1
90,1523,1
213,91,0
91,658,0
92,1935,1
92,1936,1
92,2107,0
763,93,0
93,764,1
93,2024,0
94,320,0
765,94,0
94,766,1
94,774,0
95,95,1
782,95,0
785,95,0
786,95,0
95,787,1
95,1246,0
96,96,1
96,97,1
859,96,0
1024,96,0
97,858,1
98,8,1
98,148,1
181,98,0
98,182,1
98,694,0
98,1109,1
1442,98,0
98,1950,1
98,1951,1
98,1952,1
98,1953,1
1954,98,0
99,99,1
99,1584,0
100,100,1
100,1470,0
100,2048,0
837,101,0
101,1955,1
101,1956,1
101,1957,1
102,102,1
842,102,0
102,843,1
102,844,1
102,845,1
102,1958,1
1959,102,0
1960,102,0
102,2036,0
103,11,1
103,103,1
103,401,1
103,428,1
103,1165,1
103,1452,1
104,104,1
104,614,1
723,104,0
104,724,1
104,725,1
105,104,1
105,277,0
105,607,1
614,105,0
105,723,1
105,724,1
725,105,0
106,106,1
106,143,1
469,106,0
479,106,0
106,480,1
482,106,0
106,1129,1
1416,106,0
1604,106,0
106,1803,1
1826,106,0
1961,106,0
1962,106,0
106,1963,1
1964,106,0
1965,106,0
1966,106,0
106,1967,1
1968,106,0
106,1969,1
1970,106,0
106,1971,1
107,107,1
107,1321,0
107,1522,0
108,1978,0
109,661,1
684,109,0
109,687,1
109,1230,1
1506,109,0
109,1526,0
110,249,0
1972,110,0
110,1973,1
111,111,1
111,300,1
111,305,1
111,631,0
877,111,0
111,878,1
879,111,0
111,1370,0
112,635,1
112,636,1
112,638,1
112,1012,0
112,1616,0
113,113,1
113,1549,1
114,29,1
114,114,1
114,492,1
114,550,1
114,862,1
863,114,0
114,1416,1
114,1588,1
114,1975,1
1976,114,0
114,1977,1
1978,114,0
114,1979,1
114,1980,1
1981,114,0
114,1982,1
114,1983,1
115,28,1
115,179,0
115,270,1
115,383,1
115,562,1
116,116,1
116,317,0
116,961,1
116,962,1
117,117,1
117,1737,0
117,1984,1
117,1985,1
117,1986,1
117,1987,1
117,2159,0
1847,118,0
119,494,0
119,1988,1
1989,119,0
119,1990,1
1991,119,0
119,1992,1
119,1993,1
120,120,1
120,984,1
985,120,0
120,986,1
120,999,0
120,1522,0
121,121,1
121,446,1
121,484,1
485,121,0
121,487,1
122,122,1
122,1261,1
122,1996,1
11,123,0
123,123,1
123,272,1
123,320,0
123,412,1
123,413,1
123,420,1
123,780,1
124,183,1
125,116,1
125,139,0
125,421,1
750,125,0
125,1056,1
125,1226,0
125,1362,0
126,847,1
126,1654,0
2016,126,0
2017,126,0
126,2018,1
127,1017,0
127,1023,1
127,1187,0
127,1635,0
127,1654,0
2019,127,0
128,1585,0
128,2010,0
2020,128,0
128,2021,1
128,2022,1
128,2023,1
128,2024,1
128,2025,1
128,2026,1
128,2184,0
129,106,1
469,129,0
129,479,1
129,480,1
129,481,1
129,525,0
129,1071,1
1401,129,0
129,1755,1
129,2027,1
129,2028,1
129,2029,1
130,130,1
131,131,1
131,1588,0
2030,131,0
131,2031,1
132,132,1
132,1942,1
1946,132,0
2032,132,0
132,2033,1
133,106,1
133,235,1
237,133,0
479,133,0
133,480,1
133,481,1
133,1429,1
133,1431,0
133,1634,0
133,1881,0
134,98,1
134,134,1
134,180,1
134,181,1
182,134,0
227,134,0
134,228,1
227,135,0
135,537,1
135,1780,1
135,2037,1
135,2038,1
2039,135,0
2040,135,0
2041,135,0
135,2042,1
135,2043,1
2044,135,0
135,2045,1
136,412,1
137,2046,1
2047,137,0
138,287,0
138,901,0
138,1127,0
138,1465,0
138,1974,0
139,874,0
139,1358,1
139,1674,0
139,1771,0
139,2049,1
140,8,1
140,106,1
140,479,1
1212,140,0
140,2050,1
2051,140,0
140,2052,1
141,310,0
141,372,0
141,1121,0
141,1628,0
142,650,0
142,1216,1
52,143,0
270,143,0
143,378,0
143,386,1
143,469,1
143,479,1
143,481,1
143,578,0
780,143,0
143,916,1
143,1264,0
143,1328,0
1419,143,0
1643,143,0
143,2132,0
50,144,0
144,387,1
144,480,1
144,481,1
144,1132,1
144,1870,1
144,2057,1
144,2058,1
145,145,1
689,145,0
737,145,0
145,900,1
145,969,1
145,2099,0
146,1101,1
146,1513,1
146,1514,1
146,1587,1
146,1802,1
1857,146,0
146,1858,1
146,1860,1
146,1861,1
146,1863,1
1864,146,0
1866,146,0
147,1594,0
148,1719,0
148,2072,1
149,955,1
1280,149,0
149,2073,1
149,2074,1
150,150,1
150,1657,1
150,1694,1
150,2081,1
150,2082,1
2083,150,0
151,151,1
151,2093,1
151,2094,1
152,109,1
152,152,1
152,203,1
152,474,1
152,475,1
488,152,0
152,646,1
152,847,1
152,873,0
152,1520,1
152,1538,1
152,1662,1
152,1766,1
1767,152,0
1769,152,0
152,2084,1
152,2095,1
152,2096,1
152,2097,1
152,2098,1
152,2099,1
152,2100,1
2101,152,0
152,2102,1
152,2103,1
2104,152,0
2105,152,0
152,2106,1
153,1,1
153,8,1
153,61,1
153,106,1
153,123,1
153,129,1
153,396,1
420,153,0
456,153,0
480,153,0
481,153,0
652,153,0
153,653,1
153,780,1
153,781,1
153,832,1
153,1033,1
1034,153,0
1178,153,0
153,1310,0
153,1552,1
153,1557,1
153,2003,1
153,2150,1
153,2151,1
153,2152,1
153,2153,1
154,679,0
154,1167,0
154,1265,1
2158,154,0
154,2159,1
2160,154,0
2161,154,0
155,155,1
155,486,0
155,628,0
947,155,0
155,949,1
155,1025,1
156,6,1
156,83,1
156,103,1
156,156,1
156,168,1
185,156,0
186,156,0
187,156,0
188,156,0
189,156,0
225,156,0
156,346,1
397,156,0
156,401,1
156,441,1
156,457,1
156,505,1
156,506,1
156,507,1
156,508,1
539,156,0
156,549,1
553,156,0
156,561,1
156,563,1
570,156,0
156,597,1
156,599,1
603,156,0
156,611,1
156,615,1
156,633,1
156,646,1
652,156,0
156,656,1
156,757,1
767,156,0
156,768,1
156,769,1
770,156,0
156,771,1
774,156,0
775,156,0
156,776,1
156,777,1
156,778,1
779,156,0
781,156,0
1115,156,0
156,1181,1
1325,156,0
156,1368,1
1433,156,0
156,1435,1
1437,156,0
1438,156,0
1440,156,0
156,1455,1
156,1463,1
156,1465,1
156,1466,1
156,1467,1
156,1470,1
1586,156,0
1598,156,0
156,1714,1
156,1800,1
1867,156,0
156,1868,1
1923,156,0
156,2034,1
2166,156,0
156,2167,1
156,2168,1
156,2169,1
2170,156,0
156,2171,1
156,2172,1
156,2173,1
156,2174,1
2175,156,0
156,2176,1
156,2177,1
156,2178,1
1772,157,0
158,532,1
158,538,1
556,158,0
158,557,1
158,558,1
158,617,1
158,946,1
159,1009,0
159,1831,1
159,2179,1
159,2180,1
2181,159,0
159,2182,1
2183,159,0
159,2184,1
159,2185,1
159,2186,1
159,2187,1
160,387,0
160,1524,1
160,1846,0
160,2188,1
2189,160,0
160,2190,1
161,255,0
872,161,0
162,510,1
162,514,1
2191,162,0
162,2192,1
164,164,1
164,647,1
648,164,0
164,649,1
650,164,0
164,651,1
2193,165,0
166,267,1
166,792,0
166,2041,0
166,2194,1
167,167,1
945,167,0
167,1007,1
167,1009,1
82,168,0
827,168,0
168,1069,1
168,1118,1
168,1531,1
1732,168,0
168,1733,1
168,2053,1
2054,168,0
168,2055,1
2195,168,0
168,2196,1
2197,168,0
168,2198,1
169,1004,1
169,1005,1
169,1006,1
170,170,1
170,207,0
170,1086,1
170,1254,0
170,1896,1
170,2199,1
171,226,1
171,269,0
171,845,1
958,171,0
171,1381,0
171,1577,0
2200,171,0
172,893,0
172,994,0
172,1108,0
1496,172,0
172,1926,0
172,2109,0
172,2201,1
173,1279,0
173,2147,1
2202,173,0
174,1512,0
174,2056,1
174,2147,0
174,2203,1
174,2204,1
176,597,0
177,1029,0
178,985,0
180,1172,0
182,375,0
182,515,0
182,919,0
183,1155,0
184,896,0
184,977,0
185,275,0
185,529,0
185,1753,0
186,1050,0
186,1274,0
186,1607,0
187,554,0
187,1783,0
187,1956,0
191,1740,0
192,755,0
192,1422,0
192,2169,0
194,1060,0
195,246,0
195,693,0
196,589,0
198,1692,0
199,1480,0
200,1083,0
203,1414,0
206,752,0
206,1260,0
207,2188,0
208,250,0
208,814,0
209,1818,0
210,1048,0
211,1436,0
211,1816,0
212,1904,0
214,909,0
215,1218,0
216,1252,0
217,1904,0
217,2117,0
223,1781,0
224,850,0
226,1910,0
227,1691,0
228,1442,0
231,1250,0
235,1851,0
237,1072,0
237,1407,0
240,1940,0
240,2126,0
242,524,0
245,697,0
245,930,0
245,946,0
247,391,0
247,850,0
247,878,0
250,2196,0
251,530,0
251,1098,0
254,707,0
256,2177,0
257,308,0
258,1815,0
260,844,0
260,1629,0
261,1900,0
261,2004,0
262,453,0
263,1365,0
263,2004,0
264,320,0
265,399,0
266,1448,0
266,1804,0
267,1569,0
268,884,0
268,977,0
268,2198,0
271,483,0
271,1002,0
272,529,0
273,1810,0
274,329,0
274,2127,0
275,467,0
278,299,0
280,2100,0
281,510,0
285,770,0
285,1222,0
286,1940,0
287,649,0
288,316,0
288,605,0
288,1034,0
288,1697,0
288,2157,0
290,304,0
292,1357,0
294,688,0
296,1721,0
297,708,0
297,905,0
300,978,0
301,2092,0
302,331,0
302,1273,0
302,1641,0
303,1388,0
305,614,0
305,1089,0
306,1845,0
307,454,0
307,949,0
307,1332,0
309,1945,0
310,1885,0
310,1904,0
312,1752,0
315,729,0
318,2038,0
319,669,0
319,1680,0
321,484,0
322,1260,0
322,2169,0
323,514,0
323,1969,0
324,633,0
324,1692,0
325,788,0
326,635,0
328,1361,0
330,1319,0
333,1534,0
336,532,0
338,1941,0
339,2159,0
340,455,0
343,1447,0
345,821,0
345,1136,0
349,1655,0
350,870,0
351,386,0
352,1439,0
353,703,0
353,2191,0
354,1895,0
357,620,0
357,802,0
358,1898,0
359,964,0
363,1578,0
364,559,0
364,1729,0
365,437,0
366,1411,0
367,1165,0
368,606,0
368,661,0
369,1786,0
371,774,0
371,819,0
371,1726,0
371,2115,0
374,2055,0
375,661,0
375,1512,0
377,587,0
377,988,0
378,1437,0
379,1682,0
382,1537,0
383,1401,0
384,978,0
387,1493,0
387,2070,0
388,1550,0
389,1079,0
390,988,0
391,512,0
391,642,0
393,1085,0
394,880,0
395,929,0
395,1995,0
396,1888,0
399,1412,0
401,654,0
401,1510,0
401,2187,0
402,820,0
405,2066,0
406,1830,0
408,1846,0
409,1265,0
411,1163,0
413,613,0
413,1921,0
414,847,0
416,800,0
416,1069,0
416,1461,0
419,469,0
420,946,0
423,1309,0
424,683,0
424,1566,0
425,936,0
425,2074,0
427,1513,0
428,1324,0
429,2096,0
430,1052,0
430,1398,0
431,834,0
432,1024,0
433,445,0
434,917,0
434,2193,0
436,884,0
436,1085,0
436,1454,0
436,1501,0
436,2117,0
437,1624,0
438,1280,0
438,1433,0
438,2163,0
439,525,0
439,915,0
441,825,0
441,1884,0
442,2101,0
443,1070,0
446,1064,0
447,466,0
447,615,0
447,648,0
447,1960,0
447,1987,0
448,1581,0
449,1321,0
450,1098,0
454,1590,0
460,845,0
462,1009,0
462,1264,0
464,1196,0
465,1558,0
465,2101,0
466,1646,0
470,1165,0
470,2170,0
472,1604,0
473,1274,0
473,2013,0
473,2038,0
475,1641,0
478,2094,0
480,1165,0
481,1576,0
482,1227,0
483,602,0
484,1691,0
486,1376,0
487,720,0
487,767,0
487,1375,0
487,1989,0
488,785,0
488,1466,0
491,1742,0
497,848,0
497,1718,0
498,879,0
498,943,0
499,1907,0
500,697,0
501,1554,0
504,875,0
506,741,0
506,1927,0
506,2089,0
507,534,0
508,763,0
508,1653,0
508,1841,0
510,910,0
511,520,0
511,1702,0
511,1963,0
511,2125,0
512,1682,0
512,1796,0
512,2030,0
514,1162,0
515,1878,0
516,1298,0
519,1253,0
519,1578,0
520,1178,0
520,1489,0
520,1885,0
521,1811,0
524,1367,0
525,642,0
525,2073,0
529,1504,0
529,1901,0
530,668,0
531,1190,0
532,1514,0
533,1167,0
533,2053,0
534,1447,0
536,1839,0
537,1508,0
537,1522,0
537,1962,0
539,574,0
539,2180,0
541,1654,0
541,1896,0
542,1070,0
544,742,0
544,1259,0
546,1502,0
547,830,0
548,1622,0
549,690,0
549,1111,0
549,1250,0
550,1429,0
550,1546,0
553,1621,0
553,2052,0
553,2131,0
554,1786,0
555,1654,0
557,1933,0
561,2124,0
562,1109,0
562,2187,0
567,1364,0
568,1946,0
569,1211,0
572,2109,0
573,838,0
573,1084,0
573,1714,0
575,584,0
575,618,0
576,812,0
578,1665,0
580,1466,0
583,1765,0
585,625,0
586,1278,0
588,1144,0
588,1677,0
588,1733,0
589,1306,0
589,1404,0
589,1660,0
591,667,0
591,1190,0
591,1704,0
597,1430,0
597,1614,0
600,1595,0
601,1468,0
601,1662,0
603,1114,0
603,1272,0
605,1157,0
605,2025,0
606,1014,0
608,1700,0
609,1158,0
610,1847,0
614,2159,0
620,786,0
620,1515,0
621,867,0
622,1336,0
622,1711,0
623,762,0
623,890,0
627,1686,0
629,1674,0
632,1821,0
632,2002,0
633,1104,0
634,1412,0
635,738,0
638,699,0
639,862,0
639,1609,0
642,1655,0
643,2113,0
644,1965,0
645,690,0
645,1386,0
647,1158,0
649,2116,0
650,2089,0
651,802,0
651,1175,0
651,1781,0
654,1383,0
656,1569,0
657,1353,0
659,764,0
662,1438,0
662,1761,0
664,1472,0
666,1384,0
668,1668,0
669,1143,0
669,2009,0
670,831,0
674,727,0
674,965,0
674,2125,0
675,1024,0
676,1385,0
679,1518,0
679,1901,0
681,1685,0
683,1006,0
683,1414,0
684,1341,0
684,2138,0
684,2174,0
685,1151,0
686,1511,0
687,1647,0
689,1199,0
689,1576,0
689,1602,0
690,1992,0
694,1612,0
695,779,0
696,1920,0
697,1677,0
699,1609,0
700,1286,0
702,908,0
703,1289,0
703,1573,0
705,1798,0
706,956,0
706,1826,0
706,2168,0
708,1158,0
710,741,0
712,1162,0
717,1727,0
717,1811,0
718,999,0
718,1274,0
720,1444,0
720,1919,0
722,2131,0
724,1191,0
725,1320,0
727,1400,0
732,1520,0
737,1004,0
738,1802,0
738,2142,0
740,1016,0
741,1665,0
747,1958,0
748,1124,0
749,2077,0
750,1508,0
750,1843,0
751,2153,0
753,936,0
754,1955,0
756,1284,0
756,2178,0
757,823,0
757,1834,0
759,884,0
759,1993,0
761,963,0
761,1693,0
763,960,0
771,1633,0
772,1637,0
773,2200,0
774,1188,0
774,1814,0
777,1220,0
778,1046,0
779,780,0
779,1182,0
780,1823,0
781,829,0
781,888,0
781,1225,0
785,1628,0
786,1966,0
787,1543,0
788,2132,0
790,1712,0
794,1833,0
795,2089,0
795,2156,0
795,2164,0
796,1113,0
796,1304,0
798,2050,0
800,1537,0
800,2181,0
801,1737,0
802,1035,0
804,1132,0
806,1669,0
810,2161,0
813,1232,0
816,1076,0
816,1778,0
817,2155,0
818,998,0
818,1128,0
819,1170,0
820,1241,0
820,1332,0
820,1947,0
821,1659,0
821,1764,0
822,1266,0
822,2149,0
827,1001,0
827,1518,0
828,1396,0
828,2170,0
830,1272,0
831,1144,0
832,1903,0
833,930,0
833,1063,0
835,909,0
840,1127,0
844,1419,0
846,1861,0
847,1282,0
847,1692,0
851,2020,0
857,1909,0
859,1332,0
860,932,0
861,1815,0
862,1596,0
862,1762,0
863,1431,0
864,1041,0
864,1159,0
870,886,0
870,1502,0
870,2024,0
877,1850,0
879,895,0
882,927,0
882,934,0
882,2103,0
891,1967,0
891,1990,0
893,1087,0
902,1055,0
903,1026,0
905,1812,0
905,1813,0
907,1436,0
907,1684,0
909,965,0
910,1642,0
915,1325,0
921,1342,0
922,1839,0
923,1241,0
926,1003,0
926,1248,0
926,1874,0
927,1228,0
927,1442,0
927,1444,0
928,1783,0
929,1615,0
929,2051,0
930,1324,0
932,1531,0
934,1342,0
935,1407,0
936,1418,0
937,1351,0
938,1954,0
941,1111,0
941,1646,0
942,1892,0
947,1565,0
951,1274,0
952,1726,0
952,1954,0
953,2018,0
954,1081,0
955,1391,0
956,1094,0
958,1918,0
961,1478,0
963,1641,0
963,2116,0
964,1522,0
967,1389,0
967,1453,0
968,1626,0
969,1471,0
970,1800,0
971,1172,0
971,1219,0
971,1284,0
973,2086,0
975,1188,0
975,1999,0
976,1563,0
978,1707,0
979,1687,0
980,1725,0
980,1858,0
981,1543,0
984,1316,0
984,1418,0
985,1519,0
985,2198,0
986,1568,0
987,2153,0
989,1567,0
989,2061,0
989,2163,0
994,1169,0
994,1673,0
995,1497,0
996,1612,0
996,1737,0
1000,1579,0
1002,1542,0
1007,1818,0
1007,1995,0
1008,2195,0
1009,1578,0
1010,1441,0
1015,2142,0
1016,1846,0
1017,1515,0
1019,1488,0
1020,1465,0
1021,1610,0
1023,2167,0
1025,1946,0
1026,1504,0
1027,1148,0
1027,2008,0
1028,2161,0
1030,2011,0
1032,1433,0
1035,1261,0
1037,1874,0
1038,1697,0
1042,1798,0
1045,1104,0
1045,1649,0
1045,1780,0
1047,1480,0
1052,1764,0
1054,1589,0
1055,1542,0
1055,1958,0
1056,1428,0
1057,1609,0
1058,1749,0
1059,1802,0
1061,1154,0
1064,1150,0
1064,1183,0
1068,1149,0
1076,1639,0
1078,1688,0
1080,1974,0
1081,1629,0
1083,1529,0
1085,1177,0
1085,2033,0
1089,1434,0
1093,1738,0
1094,1948,0
1096,1263,0
1098,1677,0
1099,1512,0
1100,1895,0
1101,1359,0
1104,1371,0
1109,1825,0
1112,1310,0
1114,2005,0
1116,1272,0
1117,1627,0
1118,1347,0
1119,1893,0
1119,2118,0
1122,1996,0
1123,1885,0
1126,1166,0
1126,2040,0
1128,1352,0
1130,2172,0
1131,1401,0
1131,1466,0
1131,1622,0
1132,1163,0
1132,2018,0
1133,1620,0
1134,1230,0
1140,1461,0
1140,1919,0
1141,1378,0
1142,1205,0
1145,1999,0
1146,1417,0
1148,1625,0
1149,2015,0
1151,2185,0
1152,1177,0
1155,1669,0
1156,1490,0
1159,1664,0
1160,1945,0
1161,1865,0
1162,2138,0
1164,1952,0
1175,1939,0
1176,1548,0
1177,1694,0
1179,1776,0
1182,2160,0
1185,1286,0
1188,1431,0
1188,2130,0
1191,2070,0
1200,1829,0
1202,1437,0
1202,2021,0
1203,2125,0
1211,2122,0
1212,1593,0
1213,1963,0
1216,2092,0
1217,1561,0
1221,1945,0
1222,1286,0
1222,1754,0
1222,2024,0
1223,1981,0
1226,1329,0
1229,1312,0
1242,1857,0
1245,1628,0
1249,2200,0
1251,1254,0
1252,1944,0
1264,1624,0
1269,1508,0
1273,2164,0
1275,1729,0
1277,1743,0
1282,1418,0
1288,1645,0
1289,2057,0
1291,1435,0
1291,1555,0
1293,1482,0
1293,1753,0
1293,2116,0
1299,1425,0
1306,1367,0
1306,2024,0
1307,1995,0
1308,1479,0
1310,1874,0
1310,2088,0
1311,1829,0
1321,1628,0
1326,1895,0
1327,1354,0
1327,1452,0
1329,1890,0
1339,2171,0
1342,1659,0
1345,1828,0
1347,1514,0
1349,1648,0
1350,1657,0
1352,1986,0
1356,2025,0
1358,1999,0
1359,2198,0
1361,1735,0
1361,2087,0
1366,1648,0
1368,1919,0
1374,1494,0
1378,1759,0
1379,1495,0
1379,1753,0
1380,1497,0
1384,1413,0
1384,1695,0
1385,1885,0
1388,1720,0
1389,1879,0
1389,2199,0
1391,1664,0
1400,1604,0
1400,2088,0
1404,1885,0
1406,1707,0
1406,2167,0
1408,2121,0
1415,1527,0
1415,2059,0
1419,1754,0
1423,1435,0
1423,1960,0
1424,1826,0
1428,1882,0
1428,2124,0
1431,2184,0
1432,1966,0
1432,1978,0
1434,2028,0
1435,1610,0
1436,1443,0
1436,1801,0
1448,1862,0
1449,1918,0
1451,1704,0
1452,1851,0
1458,2086,0
1461,1674,0
1468,1493,0
1470,1532,0
1476,2154,0
1481,2009,0
1483,1609,0
1483,1949,0
1490,1907,0
1493,2108,0
1498,1964,0
1500,1650,0
1500,2091,0
1501,2124,0
1503,1760,0
1506,1878,0
1506,2022,0
1507,1980,0
1509,2122,0
1510,1723,0
1516,1753,0
1519,2104,0
1522,1709,0
1523,2117,0
1526,1866,0
1534,1599,0
1536,1713,0
1537,1835,0
1538,1609,0
1538,1836,0
1540,1602,0
1542,1870,0
1546,1805,0
1547,1881,0
1547,1908,0
1551,2192,0
1555,2060,0
1556,1590,0
1566,1819,0
1567,1788,0
1567,1873,0
1573,2034,0
1574,2142,0
1577,1864,0
1583,2043,0
1597,2126,0
1601,2005,0
1602,2184,0
1603,1886,0
1606,1655,0
1610,1718,0
1610,2035,0
1612,1799,0
1614,1676,0
1615,2036,0
1616,1840,0
1618,1714,0
1621,1936,0
1621,1987,0
1626,1695,0
1627,1981,0
1633,1991,0
1637,2008,0
1639,1976,0
1646,1817,0
1653,2136,0
1659,1804,0
1665,1807,0
1668,2050,0
1672,1718,0
1678,1731,0
1678,1898,0
1686,2102,0
1688,1996,0
1690,1860,0
1700,2136,0
1708,2002,0
1711,1954,0
1715,2159,0
1717,1958,0
1728,1876,0
1731,1880,0
1735,2042,0
1736,1751,0
1742,1801,0
1753,1863,0
1757,2044,0
1759,2091,0
1772,1873,0
1783,2018,0
1785,1825,0
1785,2037,0
1804,1981,0
1804,2054,0
1806,2117,0
1811,1827,0
1839,1879,0
1840,2018,0
1853,1934,0
1874,2124,0
1894,2008,0
1894,2037,0
1899,2018,0
1918,2058,0
1925,2201,0
1952,1976,0
1960,2082,0
1967,2045,0
1986,2025,0
1998,2071,0
2006,2010,0
2011,2202,0
2030,2082,0
2042,2062,0
2042,2148,0
2047,2122,0
2095,2155,0
2103,2196,0
2110,2159,0
2126,2198,0
